50 8
40 -0.26746967 0.46361622 1.014678 -0.026865976 0.43876547 -0.2892343 -0.6071134 0.041217655
23 -0.47241795 0.591788 0.8916463 -0.28570932 0.5764115 0.1743474 -0.4096207 0.016978895
17 -0.640323 0.26130593 0.9184731 -0.54095703 0.51081437 0.47293705 0.31218666 0.14926024
1 -0.6887894 0.485078 0.8957652 -0.4370289 0.7119912 0.5488969 0.063075244 -0.22185972
28 -0.7845129 0.73977 0.91869265 -0.7216221 0.46069285 0.71610224 0.42789233 0.22321051
42 -0.716899 0.27963546 1.0485008 -0.608572 0.7223102 0.7188959 0.039797768 -0.3405332
12 0.51288044 -0.43371624 0.40009862 1.176946 0.6175368 -0.013946573 -0.41643113 -0.49489927
43 -0.61981636 0.57459414 0.9499193 -0.59110004 0.6459185 0.62703705 -0.10390901 -0.060272366
45 -0.53903633 0.29042652 1.1189637 -0.64391726 0.46685907 0.77841717 0.48352855 -0.13903923
27 -0.38436815 0.38163033 0.9603023 -0.7372411 0.70555073 0.84587705 0.7858021 -0.11130718
19 -0.6409114 0.34636515 0.84981924 -0.21370137 0.62022865 0.20598033 -0.055170592 -0.037449367
39 -0.71041626 0.6759327 1.0496241 -0.53186744 0.82635444 0.33021453 -0.48663974 -0.28148806
6 -0.473051 0.24088283 0.949864 -0.17168209 0.24336818 -0.3390341 -0.36719245 0.5632531
49 -0.5532714 0.3708124 0.7397127 -0.28704634 0.4975297 1.2083784 0.8782017 -0.2692475
2 0.27030706 -0.046566263 0.41554832 0.86097103 0.26116025 -0.8795577 -0.8630881 0.6799666
41 -0.35286984 0.22569251 0.80664116 -0.2667738 0.6061425 1.0625674 0.89547753 -0.40917107
15 0.04115678 0.44910094 0.6930983 0.3823207 0.60730404 -0.21430522 -0.5747694 -0.14469151
0 0.26478717 0.04273101 0.1352404 1.1121645 0.28407064 -0.6517874 -1.0495034 0.7312726
46 -1.0154247 0.55808306 1.1819046 -0.72505397 0.6358478 0.57749 0.030718869 -0.278787
16 0.31469542 -0.1538832 0.16774309 0.29446694 0.2831218 0.41846654 0.19096796 0.74345636
11 -0.04810229 -0.33216712 0.14020409 0.38949683 0.13612686 1.3311566 0.94304824 0.2809219
3 0.42647436 -0.04339353 0.26491427 1.0983945 0.24764575 -0.736516 -0.96387404 0.73253477
36 -0.5877128 0.3451501 1.0064447 -0.68983895 0.7955474 0.7872594 0.3186759 -0.3129903
44 -0.50615466 0.44435984 1.0630478 -0.8166952 0.5896659 0.82813615 0.3497188 -0.022944177
34 0.046784274 0.018877352 0.73306537 -0.44320223 0.7708306 1.0960224 0.41923347 -0.22053857
4 -0.36563224 0.19915941 0.4300709 -0.042675305 0.19100083 1.3089414 1.3927972 0.16702214
31 -0.6486548 0.651575 1.1472734 -0.710235 0.6668766 0.56631833 -0.08514288 -0.21816419
21 0.6680238 -0.59893626 -0.17345282 1.6872375 0.30993408 -0.15315062 -0.5370523 0.4112763
26 -0.7596535 0.387064 1.0796918 -0.30244473 0.47901872 -0.36459383 -0.14192109 0.23563911
18 0.5280371 -0.34892204 0.1232529 1.5450351 0.13042045 -1.0657336 -1.22253 0.9296297
29 1.0598192 -0.45429322 -0.38777548 1.7238787 -0.046325896 -0.3596534 0.07489137 1.2567935
24 -0.39957434 0.42287475 1.057819 -0.03665078 0.66768444 -0.46148062 -0.8161374 -0.13823003
38 -0.08762703 0.059354946 0.8129372 -0.15399404 0.6604686 1.2144822 0.5989674 -0.6343363
7 0.44918257 -0.20884368 -0.18971169 1.3363907 -0.18814082 -0.5558729 -0.386639 1.5089793
48 -0.6862478 0.58853143 1.010263 -0.75070137 0.7418082 0.76267004 -0.108728245 -0.1854873
25 1.2248406 -0.59706575 -0.29805687 1.3981016 -0.020817908 0.21595198 0.21840462 1.0850661
30 0.4962207 -0.30179128 0.20489812 1.4718167 0.2713936 -1.1031256 -1.1976975 0.7274735
5 -0.3984457 0.3928801 0.42010742 -0.06388747 0.35635805 0.5943175 1.0169438 0.40697563
9 0.8349377 -0.6743248 -0.048866533 0.9411381 -0.0070032766 1.0378456 1.1355319 0.53031564
47 -0.5207875 0.22079684 0.9628019 -0.42646614 0.63318527 1.028248 0.5265485 -0.44905692
14 0.7162371 -0.52612704 -0.4635762 1.1990739 -0.15388413 1.3306313 0.82615376 0.8022424
13 1.2547495 -0.4904143 -0.5247969 1.7975717 0.14250413 -0.3883671 -0.25978708 1.3053782
22 0.5375817 -0.63486516 -0.14524005 1.6711369 -0.033576034 -0.7405173 -0.2680472 1.1635442
8 0.21271086 -0.04304331 0.119318224 0.9786302 0.0017482341 -0.892856 -0.63644344 1.3790879
32 1.0471878 -0.48254335 -0.42101297 2.0096142 -0.12500899 -0.59229845 -0.09038807 1.3358872
33 1.03227 -0.617434 -0.32716975 2.0062337 0.0854183 -0.42437467 -0.5069783 0.8176255
35 1.1762708 -0.5798019 -0.3248119 1.865888 0.05183573 -0.4396629 -0.05534361 1.0612328
37 0.943979 -0.99528325 -0.22755903 2.002491 -0.07590357 -0.8043279 -0.058592655 1.1967864
10 0.057440504 -0.11709609 -0.422194 1.084429 -0.33403262 -0.039393205 0.3244773 1.7536961
20 -0.2372981 -0.5884727 -0.01853964 0.7482581 -0.22122094 0.25082222 1.2191905 1.2269307
