50 8
43 -0.29426998 -0.53364974 0.5270262 -0.12130801 1.4962246 0.34690413 0.31850186 0.06064532
39 0.28188458 -0.032355577 0.16250733 0.6950788 1.1777055 0.8310758 0.36367667 -0.60119164
24 0.6996043 0.494642 0.7428209 0.71893716 0.014291352 0.37617928 -0.18598326 0.015278168
40 0.34047684 0.36607692 0.2638192 0.7516151 1.053291 0.4789088 0.13007958 -0.2761178
28 0.16256455 -0.00968664 0.24077137 -0.5957357 0.76833785 0.8761907 0.32790494 0.047990095
49 -0.4146259 -0.45761672 0.82453465 -1.417072 0.4521387 0.6279822 0.4749763 0.3170465
23 1.0005183 0.25967464 0.60230297 -0.014127389 0.1902686 0.69646335 -0.0138709815 -0.04340791
1 0.25122222 -0.36927116 0.7826828 -0.90641034 1.2218814 0.48269597 0.59094846 -0.36383858
25 0.74500144 0.2532672 0.67114913 -0.52557033 0.8298328 0.7743893 -0.4385053 -0.2619359
38 0.44191134 -0.16882241 0.50055856 -0.87831473 0.9314235 0.77556235 0.40823308 -0.13880785
48 0.71639705 -0.09197634 0.46777558 -0.7674874 0.39942607 1.149331 0.0074684923 -0.027436312
19 -0.026362743 0.70741194 0.52289575 1.1223018 0.36301622 -0.017195618 -0.2110384 0.39091608
34 0.37286764 -0.24227029 0.8538383 -1.2155858 1.0522918 0.83612967 -0.28280735 -0.24804392
29 0.53584015 0.14508665 0.49657083 -0.6960088 0.8552126 0.9677886 0.10162134 -0.49501324
31 -0.8035329 -0.07165474 0.13628276 0.50094795 0.9891968 0.6130827 0.5645116 -0.110452265
44 -0.009633294 -0.34000215 0.33483863 -0.18428752 1.510861 0.6311342 0.5276707 -0.35758242
36 0.22228906 -0.09821692 1.0263317 -1.0795456 0.9073983 0.70312864 -0.24080269 -0.46193004
41 0.25501496 -0.08029648 0.29742995 -0.8778521 0.03444632 1.0412633 0.45260292 0.38319844
20 -0.028949428 -0.63796604 0.5314761 -1.2570223 0.13355744 0.8197211 0.8067354 0.6530815
27 -0.53317875 -0.2216737 0.28261778 -1.0527036 0.4192338 0.44240257 1.0658264 0.83614707
14 1.4724762 0.6104446 1.0771422 -0.44270667 -0.48706555 0.6075333 -0.70653605 0.29137418
42 -0.64686424 -0.28406706 0.4197129 0.10352331 1.0315804 0.53140247 0.33618984 -0.033399437
4 0.40503243 0.031669237 0.9158583 -1.177424 -0.61904156 0.6653289 0.25054327 0.61687416
18 -0.41181275 0.7447426 0.46600255 1.4637814 -0.011581651 0.021508709 -0.048039313 0.52196586
12 0.18980858 1.2196857 0.20545624 1.4387909 0.17447007 0.20851156 -0.028937262 0.13699628
26 -1.2546872 0.21152698 0.05465597 0.17432274 0.5493453 0.06389268 1.0825311 0.79667073
33 0.38285977 0.75018585 0.829306 1.2306852 -0.8219905 0.37085876 -0.5523804 0.4670694
15 -0.310107 0.80810094 0.48145545 1.4191006 -0.19787426 -0.03031666 0.2769102 0.46297514
35 1.0141535 0.21602066 1.3068345 0.9439589 -0.5149428 0.007477238 -0.34838966 0.31270117
45 -0.33771688 -0.3279214 0.67122537 -0.28818014 1.3653247 0.72392726 0.3222484 -0.84859425
6 -1.2789735 0.38078493 0.05749273 -0.13408677 0.38547206 0.3358193 0.70192224 0.7215375
30 -0.91216695 0.37514982 0.34566528 1.3108382 0.63395965 0.11958392 0.10185846 0.23110494
21 0.5338253 0.81979233 0.7516672 0.9058743 -1.4327236 0.52569276 -0.48926115 0.9356945
13 -0.44328022 0.38713348 0.016150897 1.1649814 1.0098776 0.07879866 0.39118725 0.4065446
16 -0.9513227 -0.28423172 0.15417467 -1.208481 0.3237393 0.8253228 0.7329678 0.88765985
10 -0.36459914 0.96638656 -0.17739698 0.5346594 -0.72837377 0.66648495 0.6502903 0.95529866
7 -0.3354312 0.87299794 0.23337266 1.6662742 -0.41764978 -0.062142458 0.41411382 0.94154674
8 -0.9284713 0.34002388 -0.08658212 1.4844337 1.0127051 0.38519925 0.3575389 0.08383486
32 0.24772318 0.8821104 0.7486593 1.6468079 -0.25377217 0.08837585 -0.39881775 0.21218114
11 -0.22851703 -0.35570863 1.0952028 -1.848463 -0.56943107 0.7098177 0.47383338 0.6638651
9 0.20883173 -0.12888062 0.8163021 -1.3750446 -0.56053877 0.40275624 0.9344738 0.9195281
37 0.18630715 0.81262285 0.91073483 1.6178467 -0.969267 -0.037499625 -0.29667205 0.776815
17 -1.7641268 -0.20358932 0.3759379 -0.44471595 0.093644954 0.17325045 1.1557928 0.9271964
22 0.62084454 0.6005389 1.139978 0.38959002 -1.5960821 0.41073087 -0.35168278 0.82476276
3 0.46032518 1.2088321 0.5634689 1.8127569 -0.32790768 0.049776413 -0.43968004 0.45359328
0 0.10944407 0.9313435 0.86486465 1.855917 -1.0980021 0.03622182 -0.3705716 0.7344831
5 -0.7332058 0.41769555 0.5772129 -0.8389563 -1.1716768 0.19218269 0.93869305 1.4836533
2 0.32136482 0.8111589 1.0108546 1.5549755 -0.9430054 0.013634328 -0.4097741 0.5789481
47 -0.5077157 -0.9493528 0.8746666 -0.26712456 1.2309655 0.46886626 0.6696616 -0.4031885
46 -1.3863757 -0.17610331 0.73534304 -1.560598 -0.13139643 0.29768646 0.7882394 1.0752403
