50 8
23 0.48517355 0.02996121 0.97370607 0.252164 0.70486075 -0.09143678 -0.44372997 -0.44111618
19 -0.1239782 0.22061147 0.5608953 -0.22382624 0.34796923 0.5539902 0.2178697 0.56230587
24 0.0598317 0.26821548 0.7154342 0.123062186 -0.10603234 0.82301235 0.31993786 -0.086942114
2 0.7324488 0.09369318 1.1765004 0.6070707 0.23116834 -0.5761862 -0.26235208 0.03393484
42 -0.3802569 -0.014866617 0.53711337 -0.022811394 0.67579424 0.13049068 0.03730145 0.63395494
43 -0.6715529 -0.0008883473 0.34816 -0.32372543 0.87707406 0.7495549 0.017989933 0.22889467
1 -0.63436055 -0.0783473 0.50112975 -0.35827264 0.48979238 1.1353183 0.40313742 -0.131895
39 0.11797995 0.26851746 0.77612406 0.47145727 0.5174397 -0.3484073 -0.06430662 0.23622419
28 -0.6127885 0.4620475 0.8615905 -0.6412023 -0.041847844 1.1005412 0.69418806 -0.37731132
41 -0.32716727 -0.054286238 0.6275914 -0.21216021 0.8804498 0.8924888 -0.1792578 -0.8398817
26 0.25342566 -0.59686166 0.48380548 0.7931336 0.9277596 -0.42767945 -0.17547624 0.97548443
34 -0.44824317 -0.16578399 0.6073296 -0.758369 0.45615923 1.4193496 0.42218363 -0.25784162
18 0.49864802 -0.13402647 0.72430146 0.8584704 0.2822721 -0.58162093 -0.25171712 1.1757368
17 -0.26760185 0.60700643 0.6344286 -0.4746974 0.057223007 0.03484135 0.22378017 1.7684149
4 -0.7576368 0.43288818 0.72206455 -0.759697 0.21210064 1.2077476 0.28635594 -0.34914407
25 -0.15037781 -0.42634726 0.57369566 0.12613271 0.91588765 0.8345116 -0.60761225 -0.83546346
20 -1.1954794 0.34101155 0.48604342 -0.48298958 -0.08854192 0.8151655 0.690414 0.96566737
30 0.45242414 -0.1863221 0.73059464 1.1855932 0.6386749 -0.6739406 -0.8869481 0.5265107
40 0.5401155 0.25015616 0.91450584 1.3211386 -0.04449355 -0.5088612 -0.25716984 0.2010699
36 -0.99364835 0.21790722 0.5612286 -0.5523816 0.24561602 1.3165776 0.29004988 -0.32017538
14 -0.41252872 0.28622472 0.8705995 -0.67967963 0.42232835 1.0544685 0.08685671 -0.7639912
9 -0.38362762 -0.22517169 1.0482148 -1.0748807 0.20704997 1.2380886 0.69925886 -0.59826785
12 0.524632 0.42891285 0.9354831 1.3280226 0.12182714 -0.7108792 -0.42697498 0.0631627
27 -0.44926384 0.10164134 0.62786716 -0.8338282 0.40004373 0.833991 0.6896538 0.56822985
0 0.8809311 0.106509306 0.90953237 0.65146196 0.5010004 -0.61225545 -0.18524136 0.65418243
49 -0.5780191 0.27235046 0.6249267 -0.5811758 -0.016371453 1.3402818 0.6717332 0.010500084
16 0.21431203 -0.41860124 0.4608431 -0.47952244 0.9468115 0.57598126 0.2214547 0.8095853
22 0.4842876 0.054326337 0.76450044 1.0624257 0.7429945 -0.43879798 -0.96257037 -0.17407343
45 -0.8060051 0.243915 0.8114963 -0.20131624 0.4804038 0.5530846 -0.014987438 -0.7133797
44 0.22550876 -0.60849196 0.6052553 1.112327 0.8051909 -0.2205811 -0.7324698 0.014370885
3 0.9705521 0.40842772 0.91872054 1.1741289 0.083669275 -0.6787158 -0.18718316 0.6594439
15 0.6726739 0.4787235 1.0750216 0.45433378 -0.3792747 -0.32779005 0.44524106 0.78934383
8 0.21219917 -0.26781398 0.08989541 1.024463 0.6887897 -0.09567619 -0.26181617 1.669227
5 -0.818246 0.6972716 0.5373466 -0.57276416 -0.07807477 1.1320925 0.71429676 0.37144223
38 -1.1922017 0.77960753 0.4752896 -0.32760277 -0.5627165 0.87356174 0.9318188 1.207138
6 -0.05962039 -0.062133733 0.5267637 0.3016386 0.19758832 -0.054987334 0.27609915 1.4614553
29 0.2434203 -0.37417307 0.35696068 -0.12194889 1.1069902 0.48096627 -0.1952501 0.6804858
47 -0.30689818 -0.21399729 0.17118624 -0.36743507 0.81629086 1.7363775 0.06123132 -0.26513365
35 0.056928027 0.04913895 0.9779445 1.1807134 -0.023614543 0.33124515 -0.18393631 -1.3974168
33 0.24263175 -0.231777 0.9430697 0.8381479 0.35997203 0.5312155 -0.026470361 -1.5228165
32 0.047098443 -0.005806065 0.4263873 2.0394154 0.48919165 -0.25592908 -0.6821298 -0.38566455
31 -0.023297107 0.23185292 0.721307 1.2223152 0.25743422 -0.69575244 -0.67348045 0.56597346
7 0.46644273 0.15202889 0.48129144 1.0409534 -0.15074131 -0.081413016 0.3779067 1.4864607
21 0.18288353 0.033413544 1.1266128 1.3432397 -0.5178932 0.04219712 -0.35378763 -0.82821184
13 -0.6595071 0.3238334 -0.032971717 1.7258565 0.2985682 -0.0068274788 -0.702299 1.0661541
37 0.56288564 0.53882706 1.3596625 1.3869799 0.02288563 -1.1084354 -0.8585484 -0.5655398
10 -0.9554009 0.37756014 0.07156773 0.98318 -0.9033186 0.8261549 0.84310824 1.7683566
46 -0.900504 0.29193723 0.9393535 -0.43689975 0.4194291 -0.08953617 -0.4677011 0.16157995
11 -0.7187642 0.25168243 0.890492 -0.5204667 0.17782187 1.4828346 0.042224307 -1.4799931
48 0.86312246 -0.23302068 0.9965753 -0.40946442 0.85708076 -0.31131077 0.07811673 0.66506076
