50 8
16 -0.06644887 0.3109357 0.14692897 0.02779851 -0.7528566 -0.79873914 0.14986138 -0.83806795
24 0.2130669 0.45358226 0.0868898 0.35109642 -0.054973494 -0.77543956 0.1743329 -0.19052681
43 -0.39340582 0.0895895 0.33521593 0.20086157 -0.37168252 -0.60812676 0.003354878 -0.94784486
23 0.023102986 0.5671038 -0.118083306 -0.034959298 -0.6668418 -0.9995795 0.34057435 -0.39623314
28 -0.66289765 0.042090125 0.3368161 0.1758342 -0.3447906 -0.55126125 -0.13538024 -1.1058632
40 -0.1615885 0.77975017 -0.22035204 0.024635106 -0.46364078 -0.69431776 0.27593 -0.19493097
42 -0.66142815 0.43613625 -0.2228964 0.23373273 -0.48951307 -0.6593814 0.051936287 -1.2142977
19 0.598368 0.81715554 0.26445657 0.14062567 -0.22968617 -0.5274441 0.28117612 0.86468285
1 -0.56022906 0.3322737 -0.097960554 0.3956718 -0.40878344 -0.51324636 0.09314162 -1.189931
44 0.11731994 0.7424275 -0.16567957 0.03652767 -0.81288815 -0.7650755 0.20197679 0.26292482
45 -0.3867908 0.30855882 0.09107997 0.2526989 -0.089785375 -0.6615967 -0.021354374 -1.1770785
6 -0.44592145 0.3978256 -0.24588388 0.32759273 -0.6058812 -0.7348514 0.115778774 -0.6443882
38 -0.84037584 0.4483575 -0.11599607 0.39006102 -0.3910594 -0.2840142 -0.13034227 -1.1316751
46 -0.6224828 -0.18258227 0.4858525 0.38842264 -0.34517968 -0.49996364 -0.36364913 -1.1261976
8 0.21107893 0.5154572 -0.2927534 0.27758744 -0.98483926 -0.97637445 0.16951089 -0.1433003
36 -0.7711548 0.22637588 0.108294345 0.46634862 -0.5012887 -0.27194545 -0.017680837 -1.2726417
41 -0.8545688 0.5408954 -0.22353071 0.6098387 -0.28932095 -0.07737661 -0.060820904 -1.1447201
34 -0.821223 0.19206236 0.03323287 0.53242 -0.5627617 -0.2708162 -0.23841585 -0.99686253
17 -0.55676323 -0.31299654 0.76873547 0.32482326 0.020586394 -0.5307437 -0.34449592 -1.0058236
39 -0.7757409 0.42848167 -0.29192084 0.3365118 -0.7878485 -0.5568074 -0.04383173 -1.0405984
4 -0.9285896 -0.14567955 0.6073871 0.4378045 -0.0003152686 -0.21036166 -0.3518035 -1.1574455
20 -0.5420757 -0.12499256 0.6375736 -0.040011644 -0.007157722 -0.7856183 -0.19103438 -1.0433625
18 0.36972225 1.0419298 0.478758 0.27442974 0.23001517 0.0048232893 0.28193092 1.2614442
27 -0.7898283 0.15500094 0.17311887 0.48587123 -0.43551755 -0.20214123 -0.22247347 -1.1861324
48 -0.36817107 0.7004607 -0.4818318 0.41708428 -0.6555167 -0.5448058 0.027497647 -0.9345836
10 0.17745686 0.550851 1.2097535 0.36529762 0.6420924 0.40229136 -0.12823099 0.9873125
31 -0.47431934 0.4849216 -0.46849746 0.41489276 -0.8003552 -0.8116668 0.081434004 -0.91811943
26 0.038996696 0.5560353 -0.1233015 0.19362587 -0.6881507 -0.7560706 0.37427664 -0.46496305
49 -1.0273077 -0.22938739 0.6448026 0.30293468 -0.24891387 -0.21133566 -0.5041864 -1.3254994
25 0.40411052 0.8484883 0.53551084 0.5915244 0.11505511 0.14020617 -0.25760913 1.3682519
15 -0.03875906 0.26097566 0.77555084 0.35564297 0.69009066 -0.24870789 0.14543413 0.14404993
29 0.29169595 1.1075852 -0.51359636 0.060949795 -0.7593952 -0.80424356 0.6441529 0.19409744
47 -1.0074636 0.2461207 -0.090900265 0.5920898 -0.50061977 -0.21999735 -0.31289944 -1.3286718
12 0.9505795 1.0482596 0.75926006 0.21808371 0.26092374 -0.17506492 0.20985273 1.831064
13 0.23352708 1.3072658 0.17370842 0.29099968 0.044080917 0.07959187 0.29054976 1.4526818
14 -0.46051943 0.24709561 1.4213799 0.4996285 1.1732148 0.63616127 -0.55634415 0.44431722
7 0.78988165 1.2183018 0.6374733 -0.0043718647 0.3886716 -0.23649296 0.25092462 1.7416288
30 0.7197609 1.3724767 0.097293645 0.3190148 0.028180886 -0.15075395 0.4784235 1.4899763
3 0.99069864 0.9925247 0.71165276 0.1986285 0.29483473 -0.29154485 0.23958187 1.5191709
21 0.5495452 0.5821684 1.4932188 0.180825 0.6431694 0.15381809 -0.054672755 1.7280793
9 -0.81320465 -0.1030706 1.5919731 0.42428222 0.5128472 0.63798505 -0.8517059 0.50850064
5 -0.67163455 -0.2385221 1.3640443 0.8231242 0.9547251 0.57436615 -0.74902284 -0.2935684
22 0.6775891 0.54063815 1.5961412 0.3413634 0.76179826 0.2495168 -0.15531997 1.7620004
2 0.73886114 0.76878446 1.1972598 0.31900424 0.6183432 0.15806726 0.02211305 1.836429
0 0.7720257 0.6318186 1.4056857 0.04065149 0.7147081 -0.16281413 -0.016743578 1.6128472
11 -1.1448015 -0.55365664 1.2376945 0.44354382 -0.036273174 0.19154522 -0.763998 -1.0854784
37 0.67472064 0.63626313 1.7024361 -0.051626727 0.86219347 0.017151136 0.02870002 1.9293594
33 0.47262955 0.6996303 1.6068414 0.3356901 0.73957545 0.5092835 -0.020240886 1.9606054
35 0.48754624 0.8280936 1.2498213 0.3891221 0.605197 0.31928524 -0.062489852 2.1144907
32 0.4134867 0.7587324 1.4524516 0.4776566 0.71696544 0.60554194 -0.0927312 2.1386507
