50 8
19 0.25657147 0.17961945 0.21121046 0.8657385 0.07643592 -0.2839981 -0.52684975 0.36874855
42 -0.05907626 -0.1670564 0.971818 -0.56373787 0.72087926 0.32452604 -0.0791281 -0.3335588
38 0.00066772354 0.18166338 0.8713002 -0.55056494 0.7300381 0.7846323 0.44234675 -0.49869314
1 0.12738925 0.03418417 1.0204171 -0.46987677 0.72753173 0.7344897 0.27696523 -0.7835638
46 0.067383386 0.0909482 1.1522186 -0.62215304 0.6465535 0.49931622 0.09148531 -0.65406966
44 -0.33455124 0.3172555 0.6382456 -0.3237827 0.5990223 1.0479097 0.6783298 -0.25593463
23 0.058142975 0.20272367 0.65819544 -0.18156853 0.5515318 0.50320077 0.028680686 -0.27457547
27 -0.065343015 -0.07631183 1.0987223 -0.90417063 0.8973259 0.7236831 0.37258726 -0.42749816
20 0.31070063 -0.43721625 0.9678407 -0.36303696 0.52407646 0.34095633 0.11920254 -0.1816722
36 0.11355047 -0.12665537 1.107011 -0.6780582 0.7324421 0.5095409 0.12193775 -0.5730593
24 -0.09496982 0.33187485 -0.22599451 1.3668844 -0.21749371 -0.15465982 -0.39929998 1.1046301
17 0.10072356 -0.14270554 1.0251426 -0.7505364 0.7800034 0.51812816 0.2720427 -0.26930574
45 -0.10663762 -0.067672215 1.2296928 -0.8400504 0.6112207 0.5448489 0.37284866 -0.39157578
31 -0.68833655 0.35210514 0.40363377 0.038764108 0.31451494 0.7476137 0.5173305 0.18719956
6 -0.4920604 0.39040452 0.5511694 -0.17050225 0.53635174 0.71120775 0.6273325 -0.09387395
8 -0.6278626 0.34219998 -0.17090902 0.8129282 0.16976729 0.31428394 -0.016441518 0.72617507
28 0.05480919 0.18625556 1.0287585 -0.6336574 0.6500599 0.5911794 0.23339215 -0.49609318
49 -0.14400417 -0.013061167 0.94014144 -0.6175542 0.8414358 0.8060891 0.3917457 -0.4564782
43 0.0769534 -0.06451374 1.068702 -0.65618443 0.95034254 0.6928372 0.34041443 -0.8309305
34 0.39304098 -0.3441556 1.3010541 -0.8527283 0.6916965 0.6272882 0.1857614 -0.591399
26 -0.93001056 0.36368877 -0.31302848 1.2116277 -0.10214545 -0.014525069 0.007275532 1.2766018
15 0.033620387 0.36940524 -0.0282132 1.3181114 -0.33721596 -0.37928185 -0.5568504 0.8966133
41 0.2444521 0.03579935 0.9018277 -0.41081348 0.8584684 0.7530386 0.26456115 -0.8555447
4 0.8725002 -0.21185514 1.4442108 -0.35201374 0.41038626 0.058533974 -0.19820282 -0.942669
25 0.10982393 0.18010667 -0.2501308 1.2381014 -0.073706105 -0.2758845 -0.876936 1.1169873
16 0.773577 -0.20671977 0.8701549 -0.4904472 0.7509982 0.38219887 -0.24202335 -0.36725518
14 1.0915003 -0.23742247 0.56136316 0.79819167 -0.23289727 -0.5444889 -1.1138085 0.2340961
47 0.35085893 -0.18705685 1.2014209 -0.56920636 0.73472273 0.9144268 0.4803906 -1.0163511
18 -0.50974226 0.45330426 -0.52680326 1.5303292 -0.07815386 -0.17220198 -0.28910255 1.451005
13 -0.44552088 0.45241302 -0.5360412 1.6681726 -0.18529566 -0.29501897 -0.5456485 1.462421
39 -0.47467384 0.52625734 0.73976654 -0.49917206 0.72903585 1.2094309 0.8736023 -0.5630367
7 -0.3300832 0.36481693 -0.5343516 1.5347146 -0.24354248 -0.2892407 -0.45320922 1.6498319
37 -0.20562263 0.11355992 -0.1919145 1.6996632 -0.41626656 -0.72110367 -0.57493746 1.5352447
11 0.836515 -0.3895755 1.3000096 -0.6090798 0.5106352 0.37568858 -0.16514401 -0.6474957
0 -0.20898843 0.38124174 -0.40155873 1.9498106 -0.58096695 -0.4450537 -0.53759307 1.5429454
32 -0.2742241 0.43440115 -0.41706258 1.7664185 -0.3424785 -0.23382664 -0.50848615 1.204327
2 -0.1810395 0.27988288 -0.24685137 1.6740981 -0.48646185 -0.4452469 -0.55588263 1.4082394
3 0.08429311 0.20148116 -0.17681576 1.7113255 -0.3811656 -0.68689 -0.6650422 1.2217234
21 0.009053784 0.12647438 -0.2588633 1.891125 -0.40074676 -0.72615993 -0.8155891 1.2975072
33 0.039701696 0.058502655 -0.17526107 1.837371 -0.5572515 -0.6225863 -0.7424463 1.3755584
12 -0.18997015 0.50384814 -0.27683267 1.6623192 -0.3147388 -0.5210878 -0.70456076 1.1165555
29 -0.50351167 0.49740046 0.14199828 0.021794192 0.79834163 0.548971 0.21059102 0.06674575
5 1.0654091 -0.1589191 0.9844983 -0.18386556 0.53752065 0.12319795 -0.29827094 -0.71553594
10 -0.24411413 0.13280323 0.13493614 0.7861559 -0.07549585 -0.43252036 -0.7107054 0.9807306
40 -0.5959478 0.44670466 0.16443878 0.16113578 0.2856531 1.1631539 0.8039973 0.25492245
22 -0.16202652 0.10581183 -0.3587967 1.9263676 -0.4041618 -0.75607544 -1.0085531 1.4330347
48 -0.004135549 0.21251358 0.95429456 -0.6910729 0.69315815 1.4213747 0.7906313 -0.7135845
35 -0.044288293 0.17953056 -0.38814116 2.0911477 -0.52592057 -0.6554414 -0.82365733 1.462043
30 -0.37873256 0.75563055 -0.4769634 1.9092585 -0.4301761 -0.3954303 -0.51344293 1.2599479
9 0.9436194 -0.516412 1.7084831 -0.6700035 0.4420715 0.050452646 -0.1258533 -0.9486312
