50 8
0 0.09057094 0.27580005 -0.8067307 0.046065338 0.451266 2.5419314 -0.25146487 -1.2881796
18 0.799257 -0.7370957 -0.3654532 -0.0032860462 0.5919876 1.698639 -0.90698516 -1.4076221
37 0.36455232 0.18152192 -0.795357 -0.012795958 0.18868524 2.8033478 -0.2585389 -1.4319187
27 -0.010778437 0.8591449 1.6025639 0.17467979 -0.016194118 -1.4125433 0.0873257 0.87683266
3 -0.015293678 0.46188197 -1.3022716 -0.053770855 0.44117418 2.5423822 -0.41686213 -0.941154
4 0.2113716 1.1047628 0.7957227 0.88941896 -0.46582022 -1.4524889 0.2961786 1.4542874
36 -0.036649305 1.2124153 0.9558106 0.16378441 -0.19408704 -1.6838312 0.21547227 0.7963105
28 0.12146267 0.6315148 1.8564359 -0.19504015 -0.11428884 -1.5725263 -0.24716908 0.6876545
19 -0.030958926 0.32838696 -0.9565184 -0.61842376 0.90591633 1.5691768 -0.5679357 -1.2174023
9 -0.11984314 1.9069616 0.46891722 1.3455306 -0.9544876 -1.1335627 0.8429311 1.5934565
22 0.42799467 0.39226085 -0.71783024 0.39673722 -0.4118837 2.973743 0.03500793 -1.6749911
2 0.38834155 0.31641075 -1.2294849 0.12892984 -0.0251911 2.6029027 -0.3923481 -1.0590326
38 0.23743106 1.4536533 -0.5998152 0.87163335 -0.6086008 -1.8498458 0.09805488 1.4313263
1 0.09298015 0.86977607 0.34692538 -0.14449064 0.016677022 -1.1716832 -0.23873247 1.0750877
30 0.9125098 -0.43701714 -0.68390065 -0.1774326 0.2861492 1.8906424 -0.6617268 -1.4223273
12 -0.03119525 0.11433112 -1.103076 -0.33916047 1.0687442 1.9553391 -0.7328129 -0.87195873
7 0.40462434 -0.56198674 -0.8543302 -0.09876931 1.2741911 1.5681903 -1.0729284 -0.8503266
6 0.3234823 -0.5176148 1.8762885 -0.2717887 1.1395355 -0.511933 -0.6727635 0.04387405
34 0.26045573 1.3650678 -0.6496047 0.9193616 -0.6524129 -1.5947646 0.018106543 1.8279691
8 0.93119824 -1.2072362 0.9938376 -0.4270361 0.8076263 0.8120598 -1.1490471 -0.69324714
20 -0.3563909 0.35033125 1.8459399 -0.26689667 0.87660676 -0.8502702 -0.25512213 0.079440966
21 0.23535104 0.71157634 -1.0748053 0.6700941 -0.7072853 2.9012597 0.13496491 -0.90667605
41 -0.1079408 1.4235824 0.63555163 0.99885947 -0.24041525 -1.5654743 0.3385581 1.9399042
43 0.16669717 0.7311323 1.2604778 0.42470425 0.27916375 -1.6720126 0.026720546 1.0866567
10 -0.06657618 -0.15462704 2.3880231 -0.05450792 0.8100166 -0.19975585 -0.2794634 -0.005443088
17 -0.02658428 0.5296483 2.092181 -0.653497 -0.03619546 -1.4069643 -0.29074043 -0.24581018
35 0.7231932 0.33833706 -1.005953 0.6539043 -0.74062026 2.6104498 0.06013954 -1.214701
16 -0.09003565 1.4296691 -0.44239783 -0.33876285 -0.4164242 -2.216251 -0.32349974 0.08501617
15 0.0049940683 0.35782143 -0.30274525 -0.053643454 0.2860277 2.4669192 -0.04659691 -1.1476662
14 -0.16315341 2.0143964 -0.8730398 1.4518822 -1.1456801 -0.64872175 0.7787307 1.190266
11 0.16431351 1.8627245 0.0194412 1.220127 -1.1595502 -1.265539 0.81119245 1.6601199
13 0.9912224 -0.66486365 -1.0181547 0.28640136 0.42442828 1.7520087 -0.86691666 -0.9996216
33 0.30209222 0.98767555 -1.5416594 1.2952418 -0.89204884 2.7445054 0.42193592 -0.6409258
24 -0.30469608 0.38256395 -0.91576445 -0.9449506 1.3474259 0.9741293 -0.5535937 -0.8758871
5 -0.33580047 1.026051 2.0794694 0.639289 0.09607192 -0.7824319 0.62612873 0.86578584
32 0.5144011 0.39970577 -1.0151907 0.68385786 -0.64494866 2.7297058 -0.051371366 -1.473324
45 0.03212093 0.6269167 2.1965284 -0.36711138 -0.05289488 -1.6747465 -0.14957713 -0.014568016
26 0.39906484 -0.79740036 2.144618 0.13569559 0.9059146 -0.5889239 -0.7304841 -0.39303806
42 0.12984516 0.15629445 1.5472813 -0.32889453 0.29882675 -1.2515959 -0.41463363 -0.5367605
29 0.43269405 0.38154963 -1.840621 -0.8606636 0.42816043 -0.3968818 -1.005737 -0.41407776
23 0.15569595 0.4649234 -1.348176 -0.53493476 0.8172675 0.9453386 -0.42409873 -0.8129821
25 -0.07632751 1.4439867 -2.05606 -0.2569078 -0.952939 -0.7744215 -0.48852077 -0.61863536
31 0.764469 -0.29442784 0.70646024 -0.13623723 0.49635652 -1.3574113 -0.85710406 0.6090447
44 0.82657444 -0.7929489 1.5671002 -0.5624568 0.33436134 -0.41237286 -0.7842954 -1.049991
49 0.14099903 1.4440935 0.74765587 0.67843914 -0.6283906 -1.5432917 0.4269659 1.2838467
39 1.1104003 0.5956071 -0.8391408 1.3231629 -0.30001822 -1.5875977 -0.17844777 2.4184084
40 0.5521269 -0.47447133 -0.8486799 0.043092012 1.0335063 -0.10167616 -1.1503386 0.45696408
47 0.23487853 1.2086419 0.08779198 0.9440358 -0.21509944 -1.485591 0.14300205 1.9060003
46 0.36514848 -0.36446357 2.1037896 -0.69632834 0.45345294 -0.40725163 -0.50988644 -0.82087785
48 0.73030746 0.48899198 0.16166636 1.098152 0.06820016 -1.3942772 -0.061299276 1.9022238
