50 8
19 0.25757286 0.29331124 1.2122141 -0.23058698 0.5259007 -0.05809213 -0.27405745 0.21301281
1 0.5065867 -0.31522706 0.31499538 0.010225139 -0.5751822 1.1082613 0.6852185 -0.38751757
23 1.1086314 -0.05160296 0.2737803 0.6299912 0.1560488 0.35873964 -0.38932177 -0.09997977
25 0.18918522 -0.39910233 0.34951565 -0.27701777 0.3306998 0.698906 -0.15153836 1.2123213
44 -0.10743184 -0.09871333 1.0509791 0.64343154 0.9125226 -0.18998104 -0.7689642 0.5661088
29 0.24302593 -0.19895096 0.7215097 -0.43816233 0.26756367 0.42933396 0.078688465 0.84313416
16 0.22820084 -0.087019846 0.7487324 -0.87555254 0.2016944 0.675692 0.25276625 0.5821523
43 -0.07925392 0.46082363 0.64689267 -0.25148544 0.44542712 0.5772051 0.29101202 0.39725205
40 0.33386645 0.5471314 0.16420262 1.4441391 0.52583545 0.2568266 -0.8490314 0.41084886
6 -0.0017730952 0.05251189 1.0104684 -0.6606356 0.5365547 0.31182846 0.03339671 0.6912836
18 0.13178071 0.14421894 0.92820215 0.8057928 0.85154915 -0.1830741 -1.0138758 0.48570842
41 0.28231487 -0.00954581 -0.120559506 0.65458155 0.3012324 0.8432155 -0.028832877 0.7347127
26 -0.038061876 0.17315826 0.8032888 0.08430654 0.8426258 0.08972333 0.08831388 0.86350715
36 0.09032942 -0.25582922 0.93358696 -0.885037 -0.18528655 0.7432513 0.88868004 0.061457615
35 0.30860335 -0.28742713 0.38696665 0.7470714 0.14525302 0.45000538 -0.55013925 0.43715602
39 0.4403474 0.63117355 0.2723401 1.5896564 0.2813294 0.23504403 -0.4978953 -0.18989022
2 -0.058242608 0.33889392 1.4593658 0.40206513 0.9579372 -0.5282271 -0.71152097 0.31508502
22 0.43978596 -0.48112398 -0.08187669 0.67477584 -0.38523978 1.0528865 -0.16114633 0.23713134
28 0.3482979 0.452985 0.38289288 -0.5921826 -0.22014807 1.0438423 0.9408554 0.08177292
32 0.6226501 0.09516157 -0.380551 0.80032325 -0.51433146 1.3202862 0.31905797 -0.12668067
24 0.3428275 0.5858705 0.63584745 0.9200381 0.5956944 -0.0021432906 -0.5341543 0.1511501
46 -0.25367635 0.39110026 1.5335343 -0.34175277 0.57143563 -0.052461706 -0.5150475 0.15062101
8 -0.092710644 0.14268798 0.69999754 -0.19375624 0.620698 0.38437477 -0.7432983 1.226822
27 0.27456075 -0.07125685 0.932814 -0.8303968 0.46254408 0.41204304 0.79875296 0.31288803
34 0.58236563 -0.6578317 0.16993184 -0.28813592 -0.7159494 1.2503372 0.62308335 0.09150793
30 -0.016518798 0.27270567 0.8816882 0.037107628 0.5262447 0.11404898 -0.54845583 0.9061616
7 0.34080657 0.46897322 0.678469 0.94017965 1.0564123 -0.31233272 -1.0058118 0.9660144
9 0.61803544 -0.18449748 0.29726905 -0.06631798 -0.9281303 1.2321969 1.1419722 -0.59958196
10 -0.17170581 0.4262449 0.48644948 -0.27217323 0.48773372 0.5477949 0.25321883 1.2097641
31 -0.024534425 0.2965308 0.68689007 0.51783437 0.87727886 0.051077068 -1.0176486 1.132567
4 0.41831595 0.06379689 0.094356105 -0.36564478 -0.5354759 1.188771 0.91961485 0.39337668
17 0.02090748 0.5106317 1.4579098 -0.66585535 0.323484 0.11324128 0.34749272 -0.37146994
14 0.52876484 -0.4014377 0.0108080385 -0.08413351 -0.80256623 1.3999825 0.8287635 -0.06313603
33 0.44138423 -0.0955006 -0.42501658 0.9878585 -0.41346818 1.2928591 0.446583 0.001556238
21 0.29555342 0.39963868 0.2521538 1.8857614 -0.021583667 0.47717264 -0.77881116 -0.67831737
38 0.14784814 -0.6498676 0.15026277 -0.1731416 -0.5095417 1.2715406 0.74269605 0.4047569
49 0.023423303 -0.24296139 0.8143663 -0.02556391 -0.5468954 0.99406743 1.2058008 -1.0176241
13 0.11487379 0.32983014 -0.013715084 0.9164178 0.59280294 0.5279815 -0.771342 1.2223374
20 0.47343022 -0.6956714 0.32869598 -0.9079226 -0.23696369 1.0994649 0.7522661 0.70482475
12 0.021597749 0.290937 0.8129081 1.3018707 0.9975966 -0.23716612 -1.2383586 0.5213216
47 0.37350285 0.2818995 0.5040967 0.8937422 -0.8461126 0.94724125 0.96708596 -1.602904
0 0.020603012 0.3277353 1.0791922 0.9397006 1.1586912 -0.36723846 -1.1725576 0.40390378
45 -0.024827894 0.6955967 1.1425029 -0.13473982 -0.6963597 0.794058 0.48492226 -1.4057136
37 0.8524422 0.06981364 0.38137087 1.6589204 -0.41729394 0.4023046 -0.00960601 -1.2945037
5 0.47276852 0.58314955 0.6334888 0.67150235 -0.9235548 0.75772476 1.2607155 -1.361569
15 0.16587347 0.60108364 1.15449 1.1621037 0.77626634 -0.3669895 -1.0266302 -0.3562164
42 -0.28491655 -0.4875921 1.2518752 -0.70776665 0.22156999 0.36960283 0.029836085 0.55754864
11 0.91060686 -0.37272623 -0.28765923 0.7482275 -1.1358138 1.596052 0.639565 -1.0097929
3 0.6171787 0.35143206 0.8071465 1.588573 0.7444344 -0.35734087 -1.5043296 -0.22023383
48 0.34497985 1.016111 0.70888144 0.778686 -0.77772933 0.77864635 0.93119633 -1.9080254
