50 8
19 0.40792468 0.56415474 0.33694917 -0.14591703 0.60751784 -1.0676409 0.10110754 0.4238472
17 -0.5371725 0.36361423 0.5364644 0.22274913 -0.27466923 -0.67441154 0.007826785 -1.100544
23 -0.4850433 0.6401882 -0.101427704 0.6211784 -0.058256883 -0.39481702 0.27314043 -0.75201625
15 0.23664394 0.4016521 0.61606514 -0.18658361 0.32291487 -0.6448617 0.21868894 0.7432216
43 -0.53046644 0.36052394 0.36356974 0.4964616 -0.6782072 -0.39291915 0.45600972 -1.0600926
24 -0.18556736 0.41946027 0.40067136 0.050828524 0.51272446 -0.9680028 -0.01988638 -0.32683593
2 0.39606065 0.50436515 0.78805363 -0.3953193 0.48141736 -0.76895577 -0.13418365 0.7007674
28 -0.7078269 0.31919408 0.24241917 0.66767985 -0.3888412 -0.17954358 0.63522005 -1.0477242
1 -0.66183233 0.4671889 0.14932545 0.78409296 -0.44215068 -0.1559043 0.4634661 -1.1512727
40 -0.30470985 0.5394471 -0.06560542 0.36034846 0.48842806 -0.7533042 0.5609071 -0.48694497
27 -0.880592 0.33800146 0.31036085 0.69768834 -0.514363 -0.25003096 0.4318378 -1.3376452
38 -0.7827679 0.8220027 -0.2253033 0.9637253 -0.17267556 0.8781723 0.488457 0.093456894
26 0.17036279 0.34478155 0.6909919 0.007341757 0.2747644 -0.800359 -0.12839244 0.12591358
45 -0.71474445 0.3205227 0.58995086 0.2576715 -0.3401914 -0.5108669 0.17481396 -1.2572697
42 -0.23457684 0.5040119 0.20531346 0.13829167 0.031870794 -1.1619127 0.2492931 -1.2010256
49 -0.8100932 0.40594992 0.4806186 0.520344 -0.4649956 -0.22995104 0.14699787 -1.2909136
44 -0.4390388 0.49745917 0.34301573 0.38417757 -0.25227097 -0.6551048 -0.17501652 -0.9905796
4 -0.25811455 0.37039274 0.3155339 0.8585585 -1.056644 -0.06851534 0.2735635 -0.5343467
12 0.52990896 0.7770512 0.32009056 0.22483797 0.64399797 0.1817122 0.20715964 1.8854554
47 -0.87961745 0.37877378 0.29829177 0.7089993 -0.7424341 -0.027381225 0.49194747 -1.1757923
41 -0.52475005 0.7592941 -0.3260376 1.0404854 0.091858454 0.46791238 0.597423 -0.18003061
29 0.4848784 0.44912776 0.81744266 -0.45012 -0.39609447 -0.7112889 0.17347111 0.51916283
36 -0.9921827 0.54221934 -0.023827776 0.9580461 -0.41156062 0.20335525 0.55274206 -1.139183
6 -0.104501985 0.29724064 0.7835295 -0.004165334 -0.5036902 -1.0740167 -0.34034172 -0.8325491
25 -0.013442589 0.73599523 0.5368016 0.21044871 -0.07365368 0.73454934 -0.015283526 1.5493606
20 0.10544778 0.394828 0.755263 0.045297347 -0.43083835 -0.9118969 -0.27899894 -0.8095315
0 0.51431066 0.7198376 0.6980912 -0.40435073 1.0149797 -0.42486975 -0.06493043 1.310088
16 0.34281716 0.6209864 0.51896125 -0.030748038 -0.7615963 -0.78020954 -0.118188635 -0.4266736
34 -1.0979446 0.40201876 0.26882038 0.9197095 -0.46347108 0.45069587 0.29634413 -0.84952325
10 0.6527993 0.47090524 0.5374957 -0.22551583 0.36686835 -0.7807811 0.44918957 0.94689536
11 -1.0813235 0.4042714 0.422726 0.88207537 -0.7667216 0.84996045 0.35606644 -0.33030814
33 0.073494636 0.660462 0.88589925 0.012594524 0.3658013 0.77176756 -0.09338563 1.8972164
9 -0.4534975 0.44480652 0.4499717 0.81101257 -1.1892902 0.45005533 0.16090068 -0.44464615
31 -0.21832564 0.60063475 -0.40449482 1.0362233 -0.25109243 -0.6486604 0.5636562 -0.9360434
14 -0.8510862 0.74264604 0.27985194 0.7236962 -0.21044956 1.583509 0.5220071 0.7820467
30 0.64249015 0.7888662 0.7085959 -0.30627382 0.79032546 -0.20847116 -0.10673391 1.6361768
3 0.4932167 0.74117875 0.8085393 -0.26844972 0.65949047 0.1037706 -0.1471251 1.835437
18 0.81337947 0.806081 0.5927024 -0.3743195 0.7017106 -0.41471258 0.0012173837 1.8653618
37 0.28503525 0.6401119 1.010176 -0.38830096 0.5258503 0.19823644 -0.19159685 1.6114932
8 0.4416188 0.5214344 0.72269475 -0.40497622 0.5745375 -1.3150984 -0.3908703 0.27566847
39 -0.8021223 0.52126575 -0.051524106 0.84962326 -0.008054521 -0.2903685 0.14404587 -0.96338993
13 0.28401452 0.55245394 0.4346527 0.07093417 0.7029448 -0.009319579 0.50755036 1.7529762
7 0.9518131 0.804601 0.6303497 -0.5295378 0.5729762 -0.895977 -0.14162715 1.4337811
46 -0.80817777 0.4869342 0.15148942 1.0265794 -0.85678166 0.3928559 0.2799219 -0.7077334
21 0.3175031 0.7855481 0.74607366 -0.040891826 0.58788776 0.34775755 -0.28154433 1.8109149
22 0.5993946 0.875923 0.7073025 -0.01911371 0.52295864 0.31531423 -0.3486963 1.9303665
5 -0.6342574 0.54695433 0.3712151 0.64659154 -0.9722883 0.18683556 0.046755027 -0.75868064
32 0.5413478 0.8738649 0.31406757 0.14888501 0.5023853 0.49816594 0.35456663 2.1331053
35 -0.1051417 0.7668479 0.20185286 0.59830135 0.32617855 0.9551002 0.24702 2.240428
48 0.76559454 0.7262189 -0.062128525 0.3844428 -0.13182802 -1.3055052 0.051369473 -0.44961348
