50 8
1 1.0385921 -0.25360578 1.3675365 -1.2642063 0.3955219 -0.95535034 -0.5342312 -0.8704166
14 -1.2334741 2.0238206 -1.2406671 0.35199836 -0.10535193 -0.038078256 0.4908047 0.25507745
43 1.2708062 -0.38781157 1.4499152 -0.74588096 0.46162435 -0.88575536 -0.5665346 -0.55397457
27 0.83181256 0.34262276 1.1145421 -0.6845874 0.11561842 -1.4014257 -0.30810773 0.18545738
21 -1.611239 1.2565647 -1.8243026 0.33447996 0.1399062 0.6908047 -0.535221 -0.13306166
3 -1.3454654 0.36716637 -1.6395028 -0.19422282 0.52917516 1.4007866 -1.0351936 -0.81039125
28 0.9037615 0.15128155 1.3933349 -0.4085233 0.29715073 -1.4241517 -0.4159337 0.23234278
39 1.8912288 -0.852421 0.78293115 -0.7740853 0.30406636 -0.59721357 -0.859569 -0.5325605
10 -1.0074298 1.0486656 -1.0008779 1.098222 0.2649362 0.20915887 -0.3690333 0.5351714
2 -0.8644945 0.45751095 -1.8146229 0.044022676 0.49631825 1.6082548 -0.69973063 -0.5015407
36 0.95246655 0.34162635 1.1687009 -0.7016011 0.05936448 -1.3456619 -0.10365805 -0.3751314
9 -1.0665884 1.9229314 -0.26940235 -0.019516135 -0.0074167135 -1.1222532 0.56428367 0.44619364
4 -0.7058006 1.710715 0.7140298 -0.019031905 0.100732096 -1.479838 0.574304 0.4122477
37 0.26865432 1.5700027 -1.6884404 1.1876336 -0.26483276 1.3763515 0.70641303 0.28830662
42 1.1707277 -0.65136963 1.3946427 -0.50543 0.6873298 -0.13247219 -0.7134455 -0.8633387
13 -0.657877 0.32950848 -1.7683222 0.9994411 0.5672644 1.1879754 -0.88949686 0.38826454
23 0.81490946 -0.4895548 1.01129 -1.4414085 0.538832 0.27318192 -0.64118254 -1.5663846
12 -1.6121545 0.48960426 -1.5149499 0.03879659 0.62158716 1.2653583 -0.99274665 -0.9478698
41 0.66636807 0.76591355 0.98096603 -0.87946576 -0.08839679 -1.5232816 0.062866464 0.23145482
18 1.1812966 -0.52475613 -0.7893226 1.1673133 0.2289831 1.9776084 -1.116901 0.5774738
7 -1.5519733 0.45081338 -1.6178344 0.58253866 0.68133575 1.2585258 -1.2787842 0.44520417
11 -1.0559429 2.4746985 -0.5348372 0.2156568 -0.32190806 -0.922219 0.9827815 0.37503624
31 1.5110826 -0.89017516 1.0743877 -0.46684548 0.61724126 -0.2990083 -1.000036 -0.18114933
34 1.4160072 0.19197713 0.5814274 -1.3868922 0.023614306 -1.1530416 -0.1043782 -0.05789446
40 2.0415218 -0.77274555 0.9847271 -0.8529366 0.39728466 -0.059902694 -0.71057105 -0.35401145
22 0.4782067 1.410479 -1.3918815 1.3404936 -0.3720583 1.6643976 0.5253704 0.39791593
45 1.0699093 -0.44507587 1.437624 -0.9997879 0.5352245 -1.0577333 -0.7286801 -0.4257885
24 -0.10068769 -0.58544105 0.3395142 -1.0612276 0.4839249 0.62496054 -1.1832606 -2.260599
19 -0.782884 -0.052720707 -0.7773362 -0.79274344 0.8552722 1.4056748 -0.71593803 -1.7415828
15 -0.05878583 -0.4785979 0.5765237 -1.0225163 1.0131415 1.3438804 -0.87401897 -1.3426063
0 0.029952688 -0.20146711 -1.2139745 0.7340991 0.3206131 1.822817 -0.89463365 -1.2853196
38 1.4330235 0.5028053 0.44781953 -0.9510605 -0.37136215 -1.5179977 0.14203681 -0.13575518
44 1.9924662 -0.63644105 0.93991274 -0.533115 0.19720568 -0.4989187 -0.61407584 -0.33126882
20 -0.38686416 0.9774631 -0.10694138 0.8797901 0.2532249 -1.4586641 -0.13237774 1.0847954
5 -1.3459227 2.5194926 0.43557957 0.3445199 0.17486352 -0.44875333 1.1215563 0.65972763
6 0.73913044 -0.37118003 1.1869386 0.48181257 0.7316253 -0.9956627 -0.8191848 0.49336046
25 0.061239965 1.3925675 -1.4766395 0.9707114 -0.353166 0.13024068 0.15303358 1.1110584
32 0.4011986 1.1401929 -1.503379 1.3090193 -0.23397359 2.0590684 0.33877662 0.044503637
30 1.3539082 -0.50186527 -0.5847681 0.8125208 0.5454939 2.0231805 -0.6175768 0.1193695
17 -0.5284612 0.901578 1.4859569 0.020738022 0.48179728 -1.4353571 0.06769205 -0.6095728
29 -0.625574 0.8264716 -1.6663189 1.0184085 0.1181693 -0.34700182 -0.401763 0.54174656
16 -0.37580353 1.6162653 0.4419533 0.42182758 0.03624254 -1.1377468 0.42649272 1.0807567
33 -0.052990578 1.5055971 -1.7901584 1.1058637 -0.32619897 1.3526813 0.42475548 0.41877416
8 0.5153906 -0.7688043 -0.4940395 1.163375 0.8943 0.27863085 -1.3786242 1.2149798
26 0.16222104 0.14838535 1.0326964 0.78442854 0.47277823 -1.3029342 -0.61586416 0.43562335
49 1.0810236 -0.00034126063 1.1096263 -1.1069547 0.17608477 -0.93923354 -0.35382792 -0.885748
35 1.5118781 1.4120162 -1.0901432 1.4060106 -0.72252595 2.1330864 0.9211268 0.2877312
48 1.2041193 -0.21146928 1.2067858 -1.0586239 0.2634843 -0.8572352 -0.40023077 -1.0800645
47 -0.31940848 1.9692245 0.79932255 -0.79666007 -0.19079272 -1.5294297 0.93711126 0.1579536
46 0.7710625 -0.42034683 0.8390321 -0.8947982 0.43820217 0.0131552145 -0.7505639 -1.0466734
