50 8
1 -0.10290985 0.61654216 0.62436736 0.27265042 -0.5664504 -0.11034077 -0.228444 -0.36880445
6 -0.8931322 0.27568525 -0.44751495 0.9382513 -0.64223844 -0.1809694 -0.30908963 -0.58590984
14 0.44557995 0.7254232 1.5612035 -0.33826247 -0.3041142 0.26771638 0.07367663 0.45296538
16 0.22602239 0.63420516 1.3840662 -0.3306335 -0.49561152 -0.31344646 0.13578859 -0.04842456
28 -0.53794765 0.20195308 0.6349693 0.45904112 -1.2506399 -0.35529596 -0.26736197 -1.0230762
18 -0.2525641 0.47443524 -0.7078729 0.8145447 0.9973914 -0.4528922 0.23889975 1.3116792
27 -0.3830194 0.67508435 -0.055965994 0.7783029 -1.2275629 0.038403317 -0.20409715 -0.8590441
38 -0.71521497 0.36117673 0.098770544 0.76061326 -1.1331829 -0.019822372 -0.13509284 -0.9641539
10 0.2239303 0.51221126 0.81819916 0.18215565 0.38144746 0.34008756 0.65110993 1.1178706
49 -0.6389752 0.23495197 0.59466356 0.51755977 -1.3242346 -0.037960574 -0.3826201 -1.0752279
36 -0.44917044 0.70841056 -0.37449953 0.9537621 -1.465747 -0.16820137 0.1518589 -1.0341802
46 -0.42819497 0.3457013 0.84286815 0.19617945 -1.3229685 0.0030851578 -0.22371578 -0.7708307
9 -0.08048363 0.42699227 1.4111451 -0.112659596 -0.96597844 0.1966155 0.19792187 -0.39584872
15 -0.13414337 -0.051561017 1.0353042 0.014088462 0.9843788 -0.2912584 0.3628705 1.359322
30 -0.18527235 0.4209984 -0.46923316 0.82177156 1.1710966 -0.23488301 0.05522897 1.3391501
24 -0.2927697 -0.07396524 1.0663955 -0.04293346 1.3231065 -0.40419734 0.048521146 1.3495286
29 -0.3984499 0.24969 0.06281134 0.6273212 0.09637451 0.42338246 0.1369725 0.7156407
23 0.12387272 0.36106446 1.2577671 -0.22747254 0.50026506 -0.09431514 0.3119675 1.0317391
19 -0.3083673 -0.13788038 1.0229343 0.07842524 1.243469 -0.19897471 0.03130363 1.4050707
31 -0.73928386 0.49774644 -0.9519267 1.0219924 -0.34222823 -0.8753455 -0.30850166 -0.47332942
17 -0.2156963 0.29579377 1.3307863 -0.21119322 -0.41857427 -0.31601286 -0.609054 -0.3822291
40 -0.9818506 0.30551845 -0.90263766 1.0628515 -0.5649606 -0.46239617 -0.17864037 -0.46505225
44 -0.5395304 0.60061336 -0.8921547 0.93482953 -0.44821995 -1.0612125 -0.32686934 -0.48331627
43 -0.5244299 0.64793277 -0.5917663 0.94121176 -1.0847924 -0.4591167 0.4802923 -0.70630497
39 -0.8194049 0.39485794 -1.0455418 1.0300756 -0.2739187 -0.66464716 -0.41872635 -0.19118498
42 -0.9721736 0.21214569 -0.6040265 1.0438582 -0.5039756 -0.45510125 -0.096910104 -0.616793
5 0.2605619 0.3341053 1.6989181 -0.099878244 -0.3842731 0.9120649 0.31464657 0.7229939
48 -0.53180623 0.6779325 -0.4477993 0.90192187 -0.96083 -0.3921587 -0.26103193 -0.9716642
34 -0.61033684 0.23367153 0.45584604 0.7113362 -0.88603973 0.4255376 -0.27141884 -0.6852678
8 -0.7613139 0.49521056 -1.1941715 1.155676 0.06316273 -0.779713 -0.19991234 -0.18525933
25 0.6044155 0.7135269 1.3178852 -0.074266635 -0.3596472 0.83769137 -0.16497609 1.0174536
45 -0.63083297 0.37798914 -0.46724814 1.0902512 -0.936301 -0.22827289 0.030157741 -0.6864856
0 -0.27799526 -0.14072776 0.83597636 0.10283508 1.177887 -0.22302955 -0.06389262 1.5297736
41 -0.5958577 0.4470957 0.4792917 0.6085709 -1.0893245 0.24746455 -0.52947533 -1.0863988
33 0.31963435 0.5389726 1.2938687 -0.36943573 0.8939387 -0.32568678 -0.005024036 1.1462023
20 -0.4576439 0.24130176 1.2555425 0.028845506 -0.9531512 -0.038623862 -0.3244268 -0.82785213
13 -0.15536599 0.41163948 -0.5957372 1.0421026 0.98138016 0.06507634 0.8172835 1.4095478
7 -0.34771425 0.50533843 -1.0027796 0.8696625 1.0366235 -0.91738653 0.13317701 1.0307938
37 -0.14975715 0.0076351925 1.1887608 -0.14275385 1.3622729 -0.35792413 -0.3010097 1.5573854
22 -0.10721623 0.098288104 1.038623 0.031594656 1.364478 0.029027985 -0.15490405 1.5237243
4 -0.17507774 0.11550808 1.6880487 0.012116444 -1.1808665 0.40809017 -0.008058585 -0.50174093
21 -0.045223117 0.30628678 0.41009846 0.18220644 1.3102106 -0.41748178 -0.23250826 1.5984015
12 -0.36590266 0.39240223 -0.76010835 0.87560415 0.7955661 -0.45490134 0.15589584 1.1462666
35 0.08329461 0.38873574 1.0164196 -0.1858774 0.95236975 -0.3484757 -0.12615523 1.2257469
3 -0.10581332 0.1756154 0.90114367 -0.0048879692 1.401062 -0.14294589 0.4246998 1.7317905
32 0.04672057 0.29080874 1.2094508 -0.13749263 1.1143014 -0.07957795 0.16709967 1.3864187
11 -0.14642419 0.36301008 1.5746306 -0.08332733 -1.135712 0.35532713 -0.3288849 -0.6353045
47 -0.32477698 0.8529103 -0.11271725 0.86338025 -1.4419845 -0.13705683 -0.33145452 -1.3323545
2 -0.105165355 0.13421197 0.44696045 0.40265653 1.0141277 0.1435607 0.55198455 1.7820629
26 -1.1809932 0.28008005 -1.6081887 1.4557652 0.048214693 -0.9046989 -0.37825188 -0.3585107
