50 8
20 -0.29939172 -0.23740342 0.30504674 0.44177163 0.1978994 1.0098493 0.7211215 0.4786544
25 0.3757894 -0.32115617 0.71976966 -0.7020566 0.5847342 0.43453693 -0.48158082 -0.18377765
1 -0.24136272 -0.34121838 0.40548974 -0.17256929 0.37543595 1.2704747 0.746615 0.044333294
27 0.0914173 -0.15721354 0.15315293 -0.06136984 0.71593136 1.1611195 0.39748767 0.3397107
4 -0.44958982 0.034823813 0.51433486 -0.5604711 0.5523795 1.0585823 1.1028583 0.22211899
28 -0.4709143 -0.20840244 0.22683072 -0.051361453 0.5308189 1.4168897 0.26652265 -0.14210676
16 0.1585103 -0.26405245 0.868167 -1.016859 0.62675107 -0.0889796 -0.5071271 0.17966911
9 0.033080153 -0.5733704 0.420832 -0.4652087 0.6081241 1.2488546 0.9481927 0.1743827
47 -0.31800863 -0.32177025 0.2415216 -0.021980546 0.32933646 1.5342014 -0.077625886 -0.3313949
48 0.11701671 -0.3851379 0.1441571 0.77062047 0.14429785 1.543209 0.00432384 -0.1910956
36 -0.42143002 -0.28378418 0.3694938 -0.61521333 0.5298571 1.3230677 0.09782383 -0.21483034
14 0.007636661 -0.50961393 0.75358033 -0.94153035 0.4817163 1.0554476 -0.46749407 -0.8450309
6 -0.6185006 0.64192337 0.07561546 0.5982993 0.0038662162 0.8024863 0.13190633 0.9721191
38 -0.25298584 0.23766002 -0.038074538 0.5688731 0.30786684 1.6506039 0.46188846 0.2531074
18 -0.3122475 0.2266841 1.1398057 0.703687 -0.3282249 -1.1038781 -0.9982483 0.44944945
41 -0.10391334 -0.58773136 0.49888387 -0.12300247 0.47343728 1.4055609 -0.060733 -0.8720657
11 -0.19058011 -0.69213563 0.9777788 -1.38778 0.81345356 0.36450422 -0.068270735 -0.49971303
49 -0.5035349 -0.24362232 0.30661464 -0.7308871 0.5987696 1.4636908 0.1883946 -0.14342993
39 0.18255593 -0.07357797 0.09493969 0.61212635 0.3501184 1.809398 -0.06704979 -0.49693704
44 0.17832512 -0.22367461 0.12074699 0.6443019 0.18148087 1.6536268 -0.7716411 -0.62988436
43 -0.28982222 -0.15075909 -0.09205152 0.25975832 0.6898689 1.6618392 0.32940158 0.08230606
34 0.03821645 -0.6769127 0.26811248 -0.2264111 0.77014714 1.4364673 -0.06359952 -0.5204759
45 -0.021490818 -0.41699997 0.12551482 -0.15979737 0.689865 1.749101 0.18771142 -0.37518668
29 0.35044304 -0.5636434 0.5015225 -0.53008735 0.77379245 1.2607319 -0.20971449 -0.7927709
26 -0.10164521 0.55958325 0.68050426 1.172747 -0.31649315 -0.37804317 0.5751872 1.2891521
23 0.17355894 0.88724846 0.46574458 0.84659714 0.23936328 -0.24793684 0.30538696 1.1265169
7 0.34674752 0.6638322 0.92010945 0.6018928 0.0044988245 -1.0138091 -0.042039044 1.3477572
13 0.15429051 0.8096678 0.28209588 1.8467426 -0.39059868 0.13785903 -1.0140363 0.58130777
40 -0.18011393 -0.16516545 0.26969606 0.9736428 -0.12596564 1.3929173 -0.62958056 -0.64873457
5 -0.089033514 -0.0039720726 0.5317145 -0.6520209 0.91939646 0.018812245 0.3678154 0.6789809
22 0.17488724 -0.43097952 1.6061276 0.03819772 0.21988603 -1.7086307 -0.64931005 0.18239829
19 0.35695574 0.49454632 0.65453017 0.30303997 0.65623486 -0.82762754 0.2938198 1.285748
12 0.30794156 0.6627267 0.9602528 1.6559235 -0.30441383 -1.2594115 -0.6976959 0.988492
31 -0.18354627 0.6451307 -0.16657779 1.1851923 -0.2189796 1.5036571 -0.838092 0.22592132
10 -0.1522143 0.57573247 0.21381082 1.2712097 -0.105784714 0.26868528 0.725099 1.4813237
3 0.38501513 0.5696976 1.0553298 1.153392 -0.14675939 -1.2939501 -0.7846972 0.7877068
0 0.038181417 0.12427094 1.409731 -0.030739678 0.24259621 -1.5971565 -0.45542192 0.60236734
46 -0.7346465 0.19277647 1.0092725 -0.84876966 0.23376055 0.15223068 -0.9023881 -0.64232594
17 -0.46876612 0.04314502 0.5204332 -0.7972519 0.9690684 0.0004819322 0.5947324 0.7631836
2 0.27542534 0.67742246 1.4027611 0.8796536 -0.37488037 -1.6179525 -0.76589966 0.77211356
30 -0.13116522 -0.01977388 1.1332935 0.7124229 -0.25513527 -0.69531465 -1.373969 -0.2719134
8 0.1274552 0.5286775 0.35704467 1.3810709 -0.33691815 -0.09512447 -0.6814848 1.0693089
24 0.30578804 0.71762013 0.47907448 0.5444634 0.49655375 -0.5932997 0.6361812 1.7527082
33 0.12832235 0.017163804 1.5340921 0.0026906694 0.10503622 -1.2566139 -0.9851948 -0.31750786
21 0.2991356 -0.12653726 1.4884179 0.48393324 -0.2558678 -1.3010763 -1.2818348 -0.0932112
37 0.5431435 -0.59719193 1.662136 -0.04063852 0.6454216 -1.5967768 -0.7255455 -0.48016778
35 0.04684508 0.031487852 1.5307382 0.0039471244 0.20045361 -1.6339865 -0.81962544 0.07416306
15 -0.15542929 0.730403 1.4182947 0.09912876 -0.08198856 -1.7798018 0.01436005 1.380327
42 -0.69720864 -0.05637311 0.8589984 -0.84182745 0.37834263 -0.24086046 -0.57195693 0.2125797
32 0.3870695 0.31415632 1.69933 0.19138391 0.0076715117 -1.7897322 -1.6204385 -0.10368649
