50 8
28 -0.11434916 -0.1421127 0.7460981 0.5865478 -0.6579189 -0.8396033 0.5430057 -0.40371287
43 -0.40238333 1.1536634 0.2619044 -0.073051974 -0.4954991 -0.12587292 0.26946145 -0.2514711
40 -0.39074472 -0.6927375 0.8503667 0.71824324 0.2259614 -0.71506923 0.5108649 0.7329597
18 -0.19591011 -0.9353687 0.8899406 0.8505388 0.08495824 -0.63349557 0.13469791 0.8921674
17 -0.5643506 -0.28665915 0.43813378 1.0475286 -0.10020041 -0.4670222 -0.16693127 0.026108949
26 -0.5079866 -0.21238108 0.49253514 0.5962451 -0.7901566 -0.522958 -0.17814177 -0.1120894
1 0.091756664 -0.23791766 0.40114614 0.98077 0.36998096 -0.66808945 0.4387225 0.57488674
19 -0.4860813 -0.58714724 0.68978465 0.8624615 0.055590037 -1.0064161 0.27807933 0.18213107
4 -0.32200134 1.8211316 -0.42929676 -0.1245699 -0.8910771 0.69894814 -0.15283157 0.032327015
31 -0.17219302 -0.6946678 0.5298301 0.8973517 0.11903087 -0.8125417 0.17310025 0.81689703
41 -0.28367195 1.5035362 -0.31289536 -0.30054364 -0.88712287 -0.0608686 0.41612247 -0.08467213
12 -0.27628794 -0.13626477 0.020113554 0.035752825 -0.5000024 -0.6993555 0.8612849 0.97031945
49 -0.37763447 1.2680137 0.25414842 -0.01231417 -1.2210383 0.40043527 -0.12031177 -0.55182403
34 0.052598566 1.5138506 -0.17045094 -0.01071765 -0.8463056 0.7646631 -0.402815 0.36648774
21 -0.048105538 1.4816616 0.06623351 -0.30727428 -0.3170003 0.30014503 0.3913224 0.41487226
38 -0.0243782 1.8064622 -0.5336745 -0.045062825 -1.0242591 0.47864732 0.15051466 -0.12613077
8 -0.32830566 -0.6922384 0.60764414 1.1362497 -0.08036668 -1.24748 0.1479201 -0.018480621
3 -0.06174004 -0.31846938 0.42739144 0.3243676 0.25763142 -0.33319232 0.42779547 1.5245484
24 -0.74348694 -0.7522829 0.7601968 0.8981654 0.20471205 -1.048398 0.42271015 0.3099936
13 -0.3680524 -0.2811436 0.19094385 0.047519308 -0.7795923 -0.5407724 1.1742791 0.64805084
20 -0.08487289 0.61432123 0.42378253 0.5618592 -0.7313344 -0.58799195 -0.3397573 -0.69341403
14 -0.110117964 2.148102 -0.35453284 0.05941755 -0.53588754 0.92142993 -0.10934641 -0.12896922
35 0.21665455 1.2092185 -0.044134293 -0.2686397 0.006283396 0.2345834 -0.011410517 1.2531462
7 -0.32988942 -0.4728921 0.19517021 0.49598643 -0.10045673 -1.2558706 0.48303118 0.7717416
16 0.113616675 1.3893182 0.11198672 0.07721224 -1.3463873 0.2721756 -0.37503123 -0.54620695
36 -0.1961772 1.9388316 -0.4131031 0.12729746 -1.1722873 0.645783 -0.19491139 -0.58484274
33 0.36894998 2.045015 -0.367956 -0.506059 -0.51224816 0.3156557 0.15587005 0.57821095
39 0.015332194 -0.058236424 0.33397642 0.67091185 0.5533351 -0.23173821 -0.047469348 1.2777863
6 -0.69598496 -0.6186145 0.64108396 0.80372447 -0.6343988 -1.0997565 0.1150304 -0.3572925
22 -0.15251417 0.9337369 0.29166308 0.69855636 0.5461491 1.2214335 -0.6006111 0.9019099
32 0.3633141 1.295647 -0.046762813 0.0934531 0.417289 0.87835026 0.37910023 1.3716663
27 -0.5039176 1.2194759 -0.3031168 -0.05428378 -1.3950812 -0.023098724 0.12126237 -0.4638115
42 -0.35055813 -0.19794266 0.4335014 1.2834606 0.5131575 -0.46663678 -0.27363738 0.32229358
29 -0.62594074 -0.18402185 0.17893977 0.9150899 -0.60902786 -0.57498705 -0.8230421 -0.043679528
0 -0.2606293 -0.55421174 0.913478 1.2520677 0.71330494 -0.45242703 -0.18176867 0.5897336
23 -0.566298 -0.39065662 0.3915578 0.12578039 -0.13030624 -0.8890113 0.5446449 1.0004857
11 0.14400241 1.7907703 -0.0895436 -0.07649478 -1.0434928 0.62544334 -0.25619194 -0.21060917
15 -0.20868851 -0.6370685 0.69405115 1.2256657 0.4369413 -0.27040395 0.094859585 0.7117589
46 -0.17513652 1.4635298 -0.28043592 0.16342123 -1.4487414 0.6204003 -0.30320695 -0.4454294
2 -0.11848594 -0.5756915 0.8224448 1.0063597 0.6316528 -0.24225906 -0.07709773 1.0973219
37 0.12287509 -0.31862584 0.6854191 0.8775565 0.5707504 0.5389261 -0.18724564 1.6101379
10 -0.23219498 0.17254026 0.33913773 0.55934155 -0.27373147 -1.006854 0.87976086 -0.3561684
44 0.09703739 -0.4770587 0.39787847 0.6101174 0.062774956 -0.69213915 -0.113199614 1.232407
47 -0.054064337 1.9882219 -0.2671268 -0.01648917 -0.6194073 1.0681263 0.013190065 0.049624518
5 0.2640021 1.120665 0.074127644 0.26703355 -0.40548176 0.093807064 0.25508302 0.059197273
25 -0.10369822 1.1231105 0.267842 0.44084156 -0.62650436 0.4554351 -0.75656193 -0.17722978
30 0.08827073 -0.39104858 0.72965604 1.2245109 0.9395836 0.23285584 -0.05050504 1.2708536
9 -0.09865866 2.1576283 -0.07674082 -0.43816495 -1.0328187 0.5918359 -0.2538106 -0.26560363
45 -0.7819274 -0.16467366 0.58225363 0.6145724 -0.07512917 -1.0399863 -0.1805151 -0.06222289
48 0.32405475 1.9558957 -0.30269924 -0.2520812 -1.263621 0.0073090447 -0.2137656 -0.33819443
