50 8
19 -0.3722413 0.10088284 0.21987863 0.78132904 -0.022269059 -0.51717675 -0.58992904 0.34190258
39 -0.52488786 0.44594112 0.20618556 0.28559753 0.70584244 -0.15701774 -0.67851734 0.7755905
29 -0.42728654 0.39571851 0.14620394 0.5142538 0.088743165 -0.36800727 -0.39235654 0.46040347
40 -0.56554157 0.517389 0.052874185 0.3239791 0.86616886 -0.4375951 -0.60209846 0.8572665
24 -0.3594401 0.51521796 -0.00029445923 0.100383 0.14127411 -0.42403302 -0.8409041 0.9046953
18 -0.74569124 0.3131771 -0.0068885824 0.5517436 0.77311647 -0.88106084 -0.82793486 0.86086714
25 0.23224759 0.53879476 0.6893048 -0.1345611 -0.51523733 0.7042576 -0.18092889 0.59495527
42 -0.83512187 0.51229745 0.33587942 0.97282404 -0.15310293 -0.22233559 0.44362503 -0.69770074
43 -0.35542524 0.5946009 0.59267294 0.75702393 -0.19388323 0.09472432 0.25692222 -0.8720633
34 0.29248208 0.6521427 0.67748964 -0.03885922 -0.6051206 0.7111198 -0.12317156 0.25345618
46 0.5894405 0.6642739 0.20903474 0.08183646 -1.3048276 0.07815294 -0.18303148 0.4065879
23 -0.039188817 0.48653668 0.5755914 0.17093796 0.81709796 0.70221704 -0.40363675 0.7823746
48 0.897966 0.73121417 -0.12097656 0.09736412 -0.901714 -0.061763246 -0.79829913 0.64299726
31 -0.711674 0.2568684 0.21542929 1.1980113 0.5703753 -0.5612987 -0.08562362 -0.24505438
3 0.019231651 0.72587836 0.25757307 -0.04420066 0.6458967 0.10372114 -0.65939605 0.8699635
1 0.5219754 1.0668702 0.3997128 -0.35020998 0.70472383 1.232602 -0.3737849 0.97524476
32 -0.36141047 0.59134656 0.08368078 0.1618939 0.83782107 -0.24938522 -0.5979753 1.1745344
27 -0.15167774 0.32107458 0.36514068 0.7893408 -1.4509637 -0.4195753 0.28114712 -0.3911951
13 -0.08073493 0.29461387 -0.2909215 0.661698 -0.4844813 -0.82277584 -0.47196168 0.98468536
36 0.1177324 0.5499741 0.8056909 0.7441796 -1.0676223 0.6134141 0.6486593 -0.84056133
26 -0.64615333 0.16800268 0.63251144 1.2522701 -0.28974658 -0.47300312 0.31550395 -0.9459732
2 -0.4689767 0.21033926 0.09404083 1.0204933 0.3755928 -0.6208599 -0.16385178 0.32399043
12 -0.4134742 0.09269627 0.26980504 0.65160537 0.8173624 -0.7418347 -0.64716566 1.0194619
21 -0.3407111 0.39274248 0.082625456 0.43567982 0.96955496 -0.44389772 -0.73072255 1.0829761
6 -0.19901976 0.091746375 -0.06096222 0.9987544 -0.79640716 -1.0473893 -0.5500604 0.04859246
15 -0.7108851 0.038052805 0.24628612 1.0981718 0.92604285 -0.33494473 -0.19218975 0.5707139
35 -0.15635492 0.8316385 0.2980673 -0.38830155 0.98049545 0.18713097 -0.7481247 1.3285314
8 -0.43243787 0.2799924 -0.16471335 0.88816786 -0.11868488 -1.3318025 -0.67431414 0.19334304
30 -0.38880986 0.43432042 0.054373343 0.9202114 1.1063976 -0.47980866 -0.70243645 0.14071386
0 -0.87486666 0.06284864 0.17884073 1.0130485 0.67011374 -0.6735877 -0.2605817 0.5337488
41 0.0778558 0.75362694 1.0994163 0.45299882 -0.61390793 0.9500838 0.9203263 -0.7848943
14 0.8106409 1.145837 0.8855488 -0.464673 -0.6184604 1.5511211 0.31284818 0.29860035
44 -0.48010013 0.29951075 0.5573109 0.4686051 0.99317276 0.43462804 -0.5640123 0.47165298
33 0.10626469 0.7318314 0.12341073 -0.25874218 0.7308512 0.11853611 -1.0150125 1.3584898
45 -0.0035998032 0.8563442 1.0931913 0.07518896 0.19988006 1.4677052 0.51730114 -0.21789962
7 -0.5642043 0.19161183 -0.3179779 1.3929427 -0.63977706 -1.5889461 -0.23410508 -0.24927515
49 0.30537322 0.83093613 1.1457218 -0.03982206 -0.99965876 1.2235904 0.5368617 -0.47432858
20 0.41368923 0.5199518 0.17313336 0.65872353 -1.6599451 -0.7756492 -0.25491992 -0.60867554
22 -0.43802992 0.27386752 0.54439855 0.3710083 1.2383208 0.1100629 -0.9842602 0.5877529
16 0.25606367 0.84479743 1.0380012 0.28681242 -0.9229001 0.8431687 0.8162171 -0.85198486
28 0.28271893 0.74673283 0.9933668 0.62825406 -1.4156157 0.81433225 0.9084445 -1.21293
4 0.35438725 0.65628266 0.71343994 0.40154964 -1.8991451 0.09473776 0.50880796 -0.7140362
9 0.58812195 1.0377274 0.55326205 0.20626675 -2.086704 0.35317284 0.7238894 -0.6570603
37 -0.041027144 0.58751345 0.16137695 0.1280797 0.59377885 -0.023798082 -0.5160829 1.0948184
11 0.56914693 1.179053 1.0694982 -0.23970683 -0.8359365 1.8277612 0.687047 -0.31110796
10 0.012813624 0.63103724 0.11357837 0.7216011 -2.0099542 -1.0268584 0.24583213 -0.77551347
5 0.444278 0.89479035 0.8349329 0.56926906 -1.2078799 0.85441303 0.9970919 -0.8960242
47 0.5209475 1.3356327 1.0313176 -0.4213824 -0.02457918 1.9445072 0.32342184 -0.28437963
17 -0.01635 0.9038157 1.3571513 0.1276851 -0.5135894 1.3852643 0.90012586 -0.88928545
38 0.22521906 0.9026197 -0.044404354 0.22423947 -1.9334852 -0.9305153 -0.31644446 -0.6577747
