50 8
26 -0.95820606 0.18955292 0.11665194 0.13137248 0.8042322 0.032614708 0.17740896 0.8613676
39 -0.88403976 0.16089013 0.44044363 -0.4059176 1.089904 0.49124405 0.34450826 -0.060663775
20 -0.585494 0.13190162 0.89806426 -0.54816914 0.4479542 0.34701428 0.07451645 0.07219441
43 -0.37818965 0.08166313 0.79863685 -0.63879985 0.7467884 0.53031343 0.04119984 -0.010784284
6 -0.8617324 -0.028580906 0.45287934 -0.5878597 0.9297245 0.63200533 0.5190964 0.09409383
27 -0.34001246 0.19424623 0.3436944 -0.5226726 1.2059305 0.71852976 0.362491 0.0813322
17 -0.709282 -0.05025913 1.0067784 -0.3132748 0.76295197 0.085436404 -0.4999429 -0.13522674
28 -0.44255993 0.23684044 0.522132 -0.59449023 0.88275725 0.48458204 0.39363575 0.14981624
24 -0.63484716 0.3787763 0.80588734 -0.015267917 0.78787726 -0.36615762 -0.7343566 0.22624062
41 0.34482914 -0.116475165 0.13636796 0.521502 0.7006675 0.9143055 0.9799379 0.08831433
16 -0.5363861 0.038370665 1.193292 -0.36107218 0.23473999 0.094128944 -0.6523957 0.03851367
31 -0.8306636 0.3051247 -0.07562166 -0.30812547 1.3433537 0.51898867 0.41162923 0.52753097
1 -0.54414994 0.14650127 0.65086997 -0.5910847 0.7625298 0.7691107 0.21180281 -0.0923709
36 -0.24750671 0.069621906 0.48390016 -0.27796975 0.8146715 0.7314671 0.63728523 -0.059826996
19 -0.6670854 0.46787497 0.5072058 0.17749433 0.85144216 -0.5091147 -0.5068265 0.58864266
38 -0.19358137 0.16203807 0.5601781 -0.4743967 0.48175076 0.68403786 0.9191685 0.10862505
23 -0.4443861 0.114172496 0.44758892 -0.090716034 1.4319992 0.17403108 -0.22656155 -0.04876381
25 0.71424574 0.2087739 0.01652099 1.1907403 -0.40945807 0.5816583 0.79758555 1.1695176
45 -0.96214867 0.5196747 1.1558803 -0.80412275 0.5134995 -0.0027169203 -0.5951224 -0.110949576
40 -0.0086106565 -0.16758338 -0.31430757 0.6814072 1.181047 0.7143719 1.0223035 0.5446837
49 -0.60726225 0.24506976 1.2663243 -0.58744735 0.46209913 0.12953481 -0.628805 -0.29054624
42 -0.7254137 0.21498749 1.0149943 -0.8706554 0.5603956 0.36985347 -0.16930754 -0.072260715
29 0.2582319 0.08359056 0.37569252 0.09333936 0.6122235 0.86596036 0.5028093 0.09013833
7 0.5529387 -0.154509 0.07643131 1.4746643 0.4363299 -0.22593701 0.14878942 1.1277086
12 0.39010704 -0.037285343 -0.08719605 1.24851 0.89882493 -0.051943857 0.5095265 0.7681219
13 -0.222846 0.32589126 -0.35006976 0.73901707 0.46516225 0.57728463 1.013544 0.95550907
15 -0.85704327 0.48802662 1.1330101 0.3101576 0.13907067 -0.61250174 -1.314523 0.23696437
8 -0.660194 0.1688657 -0.027315214 -0.042053554 0.39430538 0.9125485 0.87522143 0.6859895
2 0.33569002 0.17096613 0.12070495 1.6907284 0.19981965 -0.35051984 -0.0030288305 1.0280324
3 0.06362175 0.29813427 1.107006 1.0801634 0.03392301 -0.92290384 -1.3372376 0.48675653
34 0.36015278 -0.27258614 0.29269552 0.06450203 0.7355906 1.0086341 1.0166488 0.08538671
10 -0.44927308 0.5084503 0.10890133 0.87681025 -0.5473046 0.3579952 0.6233392 1.0173831
48 0.24226181 0.31206664 0.6212213 -0.7084833 0.18962492 1.2646828 1.0190411 0.00849692
44 -0.49372858 0.27009544 0.13171811 -0.44685534 0.53285676 0.8237035 1.097632 0.55424684
0 0.1757464 0.40553308 0.8415825 1.2043424 0.08714576 -0.77718735 -1.2248011 0.64332795
4 0.3104231 0.56607497 1.3096898 -0.90735185 -0.75595355 1.139996 0.75252175 -0.31664374
18 0.28805378 -0.096116334 0.29972625 2.0127177 -0.16535449 -0.6828973 -0.27883533 1.2811242
5 0.13753615 0.65998244 1.6701229 -0.09420249 -0.97042257 -0.24979135 -0.6586629 0.11516499
21 0.5963579 -0.067487106 0.3167978 2.1751935 -0.24276271 -0.42813912 -0.044764508 1.0155376
47 -0.8292848 0.37912154 1.3675073 -0.295619 0.12115223 -0.19770424 -0.9292035 -0.16766208
14 1.8678066 0.17481458 1.2270355 0.9739515 -0.9495306 0.62334067 0.31188387 -0.028538784
32 1.1345592 0.10886686 0.30407634 1.93277 -0.63182825 -0.10771275 0.6971489 1.1512262
37 1.1809754 0.11497564 1.2936966 1.774172 -1.2211919 -0.7110766 -0.26809976 0.70188344
35 1.5055946 0.080774285 0.004692172 1.8854755 -0.4055568 0.12741593 0.9139495 1.3647517
30 0.8178611 0.03742022 0.12811515 1.9488856 -0.6399637 0.14426234 0.6288357 1.2289975
33 0.93342924 0.14146551 0.4200564 2.2354546 -0.88017553 -0.3970558 0.27051795 1.2589974
46 -0.10698582 0.43405554 1.9691807 -0.2894774 -0.88943154 -0.0037862135 -1.0899394 -0.3103941
9 1.000623 0.15650876 1.4564854 0.15918718 -0.80738556 0.744158 0.51043993 -0.49376383
22 1.2578909 0.20645732 0.56892055 2.1576042 -0.96278113 -0.54887784 0.1122367 1.3538078
11 0.097102754 0.18863595 2.1486976 -0.3236818 -0.9523073 0.0899153 -1.3295687 -0.35436243
