50 8
29 -0.5392883 0.4480007 0.23465435 0.49554974 -0.36443776 -0.12815021 -0.1039381 0.080953486
6 -0.52973 -0.058005393 0.42005894 0.57767564 0.118454546 -0.5556578 0.1475352 0.3410427
23 -0.5615585 0.31675828 -0.035797846 0.640262 -0.1326975 -0.8161051 -0.5814092 -0.055762753
43 -0.72116625 0.15409516 0.3644425 0.66522413 -0.5352701 -0.8079533 -0.43128225 -0.48801032
1 -0.47178584 0.8308592 -0.06998534 1.0236797 -0.7479257 -0.18966432 -0.4086715 -0.78578705
20 -0.316986 0.23203494 0.8508568 0.36998177 -0.56328285 -0.5278425 -0.6734303 -0.5871815
27 -0.30103388 0.56827253 0.19620596 0.710229 -0.2089852 -0.08166866 -0.15660492 -0.07293965
40 -0.36298364 0.22523443 0.16100997 0.25858173 1.1540284 -0.41664508 0.40564787 1.3759605
39 -0.5540503 0.60312134 -0.46307597 0.77337515 0.7900999 -0.35208905 0.22185557 0.77511036
19 -0.4536796 -0.436371 0.84110457 0.33101797 -0.23970313 -0.47894898 -0.67976654 0.22856672
25 0.33073917 0.98150706 -0.050738845 0.13207458 0.57439935 0.4382178 -0.18325903 1.343511
24 -0.66088945 -0.11813368 0.38251925 0.5171615 -0.20889933 -1.0520954 -0.7239837 -0.18615457
18 -0.09466071 -0.31914508 0.90615803 -0.1539849 0.7243582 -0.07819528 -0.2565216 1.5361934
10 -0.27414933 -0.29901946 1.1144656 0.19069318 -0.13632004 -0.2194583 0.4832574 0.62931424
26 -0.6647698 -0.41489533 0.56541574 0.5063901 0.018711815 -0.99105453 -0.4596142 0.12921357
13 -0.2041956 0.2117902 0.3425347 0.27195087 0.7721313 -0.10915442 0.7402717 1.3987046
16 0.29845574 0.41238022 1.0685872 -0.02032792 -0.86492354 0.10273301 -0.2826721 0.10032376
8 -0.59204835 -0.35145766 0.28947437 0.5216552 0.52074707 -1.114876 0.109340556 0.6977695
36 -0.343229 0.1604008 0.92394304 0.5025592 -1.3974469 -0.24760494 -0.10868091 -0.5999525
28 -0.14615256 0.19447954 1.0007621 0.46961048 -1.5024412 -0.37911302 -0.17665762 -0.69003814
15 -0.11510226 -0.5538126 1.5920067 -0.07684747 -0.43459246 -0.35760307 -0.41159377 0.27327394
49 -0.3282805 0.7694606 0.32136503 0.85395896 -1.2671406 0.2547729 -0.19453725 -0.7071894
12 -0.02962953 0.23020335 0.20862159 0.22594652 0.80277 -0.0456874 0.27583283 1.5713657
38 -0.3865543 1.1859696 -0.4939025 0.87264985 0.35383034 -0.4014446 -0.042617977 -0.080818914
7 0.1173373 -0.042258296 0.59681356 -0.09201036 0.8969983 -0.27550802 -0.07371502 1.6528784
34 -0.13466047 1.3300756 -0.14652874 0.9429053 -0.625916 0.47499925 -0.05024575 -0.430351
30 0.25149098 0.2983456 0.5153066 -0.096483715 1.1646726 0.16115764 -0.09154121 1.7665254
2 0.22231124 0.22708449 0.7273492 -0.108049825 1.0891122 0.11477237 0.20000987 1.7035716
31 -0.5437636 0.05763753 -0.24737658 0.80547446 0.73628026 -0.96021295 -0.6421779 0.40943608
42 -0.9383182 -0.4058196 0.9122309 0.38057846 -0.7645541 -0.9751839 -0.6284728 -0.5144331
4 -0.052160535 1.0034881 0.3170184 0.92007697 -1.101451 0.20239097 -0.105667405 -0.8227487
45 -0.6398976 0.06663718 0.7232577 0.5107349 -0.8685838 -0.36579612 -0.54233944 -0.5126318
17 -0.47296026 -0.21371928 1.0027642 0.47870004 -1.0533402 -0.74742097 -0.6543611 -0.7085286
0 0.26699883 -0.29916972 1.0812116 -0.20122257 0.84596556 0.10456924 0.12112321 1.8657914
41 -0.33970603 1.424099 -0.704252 0.9871684 -0.120907925 -0.027218737 -0.15988089 -0.18583609
5 0.045656424 0.0577505 1.1668553 0.46918058 -1.7700652 -0.08158731 -0.1548996 -0.53083533
33 0.46257898 0.66494465 0.6136107 -0.14425403 1.1117214 0.6035549 0.8132437 2.0061812
44 -0.33591434 1.3880962 -0.5176229 0.87078077 -0.048486248 -0.3158428 -0.37948373 -0.44773573
3 0.41501623 0.027349351 1.0907845 -0.37158942 1.072726 0.25303912 0.268471 2.023175
9 0.039087493 1.2476761 0.3932784 0.5348214 -1.3295952 0.89386934 0.4095134 -0.23301174
32 0.33867574 0.25979462 0.6886024 -0.0942751 1.0525259 0.4043619 0.6588679 2.0678823
21 0.7526936 0.7911749 0.6619772 -0.26309216 0.83288884 0.6886818 0.40909457 1.9245592
48 0.14889744 1.1969465 -0.4014039 0.6804773 0.1836853 -0.20742767 -0.18506071 0.27391726
22 0.38237852 -0.24504979 1.272105 -0.2275213 0.6518837 0.45782173 0.43413562 1.9657286
37 0.47216707 0.016322864 1.0391362 -0.1985336 0.8742307 0.29617622 0.488198 1.9156389
14 0.710366 1.5664214 0.21448188 0.4601663 -0.98464835 1.2459226 -0.5226929 -0.0062237224
46 -0.60071564 1.2293968 -1.1326925 1.2825346 0.41802725 -0.28675184 0.35272837 0.27002448
35 0.51271665 0.2126166 0.82333314 -0.2719485 1.251502 0.52601516 0.5936839 2.4567826
11 0.20771003 0.726662 0.8852053 0.5201502 -1.9297708 0.5524422 -0.83879215 -0.8778845
47 -0.27403527 1.532217 -0.74450225 1.1170481 -0.27804214 0.2453261 -1.0240409 -0.58257335
