50 8
17 -0.5555341 0.43892652 0.14788842 0.46175796 -0.13780029 -0.19081578 0.24285008 -0.9761412
1 -0.18895923 0.57007307 -0.20619316 0.7982885 -0.12907615 0.22429729 0.35970166 -1.054682
19 -0.09735903 0.16975303 0.47516343 0.34134576 0.12801667 0.022934819 -0.26150885 1.4882262
23 -0.15696503 0.18186665 0.73339766 0.11917803 0.30670828 -0.025900837 -0.13224551 1.4462434
10 0.034518056 0.29415512 0.39129165 0.32255375 -0.038359787 0.22475022 -0.24832582 1.5513909
24 -0.2335655 0.28963238 0.6299518 0.0165273 0.57553434 0.04227742 -0.03239873 1.4166809
26 -0.016175555 0.10904437 1.0490326 0.11635952 -0.22106552 -0.021652397 -0.45552832 1.0784153
6 -0.38917232 0.37898523 -0.10546671 0.95803946 -0.83278334 -0.13708146 -0.24793115 -1.4190784
0 -0.112595044 0.23074415 0.8713168 0.05190312 0.31349802 -0.21691568 -0.1335624 1.7198814
11 -0.38451368 0.26695296 0.8191654 -0.05256835 0.5566385 0.40470243 -0.20718496 1.0277138
21 -0.2557579 0.26732036 0.5383089 0.08311449 0.79610294 0.19870062 -0.020452863 1.6264293
3 -0.082895875 0.24329613 0.4523582 0.21440431 0.21424821 -0.12041028 -0.16534504 1.7322631
20 -0.16391736 0.33272043 -0.08409232 0.77000123 -0.347829 -0.20161639 -0.14200985 -0.19228521
42 -0.6580083 0.19735377 1.1665025 -0.2508628 0.4048152 -0.052190427 0.060281977 -0.052325927
41 -0.5656024 0.7698702 -0.48800775 0.8254698 0.084799826 0.08057901 0.50666183 -1.705544
4 -0.24022776 0.70991385 -0.29293323 0.7323438 -0.2714237 -0.18863764 0.55694693 -1.176293
49 -0.531316 0.4594508 -0.22577272 0.9648416 -0.2127921 0.37603936 0.086485416 -1.7067492
15 -0.15553442 0.28153512 1.1084257 -0.2070843 0.38786152 -0.3381746 0.1895493 1.7371503
5 -0.18639603 0.24988216 0.8192142 0.045163944 0.23571867 -0.015049597 -0.20404927 1.4013959
13 0.0087081855 0.16724151 0.09599981 0.5991368 0.14983365 -0.014916874 -0.12915279 1.6073337
33 -0.11125172 0.32454613 0.9652535 -0.087737985 0.48631868 -0.1948785 -0.040964644 1.97491
18 -0.12007006 0.024297055 1.2045356 0.04939262 -0.24872597 0.09081693 -0.42724186 1.59773
27 -0.51143444 0.5719595 -0.24628837 0.9124545 -0.21542762 0.18542789 0.14763744 -1.6482548
31 -0.21628046 0.6479231 -0.5298119 1.2045386 -0.7258228 0.1752751 0.04475003 -1.6017302
36 -0.32322466 0.8729499 -0.46514738 0.7757724 -0.10158274 0.41320685 0.67347294 -1.5825771
28 -0.30500078 0.69330245 -0.09737555 0.7340745 -0.4197865 0.034960978 0.48223218 -1.6570355
9 -0.17046012 0.91513634 -0.36770865 0.45557585 -0.018907104 -0.07048295 0.7007541 -0.5897461
30 -0.13993657 0.1993119 1.1392163 -0.10752286 0.42436153 -0.22987701 -0.21816309 1.7134451
34 -0.42191556 0.68013674 -0.47521916 0.9609353 -0.20278953 0.15806375 0.34068188 -1.7837391
14 -0.18545449 0.82944256 -0.6986722 0.5069426 0.62957335 0.19889048 0.5033994 0.27685723
32 -0.1715709 0.16073816 1.1806883 -0.118072495 0.07283432 -0.13593982 0.043447122 1.6590363
22 -0.19572139 -0.028603965 1.4648918 -0.07361662 -0.115823455 -0.054200895 -0.7005988 1.3715911
47 -0.53240377 0.67716527 -0.08640617 0.67243433 -0.089921705 0.3881568 0.27490437 -1.8578383
38 -0.41393086 0.7976342 -0.6421563 0.9841953 -0.09566611 0.35171828 0.46654502 -1.7212113
29 0.06394169 0.5103235 0.4184606 0.28438833 -1.2098047 -0.032141477 0.13802141 0.18381381
37 -0.23580365 0.027167719 1.4462018 -0.17680992 0.0013946906 0.07143487 -0.24245097 1.2795035
39 -0.6580304 0.6484173 -0.41706386 0.96368563 -0.026390556 0.3241319 0.36867046 -2.034513
35 -0.1113586 0.30084595 1.1604457 -0.20711616 0.37753963 -0.2966582 -0.08776024 1.9082445
25 -0.23432186 0.36717734 0.7928476 -0.08242174 -0.1766027 0.10448266 -0.31887603 1.0822611
48 -0.43484133 0.69444 -0.782223 1.1635475 -0.106241465 -0.079565324 0.17866318 -1.6186383
2 -0.31906354 0.12371271 -0.09368302 0.6514303 1.0163249 0.15742473 -0.19140786 1.1402109
40 -0.42343795 0.8729885 -0.33595815 0.76716363 -0.079343475 0.13303809 0.47564074 -1.9352235
43 -0.48915148 0.7761291 -0.31940874 0.85108143 0.14278424 0.1901053 0.6253098 -2.0306582
44 -0.45486 0.7342532 -0.22616471 0.8255668 -0.3449417 0.16983475 0.36388353 -1.9420457
16 0.1321177 0.6293886 1.014952 -0.13044506 -0.80392164 -0.24073163 0.343095 0.08476299
45 -0.3201186 0.7981655 0.07927055 0.6351045 -0.21680082 0.07105823 0.595416 -1.9578127
12 0.024058452 0.27639404 0.16437745 0.54935056 0.24807192 -0.33836195 -0.43072346 1.3773028
46 -0.5226104 0.46386355 0.07008472 0.57329184 -0.20692317 0.13037536 0.4352916 -1.3617883
7 -0.02865812 0.10256981 0.05287235 0.6779062 0.1984733 -0.071452186 -0.6262798 2.0706272
8 0.3654597 0.1616907 -0.32076234 1.2324104 -0.9563632 -0.20288981 -0.9212619 0.4866751
