50 8
43 -0.53779185 0.39162952 0.5431645 0.40141207 -0.7464646 -0.8089871 0.07664507 -0.6833405
23 -0.09532259 0.88392997 0.5795585 0.028749034 0.020222548 0.22638485 -0.13248979 0.30039993
19 -0.11122118 0.6368217 0.11506205 0.30569273 -0.15640138 -0.06541721 -0.035296854 0.8542299
46 -0.025907949 0.3572528 1.0414991 0.1040106 -0.2831306 -0.094349325 0.49697426 0.4568596
1 0.09080279 0.90916 0.27658483 0.3102393 -0.418587 -0.21407929 0.23948729 -0.28288603
14 0.7209694 1.3175519 0.49696204 0.07684577 -0.088865146 0.68332607 0.62897456 0.49696556
39 -0.067693695 1.072754 -0.34217495 0.6025894 0.15220742 -0.2480805 -0.5736294 -0.11637418
27 -0.34626782 0.6190418 0.6766171 0.3810139 -0.8594927 -0.46109003 0.10710478 -1.003869
26 -0.9114902 -0.18299353 0.75430226 0.4739957 -0.26371235 -1.0533205 -0.93490833 -0.132074
40 -0.6124059 0.26929116 0.4253989 0.38054252 0.7479243 -0.6041141 -0.47291204 0.7328065
20 -0.29203126 0.27532178 1.1696166 0.02523596 -0.6958877 -0.7761923 0.62933075 -0.4705181
42 -0.92725605 0.15515156 0.124489754 0.54477954 -0.289044 -1.0803624 -0.011487884 -0.05302813
0 -0.6577212 0.035368998 0.41164047 0.40415177 0.6439751 -0.6177486 -0.55128163 1.2612783
25 0.31910157 0.8101794 0.7799369 -0.036694348 -0.2889507 -0.03609265 0.39932057 0.25325638
28 -0.1559527 0.53461784 0.81720626 0.024310974 -0.92401534 -0.89826185 0.54687643 -0.6651387
18 -0.4964547 0.1403626 0.10341103 0.57842916 0.65471977 -0.38276005 -0.7886239 1.5366008
34 0.678849 1.6336353 0.01894351 0.29019195 -0.6928863 0.320578 0.4137769 -0.66853213
4 -0.026444755 0.545334 0.9847254 0.17420128 -0.87134224 -0.3647813 0.7300009 -0.61043376
45 -0.034247283 1.0011077 0.5786801 0.098709255 -0.74628323 -0.45680717 0.30393815 -1.0300763
47 0.41581202 1.385991 -0.08812153 0.429105 -0.37748805 0.25508225 0.4267596 -0.20775115
2 0.013324004 0.5411198 0.7043109 0.16799855 0.6274898 0.3649386 0.4140678 1.4793026
21 0.173579 0.7450644 0.13037631 0.2878443 0.6534937 0.29605156 -0.28568804 1.6888368
36 0.25615373 1.1903417 0.3008993 0.42492762 -0.95784533 0.034450967 0.7233858 -0.8952154
16 0.25037786 0.6829172 1.1139992 -0.28290063 -0.74324137 -0.70723766 0.4883926 -0.5311155
41 0.31674898 1.0796683 0.57664436 0.2916872 -0.36569986 0.16742906 0.35421035 -0.53241366
35 0.23325911 1.0565596 -0.2105827 0.67089766 0.5597522 0.6006386 -0.2188711 1.0519162
15 -0.45914227 0.13404623 0.5825986 0.2883783 -0.33131036 -0.3233383 0.36621624 0.8497637
24 -0.01903074 1.0008982 0.0584172 0.40532503 0.5578 0.285011 -0.4551746 0.6590994
17 -0.9326638 -0.28618464 0.70538193 0.7905395 -0.5300476 -0.7131493 -0.2380026 0.019370116
38 0.07420656 1.1837075 0.21752 0.56844234 -0.81803983 -0.07912627 0.18515152 -1.2647657
11 0.40037206 1.1050018 0.6739306 0.06289524 -0.76272196 0.5082808 0.82785374 -0.01392517
37 0.15473385 0.48952615 0.79249346 0.14603083 0.3306339 0.5135041 0.285644 1.611363
3 0.12834412 0.83687574 0.17769483 0.26200223 0.8068876 0.22135912 -0.09056172 1.407409
30 -0.64260703 0.22808716 -0.27165025 0.94865113 0.79887986 -0.6042694 -1.0148839 0.95356154
22 0.13268647 0.66530097 0.3322352 0.7354344 0.17003058 0.8172614 0.06470846 1.0350173
49 0.09947303 1.0709462 0.57845336 0.15360574 -0.8675354 -0.090599984 0.29806775 -0.86406773
9 0.23077467 1.2742914 0.40741393 0.17120148 -0.9376704 0.29062507 0.92928094 -0.5747114
33 0.65764844 1.1050832 0.33681577 0.16727212 0.33183748 0.74380255 0.37123594 1.312754
10 -0.85408306 -0.28345656 0.2857583 0.64912593 -0.3617242 -1.1765083 0.067651145 0.58638203
32 0.4008147 1.0192434 0.28592154 0.55190665 0.87004024 1.0453025 -0.28828385 1.4129914
7 -0.7921606 -0.1286353 0.3670726 0.35851803 0.2576803 -1.0431434 -0.9925012 1.048572
12 0.06434739 0.6575544 0.15150006 0.34994954 0.96331674 0.27388772 -0.524499 1.8575344
6 -1.1654792 -0.32038373 0.32547742 0.9122136 -0.22457077 -1.0441682 -0.6902772 0.08011037
31 -0.76699704 0.07777526 0.14883535 0.64442164 0.2230324 -1.4969007 -0.8477404 -0.16253275
44 0.050555695 0.8909297 -0.2264572 0.6531915 0.1742507 -0.6030502 -1.2131224 -0.24429983
29 -0.28357604 0.80413574 -0.24852619 0.46966976 -0.66137826 -0.36123773 0.33206508 0.107216276
5 0.027810497 0.54910827 0.5909237 0.3698964 -0.94081664 -0.38852 0.8421687 -0.33267355
13 -0.7278276 0.13712882 -0.16421598 0.9980067 0.6878625 -0.3367546 -0.72945416 1.2886248
8 -1.0928026 -0.25793388 -0.1341812 0.93949836 -0.20336519 -1.3069164 -1.3711146 0.3317771
48 0.76184607 1.7643237 0.25331396 0.14380762 -0.3989 0.27878773 0.52456397 -0.92492324
