50 8
23 0.58946264 0.52371025 0.360661 1.1062151 0.2704885 -0.0017312855 -0.19218086 0.2423798
26 -0.55362606 0.3854792 0.41562158 0.06399234 0.9657346 0.35479254 0.6400121 0.3932536
36 -0.24821052 -0.4300731 1.0058241 -0.7206753 0.45279115 1.0127373 -0.011198666 -0.37414667
42 -1.00674 -0.006114951 0.5603793 -0.5548811 0.89036137 0.42042804 0.24831492 0.38941956
6 -0.48793885 0.15355623 0.44797808 -0.32462376 0.9901912 0.87580657 0.39289838 0.025635868
28 -0.44828096 -0.27793673 0.80692524 -0.7964037 0.4985307 1.1747255 0.22252618 -0.08027304
49 -0.5424053 -0.68984383 1.0198244 -1.0878836 0.33780012 0.96700233 -0.12964447 -0.108182825
31 -0.65784055 0.14868948 0.36100218 -0.06565541 0.9949804 0.8767114 0.87500364 0.2505646
29 -0.07537102 -0.08607104 0.520047 -0.39147753 0.9589451 1.0866481 0.35435528 -0.14075913
40 -0.06283548 0.47587946 0.14042945 0.53455883 1.1700208 0.6914346 0.6430075 0.0951395
34 0.1571663 -0.6878244 0.85073537 -0.55345446 0.585914 1.0726156 -0.04585131 -0.46000808
15 -0.5358811 0.48609522 0.65312195 0.3957085 -0.3758631 -0.6431698 -0.64758956 1.087756
46 -1.0932873 -0.14897075 0.9491406 -0.38412818 0.35771474 -0.30200416 -0.29042482 0.31106633
18 0.20574267 0.4625852 -0.071371585 1.4364238 0.57429546 -0.44606766 -0.40911582 0.67519796
16 -0.13732001 -0.76476747 1.0298054 -0.89198333 -0.028562937 1.0713688 -0.19352666 -0.027566658
27 -0.5407283 -0.08105432 0.6658976 -0.5766722 1.0373104 0.96058387 0.52667135 -0.13889323
1 -0.50923973 -0.47838947 0.9874946 -0.57965124 -0.24134097 0.013844095 -0.74524707 0.42541528
45 -0.76227856 -0.42248452 0.89206636 -0.6753099 0.63023716 0.69491506 0.35915926 0.041352488
38 0.3331937 -0.14898607 0.46511617 0.033828728 0.9128298 1.2687055 0.30794463 -0.44388378
39 -0.070848614 -0.05849559 0.3902266 0.15287812 1.1301308 1.1383191 0.73967075 -0.31565168
4 0.33963338 -0.26759437 0.7410235 -0.6534766 -0.11521329 1.6086984 -0.20842698 -0.10979718
19 -0.26195315 0.7418894 0.27232823 0.92762923 0.21556033 -1.0282562 -0.62800694 1.2188252
47 -0.26382884 -0.47692806 0.79352957 -0.53026444 0.51809806 1.22598 0.20363136 -0.3252897
22 0.6697452 0.31732377 0.14195348 1.4500747 -0.45415807 -0.41667098 -1.3808657 0.771344
44 0.048550025 0.04157612 0.23811857 0.3930103 1.3202167 0.84771526 0.8269279 -0.078932226
43 -0.47277227 -0.100214384 0.58191437 -0.6262322 1.1450679 1.226485 0.65888524 -0.1698764
7 -0.03943887 0.8275005 0.049372673 1.3329506 0.35706696 -0.9321244 -0.5876843 1.1154656
2 0.3423838 0.3512205 0.65160084 1.0913024 -0.33939272 -0.9173822 -0.75212073 0.8727321
20 -0.6428486 -0.5013243 0.7787584 -0.113770194 0.42634985 0.3183396 0.28711927 0.2527707
24 -0.03700437 0.5119323 0.51509744 0.92884135 -0.48467186 -0.8982196 -0.80115545 1.2825677
13 0.09771572 0.67404103 -0.10850141 1.2834384 0.6511716 -0.28028265 -0.3017586 0.70969635
12 0.14500502 0.9021226 -0.033662133 1.4393264 0.6266127 -0.6622063 -0.3801912 0.8281227
8 -0.4889139 0.2387791 0.14235075 0.5847726 0.98037434 0.243498 0.44270998 0.3992848
3 0.25835156 0.48877317 0.54998326 0.93386793 -0.39351287 -0.72079515 -0.8603956 1.0208447
21 0.33460248 0.21543828 0.5190332 0.8125981 -0.54088163 -0.63429594 -1.3555987 0.8492728
5 0.07625066 -0.045409475 1.1549797 -0.065245 -1.1329035 -0.14818953 -0.87313426 0.7450127
48 0.2163452 -0.25080195 0.31413352 0.14604123 1.0410621 1.3783257 0.56088144 -0.34596395
35 0.5044601 0.30715233 0.25842813 1.2639384 -0.37058973 -0.6821347 -1.2473048 0.9606543
33 0.6018116 0.32258722 0.3670329 1.4706413 -0.47414747 -0.64032376 -1.1743956 0.78094345
41 0.6162169 -0.70018613 0.50908864 -0.22418533 0.81458896 1.807175 0.00033451387 -0.88910633
0 -0.14916627 0.39801875 0.42198196 1.0724355 -0.10775369 -0.978037 -0.822776 1.0532569
32 0.4940506 0.23131563 0.28202608 1.2888764 -0.27638945 -0.5993177 -1.1954566 0.7062819
14 1.053934 -0.20059362 0.9850486 0.016119458 -1.218529 0.7241797 -1.2567655 0.1363613
17 -1.0164344 -0.45351392 1.1840879 -0.8491705 0.057874814 0.17089316 -0.016618656 0.36535597
37 0.3578444 0.23133485 0.5351389 1.2765036 -0.6669238 -0.91646445 -1.0015544 1.1724014
30 0.1701062 0.7225438 -0.040638037 1.6831294 0.11707719 -0.71248037 -0.6856461 0.95778936
11 0.16815883 -0.7637485 1.1626444 -0.6840511 -1.026301 0.44024137 -1.3113137 0.32211393
9 0.7351149 -0.7657911 1.258762 -0.15720421 -0.90114146 0.87468505 -0.52454764 -0.18101606
25 1.2748888 -0.069053106 0.230314 0.4611763 -0.10229308 1.1520461 -0.83224666 -0.09789922
10 -0.42989218 0.3650813 0.12473428 1.1999016 0.05105842 -0.45015326 -0.3301209 1.0197718
