50 8
1 -0.1831597 0.34250286 0.6155041 0.017945755 0.52182025 1.0165542 0.26880106 -0.565284
42 -0.7059808 -0.102040015 0.6558226 -0.39782473 1.3689775 0.34255224 0.60033935 -0.26475
28 -0.47034043 0.38336352 0.60536915 -0.62794137 0.93986326 0.59030956 0.21856393 -0.37578735
27 -0.35488752 0.2704797 0.31173825 -0.6298372 1.0226779 1.0806991 0.5580883 -0.22675315
17 -0.718435 0.17244558 0.9593024 -0.8229825 0.8321344 0.032075793 0.25179055 -0.23799801
26 -0.6011663 -0.15825388 0.43761286 0.525271 1.175862 -0.2921455 0.24979098 0.34874868
46 -0.4111129 0.4437335 1.0521238 -0.53480875 0.24391563 0.52599955 0.04387806 -0.5899294
45 -0.521986 0.22691146 0.7233353 -0.6417963 1.2393306 0.6071383 0.516856 -0.54786915
6 -0.40847698 0.030026386 0.2045004 -0.049036313 1.2246848 0.84575194 0.5044721 -0.0995059
31 -0.15972792 0.42108145 0.09835087 0.4512642 1.0397365 1.273634 0.6987024 -0.32472476
49 -0.62849283 0.5017755 0.5197341 -0.4457995 0.65297115 1.1640806 0.5118013 -0.46342584
41 0.0048288656 0.5344946 0.42579103 -0.2549335 0.5191091 1.1198242 0.22167818 -0.35289374
36 -0.009322204 0.57705486 0.44809917 -0.46831262 0.47120705 1.48862 0.51593536 -0.45937407
21 0.26241332 0.16491057 0.7080673 1.090379 -0.936498 -0.21871047 -1.0138642 0.88937354
34 0.03485886 0.38164884 0.47345167 -1.0044874 0.20034395 1.5202532 0.22877555 -0.27705342
19 0.5163538 0.18405478 0.9272115 0.9887715 -0.33866215 -0.7698406 -1.1231221 0.5323031
7 0.28340614 -0.20047016 0.48330647 1.1002984 -0.11235331 -0.6734148 -0.7944635 1.2595451
40 -0.16232793 0.57567644 0.35697186 0.5107648 0.92044485 1.2522107 0.7844894 -0.61717516
43 -0.4084635 0.15675743 0.4350362 -0.31317607 1.1657057 1.0452982 0.81186277 -0.36841264
37 0.4170179 -0.35165024 0.57570803 0.3441681 -0.5658532 -0.45638916 -0.9188295 1.4277627
23 -0.26244575 0.46563822 1.0486743 0.69082934 0.67262936 -0.026173504 0.01859129 -0.8259048
10 0.6837588 -0.2521297 0.13060996 1.0273576 -0.35046905 -0.018115772 -0.558594 1.478851
24 0.057963226 0.40339282 0.85200715 0.9402035 -0.09078211 -0.47652158 -0.8800994 0.120453596
20 -0.66952175 -0.52713066 0.116882354 -0.9176433 0.42318967 0.32773024 0.15534395 1.3984427
38 -0.1466279 0.64198977 0.3438885 -0.32364073 0.5853336 1.4799131 0.390035 -0.501948
9 1.1371797 -0.019786544 0.7372303 -0.7954664 -0.8422868 0.647844 -0.3749936 0.80099666
13 0.5147952 -0.042402767 -0.41641602 1.6716973 0.1345995 0.43577075 -0.34122506 1.3481317
15 -0.45950028 -0.10581013 1.5436848 -0.033415306 -0.24562433 -0.88993424 -0.15077235 0.24492426
44 0.011032091 0.12038409 0.021056265 0.68892574 1.1708689 0.9077269 0.7178072 0.02254692
39 -0.26393706 0.6089468 0.572203 0.32831013 0.94661057 1.1901278 0.83886385 -0.8622382
11 0.28364822 -0.20666778 0.42845282 -0.8887671 -0.6069294 0.6035229 -0.9852479 0.9126073
14 0.83041465 0.199321 0.5493972 0.11640927 -1.1948878 0.70081913 -0.65506905 0.83569485
18 0.5529042 -0.23943438 0.46010095 1.1115042 0.29494134 -0.84917915 -1.0648755 1.0348233
5 -0.49169764 -0.22379616 1.137239 -1.4050692 -0.13804282 -0.4211689 -0.040690184 0.8532174
16 -0.87620836 -0.5397113 0.41500014 -1.1866773 0.69332814 0.27978107 0.008183582 0.7631225
3 0.645282 0.3237973 0.7233174 1.0225811 -0.78286797 -0.374382 -1.1282094 0.8854652
25 0.69113827 -0.37632802 0.076824866 0.2808625 -0.029974785 -0.2867692 -0.85682565 1.7363942
12 0.62943476 0.7870344 0.7342223 1.3447776 0.03696843 -0.1704303 -1.2018701 -0.399381
33 0.34027797 0.16213538 0.656277 1.1914845 -0.944574 -0.54385734 -1.2145013 1.1920291
32 0.56857944 0.12078802 0.65139145 1.007031 -0.983451 -0.47420156 -1.1156673 1.3249035
22 0.43013752 0.024628548 0.63186896 0.4169246 -0.77970314 -0.55481774 -1.2163931 1.4185413
35 0.856907 0.16804759 0.436669 1.5071168 -0.93380815 -0.08836063 -0.76609814 1.2875203
0 -0.12935878 -0.01584309 1.44883 1.0298628 -0.38060984 -1.408438 -1.052163 0.4238648
30 -0.022218987 -0.35128537 1.2187525 0.5556914 0.26413223 -1.5838183 -0.58649474 0.8829311
2 0.5869538 0.36865819 1.1257181 1.0106599 -1.0896217 -0.53168017 -1.0397335 0.56727105
8 -0.22424419 -0.40089786 -0.45559856 0.35389784 1.2515339 0.2767284 0.056898173 1.2889847
29 0.34682423 -0.15707001 -0.55513334 -0.082134284 0.6753629 0.7250833 0.019608375 1.5073713
47 -0.37430018 0.6037801 0.5940867 -0.21922977 1.015728 1.4328723 0.7784075 -1.018537
4 0.05838858 0.18037376 0.4603376 -1.1788269 -0.5447124 1.0039002 -0.34095898 0.6759385
48 0.8012168 0.67246175 -0.08864013 0.2528132 0.7830434 1.5875517 0.51613295 -0.15886627
