50 8
19 0.32052496 0.023414502 0.62389386 1.2581961 0.65752393 -0.25882956 -0.3880343 0.5044215
26 -0.8478216 0.16669115 0.56522167 0.89476556 0.44746447 -0.45682377 -0.1676405 1.0496408
16 -0.36147642 -0.057695158 0.20586926 -0.60517776 -0.11416253 1.2714391 0.86237234 0.08479293
15 -0.037785023 0.018017853 0.5500592 0.7740242 -0.08450092 0.0943951 0.026290888 1.0647115
24 0.26133516 -0.18106884 0.5642942 1.2806697 0.5212264 -0.15221176 -0.50549763 0.72478527
1 -0.99974436 0.3962911 0.78411853 -0.67959523 0.61392635 0.30525693 0.3870055 0.42553684
18 -0.22419183 -0.15026845 0.51172596 1.1411507 0.67225784 -0.29187584 -0.43441027 0.7686423
23 0.43855166 0.3175493 0.65250653 1.1426462 0.92706233 -0.19974473 -0.37622434 -0.1565781
8 -0.6202495 -0.04425782 0.66552293 0.702331 0.5709486 -0.2226948 -0.40826374 1.000573
36 -0.6662105 0.241721 -0.03723577 -0.528711 -0.07207009 1.3611447 1.0078769 -0.5125072
42 -0.706932 -0.12970059 0.8274038 -0.44688037 0.28997505 0.33301076 0.24764302 1.0847212
35 0.25892562 0.17863865 0.56661075 1.3230174 0.5964909 -0.13088858 -0.31622115 -0.09223549
29 0.51946 0.27952355 -0.34838587 0.5977116 0.5082685 1.069998 0.5139059 -1.1574758
39 -0.73923117 0.42347044 0.72356635 -0.48932052 0.85129184 0.24509124 0.45002168 -0.09100445
28 -0.8714477 0.33584484 0.49061885 -0.6996078 0.15671021 0.7061663 0.774242 0.42027873
45 -0.8114494 0.07968297 0.5581382 -0.27516264 -0.1677576 0.4656075 0.5590211 1.1043193
25 0.10543665 -0.37509122 0.29717594 0.7462361 0.57313865 0.21745087 -0.10620408 0.4850477
40 -0.17659266 0.41899508 0.55227745 0.665185 0.9579772 0.04963786 -0.2074292 -0.6054635
30 -0.5724219 0.45105174 0.87997514 0.97587144 0.8624553 -0.56160855 -0.39760977 0.12875068
17 -0.5759502 -0.2397561 0.4697774 -0.098137215 -0.20457791 0.42597473 0.6134719 1.334621
46 -0.84480894 0.18627372 0.45249835 -0.43583974 -0.017680109 0.8068182 0.6311836 0.2079087
31 -0.6288507 0.12734182 0.43129504 -0.5077193 0.4656124 0.6510773 0.5130517 0.2043188
6 -1.1107438 0.46336412 0.5836776 -0.21460645 0.7709085 0.27071357 0.22256169 -0.32331288
43 -1.0834292 0.3785693 0.6543648 -0.6733439 0.6224125 0.3933648 0.50501055 0.13344826
10 -0.6134757 0.14916342 0.15695919 1.2579359 0.07510666 -0.16847557 -0.15543997 1.0163542
38 -0.17523623 0.36827242 -0.11391709 -0.29095855 -0.26753655 1.6002042 1.155364 -1.0073668
37 1.1691767 -0.44756934 0.11288196 1.8667259 -0.043035466 0.12227558 0.00012702953 0.77453923
49 -0.6036613 -0.08609871 -0.24065904 -0.48924673 -0.48478258 1.5464377 1.1541926 0.08432606
32 0.6018496 -0.037916563 0.49284694 1.5463982 1.0351859 -0.31134135 -0.7012603 0.3204757
13 0.60732406 0.043457024 0.62010527 1.4060974 1.0675266 -0.2194823 -0.7219368 -0.08538289
7 0.694291 -0.022386936 0.3111018 1.7103891 0.50566244 -0.09870885 -0.49179676 0.27300048
44 -0.53021663 -0.31211072 0.75789106 0.042902056 0.67960286 0.014097334 -0.039068613 0.9094134
20 -0.97775817 0.24162628 0.451131 -0.61602587 0.070849895 0.6070221 0.78206384 0.69757503
3 0.8086148 -0.14485602 0.35759678 1.7950805 0.42772317 -0.20758505 -0.46368536 0.8772894
47 -0.561801 0.089308806 -0.07089747 -0.5851065 -0.39686012 1.5383663 1.1686661 -0.30264032
4 -0.4117743 0.34742245 -0.22327061 -0.29656667 -0.68273395 1.491492 1.199994 0.14304009
2 0.73127264 -0.1140546 0.28956014 1.9102756 0.68728864 -0.04334883 -0.67800707 -0.12451953
33 1.1082789 -0.169492 -0.49916956 2.0629654 -0.077387154 0.72131366 0.08428326 -0.61034626
22 -0.15155177 -0.0910137 0.6393785 0.67676896 1.0091496 -0.14747599 -0.40772605 0.2923697
41 -0.3458793 0.46159005 -0.1620732 -0.21159452 0.4396789 1.2287151 0.65107334 -1.0362285
5 0.18675181 0.085135505 -0.7553864 0.34854007 -0.81875867 1.7321414 1.1239475 -0.097687155
12 0.7977207 -0.19047889 0.4159015 1.7772585 0.673069 -0.054061435 -0.6857785 0.0018997891
0 0.8359268 -0.2063844 0.40750065 1.8882973 0.5122464 -0.19801901 -0.662673 0.6518885
27 -0.208454 0.32263124 -0.28558052 -0.55866545 -0.23669559 1.7038963 1.3742176 -0.6669519
21 1.1684613 -0.34796247 -0.5124667 2.186409 -0.29226378 0.76247734 -0.049041387 -0.23594204
48 -0.5400142 0.31979257 0.41437596 -0.4696129 0.82869524 0.7813424 0.49748617 -0.99338794
11 0.7144164 -0.15380715 -0.66577125 0.4057925 -0.634083 1.9546864 0.94906914 -0.58689654
34 0.98862135 -0.23861471 -0.39386258 0.16329344 -0.19590524 1.7971635 1.1073134 -1.0118133
14 1.2776353 -0.21534902 -0.8260655 0.38571048 -0.6697342 2.1899683 1.2619497 -0.68482715
9 1.1395607 -0.15979531 -0.47860613 0.11903145 -0.52587396 2.0169432 1.4553655 -0.97443616
