50 8
28 -0.08932721 0.5147781 0.17971788 0.30583033 -1.0740631 -0.9566527 0.0572574 -0.9814353
1 0.41513613 0.67506903 0.5316993 -0.009343658 -0.94771934 -0.5198551 0.3577042 -0.7987063
16 0.23201895 0.8495064 0.6317469 -0.21899773 -0.87004983 -0.08165536 0.17375825 -0.487503
26 -0.88700205 -0.5104585 0.8510693 0.39691654 0.6345513 -1.0898842 -0.446679 -0.30510172
19 -0.33123723 0.104646966 1.2001891 0.24712527 0.39094117 0.67949706 0.20764491 0.97227603
24 -0.67451745 -0.1873669 1.3910583 -0.048574116 0.46709102 0.41617563 0.084818274 0.72918063
43 -0.06555558 0.53915524 -0.08775163 0.51480347 -0.9484076 -1.1907045 0.12371743 -0.9397292
18 -0.6987406 -0.035143644 0.75741524 0.2812287 0.55797964 -0.46902838 -0.34444544 0.38617575
10 -0.124974035 -0.0072621685 0.73090774 0.52090394 0.3920381 -0.46337935 -0.0060695917 0.21924327
36 -0.08370754 1.3163651 -0.3496055 0.22307687 -1.1191164 -0.48159197 0.5828247 -0.789573
29 -0.36542603 0.17233679 0.037124053 0.7096062 0.03846631 -1.3636596 -0.1481853 -0.36386174
5 0.42200637 0.7715809 0.80734724 0.07705734 -0.4998128 0.62696266 0.3074067 0.74706835
27 -0.22781472 0.5352386 -0.0032123756 0.5167611 -1.0096098 -0.9539398 0.04015488 -1.0311794
15 -0.28997096 0.055115305 1.3386823 -0.3791318 0.2069146 0.01692694 0.33580843 -0.03314719
45 -0.49023637 0.3735777 0.4967066 0.093645 -0.6489386 -0.35176796 0.5423036 -1.1937739
33 0.05660792 0.63187337 0.759706 0.3832772 0.6306299 0.4395101 -0.012777372 1.4124265
21 0.08995323 0.81534314 0.697983 0.35578215 0.43413967 0.6123653 -0.27177823 1.592637
23 0.10096599 0.44676477 1.2878808 -0.07722152 0.35674304 0.7915218 0.19296034 1.2027273
6 -0.69273597 -0.33812422 0.29574 0.82312125 -0.31574124 -1.3384234 -0.22064377 -0.788866
17 -0.6243359 -0.1267401 1.0399764 -0.2651564 -0.3801187 -0.66211873 0.013893723 -1.0582135
0 -0.69426256 -0.28768486 1.6495179 -0.3279596 0.39971226 0.4835623 0.24876899 0.46939114
30 -0.923121 -0.4116273 1.1515216 0.19585377 0.95601004 -0.36044782 -0.47474787 0.517193
49 -0.11472398 0.7003832 0.7078562 -0.07287953 -1.1460093 0.5062191 0.5399104 -0.6657188
35 0.0728884 0.821085 0.8323794 0.37083992 0.7385924 0.9209915 0.16990978 1.4945997
4 0.4482146 1.3763012 -0.42693233 0.8091119 -0.72660387 -0.07975436 0.77307284 -0.077179514
34 0.41545063 1.6588259 -0.23852211 0.35160306 -0.8653126 0.40361407 0.8830728 -0.17681825
39 -0.42838663 0.75193846 -0.4695464 0.689159 -0.767464 -1.3025347 -0.04713892 -1.0392907
13 -0.66793114 -0.2355691 0.41860962 1.2703278 1.0412674 -0.40121865 -0.57841486 1.1573005
12 -0.97410464 -0.13015912 0.62582463 0.8103716 1.0128486 0.04823831 -0.2016929 1.1412514
14 0.5217327 1.4718521 0.34870204 0.23478352 -0.11289392 0.81792355 0.29352123 1.1000553
11 0.4481027 1.1801237 0.616683 0.022849087 -0.7697751 0.9659726 0.40070274 0.8482736
42 -0.8573955 0.21889022 0.38381413 -0.09677104 -0.3601869 -1.0444089 0.42394048 -1.3248652
8 -0.433544 -0.15235296 0.24827364 0.5916462 -0.060823884 -1.805756 -0.5316408 -0.63752997
47 0.010553978 1.2578593 -0.29043484 0.3037886 -1.0936595 -0.4707239 0.50605285 -0.8578607
20 0.50970596 0.31747833 0.7834706 0.30259022 -0.3231846 -0.3647854 -0.13378772 0.10099952
9 0.5363214 1.7520764 -0.10393667 0.14708911 -0.7900279 0.5194159 0.6833384 0.49256405
37 -0.0037532134 0.43482548 1.0756541 0.3805149 0.27709746 1.0284277 0.40388134 1.2275764
22 -0.05522626 0.1897572 1.3702898 0.11046615 0.83222175 0.62833905 0.052852593 1.2499069
38 0.008230331 0.71869004 -0.21114656 0.5234743 -1.0522131 -1.3652743 -0.18246278 -0.9943096
3 -0.33521464 0.42823184 1.3364807 -0.22628887 0.64515936 0.8923522 0.3802161 1.0281044
25 0.58448786 1.1073992 0.252378 0.6384118 0.045740366 0.46076944 -0.06417087 1.6922882
32 -0.055890318 0.7761663 0.7800382 0.41252244 0.7820026 0.9096856 0.20773685 1.609334
31 -0.6507573 0.1609178 -0.14723884 0.80695164 -0.041835375 -1.7471141 -0.38535997 -1.010108
44 -0.2860294 0.38752383 -0.27067092 0.9220058 -0.8322294 -1.2897985 -0.2205276 -0.9169091
40 -0.5719731 0.5094458 -0.31010595 0.8012376 0.3891473 -1.4281577 -0.20603593 -0.44779566
7 -1.0423582 -0.6990859 1.1451906 0.66038775 1.1871067 -0.29576162 -0.30623803 0.43333182
41 0.07414892 1.3524282 -0.86314046 1.0082359 -0.768423 -0.7296949 0.26271468 -0.4037454
46 -0.110196926 0.8209341 0.45807615 -0.41119602 -1.3034264 -0.3631688 0.4995339 -0.98712116
48 0.066760525 0.8907151 -0.4058972 0.8350631 -0.64378303 -1.2126139 -0.06809617 -0.8690768
2 -0.887488 -0.31979704 1.4949791 0.17345059 0.9196278 0.732551 0.21977176 0.9070534
