50 8
23 -0.34989488 0.57596785 0.3354886 0.25813505 -0.24336134 -0.33379698 -0.3201325 -0.53340465
1 -0.00878629 0.80432105 0.3575371 0.30775774 -0.5663412 -0.06454755 -0.13859053 -0.779242
19 -0.6187661 -0.22881143 0.6718707 0.1660437 -0.10883387 -0.8161995 -0.43283492 0.077767774
39 -0.7034299 0.11406696 0.7983044 0.77313554 0.47920996 0.42539147 -0.3469393 -0.13336758
25 -0.19083503 0.9029742 0.78428966 -0.1311372 -0.20561597 0.40421206 -0.5296727 0.7598103
46 -0.051412497 0.49918687 0.33115828 0.21568388 -1.0686111 -0.24899417 0.30182767 -0.6634211
17 -0.4697103 -0.44844604 0.6714479 0.24208625 -0.91287154 -0.42046902 -0.17645203 -0.6252441
40 -0.4405046 0.37267044 0.63681555 0.54810977 0.8466606 -0.54886425 -0.013201208 -0.27501705
45 -0.15573275 0.88179207 0.1668561 0.4909825 -0.4099139 -0.11447119 0.5249286 -1.1085962
28 0.118999675 0.8400735 0.24917573 0.17918445 -1.3187052 -0.035463084 0.56292826 -1.1713301
43 -0.41461104 -0.03914624 0.41269448 0.6097613 -0.18110257 -0.7335557 0.33900705 -1.19087
18 -0.87446666 -0.19528429 0.9345602 0.513291 0.85786754 -0.37971148 -0.7612684 1.1735241
6 -0.39334503 -0.09648561 0.3468934 0.0696959 -0.7314871 -1.1727623 -0.062832855 0.16762786
24 -0.8217506 0.0824216 0.44966325 -0.15428273 0.066670924 -1.0345774 -0.6268685 0.3827568
48 0.089264914 0.8813549 0.46125013 0.738297 -0.42389888 0.5225322 -0.0990067 -1.4508357
2 -0.86728185 -0.1144846 0.63930565 0.1827406 0.42552063 -0.8410025 -0.49702406 0.33780587
14 0.2237536 1.4136893 0.40201348 0.15045117 -1.042755 0.7260755 0.7140625 -0.19306979
27 -0.22944494 0.7552226 0.2629608 0.4595131 -0.8158949 0.30167767 0.464044 -1.4551153
12 -0.5518971 0.0127106495 0.6621149 0.30343643 0.49859783 -0.9640715 -0.27406278 0.63888675
26 -0.73077714 -0.71379983 0.67009354 0.13347314 -0.20388211 -1.4474113 -0.6719097 0.089464344
44 -0.66116214 0.03172138 0.9460324 0.66335624 0.79861367 0.031070122 -0.8879278 0.6888308
36 -0.17415135 0.94243973 0.36721677 0.6932159 -0.5370845 0.77243423 0.3362467 -1.4992658
16 0.25630605 0.9389781 0.2703218 -0.08711783 -0.9349474 -0.59858197 -0.48390558 -0.96910733
29 -0.8512176 -0.36771742 0.42747006 -0.12446169 -0.5120615 -1.2451389 -0.4165064 0.17256413
31 -0.56488955 -0.19234967 0.5723279 0.69621426 0.282227 -0.75637054 0.4210039 -0.68678284
42 -0.69263303 0.18046698 0.4092551 0.1647195 0.08666003 -0.7537198 -0.30015975 0.012017359
41 -0.27466768 0.6406185 0.35218748 0.5814095 -0.57042193 0.2682411 0.8170757 -1.3824911
4 -0.008017407 1.1275297 0.27164772 0.100210935 -1.3171451 0.50045764 0.5792945 -0.48469278
20 0.1471061 0.48107532 0.32081354 0.022933625 -1.0661548 -0.78454435 -0.5090199 -1.0923643
8 -0.74174124 -0.5844376 0.56061184 0.51844466 0.29106614 -1.4437387 -0.1318746 -0.1371628
0 -0.64686805 0.0045388304 0.71199423 0.13649304 0.44718358 -0.8796922 -0.81276584 0.70743287
21 -0.6563864 0.25686738 0.74910223 0.321565 0.5392769 -0.30275106 -0.41357327 1.5415303
30 -0.974161 -0.19519137 0.6643765 0.83157986 1.0239326 -0.60346633 -0.36347282 0.5741982
11 0.21107364 1.4475567 0.37354156 0.23709758 -1.3454306 1.078556 0.8244131 -0.44730413
15 -0.38033605 0.21525908 0.53236306 -0.23452652 -0.05477937 -1.3660021 -0.6340666 0.981242
34 -0.06321198 1.1519122 0.32162923 0.5646982 -0.13406287 0.38432157 0.0057813604 -1.2271194
35 -0.19936104 1.1416663 0.91545105 0.44557452 0.2954975 1.2913666 0.028737418 0.81379384
10 -0.10376622 0.29876015 0.190622 0.22272894 -0.5365569 -1.4906412 1.0578382 0.55093837
38 -0.242138 0.53540504 0.29380602 0.38959497 -0.83062756 -0.08375892 0.9691464 -1.1722336
49 -0.23603238 0.5851328 0.50844824 -0.023620073 -1.3269372 0.49887723 0.13730675 -0.6082494
9 0.1592981 1.3272501 0.39489907 0.17473972 -1.3059608 0.84669065 1.1212802 -0.6561803
5 0.20225407 1.2631202 0.46508268 0.3807711 -1.0531449 0.9600179 0.64264303 -0.145368
22 -0.51710796 0.4984761 1.0544026 0.7380571 0.25988153 1.4302789 -0.72403806 0.50141007
7 -0.6571132 -0.4874364 0.46686962 0.28914827 0.2071253 -1.8582535 -0.2974921 0.64872783
37 -0.5305794 0.18429293 1.3971511 0.20014161 0.5219858 0.7323515 -0.25963405 1.8781793
3 -1.0114316 0.05967037 0.83755404 0.23921026 0.6743716 -0.1263571 -0.642203 1.1840674
13 -0.71550566 -0.4516353 0.81699455 0.62325513 0.35462046 -0.70147973 0.559938 1.2030321
33 0.24768098 1.528971 0.72415876 0.32181314 -0.35485226 1.1014183 0.59385544 2.0039191
32 -0.58804905 0.7442441 1.2530159 0.84252876 1.1908331 1.3426452 0.004514244 2.221258
47 0.1858153 2.2095537 0.6131186 0.53056324 -0.24054553 2.1014545 0.2675577 1.9642514
