50 8
34 0.057644837 -0.1970919 1.2621483 -1.1296642 0.48852783 0.42687318 -0.33077082 0.15017793
26 -0.9859104 0.18940106 -0.06767727 1.2132719 0.28472593 0.2043962 0.7433333 0.6727265
16 -0.090558246 -0.2242956 0.8436059 -0.6998718 0.62195337 0.41890645 0.08463798 0.39437878
28 -0.9605867 -0.04186037 0.8719371 -0.5607821 0.70507264 0.5859925 0.8116885 0.29342642
27 -1.1146821 -0.30421573 0.9557353 -0.3211161 0.6130206 0.63176 0.76820695 0.17966658
29 0.43030387 0.3721323 0.022361038 1.0613961 0.43548888 -0.36291897 0.034741826 0.43407547
25 0.7573017 0.14135401 0.42892727 0.13050589 0.47655717 -0.03230369 -0.3841658 0.31820288
43 -0.8233924 -0.040615547 0.8425359 -0.46727684 0.705167 0.70873904 0.8538548 0.23217577
1 0.5143242 0.13114212 0.8168934 -0.6491983 0.55808616 0.2321429 -0.3957591 0.18685873
18 0.20226307 0.4689842 -0.30014968 1.776211 0.17283928 -0.33658955 -0.032751735 0.61262506
46 -0.9749743 -0.02226214 0.8551267 -0.52229303 0.7310103 0.52418673 0.5762243 0.23832613
5 0.9415799 0.38348934 0.8581343 -0.86272824 0.19350849 0.15888889 -0.3628855 0.52050406
4 -0.05585252 -0.10325909 1.2421525 -1.0889517 0.45938805 0.3859901 -0.34175858 0.14856686
36 -0.6098558 -0.3128773 1.1628745 -0.9987675 0.743672 0.6181644 0.23814385 0.14261661
17 -1.0980296 -0.3430936 0.71249104 -0.035000388 0.73799074 0.6691341 0.6718727 0.19242005
9 0.73749334 -0.16966683 1.0984011 -0.6789235 0.3283143 -0.016870959 -0.6463561 0.24040085
42 -1.3057032 -0.031521354 0.74131227 -0.1971223 0.64188576 0.4968112 1.0000122 0.3515014
23 0.87398875 0.29151466 0.24322245 0.6881238 0.22002862 -0.36354178 -1.1351137 0.4236857
33 1.2672862 0.595066 0.20518148 0.5692303 -0.12801364 -0.23466922 -0.8918101 0.7065001
38 -0.8534022 -0.10978443 0.9417116 -0.29367903 0.58188915 0.4279071 0.7428667 0.17179596
35 1.375231 0.49103463 0.38660643 -0.14329357 0.07457601 -0.3543929 -1.0279442 0.72813314
24 1.1480839 0.50436175 0.15986677 0.68327826 0.097426295 -0.35291097 -1.0643616 0.5618203
19 1.1384636 0.49502072 -0.028372755 1.1660459 -0.0021329697 -0.47851586 -0.9886996 0.6883054
40 -0.5048731 0.6281128 -0.16225699 1.358848 0.24626221 0.5028633 0.77683496 0.44305825
14 1.1060431 0.08765696 0.7417213 -0.32224354 0.2514598 -0.1885584 -1.2693604 0.3607851
37 1.229211 0.30500367 0.16838647 0.81933343 -0.059877455 -0.40144116 -1.0638024 0.6701679
22 1.2407997 0.4663116 0.2847769 0.4834011 0.02458487 -0.44180986 -0.93786466 0.6326445
20 -0.54141885 -0.4336646 1.1787394 -0.603265 0.38393453 0.10000802 -0.076297544 0.30675364
6 -1.1680238 -0.10244888 0.50528747 0.78717566 0.40413365 0.59705484 1.0156962 0.21857494
44 -1.1468703 -0.14322299 0.44527236 0.3687436 0.62185216 0.47925034 1.0286566 0.38271743
41 -0.9264584 -0.22203629 0.988551 -0.404721 0.7412563 0.7572077 0.4412309 -0.028951718
7 0.6108727 0.7252302 -0.4625438 1.7089547 -0.018018158 -0.3502488 0.15636669 0.90087014
49 -0.30236357 -0.06638105 1.1329852 -1.2531395 0.58971405 0.5926504 0.017189156 0.3296682
45 -1.5537468 0.08433976 0.5669613 0.3249967 0.5180222 0.47903213 1.0872808 0.3186876
13 0.5122567 0.4578237 -0.26843068 1.8533945 0.17625873 -0.3701074 -0.48820108 0.4681241
3 0.8959323 0.63368875 -0.022471264 0.96476454 -0.08126801 -0.46319777 -0.8984601 0.7763892
0 0.84428793 0.7078764 -0.23801796 1.3717958 -0.19566414 -0.23166218 -0.6105176 0.8508415
31 -1.1336936 0.17626376 -0.018584555 1.2170712 0.28147942 0.51682436 0.8544514 0.5338131
21 0.7344979 0.43908313 -0.21007054 1.5503128 -0.032025952 -0.43787387 -1.1255726 0.68063587
48 -0.70890695 -0.16434345 0.98607683 -0.87337464 0.64730173 0.7169797 0.17694598 0.26241222
39 -1.3666134 -0.03742241 0.66519624 0.069831125 0.62883633 0.6547013 1.16982 0.26793647
2 0.7140271 0.68865097 -0.30013835 1.7063104 -0.090433165 -0.32550138 -0.15316197 0.76259005
32 1.3217225 0.75468135 0.107369944 0.9164916 -0.15842788 -0.4794061 -1.0877177 0.67958146
47 -1.1937075 -0.15928634 0.8464501 -0.32916394 0.69236904 0.86945033 0.8792321 0.19071756
12 0.5449515 0.603629 -0.3184985 2.0580745 0.22042905 -0.49275753 -0.21433304 0.43836156
10 0.1225399 0.15694304 0.55875075 0.16392736 0.034211956 -0.23853292 -0.2852435 0.63415176
11 0.31587467 -0.08453561 1.1641339 -0.9339926 0.46899936 0.28504193 -0.88400155 0.05714384
30 0.4125563 0.7668321 -0.22153543 2.006575 0.004409454 -0.46759546 -0.17477918 0.4317549
15 0.21028945 0.47567695 0.41626036 0.72814095 -0.2409183 0.19972312 0.4003181 0.5254806
8 -0.98472995 0.020128503 -0.046891645 1.5012956 0.23148434 0.45792082 0.8268788 0.49216282
