50 8
1 -0.27431673 -0.086459905 0.65507245 -0.56823725 0.44328907 0.39424023 1.17188 -0.22252023
29 0.17834997 0.06894971 -0.17855848 0.18741316 0.13514331 1.0236201 0.8996168 0.3201424
14 0.7285177 0.47476405 0.8521696 -0.094735116 0.16368586 -0.03556885 -0.3774505 0.29981294
36 -0.1893634 0.015510424 0.15168998 -0.12259852 -0.05902502 1.2981997 1.4208558 -0.269594
38 0.07826005 0.004881575 0.29498187 -0.31991658 -0.1557514 1.3794171 1.2819207 -0.34770676
48 0.2760729 -0.01573375 -0.022970783 0.7296887 -0.27957988 0.9114982 0.36580014 0.10987861
27 -0.13971466 -0.092707984 -0.21598832 -0.062266003 0.14941812 1.4448521 1.5312351 0.019188995
4 0.063259944 0.037756726 0.20814483 -0.25917545 -0.043288894 1.282148 1.1819292 -0.0812275
5 0.114297725 0.2683797 0.7536206 -0.39876297 0.19798735 0.30476058 0.56979287 -0.076129064
20 -0.2065826 -0.12681676 0.022239435 -0.2198593 0.09862569 1.1396046 1.5260202 0.083739765
6 -0.6453308 -0.2662508 -0.08802242 0.45318958 -0.033032555 0.8622286 1.0886271 0.226859
41 -0.36259243 -0.05098059 -0.033636745 -0.117990084 0.26332107 1.2856824 1.6947364 -0.2867922
47 -0.14831215 -0.1865923 0.35545722 -0.2658197 -0.12327121 1.1516877 1.319559 -0.17945686
28 -0.24716403 -0.17509578 -0.12499121 -0.016168699 0.04312762 1.3475193 1.4283233 0.1045152
49 0.014602273 -0.18606533 0.66450876 -0.50055647 -0.20745818 1.1479757 1.114788 -0.3138276
9 0.36043838 -0.09605439 0.69507754 -0.4995168 -0.2788312 1.0107535 0.9452354 -0.19158015
24 -0.0077631595 0.12514515 1.1547655 0.6701946 0.56284285 -1.1739417 -1.002377 0.5002097
25 0.8442762 0.43771675 0.75122714 0.45498538 0.11008841 0.029726978 -0.7844777 0.17425144
43 -0.6035252 -0.348229 0.28134197 -0.25145313 0.081464685 0.86501235 1.6497936 -0.104766764
12 -0.16523612 0.40444675 0.22347014 1.2800479 0.68253237 -0.60424733 -0.8510907 0.674956
8 -0.4099046 -0.24689142 -0.5869888 0.91455287 -0.14593382 1.1516972 0.94780195 0.49183476
45 -0.014450584 0.1273222 0.008928119 -0.12921646 -0.004163226 1.486824 1.454317 -0.23121636
19 0.14381152 0.24404322 0.94441897 0.95810485 0.5872386 -1.1493399 -1.1926962 0.6148114
26 -0.66382456 -0.51267684 -0.35051197 0.49097493 0.16286097 0.73896444 1.2805228 0.6288121
18 -0.01926142 0.35765803 0.40658206 1.3181672 0.646099 -0.90691876 -0.9682675 0.6758669
34 0.16188875 -0.17152031 0.50126255 -0.47263646 -0.21218295 1.276002 1.1357459 -0.18941242
15 0.3302383 0.3494929 1.4295499 0.67440516 0.28243694 -1.0983026 -1.4365535 0.462825
23 0.25214788 0.28997076 1.1330663 0.60226494 0.53187525 -0.84162253 -1.0808629 0.15844287
39 -0.19763161 0.023320017 -0.098208144 0.08047431 -0.19217911 1.5001281 1.4318061 -0.1962975
16 0.13313404 -0.106601804 0.49642217 -0.31589994 0.15671758 0.5050015 0.666749 0.31244788
17 -0.52075636 -0.15632531 0.8465505 -0.9326258 0.494256 0.14400096 1.2820039 0.07504587
44 -0.32872123 -0.15544091 0.012170245 0.022383392 -0.054242264 1.2591451 1.4426116 -0.12318851
37 0.42362228 0.13318984 0.52324694 1.1243784 0.6148161 -0.86179763 -0.9814425 0.84843314
7 0.4942386 0.32340786 0.6057902 1.0799457 0.5058085 -0.86558133 -1.1541065 0.77797
30 0.05182851 0.34734973 0.79749626 1.3616761 0.35077378 -0.9481049 -1.2096655 0.3580808
33 0.20687656 0.16584547 1.2677885 0.9553392 0.46552512 -1.3093148 -1.3397597 0.41227853
13 0.2624196 0.5023582 -0.031360406 1.8022724 0.60360867 -0.5108061 -1.3032892 0.90358
21 0.6018268 0.4142022 0.77681464 1.3391379 0.18393967 -0.5225518 -1.6912581 0.5140232
11 0.27875406 -0.18595056 0.6923215 -0.6823906 -0.37346983 1.359307 1.1885929 -0.29671797
31 -0.43704295 0.02841589 -0.30821118 0.23375854 -0.14236696 1.4726155 1.5200071 0.10934969
0 0.43428487 0.40353864 1.0753909 0.9557331 0.3614226 -0.9653856 -1.4802028 0.48480672
40 -0.23003913 0.059476808 -0.13302562 0.4007311 -0.07213417 1.1385264 1.0001158 -0.029484456
10 -0.6560926 0.01172804 -0.046874624 0.8109876 0.20858333 -0.06502023 0.3839919 0.70656747
2 0.3404994 0.588761 0.9237866 1.097431 0.42489266 -0.9436148 -1.3770262 0.48599568
22 0.2503301 0.26587242 1.1170009 1.02275 0.33519927 -1.0715269 -1.5144541 0.59191316
35 0.51293975 0.33710957 1.3240755 0.91230106 0.5083248 -1.2386081 -1.5833436 0.45495403
3 0.61765164 0.5199402 0.93552804 1.2468752 0.29202685 -0.89973927 -1.7272621 0.6589208
42 -0.57955396 -0.12983069 1.3053699 0.43701208 0.73806936 -1.4094031 -0.775659 0.48741388
32 0.410635 0.6502393 0.9491294 1.2646261 0.48257816 -1.2409945 -1.6477199 0.74770176
46 -0.35158715 0.5004724 1.5412912 -0.547332 0.8630943 -1.178902 -0.21335496 -0.009328903
