50 8
24 -0.72177255 0.41483027 0.40173814 0.21530874 0.16123754 -0.021107445 -0.57480884 -0.5969357
23 -0.39524043 0.51644856 0.46632212 0.24555829 -0.041244823 -0.071413666 -0.4728074 -0.45793802
19 -1.0210847 0.24697767 0.50992906 0.31995207 0.14465773 0.27647388 -0.55355173 -0.29755625
43 -0.23268616 0.16661243 0.4546749 0.3430484 -0.49877563 -0.90789795 -0.23369448 -0.35844606
39 -0.2648322 0.4407259 0.30520308 0.23558311 0.24642342 -0.32145143 -0.42173705 0.20494056
40 0.25438827 0.6731425 0.44664106 0.18672329 0.29387215 -0.40425077 0.07558085 0.9811072
1 0.0033635837 0.48412904 0.15130813 0.56110007 -0.8874049 -0.87149775 -0.35524464 -1.0679967
28 -0.7850265 0.10063836 0.5238438 0.7237285 -0.69172776 -0.35731068 -0.022175482 -0.9521807
36 -0.20329535 0.33265117 0.12067025 0.84165454 -0.5962669 -0.56584686 -0.33871883 -0.9496701
46 -0.12134327 0.4320141 0.101216055 0.4055576 -0.5154823 -0.96468836 -0.12908351 -0.45725864
27 -0.095947504 0.38572636 0.042880125 0.91034067 -0.784247 -0.6813685 -0.19519967 -0.80985224
17 -0.856949 0.020786662 0.5072331 0.5391217 -0.43440726 -0.52188885 -0.27548072 -0.9172866
26 -0.48552644 0.16930862 0.44619885 0.6691529 -0.3009757 -0.3721194 0.30891618 0.5016498
31 -0.0756447 0.34880227 -0.020564627 0.4497127 -0.5000278 -1.068707 -0.1718925 -0.09853231
6 -0.7440046 0.07627771 0.3112204 0.92403525 -0.5871537 -0.36024022 0.15553023 -0.47589648
20 -0.9458362 -0.03020797 0.44079205 0.7668482 -0.52754426 -0.50578505 0.18720226 -0.46915162
16 -0.17642197 0.6713034 0.34756038 0.3677603 -0.29521066 -0.34796315 -0.14651196 -0.7265095
34 0.81535226 0.88447136 -0.00065414864 0.5865812 -0.37777272 -0.6115512 -0.571063 -0.6042836
42 -1.1933373 0.016772825 0.33701637 0.4132693 -0.31073472 -0.48254302 -0.27564287 -0.7916386
45 -0.22165161 0.3812708 0.14359428 0.50178653 -0.4452018 -0.7091845 -0.50311905 -0.93955404
49 -0.577265 0.24283688 0.34705546 0.54876953 -0.48746982 -0.3737833 -0.65874565 -1.380303
25 0.76001793 1.0983474 0.2884076 -0.09155599 0.5093236 -0.18566306 -0.4886974 1.4711992
29 -0.42000657 0.6670697 0.40213937 0.14095384 0.5922844 0.07333352 0.2745356 1.8232925
12 0.037743393 0.63089985 0.68315595 0.25134173 0.70219177 0.060150847 0.13328181 1.4170331
14 -0.2523244 0.95113754 0.11030092 0.007497612 -0.058103602 0.0048231143 -0.5057404 -0.21058054
38 0.61658573 1.1392492 -0.24274185 0.43204555 -0.48608348 -0.5717422 -0.43652418 -0.5834523
3 -0.71502215 0.6062881 0.9074875 -0.4020427 1.325108 0.4107936 -0.23334995 1.4981737
13 -0.76446426 0.24351804 0.7451239 0.42094406 0.4935467 0.057831217 0.636214 1.7217448
21 -0.32021064 0.556856 0.9098753 -0.09267316 1.2895081 0.21024132 0.05996558 1.8172908
7 -1.1774783 0.35571685 0.5581166 0.26920283 0.4192174 0.33733445 0.3060229 1.0525784
8 -0.107725635 0.44769046 0.2975387 0.61006945 0.39291134 -0.32549658 0.4484942 1.3095958
5 -1.1544418 0.09128597 0.5260817 0.546597 -0.48567492 -0.19314004 -0.28300354 -1.2834922
30 0.25334567 0.77020025 0.49820358 0.2112567 1.2320579 0.13326219 -0.08425776 1.8688956
2 -0.3579192 0.7034932 0.78765345 -0.2455022 1.2884136 0.3306356 -0.15568402 1.8516426
4 0.23376364 0.9009689 -0.009373062 0.48480225 -0.6732355 -0.58650583 -0.2262734 -0.8620128
11 -0.95500034 0.23717916 0.4691417 0.05479943 -0.46134847 -0.15907516 -1.1519122 -1.2261833
10 -1.0158005 0.35400465 0.30044705 0.8404038 -0.35241422 0.09121958 0.41291302 -0.33126807
9 -0.31698254 0.6500075 0.15536575 0.22483824 -1.0146725 -0.6634063 -0.24738052 -0.91142917
18 0.014220976 0.8462955 0.5301782 0.13992698 1.1547614 0.19178416 0.25274915 2.1953065
15 -1.5209005 -0.28677392 0.84954244 -0.003119106 0.39747342 -0.018555129 -0.5773744 0.1309556
48 0.15351708 0.69029945 -0.032435574 0.20873873 -0.6780868 -0.8158486 -0.5009201 -0.2250466
0 -0.78779304 0.47062206 0.969434 -0.33925924 1.6150697 0.36471406 -0.176748 1.5386432
37 -0.048755124 0.7534108 0.89708036 -0.36746582 1.3625355 0.2054232 -0.28834733 2.1094444
32 -0.2614232 0.80690485 0.6294596 -0.020212617 1.3070389 0.29875144 0.15412234 2.2898228
22 -0.032255303 0.4992384 0.89898515 0.31328475 1.2320008 0.2830809 0.17046411 2.187592
33 -0.2047955 0.7782674 1.0371236 -0.10540258 1.4982742 0.46483615 0.14352843 2.3892927
44 1.3345621 1.0369328 -0.0053904494 0.3310473 -0.5436069 -1.0291042 -0.43835425 0.25980216
41 1.5390328 1.4762598 -0.21813238 0.63333935 -0.20802687 -0.5991412 -0.18088722 -0.29009283
35 0.9316355 1.2318475 0.123002134 0.06628665 0.8032544 -0.32368737 -0.03509059 2.1986518
47 -0.79687333 0.33169064 0.28774127 0.35897434 0.24446742 0.019513367 -0.960882 -1.2625282
