50 8
1 -0.16914858 0.6254213 0.1138748 0.84202945 -0.52745575 -0.15740569 -0.12464694 -0.69115263
28 -0.33120736 0.44847915 0.5363314 0.60486686 -0.7154116 -0.27355894 -0.021152569 -0.83916503
13 -0.22848335 0.3928016 0.24151853 0.39566845 -0.33131027 -1.0621872 0.15830784 0.7385536
19 -0.38563156 0.07206604 0.6327488 0.10480666 0.24498053 -0.60169625 0.06504469 1.3013489
43 -0.28801584 0.5727627 0.41988373 0.64038676 -0.6509702 -0.21700148 -0.16290922 -0.82460433
16 -0.17148133 0.62788504 0.45698148 0.6135919 -0.57058084 0.16659722 0.11543269 -0.65799916
49 -0.7316403 -0.06999102 0.80711097 0.57696074 -0.8063095 -0.40011492 0.3984196 -0.42905957
26 0.17107418 0.7923375 0.015670126 0.60959065 -0.45076224 -0.88503593 -0.5050493 -0.106581114
29 -0.17437813 0.7499295 0.12572886 0.59492767 -0.7318166 -0.7988551 -0.23095766 -0.48541415
6 -0.2544072 0.5408398 0.24140742 0.42402136 -0.35342214 -1.4124638 -0.27092665 -0.00041222532
42 -0.536475 0.2881281 0.52621144 0.5737162 -0.7144926 -0.6019181 -0.06415236 -0.589794
36 0.03660569 0.7174621 0.12996283 0.95411587 -0.5550545 0.5650608 -0.2714533 -0.8865152
10 -0.3516591 0.21453148 0.58272666 0.17881055 0.009881472 -0.79249614 0.23126902 0.877168
44 0.17557058 0.8092943 0.07256052 0.5417289 -0.3929132 -1.150195 -0.53710383 -0.2033855
40 0.068797335 1.1425654 0.17550664 0.06186288 0.6685483 -0.2081724 -0.35657197 0.33910513
38 -0.22931056 0.70727605 0.28737935 0.6565057 -0.82027745 -0.24020147 -0.41712478 -1.0142722
25 0.18476067 0.74009275 0.16258258 0.47854057 -0.3663557 0.16235954 -0.43629888 0.17285046
20 -0.40160426 0.49123332 0.47925666 0.434089 -0.6362288 -0.8554443 -0.27816743 -0.5545496
39 0.33265224 1.0889359 -0.16494489 0.8055664 -0.5203156 -0.61122 -0.57854354 -0.68382937
18 -0.23856048 0.48129794 0.55185723 -0.14300711 0.5663243 -0.712112 -0.039840806 1.4087305
23 -0.4685888 -0.11962462 0.7944342 0.019071266 0.48441222 -0.47990578 0.1124714 1.6368212
30 0.2847242 1.0599474 0.11332913 0.22221902 0.6955133 -0.046484552 -0.5597785 0.45935458
45 -0.2052153 0.5801729 0.25950503 0.8482285 -0.68134046 -0.20575207 -0.3661678 -1.0737593
24 -0.14351653 0.6732699 0.44282484 -0.20431586 1.0804874 -0.5817153 -0.23167227 1.4336349
31 0.25218 0.66033316 -0.103724614 0.87893397 -0.35876623 -1.0875984 -0.39531732 -0.12222447
27 -0.19235869 0.5384875 0.14198405 1.0271574 -0.6511995 0.29171517 -0.43300018 -1.0276855
17 -0.42758548 -0.1457977 0.7431933 0.93774074 -0.90258163 0.40009424 0.053036664 -0.7458933
8 0.2022658 0.8399343 0.08436363 0.36679417 -0.12639618 -1.2472876 -0.28240997 0.3585196
35 -0.10541633 0.21778463 0.67101234 0.0721916 1.4361231 0.06839481 -0.19595005 1.5931414
34 -0.0019408786 0.4471902 0.27494743 1.0947902 -0.49008757 1.0883996 -0.28556925 -0.9664849
4 -0.32568663 0.14004847 0.59472156 1.0490887 -0.55629206 1.4928765 0.1396943 -0.8100093
12 -0.35786256 0.0012943561 0.69975144 -0.036829736 1.0109311 -0.67746073 0.44473872 2.2515712
7 -0.37764177 0.035341203 0.6235878 0.077577874 0.89281464 -0.70911884 0.25368816 1.8954333
37 -0.4100225 0.072610505 1.0016682 -0.092267916 1.4776565 0.62172943 0.15402918 1.5265032
32 -0.103009105 0.17479672 0.7207696 0.08037287 1.4149309 0.4614641 -0.07088467 1.7297058
5 -0.062160634 -0.27613947 0.65039796 0.73583037 -0.26058486 0.9294887 0.55283505 1.1121163
14 -0.31315497 0.26858592 0.70201945 0.23056422 1.0528865 1.7330014 -0.19215296 0.97360194
41 0.32483605 1.2570295 0.001348124 0.7645087 0.116754755 0.8740036 -0.44882956 -0.9347528
9 -0.14859244 0.5265073 0.5366447 0.53853106 0.12008152 2.0310562 0.26247385 0.24066935
22 -0.1537976 -0.11646191 0.83083576 0.33774418 1.2779465 1.0598217 0.13805453 1.5328507
33 -0.18549971 -0.0006241976 0.93670255 -0.10739559 1.6566633 0.47561938 -0.33800992 1.9035207
21 -0.41321203 0.15739165 0.8694215 -0.21167295 1.5583842 0.4497554 -0.18398178 1.7235364
3 -0.49035764 0.10392726 0.93649966 -0.1723251 1.2195187 0.16886641 0.43745184 1.9555515
47 -0.2968685 0.33928195 0.38761878 1.0688313 -0.79000896 1.03522 -0.021803906 -1.0013255
0 -0.43446413 0.016972493 1.1171321 -0.3636927 1.262815 0.0036988773 0.1757838 2.0193205
46 -0.46930498 0.075308934 0.6650931 0.8464067 -0.44448766 1.3321811 0.250396 -0.4910768
2 -0.03899163 0.15081604 0.7579496 -0.050694548 1.2935364 0.15547395 0.075217314 2.2897348
15 -0.76372373 -0.5845106 0.93140775 0.3819579 -0.043878455 -0.92964375 0.24974492 0.8314442
11 -0.5622755 -0.36343306 0.9588223 0.8678585 -0.5506772 1.5907704 -0.038196985 -0.43725196
48 0.32847267 0.8007232 0.13476118 0.90256673 0.19901825 0.80769736 -0.7011701 -0.77642655
