50 8
1 -0.47276023 1.0830262 0.35628703 -0.011612273 -0.2973752 0.023091247 0.16661361 -0.21314438
47 -0.58668244 1.2080698 0.60672075 -0.020221505 -0.01519812 0.22480185 0.15637575 -0.78576326
27 -0.41112664 1.304995 0.4579975 0.25578144 -0.36962053 -0.27823335 -0.19022857 -0.6180775
28 -0.030804193 1.269194 0.66372687 0.12747884 -0.45429885 -0.7302056 -0.26168007 -0.54651964
49 -0.565547 1.0690329 0.6970227 -0.12828642 -0.32461363 0.32513267 0.24745241 -0.6018404
48 -0.3547325 1.1146849 0.5540016 0.21757343 -0.22412911 -0.1952192 0.040383656 -0.6052154
43 -0.27991244 1.1320853 0.4920489 0.303013 -0.27035585 -0.94631237 -0.34657803 -0.4280346
24 -0.5697478 -0.62254214 0.4719837 0.18788584 1.1820091 1.1269866 0.6280008 0.88468194
9 -0.44986108 1.1084152 0.47307816 -0.4958257 -0.2514411 0.14311968 0.44025108 -0.09978441
20 0.035582837 1.0928434 0.5099658 -0.2566204 -0.8076078 -0.49333638 -0.23589823 0.1436228
4 -0.09566189 0.9611734 0.47052094 -0.07144286 -0.8311568 -0.33717093 -0.08300623 0.06140115
10 0.6643704 -0.364827 0.18436955 0.61280274 0.029735269 0.606258 0.16504543 1.3538553
29 0.2589883 0.8634193 0.12852916 -0.080194764 -0.7865478 -0.19340958 -0.3982691 0.6895698
6 -0.3597518 0.504658 0.3785961 0.90955967 -0.13276726 -1.0758572 -0.49716526 -0.1307371
42 -0.82019234 0.8265762 0.40467966 0.6010863 0.46271273 -0.45339203 0.087967865 -0.6449714
19 -0.14588861 -0.6342202 0.40488976 0.25407198 0.9263745 1.2026001 0.7982706 1.1088952
41 -0.115230024 0.9719438 0.5190735 0.34211832 -0.42201132 -0.8072679 -0.36234117 -0.23658514
34 -0.27784133 1.7091072 0.5394013 -0.1291873 -0.62038326 -0.41858506 -0.17458817 -0.7020007
45 -0.3768496 1.3590226 0.44160917 0.41072735 -0.11149254 -0.60953355 -0.283954 -0.7360086
38 -0.38132352 1.3054801 0.51766396 -0.2647918 -0.50064284 -0.24304417 -0.12607083 -0.35138446
36 -0.4747021 1.2663183 0.42901173 0.31152096 -0.20360765 -0.39792675 0.07310942 -0.6496499
14 0.07958196 0.897013 0.22085893 -0.53596014 -0.3011672 0.6695117 0.15431137 0.5560111
5 -0.090426505 0.004025459 0.36216444 0.10295496 0.17435226 1.0675397 0.6133149 0.6545207
39 -0.36651975 1.263835 0.47994742 0.2578723 -0.16061844 -0.89069057 -0.5482068 -0.5657092
46 -0.991827 1.3807166 0.56195956 0.15811197 -0.4095653 -0.39710882 -0.16419348 -0.90272796
21 0.18799357 -0.9015355 0.3833296 0.31154636 0.7454483 0.7896569 0.3962974 1.6344957
16 0.016673595 1.0822122 0.7396414 -0.43394506 -0.5203583 0.057186857 0.31796342 -0.24583322
44 -0.022159193 1.1390362 0.5312508 0.33588642 -0.30699942 -1.1213938 -0.59500444 -0.39261356
13 0.51148176 -0.8531755 0.09349974 0.929372 0.51170915 0.23031518 0.026720414 1.6992621
18 0.20105131 -1.0701127 0.25874364 0.7277077 0.7064244 0.5325518 0.15280133 1.7943845
7 0.31640562 -0.9275872 0.21002905 0.67210406 0.8240565 0.3511393 0.08785255 1.69139
26 -0.20548938 0.16025719 0.33593166 0.7968076 0.066337414 -1.0781071 -0.6802936 0.35261568
37 0.44172144 -0.92511195 0.49294212 0.20903605 0.5766647 0.919781 0.5065685 1.7201864
31 -0.30711484 1.1768556 0.5596624 0.5352069 -0.37087566 -1.212869 -0.6914975 -0.59684473
17 -0.9899842 0.28756034 0.8199802 0.14092547 0.49463886 0.3117125 0.32218882 -0.5081902
25 0.7384109 0.38305545 0.0034362935 -0.23191075 -0.43907484 0.44420803 -0.2773524 1.5079553
15 0.052470364 -0.7226249 0.2748742 0.23779064 1.1296933 1.1119069 0.56814647 1.4842552
23 -0.913186 0.068971336 0.679936 -0.044267893 0.67845803 0.6780221 0.588729 -0.03341377
22 0.29582894 -1.1038938 0.41511133 0.59282064 0.92925054 0.9795835 0.2663148 1.6653162
40 -0.50560945 1.0339133 0.5804917 0.15555686 0.17144892 -1.0205104 -0.30760106 -0.532983
30 0.3065071 -1.0303227 0.24584414 1.2374103 1.2081045 0.5716642 -0.01833591 1.352846
35 0.06828008 -1.232037 0.2576691 0.42259666 1.1398531 0.94375 0.47649825 1.9617562
3 0.25514358 -1.1870295 0.37767592 0.45970514 1.0211086 1.1969601 0.7310592 1.9371858
33 0.13484615 -1.2682141 0.34407416 0.47209772 1.2522235 1.0800087 0.5579053 1.9051268
0 -0.033281296 -1.2251024 0.38911474 0.72582763 1.5473275 1.0053262 0.6955525 1.4636137
12 0.19437326 -1.1111207 0.21240813 0.7628521 1.1924978 0.622893 0.44431686 1.7790775
32 0.3808529 -1.1957875 0.25564843 0.696154 0.99832535 0.92872924 0.45853943 1.917341
11 -0.24453755 1.0168064 0.5477834 -0.6333352 -0.8409608 0.63198763 0.13629662 0.17087333
8 0.42918736 0.16438207 -0.08271774 0.9108542 -0.27686593 -1.0263541 -0.6039961 1.0955447
2 0.30607414 -1.2095098 0.29001826 0.9874828 1.4144853 1.1121064 0.54622936 1.6083359
