50 8
23 0.77091324 0.20066917 0.5559499 0.62406117 0.22773169 -0.52410364 -0.97574 -0.18298994
24 0.29197857 0.46803492 0.16339014 0.3780494 0.4598453 -0.5004805 -1.1703056 0.49865288
38 0.11604503 -0.42992252 0.9331476 -0.31866625 0.93264216 0.7311009 0.10349352 0.18534204
1 0.5036706 -0.26000723 0.8270956 -0.02561534 0.73525757 0.34167454 -0.3958424 -0.14138047
27 -0.32574317 -0.09221124 0.7515908 -0.25967887 1.067655 0.60190606 0.8159108 0.55847585
36 -0.36105236 0.09087608 1.0291653 -0.21911818 0.64320046 0.82865465 0.72110605 0.17382845
43 -0.56782484 0.16721393 0.4722376 0.09824002 0.67025447 0.11853155 0.7968369 1.0843331
41 -0.24310687 -0.020499406 1.178739 0.16134785 0.4724533 0.89577395 0.5846066 -0.42997688
26 -0.5770596 0.24776188 0.4644276 0.3489223 0.20096707 0.04460353 0.5786092 1.0605236
30 0.2749374 0.61511904 -0.07202947 0.78294617 0.040083263 -1.2255003 -1.0330892 1.0248708
14 0.49010476 0.23785384 1.2855816 0.80385745 -0.5020931 0.17307384 -0.24430797 -0.94215786
40 0.43279704 0.62555146 -0.20861255 0.582087 0.5137954 -0.5444649 -0.8777832 1.100975
39 0.06623715 0.51969904 0.17375559 0.4176197 0.3974944 0.037870232 -0.80905455 0.59013647
34 0.2867997 -0.24112213 1.1069641 0.043445613 0.5337469 0.765806 0.2413755 -0.27925938
45 -0.6554156 -0.18072712 1.2303036 -0.14530167 0.17592035 0.5708405 0.6667941 0.3192156
12 -0.08391289 1.1354358 0.31769624 1.0759012 -0.28099388 -0.5735186 -0.30988273 0.1577075
4 -0.34050304 0.09332764 1.0736918 -0.08075901 0.3931273 0.86787724 0.48306718 0.03594715
25 0.4042456 -0.34332848 0.75950074 0.1439381 0.7374581 0.34799078 -0.05383588 0.039286193
29 -0.2773001 0.048866138 0.45349178 -0.14153235 0.7522681 0.3532577 -0.12102564 0.8347924
2 0.8274903 0.52174205 0.51400584 0.71402776 -0.07816146 -0.7235208 -1.2957518 -0.18141702
28 -0.9924403 0.7139249 0.4901542 0.30552164 0.2099415 0.6497433 0.3615973 0.7675974
16 -0.12764114 -0.46173373 1.2389873 -0.5992796 0.77404284 0.9284442 0.11128837 0.042483505
15 -0.05199455 1.0331125 0.11620325 1.1101415 -0.5451977 -1.231472 -0.112084165 1.0807822
6 -0.6968181 0.09832242 0.19381563 0.18430273 0.71771353 -0.039170228 0.53463024 1.4846611
18 0.37321407 0.4913227 -0.23393923 0.8068881 0.23109075 -1.0563467 -1.1786857 1.167
19 0.22700189 0.84750706 0.2997419 1.3868315 -0.5036079 -1.1274912 -0.61528146 0.16480464
44 -0.048476104 0.09939082 0.24566583 -0.3520796 1.0218532 -0.0038608161 -0.31358874 1.1942255
31 -0.21000452 0.64329886 -0.1850973 -0.0077738673 0.8194008 -0.14428848 -0.47883186 1.6143066
17 -0.21685338 -0.42502487 0.88734275 -0.31691253 0.7093526 0.395882 0.38451016 0.660943
49 -0.09878934 -0.48470497 1.2677894 -0.23405161 0.87650555 1.005722 0.84219116 -0.19524933
5 -0.226482 0.19326825 1.0652709 0.36213043 0.020255934 0.27747196 0.53079855 -0.08907655
7 -0.44518754 0.86022043 -0.06033701 0.5255535 0.2809257 -0.5079663 0.32662067 1.5144584
48 0.049286988 -0.11631208 1.2347044 -0.16453893 0.42679968 0.79323894 -0.20963882 -0.45193344
20 -0.68244815 0.1425157 0.7225908 0.09869741 0.33322075 0.54622024 0.6496567 0.80682206
9 0.0013057683 -0.24967588 1.4575902 0.1511133 0.08684417 0.9698338 0.7881119 -0.4365979
11 0.37814018 -0.66395456 1.583812 -0.11602319 0.14878918 0.41324908 0.0905449 -0.5877539
3 1.1434543 0.3533059 0.5271453 1.179693 -0.13649644 -0.9096139 -1.217739 -0.48724633
8 -0.7959106 0.63117415 -0.08522811 0.40134108 0.60217077 -0.1308271 0.39202547 1.6207455
37 1.0149071 0.29489744 0.38048315 1.1753404 -0.14815962 -1.5602062 -1.3518324 -0.10424993
21 0.5534266 0.1761686 1.1868843 1.502249 -0.90286845 -0.47022745 -0.6733517 -1.163006
46 -0.4609592 0.03356562 1.2478389 -0.4742741 0.48714343 0.91770774 0.47781947 0.047492046
13 -0.7756998 1.0456688 -0.36964694 0.6356831 0.5681502 -0.3870324 -0.09325232 1.557303
0 0.5688665 0.9002407 0.3488877 1.5590053 -0.5833358 -1.2285221 -1.1962993 -0.27003375
32 0.7732324 0.56074905 0.44365448 1.2371694 -0.37088504 -1.5231975 -1.268487 -0.18345088
33 0.6507716 0.73252195 0.7552431 1.6209363 -0.70836407 -0.8757775 -0.5657509 -0.8273705
22 0.96457905 0.3446897 0.59816957 0.8074243 -0.2535488 -1.445613 -1.7386647 -0.28715426
35 1.2093298 0.35629356 0.9088027 1.4458969 -0.7079543 -1.1460361 -1.2030119 -0.97985727
10 -1.089889 0.77980596 0.25219905 0.6885209 -0.03054074 0.20550087 0.5494713 1.1690507
42 0.07579141 -0.36617753 0.8028948 0.27235028 0.12503552 -0.9882495 -0.7098627 0.26500234
47 0.3150992 -0.8449145 1.5123924 -0.2356594 0.6047519 0.8138455 0.60956705 -0.41344717
