50 8
18 0.9903686 -0.5331017 -0.47262165 0.8133809 0.29256445 1.8572346 -1.1857396 -1.2831149
9 -0.30292422 2.3768082 0.3658553 0.17851044 -0.01953831 -0.71061945 1.3045559 0.43937603
34 -0.31405053 2.0639164 -0.475544 -0.17489035 0.2122413 -0.92310804 0.36859432 1.3312893
0 0.84650195 -0.50228393 -1.1558969 -0.64956534 0.26213622 0.76041573 -1.1818662 -1.699927
27 0.49783412 0.96190304 0.7766622 -0.012244594 -0.6553453 -1.2556407 -0.10868748 1.5141966
15 -0.087704405 -0.22078973 0.5726473 -1.1342036 0.94156504 -0.6507072 0.107020415 -1.713732
16 -0.4294342 1.4369738 1.015074 -0.11274287 0.021719798 -1.0381814 1.0205619 -0.70091176
4 0.42640948 1.3583556 0.8352871 0.1498355 -1.1337874 -1.5001426 0.42315093 0.6478357
28 0.7727051 0.12735242 1.2400056 -0.30695897 -0.5192355 -1.0191929 -0.21570307 0.8804709
20 1.2097372 -0.22478312 0.91891456 -0.09146886 -0.93637156 -1.4326319 -0.14337054 -0.29489937
6 1.4233845 -0.48971635 1.4033312 -0.18177249 -1.2257158 -1.4973977 -0.65956527 0.760031
11 -0.6510587 2.317166 0.27471817 -0.094306685 0.22373416 -0.5891212 1.4793127 -0.50354505
1 -0.040821847 1.1412723 0.40957177 -0.046014834 0.042924 -0.8506357 -0.13903207 1.4533389
8 0.75198364 -1.5803186 1.3162954 0.8108411 1.098993 0.8283688 -1.299844 -0.107772775
38 0.93792665 0.24946977 0.32002947 0.064915285 -0.6579197 -1.6967758 -0.7663532 1.8886684
14 -0.80140984 2.5377328 0.0742685 0.5430221 0.51967245 -0.030947572 1.1696428 0.29104823
2 0.24715102 -0.44494757 -1.0073647 -1.2332041 0.61073786 -0.4012551 -1.1919032 -1.2062883
22 1.6434413 0.55623215 -1.310967 1.1553928 -1.0870382 2.5095747 -0.9814883 -1.4905
35 1.6097592 0.80486655 -1.4764894 1.0155295 -1.0862436 2.5133395 -0.8563463 -1.2272372
26 0.53856426 -0.674809 1.6351836 -0.53694564 0.21606381 -0.8478486 -0.34683883 -0.119965844
36 -0.59677327 1.5730008 4.3132917e-05 -0.15847844 0.6792738 -0.6811627 0.22781238 0.9495772
31 0.4965438 -0.33817646 0.8774517 -0.1539531 0.62782156 -0.3136321 -0.9247184 1.6083307
41 -0.10243766 1.1607653 -0.43567368 0.19113363 0.4120802 -0.4601437 -0.60347944 1.6642896
12 -0.08484591 -0.018304465 -1.2575278 -0.05301735 1.374305 0.2510962 -1.4900521 0.6508765
17 0.14803213 0.61570996 1.3964578 -0.72582895 -0.10247806 -1.4947802 0.67209923 -0.23494188
32 1.6005943 0.34511727 -0.98878866 1.1122395 -0.8115712 2.8640015 -1.088429 -1.2782009
24 -0.023329776 -0.4157149 -0.69849527 -1.1412584 1.2365711 -0.6437316 -0.7810977 -1.0546696
37 1.9223136 0.6004241 -1.258495 1.075425 -1.4158877 2.3992438 -0.6172289 -1.8832124
42 -0.119019605 -0.38707533 1.29251 -0.4138542 0.865957 -0.5946048 0.26761496 -1.9080073
45 -0.08370241 0.105456084 0.8567223 -0.9347156 0.76349247 -0.6463096 0.6601102 -1.9886637
3 -0.12561077 -0.113396354 -1.2442468 -0.9562701 1.1329154 0.40518573 -0.9300364 -1.8169954
10 1.589048 -0.64509916 1.9071838 0.35423306 -1.6042408 -0.9670519 -0.4856741 -0.0073110405
5 -0.7866232 2.0208728 1.1438743 -0.75049925 0.3095604 -0.477676 1.2576909 -0.16512631
30 1.0501466 -0.6413878 -0.0039742794 1.1008173 0.71245587 2.0058312 -1.3874606 0.17405227
40 0.40507 -0.47810045 -0.32517955 0.10064886 0.9082805 0.62036127 -1.489737 0.60252506
25 0.7341079 0.7374314 -0.6322892 0.21373723 -0.65439004 -0.29029232 0.09050613 -1.399319
23 0.033814274 0.12678245 -1.2044407 -0.10920781 1.3749489 0.65502197 -1.2499442 0.56968755
33 1.4954815 1.0172535 -1.3681388 1.5114044 -1.2233312 2.901395 -0.7155163 -1.3853345
43 -0.022662714 0.2345612 1.6417913 -0.0057188 0.4293041 -0.58161086 -0.052101325 0.783853
7 0.34290347 -0.8776701 1.2723956 0.66681284 1.3325444 1.001476 -1.1072094 0.84728545
19 -0.31173423 -0.11788928 -1.38933 -0.9250358 1.5018817 -0.3586063 -1.2223681 -0.4118583
13 0.89327073 -0.67885196 0.20693235 1.2705249 0.8365731 1.8845974 -1.3050889 0.12894367
39 0.44531795 0.53875947 -0.114959985 0.14160268 0.35933924 0.17451616 -0.8460565 1.8083278
29 -0.2886839 0.8818294 0.3530307 0.24576992 0.3068904 -1.1729802 0.37785617 -0.46686667
21 0.3857052 1.9647108 -1.4421468 0.7580304 -0.2569655 1.910678 0.13464291 -0.6672633
49 -0.7067865 1.3860133 0.93877786 -0.17983966 0.8069907 -0.6281024 1.1783159 -0.86308163
44 0.2525855 -0.3498693 0.48899543 0.27959633 0.52889043 0.063639164 0.006814159 -2.3875675
46 0.24028979 0.26225162 1.5645678 0.010311517 -0.053391922 -0.32825348 0.68157005 -1.5938344
48 -0.023139304 1.5671804 -0.015627926 0.0889628 0.0838624 -0.9625937 0.06346071 1.7972283
47 -0.49341622 2.2069316 -0.06298313 0.16725527 0.15433349 -0.41977966 0.71176046 0.45143473
