50 8
31 0.030825574 0.053857066 0.13476019 -0.08571507 1.1540515 -0.0523618 -0.3210067 0.8007095
43 -0.15203497 0.25421193 0.56007653 -0.22955878 1.0696731 0.048898596 0.30298695 0.5053608
18 0.43465254 0.33402997 0.37919456 1.0864344 0.48719823 -0.541373 -0.6475489 0.60080004
46 -0.72247785 0.56794316 0.5494076 -0.8666975 0.25306544 0.23091644 -0.29055664 0.9940914
42 -0.39442703 0.38317987 0.6947498 -0.72700167 0.85159713 -0.21795225 0.010518192 0.7610577
19 0.025762832 0.48374838 0.54273015 -0.10277838 0.80509347 -0.6698324 -0.6428188 0.77216744
39 0.32154056 0.18394645 0.308844 0.8167267 1.1087831 -0.19386496 -0.27100116 0.24367583
0 0.110813074 0.72639567 1.0519775 0.12767947 -0.26787832 -0.39876857 -0.13234574 0.77782476
40 0.34314072 0.2898059 0.19573766 0.7044101 0.81795317 -0.44503883 -0.8854158 0.5717075
15 -0.06471001 0.5372745 0.97343504 -0.13981631 0.046992354 0.25777805 0.25164303 0.37660867
1 0.0760627 -0.10251623 0.1964589 0.29076397 1.5602096 0.5148865 0.059395187 -0.18863775
28 -0.87916654 0.38273162 0.432507 -0.79838544 0.9403622 0.5955372 0.2276562 0.49519053
48 0.5998958 -0.11701371 0.24360481 0.66293466 1.3306507 0.5436221 -0.09835019 -0.3471065
26 -0.18600255 0.18817136 0.3419121 -0.30771852 1.177365 -0.24267493 -0.14030059 0.8208695
6 -0.0006061463 0.014024114 0.3080437 -0.023527157 1.4177841 -0.60489553 -0.6538507 0.5640408
30 0.3848092 0.07660857 0.7002493 0.7550018 0.88775146 -0.16908029 0.0446218 -0.017200267
23 0.58912313 0.0692708 0.2214043 1.1091542 0.881759 -0.12794678 -0.79753816 0.011818629
27 -0.4778452 -0.06841243 0.58245337 -0.904649 1.1386513 0.83374184 0.27859864 -0.012050731
8 0.027979018 0.060798343 0.13471653 0.13076252 1.5941625 -0.33929268 -0.4945615 0.479802
13 -0.060428098 0.14027222 0.059183843 0.7292665 1.0544659 -0.5658884 -0.80239755 0.7904528
24 0.25012007 0.42137045 0.4485694 0.89215034 0.25416818 -0.47434047 -0.7127032 0.65744543
45 -0.8640282 0.0694726 0.94336456 -1.0183 0.22483516 0.9131521 0.44301334 0.30883816
21 0.22943778 -0.17756733 0.52390224 0.9057736 -0.5165688 -0.040635306 -1.0740509 0.60642135
20 -1.016019 -0.36812535 0.47712675 -0.7503025 0.17330758 1.3290524 0.059932053 0.34267026
44 0.3199862 -0.07956132 0.07425087 0.69233894 1.7784299 -0.17049028 -0.2416618 0.18712923
34 -0.46100456 -0.4719153 0.7481759 -1.0679673 0.17971075 1.6119202 0.10659095 -0.15785444
3 0.3994521 0.56237656 0.43063062 0.9312575 0.15751106 -0.6747344 -0.9101523 0.81960267
2 0.2671119 0.37791765 0.84617895 0.574491 -0.6525066 -0.13179383 -0.7911889 0.49379277
16 -0.61403173 0.071878105 0.5633842 -0.9116713 -0.18925664 1.1651877 -0.018403042 0.6835395
36 -0.7441361 -0.5254209 1.0024769 -0.6128983 0.23930943 1.5011743 0.65820223 -0.3958258
7 -0.11198232 0.4439926 0.2874405 -0.20763831 0.7282454 -0.76282865 -0.7113509 1.3820949
17 -0.8672428 0.04850745 0.8792899 -0.69529814 -0.1972412 0.51393336 0.3411565 0.94426894
5 -0.22675984 0.0036814301 1.252222 -0.39740318 -1.0815724 1.158731 0.08445028 0.20239931
49 -0.49940085 -0.14668834 1.0944521 -0.39177036 -0.6129174 1.1390543 0.6098316 0.4076327
29 0.22368924 -0.23498403 0.045749594 0.12184011 1.4423181 0.1960959 -0.6325739 0.1443228
4 -0.3314111 -0.27810866 0.87474465 -0.839472 -0.7645548 1.7650726 -0.13738143 0.083254606
32 0.76981074 0.12468723 0.82809615 1.3912772 -0.45878115 -0.17035031 -0.88114727 0.0002594341
12 0.023863858 0.0783576 -0.049135625 0.8939512 1.0321301 -0.5999447 -1.0742444 0.74570173
9 -0.060830537 -0.21837787 1.0266585 -0.19017039 -0.9160551 1.6725496 0.09542251 -0.14067896
37 0.3349539 -0.17168133 1.1729075 1.1623607 -1.2182593 0.06829048 -0.541111 0.24795006
35 1.0469478 -0.37238157 0.766084 1.3882475 0.34341744 0.07633757 -0.4844617 -0.48442653
14 0.06864326 -0.039728757 0.95525265 -0.1346024 -1.3285506 1.6291032 -0.46972427 -0.029701516
41 -0.13375565 -0.58556116 0.2714408 0.24801262 0.8809185 1.4413784 0.08312141 -0.5474643
11 0.11450125 -0.30629516 1.0929896 -0.35038343 -0.97024304 1.7462173 -0.12922819 -0.31134474
47 0.13184482 -0.35692596 1.0540148 1.2843237 -0.872541 0.6342223 -0.27376896 -0.2956368
25 -0.018285912 -0.35360518 0.35970518 0.18952286 -0.03503065 1.1792278 -0.5800684 -0.13429907
22 0.06391332 -0.85128623 1.0220122 1.3849536 -0.24551904 0.24650493 -0.28800192 -0.42710522
33 0.280927 -0.41134682 1.0086597 1.2396877 -1.0295829 1.6744261 0.33847037 -0.5358237
38 -0.51780576 -0.59109837 1.0350808 -0.34587047 -0.2990162 2.0738294 0.7079087 -0.47117993
10 -0.68597203 0.12020037 0.23105143 -0.20518598 0.06365335 0.38272595 -0.19134445 1.2511115
