50 8
24 -0.18478197 0.48639768 0.33957723 0.338249 0.09110653 -0.106585436 -0.44743076 0.711278
25 0.3694176 0.14134836 0.8670716 0.38245597 0.5099458 0.6189863 -0.60693276 -0.2256378
42 -0.547409 0.09404991 0.58198136 -0.14858684 0.0077942344 -0.08764616 0.48489988 0.9352377
43 -0.34512746 0.38171116 0.70882136 -0.6612799 0.43145356 0.09051411 0.7509326 0.6353889
23 -0.24006438 0.8908905 0.42646012 0.4264143 0.19774403 0.01509038 -0.483423 0.19403124
8 -0.27051076 0.5430971 -0.023228932 0.6601566 0.04888846 0.021350175 -1.1944349 0.82924485
1 0.024734786 0.29742864 1.235444 0.13573372 0.23328985 0.6899973 0.24806984 -0.4571272
45 -0.53117466 0.29155576 0.64017445 -0.17239507 -0.02898417 0.12736218 0.6687887 0.7334101
28 -0.54726905 0.7690423 0.19839334 -0.5460754 0.11646574 0.01190553 0.22237787 1.1207348
21 0.2440375 -0.054651294 0.3378737 0.76310366 0.5245503 0.4522372 -1.166389 0.28661644
31 -0.0998324 0.17150389 -0.09524754 0.8628463 0.147259 -0.07718404 -0.5984117 1.0922874
44 0.39056024 -0.3258199 0.614231 0.87446225 0.79067135 0.085083105 -1.1235404 0.07159415
40 0.16160785 0.37797582 -0.027737962 1.181199 0.073932335 0.182515 -0.8437645 0.7077303
39 0.4217118 0.24642034 0.41856954 1.3433881 0.1891631 0.4210301 -0.95254534 0.02936738
12 0.041444104 0.32137793 -0.006256492 1.0735791 0.26321667 0.25016102 -1.1117358 0.56582737
49 -0.3858605 0.33042622 1.108998 -0.9091736 0.38305235 0.23838979 1.0551038 0.36780202
41 -0.22100869 0.2075274 1.0924534 -0.63253284 0.67867285 0.40025055 0.48677626 -0.0066086687
16 -0.09824164 0.12989558 1.0384228 -0.8972469 0.7901314 0.5424871 -0.050343487 0.06602014
46 -0.06562246 0.6351733 1.377118 -0.4349095 0.10292318 0.78751194 0.16442275 -0.5004359
18 0.3248826 0.004307135 0.11867811 1.2698208 0.44565064 0.045790102 -0.9154215 0.50698227
19 -0.5533808 0.7640084 -0.05264251 0.070013344 -0.058219887 -0.68874145 0.045113347 1.4846653
20 -0.64530563 0.5537831 1.0608661 -0.9800105 0.1055145 0.2222637 0.44089136 0.40066501
26 -0.25685742 -0.064673334 0.1825377 0.11189454 0.63982326 -0.22979406 -0.53016275 0.9988771
2 0.079364195 0.028561778 -0.09843048 1.1553024 0.24679697 -0.123636566 -0.50515735 1.007755
32 0.6809143 0.09855842 0.064929366 1.827889 0.028761081 0.24119246 -0.56713945 0.51312923
48 0.62094074 0.11880226 0.9186426 0.5041445 0.38777182 0.8436968 -0.4886871 -0.32253137
4 -0.34519723 0.70477384 1.4015088 -0.7217908 -0.06039497 0.6887925 0.8015223 -0.230321
13 0.28155372 0.64950293 -0.14377871 1.1388133 0.08455859 0.22756767 -1.02377 0.6673038
3 0.6022271 0.12232891 -0.1394413 1.5672511 0.24400334 0.12128126 -1.0143042 0.80091083
6 -0.745703 0.7454365 0.23383108 -0.6281693 0.2944075 -0.3872284 0.00580508 1.1394577
36 -0.049248908 0.41089633 1.6642648 -0.52005225 0.30285835 0.7685384 0.5908621 -0.685758
37 0.4427367 -0.49860397 0.15644945 1.4825873 0.3661322 -0.18393618 -0.32526004 0.8512993
35 0.9253466 -0.24254759 0.7169437 1.534032 0.047831785 0.68164384 0.10572845 -0.040061004
38 0.0371321 0.31723338 1.5784684 -0.14925492 0.26073867 1.0729599 -0.10317472 -0.9240864
0 -0.098013274 0.20651588 -0.5374453 1.2163026 0.43431762 -0.16923492 -0.78190154 1.2993467
27 -0.64611256 0.2826323 1.3891625 -1.4465711 0.53498906 0.2826633 0.9741215 0.21107645
15 -0.56152344 0.597805 -0.1739437 0.31123957 -0.030949742 -0.5909694 0.4340331 1.5801749
11 0.06910401 -0.31235692 1.7676452 -0.60152614 0.4700999 0.70400155 1.0735793 -0.39437965
9 -0.26393956 0.21322532 1.6343875 -1.1872941 0.28841805 0.46289763 1.161294 -0.030793063
29 -0.29833403 0.09517863 1.4212971 -1.1409379 0.8006527 0.5502687 0.44038585 -0.19463684
17 -0.6214813 0.12587562 0.29780117 -0.34827203 0.33443037 -0.4225092 0.8854924 1.395637
30 0.45112336 0.06867907 0.062019143 1.7497754 0.45765975 0.024357108 -1.1609359 0.32786712
34 0.25461698 0.2205709 1.5338931 -0.5798406 0.36384478 1.048567 0.106060095 -0.5975427
14 0.012053948 0.41241696 1.6309783 -0.5274304 0.31323165 1.0703229 0.7366055 -0.7596284
22 0.3970786 -0.42522103 1.1131667 0.769357 0.441496 0.5365074 -0.5211186 -0.33889428
33 0.6128163 -0.2400986 1.0765249 0.92867756 0.38630304 0.8763882 0.63220847 -0.40499187
7 -0.20590152 0.75506777 -0.57195216 0.4228952 -0.05426288 -0.50152314 -0.34501386 1.8886908
5 -0.36013967 0.5974446 0.6139751 -0.8046792 0.25266615 0.00045813844 1.8050808 0.9869292
10 -1.125328 1.2448136 -0.032968704 -0.29974926 -0.45263517 -0.24718253 0.62768173 1.4187964
47 -0.15128629 -0.3146278 0.6837988 0.48658898 0.47067252 0.07960399 1.3713596 0.51484495
