50 8
6 -0.59222835 0.002417704 0.07580071 0.27344736 0.23647645 -0.76390225 -0.50563717 -0.3899642
1 -0.10143065 0.98928684 0.6113769 0.7592056 -0.45291594 0.70577556 0.32480615 0.37743855
39 -0.77101094 0.2224562 -0.011745823 0.0012332469 0.29481065 -1.1368916 -0.330986 1.0949552
18 -0.6305442 0.24501306 0.4308241 -0.34746066 0.40721673 -0.88651174 -0.598025 0.93022245
28 -0.4123716 -0.071376525 0.99621546 0.617645 -0.40661287 -0.024762498 0.92535317 -0.6341558
43 -0.50359285 0.05454474 0.7746871 0.5365078 -0.09897358 -0.029258892 0.83803797 -0.8382165
40 -0.81799906 0.30153647 0.10637173 -0.09152819 0.49024415 -0.81985706 -0.396637 1.1734068
31 -0.7360549 0.01556143 0.28800118 -0.2927432 0.6497313 -0.93507755 -0.75259954 0.5210891
23 -0.46013975 0.44322047 0.9319357 -0.627177 0.16810025 -0.104231164 -0.5396279 0.14363311
17 -0.522918 0.009950345 1.0242541 0.31933916 -0.0654417 0.43806812 0.39425552 -1.3825344
20 -0.14171956 0.10889594 0.053522468 0.83326274 -0.067209914 -1.0260389 -0.24914408 -0.21994594
25 -0.26460087 0.897711 0.3088448 0.16070573 -0.16164704 0.18367055 -0.82316166 0.8602597
19 -0.78758687 -0.033526875 0.46208638 -0.35187933 0.70720553 -0.5645468 -0.75226635 0.19849434
26 -0.46792388 0.22235489 0.14764987 -0.024115965 0.14583842 -0.96313894 -0.48601046 -0.61776114
13 -0.8989924 -0.15446132 -0.3137401 0.6354373 0.016385375 -1.2303097 -0.029211568 0.6713991
29 -0.39238602 0.5866351 0.44612107 -0.3924278 -0.16309969 -0.5728644 -0.64297444 0.08112185
36 -0.13106725 0.818619 0.78897256 0.7731052 -0.29350224 0.9745177 0.25785396 -0.47076398
7 -0.6813111 -0.31180328 0.16452332 -0.14053704 0.45980832 -1.6249522 -0.3034012 -0.6974166
4 -0.33477083 0.7459876 0.75586826 0.87884295 -0.58845097 0.91886413 0.8517437 -0.3801164
38 -0.13094527 0.664537 0.030542532 1.3798984 -0.8850502 -0.14170536 0.7260889 -0.45085156
16 -0.3368125 0.95504063 1.0578021 -0.5671183 0.035864715 0.53251237 -0.005122745 -0.56384957
15 -0.72760046 -0.4337409 0.4053226 -0.3630347 0.63712525 -1.7688869 -0.14097811 -0.73481077
27 -0.55884 0.14316623 0.79086745 0.91253144 -0.25672826 0.6854139 0.9496678 -1.2369766
21 -0.5380237 -0.1485292 0.5735109 -0.4554495 0.6595217 -1.0618043 -0.64509696 -0.6953008
8 -0.57216907 0.08879155 -0.35250112 0.62954724 0.22766885 -1.2558469 -0.6377329 0.79115283
45 -0.3890709 1.0214692 0.22962108 0.5102091 -0.37407017 0.5284593 -0.044736605 0.31691322
34 -0.15126146 0.90532315 1.2172785 0.4419237 -0.116403885 1.5216779 0.29678902 -0.7850034
12 -0.72943825 -0.1142305 0.07224605 -0.2741189 0.45204887 -1.748432 -0.45704213 0.19274837
30 -0.30317548 0.6125456 -0.20869964 0.5345331 0.26080522 -0.549293 -1.0993582 1.128607
41 -0.2590902 0.73393756 0.90169525 0.88489175 -0.39112392 1.2262822 0.5815063 -1.0710354
42 -0.229162 1.0755277 -0.1850247 0.57833594 -0.48028576 -0.38247228 -0.4291456 1.07672
24 -0.94920564 -0.3640607 0.43990982 -0.47549468 0.8962647 -0.977566 -0.32131606 -0.84526694
14 -0.41680342 0.5864106 0.8815345 0.68716836 0.15852979 1.428102 0.13304591 -0.45537785
44 0.011612719 1.029477 0.17201434 0.09719311 0.025341475 -0.43826258 -1.2953719 1.626969
49 -0.30307236 0.58929515 1.0308539 0.73726344 -0.21200912 1.2862937 0.46052253 -0.96509355
33 -0.23186812 0.8576131 -0.19252622 0.588407 -0.14160608 -0.49245057 -0.7904313 1.4315836
9 -0.38028032 0.62118095 0.67801905 0.9944635 -0.5548968 0.9195958 0.799405 -0.84883887
11 -0.008197412 1.0669 0.9095166 1.0247937 -0.96407175 1.2121307 0.48859432 -0.020336946
10 -0.64228046 -0.36972964 0.2110356 1.0353258 -0.1534061 -0.8820864 1.1435615 -1.2119223
35 0.10790761 1.2049773 0.14838369 0.6800221 -0.46394947 0.13516234 -0.7541006 1.2835375
37 -0.33990434 0.76678216 -0.18075535 0.62262964 -0.09708664 -0.38706446 -0.8609647 1.7408955
5 -0.06978469 0.67270607 1.1281955 0.79233706 -0.6918954 0.9432264 0.6576158 -1.2560163
2 -1.1121312 -0.5222139 0.751808 -0.8393067 1.3270664 -0.72835803 -0.701697 -0.35578677
47 -0.37509885 0.7650744 0.5752241 1.0179759 -0.5223635 1.2506063 0.29273733 -0.79954714
22 -0.08728753 1.3711205 -0.022704626 0.56453073 -0.17481068 0.40583575 -1.3516343 2.0240831
32 -0.23323151 0.9384823 -0.35453522 0.5716862 -0.16953662 -0.7734145 -0.85633373 1.6296777
46 -0.26277313 0.2375856 0.3220488 1.0883414 -0.53740335 -0.26354134 0.69552183 -0.77661294
48 -0.11427498 0.49701852 0.88202846 0.8977032 -0.51080817 0.73493916 0.5560467 -1.4655685
0 -0.87831634 -0.59090173 0.7570041 -0.90819216 1.3104714 -1.5131214 -0.5732571 -0.27909225
3 -0.87458205 -0.3757014 0.4297835 -0.5970948 1.0033319 -1.4019809 -0.7406906 0.24226488
