50 8
23 -0.5114258 0.03465777 0.71747845 -0.11868247 0.30712223 -0.03082901 -0.15974475 0.5247421
20 -0.33974063 -0.09038498 0.96660775 -0.48057202 0.1693189 0.46499065 -0.12997662 0.27328768
43 -0.1600617 -0.13712801 0.9054912 -0.29147416 0.8226096 0.4217726 0.0023628129 -0.02275115
1 -0.21384276 -0.012866509 1.0321039 -0.34748697 0.38594747 0.778273 -0.12006651 -0.23196371
49 -0.24824329 0.035640325 1.065327 -0.4504172 0.519799 0.77099425 0.08424906 -0.29724178
28 -0.63726264 0.08990112 1.0087378 -0.6695586 0.4528252 0.52511793 -0.17174456 0.20118715
26 -0.70032537 0.15004632 0.11788432 0.4571563 -0.059413463 -0.36193886 0.15082593 1.1006867
19 -0.33483908 0.46443945 0.57021976 0.18147513 -0.48073125 -0.43644786 -0.15971093 0.8537159
17 -0.35428882 -0.08232913 0.61568594 -0.21646045 0.72715324 0.3890308 -0.15562133 0.33622524
42 -0.20185116 -0.1440119 1.0296475 -0.40231737 0.8325131 0.45700905 -0.1964348 -0.10300064
40 0.063994385 0.29236853 -0.30209318 1.0627092 0.9837996 0.5977878 0.75995666 -0.010545454
24 0.13904408 0.59815466 0.5677019 0.2510685 -0.973259 -0.32142624 0.0052277045 0.83288723
4 0.05685162 0.012620052 1.3855784 -0.692075 -0.5477442 0.39857796 -0.32145336 0.21907279
34 0.1676526 0.21525674 1.2048324 -0.39861178 0.2448054 0.80620724 -0.02987787 -0.4584256
10 -0.5262771 0.33619967 -0.018846115 0.72103333 0.020098373 -0.4829007 -0.27352118 1.171955
27 -0.03886162 0.27847537 1.0190961 -0.33129686 0.5060242 1.0110241 0.14936222 -0.56130403
16 -0.29003453 0.058201984 0.940275 -0.46435902 -0.009120119 0.643961 -0.17305253 0.19422047
7 0.46998486 0.4158904 -0.42624447 1.463383 -0.37881854 -0.48242292 0.32519597 1.3592857
5 -0.29370642 0.3343252 0.8937264 -0.297515 -0.9057163 -0.12888306 -0.06871786 0.7650872
47 -0.42423755 0.15355523 1.2194093 -0.6612753 0.38827208 0.89065254 0.06898761 -0.4140301
14 0.89546984 0.5381903 0.29574645 0.9327187 -1.3441634 0.031399354 0.14947888 0.6825693
15 -0.49765754 0.35440612 0.72567064 -0.13867667 -0.6833362 -0.23990774 -0.13064094 0.8703841
36 -0.2949563 0.36583453 1.0142835 -0.41837627 0.47315735 0.98884535 0.38575768 -0.61571115
44 -0.08417069 0.10090123 0.58278364 0.2195257 1.389406 0.79581904 0.48588225 -0.63394016
6 -0.26112932 0.3049601 0.76064235 -0.18485112 0.9705751 0.48630258 0.1671982 -0.25325233
29 -0.06843024 0.25478825 0.032543436 0.5498692 1.1929961 0.20424575 -0.16284446 0.27626497
45 -0.066070065 0.36959198 1.0180926 -0.29190102 0.5835953 1.1566701 0.47477585 -0.8251451
31 -0.29272264 0.09693591 0.567136 -0.10255618 1.3362796 1.2360135 0.24539758 -0.5448381
25 0.65288794 0.5913792 -0.050776597 1.0518525 -0.6168491 -0.37414664 -0.10060164 1.0561105
46 -0.32591498 0.08699919 1.2202173 -0.5194821 0.4451652 0.7798996 0.008963307 -0.4251864
22 0.36066607 0.42342478 -0.3285716 1.5181148 -0.54849577 -0.7483206 0.14178625 1.4933728
21 0.39168552 0.19454233 -0.45839036 1.6576113 -0.2370637 -0.5471288 0.1432881 1.3700225
8 -0.42707896 0.1698999 -0.46878916 1.1204487 1.1952024 0.19507048 0.25591427 0.49459985
3 0.370751 0.3437935 -0.3087182 1.385133 -0.5471584 -0.62530386 0.04256389 1.4887859
12 0.3976349 0.55100024 -0.42783636 1.5543209 -0.22508867 -0.68407464 0.2205123 1.3566616
39 -0.3253489 0.10737807 0.82019615 -0.23707718 1.1258705 1.0965278 0.24508668 -0.6260834
0 0.55227304 0.28470373 -0.08760329 1.222139 -1.0640156 -0.6854035 0.21173452 1.5836308
13 0.6752122 0.3156453 -0.5047249 1.8192154 -0.16714561 -0.5348087 0.26004204 1.2583375
41 0.2662446 0.158188 1.2865933 -0.35207152 0.48980954 1.2886832 0.164571 -0.9551554
18 0.49296072 0.48711258 -0.80048436 1.8484106 0.14197023 -0.1806119 0.34459174 1.0572312
38 0.4421736 0.13077706 1.2504301 -0.25309357 0.20428358 1.081796 0.28346926 -0.80906254
2 0.4682947 0.35697818 -0.19381376 1.2568841 -0.91041434 -0.6015676 0.1459879 1.5493803
9 0.883238 0.20098479 1.2647616 -0.012969632 -0.4671804 0.3333119 0.41876093 -0.34065276
11 0.19660638 -0.24124669 1.4638938 -0.6098503 -0.33233175 0.50617117 -0.41418236 0.07756395
37 0.7505501 0.34310168 -0.427081 1.8538803 -0.46662682 -0.685691 0.40612474 1.3239369
48 0.23307553 -0.040117122 0.8416661 -0.04504986 1.077967 1.3634827 0.46713293 -0.85094464
30 0.7522951 0.6817775 -0.76740235 2.058502 -0.09417678 -0.56426775 0.41771454 1.135862
33 0.84706014 0.47481924 -0.38825688 1.8174654 -0.70614135 -0.46713418 0.4362806 1.2316318
32 0.9064549 0.5235382 -0.61930007 2.0281427 -0.5261703 -0.5934782 0.8003092 1.2090807
35 0.9636208 0.42058295 -0.6771637 2.1865647 -0.13880938 -0.5794486 0.64561486 1.1589545
