50 8
19 -0.38494766 0.15943173 0.7044426 0.12402331 0.69287884 0.03862959 -0.29679257 -0.07887276
43 -0.50188994 0.12845021 0.77049124 0.7442451 -0.41024747 -0.4155926 0.26291418 -0.7281656
1 -0.2911761 0.75860995 0.45997682 0.5093637 -0.5969612 -0.30762208 -0.16365089 -0.37200487
24 -0.642568 0.10059848 0.424513 0.26705807 1.1386445 0.31262618 -0.13327684 0.34569147
17 -0.6617999 0.06745215 0.8113593 0.7682881 -0.6117637 -0.059543453 0.13009045 -0.09389261
23 -0.43468925 0.14991955 0.86170983 -0.32617307 0.6850291 -0.28977925 -0.31193766 -0.07366517
40 -0.06373342 0.82533187 0.47850296 -0.5541485 0.9600823 -0.016511878 -0.19305529 0.6825949
39 0.061135706 0.5755154 0.57409763 -0.53184533 1.0356932 -0.4681379 -0.41623124 0.5507857
15 -0.5645623 0.10280951 0.61876214 -0.10852544 1.1551607 -0.012837149 -0.17931022 0.090916604
36 -0.60616994 0.090036996 0.57695276 1.2844046 -0.4975404 -0.13638854 0.39927047 -0.57383966
28 -0.4494868 0.37090534 0.56836843 0.45775032 0.10138023 -0.62682474 0.27509338 -1.0953547
49 -0.60613424 0.41646495 0.8122312 0.95536155 -1.1348083 0.5696629 0.34691706 0.06870312
6 -0.34705693 0.36160582 0.47258243 0.21742475 0.31927714 -1.104845 -0.35481167 -1.007467
42 -0.5272939 0.46014026 0.42900956 0.32442132 0.085854545 -0.7768879 -0.009431297 -0.95986646
29 -0.21856937 0.9362896 0.5820027 0.047151744 -0.7572867 -0.038155533 -0.30805632 0.5837286
31 0.011970925 0.91340595 0.22555965 -0.3146003 0.5561443 -0.98718977 -0.5496621 -0.19990936
27 -0.5755564 0.80929977 0.25301716 0.7619671 -0.6018815 -0.4844186 0.12364189 -0.9505035
13 -0.43731746 -0.21902303 0.72418135 0.7947301 0.53978044 -0.074162595 0.39069864 -0.16941044
20 -0.29846302 0.66344535 0.37452346 0.6121466 -0.35695255 -0.5183124 -0.2182613 -0.6480113
8 -0.31768078 0.024679141 0.66243845 -0.17386843 1.1249537 -1.0190195 -0.39417735 -0.57115084
7 -0.5433408 0.16271555 0.5521435 0.12645407 0.6352347 -0.7401806 0.0879026 -0.7508198
38 -0.53807515 0.27047038 0.404833 0.66444623 0.4131164 -0.38544133 0.2645106 -0.8717105
26 -0.37633207 0.37569708 0.42498657 -0.066646114 0.6951708 -1.0100632 -0.57905096 -0.84150434
45 -0.30016723 0.8956766 0.09632453 0.3885372 -0.049487654 -0.8177814 -0.31841278 -0.7345598
2 0.10674194 0.4275958 0.58164084 -0.47515646 1.500945 -0.22219487 -0.07852056 0.7135754
41 0.117171034 1.1620406 0.32044828 0.17331935 -0.7276548 -0.92024726 -0.91574776 -0.47332844
44 -0.031377748 0.7928159 0.22746712 0.16265059 0.16266228 -0.9579445 -0.46064353 -0.3549729
16 -0.020584308 1.3533187 0.4217837 0.5444507 -1.4384584 -0.07359091 0.23064893 0.047672976
21 0.06917944 0.49735785 0.6809646 0.2650198 0.4419393 0.7491736 0.18903564 1.6262907
3 0.17736124 0.66900146 0.61815614 -0.09489546 0.5450055 0.42858246 -0.11224428 1.6022043
12 -0.1251513 -0.014953414 0.7184399 0.44227538 0.9782439 0.5701314 0.46359476 1.4391139
25 0.46355206 1.1078234 0.593919 -0.20775124 -0.23917383 0.076058745 -0.49234933 1.4548202
18 0.019404765 0.40427187 0.7769608 -0.5593055 1.335714 0.16679394 -0.05941648 1.2548748
10 -0.55376714 0.13565227 0.42858967 0.43570626 1.0241995 -0.48240885 0.16834562 -1.1011134
4 -0.22784053 0.5965162 0.39579228 1.4661995 -1.2729403 -0.25009325 -0.009137173 -0.23763195
0 0.03186723 0.44429743 0.69890946 -0.6223831 1.3741801 -0.02519994 -0.27511173 1.1551707
34 -0.12624584 1.3230702 0.4313195 0.8029117 -1.5629444 0.6447048 0.4280216 0.8185196
22 0.03938178 -0.0657071 0.89470714 0.1312169 1.1484883 0.5084393 -0.28835356 1.5027715
14 -0.3783744 0.9938822 0.06267248 1.2831124 -0.7388767 1.0566039 0.4085877 1.0380859
30 0.35705313 0.9523287 0.28142622 -0.4980627 1.1676978 -0.2524065 -0.3135225 1.2143326
33 0.23332033 0.14705959 0.95045286 -0.3865336 1.2750667 0.15955752 -0.5165916 1.6130567
5 -0.8630736 -0.3599182 0.81229985 1.6944351 -0.4216376 0.53600764 0.8816011 -0.33827022
35 -0.10577449 0.10945913 0.5143071 -0.1829625 1.669793 -0.112038486 -0.5633508 0.926639
32 0.08928274 0.19503386 0.8795962 0.026773283 0.9650656 0.7333172 0.040658273 1.7145319
9 -0.65551317 0.7272328 0.20193352 1.2880421 -0.5840388 1.0990597 0.7153652 0.69273084
46 -0.6095136 0.37455338 0.3412403 1.6890086 -0.95172346 0.11823099 0.14388962 -0.43098027
37 -0.090511575 0.11255994 0.76701146 -0.54609317 1.8916805 0.20349297 -0.21658112 1.2486025
11 -0.4067153 0.8909723 0.7084601 1.3850232 -1.9508716 0.81269526 0.57083577 0.3556502
48 0.37299493 1.5180063 -0.10162273 0.89405894 -1.0447862 -0.15386614 -0.7135519 0.6947864
47 -1.0327352 0.620731 0.24666597 1.561613 -0.8730181 0.6134387 0.696069 -0.85218585
