50 8
1 -0.37369636 0.08439897 0.41306704 -0.42210686 0.78241575 0.49313432 0.5504991 -0.17854102
26 -0.64711004 0.3783479 0.30372372 -0.12913619 0.5375876 -0.35558587 1.0738 0.7981907
4 -0.55753905 -0.26904985 0.5253371 -0.1283658 0.5145668 1.1943398 0.024518998 -0.47403538
38 -0.41636404 -0.50735605 0.49649486 -0.016537549 0.38363472 1.3452846 0.1982129 -0.42682973
36 -0.577711 -0.22400439 0.61182266 -0.45266798 0.4023797 1.1288649 0.5995562 -0.41999483
48 -0.9409694 -0.6352081 0.47521594 -0.7348432 0.5637644 0.9886162 0.6913821 -0.09065989
42 -0.5140952 -0.16034245 0.49766603 -0.7735821 0.8739773 -0.14545546 0.561415 -0.09250886
17 0.0040973336 -0.14602289 0.5130802 -0.63853425 0.60554427 -0.5884302 0.701418 0.43342748
45 -1.2405407 -0.5645742 0.34251115 -0.18505956 0.52616096 0.76458436 0.2805784 0.14658287
27 -0.81109667 -0.2894366 0.5740277 -0.5770499 0.44101784 1.0563351 0.43690118 -0.22072947
6 -1.0381087 -0.34398586 0.47385266 -0.848463 0.7280056 0.5670149 0.83019656 -0.10667565
46 -0.65401584 0.36961007 0.7501387 -0.86681384 0.41768664 0.6053662 0.86779016 -0.38174704
49 -0.4333744 -0.4042508 0.7452819 -0.5078906 0.30156952 1.01695 0.22676508 -0.60206455
19 1.0556405 0.38678327 0.8635252 0.8168072 0.022752693 -1.1277846 -0.4022729 0.751304
20 -0.96732116 -0.4712141 0.1728812 -0.09635628 0.80739206 1.0339268 0.09935941 0.07433446
43 -0.95797634 0.17754829 0.3987646 -0.57514864 0.85172755 0.6771786 0.86321354 -0.22250502
14 1.1362284 -0.05110629 1.0270419 0.96318734 -0.5454098 0.31370577 -0.7888697 0.23724192
34 -0.23049758 -0.45548126 0.67538613 -0.3368396 0.40337327 1.2902681 0.0023676548 -0.62227106
23 0.8424561 0.94769365 0.6476834 0.86966765 0.39580432 -0.15968782 -0.59862626 0.062431674
28 -0.90194577 0.1899913 0.44493067 -0.5107857 0.7222996 0.96968526 0.65924364 -0.32892197
31 -1.0148349 0.10184905 0.39331207 -0.4557849 0.63999957 1.2543024 0.81334937 -0.2706141
44 -0.7921383 -0.096307814 0.46468824 -0.5199298 0.70000565 1.0954182 0.64589417 -0.48044026
24 0.7102264 1.04782 0.7494569 0.54311574 0.29648015 -0.867462 -0.41330948 0.58329993
10 0.12529306 0.73660725 0.4196754 1.2219005 0.19415596 -0.14494136 -0.26843876 0.7338576
29 -0.31205818 -0.7064172 0.37969834 0.27844128 0.47319332 0.595421 -0.4180946 0.06284336
41 -0.68122816 -0.21152188 0.53218484 -0.4872254 0.6632827 1.0935569 0.724946 -0.60478187
18 0.57536656 -0.063730314 0.35662255 1.0742615 0.35646287 -0.973946 -0.2415265 1.0821588
5 1.3514531 -0.11052722 0.87788904 0.6952111 0.07220071 -1.1002271 -0.30900952 0.6544731
21 1.3270272 -0.20581105 0.8927249 1.0714799 -0.25280708 -0.78488 -0.6498512 0.77698463
15 0.7952138 0.6671402 0.83609766 0.5910325 0.054496374 -1.6988896 0.044684913 1.1637126
16 -0.6542975 -0.5283706 0.49439052 -0.37786865 0.23689042 -0.1086947 0.42622584 0.6680052
33 1.0341891 0.11209091 0.60196096 1.1240836 0.3107742 -1.329066 -0.43419924 0.98937523
40 -0.70702535 0.28759068 0.58348006 -0.3432481 0.45975575 1.4432449 0.9064875 -0.5804656
12 0.56098694 1.256727 0.5282079 0.5977621 0.67897254 -0.93228513 -0.10277741 0.5273375
7 0.9225609 0.56731856 0.6871242 0.56452 0.21786444 -1.1874114 -0.3015068 1.0936071
30 0.74561465 0.24355367 0.9139887 0.53606933 0.056354646 -1.5915494 -0.088077165 0.88711435
13 0.5810116 0.4787704 0.39477527 1.2242494 0.5001166 -0.1573457 -0.6784163 0.44982943
39 -0.9524492 -0.19183104 0.6204105 -0.5861286 0.5032242 1.4820626 0.5311745 -0.7256747
8 -0.80778265 -0.39303002 0.2818617 0.11371712 0.5954522 1.2028513 -0.19795267 -0.049329694
9 1.1593122 -0.3364967 0.99028224 0.65364486 -0.34060913 0.52217484 -0.60295373 -0.33879375
0 0.94569117 0.20725386 0.7253516 0.5915692 0.45515254 -1.9636086 -0.13075566 0.9898224
2 1.4570311 0.33729547 1.1484758 1.0278738 -0.39582253 -1.4012614 -0.4312292 0.8716947
32 1.0024794 0.3716805 0.56607074 1.4442434 0.12717913 -1.0919771 -0.43926853 1.216303
3 1.2618504 0.754106 0.8088271 0.7784373 0.3309741 -1.5257217 -0.39858887 0.9162796
47 -0.82175654 0.0105393445 0.74837846 -0.80883163 0.39844885 0.9811503 0.72428906 -0.5871132
11 0.6317196 -0.6878865 0.9177473 0.63265705 -0.36355203 0.6947915 -0.8188873 -0.11523388
25 0.04929267 -0.8329441 0.07603312 1.2217379 0.4751448 0.4116704 -1.039381 0.7232222
37 1.0870312 -0.8917447 0.87754077 0.829717 -0.12891263 -1.0942924 -0.8891704 0.94095117
35 1.0672312 -0.19304076 1.0226549 0.9330689 -0.18252486 -1.8049656 -0.39277422 1.0370339
22 1.0469979 -0.97533935 0.9719128 0.7412572 -0.17389621 -1.2807715 -1.0894167 0.9292067
