50 8
23 0.20394336 0.36377963 0.839724 0.61250335 0.031008966 -0.8695705 -0.7791599 0.50881064
41 -0.0025791759 -0.03183247 0.72950673 -0.5423565 1.0370352 1.0033367 0.4427583 -0.37874684
16 -0.044676468 -0.2695191 1.1052417 -0.056995675 -0.18862845 0.52788395 0.2770365 -0.42800558
43 0.24443987 -0.14138877 0.93143284 -0.3879644 0.5374124 0.92164224 0.44450748 -0.46322897
31 -0.36618334 0.7114428 0.20893355 0.16478162 0.8599037 -0.044549327 -0.4632947 0.9623706
40 0.024694387 0.65434986 -0.36039662 0.9612157 0.65356106 0.41756204 -0.055199903 1.0159241
26 -0.40174925 0.58635116 0.10304178 0.7152799 0.5802701 -0.28073487 -0.1780326 1.0824164
13 -0.097421214 0.5836937 -0.003309677 1.4486083 -0.10662134 -0.12019448 -0.28976402 0.6574062
6 -0.69186485 0.7588385 0.6267104 -0.29949012 0.37625638 0.15458019 0.14751431 0.27213308
42 -0.50803643 0.51247317 0.732537 -0.6348325 0.9908305 0.017044783 -0.22221309 0.5404152
1 -0.23962955 -0.1099425 1.1168785 -0.47057635 0.44542024 0.5472625 0.25358313 -0.5218282
38 -0.31298408 0.43337655 0.5488121 -0.25867522 0.2746617 1.141341 0.69395167 -0.35248014
25 0.61948633 -0.14038844 0.33449748 0.5858578 0.4110195 0.7839174 0.19954133 0.08646363
30 0.09681442 0.6270762 0.2987631 1.2111305 0.28960082 -0.99141026 -0.80582875 1.1788753
45 -0.42703524 0.19971445 1.024634 -0.74315095 0.4947704 0.47128642 0.17648453 -0.08028113
18 0.34916747 0.14086528 0.28560883 1.1487292 0.48000917 -0.5922646 -0.77012336 1.0784531
47 0.27423012 -0.3220179 0.94946957 -0.376341 0.3800843 1.3066411 0.40979624 -0.68800986
39 -0.30400795 0.66427785 -0.34134296 0.51792973 0.9948193 0.7779553 0.29763615 0.7542793
36 0.021238519 -0.046983283 0.8618285 -0.22254011 0.23869231 1.2232192 0.834072 -0.8839815
4 -0.17636116 0.13755833 1.0087879 -0.2095206 -0.3776764 1.1551481 0.6587193 -0.9239025
14 0.7162246 -0.58130187 0.9594015 0.55907476 -0.5926695 0.9029779 0.4141442 -0.6356348
24 0.29197186 0.22420958 0.69451815 0.94526935 0.19320138 -1.1500674 -0.8206486 0.9978245
19 -0.08136926 0.36728913 0.7299992 0.69158757 0.22535461 -1.0635083 -0.6903121 0.7675472
34 0.3817964 -0.116279714 0.7508944 -0.33331925 0.65891874 0.9200809 0.32868746 -0.23068187
5 0.25180867 0.078758955 1.2876843 0.046904895 -0.7804739 0.38035172 0.69270223 -0.8524016
12 -0.22401513 0.58522135 0.043150954 1.2049233 0.5531311 -0.58456504 -0.58706546 1.0406729
21 0.24315679 -0.07693291 0.35232365 1.6696514 -0.36860877 -0.40371206 -0.7051783 0.69513935
11 0.24487592 -0.48616573 1.3569161 -0.2752945 -0.3957063 0.97588897 0.26190975 -0.7838319
2 0.21552847 0.6320201 0.25671735 1.3443831 0.12441106 -1.1293262 -0.89050555 1.3874638
27 -0.42706695 0.51201624 0.9032134 -0.5301758 0.07639107 0.93651026 0.73913455 -0.63409567
28 -0.76481235 0.6844713 0.59435606 -0.6398158 0.5079086 0.73029596 0.607891 0.0634551
8 -0.15636684 0.8717323 -0.44939724 1.0779514 0.5754001 0.28695643 0.20015249 1.0554048
29 0.32202077 0.34475037 0.07213118 0.46361092 0.94205135 0.4467706 0.008328727 0.50147176
20 -0.4122301 0.19870694 0.7837314 -0.11198006 -0.34453025 1.1183006 0.8384147 -0.50477624
17 -0.4596324 0.27619556 1.326119 -0.7020764 -0.09501489 0.5273932 0.6843194 -0.6972176
9 0.43068668 -0.3898597 1.2602385 0.029907908 -0.6376011 0.885066 0.6944214 -0.89539963
49 -0.13834298 -0.18285105 1.2564285 -0.67649215 0.3324339 0.80668354 0.5347036 -0.6356756
7 -0.005949557 0.7859335 -0.17040211 1.2003723 0.36923796 -0.28192142 -0.071437724 1.2057561
3 0.030102635 0.603995 0.17017725 1.4510978 -0.026973113 -0.74032956 -0.61368495 1.1155089
44 -0.28716233 0.49264747 0.22595409 0.2621057 1.2836761 -0.5060259 -0.67052895 1.3349526
37 0.53811723 -0.58274335 0.69887644 1.4880083 -0.2530593 -0.6101832 -0.6262663 0.5452766
0 -0.052100316 0.4767562 0.16857503 1.3375933 0.305986 -0.87267756 -0.81390715 1.3210039
46 -0.405027 0.06933481 1.402551 -0.7782574 0.10742708 0.6121363 0.39732343 -0.80302525
32 0.13564283 0.38118303 0.28294536 1.6594884 -0.68992627 -0.63086283 -0.44180235 0.925771
48 0.7425695 -0.1802426 0.44025645 0.0069060773 0.4312719 1.4126248 0.740701 -0.18727617
35 0.6678813 -0.4114378 0.78521216 1.5182809 -0.63410866 -0.6523933 -0.47639546 0.4438381
22 0.6654266 -0.5118776 0.8305251 1.6378895 -0.9446033 -0.53665555 -0.300419 0.29091996
10 -0.95120114 0.7200995 0.26019 0.83612376 -0.90487 0.4820255 0.48366082 0.22806334
15 -0.6384741 0.6370947 0.76046777 0.03330768 0.57104886 -0.91413665 -0.8251195 1.0745225
33 0.20369332 -0.17748006 0.76147133 1.6704828 -1.2581433 -0.39781663 0.045098063 -0.19628659
