50 8
1 -0.7113817 0.29559672 0.23640084 0.6921852 -0.16188231 0.48050657 0.015994 -0.6746283
40 0.0063969283 0.37601492 0.1368867 -0.14533897 0.41635355 -1.2427422 -0.031081181 -0.7345686
43 -0.46076378 0.12483934 0.24830146 -0.112669684 -0.10753019 -0.49855053 -0.26938125 -1.6785319
49 -0.16951533 0.4062474 0.7272556 -0.13020733 -0.089854576 -0.104608715 -0.18047793 -1.2872217
26 -0.2540039 0.051150415 -0.04115493 0.19841781 0.26780608 -1.4459904 0.2071579 -0.65291923
34 -0.6038208 0.22241937 0.35660622 0.17628069 0.069976516 0.24197158 -0.6452736 -1.2270044
27 -0.7445998 0.04425038 0.2632409 0.0054705986 -0.16494879 -0.42804244 -0.15619668 -1.4834895
41 -0.5847368 0.08325084 0.28880695 -0.09890508 -0.090890914 -0.45675212 -0.2120747 -1.6427836
16 -0.1145054 0.23694122 0.26371053 0.117418796 -0.24518229 -0.64815974 -0.0076991916 -1.193911
42 0.263171 0.45530286 -0.069145896 0.008938113 -0.11192339 -1.4767103 0.085228324 -0.78332597
45 0.038014445 0.29955763 -0.042409252 0.16643494 -0.24491541 -0.6152467 -0.35174775 -1.3012878
36 -0.36243686 0.13729525 0.09316048 0.07803584 -0.1795742 -0.41841555 -0.4079003 -1.6139021
12 -0.27230942 0.3824044 -0.14790958 0.42649958 0.3524053 -0.83372694 0.16480215 -0.21153046
23 0.13708884 0.98975235 0.24917662 0.22499381 0.054065913 -0.3532452 -0.7753005 0.44152793
38 -0.5822545 0.32039917 0.08574111 0.4559725 -0.17347884 0.5018758 -1.0974439 -1.0146083
18 0.04058139 0.7460888 0.18469477 0.8081508 0.5439402 -0.8224638 0.107598744 1.3559384
29 -0.8128881 0.5309253 0.29444513 0.95530814 -0.045169994 0.38080814 0.19801272 0.522305
19 0.33283147 0.94959533 0.36085206 0.9855283 0.58622724 -0.07795008 0.015150171 1.2281355
6 -0.5341932 -0.09340484 0.151852 0.14362547 -0.11484325 -1.0776951 0.5360074 -1.3059527
31 -0.27953762 -0.04874509 -0.011273095 0.0029574758 0.036631178 -1.2917718 -0.30335003 -1.2422265
28 -0.6670193 -0.09454089 0.29463673 -0.00012732718 0.0064367303 -0.6794959 0.0856536 -1.5525156
24 0.21280365 0.8587155 0.031971008 0.9433972 0.41335118 -0.4719444 -0.19695911 1.2568185
20 -0.41715005 -0.11361726 0.010502766 0.31329167 -0.04948317 -0.655025 -0.03396216 -1.4671087
0 0.60887265 1.1941856 0.28148523 0.76220644 0.3810028 -0.118804 -0.09847271 1.002421
13 -0.5055422 0.5517179 0.080245115 1.0668406 0.5160135 -0.0006179298 -0.029574545 1.017499
10 -0.7897465 0.4459313 0.37063506 0.7784851 0.25284946 0.09881129 1.0475153 0.20154606
11 -0.3803765 0.6241645 0.60233974 0.94809145 -0.30727142 0.8620372 -0.6753964 0.30780822
33 -0.36441472 0.8745993 0.727935 1.034288 0.5059236 0.8409509 -0.29120457 1.2377784
25 -0.07217828 1.0032719 0.7561711 0.7240165 -0.006106703 0.64981365 -0.75714856 0.9524374
21 -0.3319166 0.85606587 0.65730697 1.0881503 0.4220308 0.6444854 0.056226443 1.2559316
17 0.05429862 0.26664487 0.2337005 0.04374476 -0.1773292 -0.7016915 -0.09276107 -1.387261
39 -0.2934743 0.26166457 -0.17211644 -0.22837967 -0.15241113 -1.0903841 -0.75403655 -1.4272485
15 0.53443706 0.8665441 0.52630484 0.69154954 0.07422673 -0.43822694 -0.14236058 0.85493654
32 -0.29382256 0.8593238 0.6398605 0.96852547 0.35486796 0.6453404 -0.26706502 1.1903543
9 -1.0774518 0.29283476 0.33504358 1.0194023 -0.16718581 1.1342944 -0.20681281 -0.25730464
8 -0.21747129 0.16380255 -0.22929128 0.27950197 0.19972256 -1.4282925 0.53820044 -0.6773653
37 -0.044976436 1.1487484 0.81250226 1.1497676 0.32181072 0.824204 0.013671938 1.533057
46 0.18432342 0.6936166 0.42230946 0.19164717 -0.43422356 -0.70590895 0.29952285 -0.32984132
22 -0.20008324 0.94369507 0.6793643 1.0390755 0.5443909 0.7996639 -0.42688105 1.3218917
44 -0.34356007 -0.094403684 -0.20857863 -0.06929717 -0.27996466 -1.6583176 -0.003018507 -1.6214628
7 0.19685318 0.9884005 0.021019489 0.6843735 0.2782695 -0.88855886 0.4518214 1.1134063
30 0.3030858 0.8894434 0.25954115 0.8326591 0.41962296 -0.5790212 0.19395715 1.2416725
4 -0.7799913 0.08006901 0.20731218 0.87391096 -0.38330868 0.63542837 0.05709976 -0.9942307
2 0.79255974 0.90213805 0.05839773 -0.36727485 0.4713573 -1.1807935 -0.40233937 -0.7703021
35 -0.20451617 0.98071355 0.72705 1.244943 0.24563457 1.0128378 -0.4533012 1.4241973
14 -1.119102 0.58501005 0.6144312 1.2913531 -0.022961754 1.5840441 -0.31341016 0.65599906
47 -0.1782121 0.20049722 0.07124666 0.097076 -0.35547197 -0.24235484 -0.35758823 -1.9371588
5 -0.26958415 0.8689012 0.639393 1.0982957 -0.05460796 0.74141294 0.27325523 0.8831483
3 0.9051002 1.0299822 -0.014399006 0.5625243 0.8027977 -1.283526 0.29256627 1.0405209
48 -0.016325451 0.35677102 -0.34105366 0.54284286 -0.10146978 0.24758998 -1.6880003 -1.1986207
