50 8
16 -0.307557 0.3131912 0.41584983 -0.63727975 0.39459136 0.25988764 0.016692821 0.7776025
19 -0.26918817 0.34573698 -0.028782276 0.55660284 0.5157762 -0.28162274 0.25091317 1.0017107
28 -0.63848734 0.57801855 0.60059255 -0.8436877 0.6169774 0.4824137 -0.14923953 0.22439879
42 -0.88630456 -0.04204548 0.82729095 -0.19050719 0.20234023 -0.25372812 0.14806302 0.7771514
25 0.40463194 0.48917893 0.20315245 0.45940584 0.42023578 0.63745785 -0.48417133 0.12107467
39 -0.24931113 0.3250216 0.44492874 0.24812384 1.0897663 -0.058141895 -0.34630123 0.15481026
24 -0.3387614 0.56500286 -0.053088047 -0.080962524 0.77553254 0.087729275 0.09742347 0.73194087
1 -0.3205021 0.5427605 0.7377956 -0.79596883 0.78658754 0.7239101 -0.14031038 0.012211067
43 -0.50972146 0.55404705 0.59747624 -0.9730506 0.9218504 0.5700089 -0.12737884 0.17048761
23 0.47144288 0.7686085 0.21046413 0.3539134 0.742927 0.94783694 -0.7212883 -0.4054149
45 -0.6810402 0.46613148 0.9578226 -0.86167824 0.4059593 -0.013946882 0.000409526 0.44325826
36 -0.56840926 0.92268664 0.58660775 -0.99009246 0.72237337 0.80020934 0.27480534 0.025988802
2 0.41376352 0.11443455 0.16434503 1.5340258 -0.46068135 0.11986538 -0.3578419 0.7488123
48 -0.03782531 0.07586787 0.43832287 -0.56745654 0.6606658 0.671284 -0.15410346 0.5522943
20 -0.65967906 0.24839786 1.1626458 -0.7088204 0.5523106 0.012530738 0.11009592 0.305757
26 -0.33782706 -0.3515202 -0.15807253 0.90801483 -0.053127673 -0.10047164 0.28166196 1.551733
40 0.26489377 -0.030188153 0.13012224 1.799181 -0.38526472 -0.1195096 -0.09676781 0.93530285
15 -0.12697496 0.5396808 -0.08033584 0.95697504 -0.02513697 0.34993452 0.5057613 0.753588
49 -0.2526841 0.89049464 0.45162156 -0.7128152 0.7265291 0.93880606 -0.11565779 -0.14637823
12 0.13403612 0.068174 -0.16282545 1.6048628 -0.11617082 -0.33947787 -0.5707759 0.9979469
4 -0.3418215 0.74669087 1.1873729 -1.023428 0.08846321 0.48530924 -0.081927046 0.07458225
13 -0.012478953 -0.04936048 0.07992572 0.7999351 0.40247512 -0.1068645 -0.56039554 0.7410688
34 -0.15865256 0.5109497 0.9515751 -0.8530061 0.74347925 0.64205986 -0.50738215 -0.22637565
27 -0.7365667 0.62976646 0.81159616 -1.2280264 0.35179996 0.29419345 0.25475016 0.53776807
17 -0.8680789 0.020785933 0.3097434 -0.91699713 0.37538618 -0.09042647 0.04254563 1.2433316
18 0.3137889 -0.46706316 -0.2091286 1.787999 -0.00028258102 -0.17797421 -0.6715141 1.1761013
38 -0.1832253 0.5487711 0.71862847 -0.545488 0.56009275 0.7692274 -0.07461159 0.0084627755
41 -0.5317289 0.6778716 0.20386434 -0.30691028 0.72664887 0.6254553 0.24767113 0.24574207
21 0.42592734 0.28382677 -0.25394 1.5055238 -0.33676717 0.22958903 -0.6403935 0.76107657
6 -0.60061735 -0.18406762 0.81373 0.15419652 -0.2941616 -0.3307549 -0.036721542 0.9878228
30 0.28996587 0.12840012 0.33422166 1.9023747 -0.74230367 -0.15139769 -0.48184082 0.70087343
8 0.023282731 -0.32743293 -0.04496889 1.2129109 -0.00836956 -0.27221623 -0.5851124 1.1382315
29 0.096080825 0.09646428 0.22228539 0.44953668 -0.053735875 -0.13330556 -0.18859804 1.0408028
10 -0.98032767 0.026599811 0.5891038 -0.5160747 0.44167498 -0.2110542 0.15395412 0.9271937
3 0.5956975 0.28526834 -0.26623154 1.7042657 -0.1566316 0.20377311 -0.5562901 0.7032297
14 0.06462266 1.286853 0.93272173 -0.55328155 0.10432977 1.1044523 -0.5581611 -0.77218044
7 -0.0691107 -0.18118778 -0.4214397 1.4628849 -0.23427217 -0.26306975 0.107287325 1.59781
0 0.3301597 0.21564369 -0.36276188 1.8139946 -0.0706686 -0.059266407 -0.4317759 0.89496547
31 0.10325401 -0.1384549 -0.581468 1.5068134 0.099170685 0.033367056 -0.1363366 1.3289379
44 0.1854358 -0.23025048 0.79657096 0.47873858 0.10744423 0.2547821 -0.14708184 0.52963084
9 -0.4434667 0.71009976 1.2696252 -1.2285626 -0.42148426 0.701898 -0.083946064 0.1451477
46 -0.75143534 0.5587155 1.2550163 -0.83985615 -0.5820346 0.03756997 0.09629506 0.5485838
35 0.6469355 0.53622025 0.13738643 0.67094463 -0.56144935 1.4052849 -0.77338314 -0.03729619
11 -0.12427744 0.9099989 0.68653023 -1.2650377 0.2912396 1.3263019 -0.61953884 -0.27582896
32 0.5737547 0.3955349 -0.19528867 2.2607644 -0.38558298 0.6839377 -0.42711097 0.23246403
5 -0.43252492 0.8722436 0.54172736 -1.3816031 0.39272526 0.82786924 -0.121470675 0.28604856
33 0.90078205 0.50691134 -0.43606007 2.196188 -0.33439642 1.1088357 -0.29877013 0.26208842
22 0.6910006 0.18446405 0.04062772 1.53154 0.28500408 0.80872655 -1.0152737 -0.12478307
37 0.7483551 0.24850096 -0.29960376 2.0092223 -0.32327756 0.22807483 -0.8009162 0.6726947
47 -0.28817642 0.87035275 0.79560775 -1.193746 1.153382 0.96045446 0.0024108754 -0.27485332
