50 8
46 0.018347045 0.98893577 0.91830766 -0.015399431 0.14624803 -0.6405838 -0.32346693 -0.27364713
43 -0.7516801 -0.036446933 0.44041833 -0.6439981 0.18595535 0.6669066 0.707208 0.16450003
5 0.39391756 1.0956019 0.69012415 -0.43759996 -0.02925776 -0.112197086 0.2489896 -0.2719249
17 -0.8585219 -0.10688476 0.9055893 -0.5671356 -0.07698603 0.07249599 0.5386544 0.12093844
10 -0.48947564 0.6800753 0.8393961 0.06555873 -0.2961365 -0.2654966 0.34268022 0.016057635
41 0.23564823 0.109365866 0.2029513 -0.57331437 0.6137734 1.4143159 0.5254865 -0.23083258
1 -0.3134744 0.21247071 0.79893714 -1.1124663 -0.040129997 0.5407764 0.5853137 -0.23054133
20 0.19903325 0.22178516 0.51708186 -0.5144069 0.1195135 0.64594895 0.6067629 0.110228084
36 -0.42698282 0.033211727 0.5487966 -1.2037075 0.20432909 0.86735404 0.7109417 -0.12582727
28 -0.70792663 0.15373108 0.1725033 -0.59750944 0.21528664 1.3694583 0.6967663 0.02455706
27 -0.8547548 -0.19218455 0.2872764 -0.67355657 0.30019435 1.1086707 0.80253565 0.13065171
49 -0.05742734 0.031117534 0.23228854 -0.7713621 0.37163574 1.5663872 0.8882726 -0.1256725
24 0.044813283 0.9637697 0.97770905 0.088084824 0.18455477 -1.1786927 -0.43653038 0.18196926
6 -1.1638873 -0.08950563 0.3914026 -0.27344158 0.071200125 0.9801576 0.7202949 0.06553175
7 0.25018206 0.5922569 0.6620793 1.144576 0.24047561 -0.88989365 -0.24475347 0.77699625
26 -1.2673227 -0.18157002 0.37731594 0.4796564 0.29253554 -0.06135396 0.3473076 0.6193975
45 -0.15770091 -0.17637253 0.30393845 -0.4789114 0.37295187 1.4688792 0.6957735 -0.11205522
44 -0.22679071 -0.62721497 0.10501867 0.09539271 0.6542711 1.4961716 0.69509614 0.36303177
4 0.06612429 -0.022173913 0.37331456 -0.7191372 0.14960632 1.3686637 0.7297833 0.11262507
38 -0.00033990765 0.16328429 0.17723195 -0.6599652 0.30459744 1.3725718 0.8909223 -0.011113833
22 1.0961952 0.54805684 0.76331854 0.24622692 0.7664265 -0.984968 -0.49321464 0.5148029
15 -0.4128039 0.6728936 1.0584027 0.67731357 0.037777063 -1.2823397 -0.46205702 0.46881643
34 0.49384832 -0.4447316 0.3816337 -1.1179987 0.6612153 1.4992607 0.514951 0.15342802
31 -0.8866755 0.14018922 0.15421109 -0.07630231 0.079423405 1.6012439 0.7058884 0.033681855
12 -0.5691527 0.40876457 0.67474806 1.3070705 0.40458328 -1.0414513 -0.3220271 0.60025585
42 -1.3579398 -0.34823838 0.5561099 -0.2793793 0.17566988 0.54770267 0.5460692 0.20053406
9 1.1210885 0.6978562 0.76268476 -0.98458225 -0.08964838 0.4017371 0.5632778 -0.11092707
23 -0.107382625 1.1493489 1.1182274 -0.23528883 -0.056957956 -0.9103145 -0.24038704 -0.44527996
35 0.65773344 0.60161465 0.92708194 0.7160484 0.6110512 -1.3595109 -0.69741106 0.579783
39 -1.3938226 0.15593685 -0.026781537 0.030661784 0.11763742 1.66885 1.0155933 -0.082617134
16 -0.06274389 -0.13570724 0.13062106 -0.045497525 0.7838226 0.79847425 0.45489213 0.20250857
48 -0.9203987 0.27003 0.4482154 -0.5588182 -0.08699233 1.0476387 0.8674475 -0.19383128
13 0.06792067 0.66934395 0.58678937 1.1711036 0.34183273 -0.73095804 -0.408361 0.65675545
0 -0.3355627 0.7202779 1.1954024 0.589252 0.20896277 -1.5318737 -0.79658246 0.2470616
33 0.7116004 0.6245392 0.96466845 0.6674352 0.63564974 -1.2895592 -0.7061034 0.41538453
14 1.668018 0.49575698 0.79949075 -0.58458036 0.335714 0.31245345 -0.13145463 0.056025904
21 0.63241464 0.62833303 0.88054574 1.0002587 0.51144105 -1.1250259 -0.68037295 0.51124996
19 0.4531472 1.140604 1.013799 0.42037126 0.21238539 -1.4537548 -0.55802876 0.31180993
37 0.870271 0.17752512 0.9170819 0.78275716 0.6944824 -1.0867466 -0.73043984 0.7160582
40 -0.7960917 0.1631538 0.049397096 1.3000438 -0.0670511 1.0539339 0.49110454 0.6083131
2 -0.00062284135 0.8006714 1.0026721 1.0324397 0.17707624 -1.4571564 -0.49759817 0.51212215
30 -0.17794771 0.4503565 0.77951586 1.6412185 0.548233 -1.139654 -0.80039644 0.6276334
3 -0.03848095 0.65000015 1.0409083 0.75844187 0.24074635 -1.5322984 -0.50697106 0.53420234
18 -0.38907692 0.056972496 0.32875952 2.0211115 0.9815127 -0.60410726 -0.8068741 0.8366954
11 0.8951542 0.1712368 0.33871785 -0.95049256 0.66939694 1.3542329 0.19277848 -0.03931001
8 -0.9553706 -0.4589709 0.09958666 0.8457235 0.42786443 0.743973 0.30127135 0.9323973
25 1.4216322 -0.12116758 0.033069275 0.45227543 1.2140971 0.7906465 -0.37957063 0.7511966
47 -0.6065912 -0.28632674 0.4772433 -0.6619602 0.06961147 1.4203278 0.97084 -0.033259742
32 0.5267185 1.147595 0.7765528 1.544319 0.58755046 -1.3687396 -0.8816052 0.38372624
29 1.0726285 -0.124223165 0.03849163 -0.09426502 1.3351651 0.82896537 -0.1112337 0.31944013
