50 8
29 -0.23573625 0.2927949 0.16773124 0.30278012 0.84809047 0.050308067 -0.47599694 0.6175856
43 -0.4186244 0.31233424 0.4774162 -0.6877493 1.0128416 0.4986102 0.16434526 0.048647348
39 0.24588796 0.3550453 0.15300399 1.1685144 0.6127557 0.040787745 -0.063178055 0.15469997
19 -0.08094322 0.2534262 0.23188317 0.38102567 0.73092616 -0.47195348 -0.48551026 1.0142618
24 -0.112883374 0.30156177 0.10986974 0.8688702 0.50767356 -0.39322597 -0.33216488 0.94744295
15 -0.32990572 0.13949618 0.32585457 0.053357944 0.40122533 -0.42492777 -0.20517887 1.4272059
28 -0.5413547 0.3911853 0.12466974 -0.41919252 0.95869607 0.2627155 -0.3081291 0.7536879
25 0.0035027615 0.38935506 0.8393705 0.24216439 -0.4654843 0.20882876 0.21823634 0.5434064
23 0.36310259 0.47816986 0.13544308 1.0547346 1.0179098 0.35196885 -0.020553354 -0.5158793
26 -0.2888301 0.05960573 0.19064753 0.839443 0.3786728 -0.29211533 -0.15303305 1.0228875
31 0.18172482 0.44853494 0.018847553 1.3284546 0.67448354 -0.043872837 -0.23708394 0.23377617
18 0.13450128 0.52348626 0.26081312 1.597537 -0.20081215 -0.11600316 -0.10007429 0.59706414
44 -0.043951824 0.26451793 1.0408169 0.22782429 -0.4526019 -0.35764256 0.25511476 0.69598556
6 -0.48507094 0.4393814 0.17431311 0.31942618 0.5970424 -0.3037264 -0.51894224 0.97274244
20 -0.6251064 -0.1918104 0.62726724 -0.9365896 0.9344684 0.12823819 -0.07210628 0.8773923
42 -0.37745234 -0.16151434 0.77986497 -0.6746076 0.88482463 -0.08614711 -0.1625167 0.63701135
1 -0.4217242 0.029294517 0.6118636 -0.90838045 0.9361028 0.4384324 0.18860488 0.3397387
8 -0.25261664 0.08176524 0.36025044 0.8084549 0.4090839 -0.2723785 -0.35936856 0.75447136
13 0.3075471 0.47544983 0.18893161 1.2585537 0.4979165 0.0173142 -0.10683875 0.090620056
27 -0.017419716 0.05774334 0.39806035 -0.44511124 1.3465426 0.19884029 -0.10812744 0.16895662
16 -0.5287036 -0.026831001 0.70079714 -0.9885928 0.4084472 0.52764446 0.055384967 0.9253721
40 0.65542734 0.45049593 0.11909714 1.8651792 0.14605549 0.3609069 0.30753338 -0.1111338
10 -0.57057554 0.38184407 0.3458577 -0.17093262 0.2786456 0.011102312 -0.27174467 1.1550258
12 0.4807256 0.27874753 0.25805193 1.3056914 0.7864327 -0.10987359 -0.21875405 -0.06807488
45 -0.49443728 0.10036571 0.89017105 -0.49479523 -0.07178804 -0.2994596 0.07713108 1.239631
41 0.6510062 0.36724237 0.47473902 0.36614472 0.87555784 1.0248992 0.5268022 -1.0277646
36 -0.72023374 0.15288804 1.0417944 -1.1618252 0.21692601 0.6067513 0.42336503 0.33146763
17 -0.47909287 0.022177411 0.8378169 -0.5901834 0.22848584 -0.21527363 -0.18599683 1.1887877
49 -0.90077937 0.067947 0.95245504 -1.3063626 0.47491878 0.34420696 0.046469804 0.6694659
2 0.36968577 0.4392249 0.3110765 1.7900555 -0.09602715 -0.2930545 -0.20341837 0.5289776
4 -0.55734676 0.37622836 1.0607419 -1.3504778 -0.029993257 0.8854659 0.71588403 0.23871143
7 0.25431976 0.24830177 -0.032549307 1.3141655 1.0476313 -0.6848036 -0.61458755 0.72403497
37 0.39727378 -0.037769455 0.7003874 1.670384 -1.0028936 -0.30244428 0.55607057 1.1674372
0 0.16914664 0.20044191 0.2025157 1.398683 0.23919016 -0.33514783 -0.13683082 0.79082245
38 0.09615888 0.3481107 0.9185595 -0.4843456 0.3992674 1.1598501 0.7967483 -0.8397802
21 0.6078287 0.38548332 0.39523467 2.036524 -0.17684574 0.4564464 0.1799526 -0.23714541
3 0.63077086 0.5106553 0.086121686 1.8793396 0.31431445 -0.17116812 -0.22327758 0.3106137
14 0.42323208 0.4090157 1.3487976 -0.66159093 -0.24283704 1.3114822 0.9698806 -0.8017485
9 0.072381794 0.12701468 1.4062394 -1.497604 0.301213 0.9149807 0.7555168 -0.31624064
32 0.38616443 0.9360126 0.47036776 1.7009236 -0.8518792 0.82391787 0.57363987 -0.31910646
11 -0.63085973 0.28439063 1.1803088 -1.5746886 -0.038331512 0.88189304 0.29388413 0.51709366
5 -0.4642967 0.25044706 1.2665809 -1.5669245 -0.037403498 0.47723275 0.5780449 0.53133047
34 0.03187777 0.03274538 1.0964272 -1.4241061 1.1146306 1.0316093 0.5577002 -0.65715075
30 0.4714426 0.7925747 0.538282 1.9297777 -0.70886135 0.18216462 0.40007427 -0.12716939
48 0.82189757 0.6804116 0.0015323132 1.636804 0.56205076 0.81740844 0.53582335 -0.8062225
33 0.5684767 0.73572475 0.5189295 1.5269814 -0.7593636 1.3835177 1.1546645 -0.77150303
22 -0.067654304 0.26438692 1.2332678 0.2116192 -1.6656648 0.92549264 1.4612969 0.55077803
35 0.70145535 0.61104023 0.5901034 1.6444436 -0.59333694 0.741507 1.0605668 -0.54338956
46 -0.03036552 0.3409969 1.0446888 -1.6766722 1.09918 1.3296674 0.42100406 -0.79043394
47 0.15005612 0.2767547 0.5157429 -0.20925762 1.6661729 0.80749387 0.00266342 -1.1397159
