50 8
4 0.27315736 -1.4774847 -0.14200605 0.14534883 -0.62662035 0.035725627 -0.8177142 -0.16117495
16 -0.21500443 -1.1531252 -0.11606695 -0.062643446 -0.1970278 0.19856475 -0.49584728 -0.3073659
1 -0.016372195 -1.0255748 -0.2032345 0.1436247 -0.23296493 -0.065230675 -0.28453836 0.13287514
49 0.15532176 -1.3850002 -0.22306626 0.17018291 -0.97803414 -0.18547857 -0.7727319 0.008041251
17 -0.34520608 -0.73507494 0.23933084 0.02637373 -0.58983046 0.058051765 0.36854288 0.087929055
39 0.82632685 -0.91617084 0.4357897 -0.7786994 -0.78204685 0.058130324 -0.8853932 0.775253
8 0.4059854 -0.942836 0.8315146 0.37116352 -1.0326451 0.012208481 0.47381133 0.13731965
45 0.5426275 -1.1540176 0.39892295 -0.22034964 -1.101048 -0.08887138 -0.62497586 0.26362908
42 0.46796453 -0.7321127 0.45674357 -0.43763372 -0.7972087 -0.03083681 -0.09229733 0.60245633
18 -0.06327073 0.2254122 0.5348423 -1.0279543 0.78249526 -0.05003198 0.97413677 1.0238544
43 0.43619123 -1.0551877 0.42084754 -0.33818868 -0.87235457 0.05446877 -0.5869922 0.30226108
9 -0.6537501 -0.83697796 -0.78605074 -0.29111534 0.9946796 -0.13649036 -0.49262193 -0.25513902
26 0.20367923 -0.29820234 1.2172835 -0.016667113 -0.7214856 0.07176926 1.0476604 0.6194074
28 0.38728786 -1.3951192 0.32529882 0.31604037 -1.2832745 -0.0054089134 -0.32167682 -0.060573533
36 0.4775713 -1.2747722 0.11340506 -0.11132875 -1.0986536 0.08149627 -0.517191 0.14783937
14 -1.0297496 -0.34278634 -0.73147523 -0.367458 1.4111519 -0.34540948 0.43885034 0.045539778
15 -0.9980645 0.185255 0.15502681 -0.56508654 1.4160179 -0.1585635 1.1293966 0.40620556
0 -0.6360302 0.18431474 0.45272958 -0.5738935 1.2749743 -0.08737289 1.2589597 0.543101
46 0.51628214 -1.2204125 0.11741834 -0.17609857 -0.8820346 -0.08860744 -0.71165144 0.33769423
6 0.5051479 -1.0979453 0.5841162 0.3330179 -1.195389 0.08156054 0.3202819 0.06137331
5 -0.9098116 -0.3122798 -0.6793268 -0.2754971 1.381052 -0.105763085 0.51783663 0.26556945
38 0.42685294 -1.338669 -0.038739286 -0.05636814 -0.7802167 -0.16798118 -0.88333416 0.023599632
32 -0.7774078 0.0005185404 0.005952513 -0.7632183 1.7976028 -0.15223311 0.6148324 0.24864976
34 0.4127697 -1.4780769 -0.05740904 -0.018210204 -0.8241703 0.03457971 -0.84014523 -0.124278076
24 -0.9923164 -0.16790591 -0.18019375 0.23686127 1.0782976 -0.31359336 1.4477456 0.089522585
44 0.61276203 -0.85265994 0.75986516 -0.47175837 -0.9096816 -0.12159562 -0.38248825 0.35342434
11 -0.184442 -1.1669421 -0.5416169 -0.42063677 0.022993745 -0.30933174 -1.0409063 -0.38547605
19 -0.9227564 -0.14188494 0.049827464 0.031616703 0.9681534 -0.28446788 1.4486929 -0.11923801
20 -0.5604354 -1.360479 -0.42436075 0.98070014 -0.18591398 -0.34959292 -0.15131693 -0.66286373
27 0.22980183 -1.5116671 -0.14597538 0.047714803 -0.94199973 -0.042341545 -0.9619568 -0.20680046
13 -0.60977143 -0.007861164 0.77059597 -0.060573053 0.7313291 -0.26496172 1.4997797 0.059836846
21 -0.78038573 0.08365844 -0.16995409 -0.62286484 1.6839476 -0.41798097 0.829576 0.48512498
2 -0.9897422 0.19077918 0.22178456 -0.52660483 1.6311101 -0.35027784 1.2070186 0.24605808
29 -0.81171507 -0.4371473 -0.64714664 -0.30536216 1.174503 -0.5702051 0.29109755 -0.22982438
10 -0.55670303 -0.5655023 0.2941302 0.8321864 -0.109030396 -0.06270031 1.5909102 -0.1463669
33 -0.9226677 0.22884016 0.20072569 -0.9165201 1.7525473 -0.1676504 0.91256964 0.35228908
41 0.45019686 -1.4271688 0.2572167 0.12558758 -1.2191933 0.0054068677 -0.5254095 -0.22842121
48 0.37408322 -1.2315984 0.08769061 0.007226266 -0.69622225 -0.38871753 -0.6288158 -0.02450684
37 -0.8662471 -0.08526138 -0.38625944 -0.8452879 1.7656771 -0.1694278 0.28984153 0.27888304
47 0.025544552 -1.4546055 -0.34979725 -0.34711525 -0.36682868 0.34277117 -1.1829548 -0.3731518
23 -0.38772172 0.2385389 0.69503725 -0.390193 0.4583464 -0.30364546 1.476511 0.75859004
3 -0.9020952 0.08973224 0.3572496 -0.41675037 1.2164497 -0.29419115 1.2450957 0.09538951
7 -0.39697 0.0069154664 0.99116075 0.11354626 0.36747044 0.005308011 1.8533854 0.37261766
31 0.5989197 -1.3092927 0.5932344 -0.10934832 -1.1086909 -0.0069999704 -0.62056035 -0.10175402
25 0.061655555 -0.30489138 -0.17752205 -1.3475895 0.60699433 -0.11298187 -0.42049012 0.5941101
40 0.6499883 -1.2391137 0.7025504 -0.18481556 -1.4350495 0.08780568 -0.54202265 0.13079537
12 -0.70746976 0.3703392 0.5622818 -0.21366006 0.97899485 -0.49868903 1.9611473 0.6681735
30 0.18848635 0.20232491 0.7638437 -0.9953171 0.4311735 0.042542014 0.9380427 1.1666675
22 -0.6452452 0.11482822 -0.21850978 -1.2712435 1.2954035 -0.118055366 0.31429464 0.7549113
35 -0.25408703 0.39856055 0.31374282 -1.8272371 1.1586263 -0.017766628 0.5036153 0.9484652
