50 8
23 0.34762073 0.0641893 0.5249149 0.8587146 0.5591763 0.1356432 -0.36938274 -0.047465008
43 -0.39109814 0.34625193 0.36700076 -0.55404824 0.21929462 0.9401413 0.64128643 0.47043312
26 0.12652527 -0.017998042 0.6487291 0.23311976 0.85334057 0.22715788 -0.025633043 0.29165763
1 -0.27498582 -0.031635247 0.5600325 -0.17709891 0.49961877 1.045623 0.2644171 0.06668165
40 0.17041188 0.07276712 0.64096457 0.1676461 0.82971674 0.42107108 -0.0923314 0.12901503
6 -0.021789901 0.15595551 0.9281832 -0.30429327 0.85232455 0.496248 0.08221534 0.21087307
42 -0.4816894 0.101028085 0.64776194 -0.3842712 0.3149721 0.53735185 0.12081217 0.5677164
34 -0.5592206 0.2391555 0.4521049 -0.74980134 -0.09952082 1.158241 0.40385658 0.54143745
31 0.24888572 -0.13996331 0.926544 0.033654332 1.1154892 0.3857203 -0.34056175 0.123325795
39 -0.19135652 0.024516784 0.8549749 -0.19191761 0.80327964 0.6518266 0.19169703 0.10327932
36 -0.65451455 0.3089783 0.32567328 -0.6156563 0.15584125 0.9925291 0.6529135 0.5510563
19 0.67489666 0.23490639 0.29012987 1.3671885 0.48091716 -0.6673753 -0.77994615 0.3573643
27 -0.6295036 0.36067134 0.35577428 -0.644753 0.23828138 0.9145265 0.7347473 0.61006844
45 -0.77380484 0.39744058 0.3277745 -0.741483 -0.018958407 0.94421923 0.91468656 0.69820076
25 0.7453882 0.4458457 0.143052 1.2205973 -0.3702725 -0.04511095 -0.81311524 0.14421314
17 -0.53972805 0.27442124 0.34196067 -0.54045755 0.06462637 0.7384457 0.6334949 0.7388425
28 -0.78546166 0.47300974 0.2193104 -0.7342102 0.13880317 1.0044309 0.8720449 0.6277304
24 0.37692252 -0.024549933 0.41879365 1.1138794 0.81919134 -0.38185397 -0.54707956 0.30408636
41 -0.36747056 0.4414235 0.21137416 -0.36232534 0.25814465 1.0106567 0.7654371 0.29007837
18 0.7064438 0.11172584 0.32768452 1.5347166 0.49844113 -0.35362223 -0.87592703 0.0520915
29 0.0528938 -0.06005609 0.7763349 0.20827626 1.126727 0.26061162 -0.049039945 0.11936854
20 -0.6488548 0.41982576 0.19237289 -0.39624915 -0.20053068 0.8693657 0.7636684 0.59459776
48 -0.4000392 0.21939354 0.57578284 -0.7850587 0.2758241 1.1323556 0.53202057 0.43665254
8 0.15753604 0.0015062068 0.5230416 0.6692377 0.9765085 -0.3165414 -0.5615575 0.41681132
30 0.58588254 0.31977183 0.22723103 1.5122668 0.17310467 -0.47628868 -0.9753634 0.1622637
16 -0.48132 0.33271375 0.21535634 -0.5971908 -0.056991473 1.0297544 0.68254644 0.5965128
38 -0.46927947 0.5465077 -0.014702906 -0.059401456 -0.9682128 1.1115087 0.6725495 0.35151917
9 -0.49815908 0.7910655 -0.2709946 -0.2953407 -1.4966451 1.1356859 0.6864423 0.7168216
15 0.8838026 0.44858283 0.27302295 1.4982833 0.044280656 -0.4999865 -0.84930724 0.13644402
46 -0.76746404 0.43573916 0.30895835 -0.62648004 -0.26647907 1.1568468 0.6062998 0.46545905
44 -0.19001693 -0.04635674 0.56793624 -0.26203018 0.44468847 0.9544309 0.5581614 0.24731645
13 0.7390262 0.53916174 -0.16157934 1.6691422 -0.1559063 -0.6437833 -0.9900911 0.45421222
10 -0.04622722 0.683913 -0.08155255 0.38994154 -0.49795786 0.11656267 -0.096094206 0.6058106
7 0.6517544 0.028605618 0.26709008 1.3852699 0.76547426 -0.6148185 -0.7202284 0.42143154
2 0.8721367 0.3317559 0.2799795 1.8028768 0.29438943 -0.69612014 -1.0528482 0.1572083
4 -0.7865098 0.60955083 0.11472925 -0.76045644 -0.61425656 1.0810189 0.74764884 0.7441083
49 -0.8481771 0.51318836 0.2988539 -0.80598 -0.7384072 1.4644349 0.6239331 0.4620357
12 0.6943892 0.05188879 0.34134522 1.5002222 0.7718453 -0.5006648 -0.96634597 0.17340994
0 0.82849234 0.4268851 0.008636754 1.9319298 -0.046999484 -0.79643583 -1.1251895 0.35461608
21 0.30434996 0.477269 -0.44299558 1.8681365 -0.7829786 -0.46571454 -1.0112932 0.4868826
11 -0.8610901 0.39862588 0.2845672 -0.8553376 -0.6553986 1.6854451 0.76405925 0.3658376
3 0.7509481 0.42414558 0.060263876 1.8862225 -0.18188602 -0.71125257 -1.294854 0.3355858
33 0.40847236 0.48275533 -0.5547039 1.9031193 -0.7770634 -0.4606903 -0.8905559 0.5366559
35 0.7490674 0.40501487 -0.048916254 2.0636384 -0.3533897 -0.76051456 -1.3089192 0.35270485
32 0.62176317 0.39783284 -0.25121194 2.1520503 -0.6066709 -0.45483774 -1.1010667 0.20145102
5 -0.5987995 0.86345065 -0.28714177 -0.63850504 -1.2098012 1.0874954 0.8599919 0.88137275
37 0.18792713 0.5134308 -0.6104023 1.9285417 -0.93575567 -0.7619776 -1.0381749 0.87227386
22 0.5228889 0.50704086 -0.6732323 2.0690067 -1.0608647 -0.7129288 -1.0733618 0.884989
14 -0.06921556 0.8818305 -0.91490644 1.0835484 -1.7879478 0.36340842 -0.21721813 0.62993807
47 -0.616027 -0.16014314 0.74009603 -0.334414 0.78271127 1.4279331 0.90053415 -0.18215366
