50 8
39 -0.91008383 0.08466083 0.07759757 0.4399529 0.881153 -0.38111517 -0.5989394 0.23195232
24 -0.77017367 0.16510075 0.20561509 0.46151596 0.95484376 -0.18332861 -0.51281774 0.3663215
19 -0.9853044 -0.06501771 0.096878275 0.31927803 0.34404933 -0.65792066 -0.5055424 0.018080996
23 -0.54797536 0.47652355 0.5097959 0.08417565 0.44384262 -0.08289865 -0.21388093 0.51074755
42 -0.9185129 0.049422808 0.050134618 0.14841136 -0.73626304 -0.9060053 -0.3137892 -0.1895527
20 -0.3409226 0.38595435 0.36763778 0.31854457 -0.88094294 -0.77483624 0.26508656 -0.8863115
27 -0.33771008 0.8791078 0.11351047 0.18499458 -1.1195353 -0.34634903 0.27309096 -0.78304714
18 -0.8363321 0.08347434 0.36092424 0.13167134 0.5797845 -0.48872215 -0.6234662 0.96755594
26 -0.9503167 -0.14512949 0.1535127 0.22891113 -0.18633409 -0.9175172 -0.45981956 0.15614784
1 -0.0672065 0.8169092 0.16986871 0.69304407 -0.7650724 -0.03726665 0.37537834 -0.7083705
15 -0.837072 -0.109372415 0.57665545 0.16428748 0.43005523 -0.8297792 -0.013654165 0.43117025
43 -0.63341606 0.23802914 0.3184384 0.06554432 -0.77314943 -0.9795681 0.16109875 -0.66495
40 -0.7537026 0.33223626 0.60550815 0.16201009 1.200514 0.10516087 -0.2762414 0.78249043
13 -0.925286 -0.25156876 0.28311387 0.47118223 0.50740516 -0.6781328 -0.5452081 0.31764436
31 -0.88483423 -0.13740224 0.07232922 0.43536028 0.39300945 -0.87904185 -0.6651196 0.14456595
44 -0.64402515 0.18765621 0.021888698 0.2580377 0.15327269 -0.8360985 -0.71793485 0.12316597
8 -0.8468682 0.028728053 -0.1422325 0.3145265 0.27662227 -1.1881427 -0.62658507 0.21841633
10 -1.0361843 -0.042484652 0.08828245 0.1655681 -0.12607406 -1.0469693 -0.08085432 -0.2175636
25 -0.018352697 1.0941455 0.31335247 -0.12800643 -0.706012 -0.058811855 -0.29944175 0.37832838
7 -1.1415486 -0.1085316 0.013308956 0.1894336 0.4867915 -0.9258888 -0.61057913 0.4285389
6 -0.91784793 -0.2619681 -0.12363201 0.62617713 -0.06871604 -1.1434046 -0.52814895 -0.4179126
12 -1.0210358 -0.041897316 0.28484574 0.19241056 0.87157077 -0.6659892 -0.44566628 0.8405639
34 0.58445054 1.4080193 0.617051 0.5421603 -0.7960699 0.681668 0.3110389 -0.40210992
49 -0.2065941 0.8170063 0.57976395 0.4875871 -1.1238378 0.56180334 0.54558796 -0.73403186
38 -0.1390077 0.84745896 -0.016463552 0.48297685 -0.84496844 -0.19428994 -0.1419857 -0.55383056
14 0.6675092 1.7130136 0.5049949 0.3436509 -0.3397453 0.71736574 0.26611584 0.065913714
28 -0.8280352 0.2987193 0.3837703 -0.1421451 -0.9847044 -0.69480044 0.23973998 -0.59605175
2 -0.027461665 0.8511709 0.62320584 0.38658676 0.6623308 0.5242449 -0.30304107 1.0931014
48 0.5627801 0.97698915 0.19198638 1.001231 -0.44264406 0.03552927 -0.13591734 -0.5656877
29 -0.2437788 0.50076044 0.41583404 0.39906374 -0.44860196 -0.12928484 -0.11637026 0.40568584
45 -0.7968537 0.2290085 -0.08331247 0.15144728 -0.5598991 -0.97455424 -0.45337108 -0.3966169
30 -0.40783292 0.46394417 0.7006128 0.30241412 1.1964339 0.32655972 -0.51860416 1.0480738
46 0.3419045 1.0372654 0.30462882 0.8300897 -0.9316659 0.16872916 0.3703344 -0.5148009
32 -0.9113086 0.088405035 0.51370615 0.16406274 1.1459113 -0.2020354 -0.46140182 1.1790302
0 -0.6283665 0.23267575 0.781029 0.09409786 1.1346148 -0.040744238 -0.44670612 1.2502751
36 -0.051868506 0.91784847 0.26619986 0.55968845 -1.2156563 -0.045099463 0.5595452 -0.9084186
16 0.23618227 1.179043 0.06778537 0.3191254 -1.1379447 -0.5737252 0.27355227 -0.79560095
35 -0.037000295 0.4811197 0.7795051 0.5242231 0.983143 0.31206816 -0.68826264 1.15761
3 0.05627726 1.0555022 0.8351566 0.30287907 0.7804477 0.8842255 0.0035201756 0.61555207
22 0.59440565 1.0044638 0.9081525 0.92240757 0.7820394 1.0814618 -0.23780166 0.46013993
41 0.61463404 1.482895 0.78339446 0.60992765 -0.6164569 0.94921917 0.58324206 -0.8849189
5 -0.064964615 0.90814024 0.5332066 0.64406824 -1.1238883 0.48997322 0.7007931 -1.1846333
4 0.108528174 0.92030555 0.3711206 0.61615497 -1.2537335 -0.18071094 0.67533606 -1.2201385
21 -0.23350632 0.75953126 0.74026567 0.0914491 1.1825572 0.22775581 -0.35073274 1.192806
11 0.46396163 1.3024582 0.7789164 0.61663646 -1.2709345 0.75821066 0.7081279 -0.6202646
9 0.33860517 1.4969116 0.6519141 0.42263576 -1.2696366 0.87859464 0.6660917 -0.90345246
17 -0.35442182 0.5193062 0.2145987 0.69982266 -1.107051 -0.31618112 0.4863741 -1.3983649
33 0.63918966 1.301052 1.0502081 0.38394853 0.8639329 0.7576042 0.22725217 0.72395724
37 -0.29563174 0.5460312 1.0452381 0.31879357 1.3600262 0.6962785 -0.29549313 1.5468518
47 0.21374886 1.235724 0.38908848 0.6235614 -0.30857703 0.57740045 0.55153716 -0.9546237
