50 8
46 0.18976814 -0.23134214 1.234369 0.5067187 0.28300455 0.56911767 -0.49417543 0.4798871
14 -0.037559062 0.93016523 0.74596965 -0.15373313 0.5094376 1.1563777 0.27504098 0.49703193
15 0.21733999 -0.34067377 0.9444896 0.6773126 0.38836485 0.3915208 -0.63731724 1.1298866
11 0.0137175815 0.7358902 0.7021219 0.09249151 0.25188035 1.1511984 0.09692483 0.49779424
21 0.2700974 0.7325664 0.28125277 0.34059942 0.26930562 0.39422238 -0.27761343 1.1909606
16 0.042833764 0.7880661 0.83891517 0.047746886 0.18375304 0.8827732 0.11237982 0.16453667
0 0.45326436 0.07671996 0.84293133 0.34055686 0.7850372 0.2852933 -0.74431205 1.3881041
2 0.29892254 0.22459944 0.2997616 0.63317734 0.3806679 -0.19300283 -0.4599805 1.3586161
17 -0.24159534 -0.15443532 1.4323151 0.41522452 0.07704132 0.25992444 -0.25380442 -0.8356828
5 -0.03885749 0.31754634 1.2261561 0.109843984 0.2093039 0.8497259 -0.27250573 0.12416607
24 0.34698516 -0.103088126 1.1136788 0.5421905 0.20798503 0.7283651 -0.50528616 0.8787072
20 -0.7937021 0.6947176 0.35952702 0.33231208 0.19857809 -0.37259954 0.61728626 -1.303145
49 -0.43394333 0.4403505 0.95143986 0.08362904 0.2341616 1.1061616 -0.07807199 -0.21906471
1 -0.7257174 0.88077605 0.42010143 0.034745313 0.34413493 0.34625748 1.0757923 -0.6235063
3 0.62203187 0.028813694 1.1006836 0.57010925 0.2176993 0.23750259 -0.7438897 0.66554433
18 0.11367732 -0.0326653 0.07420532 0.96123356 0.08900571 -1.1107076 -0.65013933 1.0109618
4 -0.8962869 1.00867 0.045653757 0.3041695 -0.08827687 -0.010832154 0.9177165 -0.91155106
29 -0.5073022 1.4624141 -0.4321876 0.4441003 -0.41219437 -0.2937667 0.6890391 -0.51731354
10 -0.116184816 -0.0154121 0.54521185 0.6959455 0.41000676 -0.59510094 -0.079286255 -0.29555738
25 0.48565462 1.2195138 -0.03202019 0.3113724 0.048998803 0.23747933 -0.42711544 1.0064005
19 0.3263249 0.031820916 0.81669575 0.6224708 0.18510255 0.8449271 -0.50221354 1.0727222
23 0.14869736 -0.2729036 1.22734 0.5618668 0.19025719 0.7376615 -0.2498927 0.58737385
22 0.29921106 -0.15328477 0.6873768 0.7074512 0.37558594 0.41722062 -0.8649769 1.196443
33 0.43908942 0.3246479 0.42176655 0.5027133 0.43983132 0.22228126 -0.644398 1.5560756
43 -1.4195585 0.96227044 -0.0684305 0.25835642 0.09571963 -0.324252 1.1262741 -1.4399222
40 -0.89553607 1.120393 -0.77851117 0.63731724 0.042300694 -1.3958808 0.26447633 -0.88937247
28 -0.87477535 0.4555726 0.50808775 0.5207745 -0.18559174 -0.67810893 0.76461893 -1.4954871
42 -0.87135166 -0.5750704 0.85249215 0.5294565 0.642611 -0.43799058 -0.427109 -0.29317072
36 -0.9085051 1.2500881 0.09410906 0.23274447 -0.23280405 0.5903278 1.2627314 -1.1771417
26 -0.72429 0.15725699 -0.23416804 0.98886365 -0.0016605464 -1.7715694 -0.12118324 -0.8620028
31 -0.6773568 0.5107413 -0.12839265 0.7987793 -0.053574804 -1.2257584 0.2415109 -1.0022401
37 0.3362896 0.23455974 0.5340069 0.5344147 0.3893332 0.6216297 -0.5955439 1.367418
48 -0.4393921 0.92572725 -0.00118592 0.57960093 -0.2636534 -0.8111564 0.68459404 -0.8260752
8 -0.60465795 0.6567531 -0.59211177 1.0642701 -0.325583 -1.6768576 0.25146845 -0.7923175
6 -0.88611335 0.5097066 0.082861334 0.66380054 -0.055177007 -0.8443707 0.32284465 -1.3614087
35 0.29178375 0.40756947 0.16791342 0.5010866 0.5525413 0.31132972 -0.6028222 1.8297955
7 -0.050509788 0.04703284 -0.22863269 1.1049159 0.19258958 -0.7571527 -0.83364433 0.5844472
9 -0.79035026 0.9164383 0.6488547 0.06651569 -0.0678485 0.66027623 0.9049996 -1.15572
38 -1.1930792 1.2965326 -0.29960102 0.33426762 -0.22626469 0.07722333 1.0221586 -1.261449
44 0.11608886 0.2536657 -0.0414926 1.0704491 -0.20754758 -1.1464248 -0.743175 0.1623911
13 -0.4039901 0.17212756 -0.7027292 1.2339337 0.077731326 -1.4319793 0.0045761787 0.48865214
27 -1.258291 0.9888869 -0.220918 0.42016557 -0.009200658 -0.69927484 0.9126903 -1.5809578
34 -0.62175 1.3122047 -0.20062293 0.41247213 -0.22220147 0.5467245 0.98471797 -0.8333678
39 -1.124216 1.2612551 -0.48191717 0.45551088 -0.09821637 -1.0156679 0.8749234 -1.433583
45 0.014565572 -0.46965495 1.0673891 0.51853716 0.73780847 0.23266904 -0.7472451 0.7853901
12 0.50392497 0.14289972 0.056409568 0.95223975 0.30241904 -0.78306174 -0.49798217 1.301467
30 0.5904436 0.03887957 -0.08955891 1.2596765 -0.07215952 -1.3418726 -1.2529852 1.0966272
41 -1.1312243 1.2040755 -0.24219497 0.5148787 -0.25884762 -0.5752052 0.9728451 -1.702374
47 -0.36979955 0.23622459 0.9217251 0.38900074 0.22014384 0.6822032 -0.0617491 -0.8686638
32 0.4938237 0.3585608 -0.6306987 1.2747334 -0.14142418 -0.7972724 -0.9133492 2.0107975
