50 8
36 -0.5368011 0.5906128 0.392623 0.3888179 -1.2015935 0.06957592 -0.15649073 -0.5968473
1 -0.3270245 0.78036934 0.41956457 0.23292822 -0.95193106 0.051976386 -0.12176777 -0.38625717
28 -0.4786987 0.5601595 0.6653654 0.1635872 -1.2884047 0.31061548 -0.043911677 -0.36953163
43 -0.9179239 -0.06989318 0.60566634 0.4048983 -0.9284776 -0.38239586 -0.1970209 -0.7706881
39 -0.49548432 0.27114213 0.45997015 0.32157874 -0.6440313 -0.8263878 -0.09943051 -0.57345665
26 -0.645864 -0.27680117 0.3944298 0.6901563 -0.0049253916 -0.83593285 -0.29044443 -0.53867316
16 -0.47153616 0.65124774 0.41574153 0.1851387 -0.8822922 0.25535437 -0.09596502 -0.14976084
31 -0.4598424 0.17208506 0.41373911 0.48850155 -0.41626903 -0.99850386 -0.20287757 -0.80132216
30 0.19995916 0.14807644 0.29146013 0.68825626 1.6517775 -0.84210455 0.3608077 0.4375979
29 -0.504727 0.24624892 0.49927968 0.24485257 -0.56798226 -0.48800117 -0.0509305 -0.25431588
38 0.35942942 1.2453647 0.1452729 0.08963776 -0.14252378 0.2033985 -0.6379893 0.38529903
17 -0.6937063 0.1893051 0.5248466 0.43581924 -1.0304626 -0.27588 -0.4023034 -0.78168637
27 -0.6754535 0.40295583 0.430919 0.3569333 -0.93425936 -0.057615712 -0.33105135 -0.6518875
19 0.03928787 -0.15394618 0.37134647 0.7506315 1.5541371 -0.21378022 -0.011397585 0.83901983
12 0.29382533 0.014284845 0.46642503 0.55443084 1.6226944 -0.4971418 0.264505 1.2589008
23 -0.11548058 0.0755631 0.53427017 0.28877234 0.58187836 -0.46880594 0.003463493 0.48142213
45 -0.55023694 0.65226245 0.45783538 0.3476569 -1.144244 0.49092525 -0.14509073 -0.41752163
18 0.15497501 -0.013581067 0.4091111 0.6415409 1.7693149 -0.94518566 0.15220337 0.58651984
6 -0.8703653 -0.53197944 0.6164953 0.6276798 -0.22378686 -0.9841511 -0.039594635 -0.7153181
46 -0.6186333 0.5190698 0.2807131 0.36022815 -0.83784556 0.28103092 0.27436718 -0.17368391
44 -0.2541917 0.50175273 0.5877441 0.1714885 -0.86219037 -0.49422276 -0.4925507 -0.6215287
42 -0.7459326 0.59579635 0.19969177 0.4389916 -1.1335752 -0.23205495 0.14744554 -0.7013685
20 -0.4997379 0.6713363 0.37658408 0.24774058 -1.1795636 -0.12268976 -0.4813129 -0.6201855
34 -0.46745405 0.7284099 0.34467673 0.25687227 -1.0641975 0.695616 -0.4056452 -0.08715926
49 -0.58442456 0.9165505 0.390303 0.13384552 -1.3337781 0.8033998 -0.27521423 -0.2781194
47 -0.7253154 0.69862 0.30958623 0.28753254 -1.3734659 0.7304076 -0.35099557 -0.20276354
4 -0.3993587 0.99051845 0.28632545 0.18099166 -1.3175997 0.8200171 -0.16310032 0.082411945
8 -0.39711878 -0.11205594 0.37072843 0.69601077 0.05779166 -1.3300701 -0.010515702 -0.7392729
25 -0.1780559 0.8791523 0.31286275 0.10229283 -0.9189802 0.24916913 -0.73989886 0.0029342507
7 0.08217877 -0.20213386 0.39036244 0.78472567 1.8819249 -1.0129688 0.24964471 0.6197666
41 -0.3778483 0.81900287 0.39118248 0.28952953 -1.0699434 -0.51129615 -0.31311247 -1.0561681
10 -0.3175796 0.02346935 0.39209214 0.5861816 0.50896496 -0.17455578 0.37917244 0.11874555
40 -0.43961972 0.0030551015 0.68263257 0.3552003 0.010256009 -1.4799284 0.019261444 -0.9647709
48 -0.25212452 0.8441965 0.22974671 0.30847046 -0.9871416 -0.36741847 -0.43742004 -0.58032954
14 0.33266893 1.1442312 0.1499437 0.041801665 0.46500787 1.0652602 -0.3509572 1.4582784
35 0.41271123 0.32944953 0.3266407 0.49016836 1.7999457 0.155839 0.2706989 1.7669488
21 0.37192634 0.3993172 0.24788935 0.4872644 2.1125495 0.124633044 0.15271468 1.805616
33 0.34566742 0.28569323 0.24332237 0.51839197 1.9422495 0.0009428065 -0.10507354 1.6449238
15 -0.14313392 -0.42037407 0.5485303 0.63874835 1.698346 -0.05018195 0.4634485 1.570062
2 0.12200722 -0.26726228 0.5046824 0.8077903 2.2117288 -0.70415515 0.6323873 1.0634758
3 0.47305912 0.1961988 0.34741887 0.5719286 2.5504596 -0.33804375 0.31435093 1.642367
24 0.12747467 0.050089188 0.17869331 0.68165314 1.9606249 0.045222733 0.1293326 1.5838643
13 0.0866672 -0.29313758 0.41042852 0.7550355 1.6233816 -0.6644493 0.062629305 0.9546258
32 0.35409254 0.18544032 0.23960854 0.66475016 2.0346806 -0.08674948 0.37400496 1.7819847
22 0.27716625 -0.12468641 0.39291653 0.7314643 2.2857192 -0.12896387 0.26908323 1.7408507
37 0.32467625 -0.2868604 0.42211547 0.8400705 2.4809027 -0.40251023 0.4810993 1.7138294
5 -0.3562076 0.605943 0.19406274 0.4617553 -0.75344 1.2473152 -0.21741742 0.45923382
0 0.3080624 -0.09273917 0.4257027 0.5911368 2.2986667 -0.28225577 0.21848296 1.7939228
9 -0.40820682 0.89164567 0.07183294 0.30293554 -0.64926463 1.0491304 0.032220926 0.4792645
11 -0.66810036 0.8315266 0.3370337 0.09846232 -1.4761735 1.4818085 -0.48174798 0.5094585
