50 8
43 -0.12331309 0.7995068 0.07128106 0.23830234 0.12839349 1.1620396 0.6907677 0.67614573
18 -0.34731713 0.13958117 0.5389884 1.0099342 0.34531423 -0.4092883 -1.0259302 0.34758633
46 -0.19785766 -0.073089674 0.69100016 -0.24971996 0.23728983 0.047771692 -0.7192195 1.1326672
19 0.1966508 0.4399344 0.7427133 0.47230983 0.09361921 -0.34451246 -1.0238595 0.5133234
40 -0.5036526 0.31802776 0.61702746 1.1342562 0.25310344 0.67473364 -0.2263363 -0.5569851
25 1.0393052 -0.5470714 0.5131279 0.1973697 0.49621597 0.066365905 -0.7918872 0.23920478
23 0.39108628 -0.80136305 0.8476626 0.39388254 0.79624707 0.32553896 -0.6168199 -0.40210348
28 -0.352786 0.43032187 -0.11129115 -0.036648918 -0.014613994 1.2316707 0.43976647 1.173265
1 0.57166386 -0.8724237 0.46382642 0.3080296 0.8520098 0.47028112 -0.5784267 -0.17492026
16 -0.42235994 -0.06351696 0.14143361 -0.06880607 0.25110343 1.0826899 0.011039653 0.79436076
42 -1.1094475 0.008919091 0.9913971 0.16077745 0.47060302 0.40633038 0.13774996 0.57668924
11 0.36528563 -1.0637692 0.883805 -0.7264776 0.41238123 0.9072053 -0.27727744 0.50892377
26 -1.1408925 0.9264914 0.4561033 0.8187071 -0.1735456 0.6325813 0.22087756 0.6365893
29 -0.8283348 0.4876691 0.2093458 0.33021438 0.4135023 1.074241 0.19458678 0.41611415
45 -0.8419635 0.08521008 0.9176509 0.25178576 0.21752779 0.5918285 0.33366358 0.5185049
20 0.35991767 0.53513426 -0.015575835 -0.0793246 -0.37115127 0.7897868 0.31519037 1.4365714
2 1.2598128 0.31912857 -0.18247356 1.1945237 0.15581673 0.072487175 -0.65629065 -0.015142386
3 0.24779934 -0.6132332 0.6196422 1.0065454 0.89935064 -0.5075239 -0.90143025 -0.038120728
48 0.79437137 0.37805048 -0.23199348 -0.03425412 0.45008826 1.2602094 0.677645 0.5984854
30 -0.49539822 0.16927887 1.0296559 1.033884 0.3364178 -0.35488078 -0.80058056 -0.06071131
44 -0.77933323 -0.25245118 1.1695628 0.30636716 0.6223961 0.13256949 -0.22661537 0.20813468
6 -0.47012123 1.3486166 0.18156971 0.70423204 -0.22277206 0.51073545 -0.26892716 0.6175131
24 0.4724874 -0.25782073 0.5147166 0.64492804 0.583843 -0.4038378 -1.4932687 0.1670664
35 1.2139256 -0.8585072 0.69086814 0.49286565 0.65329367 -0.55534554 -1.1246891 0.19300918
34 1.5018777 -0.09674262 -0.0621686 0.030283766 0.1711593 1.2095503 0.63817453 0.3564886
15 -1.0089406 0.7047064 0.81895846 0.41379395 -0.17293385 0.67247933 0.16325694 0.5768206
21 1.1004622 -0.13734816 -0.28376108 1.033505 0.3455162 -0.18868025 -1.195128 0.33394706
9 1.7212594 -0.6833932 0.2624681 -0.25897253 0.18747354 0.84382343 0.48500577 0.62856853
17 -0.60847723 -0.27305672 1.0932146 -0.22513245 0.17958927 0.31790832 0.03894615 0.9806124
33 1.6690848 -1.0591038 0.37132215 0.7302761 0.730107 -0.45038405 -1.0123329 0.036861535
27 0.6657026 0.72992843 -0.11506564 0.27038315 -0.30028114 1.0286252 0.71451277 0.95308846
12 0.37581196 0.8534249 0.31451437 1.7303911 0.2198632 -0.44214946 -0.51286185 -0.18127574
47 -0.9047874 -0.5130797 1.2149053 0.115986705 0.57563186 0.6964994 0.21749644 0.09581193
13 -0.64158005 1.2335023 0.012832041 0.99497247 0.14204529 0.4994235 0.14932887 0.5581098
14 1.5093831 -0.92377204 0.38996726 -0.053862266 0.34145376 0.50733703 -0.11776271 0.41867292
41 1.6474962 -0.1913873 -0.24542491 0.6085017 0.5861885 0.86628544 0.22412881 -0.12756515
36 1.2654172 -0.34879875 -0.06489664 -0.4052706 0.20577905 1.8482488 1.0781515 0.4513365
7 -0.43979746 1.1138375 0.28697196 1.2672809 0.13770819 -0.05656022 -0.0588336 0.42832124
4 1.691169 -0.12991288 -0.06283251 -0.39900538 0.023103459 0.9838098 0.30338368 0.965092
8 -1.0390862 1.1570746 0.12681344 1.281269 -0.047620732 0.77011853 -0.20095111 0.039265055
31 -1.321131 0.8793399 0.6752886 1.1953485 -0.16491324 0.33505157 -0.45667127 0.1362802
0 0.15058002 -0.4182868 0.6191387 1.4687048 0.753872 -0.5694149 -1.0916814 -0.37359148
37 0.56367064 -1.042894 1.2623944 0.2767717 0.44132584 -0.9067146 -1.1900464 0.614235
22 1.050274 -0.96487844 0.92819536 0.37385073 0.46186307 -0.6103609 -0.9603241 0.41382855
39 0.47342137 0.13320069 0.11712495 0.6634857 0.47898313 1.1035898 0.6829207 -0.16504234
49 0.13078031 -0.94522446 0.379832 -0.319249 0.4655378 1.5702968 0.79765075 0.41958502
5 0.21039693 0.092041545 0.14682981 -0.4954078 0.23291539 1.1373005 0.5742792 1.1834141
10 0.045356665 0.9214762 -0.11065591 0.8409916 -0.43179694 0.2493007 0.18239358 1.2391412
32 0.97310495 -0.1613482 0.51590025 1.1255697 0.5214074 -0.76290613 -1.4461709 -0.082037546
38 1.289274 0.94309115 -0.55674016 0.5395943 -0.2429189 1.2092443 0.8536336 0.68652
