50 8
23 -0.08051244 0.1711255 0.58236647 0.85716033 0.37058377 -0.15396513 -0.56287193 0.24997135
25 0.2872029 -0.4176091 0.6207956 0.9052643 0.31766644 0.26372847 -0.67130196 -0.3155124
43 -0.21702318 0.30725044 0.71207523 -0.56834114 0.272683 0.7444502 0.61097884 0.009129593
39 0.036813553 -0.7186675 0.48668748 0.8136577 0.8135828 0.14326157 -0.18691345 -0.22203605
19 0.056198165 0.4477048 0.69339126 0.8456241 0.21744075 -0.35370162 -0.76911426 0.24321382
24 -0.40636134 0.074691474 0.73269826 0.26274595 0.56102884 -0.3698041 -0.230473 0.5496299
26 -0.63752955 0.027450167 0.5754253 0.04713117 0.6889042 -0.14562552 0.49387053 0.8866933
40 -0.27069652 -0.46109965 0.4550149 0.24871974 0.9877835 0.053346813 0.38791367 0.46586815
6 -0.69520164 0.028768294 0.71778566 -0.18542191 0.68901664 -0.130741 0.30727795 0.5335994
1 0.025709659 -0.41599366 0.6844183 -0.3136072 0.1734967 1.205593 0.36643547 -0.426834
29 -0.13883966 -0.8000923 0.58450544 0.16350372 1.0027144 0.3069489 0.07133778 -0.19402824
18 -0.077118315 0.36985534 0.6391259 1.0115951 0.5557985 -0.6954393 -0.8179951 0.56201696
16 0.2233149 -0.64237815 0.64064497 -0.35002553 0.5959252 1.1042656 0.40307492 -0.5019307
17 0.06917528 -0.38201508 0.72133327 -0.5018759 0.43976197 1.0252241 0.67924666 -0.24893026
42 -0.8823289 -0.215496 0.58675617 -0.5352569 0.71597713 0.43038186 0.7141456 0.55324125
41 0.35202503 -0.4564454 0.67660785 -0.20175265 0.36461157 1.1459806 0.3630244 -0.7405633
2 -0.026199741 0.07660887 0.6453995 1.1383573 0.4238664 -0.45630735 -0.87014425 0.20925961
27 -0.30235532 0.06672243 0.65622103 -0.6950179 0.346257 1.0101712 1.101499 0.06702778
44 -0.13234726 -0.6915663 0.61822426 0.63084924 1.2056878 -0.55317694 -0.36783445 0.27783936
37 0.073388785 0.20256633 0.551872 1.170802 0.46535486 -0.5023597 -1.020927 0.652217
30 -0.13200998 0.32236695 0.6369842 0.8623784 0.5079355 -0.54287785 -0.36672646 0.49423882
45 -0.3285297 -0.75480026 0.8599906 -0.5884602 0.8598181 0.4808676 0.84849685 -0.27025974
38 -0.06469419 -0.22248602 0.77058065 -0.6002868 0.20657271 1.2439343 0.8508233 -0.42237708
46 -0.2503861 -0.15520264 0.6987015 -0.6882683 0.46514806 0.9571891 0.80926 -0.11936358
20 -0.75368387 -0.3437421 0.64871114 -0.2599207 0.57490164 0.3176499 0.66692936 0.48517329
0 -0.20657663 0.59368634 0.48691645 1.094612 0.49411497 -0.60386 -0.95268464 0.83556145
49 -0.13157986 -0.18079725 0.6557087 -0.41238073 -0.11907239 1.5229175 0.86370885 -0.31494722
34 0.5935197 -0.37240955 0.8335946 -0.48671946 0.15043342 1.3683794 0.24971128 -0.77681285
10 -0.72205627 1.0990801 0.554898 0.5936762 0.019885745 -0.36676902 0.053939197 1.1918217
12 0.087230295 0.5178873 0.6975227 1.1617063 0.12199006 -0.39793107 -1.1275508 0.14594239
28 -0.78341705 0.86796117 0.6772489 -0.676471 -0.038311124 0.60475403 0.87588423 0.7551883
36 0.05054882 -0.073583014 0.747219 -0.49715355 0.06420317 1.272984 0.6660986 -0.39266875
4 0.36027843 0.8415633 0.9299221 -0.49393782 -0.7243683 1.294161 0.20439081 -0.37699836
8 -0.8112609 0.080172405 0.600481 0.19116189 0.9952657 -0.66533804 0.21938954 0.98162174
7 -0.37229696 1.2326131 0.42055246 0.7026023 0.27749273 -0.55216295 -0.10241999 1.5424948
22 0.30296424 0.7272674 0.6831524 1.1904311 0.11583261 -0.44555938 -1.3064296 0.32376942
15 -0.07209396 1.251636 0.53628176 1.3261098 -0.15552333 -0.46477377 -0.89094603 0.8359423
31 -0.21318014 -1.1648537 0.6373857 0.07699251 1.2692965 0.14021078 0.2483523 -0.09962839
33 0.4749561 0.9811511 0.5134547 1.3450934 -0.26998028 0.12701526 -1.1580967 0.14398986
21 0.44920418 1.4065853 0.5756952 1.3193214 -0.8718088 0.38708365 -1.0068902 0.18988341
13 -0.103131704 1.522368 0.44436708 0.8119482 -0.18550305 -0.26730317 -0.392362 1.320426
35 0.23256344 1.1712123 0.67959714 1.3862501 -0.28771767 -0.43384632 -1.1391705 0.47520664
32 0.2569042 0.61208737 0.56531817 1.7400479 0.13491881 -0.53759795 -1.5256011 0.25507236
14 0.74364334 0.664934 0.63487154 0.63428795 -0.89506185 1.4047079 -0.41999385 -0.5916632
11 0.44407043 -0.035514694 0.8092337 0.047088318 -0.5814842 1.5433083 -0.2870185 -0.94439197
3 0.70784414 0.7268474 0.623768 1.4768014 -0.10660051 -0.18286042 -1.3682919 0.23792401
47 0.11012342 -0.85112846 0.73983794 -0.37153006 0.73264956 0.8891348 0.77364814 -0.49144232
9 0.62570584 0.56648535 1.013029 -0.34333324 -0.945266 1.6052825 0.6354407 -0.72340995
48 0.4694565 1.1387359 0.54148287 -0.07794671 -0.28097 1.096523 0.65009683 -0.011193659
5 -0.012543384 1.3577892 0.8501884 -0.8083614 -0.8393648 1.3324827 0.7082656 0.16308711
