50 8
23 -0.1862895 0.65670127 -0.29826623 0.51796496 -0.21916158 -0.9684542 -0.57468504 0.05912796
21 0.18252516 0.70963573 0.6902669 -0.07477953 0.675433 -0.107747756 -0.49188468 0.26609784
43 -0.55421287 -0.026796417 0.80543745 -0.1500242 -0.7161403 -0.66858417 0.16629323 -0.296259
24 -0.34700948 0.18467255 -0.021651952 0.15410273 0.22688171 -0.9227725 -0.685652 -0.40976843
19 -0.5814749 -0.48020324 0.46624395 -0.070892505 0.5311363 -0.8106213 -0.8323239 -0.123765126
12 -0.53453964 -0.15655185 -0.017319744 0.4358745 0.5428531 -1.1112046 -0.6649366 -0.17302184
38 0.06534717 1.1730009 0.07343603 0.37346852 0.0365169 -0.35936517 -0.24913602 -0.26307043
26 -0.6550463 -0.14050008 0.14795762 0.11990492 -0.5492059 -0.9795353 -0.4910907 -0.62186724
1 0.13454048 1.2373965 0.9628339 0.3591379 -0.14247996 0.38700223 0.19103797 0.38322863
25 0.35146332 1.404792 0.2450071 -0.03924966 0.027548904 -0.07772489 -0.61085093 0.11591453
18 -0.47964385 -0.41929743 0.26010647 -0.06494546 0.7338191 -1.0019916 -0.96112585 -0.048704207
44 -0.21824509 -0.13033135 0.43497404 -0.001011643 0.6006323 -0.6062379 -0.99854225 0.14851297
31 -0.64580506 -0.26816922 0.2625883 0.38844708 -0.34311122 -1.1024821 -0.16758026 -0.5000161
35 0.4046135 1.2398732 0.7904731 0.08628105 0.61250067 0.1592157 -0.19598365 0.7048804
22 0.23592411 0.31037864 1.5235622 -0.43096748 0.89472616 0.5526586 -0.59426254 0.16693583
8 -0.55494046 -0.045059264 -0.003183626 0.30777213 0.08376571 -1.0776825 -0.5527531 -0.16484323
28 -0.20973848 0.6626758 1.274455 -0.16729401 -1.4028699 -0.017097581 0.6386772 -0.62780374
40 -0.526356 -0.22198693 0.15498075 0.090881795 0.8425711 -0.9542882 -0.85799956 0.108382486
2 -0.32480592 0.085549526 0.59480625 0.30568504 0.9777495 -0.45668042 -0.42777425 0.5189761
6 -0.84918904 -0.31046513 0.021261036 0.20502372 -0.06244366 -1.1573315 -0.51824 -0.27098492
33 -0.31672898 -0.5169312 0.80426717 -0.5465787 0.73027444 -0.7448154 -0.85803235 0.079231694
7 -0.6428561 -0.27785873 -0.19050044 0.1577382 0.25956568 -1.3633071 -0.8393644 -0.3505678
36 0.08603874 1.4681214 0.72494954 0.6592422 -0.12138561 0.45317364 0.16445304 0.19132793
3 0.16042322 0.35066026 0.5329619 -0.30686164 0.96683985 -0.4210983 -0.8551007 -0.11884999
32 0.1628767 0.3725829 0.93437755 -0.1765564 1.1075135 -0.17408597 -0.5185657 0.50239265
10 -0.23225129 0.08690244 0.004011954 0.26934406 -0.31214282 -1.2939544 -0.27058014 -0.67028075
20 -0.22907014 0.8495346 -0.20688918 0.59115964 -0.97698313 -0.8778646 -0.09884362 -0.6492139
4 0.25652614 1.2855237 1.29773 -0.120203204 -0.95750844 0.44766462 0.34595728 0.12758896
34 0.14551163 1.5831381 0.49891335 0.7146914 0.19623801 0.50867987 -0.21440092 0.37365144
42 -0.59238034 -0.3667757 0.34055883 -0.026002524 -0.58858156 -1.140585 -0.36146712 -0.4462451
27 -0.7673827 0.902462 0.28407145 0.71324706 -0.98304594 -0.16575348 0.33596626 -0.38280672
39 -0.35355943 -0.0037955972 0.17619085 0.3550327 0.6618139 -0.7623043 -0.79375875 0.27598688
14 0.045192994 1.7072419 0.9894768 0.33916378 -0.5459664 0.76495737 0.2652006 0.39864528
41 0.121407084 1.4452885 0.43958688 0.4144571 -0.085072085 0.11942267 -0.06320087 0.26310506
0 -0.3440496 -0.6423221 1.07185 -0.5331908 0.6503432 -0.8447498 -0.39195248 0.30929115
13 -0.9354495 -0.22862966 -0.52410257 0.711236 0.35659924 -1.4287204 -0.83916396 -0.031196583
29 -0.6565204 0.16847676 -0.4659582 0.7124398 -0.3435485 -1.2502921 -0.5868584 -0.31531656
15 -0.5981947 -0.6279728 1.3017834 -0.42670995 0.2392669 -0.7190134 0.12836803 0.5919732
46 -0.07476279 1.2482256 1.0154136 0.66824985 -0.8058801 0.28758958 0.7024447 0.16229238
48 -0.05964304 0.77906036 -0.30164406 0.7951261 0.012905129 -0.8286016 -0.49714744 -0.3664988
9 -0.1358137 1.1638739 1.546988 0.040935613 -0.6118147 0.9093112 0.43279225 0.12104174
45 -0.2218586 0.92597723 1.0464833 -0.06706549 -0.9267523 0.3562166 0.22274092 -0.6683602
30 -0.5937734 -0.9720601 0.38087064 -0.25996748 0.93627995 -1.2450432 -1.1345303 -0.36596516
37 -0.57787174 -0.7724678 1.5970447 -0.23296079 1.1509794 -0.13841283 -0.2514738 0.32104045
16 0.06256857 1.6312921 0.6009978 0.48119724 -1.2438763 0.29661185 0.36410645 -0.56284815
11 -0.11929826 1.3887852 1.5376235 0.31521225 -1.0011591 1.0676864 0.5144903 0.2100019
49 -0.24910429 1.5757823 1.2963425 0.15470415 -1.4561045 0.99996847 0.48698214 -0.282734
17 -0.5805006 0.26553667 1.896373 -0.3977265 -1.1719806 0.637684 0.51847094 -0.4506449
5 -0.19770554 0.75216866 2.1803381 -0.5784848 -1.168481 0.8888418 0.6866691 0.17927383
47 -0.92993075 0.53388035 1.6576217 0.27937913 -0.8878215 0.91851014 0.6526938 -0.06904044
