50 8
39 -0.57714754 -0.010806958 0.86640775 0.3351207 0.8870426 -0.42137223 -0.2244084 0.042947654
25 0.2656657 0.7635128 0.49380535 -0.22678304 0.024423948 -0.98892075 -0.57866263 0.19111873
10 -0.7221238 -0.015275613 0.4944422 0.31651825 -0.57891595 -0.45217082 0.31760383 0.013032556
19 -0.9309805 -0.74285394 0.80641615 0.04560417 -0.19220813 -1.1002597 -0.07394531 0.10576655
28 -0.26382697 -0.0074437577 0.7131902 0.16124618 -1.0273155 -0.3189543 -0.26418006 -0.8390191
48 0.1615704 0.95996 0.25272632 0.22430752 -0.74878925 -0.3795507 0.14760008 -0.09782187
15 -0.80202675 -0.7166461 0.8923221 0.30211377 0.122719854 -0.8891077 -0.050212413 0.403004
24 -0.94580257 -0.315785 0.5915982 0.055746954 0.31623366 -1.0665098 -0.28166234 0.00034919623
26 -0.7853851 -0.5629754 0.85850596 0.067284174 0.04734512 -0.795117 -0.5957492 -0.35606793
18 -0.63482606 -0.40634406 0.94662905 0.47325233 0.6835146 -0.6182541 0.016938483 0.87402004
49 -0.12707782 0.73711467 0.26179492 0.7934098 -0.94968176 0.573069 -0.51833093 -1.275927
40 -0.8086051 -0.27209395 0.9752975 0.16936632 0.43033215 -0.55985 0.14717923 0.3814992
44 -0.07931176 0.34842348 0.7353529 0.24642971 0.7797159 -0.6258327 -0.38542473 0.671386
36 0.13016117 1.2877537 0.05248836 0.4922527 -0.87877786 0.2026197 -0.3937093 -0.7181085
0 -0.63715875 -0.4754615 1.038919 0.02486992 0.59916097 -1.0870194 -0.048220452 0.6411654
6 -0.67776763 -0.13384737 0.62649727 0.17157656 -0.85067004 -0.3678792 0.021212507 -0.36574432
23 -0.48317578 -0.16832027 0.86838716 -0.1459779 0.51142555 -1.1442394 -0.36826655 -0.11444462
43 -0.8700892 -0.09452466 0.54542595 0.8522485 0.17258944 -0.03013775 0.37292004 0.2554292
2 -0.5161768 -0.058468517 0.79507357 0.087813266 0.58055097 -1.0666357 0.20879625 1.1241604
8 -0.9400429 -0.61011875 0.9353338 0.05057868 0.5288678 -1.0962356 0.00049544184 0.5374345
41 0.2706964 1.273106 0.1922035 0.25392702 -0.31254753 -0.20563969 -0.34113738 -0.32009476
31 -0.74749637 -0.7325403 1.083116 -0.048035648 0.49109524 -1.145787 -0.39514986 -0.092049934
13 -0.8728145 -0.60098004 0.90640944 0.3791667 0.3855822 -0.84577674 0.3450088 0.8385047
38 0.5291715 1.6965201 0.20582293 0.19726603 -0.5420037 0.08058448 -0.43466735 -0.41459674
42 -0.6239699 -0.1255036 0.40853614 0.8475522 0.98000354 -0.51318026 -0.77326125 -0.023506917
1 0.3803995 0.7423486 0.4001159 0.47905484 -0.31011263 -0.3375472 -0.48208115 -0.90712273
46 0.23650715 1.2078685 0.13473715 0.81304157 -1.056324 0.523034 -0.087518826 -0.61582947
16 0.42276818 1.0898668 0.36377448 -0.20061098 -1.1614876 -0.50384814 -0.47090587 -0.94289464
32 0.183296 1.0373974 0.7075439 0.44399604 0.9481336 -0.089765556 0.09357885 0.9051525
30 -0.39645377 -0.07656948 0.8782648 0.59773165 1.3570353 -0.6010491 -0.30562827 0.22751656
11 0.47801903 1.6110761 -0.060316294 0.7962323 -0.9752946 0.60805815 -0.6382769 -0.63833684
22 0.7589019 1.6117067 0.3532482 0.8742406 0.81751984 0.24299912 -0.46825916 -0.10294042
7 -1.069464 -0.5772973 0.651635 0.2623186 -0.4175159 -0.73326427 0.29066113 0.33273688
4 0.49182716 1.7281785 0.05950909 0.4220039 -0.9764212 0.22077742 -0.080028735 -0.63093454
27 -0.049300835 1.171095 0.0033661898 0.6014811 -1.7106037 0.5363902 -0.13220263 -0.8056377
12 -0.7101563 -0.38677838 0.87291825 0.1366663 0.5457413 -1.106484 0.31273535 0.93675154
3 -0.6140332 -0.17392592 0.9940654 -0.043629523 0.4623411 -1.0062178 0.45730892 1.2644879
45 0.05565981 0.4695477 0.18551874 0.45204917 -0.048850834 -0.5636714 -1.1913722 -0.77605194
9 0.0033540651 1.3855604 -0.17365697 0.63904643 -1.8047615 0.44658473 0.18493828 -0.241543
14 0.44144562 1.7277308 0.0699878 0.6631176 -0.8338397 0.5169466 0.1476293 0.024447417
34 0.6470322 2.031275 -0.052683327 0.6046592 -0.6796736 0.38245547 -0.13652453 -0.65195733
17 -0.34090698 0.04817986 0.3481991 0.13622288 -1.1185337 -0.64828897 -0.4894092 -0.6606909
29 -0.027402189 0.71623224 0.17364801 0.21351893 -1.8885434 -0.24273832 0.2349628 -0.3660707
37 -0.6124344 0.26307032 0.7709685 1.0473082 1.0707911 0.3581049 0.4202112 0.7506442
21 -0.8260774 0.1971879 1.0571921 0.20097183 -0.33880988 0.30383387 0.7890615 1.22951
35 0.21809621 1.4673306 -0.072771505 1.1741103 0.6786921 0.22467446 0.03586902 0.53287065
20 0.13263398 1.1571496 0.18631785 0.019183058 -1.363288 -0.20901898 -0.120918244 -0.9310882
33 0.38646907 1.6281093 0.44589597 0.5699562 0.24013986 0.41612852 0.51315886 0.8784013
5 -0.49058363 0.16960388 0.19665395 1.1797504 -1.2120833 0.6013253 -0.10460907 -0.49450785
47 -0.10623003 0.9701211 0.05764477 1.5909528 0.46375024 0.8553213 -0.3115328 0.029718664
