50 8
1 -0.6088374 0.2572057 0.47317716 0.20413534 0.57549155 0.7243516 0.09853045 0.31961572
49 -0.523641 0.3090328 1.0445827 -0.019290479 0.54359573 0.81405395 -0.17756642 0.09505918
28 -1.1435527 0.5808228 0.47074944 0.17989416 0.5234975 0.7051409 0.20270538 0.36415106
20 -0.9014973 0.23866984 0.5251443 0.3920031 0.04412746 0.31466028 0.057893842 0.3841897
24 0.8738764 0.12346681 -0.0835105 0.8392925 -0.7480467 -0.9101066 -0.5296953 0.59710205
27 -0.36254537 0.32267028 0.6318676 -0.041358322 1.0206544 1.0242026 0.36339504 0.3168209
46 -0.74339974 0.48524123 0.8370282 0.1240003 0.60868406 0.62935126 -0.049184747 0.12856175
25 1.4335474 -0.54718554 -0.14333096 0.5687921 0.4498562 -0.2908322 -0.26470825 0.529021
38 -0.528074 0.039517798 0.40398026 0.14126475 1.3366826 1.1024972 0.46564153 0.2874389
26 -0.7041372 0.03831412 -0.047653586 0.48603985 0.5239292 0.50881714 0.6267251 0.63102853
16 -0.13535674 0.268838 0.9714137 -0.051790085 0.60093826 1.0826454 0.09664664 0.16959926
41 -0.4937506 0.012390357 0.57356936 0.110280424 1.3797431 1.2216704 0.4087043 0.22633043
23 -0.39793512 0.38227665 0.9670287 0.17357028 0.4197385 0.65966284 0.18937288 0.032987565
43 -0.77520466 0.23391488 0.50210804 0.12613708 1.1459857 0.992924 0.15470983 0.2806726
36 -0.5281607 0.335324 0.804499 0.06538403 0.86300325 0.98822445 0.2482545 0.13184465
45 -0.748289 0.3270289 0.66484296 0.15111573 0.9684642 0.79956347 0.16335885 0.14914076
8 -0.8529148 0.16682409 -0.42365927 0.51605517 0.73115575 0.6350413 0.51874536 0.72783935
4 -0.098351 0.28793895 1.4852298 -0.090409935 0.10069144 0.72872406 0.014573858 -0.042130545
48 -0.05946057 -0.1261411 0.7600005 -0.030525193 0.9435699 0.983933 0.21425964 0.29599488
6 -1.0720048 0.33551118 -0.038261965 0.33597347 0.9315916 0.6608551 0.42262328 0.55352646
42 -0.6393184 0.26143742 0.744488 -0.026564404 1.0029612 0.9460297 0.13951235 0.2774958
39 -0.62861097 0.23718682 0.5941158 0.14992738 1.0317857 1.0774251 0.40232632 0.22551619
17 -0.7107693 0.6287877 1.3072468 0.014167007 -0.07980797 0.52793574 -0.14611031 0.05597947
10 -0.26097962 0.809688 -0.6139666 1.0438515 -0.7661854 -0.87445146 -0.44784755 0.718201
29 -0.32716084 -0.15968618 0.5237052 -0.0012275861 1.0641079 0.7012507 0.17244473 0.42930606
34 0.11996975 0.0025896577 1.4224771 -0.21786365 0.5317596 1.080113 0.2154152 0.054819383
44 -0.30956277 -0.24874458 0.25527284 0.13253501 1.38615 0.8331517 0.47744265 0.45390627
18 0.38200548 -0.18339738 -0.8407199 1.1250844 -0.2191484 -1.1292394 -0.56690484 0.93598104
15 -0.26525298 0.8558754 0.1561186 0.8076913 -0.853412 -0.43443 -0.07563593 0.33414233
40 -0.2577308 -0.3789226 -0.47008574 0.5171935 0.8340582 0.7872873 0.62163204 0.7992931
11 0.52490294 0.22871591 1.4872861 0.09543165 -0.3817871 0.1345089 -0.8202473 -0.17800078
5 0.83130217 0.5766109 0.72436917 0.58413976 -1.1385621 -0.6558352 -0.51539594 0.20791048
22 0.9389624 -0.20132509 -0.048906177 0.98649395 -1.2150679 -1.2746358 -0.6325696 0.80401117
13 0.43462953 0.3473259 -1.3218155 1.2868124 -0.29506624 -1.3141248 -0.2715842 1.0453291
37 1.1680663 -0.2053854 -0.1966182 1.1317286 -1.2235599 -1.3673753 -0.39055288 0.80612
47 0.15776956 -0.0670402 1.7288313 -0.23252545 0.43127155 1.0799116 0.2558936 -0.08494539
31 -0.4395044 -0.018139353 -0.34787813 0.43936285 0.734871 0.9072206 0.8336598 0.7519537
12 0.013444341 0.45680442 -1.1480502 1.2014328 -0.24986064 -1.1178495 -0.42224443 0.88742685
19 0.9156666 -0.21894704 -0.27588934 1.1340418 -1.0654037 -1.4626625 -0.6721928 0.81991905
9 1.3664962 0.16660501 1.0854061 0.44325492 -0.80573004 -0.46665573 -0.5636802 0.0018908344
33 1.2808384 -0.11728722 -0.14889479 1.0990787 -1.2064136 -1.28684 -0.49780068 0.75157696
35 1.3278757 -0.09916364 -0.066496894 1.0475585 -1.3063349 -1.5092262 -0.63031083 0.789374
21 0.915418 -0.23008646 -0.44970962 1.2191942 -1.2324781 -1.5125833 -0.86637044 0.94282174
2 1.0219809 -0.05961422 -0.24901551 1.082726 -0.9819716 -1.2592145 -0.5764088 0.7972558
7 0.68564 0.22560689 -0.82143843 1.229681 -0.86354584 -1.5244073 -0.7339762 0.95351946
3 1.0960405 0.030835489 -0.3782224 1.1708508 -1.1434062 -1.4621087 -0.75840944 0.7990058
0 0.6901294 -0.01945113 -0.6878413 1.3799981 -1.2471516 -1.5985416 -0.64960206 0.97506064
32 1.6618204 -0.29067406 -0.37456447 1.0726514 -1.0323104 -1.151956 -0.44053066 0.82767886
14 1.9585503 0.05425573 0.992556 0.42780763 -0.8010865 -0.48752216 -0.8641976 0.059282713
30 1.0150423 -0.068298176 -0.7321704 1.3457164 -0.6814484 -1.5683689 -0.5434535 0.80271024
