50 8
23 -0.4251534 -0.40142614 0.7310659 0.17667001 -0.31594455 -0.5700311 0.207691 0.38262346
28 0.18827498 1.0290681 0.29514098 0.5849116 -0.19220582 -0.493684 -0.55771565 -0.10054199
40 0.20631796 0.9147344 0.6779247 0.20211792 0.24509889 -0.53116053 -0.4000202 -0.37976363
29 0.010963662 0.8299261 0.39594495 0.4453757 0.062294915 -0.5931378 -0.7946293 -0.049654573
16 -0.21801189 0.3749154 0.7723846 -0.01121282 -0.30719543 -0.274214 0.45097578 0.19333361
36 -0.71167535 1.1541041 0.0966524 0.93261087 -0.31876713 0.49993467 0.38875282 -0.49603355
41 -0.22972527 1.1860614 0.1768482 0.60921735 0.21564075 -0.2880753 -0.4483677 -0.207815
18 -0.20414728 -0.66899306 1.4678105 -0.2948277 0.53715813 -0.64119345 -0.14717086 0.42946708
21 0.15709291 0.26597512 0.5396034 0.46787125 -0.017640894 -0.71997905 -0.9227887 0.93240297
49 -1.4632862 -0.04174999 -0.10815186 0.73583114 -0.673131 -0.106970474 0.41539738 -0.7642132
6 -0.42664397 0.63249904 0.026831994 0.5936062 0.15788956 -0.69298285 -0.4875158 -0.30561337
26 -0.52082044 -0.070574954 0.74459475 0.04585244 0.15056734 -0.58094066 -0.40017536 -0.1772851
1 -0.58840644 0.89963716 -0.1155393 0.82543504 -0.1551766 -0.28995463 -0.124614395 -0.40432706
13 0.49375322 0.6740519 0.62906945 0.6748999 0.44007152 -0.5922257 -0.6535724 0.16194546
20 -0.60762763 1.0018641 -0.36315045 0.920608 -0.49582162 -0.25529712 0.18671703 0.12445171
25 0.4010306 0.89993864 1.3740655 -0.31937954 0.28586176 0.06529014 0.19147348 1.0812472
19 -0.7288553 -1.2326018 0.8709494 0.2187026 -0.5793502 -0.7682525 -0.3182292 0.06367386
27 -0.8892926 0.91744834 -0.06758236 0.8288354 -0.06320653 0.10535132 0.3347118 -0.5360744
17 -1.2909214 -0.6621744 0.6098161 -0.10109926 -0.3538311 -0.43133888 0.9116428 -0.25158378
43 -0.5229819 0.99873865 0.0018451405 1.1102446 -0.119036525 0.18036932 0.33182967 -0.5905605
14 -0.52557784 1.139386 -0.10484445 0.9402739 -0.4088254 0.15939584 0.3112963 0.19422726
12 0.25063333 -0.43961415 1.05486 0.24562809 0.097555555 -0.7129073 0.002049942 1.2536016
34 -0.07293518 1.6544296 0.16074626 0.83695114 0.27799323 0.24317196 0.310267 0.107316084
24 -0.8007716 -1.0766735 0.6751195 -0.011234358 -0.47316235 -1.0198863 -0.008169841 0.4577932
45 -0.13260181 0.6358883 0.69432783 0.5274357 0.24959089 -0.07527689 0.10827445 -0.7724699
38 -0.4337845 1.5043352 -0.20118666 0.9843845 -0.088075794 -0.04717553 -0.2866098 -0.3615068
3 -0.15260114 -0.14044248 0.29901597 0.30316967 0.1951077 -1.3735856 -0.8089866 0.43093914
0 -0.36739597 -1.3498485 1.5181471 -0.3379224 0.08215979 -0.7460478 0.5901843 0.9810099
15 -1.1637454 -0.77859944 0.90570027 -0.24117558 -0.24575813 -0.31572607 1.0920886 0.02890637
7 -0.60267407 -0.480844 0.24542135 0.15640272 -0.117755845 -1.3149186 -0.6305326 0.55663604
39 -0.3427849 1.622484 0.011588369 0.9639089 -0.061559625 0.32231686 0.04364166 -0.30273473
46 -0.7736793 -1.0553439 1.1991692 -0.4199988 0.03186418 -0.7183963 0.88163084 0.22613563
2 -0.29101083 -0.42656168 0.99031454 -0.07923039 -0.15639289 -0.55141246 0.5834528 0.4658247
10 -0.5142644 0.14051104 -0.2530273 0.7148361 -0.5586611 -0.98836637 -0.16175891 0.45858252
44 0.0062341983 0.7334177 0.79880476 0.4632578 0.32166806 -0.11301484 -0.16438714 -0.80564076
37 -0.099279575 -0.46184635 1.558142 -0.3043064 0.23753834 -0.28600028 0.1059667 0.5634123
48 0.17427376 1.6772629 -0.17759669 1.0618638 -0.4533623 -0.14553826 0.0014966729 0.10101923
9 -0.58243406 1.4641436 -0.2833988 0.8963114 -0.42769948 0.19887836 0.6022698 0.16047895
42 -1.1267365 -0.30030015 0.97138125 -0.20543431 0.24003585 -0.019858625 0.8329672 -0.36020046
5 -1.4630914 -0.053829122 -0.15612145 0.32665312 -1.0215527 -0.23039511 1.2780454 0.15044923
31 0.12012078 1.147681 0.02059803 0.8573574 0.1872626 -0.81655073 -1.0702683 -0.8626638
4 -0.40523303 1.5212432 -0.19401376 1.0896164 -0.42533886 0.41450033 1.0822533 0.1053713
30 0.39910612 -0.86059576 2.3812833 -0.659769 0.7019658 -0.36536273 0.7457975 0.4477858
11 -0.7319102 0.94481564 0.010555115 1.1036109 -0.6574491 0.511464 0.085936666 -0.0657337
8 -0.13257255 0.121636406 0.004881687 0.8431243 -0.008742796 -1.2646675 -1.3655041 -0.5100003
47 -1.3089406 0.67443544 0.062782146 0.8817242 -0.6176734 0.7902946 1.6922967 -0.5209831
22 -0.24596252 -1.4100717 2.1751916 -0.35329485 0.1831072 0.011800525 0.87239 0.9700504
33 0.40239397 -0.9223306 2.063767 -0.93251896 0.45249712 -0.9842206 0.4494351 1.6769857
35 0.30716562 -0.8879614 2.000002 -0.7919066 0.2964288 -0.7988742 0.74109775 1.5148448
32 1.0024853 -0.68354136 2.5248094 -0.81781805 0.39793316 -0.6409769 0.36991614 1.526708
