50 8
36 -0.3019466 0.14126275 0.63190854 -0.22829017 0.39359805 0.5973746 0.48426124 0.38271186
19 0.30264348 -0.0693251 0.63694656 0.5383169 0.29768836 -0.5258141 -0.86483824 0.53553134
25 0.47903943 -0.060799114 -0.067196034 1.0951005 -0.026067544 0.055378437 -0.46284458 0.54480094
45 -0.45720208 -0.27808654 0.8349054 -0.2244194 0.37874258 -0.098393396 -0.31863102 0.6296704
1 0.086089574 0.19650383 0.59198695 -0.3411444 0.48999172 0.85456795 0.6466173 0.28907567
23 0.51205313 0.45384166 0.40331167 0.7514472 -0.28395826 0.24931842 0.16934551 0.2512354
43 -0.19041553 0.15962939 0.39176255 -0.35072288 0.63161445 1.058822 0.87180185 0.3893585
15 0.44944346 -0.067998886 0.8333962 0.5432726 0.076357335 -0.8531896 -0.8153756 0.5603419
27 -0.055228677 0.37146547 0.4879053 -0.29898608 0.26608896 1.1861739 1.1296455 0.265279
17 -0.4289512 0.03296555 0.8047845 -0.71389496 0.6355221 0.67311186 0.35494757 0.43744147
16 0.26040995 -0.21997018 0.5714656 -0.6329607 0.60327137 0.86381644 0.49738485 0.43676436
28 -0.3881667 0.2695561 0.35180825 -0.23002976 0.34933344 0.91071683 0.8498339 0.45789626
42 -0.398303 0.057646144 0.97111744 -0.45528704 0.44744435 0.24888064 0.051150694 0.40641665
46 0.15629476 0.5019091 0.9774288 -0.19910955 0.18720819 0.57932276 0.29392165 0.055832703
10 -0.43220228 0.1843446 0.987893 0.30093423 0.05285282 -0.6012755 -0.83767307 0.50543237
26 -0.8571878 -0.72114533 -0.23413572 0.6532995 0.10051633 -0.17818622 0.050101023 1.1675045
20 -0.20356724 -0.32099527 0.7789365 -0.6832619 0.7147232 0.583828 0.31585082 0.48050323
4 0.33082882 0.43330297 0.91054624 -0.49242586 0.3043415 0.8553258 0.5908143 0.11464608
12 0.30023667 -0.06751699 0.2038401 1.3877984 -0.30596265 -0.9330925 -0.985476 0.79575604
29 0.06572021 -0.30075145 0.12373725 -0.35850763 0.60379463 0.97092026 0.67568827 0.63456255
41 0.29431096 0.19009997 0.45215058 -0.18174496 0.15713714 1.3952122 1.3258362 0.15039708
34 0.51864076 0.035120357 0.16107254 0.059462786 -0.032969587 1.346583 1.0469242 0.28562152
39 -0.03546569 0.2283398 -0.021276196 0.31131083 0.013563541 1.2430614 1.0140568 0.34106556
38 0.48250023 0.2240109 0.14776286 0.022321034 -0.0801093 1.3871567 1.1048894 0.29124013
49 -0.25951433 0.13750373 0.75363314 -0.70079803 0.48833555 0.79655206 0.4358269 0.4605119
11 0.44314998 0.21396774 1.0627495 -0.71686816 0.5538424 1.1115463 0.5904696 -0.04850989
47 -0.11520443 0.23206569 0.4635509 -0.1863528 0.3651338 1.4216721 1.2543131 0.13053142
24 -0.10471144 0.40145868 0.80296206 1.0338082 -0.26707217 -1.0863202 -1.365333 0.6460617
30 0.2381758 -0.14576061 0.13643387 1.6324077 -0.32457268 -0.87060624 -1.0014836 0.74159294
13 0.036797088 -0.03664496 0.312464 1.4424471 -0.24217437 -0.8629171 -1.390037 0.6756034
14 0.5469426 0.20110619 0.83623505 -0.42640698 0.3648109 0.9871437 0.35835296 0.0763529
44 -0.21503906 -0.51451415 0.4340739 -0.41994148 0.9424261 0.2877808 0.22847973 0.7024575
0 -0.02485252 -0.051076286 0.28883293 1.5400994 -0.22099103 -0.9589887 -1.3781605 0.7769884
6 -0.42419603 -0.26384395 0.087917715 -0.17365637 0.19452819 0.8629825 0.81821907 0.7803698
8 -0.9538795 -0.23524979 0.055059835 0.6749815 0.412158 -0.22642794 -0.8920043 0.87546337
18 -0.27827743 -0.29391223 0.23315363 1.3975139 -0.17085987 -1.0387329 -1.562121 0.9543657
21 0.1785299 -0.04312681 -0.010604245 1.8266065 -0.51715213 -0.6529513 -1.5030776 0.7696318
7 0.07160038 -0.1784969 0.42038348 1.2037847 -0.17594975 -1.2171972 -1.1013021 0.9210053
2 0.3280564 0.122004345 -0.21989848 1.9209985 -0.8731673 -0.218406 -0.5040693 0.6249055
5 0.1864856 0.082121976 1.1967924 -1.0556442 0.60284466 0.11141592 0.017131237 0.5700808
3 0.21286458 0.08658981 0.33805352 1.5001777 -0.12772627 -1.1222093 -1.3076164 0.774041
48 0.69337136 0.35161635 0.1500586 -0.076935425 -0.07343131 1.3651696 1.1765776 0.36060995
33 0.36319274 -0.02722881 0.21229401 1.9407867 -0.60286105 -0.96385 -1.4459599 0.6702154
40 0.19889027 0.29970065 -0.5367799 1.5075079 -0.62653613 0.5603923 0.67356575 0.5804306
9 0.3853293 0.20020384 1.0830534 -0.8728932 0.55967796 1.1834135 1.0145056 0.0049315817
31 -0.29950127 0.048927683 -0.29893762 0.48673546 -0.19865128 1.1339693 1.0221406 0.6455809
35 0.4869041 0.15983714 0.39661637 1.5603814 -0.45972276 -0.9832113 -1.303494 0.6283806
22 0.4394198 0.05829236 0.27799773 1.8018503 -0.51930034 -0.957106 -1.4299363 0.65099716
32 0.12766054 0.13724579 0.14017019 1.9717245 -0.70559186 -0.77049226 -1.4993674 0.63936573
37 0.3514828 -0.071327694 0.123020604 2.0111642 -0.64021045 -1.126284 -1.1840281 0.8132901
