50 8
1 -0.49311155 0.103276715 0.48437697 0.026490893 0.75641435 0.92969894 0.18530521 -0.13198522
46 -0.6199017 0.11240478 0.6357663 -0.24613182 0.90499955 0.4891204 0.20694335 0.19602065
41 -0.26633638 -0.05432179 0.67103755 -0.39780217 1.0194064 0.8436847 0.24864961 -0.08513449
23 -0.934921 0.09503625 0.42670006 0.3447806 1.034005 0.080068454 -0.28648657 0.1960919
27 -0.6164125 0.14859024 0.6578949 -0.27819887 0.80427295 0.86659306 0.34372604 -0.037047967
6 -0.5470523 -0.08329763 0.22976974 0.1375902 1.0067396 0.49820885 -0.107194655 0.384763
12 0.49697357 0.06507056 0.2929065 0.7710317 0.40431467 0.34349403 -0.9063649 -0.018742692
31 -0.49252427 -0.15818332 0.11408681 0.15035963 1.1869363 0.19232062 -0.30641463 0.62645656
43 -1.0681474 -0.023068003 0.7762432 -0.6016018 1.1056674 0.7388346 0.9062098 0.20235085
45 -1.0860316 -0.024775375 0.7859878 -0.27665806 0.8585973 0.7439072 0.7430054 0.096281484
48 -0.33172393 0.28824595 0.22695856 -0.37139946 1.2032858 1.1993617 -0.077090934 -0.065228626
36 -0.5314864 0.19903833 0.86675733 -0.30995935 0.28884774 1.1132771 0.8371348 -0.046503555
42 -1.0924613 0.267664 0.52439183 -0.2984905 0.9064595 0.055531915 0.25979587 0.754993
18 0.28735754 0.17525981 -0.02084901 1.1892687 0.20863909 -0.4648131 -0.7071644 0.8802214
44 -0.4667785 -0.21654122 0.53786385 -0.39413515 1.2902274 1.2324536 0.22028732 -0.28159675
19 0.24972355 0.423209 0.2007814 1.1537123 -0.3274646 -0.5341314 -0.64074445 0.98350626
13 0.7391673 0.56218684 -0.032794055 1.1691167 0.012840364 -0.27234963 -1.0221635 0.68846
25 1.3106018 0.40999195 0.15100324 0.66831964 -0.023106527 0.32745886 -0.76478034 0.34484428
28 -1.114526 0.15589963 0.70672834 -0.15030713 0.4601332 0.73519176 1.06836 0.32489628
4 0.4178565 0.3387813 0.8787961 -0.6570265 0.18014169 1.2586344 0.2984516 -0.15307683
40 0.5971288 0.19945656 -0.09430664 1.1529672 0.13312563 -0.19271104 -0.6614699 0.7783048
39 -0.5365552 0.21543851 0.5128238 -0.27845025 1.1804848 0.698846 0.08336626 -0.022915015
34 0.64756525 -0.3481799 0.9864346 -0.36153546 0.47434342 0.8004836 -0.009808661 -0.20634963
38 -0.22945018 0.051521525 0.870444 -0.29817742 0.40344355 1.1171563 0.56773156 -0.20666663
21 1.6151127 0.075574994 0.70665336 0.91754335 -0.93804365 0.35530382 -0.49084306 0.15400268
14 1.6260568 0.6224594 0.66956496 0.56315607 -1.0195427 0.81774956 -0.19071963 -0.023442818
10 -0.80301195 0.12962432 0.11390856 0.42577258 0.61813444 0.57632023 0.14379433 0.4494532
2 0.9335634 0.3573451 0.10869541 1.246273 -0.2668269 -0.5771366 -0.9520503 0.92847157
26 -0.42276758 -0.16361466 -0.02056968 0.21384789 1.2973658 0.2574764 -0.39328724 0.64858615
15 -0.6575946 0.5672528 0.8127736 0.6825693 -1.0133822 0.12594117 0.8524808 0.7036835
49 -0.0902492 -0.13521124 1.2823863 -0.31008473 -0.078675374 0.7714771 1.0161967 -0.052661907
17 -0.66893023 -0.12759098 1.144963 -0.48225582 0.5030348 0.42634422 1.0920674 0.2060508
20 -0.65075433 -0.0050016446 0.50789416 0.3867091 0.31159368 0.3803563 0.5636459 0.4021942
8 -0.7330769 0.051929668 -0.25486073 0.16557834 1.5120486 0.33910155 -0.67646855 0.7155833
47 -1.0478446 -0.3657003 1.1405146 -0.42957345 0.72682905 0.56127274 1.4286422 0.16698763
24 -0.22951956 0.2629819 0.35409057 1.0684098 -0.14351374 -0.7855476 -0.4973753 1.0660553
29 0.53430825 -0.10072836 0.468259 -0.25472975 1.1815906 0.1073793 -0.36608157 0.3426476
7 0.6873408 0.82796586 -0.1209991 1.1684409 -0.42372486 -0.41504616 -0.71847486 1.2200539
32 0.9824078 0.46475533 0.43638363 1.4680692 -0.95140254 -0.73703307 -0.33283028 1.0081292
33 1.3017703 0.043696932 0.7171626 1.4147561 -1.1604742 -0.37948367 0.014372768 0.64481896
3 0.8534953 0.2924865 0.54463583 1.3933109 -0.766148 -0.7127025 -0.49185118 0.8104707
30 0.88179445 0.49614647 0.19293705 1.3917688 -0.42125985 -0.8777478 -1.0785465 1.0515809
9 1.0237482 -0.0912447 1.1494659 0.005279615 -0.5496612 1.1757842 0.71737593 -0.4079912
16 0.9677976 -0.5743447 0.4010738 -0.3459577 1.045706 0.9147946 -0.16608287 0.07985267
0 0.95774835 0.26168308 0.38392127 1.540247 -0.8103795 -0.85966843 -0.5965318 1.0466502
37 1.0821232 0.13938487 0.75424516 1.1800408 -0.9721919 -0.7571309 -0.05248223 0.9546417
5 0.3033593 0.79510546 1.2814593 -0.28741014 -1.0965488 0.48163334 1.4799799 0.49695176
35 1.1206014 0.42279363 0.5418253 1.3532752 -0.8999513 -0.92138094 -0.55363107 1.0565332
22 1.1472565 0.39133185 0.6853658 1.2879219 -1.125689 -1.0237551 -0.45452642 1.1582035
11 0.40923738 0.3930126 1.5619625 -0.14334351 -1.0897524 0.87244946 1.0464941 -0.20309381
