50 8
1 -0.066641584 0.7830786 0.06568886 0.48072854 -0.59268254 0.17889765 0.59289026 -0.24412584
19 -0.77526677 0.31983292 0.4575206 0.40088075 0.4910712 -0.44365498 -0.3215752 0.3332291
23 -0.6560244 0.13732843 0.54851776 0.39492747 0.022958301 -0.7262207 -0.5402195 0.36151618
26 -0.77855957 -0.23158969 0.29803023 0.6223719 -0.4415213 -0.5834742 -0.4079342 -0.5671516
24 -0.67707217 0.29511717 0.6268776 0.1414884 0.1665167 -0.36198172 -0.23023316 0.96034557
39 -0.64499533 0.02102866 0.5753231 0.31089085 0.6285634 0.4813208 0.42290753 1.0326709
27 -0.30675772 0.17914072 -0.001912289 0.77069545 -0.97940296 0.29012415 0.29857856 -1.0454783
43 -0.4140476 -0.077752575 0.15847984 0.6340477 -0.9456499 -0.1349785 0.32887876 -0.8687396
34 0.23710355 0.9817634 0.25741512 0.5950818 -0.8645334 0.2651035 0.18100317 -0.3090359
31 -0.72454906 -0.124756716 0.5751183 0.567397 0.23752426 -0.79143405 -0.49445334 -0.014450478
45 -0.56733835 -0.2357863 0.08332304 0.95483625 -0.38903192 -0.41571894 -0.042194895 -1.0387872
36 -0.24893346 0.33129913 -0.3269041 0.8907907 -0.8689164 0.48972657 0.65589386 -0.8841283
41 0.21348268 0.98923427 0.13421012 0.5874663 -0.56382525 0.7992999 0.81060225 -0.36708423
7 -0.9913223 -0.3108386 0.45968896 0.6412676 0.5338406 -1.095044 -0.5858132 0.13695484
42 -0.9408491 -0.3339678 0.17663698 0.5749268 -0.29284635 -0.7565193 -0.09750199 -0.797314
40 -0.57992536 0.7357224 0.7417202 0.14541177 0.6139156 -0.24250464 -0.42400697 0.97088975
16 -0.092360504 0.807163 0.19887577 0.52290577 -0.807627 -0.44693756 0.09906553 -0.602868
29 -0.68406993 0.4135072 -0.13407236 0.5903134 0.10466277 -0.89244395 -0.09198465 0.46827137
46 0.06042679 0.8034693 0.41452911 0.24225675 -0.33999264 0.75311834 0.73643327 0.8368098
20 -0.42537582 -0.09277813 0.188057 0.8699549 -0.85669637 -0.21060172 -0.16635664 -1.2230402
18 -0.9297882 -0.020186853 0.91062057 0.27202 1.2676324 -0.39028907 -0.3750932 1.2682177
12 -0.4388797 0.30680364 0.5690974 0.25751662 0.33556888 -0.023028392 0.21461378 1.2413194
17 -0.5232214 -0.24380432 0.3508208 0.7453636 -0.6677456 -0.38919947 -0.07171521 -1.1385658
15 -0.79524624 -0.59964836 0.2157742 0.78671783 0.24263339 -0.50449 0.33071256 -0.55178
6 -1.0386688 -0.33534813 0.11543343 0.8337123 0.3029249 -0.82369435 -0.4916137 -0.3705935
28 -0.42162144 -0.42746887 0.3946559 0.71414626 -0.90597546 -0.23643 0.22821224 -1.1960893
38 -0.17043623 0.36429983 0.17182077 0.49463624 -1.0894481 0.23788269 0.64362955 -0.9105683
3 -0.7693877 0.23160648 0.7176989 0.114218235 0.7392201 -0.3075554 0.010578648 1.2697444
13 -0.95355797 -0.5822585 0.3144025 0.8688114 0.7675558 -0.29725444 -0.29125643 0.40067586
49 -0.13238925 0.09817469 0.16426846 0.7272923 -1.2942164 0.5083119 0.41331938 -1.1470206
4 -0.010178884 0.47792488 -0.2254743 0.7508271 -1.4935867 0.50961035 0.72473454 -0.98470163
30 -0.6653963 0.21987984 0.585255 0.58022237 1.1980256 -0.23581547 -0.2535552 1.4591491
14 0.3458702 1.288591 0.40495196 0.18972804 -0.6796422 1.3090415 0.78666764 0.6456682
8 -0.88906133 -0.22857742 0.079909064 0.81789434 0.17443539 -0.9513335 -0.58303183 0.15571938
44 -0.68800795 0.11164108 0.41956985 0.53198224 0.17637137 -0.6613695 -0.572605 0.53479356
25 -0.19791383 1.2257888 -0.0761883 0.32838285 -1.0522205 -0.51875806 -0.26943508 0.0955239
11 0.022788737 0.3597277 0.015471336 0.64323395 -1.6248116 0.6484819 0.6105164 -0.80771154
2 -0.74646944 0.3950604 1.0117528 0.055818323 1.3736669 0.19349208 0.15179285 1.6129674
21 -0.19803235 0.8435945 0.7568306 -0.11783803 0.39380336 0.9189833 0.95360386 1.5247341
9 0.10833082 0.7341376 0.10634828 0.37681764 -1.3670787 0.72563654 0.9977647 -0.79299647
47 -0.020139165 0.07377486 0.2803591 0.7128054 -0.9005341 1.1213994 0.9232809 -1.0641551
0 -0.839304 -0.13247807 0.7876523 0.33129093 1.3566743 0.343914 0.25857806 1.5873605
5 -0.19870898 -0.065188974 0.12812603 0.7895331 -1.2455169 0.29293945 0.52913654 -1.3291793
10 -0.8375361 -0.9584775 0.31673318 0.8817156 -0.42807958 -0.3900894 0.07553625 -1.2550676
32 -0.37396574 0.7733804 0.8691773 -0.060248915 1.0666608 0.65683085 0.8305768 1.9378445
48 0.3053724 0.8980346 -0.052713685 0.5880358 -1.4978664 0.732797 0.7932646 -0.36818376
35 -0.47156146 0.60103214 1.1809964 -0.40803885 0.8367137 0.8238905 0.8256954 2.0545046
33 -0.4916898 0.7616338 1.1429288 -0.26009172 1.2709721 0.7421802 0.65801 2.0264049
22 -0.6327365 -0.09173806 1.016258 -0.036324617 0.97341627 1.3252169 1.0201942 1.5416319
37 -0.86475194 -0.0003794582 1.1006764 -0.07719093 1.4692777 0.48173875 0.69079643 1.9481101
