50 8
23 0.07486504 0.8388137 0.109132364 0.50378925 -0.28980398 -0.5865992 -0.26166224 0.20225565
1 -0.5965641 0.43081838 0.38464817 0.3841618 -0.60999614 -0.7423018 -0.0690862 -1.0932066
43 -0.7761517 -0.041664507 0.65603894 0.49926072 -0.48041788 -0.5044469 0.24706747 -0.15597506
30 0.1382942 0.587158 -0.28989962 0.9140291 0.80417186 -0.7333527 -0.73636913 0.36013362
6 -0.6868921 0.05015182 0.30754066 0.8066942 -0.89466786 -0.7895153 0.54548365 -0.01524042
26 -0.6575952 -0.2352808 0.46602058 0.517062 0.610572 -0.85466516 -0.68015975 -0.6649305
36 -0.71217716 0.6242846 0.6516006 0.30339086 -0.8659837 0.100795366 0.7739472 -0.59570354
28 -0.99537736 -0.27948222 1.3606389 0.28603062 -0.8645088 0.24419537 0.5301415 -0.55440253
39 -0.29320288 0.6791602 0.19235075 0.44294086 -0.8096462 -0.97689563 0.3102853 0.119707614
20 -0.9340896 0.08734657 0.6260887 0.37572166 -0.7544795 -0.73675066 0.40645748 -0.8042634
38 -0.5716563 0.7027034 0.56147134 0.3830483 -0.8800044 0.09258588 0.8703413 0.09014757
31 -0.04279827 0.73740447 -0.056628343 0.6608128 -0.58950394 -1.4535689 0.12397128 -0.079684086
33 0.18988447 1.1626015 0.049851313 0.2912945 0.7459329 0.29967722 -0.6123433 1.1736038
42 -0.56777483 0.5911233 0.17714813 0.1707562 0.49102357 -0.17665029 -0.9196846 -1.0124909
12 -0.06305524 0.39334434 -0.44376165 0.99014604 1.0571022 -1.1264728 -0.5881853 0.68398565
19 -0.15847763 0.30867118 0.44200948 0.46695614 1.1879157 0.5154616 -1.2110952 0.032338914
29 -0.7780997 0.47749978 0.4154286 0.5618156 -0.74734634 0.29322836 0.74804854 -0.044310104
40 -0.29480994 0.85081375 0.20596233 0.3201699 -0.7675607 -1.1531303 0.42993638 -0.021202808
27 -1.0892738 0.2000292 0.46914998 0.50839496 -0.9933102 -0.53168416 0.9569452 -0.43866372
18 0.1372872 0.82801205 -0.50654876 0.851224 0.9844914 -0.33085912 -0.9986473 0.7459118
41 -0.5161517 0.62379324 0.5513631 0.46698734 -1.1514674 -0.15295427 0.9264718 0.16157135
4 -0.7816623 0.42826298 0.6134126 0.395833 -0.6383759 0.16765916 0.7734029 0.21004887
21 -0.07371272 0.41996816 0.6695261 0.30146515 0.9905025 0.7849969 -0.8093377 1.3113368
44 -0.042207144 0.5869999 0.014839899 0.5457222 -0.43193358 -1.407378 -0.54923034 -0.45362505
11 -0.36158398 0.5545892 1.0590533 -0.06654121 -0.229114 1.5585817 -0.75293463 0.58081186
48 0.24111952 0.8884525 -0.13599795 0.6909052 -0.6482185 -1.4028133 -0.13444772 0.24433477
16 -0.7555787 0.56725895 1.1754075 -0.04337054 -1.1459141 0.25139666 0.63446885 -0.97851604
46 -0.71638787 0.33692396 0.67086077 0.3181629 -0.7343063 -0.16844 0.18363598 -0.85425216
24 -0.28741714 0.55517805 0.23806451 0.37570897 1.2372164 0.5371676 -0.95845693 0.07563265
22 0.19981715 0.6458673 0.6347777 0.28098664 1.1843262 0.85821646 -1.285694 0.70570886
0 0.06644207 0.44504437 0.5005154 0.4842986 1.6919461 0.8738267 -1.4102024 0.42522258
9 -1.2228774 0.0023079182 1.2893372 0.041443646 -0.8665751 0.49047574 0.84894484 -0.38934317
25 0.034552544 1.3750778 -0.08282381 0.40347266 -0.7449356 0.29015803 0.14753881 1.054346
7 -0.3614791 -0.10757991 0.20734921 0.7364534 0.95678836 -0.39952663 -0.8608047 0.725841
15 -0.017499037 0.28297326 0.31812608 0.5671742 1.600017 0.29621837 -1.4959402 0.34147754
13 -0.19712152 0.4127091 -0.35075197 1.1403834 0.1515754 -0.86385417 0.35421386 1.108578
17 -0.88648516 -0.0029681125 0.944698 0.0852157 -0.080842696 -0.20507275 -0.44015378 -1.3923533
49 -0.8059766 0.25174102 1.2875603 -0.016999472 -0.40090153 0.78782725 0.09774329 -0.81885284
14 -0.547509 0.72953165 0.7435479 0.12050868 -0.3634868 1.2946699 0.24263646 0.7826573
34 -0.6664272 0.72090775 0.97793204 0.24611823 -1.0103247 1.4985917 0.8434778 0.29889178
32 0.42954338 1.0391952 -0.3112884 0.73083115 1.0730474 -0.19279173 -0.9993026 0.9119036
8 -0.2943452 0.17951621 -0.05218573 0.85427237 0.07807006 -1.7871457 -0.095187 -0.32195005
37 -0.061505407 0.60862666 0.5638038 0.3995486 1.2219344 1.1951923 -0.74704546 1.0690082
45 -0.58638746 0.35414395 0.7256061 0.057145096 0.8140165 0.48296916 -1.2485089 -1.5678031
5 -0.93621296 -0.28520218 0.9081185 0.52914286 0.864215 1.1446489 -0.2699365 -0.1416895
35 -0.060805824 0.50487816 -0.0030656252 0.7096806 1.4426575 0.2840689 -0.7967093 1.2033874
2 -0.032540485 0.42118225 -0.0283099 0.70700324 2.1477726 0.00989156 -1.4324603 0.26152653
3 -0.018500462 0.5364516 -0.07560326 0.6859838 1.811229 0.3603266 -1.2843566 1.23754
47 -0.82947296 0.34787145 0.8452981 0.107426114 -0.10972035 1.2015926 -0.29845455 -0.21867308
10 -0.66004723 -0.3098668 0.52211136 0.8290668 0.016533392 -0.90493506 0.34569147 0.087179005
