50 8
1 -0.63790363 0.7273849 -0.04438153 0.5339764 -0.042184684 0.025431244 0.0059791584 -1.3262492
40 -0.57394797 0.3211269 -0.107091784 0.43924534 0.37864193 -1.1088629 -0.6615975 -0.447762
18 0.2513795 0.34010503 0.7057386 0.31726202 0.43134674 -0.62139124 0.06360651 1.4109358
41 -0.7448286 0.52026504 0.041913383 0.6441511 -0.16854548 0.14266832 -0.10803727 -1.1901442
6 -0.5462511 0.1916283 -0.292763 0.66160566 -0.23245467 -1.3882021 -0.31390455 -0.42641598
16 0.12052206 1.1762649 0.42768615 0.20814908 -0.35706374 0.62858045 0.50687915 -0.25945625
42 -0.36608246 0.67220867 0.10460179 0.15306185 0.47156242 -0.81384426 -0.5437475 -0.68601143
26 -0.29535323 0.0986822 0.5498965 0.352681 0.31045958 -0.8224115 -0.40494776 -0.092898875
27 -0.99547714 0.39212555 0.19435857 0.4744008 -0.5139177 -0.14283423 -0.25134137 -1.4111555
43 -0.99150634 0.31322435 0.1613308 0.5564287 -0.6807704 -0.10412508 -0.08204887 -1.2886299
23 -0.17904164 0.54628116 -0.119535536 0.5718508 -0.22880352 -0.63733625 0.14575501 0.2606641
21 0.04220183 0.31396875 1.1232909 0.20883617 0.41473326 0.05307382 0.06269716 1.7039026
12 0.09504306 0.14977886 0.41846028 0.52016 0.36328718 -0.89038503 -0.03315066 1.3440169
10 0.5764507 0.69497657 0.2729884 0.52683353 0.45552933 -0.3697551 0.029759223 1.3192817
8 0.36790913 0.77252614 -0.10496243 0.36250162 0.3120456 -1.281949 -0.14135844 0.8832464
20 -0.49768776 0.29395425 0.29254505 0.62887144 -0.74661404 -0.012605552 -0.03629575 -0.2947259
7 0.32055074 0.41905797 0.18752563 0.61266327 0.12976527 -0.81715137 0.055936042 1.7434124
44 -0.47424626 0.53381217 -0.2671761 0.52704555 0.3087651 -0.90393347 -0.6527878 -0.97593725
25 0.6566538 0.91014636 0.5042359 0.40162608 -0.1032049 0.15933567 0.39976317 1.789404
31 -0.44618955 0.28600475 -0.39643034 0.69225246 0.112324655 -1.3654557 -0.5806479 -0.7969416
17 -0.36543614 0.7852418 0.96050125 0.006775869 0.11637065 0.5818989 -0.28793254 -1.2443452
19 0.20169388 0.25629678 1.1052424 0.31486824 0.4348906 0.062436547 0.21242793 1.5023695
28 -0.4047391 0.78745896 0.24430501 0.45686203 -0.2651646 0.34694225 -0.10127773 -1.1356481
49 -0.7799653 0.13567261 1.0299547 0.31451753 -0.029851094 0.30359277 -0.12282977 -1.1889675
29 -0.33338514 0.29382813 0.006473726 0.68019533 -0.62766296 -0.53684455 0.22016458 0.13981007
0 0.2354326 0.13776578 1.1452183 0.31700552 0.5011575 -0.16779074 0.0638773 1.6880829
5 -0.04719089 0.88435394 1.0335587 0.17942889 -0.23409602 1.3770498 0.19203703 -0.10778707
45 -0.44928288 0.8642735 -0.26019552 0.5553306 -0.086761706 -0.20694044 -0.47510248 -1.5058355
39 -0.8766902 0.67712885 -0.21727489 0.55053115 -0.562958 -0.2494265 -0.3590797 -1.6893805
13 0.2898077 0.26217437 0.14804122 0.72822195 -0.05259145 -0.9238737 0.34351256 1.795822
15 0.11359398 0.25101513 1.080654 0.35670987 0.7884553 0.12266073 0.26658568 1.3610883
4 -0.4820786 0.47712818 0.66738904 0.6963616 -0.65602773 1.2055783 0.44893098 -0.83868474
33 0.34948874 0.52577436 1.2707196 0.2397123 0.30289465 0.5984858 0.5396607 1.5760162
34 -1.0216744 0.4398007 0.85002154 0.3596586 -0.38405588 0.895986 0.06385002 -1.561967
38 -0.78095186 0.65406555 -0.23275793 0.64301676 -0.6042659 -0.14705437 -0.103659496 -1.3478936
37 0.3520712 0.22433273 1.2816375 0.37693545 0.39137748 0.21062373 0.38931838 1.7901107
2 -0.091996685 0.34913892 0.15221886 0.37906846 0.65627414 -1.150269 -0.21605502 0.9228959
47 -0.5678445 0.74616486 0.08871973 0.4483449 0.059605613 -0.09206771 -0.39568558 -1.5225495
14 0.014984947 0.87609243 0.3624701 0.7475262 -0.2954796 1.500312 0.34276128 0.13545677
22 0.16926016 -0.04384854 1.3077127 0.32821825 0.7628146 -0.11622144 0.07233681 1.8002503
36 -0.5871322 0.68870056 0.36414835 0.59678346 -0.33946818 0.7477505 0.041409805 -1.4007998
11 -0.50956166 0.68481565 0.79118955 0.50166744 0.019824155 1.7726415 0.132046 -0.28914362
24 0.31758398 0.6235689 0.23701221 0.5163829 0.8697315 -0.3296051 -0.12595463 1.1178272
30 0.288209 0.111718304 0.11448446 0.821363 0.11911304 -1.2214822 0.3537418 1.5047209
35 0.5528258 0.33803144 0.8252257 0.43765566 0.82094014 -0.63841486 0.2808227 2.1325927
9 -0.55111927 0.952373 0.25283444 0.6834787 -1.0526803 1.5889921 0.6315361 -0.80233914
3 0.38927576 0.4694576 0.74352276 0.55695295 0.738703 0.29065874 0.41226402 1.4725199
46 -0.84063005 -0.21690576 -0.037089802 0.6899196 0.22883071 -1.3747077 -0.65360403 -0.5636972
32 0.40312108 0.19220515 0.72044206 0.61846125 0.4031498 -0.4756527 0.5416697 2.1845884
48 -0.38485888 0.6979136 -0.40854937 0.89038825 -1.1790304 -0.1548496 -0.035972774 -1.0074993
