50 8
29 0.4301498 -0.11962867 0.44937718 0.12145949 0.7133031 -0.14104183 -0.7969454 -0.15249853
25 0.6918692 0.049493864 0.43909073 0.28539464 0.40366015 -0.3018493 -0.83305246 -0.040609747
28 -0.81299406 -0.15679744 0.7868979 -0.39225525 -0.078163974 1.2822751 0.65188295 0.30441985
45 -0.6020484 -0.23534755 0.78745943 -0.43393624 0.12201397 1.2455293 0.57007974 -0.0033055719
1 0.09917862 -0.7918395 0.54157466 -0.15642841 0.39447162 1.0512878 -0.14274384 -0.43503365
36 -0.6252103 -0.3939113 0.81029 -0.49206543 0.25893265 1.2991103 0.3267322 -0.14510325
43 -0.76057434 -0.081137 0.66594434 -0.2460778 -0.0047755693 1.3314939 0.9254052 0.3747086
41 -0.57617813 -0.81889147 0.53402907 -0.3066375 0.55080545 1.3003541 0.119277656 -0.15375772
49 -0.8458312 -0.45603925 0.786354 -0.46355054 0.11494104 1.4450433 0.6430165 0.1135125
44 -0.6880948 -0.42691982 0.40342608 -0.033625577 0.28412735 1.0465142 0.3836244 0.41584522
27 -0.45821992 -0.21895558 0.8753242 -0.54912484 -0.010684638 1.5646148 0.86504084 -0.03201953
46 -0.78174996 -0.52705866 0.5507752 -0.19076817 0.19866116 1.2602822 0.41422766 0.2603606
38 -0.6711129 -0.1337671 0.76658803 -0.39666286 0.03575749 1.3597269 0.7293988 0.12234664
16 -0.40483695 -0.5092543 0.52974814 -0.2702698 0.17683521 1.3645362 0.2743328 -0.094853714
14 1.1097828 0.40551466 0.5575393 0.4664102 -0.003547322 -0.41529766 -0.90476 -0.44264635
48 -0.7739237 -0.61189985 0.5366876 -0.39658174 0.47240734 1.347393 0.2029273 0.094101556
39 -0.8446416 -0.76180977 0.253276 0.12391163 0.47543764 0.9020539 0.08577808 0.5522079
4 -0.17506808 -0.0053945775 0.90346295 -0.42882648 -0.18836877 1.4264371 0.6778352 -0.39759958
47 -0.8451461 -0.40832552 0.66431856 -0.19083995 0.020620326 1.3568519 0.813798 0.43940216
34 -0.21680044 -0.910934 0.7105917 -0.42004368 0.33923116 1.2603154 -0.05768248 -0.2769029
20 -0.67376566 -0.42296568 0.71457016 -0.29912454 -0.10348804 1.4777112 0.7945148 0.24279365
6 -1.0220329 -0.19311786 0.57590854 -0.13674639 0.040134538 1.2220558 0.81645447 0.5905063
42 -1.012689 -0.49961078 0.45662522 -0.14490816 0.22821286 1.2870134 0.5713016 0.60029614
18 0.22683771 0.090016544 -0.08398588 1.1200811 0.56547296 -0.79234767 -0.8304338 0.49566337
31 -0.92334485 -0.28490022 0.14371938 0.10236203 0.23611386 1.1167463 0.4739693 0.730188
26 -1.0581074 -0.101285644 0.42268136 0.22599706 -0.35654032 1.3029282 1.1130832 0.7821471
17 -0.669474 0.052071832 0.8581989 -0.44914433 -0.20743078 1.561237 1.2601783 0.3393709
13 0.118926756 0.9929215 -0.13588084 1.4728562 0.34173536 -1.2387229 -0.4513996 0.9320184
40 -0.6793955 -0.33026126 0.061587438 0.3237482 0.29806203 0.96928084 0.16763082 0.52003264
30 0.35602906 0.6603889 -0.060514178 1.5232363 0.36318472 -1.425513 -0.915965 0.7277999
8 -1.0766197 0.079948634 -0.112566225 0.63150704 0.0060781804 0.9860026 0.79871976 0.96711147
24 1.1114591 0.7579329 0.19983277 1.2229215 0.4356226 -1.4459242 -1.5267706 0.005118973
19 0.9101321 0.7152781 0.049410846 1.3426915 0.38567093 -1.3031615 -1.3326278 0.19240351
11 0.042065516 -0.5827927 1.0252473 -0.6420105 -0.0888665 1.5776072 0.088471666 -0.736965
23 1.0881226 0.74947286 0.030631457 1.4878021 0.3776961 -1.4595557 -1.420483 0.06131412
7 1.0927267 1.4897473 0.26570112 1.3445656 -0.11619391 -1.3960152 -0.64308375 0.27045655
9 0.3685394 -0.3025055 1.0447485 -0.38228783 -0.42188704 1.200895 0.41344717 -0.44982767
12 1.1879915 0.84221524 0.1234716 1.3744309 0.2835943 -1.2390914 -1.1880236 -0.11929546
33 1.3543264 0.5312489 0.091364264 1.5324548 0.30490574 -1.2491946 -1.5448867 -0.29857254
21 1.1494029 0.6921785 0.05945221 1.4097873 0.16818565 -1.1259295 -1.4563884 -0.32108822
22 1.3177401 0.78898 0.071772255 1.5342786 0.1835623 -1.4478883 -1.5832518 -0.09003008
35 1.2612783 0.7007202 0.1516195 1.5526662 0.32532007 -1.5486137 -1.5546678 -0.026684469
2 1.1452413 0.90814346 0.041509897 1.4577514 0.24383818 -1.4913421 -1.4225737 0.03798832
15 0.9599717 1.4687599 0.18427771 1.2594789 0.2636874 -1.5745919 -0.9573308 0.3555347
3 1.1019717 1.1308513 -0.03411935 1.6543503 0.38767135 -1.7165539 -1.4599006 0.2856366
32 1.1841505 1.1039042 -0.02819939 1.5491933 0.41813326 -1.5724438 -1.4431471 0.084193975
0 1.0243143 1.1245058 0.11550401 1.4090672 0.372025 -1.5620669 -1.2816936 0.2335572
37 1.2354302 0.6869115 0.15637617 1.4060398 0.5483203 -1.568336 -1.5276451 -0.022714118
10 -0.39207748 0.8082226 0.16405576 0.9692707 -1.00008 0.55267215 1.1142547 0.6005662
5 -0.16719083 0.75961906 0.66668946 -0.007468733 -0.64930695 1.2617015 1.2894441 0.06294866
