50 8
48 -0.102742806 0.65932256 -0.040257696 0.625238 -0.77328175 -0.28541407 0.26997343 -0.12569028
43 -0.6046496 -0.20405875 0.3715647 0.39582878 0.31420785 -1.264916 -0.30269864 -0.56996393
23 -0.15988547 0.5859917 0.14802812 0.35497072 0.16180284 -0.47126287 -0.8943029 -0.81379986
46 -0.5165774 -0.2385841 0.91496104 0.4303551 0.06246136 -0.39636514 -0.47239837 -0.3780638
6 -0.36637548 -0.2619248 -0.05371874 0.80606663 -0.79412824 -0.72171867 -0.3008487 -0.68368083
40 -0.04991599 0.5026104 -0.49341217 0.39759606 0.046976015 -1.3810555 -0.43652657 -0.3857264
27 -0.59018916 -0.072771914 0.59249306 0.54558337 -0.83327377 -0.2597498 -0.31751516 -1.081543
45 -0.51262176 -0.48716438 0.9651659 0.3242848 0.16449879 -0.62902325 -1.1480134 -0.84345156
28 -0.28745034 -0.10538466 0.11608256 0.5275281 -0.8850011 -0.76649565 -0.6093338 -1.1748273
8 0.23360716 0.8213892 -0.70112437 0.5453336 -0.3710496 -0.9944218 -0.011539747 0.13292928
19 -0.029261576 0.2405889 -0.05899469 0.5817851 0.35602117 -0.56775445 -0.5101196 0.97897595
12 0.15700713 -0.04174788 -0.23272534 0.7738079 0.47949806 -0.6937432 -0.700274 1.2917664
1 -0.319362 0.57917035 0.20815821 0.44727573 -0.17796585 -0.4471438 -0.6264732 -1.436757
4 -0.6966262 0.2722583 0.5894118 0.44537225 -0.94053435 -0.37594065 0.18445176 -1.3934125
26 -0.40376037 -0.082619496 -0.15483369 0.49189192 0.13874519 -1.5056853 -0.15771818 -0.15397249
15 -0.47373796 -0.5860589 0.8423844 0.26472583 0.66771287 -1.0214078 -0.56804526 1.0507387
18 0.24274626 0.49739745 -0.13104513 0.6809891 0.63241637 -0.26960838 -0.5006018 1.7106872
34 -0.07362628 1.0342487 0.52405787 0.589336 -0.610004 0.5953285 -0.18071292 -1.0478613
24 0.1864576 0.6519983 -0.30028027 0.4441369 0.62744373 -0.5581452 -1.1412814 0.2332355
42 -0.27765644 -0.19249168 0.55927664 0.10030692 0.8699435 -1.3621895 -1.0429196 -0.0746056
41 -0.24699976 0.81688684 0.26977184 0.56568176 -0.6476452 0.034341983 -0.16459063 -1.3508602
38 -0.091178045 1.2095217 0.1752672 0.55138814 -0.822713 0.15616246 0.30777556 -0.9368748
31 0.068640016 0.6919336 -0.50839496 0.48164397 0.20496322 -1.226586 -0.4316006 -0.5738649
11 -0.6739589 0.3004446 1.3375207 0.40444452 -0.8681557 0.9683012 -0.3383023 -0.63091063
20 -0.61361736 0.7035134 0.7570685 0.40496516 -0.94703585 0.31166524 0.49570763 -0.62567705
49 -0.7335141 0.20307161 0.9019158 0.5597985 -0.8717548 0.14682977 0.17902462 -1.162429
39 -0.2253356 0.6646912 -0.3818123 0.50129294 -0.011821132 -0.9483593 -0.52593726 -1.2298036
36 -0.339313 0.78104305 0.18612011 0.58329916 -0.7369883 -0.17297633 0.22904882 -1.2265674
16 -0.55505043 0.4785412 1.0352952 0.32164702 -0.70952725 0.23747374 0.04519179 -0.890861
2 0.062736556 0.7747923 0.7405686 0.43495366 0.5241279 0.40135142 -0.07584194 1.8754683
25 0.17859901 1.471732 0.16179816 0.34370166 -0.43889108 0.676149 -0.4837835 -0.123928785
21 0.18176633 0.90065914 0.23668978 0.6518747 0.09319108 0.42035365 0.21443771 2.065756
5 -0.73017335 -0.5784816 1.3209414 0.45316434 -0.5616417 -0.15639322 0.041894387 0.13043825
13 0.29964906 0.5044133 -0.6371296 0.9448232 -0.25898802 -0.58628464 0.40089205 1.4480195
22 -0.46161494 -0.17958018 1.2837052 0.4023023 0.8322117 0.31836906 -0.81728494 1.3663716
14 -0.56260693 0.64245087 0.6014556 0.75200284 -1.12607 1.0552014 0.6856644 0.5983086
9 -0.65385944 0.70422316 0.4463445 0.5851035 -1.2345551 0.54585874 0.91007656 0.28975385
47 -0.76431286 0.07214655 0.699716 0.28570697 -0.43682054 -0.5952436 -0.4240855 -1.4415193
0 -0.28594202 -0.2519879 0.94999087 0.47678146 1.0741965 -0.22826193 -0.66207206 2.0178092
44 0.16747963 0.045143854 0.13423371 0.23359302 0.7346544 -1.2406058 -1.410931 0.029384758
30 0.22575384 0.19187061 0.12245351 0.7140261 0.9349096 -0.21608588 -0.89918005 1.8236036
7 0.21497911 0.17650437 -0.34719738 0.7369745 -0.1387582 -0.62596077 -0.08195734 1.8592453
3 0.011836105 0.6845351 0.6597141 0.42779619 0.6756916 0.28184533 -0.17467642 2.0843103
33 -0.24451128 0.13111012 0.95924443 0.49822813 0.29947487 0.14921705 0.16180323 2.3029594
29 -0.10628918 1.3856254 0.11287609 0.5237765 -1.1744928 0.6198023 0.80141395 0.34310952
10 -0.010743485 0.31044295 -0.27538455 0.81955326 -0.84340733 -0.8364271 0.7683339 0.27406314
17 -0.9112609 -0.77240866 1.478323 0.19899532 -0.18816715 -0.7497683 -0.39291477 -0.8072362
37 -0.21628924 0.9192321 1.4015722 0.46102294 -0.07334549 1.3472105 0.44567746 1.5899024
32 0.13112424 0.63459605 0.46645632 0.6838946 0.44046593 0.30957952 0.2370133 2.7017064
35 0.033433676 0.104173794 0.9022579 0.5447626 0.6671047 0.42441088 -0.59068877 2.8523448
