50 8
34 -0.34923378 0.90107596 0.41708776 0.44084346 0.48976928 0.939802 -0.252687 0.20995605
23 -0.22913411 0.6368455 0.37426713 0.5921819 0.4380485 0.090600535 -0.77790225 -0.016404347
19 -0.23219995 0.13910878 0.17472306 0.7155323 -0.7307487 -1.0726123 -0.11294404 -0.14087199
43 -0.74452275 -0.14782335 0.48968935 0.72349125 -0.61342216 -0.41785508 -0.27767682 -0.37862208
24 -0.45497614 0.6331239 0.30876637 0.65156704 0.82363546 0.38776007 -1.2718173 -0.042726394
28 -0.13390967 0.16760066 0.413392 0.7995382 -0.49011344 -0.15456726 -0.6414308 -0.9345034
20 -0.06743639 0.7175602 0.17356284 0.6253558 0.5101184 -0.38562083 -0.65319943 0.44641367
9 -0.18679133 1.056902 0.35854217 0.40187088 0.13802926 1.3212537 0.4224703 -0.11098256
16 0.11025787 0.8133891 0.3501103 0.3770511 -0.6378229 -0.019126078 0.3119157 -0.74640644
38 0.10856003 1.4748572 -0.1010478 0.28792095 0.5580653 0.23860548 -0.17329271 0.3624436
39 0.08294916 1.0720121 -0.114731595 0.34731233 -0.07268425 -0.6263755 0.17918697 0.7399004
4 -0.02688863 1.0229056 0.08506911 0.6028165 0.44771838 0.7900289 -0.12368763 -0.04907662
36 -0.1874318 0.34075993 0.27492064 0.82967496 -0.32072958 0.5537798 -0.11777075 -0.6060739
1 -0.0008256453 1.3214194 0.2204651 0.3728557 0.120030746 1.5000846 0.60392153 0.042859875
29 -0.1784481 0.18167591 0.24965295 0.7252484 -0.37953258 -1.2920579 -0.4996064 -0.12528251
44 0.2709123 1.2719553 -0.25034243 0.28164184 0.01710894 -0.8655667 0.1130537 1.0735514
42 -0.17648795 0.96092117 -0.13820246 0.36560807 -0.5007931 -0.3021246 0.78331137 0.07212919
25 0.20663653 1.3698356 0.123262934 0.32819906 0.7140459 0.2621488 -0.4831109 0.2617775
12 -0.35226774 0.06880388 0.3809998 0.76968265 -0.012108095 -1.3544598 -0.7397718 0.45669582
41 -0.22369543 0.9462369 0.15043034 0.48102045 -0.10069011 1.0286944 0.6700479 0.09750656
2 -0.16162117 0.17042658 0.39354646 0.78865004 -0.16895106 -0.5422677 -0.8977404 -0.39806077
14 -0.41960412 0.53915703 0.10572887 0.7847489 0.33549356 1.005918 -0.6071847 0.25613177
22 -0.020350274 1.5346086 0.056452606 0.18873209 0.55328393 0.43254575 0.5174101 0.3024663
21 -0.51743805 0.18780988 0.4324116 0.75718653 0.08506261 0.05521785 -0.55073804 0.16612265
3 -0.3937505 0.6339753 0.3463579 0.48648766 0.13164614 0.33080423 -0.5593501 -0.13336794
27 -0.5475045 0.033247963 0.33231905 0.8802583 -0.38803676 0.51252574 -0.5923121 -0.76275617
45 -0.23932895 1.00153 0.35160717 0.5255856 0.5472793 1.1635833 -0.19501805 -0.43683147
35 0.12180823 1.3218647 0.18606283 0.27418947 0.38569078 0.45060125 0.2342482 0.92256045
26 -0.6192172 -0.23391172 0.47441596 0.7831621 -0.86718565 -0.9937162 -0.058495183 -0.2622388
40 -0.15006939 0.2612028 0.2746553 0.55826545 -0.8018113 -1.3897694 0.3619655 0.723375
10 -0.2728882 -0.3569601 0.23927283 1.0452054 -0.89907956 -1.5114318 -0.7766564 -0.45171008
33 -0.04476333 1.5153427 0.22591187 0.16297007 0.540954 1.0787836 0.40100902 0.73686224
15 -0.6172447 -0.39152002 0.5820929 1.0754384 -0.27515206 0.18061098 -1.206698 -0.59691244
6 -0.35999528 0.32388756 0.27547297 0.5215822 -0.7860912 -0.7383872 0.36436516 -0.46724328
48 -0.06154392 0.7194666 0.17448777 0.6337039 0.22187947 0.45966154 -1.0345061 -0.49021152
7 -0.5241448 -0.24157555 0.096221305 0.8780185 -0.8094608 -1.7439322 -0.6151634 0.06802445
0 -0.45626706 -0.26581705 0.26394442 0.91591245 -0.7317129 -1.5582166 -0.7447429 -0.11776973
18 -0.24255653 0.20973183 0.42057702 0.46579805 -0.936746 -1.5060236 0.46206972 0.63566256
17 -0.6752041 -0.35012004 0.44026208 0.82770234 -1.1739402 -0.92591417 0.0044655534 -0.76862824
37 -0.26523775 1.0491095 0.46797416 0.19011866 -0.13368933 0.68729734 1.0810548 0.9833076
32 -0.092554115 1.618204 0.06274382 0.041956652 0.17864944 0.44966143 1.2310015 0.69966197
11 -0.450772 0.84719664 0.3477378 0.54524016 0.44815838 1.7061663 -0.06637003 0.76273924
13 0.25646853 0.85008955 -0.13207643 0.5111107 -0.4631224 -1.4946183 0.7902089 0.93851376
49 -0.99517643 -0.09460178 0.7290972 0.76375496 -0.45842412 1.621799 -0.46043852 -0.50957316
30 0.042289995 0.4689779 0.101035014 0.48401648 -1.0620841 -1.9543139 0.9501029 0.80369586
31 -0.2349149 0.05380591 0.11624271 0.6929687 -1.368249 -1.7630677 0.8248379 0.32128248
5 -1.1934879 -0.53310734 0.7509927 0.964222 -0.7773572 1.2845249 0.017850915 -0.42905703
8 0.0049769334 0.27747697 0.029626388 0.58192587 -0.9836974 -2.259405 0.090825416 0.3464983
46 -0.7160487 -0.42119265 0.29087266 0.9699811 -1.6722723 0.6996026 0.7926888 -0.38370484
47 -0.6191175 0.98911476 0.15154889 0.2835474 -0.52655387 1.8267395 1.1259145 0.3659924
