50 8
4 -0.43820244 1.2005504 -0.23495242 -0.40222466 -0.20469883 -1.1785088 -0.056949455 1.2615644
18 1.699996 -0.8304127 0.44273266 0.7681137 0.9871277 0.8337917 -0.2135768 -1.6340793
14 -0.91340804 2.0888784 -0.87118447 -0.15883371 0.35855308 -0.46082184 0.37139678 0.1947892
38 -0.47882342 1.8712344 -0.96333104 -0.31046334 -0.37101227 -0.55731785 -0.21434042 0.21327215
0 1.3290591 -0.5415867 1.0092411 0.17907761 1.5376726 0.9643498 0.013970354 -2.0014994
12 0.9078615 -1.1765677 -0.151133 0.07989715 1.7436979 0.21012944 -1.0157429 -0.91207796
34 -0.2810471 2.066796 -1.0877842 -0.7094233 -0.2280006 -0.74338955 0.28137463 0.2673575
9 -0.48079014 1.834415 0.1447934 -0.6992533 0.01225698 -0.634511 0.7614879 0.82679695
36 -0.3199893 1.6216507 -0.44959423 -0.42508692 -0.44538394 -1.1967002 0.29331696 0.9639796
11 -0.60911983 2.2020423 -0.61296123 -0.40465903 0.029370945 -0.56264645 0.9099229 0.89896303
23 -0.22957833 0.64875233 -0.786904 -0.558176 0.23377533 -0.27310452 -0.93845195 0.94698805
30 1.668011 -0.85688144 0.9823197 1.1695545 0.68620175 1.0823605 -0.26754838 -1.026783
27 -0.57404053 1.0860007 0.105184585 -0.35194707 0.43256757 -0.9852987 0.40189946 1.1082488
25 0.19444968 1.4441509 -1.0068822 -0.10491272 -0.6116652 -0.5670924 -0.2750726 -0.39131692
20 -0.1359464 -0.25181153 -0.23886772 -0.0300968 0.42629543 -1.3657154 -0.59396464 2.019287
15 1.3537651 -0.69985175 0.73105186 -0.3727028 1.5387574 0.5420481 -0.33806708 -2.0090473
7 1.177159 -1.4062246 1.1561375 -0.010461219 1.7901424 0.116105355 -0.1810272 -0.6153585
24 -0.118385345 -0.119640626 -0.70259315 -0.36612374 0.5561469 -0.7656209 -1.1831156 1.0221537
10 0.33446893 -1.2437624 0.930333 0.120397076 0.90164536 -0.7745323 -0.7101028 1.9652773
19 -0.077660546 -0.10303828 -0.68988895 -0.669486 0.9701352 -0.32064295 -1.377795 0.12125677
28 0.17521006 0.8749008 -0.2575172 -0.008287192 -0.83972746 -1.1293573 -0.3342415 0.82633716
26 1.0620291 -0.55052584 1.6524343 -0.1274674 0.9111529 -0.7413801 0.7062641 -0.9403765
3 0.5604008 -1.135808 -0.2788095 -0.14113432 1.5508741 0.08782207 -1.1837575 0.31844896
1 -0.1896486 0.7574807 -0.09425036 0.07489739 0.013374886 0.0132753225 -0.30713484 1.4664115
21 0.57736915 0.5991328 -0.6668547 -0.49145353 0.90940005 0.57664317 -0.38030523 -1.6167533
13 1.1693487 -1.7414072 0.38080585 1.0254602 0.9978336 -0.020127645 -0.6148601 1.2757789
8 0.9971669 -1.9243506 0.80044913 0.5000493 1.5740697 -0.26868337 -0.59081024 1.1992202
2 1.3415041 -0.61255926 0.6233593 -0.29759976 1.5716646 0.7574485 -0.2574771 -2.116164
43 -0.037724398 1.8412342 -0.02764496 0.43739673 -0.8335193 -0.38278726 0.51146394 0.13122159
31 1.2233248 -0.02153688 0.2739705 0.86984724 0.8178245 1.1495292 0.11303355 -1.7296803
16 -0.053608026 1.1965321 0.5288314 -1.0072931 0.19405192 -1.0869305 0.28072068 -0.69386363
6 0.6422994 -1.1108307 1.3629733 0.059937354 0.7809 -1.5822277 0.29959017 1.5215843
41 0.21860105 1.5125536 -0.12388731 0.11241373 -1.0585787 -0.6173899 0.0871528 0.2426203
40 1.4096271 -0.5508619 -0.108663954 0.74389666 1.0737998 0.79805213 -0.11873094 -1.3364369
37 1.4714248 -0.66417277 1.8115001 0.9044979 0.7774102 1.477045 0.055627566 -0.7602172
29 -0.20321655 1.3676746 -1.1763972 -0.36364442 0.6071333 -1.1020638 0.36216283 -0.9600582
5 -0.69122976 1.8919647 1.0168507 -0.5117372 0.34699056 -0.5630121 1.3622631 0.90842605
39 1.0204879 0.4719564 -0.38040343 1.1392063 0.10207906 0.7447086 0.19862704 -1.1890783
32 1.2492377 -0.22613469 0.6267065 2.1713202 -0.1837483 1.9169192 -0.4801867 0.27457625
35 1.3824456 0.4200413 1.0519378 1.961306 -1.43144 1.884203 -0.61641175 0.264743
17 0.9753111 -0.30985355 2.2808955 -0.21311381 0.49768555 -1.0936878 1.1134607 -0.3570425
49 -0.3661642 2.1733718 -0.568136 -0.41808292 -0.343181 -0.44619426 0.5373031 0.2557779
22 1.3407894 -0.15749809 0.9884718 2.2929335 -1.00811 1.9413692 -0.97844297 0.3231573
44 1.1251312 -0.042784836 0.31117725 1.1533571 -0.38229465 1.1577818 -1.2181785 -1.021045
45 0.007243496 1.1233319 0.38319606 0.038047947 -0.7590039 -0.18332651 -0.6463499 0.037056316
33 0.739516 -0.09805936 0.62954503 2.1049068 -0.78712493 1.6630491 -0.9366698 1.3927109
42 0.56536394 0.38740745 0.32867455 1.6993613 -1.0521384 1.0699689 -1.1652942 0.5174303
46 -0.46064276 1.5615197 -0.076811306 -0.75541455 0.012328203 -0.8228336 0.2985621 0.75861555
47 -0.40302458 2.20949 -0.17195262 -0.22490805 -0.19667819 -0.33844003 1.06728 0.6968785
48 -0.089158334 1.0144819 -0.457474 -0.065845855 0.04540084 -0.7647634 -0.0017119293 0.32411832
