50 8
23 -0.26373464 0.30145216 0.25666887 0.44882298 -0.031987585 -0.91666675 -0.6708314 -0.11421126
19 -0.29210943 0.012958256 0.43833312 0.56111246 0.10023047 -0.7457593 -0.79149723 -0.1689788
41 -0.2281589 0.5660654 0.21340203 0.55474657 -0.4317365 -0.2708363 -0.59778637 -0.26747948
17 -0.72504073 0.3436222 0.47221503 0.44553405 -0.61712825 -0.55919224 -0.34386808 -0.46875504
39 -0.26226583 -0.01295052 0.15979287 0.5988498 0.60370463 -0.8216612 -0.6699939 0.32546824
24 -0.34498665 0.097773075 0.1728157 0.47012964 0.36297977 -0.7165172 -0.7969691 0.1475569
43 -0.33357507 0.3118336 0.3608594 0.7277046 -0.40815112 -0.7932637 -0.54180926 -0.60673195
1 -0.5299758 0.41947216 0.35275272 0.750558 -0.635569 -0.18885502 -0.29730493 -0.5969535
18 -0.016968964 0.09732478 0.42020237 0.42076048 1.0727077 -0.25866807 -0.39497137 0.90857047
28 -0.378583 -0.16170298 0.86717397 0.8516229 -0.6075815 -0.7787684 -0.29770598 -0.5240409
44 -0.1034063 0.25793847 0.46604013 0.7495886 -0.4394566 -0.7340409 -0.6100823 -0.43285373
6 -0.10647593 0.09747049 0.35624626 0.9184822 0.026602104 -0.88843244 -0.6047668 -0.4755238
20 -0.5290179 0.25408986 0.47866434 0.4975446 -0.38368198 -0.6204364 -0.46281633 -0.42165413
12 0.13426794 -0.014250691 0.3124653 0.5590998 0.74974537 -0.7169869 -0.48500076 0.965456
40 -0.11303948 0.39508167 -0.03895692 0.21701592 1.2898228 -0.56027013 -0.62543154 0.97775555
31 -0.059217684 0.26168588 -0.010301178 0.91399676 0.34437418 -0.8339914 -0.41548842 0.055450786
26 0.049002964 0.32955688 0.29264262 0.67732096 0.018869458 -0.7865614 -0.88803446 -0.43190065
25 0.20989937 0.8163924 -0.15901187 -0.05242165 0.6029577 -0.6389227 -1.0643468 0.9069002
8 0.040660433 -0.18686475 0.41743198 1.0728407 0.43906385 -1.0688398 -0.5717458 -0.23389357
27 -0.93847984 0.94796675 0.1849919 0.2516922 -0.9637174 -0.020526351 -0.12395406 -0.5546302
29 -0.33355543 0.67703354 -0.09827598 0.3854358 -0.44323125 -0.6056993 -0.68240017 -0.042945445
45 -0.52313715 -0.0688723 0.6858627 0.82354486 0.0059590405 -0.97760844 -0.06544963 -0.42254782
16 -0.46404845 0.9939995 0.096533686 0.25001603 -0.6634614 -0.4527925 -0.44735935 -0.45387283
49 -0.8035284 1.1984274 0.015003532 0.17105512 -1.2893037 0.59168416 -0.5201103 -0.5518655
7 -0.024747062 0.070913516 0.09922266 0.83246636 0.6482835 -1.1534023 -0.6640876 0.051875744
10 -0.38920277 0.14083223 0.94610983 0.7632415 -0.21660559 -0.31474388 0.4855569 -0.060422957
36 -0.67797315 0.56303424 0.45393112 0.61229426 -1.0286647 -0.16644825 -0.03240426 -0.45335564
34 -0.54538953 1.214432 -0.2159953 0.05904239 -0.7526219 0.46565992 -0.83855 -0.16405933
15 -0.23771417 -0.30890867 0.95230764 0.4596907 0.95255786 -0.44467846 0.05368722 0.94634634
21 -0.36491805 1.0311838 0.28976563 -0.24680841 0.50448155 1.1351337 0.050475344 1.4354752
42 -0.35593936 0.04703771 0.56842065 0.7312425 -0.45566618 -0.8806402 0.022871936 0.027507724
38 -0.18899885 0.9538383 0.59725565 0.2802596 -0.47948965 0.5717736 0.39609444 0.45263264
4 -0.7851209 0.73702157 0.35342708 0.5404494 -1.1148663 0.13825734 0.28564307 -0.2559111
13 0.27471066 0.07065281 0.3447157 0.7848233 1.0629572 -0.059377737 -0.07315176 1.148747
2 -0.03789348 0.8271456 -0.08335091 0.14040415 1.022164 0.5321179 -0.39146283 1.1552343
0 0.012205759 -0.027027829 0.662442 0.34202698 1.7285947 0.282403 -0.38065332 1.2556592
35 -0.434711 0.7573558 0.8358259 -0.3162808 0.9854984 1.5825431 0.42061123 1.66515
14 -0.6361315 0.96541137 0.54967743 0.22492953 -0.76060224 1.2230448 0.07357832 -0.010927471
3 -0.029435959 0.10439636 0.45553684 0.41426858 1.7100388 0.43982327 -0.0932758 1.4577075
33 -0.3679391 1.137973 0.57003397 -0.32714525 0.7058738 1.7466383 0.41490144 1.6394477
9 -0.8541146 1.2914764 0.40815082 0.032559507 -1.4033877 1.3219821 0.43943906 0.31656742
5 -0.588135 0.48091528 0.9571305 0.52987325 -1.3548777 1.0635747 0.45293406 0.10573778
30 0.29636806 -0.073278636 0.6611357 0.5298744 1.8722508 0.11059024 -0.31202015 1.2923605
22 -0.15442769 0.29103395 0.69057333 0.08213908 2.0213993 0.9456129 -0.120655484 1.4704663
48 -0.11240905 1.239631 -0.5316923 0.5242582 -0.029293567 1.0563635 -0.40104264 0.5499815
11 -0.5969937 0.65501934 0.6705113 0.42079437 -1.3320111 1.4369501 0.5197108 0.6339443
37 -0.21299851 -0.05167326 1.0724047 0.13380004 1.4689829 1.1327041 0.214941 1.7851229
32 0.067841895 0.177555 0.502791 0.28793514 2.2365005 0.7147564 -0.082381405 1.8470441
46 -0.5403839 1.4263306 -0.12901075 -0.20678124 -1.015093 1.6701201 -0.042101484 1.2709663
47 -1.1023016 1.3791683 0.14492825 0.014063475 -0.8046366 2.0010939 0.6248371 0.63504666
