50 8
28 0.02259469 0.83493084 1.1388683 0.120249264 -0.05073443 -2.1088178 0.011640853 0.47178355
19 -0.5664108 -0.025968539 -1.4436516 -0.66342485 1.4236258 2.198916 -0.49813434 -0.752286
36 -0.069437385 0.78844315 1.4934983 0.41479918 0.015757803 -1.9429084 0.16058744 0.4498316
27 0.021449527 0.9200673 1.1266512 0.17883943 -0.16407384 -1.7972927 0.15196104 0.45581332
21 0.24309133 0.1870092 -1.4523553 -0.4901018 0.7483796 2.201702 -0.881602 -0.47894913
3 -0.5876702 -0.3457335 -1.3120097 -0.65754503 1.5604182 2.2687542 -0.6338386 -0.6553909
6 0.66293573 -0.3197128 1.7142301 0.33349323 0.23780087 -1.5482297 -0.4546431 0.33581945
33 0.93600535 0.40457657 -1.3190138 -0.70934653 0.27936834 2.4167373 -0.6194937 -0.8788194
39 0.25545195 0.33088496 1.4944267 0.3525783 0.13075618 -1.8455687 -0.11727627 0.13875659
41 -0.22810026 1.0401301 1.0790355 0.37665007 -0.054016367 -1.857027 0.07570734 0.9346693
22 0.25215262 0.76866835 -1.2985712 -1.0963086 0.27101246 2.3294618 -0.075915925 -1.2616465
35 0.9730549 0.3813679 -0.8500089 -0.8169983 -0.18653457 2.7319238 -0.7294549 -0.97932804
38 0.21753672 0.90647876 1.1694783 0.5895563 -0.22381526 -1.8829288 -0.10146983 0.66944623
0 0.025864117 -0.12509802 -0.9723318 -1.1569148 0.82897145 2.3522024 -0.45935422 -1.7335595
31 0.26283947 -0.17751575 1.9458959 0.38209262 0.17402773 -1.7161154 -0.39930403 0.41671386
37 0.7062318 0.4252952 -1.1825424 -0.63794893 0.37423274 2.5479457 -0.24159484 -0.85828424
42 0.10760712 -0.2553702 2.1481028 -0.032244265 0.26413625 -1.3142263 0.08930119 -0.5176076
17 -0.12406148 0.05988395 2.0717921 -0.39026 0.21397777 -1.7339631 0.29817778 -0.43778324
4 -0.06781738 1.7115971 0.035809077 0.5461987 -0.008102934 -1.6088884 0.42108727 0.9910106
7 0.104406804 -0.31269738 -1.0542699 -0.1286008 0.9913354 2.222002 -0.88661003 -0.09055469
32 1.187896 0.73007035 -0.9614843 -0.8530566 -0.441585 2.849937 -0.55939364 -0.9385552
2 -0.18843563 -0.3151083 -1.0838777 -0.6061362 1.2041157 2.6498637 -0.75629693 -0.73910755
14 -0.34612325 1.6689756 -1.3631661 0.23887609 0.11161981 1.3939804 0.17696063 0.8403524
34 0.13446745 1.6814239 0.088227384 0.454951 -0.23954913 -1.5606155 0.42955804 1.0121961
43 -0.21417236 0.16236617 1.794565 -0.016273305 0.25456074 -1.7081965 0.12454585 -0.039927244
24 -0.82715756 -0.21044007 -1.42539 -0.32974634 1.7668525 1.275493 -0.47811893 -0.3459849
1 -0.37657663 0.46091732 1.177107 0.21903782 0.22327414 -1.2151101 0.17502525 0.10100302
18 1.2234247 -0.08057228 -0.22600423 -0.7328652 -0.2557998 2.2985406 -0.75902474 -1.1052676
16 0.33729604 0.46087652 1.7630925 -0.17782848 -0.37471938 -1.3790275 0.17482737 0.13329183
44 0.29515323 0.18801823 1.6637557 0.34206 0.03653824 -1.915289 -0.3215645 0.20859061
15 -0.608979 -0.6343039 -0.395407 -1.002524 1.54822 1.4945906 -0.080817305 -1.3300084
13 0.7443332 0.12705334 -1.4452596 0.12598434 0.66415167 2.0149844 -1.0591582 0.23862626
40 0.4566728 -0.22799738 2.1240265 0.023627806 -0.06554818 -1.6665913 -0.49568737 0.098400004
23 -0.63216054 -0.24157926 -1.2563912 -0.6848582 1.5766392 1.7787656 -0.31425133 -0.72941536
8 0.5477234 -0.48157167 1.4781718 0.11680912 0.053973522 -0.83473283 -0.93072146 0.7738405
26 0.61503386 -0.36415178 2.1192217 -0.10926218 -0.17923889 -1.1754416 -0.42270026 -0.34438595
9 -0.08742655 2.7359908 -1.0816563 0.42589054 -0.026782906 -0.7626889 1.5359108 0.94356304
30 1.222599 0.10124871 -0.6324834 -1.1756272 -0.13829213 2.331058 -0.46751353 -1.212152
25 1.0625896 0.4165855 -0.9644993 -0.68805176 -0.16820402 1.9747206 -0.7269116 -0.5408756
11 -0.057339113 2.7707994 -1.6813334 0.0048012286 0.13845327 -0.9923226 1.4394614 0.7534235
20 0.23260175 0.5401851 0.29471517 1.4116387 0.6636106 -1.0060792 -0.25126082 1.5827466
12 0.09850942 -0.89830935 -0.6660825 1.2131786 1.4082885 1.2386968 -1.6837107 0.59138805
10 -0.020679684 0.2795992 -1.0917253 1.2526731 0.79321444 0.56317765 -1.2080998 1.704586
5 -1.0785508 2.7018332 -1.4067814 -0.12166839 0.12577824 0.6367389 1.4916167 0.7024789
29 0.97222865 0.015929006 0.88168764 0.5741376 -0.20717655 -0.7203954 -0.8584743 0.55208075
45 0.32943204 -0.19520678 1.945735 -0.41627675 -0.06979042 -1.3196894 -0.1411891 -0.3497479
47 -0.35427374 0.10285493 1.9763803 -0.35823733 0.35237816 -1.5223713 0.32951558 -0.30314448
49 -0.13022798 2.0094156 0.28766537 0.34429428 -0.17469703 -1.9183829 0.85541207 0.9724947
46 -0.6373865 -0.69383836 1.6339126 -1.3638278 0.739315 -0.63665265 0.35633132 -1.679584
48 0.5623745 -0.06265772 1.7876368 0.09914903 -0.16231498 -1.2322102 -0.33325627 -0.24016881
