50 8
26 -0.60641134 -0.023767542 0.087107636 0.51442575 0.47338232 -1.1362042 -0.41149795 -0.59902567
43 -0.22620054 0.49495935 0.28754237 0.4818196 -0.3469169 -0.58816946 -0.39838126 -1.04193
30 -0.44399792 0.058979087 0.027899826 0.35324812 1.1295488 -0.3321885 -0.4501205 0.13533439
1 -0.5060252 0.56231666 0.8331763 0.30343738 -0.6055833 -0.19084992 0.0694427 -1.2919424
42 -0.8955261 0.15065843 0.24154072 0.16510135 0.938303 -0.29265442 0.3348419 0.3032064
28 -0.22582434 0.50822246 0.47441253 0.48868257 -0.505833 -0.77192664 -0.21488698 -1.3404734
45 -0.82290924 0.33405298 0.33259407 0.5344095 -0.26704988 -0.38907298 0.0030197343 -1.1154598
18 0.0478746 0.21448378 -0.19052024 0.4945856 1.1295915 -0.43412852 -0.4676129 1.4184883
12 -0.14363413 0.2236239 -0.19860774 0.61228454 0.88422924 -0.5705454 -0.17386682 0.6549686
40 -0.596446 0.24600254 0.23862849 0.5724609 0.013323407 -0.6697522 -0.25512505 -1.2695898
19 0.060975783 0.41556808 0.12878875 0.21475329 1.2127491 0.014472785 -0.1501272 1.3277134
16 -0.593931 0.50959384 0.54190624 0.40679875 -0.5880962 -0.5534718 0.04019707 -1.2929852
49 -0.3066239 0.6160176 0.50735426 0.5149506 -0.6868842 0.02640019 -0.40368062 -1.2623872
36 -1.0161834 0.4941525 0.77894264 0.339893 -0.6064909 0.38944378 0.16370139 -1.1108615
39 -0.26331392 0.35092306 0.10277221 0.60337156 -0.19875547 -0.85156137 -0.6235255 -1.0943543
31 -0.8977109 -0.13488528 -0.016519133 0.7417929 0.40381595 -0.85792786 -0.40087184 -1.0125203
27 -0.4650032 0.5570595 0.5193774 0.5715133 -0.79569983 -0.12644638 -0.2204488 -1.2742636
6 -0.500857 0.06511928 -0.0951272 0.79278004 0.15241398 -1.1984113 -0.3614433 -0.69305927
21 0.05060168 0.5169352 0.35294285 0.15356538 0.8643552 0.55531716 -0.22903626 1.7824379
44 0.20425779 0.65421826 -0.015450722 0.784933 -0.619124 -0.9593511 -0.64690393 -1.2497295
7 0.3440677 0.42386305 -0.37206623 0.4738593 1.2530869 -0.69394493 -0.4581941 1.4230095
10 0.47433388 0.6043854 -0.054139923 0.5463122 0.5505333 -0.8048027 0.017229892 0.5138334
29 0.13759926 0.70492536 -0.08474324 0.9227378 -0.6930309 -0.61560476 -0.3926076 -0.7364041
41 0.06433004 0.91670954 0.5467529 0.5723141 -1.1309555 -0.028058533 -0.24936998 -1.3282309
13 0.121866286 0.18709055 -0.22231406 0.7684554 0.8145019 -0.4135272 -0.5041593 1.0148277
24 0.11351577 0.5456182 0.09018691 0.1300269 1.2652893 -0.09436538 0.022759788 1.6077528
34 -0.012698644 0.98940325 0.68322074 0.518325 -1.1859387 0.47292295 -0.21381271 -1.1140506
33 0.15687515 0.53863704 0.41517332 -0.09070475 1.1734061 0.33802795 -0.1961572 2.0013883
15 -0.28453264 0.3560364 0.37952292 -0.0684225 1.5020678 0.18603475 0.1463192 1.8972597
17 -1.1146336 0.17634834 0.81574196 0.25796258 -0.25194657 0.07930476 -0.0064104833 -1.0039269
46 -0.4930389 0.3849206 0.9337387 -0.1283171 0.8933554 1.1685855 0.21366034 1.4730994
48 0.08309815 0.3458629 -0.0869038 0.75736195 -0.04712415 -1.2142204 -0.5682481 -0.55109817
4 -0.32103935 1.132005 0.872632 0.31861994 -1.4315364 0.44277358 0.40363893 -0.92205596
25 1.0067561 1.281924 0.5934154 -0.1441089 -0.026946146 0.6605073 -0.4687951 0.89664567
20 0.30618867 0.9088148 0.33157462 0.55082947 -0.90176886 -0.53855973 -0.36963665 -1.0668042
5 -0.53738993 0.7707336 1.0699289 0.14803675 -0.5759795 1.004324 0.58934474 0.18622924
22 -0.17886224 0.4072879 0.73030996 -0.06350899 1.0459353 1.0558624 -0.16543426 1.8905157
38 -0.019041922 1.0769256 0.70421964 0.38856617 -1.3075818 0.17260903 -0.16750361 -1.2372854
47 -1.6053233 -0.024825858 0.45869222 0.54225665 -0.09435807 0.03984358 0.14202909 -1.0852087
2 -0.34943852 0.20236874 0.16674957 -0.021119261 1.8365049 0.10612011 -0.09641824 1.7933055
3 0.016242735 0.5559684 0.42080662 -0.0011579877 1.2690605 0.5629233 0.17185569 2.0083451
8 0.14580587 0.34600163 -0.29475063 0.8201907 0.00620419 -1.3756175 -0.70907885 -0.40880573
35 0.004528622 0.3555163 0.3909902 0.14241531 1.0927787 0.48588103 -0.17035899 1.9785991
37 0.6198066 0.63165104 0.26343465 0.23925231 1.2270607 0.46932387 -0.3391545 2.0782397
23 -1.1671758 0.06449352 0.4304701 0.08464729 0.63838416 -0.48852748 0.47043157 0.24237417
9 -0.14206387 0.95196915 1.004691 0.21368755 -1.1793835 0.53699255 0.028134378 -0.5756113
11 -0.6461996 0.84752846 1.1879206 -0.08762151 -0.6414445 1.318827 0.21909907 -0.20247008
14 0.49324372 1.2669953 0.9645041 -0.27131116 -0.2711931 1.4375861 -0.2744511 0.90077895
32 0.13276316 0.600475 0.23732302 0.22543387 1.0993165 0.817209 -0.17290787 2.1497931
0 0.16939445 0.352632 0.24951734 0.102006234 1.5372859 -0.055956617 -0.13477027 2.1150022
