50 8
20 -0.50861937 0.6941089 0.7996119 -0.347282 -0.35873583 -1.4592512 -0.4753554 1.30604
18 1.2793767 -1.6872467 1.3689672 1.7414703 0.622753 0.19716169 -0.39820814 -0.37462294
27 -0.11394977 1.3695956 0.6548271 -1.2046591 -0.06527886 -0.81570745 0.17263366 1.2794633
17 -0.43740636 1.1493366 1.5480263 -0.8539695 0.24364483 -0.3042584 0.4943076 0.35902599
4 -0.16347915 1.3144629 -0.6464823 -0.2355249 -0.4316352 -1.2884732 -0.38841537 0.6312465
9 -0.011712935 2.012729 0.0066089523 -0.9028162 -0.06379817 0.008953172 0.47351575 0.94914645
8 0.22106211 -1.4212587 1.761826 1.1346064 0.2776004 -0.78422505 -0.86316603 0.13645281
14 0.62766767 1.8164542 -2.4284236 0.7561492 0.04039704 0.5702063 -0.16764042 -0.16743897
15 -1.2718349 -0.048007805 1.8442328 1.5815712 0.51430345 0.7244053 -0.60713726 -1.3375225
1 0.27093405 0.575299 0.08734483 -2.353322 0.64886713 -0.16045122 -0.505245 -0.6886418
13 0.5340082 -1.4861541 1.2767608 2.419 0.1328022 -0.2932449 -0.8695914 -0.13944031
36 0.1687228 1.3524472 -0.68801934 -0.96487767 -0.012950581 -0.8738541 -0.08772957 0.4429162
16 0.4110271 0.99326247 0.11127045 -0.9337427 0.26796657 -1.305358 0.42712194 0.5764384
7 -0.6726331 -1.2238802 1.3967075 2.2435508 -0.026376195 -0.20730157 -1.6211762 0.030871743
12 -0.7506217 -0.8020916 0.8115646 2.8492675 0.30898362 -0.12347162 -1.2183863 -1.3439288
6 -0.12578575 0.37799743 1.44018 -1.0121008 0.10696846 -0.934637 -0.14001068 1.1888328
0 -0.7260709 -0.36851576 1.5266335 2.783079 0.53905195 0.2422105 -0.20611052 -1.8963122
28 -0.57282096 0.13193573 0.9614773 0.23826465 -0.3669002 -1.3413644 -0.8294161 0.72893566
11 -0.22700411 2.2792132 -0.6911312 -0.3082049 -0.22889331 0.26627952 0.26859757 0.41000006
38 0.06720608 1.4594159 -1.5695294 -0.63367224 -0.24504252 -0.8890951 -0.6991838 0.18066631
26 1.1418375 -1.4504257 1.7136899 1.1042302 0.5302966 -0.4700687 -0.09623967 -0.0791294
25 0.39656016 1.4753929 -2.0602212 0.07375871 0.04997152 -0.27450755 -0.44530958 -0.41906366
10 -0.83233404 -0.11417248 1.6162856 0.6749183 -0.5236135 -0.88453186 -1.0474155 0.66284037
34 0.5612139 1.6690713 -1.6094798 -0.4229833 0.21148552 -0.2918575 0.105279945 -0.15710428
29 0.33334702 1.2335726 -0.40067586 -1.1422068 0.2533639 -1.4209559 0.3132873 0.19443348
5 -0.9585494 2.023427 1.1636461 -0.30840757 0.11302685 0.216059 0.6346838 0.822065
23 0.626097 0.10715397 -1.1052992 -2.3024254 1.2518206 0.6133012 -1.1303393 -1.2179993
42 -0.13383922 -0.21900323 2.201226 0.15625362 0.60301834 -0.2754856 0.27534023 -0.059789144
41 0.31575128 0.9444191 -1.467833 -0.4851621 -0.21922159 -1.1701084 -0.83730793 0.27604514
30 2.133571 -1.5415553 0.4413395 1.6559781 0.6364824 0.5880155 -0.23058163 0.13445894
2 -0.72927564 -0.21267612 0.21644719 2.2365632 0.56344485 0.41429925 -0.89028513 -2.2180004
21 0.37681922 0.95552677 -1.7545094 1.2274748 -0.07543147 1.7414949 -1.141291 -0.78900516
35 1.4547708 1.2558984 -1.9362813 0.52666336 0.20875509 1.3982557 -0.024080683 -0.32233378
24 -0.03956411 0.071101844 -0.61998403 -2.0903764 1.3859733 0.8860134 -1.2883313 -2.210375
19 0.21080835 -0.5304624 -0.44274458 -2.1986256 1.3164153 0.48674527 -1.580718 -2.075173
3 -0.50686914 0.2051929 -0.8315725 1.2852834 0.6468643 1.3761276 -1.3114885 -2.1409216
33 1.078286 1.3727156 -2.2150505 0.79706967 -0.046408143 1.284048 -0.4388247 -0.052798413
40 1.6415892 -1.7164984 0.32858315 1.5996082 0.7706372 0.23372664 -0.6668137 -0.69522774
32 2.0228934 0.3595346 -1.6124667 0.6286607 0.3387244 1.4869348 -0.19563271 -0.19896178
43 0.45557505 0.016267397 1.3625058 -0.15840955 0.12636878 -0.65283626 0.15552446 0.86475796
31 1.6665945 -1.8010821 1.0935198 1.7112316 0.40305454 -0.10050666 -0.4796769 0.079271875
37 1.299996 1.1718179 -2.0022054 0.6033435 0.2682904 2.13839 -0.4716872 -0.081953526
44 1.0330256 -1.2498912 1.9676337 1.6423787 0.64684266 0.03660126 0.2248188 -0.52198833
45 -0.567355 0.4487608 2.403958 -0.31848893 0.56104815 0.18000986 0.4884937 -0.2059126
49 -0.10615359 1.3680191 0.83302474 -1.097501 0.16135685 -0.41261086 0.4579635 0.42679948
22 1.8615004 0.52929926 -1.1779603 0.9886527 0.09880725 1.998578 -0.13376325 0.12641402
39 2.429755 -0.8977487 -0.029581374 0.8730772 0.50289434 0.63419884 0.12966006 0.30526203
47 0.544498 1.8449497 -0.040518537 -0.8996631 0.031921625 0.72722137 0.5569299 0.66624254
46 -0.19405296 -0.098766826 0.20994866 -1.0625696 0.41404185 -0.59252864 -1.0484756 -0.626599
48 1.222426 -0.03716749 -0.74574167 -0.3791147 0.52535194 -0.31037605 -0.30656394 -0.37728083
