50 8
1 -0.3924539 -0.13954148 0.61711943 -0.48227686 0.3161453 0.5674395 0.25027177 -0.7856034
46 -0.49580824 0.32570466 0.68426406 -0.71007663 -0.2458206 0.3305025 0.27141887 -0.78587556
43 -0.6000717 -0.135003 0.39123926 -0.722946 0.31032655 0.6988229 0.9094876 -0.38657326
34 0.14528194 -0.34283262 0.71808004 -0.6482938 0.6724178 0.70544815 0.29472122 -0.3694183
18 0.52433413 0.6504329 0.7123673 0.9158503 0.1932214 0.27047977 -0.5741535 1.0247577
14 0.13062894 0.34528297 0.81353277 -0.06290615 0.55146384 0.36943442 -0.5810637 -0.8306902
13 0.058198415 0.27793625 0.66417503 0.5720258 0.6107796 0.2783649 -0.15704237 0.09804239
42 -0.77491 -0.15284842 0.47156438 -1.0045878 0.16697024 0.6392987 0.921465 -0.07283172
4 -0.64305264 -0.077186406 0.7960042 -0.7524782 0.12797508 0.26221314 0.33446956 -1.3076894
38 -0.4978124 -0.33415136 0.47882524 -0.7922207 0.5026515 0.672569 0.9564775 -0.4677282
16 -0.14053187 -0.5999132 0.762782 -0.5398838 0.41062665 0.57107 0.36884615 0.44457915
19 0.4202182 0.5031324 1.015441 0.6681554 0.17731613 0.08656545 -0.9844179 -0.33601218
28 -1.3704239 -0.090441845 0.2831137 -1.1553025 -0.12210435 0.75022346 1.0512494 -0.7096409
25 0.56176907 0.12918575 0.81253403 0.7153403 0.84072196 0.45263535 -0.8286884 0.17839827
41 -0.80270517 -0.3796857 0.5651694 -0.9619364 0.19550313 0.6532567 0.7959783 -1.009396
49 -0.846006 -0.42071345 0.38407707 -1.017702 0.033750035 0.8683359 1.0993752 -0.22299032
24 0.025683392 0.7534953 0.8397603 1.1545312 -0.57803893 0.09359606 -0.96078396 -0.21417488
44 0.008722135 -0.3317381 0.4717837 -0.17111963 0.3736774 0.6154031 0.89341825 1.2397665
39 0.11283166 0.12505473 0.40207094 0.51177424 1.3116975 0.45736688 0.3735568 1.1949577
45 -0.91279984 0.027361387 0.38765174 -0.88528246 -0.2521514 0.59313005 1.1578068 -0.26974943
27 -0.77462 0.05410579 0.38449058 -1.2173558 -0.14000612 0.66870916 1.2391057 -0.36553484
21 0.054089736 0.6439136 0.81311494 1.1307954 -0.24882948 0.26976272 -1.244119 -0.30895185
23 0.37491384 0.7106675 0.95845914 1.0155483 -0.24079852 0.09280973 -1.0135207 -0.3485706
9 -0.42639118 -0.2674243 0.7749689 -1.0527422 -0.25232714 0.56156766 0.62593055 -1.3682382
6 -0.5279529 0.06354121 0.31759885 -0.5243881 0.0336576 0.582813 1.1425294 0.95420253
26 -0.4441388 0.04187754 0.29235238 0.20475326 -0.5598618 0.5310434 1.272928 1.2607253
48 -0.15271898 -0.5832711 0.48545602 -0.94828206 0.9762137 1.0291854 0.55863404 -0.010660397
35 0.49995023 0.37068 1.157428 0.6169597 0.5909872 -0.043714896 -1.1081725 -0.73733187
3 0.44206148 0.68826073 1.0115969 1.0029783 0.03150093 0.0040798993 -1.0387363 -0.2880141
30 0.38351107 0.63292354 0.6878541 1.2876984 0.49869597 0.1415844 -0.50622773 1.1501733
17 -0.29738358 0.34865436 0.5165318 0.16918673 -0.5064538 0.19334932 0.94058317 1.137437
10 -0.83445925 0.5791829 0.37031683 0.036918156 -0.87186235 0.35702175 0.37115556 -0.143532
36 -0.7437062 -0.27167615 0.56635106 -1.3293741 0.5481978 0.6435284 0.94124126 -0.7879918
0 0.27509117 1.2150741 0.7279787 1.5339247 -0.5262136 0.0014825629 -0.878347 0.85381126
40 0.41682613 0.8219405 0.6086706 1.11524 -0.4670904 0.27282915 -0.17639208 1.26009
33 0.3286997 0.92123157 0.90885806 1.3410337 -0.12886606 -0.036729667 -0.9101194 -0.43133438
2 0.55145925 0.788341 1.074712 1.1303818 -0.6012097 -0.07150557 -0.9396913 0.11503111
20 -1.0302916 -0.22547545 0.47267532 -0.8812864 -0.530618 0.62723404 0.9797122 -0.46711105
5 -0.8995765 0.40537292 0.4492444 -0.9987617 -0.77888936 0.5157514 0.78668696 -0.910403
37 0.60867214 0.7048149 1.068627 1.5453465 -0.12340215 -0.05587565 -1.0826515 -0.060150173
11 -0.73907644 -0.5074832 0.6855165 -1.2559125 -0.05564582 0.8063459 0.3276138 -1.2466941
7 0.505671 0.90768087 0.5060646 0.64462435 -0.36404082 0.34965828 0.2868881 1.0885024
15 -0.23723453 1.1165679 0.67470264 0.60534793 -1.6355085 -0.018803066 -0.09654762 -0.13484283
12 0.23023038 0.52014405 0.9278314 1.3775178 0.08528817 0.14234893 -1.2776657 0.103636816
47 -0.6667177 -0.42377582 0.63097 -1.2720827 0.26782942 0.6800587 0.74267673 -0.7141035
29 0.07928181 0.36269218 0.39520767 0.58608377 0.5650186 0.3167651 0.66500485 1.6043955
32 0.2928087 0.8952204 1.0175636 1.2293552 0.0057436386 -0.16538718 -0.9965852 -0.6578977
22 0.44906992 0.42516476 1.1322727 1.1792972 0.1349279 0.06187711 -1.4062425 -0.34892106
8 -0.4316702 0.3519976 0.19890332 0.71288747 -0.6367671 0.5404826 0.8526898 1.8210831
31 0.03369365 0.058803085 0.3185338 0.32164776 0.03684692 0.59923184 0.98726624 2.1796103
