50 8
1 0.17023106 0.64490736 0.1291399 0.44835073 -0.69351643 -0.24356246 0.40877038 -0.1959205
36 -0.17463776 0.58342576 -0.13854472 0.70035625 -1.2313663 -0.3243473 0.19054112 -0.7006617
28 -0.077644 0.29452953 0.044666965 0.4881598 -1.1652114 -0.63972294 -0.042438027 -0.55789095
43 0.059848815 0.43218532 -0.000714657 0.54134595 -1.328429 -0.697408 0.4260597 -0.72452515
27 -0.21167049 0.61622125 -0.25678965 0.6813932 -1.4068441 -0.32111815 -0.16287793 -0.7679989
16 -0.01446037 0.8011834 0.09884817 0.19893181 -0.63639694 -0.29907975 0.15903127 -0.3188355
26 -0.2217177 -0.31715384 0.8714139 0.14386083 0.34703308 -1.0832596 -0.23490998 -0.27876168
41 -0.059168767 0.5998488 -0.06678392 0.421562 -1.2215083 -0.22334692 -0.07117197 -0.26645726
25 0.051499397 0.66532606 0.65557075 -0.20191762 -0.14820696 0.80077386 -0.54215145 1.4580253
4 -0.05901575 1.0513581 -0.40231928 0.65826195 -1.1979458 -0.07277951 0.22380055 -0.55553097
44 -0.1876934 0.61834854 -0.11393845 0.5483275 -1.1673124 -0.4232739 0.12791853 -0.74447244
45 -0.21997231 0.56693155 -0.24565618 0.7846179 -1.0882138 -0.4969709 -0.082311444 -0.8495171
19 -0.24115087 -0.123880796 1.2649521 0.20753995 1.0865164 0.14428297 -0.5405245 0.7745429
39 -0.19418603 0.12278621 0.104853734 0.45456457 -0.85900337 -1.0129311 -0.10934185 -0.6547669
38 -0.2912149 1.0677085 -0.4430307 0.68284255 -1.1981014 0.18437022 -0.056217156 -0.42812464
11 -0.45146915 0.88102955 -0.27006382 0.91722846 -1.0393608 0.87669617 -0.13727812 -0.0046063066
17 -0.031528454 0.2946783 0.06597292 0.5912592 -1.176963 -0.57812625 -0.07253156 -0.7108165
42 -0.24606428 0.34040594 -0.21596313 0.91214293 -0.8549739 -0.77035266 0.09818343 -0.86442757
31 -0.44864812 -0.06913679 0.3495694 0.37744156 -0.3073048 -1.1721632 -0.037467763 -0.79327655
48 0.20591396 0.8183223 -0.23815434 0.4140331 -1.4326181 -0.33585623 0.05147479 -0.3499839
34 -0.37213683 1.0529038 -0.42207605 0.8901761 -0.9851872 0.43917054 0.014308055 -0.23327972
23 -0.2591748 -0.17324644 1.3778307 0.051128216 1.2631552 -0.025555072 -0.20209174 1.056118
21 0.072045624 0.7298972 1.0628108 -0.1872454 0.7398554 0.9621719 -0.35789695 1.6442167
6 -0.4217456 0.010280474 0.15596566 0.5630611 -0.64677817 -1.2067455 0.12750354 -1.0322194
20 -0.02366497 0.44422483 0.09565273 0.36663488 -1.0653241 -0.37740278 -0.17040192 -0.48382363
5 0.5381182 0.4672072 0.3354251 0.22486915 -0.7051492 0.15111853 0.14928427 0.6963081
47 -0.042684656 0.74140424 -0.25029257 0.561361 -1.436737 -0.43470603 -0.0052953158 -0.851679
40 -0.67623794 0.24640714 0.43688497 0.22345683 0.1501647 -0.74016094 -0.050447457 -0.57944894
9 -0.39846516 1.1445667 -0.41250625 0.734768 -1.0026611 0.58795035 0.12061963 -0.06110109
49 -0.20058268 1.0056534 -0.23675251 0.50580525 -1.5387985 0.1440011 0.2251318 -0.70090765
8 -0.29474804 -0.39195973 0.6134356 0.32444003 0.26057324 -1.479705 -0.18168975 -0.5298542
18 8.670459e-05 -0.2682335 1.452735 -0.12598822 1.4189074 -0.240588 -0.3371119 1.5714093
33 0.33717102 0.7222859 1.1454986 -0.4623532 1.0227128 0.49455073 -0.35076132 1.6381353
12 0.1361445 -0.4056802 1.4578615 -0.2057548 1.2479889 -0.8428339 -0.37268648 0.89413124
30 -0.031218858 -0.37578467 1.4999229 -0.09321473 1.5428445 -0.47432804 -0.45504445 1.1933291
7 -0.020203123 0.031406794 1.4101291 -0.11786207 1.6081059 -0.30874217 -0.4078526 1.005222
2 -0.22584814 0.04575671 1.2015826 0.18922526 1.677237 0.13725676 -0.48740304 1.59911
14 -0.19578855 1.2687105 -0.121020146 0.5466113 -0.6285345 1.4353827 -0.25200123 0.9371564
24 -0.16854466 0.14473546 1.2948675 0.076425694 1.9464486 -0.020857988 -0.51638764 1.3086991
46 -0.031676102 0.58793277 -0.12418889 0.449579 -1.5693833 -0.41151997 0.34613368 -0.5301228
29 -0.14175057 1.1005259 -0.2762854 0.41647884 -1.2294064 0.44966444 0.34313682 0.25698963
22 0.0709486 0.45839152 1.2596797 -0.055834044 1.5490644 0.6211192 -0.34342715 1.6782774
10 0.11215734 -0.24711758 0.7646857 0.43875462 0.15934043 -1.1235739 0.49260494 -0.5626042
13 -0.310872 -0.490942 1.2029271 0.16343845 1.1027092 -0.83435076 -0.06250317 0.38131288
32 -0.0320856 0.21143585 1.581275 -0.1949508 1.9294485 0.30432975 -0.29007533 1.9013202
35 0.014357523 0.35115153 1.5872507 -0.3397701 1.5441208 0.6457831 -0.25354698 2.0958703
0 -0.30912337 0.1563426 1.4265139 0.073450536 1.8238071 0.42567366 -0.2856403 1.6789132
15 -0.19902124 0.14333002 1.4855374 0.00096427416 1.9339372 0.3573075 -0.2225511 1.7666276
37 -0.1352714 0.36090723 1.4202315 0.0071303453 1.6822902 0.8547457 -0.41140074 1.848307
3 0.064136535 -0.043285087 1.5388466 -0.16509172 1.5360588 0.13780668 -0.47673368 1.6375875
