50 8
1 -0.3649139 0.60132194 0.4325365 0.49174115 -0.63580906 -0.0039654 0.4934803 -0.13706818
41 -0.4496763 0.95786333 0.50555736 0.49587283 -0.47225577 -0.1216821 0.48315996 -0.63855463
20 -0.57071257 0.80229384 0.45035037 0.68524086 -0.8471857 -0.17824875 0.46206507 -0.57115847
28 -0.30892503 0.9035822 0.7005863 0.31758305 -0.8541323 -0.15942553 0.5915744 -0.40632564
4 -0.3542522 0.60021347 0.38622603 0.8761438 -0.6775334 0.13484877 0.15665002 -0.2795666
36 -0.50858843 0.804829 0.41505805 0.55890703 -0.73563915 -0.027768627 0.42744294 -0.37821466
45 -0.45988575 0.8344493 0.3765514 0.5466222 -0.30124488 -0.35110292 0.3182628 -0.48806876
27 -0.8059294 0.7647022 0.5875343 0.3979923 -0.9541925 -0.19110405 0.38556966 -0.5846081
46 -0.69448376 0.42109218 0.50934154 0.18680306 -0.79522216 -0.45646662 0.36725503 -0.0485908
6 -0.66815776 0.7089397 0.3829155 0.36977786 -0.5312153 -0.98516935 0.55858344 -0.43226105
29 -0.47855118 0.91382325 0.40615678 0.81885713 -0.80609524 0.14874543 0.19945665 -0.5817337
48 -0.17938237 0.76783174 0.45698968 0.8575752 -0.48487636 0.3590319 -0.027921496 -0.42971238
26 -0.4419958 -0.02765566 0.42730066 -0.17025378 0.13206282 -1.2208344 0.09188868 0.649621
40 -0.47463542 1.0111725 0.38086298 0.8642857 -0.37417418 0.12046928 -0.029708471 -0.8465396
38 -0.57312757 0.92841136 0.44996268 0.8795803 -0.83263624 0.384385 -0.030236894 -0.7412318
25 0.33657143 0.5185162 0.3700029 0.8997165 -0.045856632 1.3563659 -0.36290878 0.2230825
43 -0.6019307 1.0276284 0.5171433 0.57121783 -0.7388637 -0.4911641 0.372911 -0.7700612
9 -0.38633952 0.68765837 0.27665606 0.9740841 -1.0404571 0.50350296 0.111859985 -0.27207533
49 -0.38285267 0.8653565 0.6392034 0.66905814 -1.0051856 0.17070247 0.27519372 -0.5723154
23 -0.42716834 -0.20386286 0.49865612 -0.652381 0.4645587 -1.0116318 0.2871952 1.0964469
34 -0.39529485 0.9053383 0.37678677 1.1860958 -0.668947 0.5146161 -0.24353604 -0.77863026
39 -0.8510936 0.94204056 0.16894315 1.0642265 -0.49971437 -0.2390836 -0.2729989 -0.98686194
31 -0.692734 0.94335896 0.19082548 0.99900347 -0.4624777 -0.44686648 -0.022780284 -0.9164461
42 -0.66102934 0.09022844 0.33157018 -0.45002294 0.327572 -0.8455844 -0.11156655 0.7062109
8 -0.4777328 0.050527003 0.31669176 0.31125554 0.18785879 -1.2994884 0.055922955 0.22117467
44 -0.4827622 0.8380995 0.2290737 0.9658511 -0.26121113 -0.054899987 -0.3659376 -0.7033789
13 0.01107169 -0.41243172 0.14704618 0.26321188 1.0413703 0.055701207 -0.11470736 1.2062341
19 -0.10979634 -0.43272457 0.19678749 -0.6227138 1.3459185 -0.38681024 -0.20654577 1.827415
47 -0.5555418 0.99259114 0.29439554 0.86388576 -0.88881147 -0.14736089 0.18016222 -0.6797975
17 -0.7887791 0.3220458 0.5768974 -0.28173533 -0.5646179 -1.1056317 0.04995047 0.1680796
18 0.37546688 -0.3288125 0.18774952 -0.1009371 1.8729712 0.6302192 -0.41734615 1.7363043
16 -0.52910304 0.87801886 0.6736703 0.16803667 -0.6718109 -0.51839286 0.5255103 -0.49201527
10 -0.2798805 0.17397363 0.3610743 -0.43233687 0.51094717 -1.1179489 0.2605774 0.7830382
11 -0.6449878 0.7114866 0.5972107 0.5388269 -1.115385 0.21637855 0.05276064 -0.42221886
15 0.27822617 -0.77876353 0.41061905 -0.4439979 1.246128 0.24999169 -0.066473596 2.2501585
14 0.30455747 0.7914326 0.08120057 0.84549195 0.2478672 1.4440354 -0.0807307 0.19790658
0 0.40350455 -0.6292153 0.45199198 -0.59987307 1.5700074 0.22022294 0.03257545 2.2284744
5 -0.0020105576 0.0137619795 0.34834924 -0.26075414 0.24852178 0.37556157 -0.28247398 1.2667667
7 0.04626085 -0.49583486 0.029433606 -0.3265784 1.7435029 0.020173587 -0.80332875 1.9406713
22 0.32451147 -0.83409476 0.19472955 0.37240246 1.7118409 0.96600676 -0.9889701 1.8885021
21 0.43775716 -0.53126574 0.23777321 -0.16559646 1.8478134 0.8356801 -0.8402914 2.0648882
12 0.11777826 -0.7259236 -0.021604972 -0.2822645 1.8804042 -0.027166203 -0.4677202 2.2361524
2 0.5412517 -0.6020722 0.114778504 -0.08391758 1.9399756 0.5369193 -0.41988066 2.244312
30 0.44983724 -0.46968123 0.32143202 -0.41424423 1.9283563 0.19593303 -0.46862504 2.0097864
32 0.37071997 0.02499974 0.057515245 0.5045878 1.5396315 1.3203292 -1.0588197 1.073746
37 0.421553 -0.75641525 0.4034127 0.1082173 1.429429 1.2902545 -0.69501185 1.9736284
33 0.49862805 -0.6299394 0.12943709 0.15345816 1.8356452 1.3213481 -1.1505152 2.0971096
3 0.16141887 -0.6410558 0.13786516 -0.48088038 1.9412179 0.18000048 -0.53817934 2.2172852
24 -0.08043805 -0.5420609 0.072481774 -0.27122557 1.7163624 -0.011675084 -0.8347485 1.8045586
35 0.27629033 -0.5022159 0.13756192 0.16169913 1.5919591 1.2355711 -1.0562375 1.7593881
