50 8
19 -0.11734445 0.5170896 0.663885 0.51239425 0.3581505 -0.30952558 0.25543302 0.9223107
1 -0.18026485 -0.46065557 0.7869217 -0.17945178 0.3801182 0.49540788 0.20816378 0.37516895
39 0.054198213 0.25768274 -0.071352795 1.1679704 0.46997482 -0.008102705 0.099835604 0.506798
43 -0.19964446 -0.73020303 0.6936473 -0.43456945 0.6850409 0.4105335 -0.17731795 0.077356234
41 -0.2149664 -0.6627987 0.3112634 -0.1679768 0.8456819 0.5491182 -0.25215662 0.019659849
38 0.16669166 -0.70275885 0.4989497 -0.10747135 0.7183272 0.6321242 -0.3653448 -0.7833831
28 -0.70269984 -0.40492728 0.93504643 -0.6054037 0.5834393 0.78405726 0.259425 0.4408401
48 -0.45168826 -0.9417687 0.44518685 -0.4041667 0.7564205 0.519483 -0.28586036 0.36816692
26 -0.7315588 0.09760726 0.5091488 0.4985541 0.4074931 -0.08194235 0.6111468 1.2019203
27 -0.3820251 -0.59231395 0.99531364 -0.5532264 0.39319223 0.6973335 0.2308966 0.31806108
40 0.5699809 0.6356671 0.01776282 1.7425458 0.09823771 -0.123123296 -0.15058182 0.09088813
21 1.0192292 0.01907473 0.6291573 0.88747543 -0.33593827 0.9687853 -0.5943116 -1.1750958
23 0.95846754 0.73749554 0.29832694 1.6035386 0.20971826 -0.42785642 -0.39753705 -0.52729475
6 -0.64921993 0.19047412 0.78601354 0.14102565 0.37750033 0.05008455 0.25319645 0.93574536
25 0.23727804 -0.7194735 -0.10414703 0.68654466 0.6592055 -0.012668358 -0.42267364 -0.031216377
8 -0.41921756 -0.1866804 -0.3293076 1.2270318 0.62150663 -0.42614484 0.11081283 1.1817998
35 0.9979374 -0.5123851 0.35357663 0.45014557 0.4308585 0.4691544 -0.7609153 -1.1771096
47 -0.37201783 -0.72085613 0.95455146 -0.69066346 0.6085317 0.7141966 -0.12629138 -0.055081543
31 0.3842169 0.49314058 0.09649176 1.4911047 0.087185964 -0.17410427 0.43807936 0.9164793
4 -0.467902 -0.573452 0.73402923 -0.67689556 0.86481357 0.6527164 -0.4325556 -0.0077949613
49 -0.32767484 -0.60556895 0.9595981 -0.67151546 0.6898 0.7149154 0.049378093 -0.01219224
16 -0.46860892 -1.0755209 0.41661382 -0.5765593 0.91432124 0.6885893 -0.15505844 0.34363928
34 0.2712303 -1.1585099 0.81913245 -0.5154601 0.48541003 0.7817913 -0.76147544 -0.852842
13 0.20475183 0.6896547 -0.36318102 1.8909541 0.5145635 -0.47483286 0.10684955 0.7605722
17 -0.50481 0.06430983 1.0462474 -0.22330448 0.4605991 -0.0038359067 0.26671302 0.7837916
9 0.37724215 -1.0507326 1.1360958 -0.46772897 0.070799164 0.8919766 -0.32035938 -0.6695397
46 -0.062968746 -0.8850777 0.8009169 -0.5516316 0.644598 0.74988586 -0.646891 -0.6238725
2 1.2835727 0.39270383 0.24714516 1.499695 0.20468219 -0.2947824 -0.40481055 -0.7456666
36 -0.09876923 -0.91009027 1.0201055 -0.52511144 0.39631966 0.8660103 -0.21758117 -0.6191231
32 0.7845622 0.5431219 -0.057580348 1.8230104 0.26231113 -0.36292028 -0.05787264 0.1083564
14 0.24383457 -1.1951898 0.7593643 -0.264867 0.22922307 0.92174774 -0.9311167 -0.9811002
0 0.9856502 0.58475816 0.037665825 1.7169988 0.30718067 -0.54261214 -0.2652447 -0.081191905
33 1.1426998 -0.008594414 0.15129052 1.3435004 0.120400056 0.27933952 -0.40098298 -0.9834694
42 -0.8063758 0.024888968 0.34799 0.12989783 0.94348186 -0.46294633 0.47533467 1.6301255
18 0.62950444 0.6558933 -0.32283267 1.9811199 0.44846946 -0.5680928 -0.02791055 0.45372418
37 0.96030366 0.41589904 0.29116324 1.3938477 -0.0067776735 -0.20327263 0.20537607 0.36902186
29 -0.13078795 -0.853369 0.13270265 0.1975068 0.8260274 0.33323267 -0.735899 -0.53837204
20 -0.88773376 -0.7277193 0.4374682 -0.10448337 0.49695784 0.4530804 -0.109009534 0.8396968
44 -0.598714 -0.08294663 -0.24259554 0.81133175 1.1216415 -0.74466234 0.25396636 1.4406718
30 0.327356 0.48239908 -0.060644515 1.846285 -0.035264634 -0.39082873 0.2043573 0.94687074
11 0.13040265 -0.88881093 1.0948282 -0.4237514 0.05194318 0.99073774 -0.42552647 -0.5740069
24 1.1231334 0.8944821 0.783768 0.8061199 0.1364687 0.14030309 -0.3597974 -0.66704226
3 1.1208642 1.1017805 0.667712 1.7703171 -0.33807316 -0.13689706 -0.4642925 -0.66352546
15 0.9027632 1.2024751 0.5328673 1.7137623 -0.20797758 -0.16007549 0.53103733 0.39465353
7 0.7165045 0.6746133 0.17468493 1.4819319 0.2291574 -0.17389554 0.3539172 0.24945778
10 -0.99829847 -0.09444866 0.7988415 0.2177377 0.058146544 0.40388352 0.41407424 1.1575878
12 1.2466033 0.90625775 0.49861622 1.771521 -0.14003041 -0.1809916 0.04143568 -0.47850007
22 0.2822569 0.16652563 -0.31741694 1.6529444 0.5202661 -0.8968862 -0.554712 0.7348129
45 -0.90752256 0.6153028 1.2290602 0.014279797 0.12615862 0.23149388 0.58111787 1.0360336
5 -0.23329608 -0.1733688 1.2445223 -0.80587506 0.37447232 1.0211991 0.32880366 0.30982804
