50 8
17 -0.033683013 0.2933509 0.56351894 0.024772776 0.3370092 0.5373031 0.14867274 0.02835628
10 -0.10771736 -0.2657291 0.28696322 0.942938 -0.7430409 -0.3758884 -0.42390558 1.2890763
23 -0.085910484 0.5565616 0.8171605 -0.2788014 0.8822973 0.562234 0.020777674 -0.5622162
24 -0.031278327 0.6439473 0.70999837 0.4253583 0.90788543 0.017546952 -0.27847466 -0.6581918
19 -0.0009087428 0.70253885 0.8271403 0.4119367 0.78681314 -0.46643737 -0.70329404 -0.40759528
0 -0.15987672 -0.5069304 0.5613088 1.0928552 -0.33442855 -0.47518483 -0.98680323 0.866803
49 -0.22143514 0.78499186 0.821492 -0.24912697 1.0087963 0.36864063 0.0919289 -0.7098
15 -0.0667723 -0.079938926 0.5391 1.1919482 0.027230296 -0.7260686 -0.6320899 0.47219425
46 -0.24061616 0.6036222 0.7507704 -0.026040128 0.6729559 0.9884121 0.2169442 -0.97625697
4 -0.07887003 0.34035167 0.7063083 -0.9873149 -0.4423485 1.024344 0.7962677 0.41725832
3 -0.042555436 0.56434196 0.6051265 0.8208696 0.8044799 -0.56754875 -0.57727 -0.25337788
5 0.2855814 -0.20433182 0.6729235 0.43633166 -1.3127481 -0.21612619 -0.20395081 1.2156199
43 -0.26621893 0.8320128 0.40697476 -0.31934583 1.252806 0.72961295 0.94833857 -0.4238775
33 -0.14614888 -0.4657421 0.49367034 1.2483743 -0.43531582 -0.5825883 -0.7691169 0.9436895
34 -0.11947377 0.42832053 0.710304 -0.39482367 0.7354042 0.9493655 0.56165546 -0.50548166
42 -0.3417182 0.63494563 0.34219036 -0.3961332 1.1447302 0.94652194 1.0388576 -0.24152103
39 -0.34442517 0.78873134 0.5086437 -0.14426674 1.0954018 0.55321306 0.60357326 -0.46882468
1 -0.14772141 0.8820688 0.6783183 -0.5409282 0.875845 1.2217921 0.87122357 -0.7970389
2 -0.13634841 0.19513221 0.59000736 0.7770508 0.49888122 -0.6099664 -0.5413579 0.20390484
40 -0.22751257 0.8143443 0.40861225 -0.36958787 0.88313454 1.1132021 1.0348262 -0.45494497
26 -0.37416306 -0.124162376 0.32521054 1.04835 -0.34360108 -0.72832847 -0.3651357 0.9894253
8 -0.2538989 -0.3570368 0.18275706 0.60849726 0.23931932 -0.0083037615 -0.1324581 0.94281703
13 0.024164138 -0.51603603 0.4987481 1.2191112 -0.6209025 -0.5512702 -0.94152033 1.2080204
35 -0.0154938875 -0.59591126 0.4884192 0.960756 -0.79072535 -0.74883556 -0.69374466 1.5912073
37 -0.087149754 -0.5941913 0.5477237 1.1658796 -0.57927597 -0.89939994 -0.90060544 1.3811786
36 -0.18919963 0.9767211 0.59447 -0.6862528 0.18923914 1.1518663 1.1857291 -0.43257126
14 0.16914922 -0.15267403 0.56757027 0.87768143 -1.4669963 -0.09851167 -0.47278288 0.97533804
20 -0.072561234 -0.4259018 0.35170415 -0.124265075 -0.65368944 0.44390315 0.3903092 1.3654494
12 -0.15966277 0.17855701 0.61289316 1.1208541 0.64140785 -0.80861694 -0.82832444 -0.026878092
32 -0.23343934 -0.43158454 0.46534383 1.3652152 -0.34813184 -1.0327525 -1.0128196 1.1782246
22 0.013563431 -0.5234374 0.53736955 0.97450376 -0.9218021 -0.7175401 -0.83640754 1.5437484
27 -0.1532418 0.96137387 0.3508419 -0.49282277 0.6074566 1.1837647 1.2737702 -0.35457113
7 -0.21189356 -0.21035607 0.40726003 1.302257 0.22914638 -0.9474319 -0.8595701 0.8190185
21 -0.23792635 -0.29588103 0.5310828 1.4053857 -0.23016675 -0.6606869 -1.1434824 0.5679966
47 -0.14021733 0.5798648 0.7000114 0.026644621 0.6081963 1.0013154 0.43512085 -0.9282697
28 -0.21557058 0.95286965 0.5668654 -0.5603722 0.9074602 1.1799252 0.9270265 -0.66289574
6 0.0033329239 0.16219628 0.59131205 -0.82781065 -0.03824345 1.0234637 0.7440196 0.49070928
25 0.24924499 -0.49994 0.35922596 0.7205816 -0.9643974 -0.35979858 -0.6616706 1.8351212
45 -0.17526247 0.8464026 0.6834668 -0.20174246 0.8698566 0.9794643 0.6579736 -0.95918226
18 -0.03686762 -0.6391844 0.25346714 0.8693248 -0.4659781 -0.5125992 -0.44549358 1.6866825
30 -0.22605865 -0.09157722 0.46253484 1.668185 0.34849924 -1.1813228 -1.0356663 0.4210402
38 -0.039790962 0.90556127 0.48566058 -0.59575266 0.48523304 1.2921398 1.2552726 -0.39099818
48 0.022292418 0.6931035 0.73002166 -0.9190038 0.1288544 1.4785205 0.8981525 -0.2871416
44 -0.102239564 0.7753353 0.4668955 -0.6322111 0.97355306 1.2238846 1.0942048 -0.41462433
41 -0.13097163 0.7071145 0.40288398 -0.50275713 0.8192573 1.4497955 1.0902413 -0.4743077
11 0.10181471 -0.34945175 0.5427603 0.6437158 -1.7714995 0.17833848 -0.43044502 1.2533365
16 0.12833339 -0.58730924 0.46705934 -0.2248838 -1.2473385 0.65514463 0.25309688 1.5648512
31 -0.33290204 0.8518743 0.4631426 -0.8903221 0.9032392 1.2928218 1.1021838 -0.30563372
9 0.28105474 -0.5071169 0.7639482 0.41462082 -2.1906366 0.12093076 -0.347951 1.4897746
29 0.0038569684 -0.5765447 0.15256517 0.7055621 -1.5463417 -0.4327634 -0.015447979 2.2841485
