50 8
23 0.92572725 0.6136368 0.45273247 0.48323444 0.45897308 0.08252504 -0.45105952 0.12699628
19 0.3954747 0.21243855 -0.07901533 0.78083634 -0.063107565 -0.96859807 -0.94655037 0.88917553
42 -0.636647 0.17515054 0.5967252 -0.6211274 0.5650855 0.595041 0.34961545 0.28826454
30 0.64684814 -0.17243168 -0.023053274 1.3098793 0.5722058 -0.49825126 -0.5409158 0.4780511
14 0.11303628 0.34138483 0.8762372 -0.21366465 0.1973683 0.6222867 0.23075095 0.21164042
26 0.09393597 -0.4132781 0.07939345 0.70550114 0.7311595 0.073479734 0.15172894 0.55070204
28 -0.70841974 0.3873485 0.64857566 -0.66561633 0.4253341 0.9761502 0.53459054 0.307889
49 -0.8790875 0.2819396 1.2931747 -0.773053 0.08138253 0.875341 0.64034915 0.093773894
45 -0.88281673 0.22339715 0.7983557 -0.7775768 0.5033899 1.1077914 0.7556227 0.28686067
41 -0.1108233 0.3981345 1.1659214 -0.61442035 0.6647821 1.0739857 0.63463044 -0.13183369
39 0.13766718 0.18841816 0.9570737 -0.31738883 0.7248603 0.99238306 0.3697153 -0.043483716
24 0.4269313 -0.09990693 -0.2888083 1.120726 0.4527441 -0.95132756 -0.956413 0.780016
16 -0.1490534 0.072904915 0.4976332 -0.016527418 0.117544316 0.078831464 -0.30177084 0.4711793
44 0.13951486 -0.28039667 0.8742368 -0.09709042 0.8827156 0.74657893 0.30250365 -0.019564105
7 -0.038854156 -0.2821662 -0.5163709 0.94706327 0.08568562 -0.8518109 -0.7042088 1.2636563
25 1.0528022 -0.21082814 0.11114339 0.7835578 0.6525394 -0.4710966 -0.6615016 0.56534487
38 -0.22459576 0.36451107 1.156727 -0.72653884 0.6652959 1.4245859 0.5499016 -0.15855628
1 -0.15255263 0.5398394 1.2589148 -0.41322374 0.36067134 0.98322624 0.49053726 -0.14541614
31 0.09822787 0.0731658 0.563204 -0.47180772 0.9518805 1.0910352 0.42940214 0.22373843
46 -0.19424325 0.7587607 1.1338315 -0.49982914 0.37157163 1.1663917 0.33346096 -0.20747623
27 -0.76128334 0.6859036 1.0026095 -0.7895744 0.097664915 0.80758995 0.7213845 0.2594242
0 0.08242645 0.056304537 -0.44216996 1.1186166 0.01084926 -1.0997388 -1.0511132 1.0465739
10 -0.64745176 0.051980343 -0.24402218 1.0000552 -0.3929219 -0.8197337 -0.42210555 1.1185647
37 -0.1071284 -0.42129675 -0.5384266 1.1784706 0.060218055 -1.1524358 -0.87157923 1.280289
12 0.4199645 -0.052041717 -0.19598292 1.0209321 0.46199661 -0.6709194 -0.7126943 0.6825829
4 -0.72248614 1.0334624 1.4031531 -1.1846482 -0.3201242 0.6955622 0.45221594 0.10316126
13 0.6090416 -0.30987003 -0.66414934 1.5850158 0.7004582 -0.8072335 -0.718206 0.9880874
43 -0.06162795 0.12627204 0.8260623 -0.6701957 0.9271373 1.2532593 0.61270493 0.08588853
18 0.25529018 -0.3326117 -0.4577962 1.3460739 0.2560438 -0.8834006 -0.9526538 1.0117303
34 0.30554894 0.43904278 1.501002 -0.8530672 0.6626726 0.99002707 0.48322722 -0.24385263
36 -0.40029907 0.75057364 1.4132042 -0.7363134 0.34514153 1.2154994 0.6882299 -0.25489414
40 0.88713473 0.2257108 0.66715825 0.10104478 1.1649222 1.3751564 0.1657732 -0.1727587
2 0.7680903 -0.07305033 0.14156213 1.2214073 0.037471544 -1.0122744 -0.94885993 0.71637964
47 -0.7025432 0.4653667 1.3253003 -0.7482093 0.2271813 1.1910306 0.72541195 -0.042539652
17 -0.9353835 -0.13363576 -0.06128687 0.05039818 -0.025349151 -0.2669788 -0.2522794 0.94273394
15 -0.92425394 0.7095689 -0.03934077 0.9460817 -1.0374359 -1.0370226 -0.53876704 1.0001296
48 0.23963256 0.31512737 0.81681687 -0.6922066 0.8490903 1.2613331 0.2160694 0.02814104
21 0.5734002 0.11318733 -0.40134972 1.4574028 0.18695869 -0.87103087 -1.2357107 0.822725
20 -1.4493672 0.0007489615 0.32993105 0.24653836 -0.5560207 -0.46587858 0.07191997 0.8619701
33 0.56510663 0.118675545 -0.26975542 1.4192688 0.04822831 -1.0733668 -1.1069816 0.8856762
8 -0.77303886 -0.7541657 -0.42664415 0.8931325 0.5987647 -0.16230011 -0.29857537 0.8172407
3 0.6872112 0.41053808 -0.033063456 1.3247613 -0.091097705 -1.3507 -1.3006757 0.71361005
11 -0.8910762 0.6109871 1.2740211 -1.1453862 -0.046480086 0.7738504 0.2915916 0.07693705
6 -1.4122729 -0.3189004 0.06922939 0.025903024 -0.12429037 -0.20528693 -0.07282937 0.87975407
29 -0.31949836 -0.2030899 0.0008854873 0.32610273 0.6093003 -0.36119133 -0.37602594 0.56787467
22 0.13763124 -0.06480383 -0.33476102 1.1270798 -0.171297 -1.4160657 -1.3099841 1.1690733
9 -0.82546574 0.71996963 1.3602083 -1.3061091 -0.41755137 0.31733632 0.18811047 0.28663757
32 0.7529493 0.18235736 -0.22522561 1.4496998 0.13988501 -1.3225406 -1.1835219 0.84503096
5 -1.2107369 1.1121812 0.8697456 -0.8898597 -0.70780736 0.1717801 0.40970775 0.5690184
35 0.7349485 0.11074761 -0.22350633 1.7133547 0.106290944 -1.2968258 -1.063009 0.8526528
