50 8
26 -0.37227052 0.19577888 0.9231165 -0.34683147 0.43684322 -0.38157833 -0.3587975 0.633588
6 -0.35087457 0.22461572 0.8600985 -0.4621338 0.4612981 -0.09131582 -0.31985906 0.64212054
19 0.26970553 0.11795727 0.7806231 0.254243 0.6200157 -0.85035336 -0.6946282 0.61082363
29 0.00805106 0.0785146 0.91825575 -0.26752758 0.7596933 -0.09773052 -0.10918433 0.3033751
23 0.7519205 0.31308472 0.8579249 0.5696202 0.75126255 -0.40026072 -0.6574147 -0.48717263
46 -0.795039 0.2673948 0.7126784 -0.2443495 0.10653437 0.27759266 0.072964676 0.6489726
40 0.69894856 0.5257187 0.83351254 0.26366565 0.6915786 -0.75764763 -0.956503 0.041475587
43 -0.08213678 -0.24942486 0.536137 0.013761443 0.5931857 0.83627707 0.9212836 0.6346262
31 0.52344745 0.08356066 0.8596194 -0.2626829 0.8739334 -0.055307023 -0.19952762 0.3234687
48 0.07632839 0.429516 0.8207274 0.19132058 0.43116617 -0.3707701 -0.31217426 0.056438703
18 0.17791562 0.19218437 0.68921727 0.52518594 0.43836197 -0.6747165 -1.078546 0.39504352
28 -0.6634613 0.25551423 0.58026195 -0.49846798 0.3222741 0.47123498 0.39847413 1.0109781
24 0.30850136 0.28774834 0.7756873 0.31788015 0.52159643 -0.6501398 -1.0352722 0.31643432
1 0.3701674 -0.48349306 0.77136564 0.32305327 0.50079674 0.89683616 0.7819873 0.020326616
42 -0.73610467 0.30654824 0.815072 -0.3581928 0.091335885 -0.18753104 -0.097339295 0.9100712
15 -0.29825932 0.64712113 0.82948565 -0.10487681 0.1571712 -0.7228581 -0.7898402 0.6287283
10 -0.63343155 0.76132613 -0.0810618 0.8035529 -0.357767 0.4259772 0.14285888 0.92833656
25 -0.3647664 0.6048652 0.009381248 0.9451354 -0.29668403 0.59147173 -0.22864309 0.41475615
39 0.97280055 0.09057209 0.76172024 0.33935812 0.6727605 0.35469922 0.48502183 -0.24159792
2 0.39186236 0.5914653 0.8168083 0.5201004 0.40712932 -0.5528467 -0.95564824 -0.24228442
8 -0.13338627 -0.1027789 1.2492802 -0.86552423 1.0249995 -0.4652243 -0.59052956 0.4877457
20 -0.5557228 0.3160158 0.16027199 0.25697073 0.09407892 0.67086375 0.6312346 0.99213606
41 -0.19424352 0.27508387 0.3179168 0.58841556 -0.023205744 1.529311 0.86365294 -0.14673267
17 -0.53104407 0.09450649 0.29801556 0.18564054 0.060488496 1.0777352 0.7589845 0.76571035
4 -0.4778067 0.37439883 0.15395373 0.63970864 -0.348929 1.4697604 0.75627506 0.36679974
3 -0.032471012 0.7146241 0.6047909 0.63440865 0.04154518 -0.59275043 -1.2648336 0.13645571
44 0.15766528 -0.027160998 0.97087604 -0.13115494 0.7008144 -0.55790216 -0.6847076 0.49190006
16 -0.46431708 -0.06952051 0.33851537 0.24163604 0.13137944 0.99015194 0.6986232 0.7376388
49 -0.6222794 0.012714677 0.32296425 0.38611358 -0.17789394 1.5027132 1.1264645 0.46134695
45 -0.8566428 0.31080362 0.50414014 -0.057112254 -0.15455659 0.35998282 0.08117082 0.9608707
27 -0.14062898 -0.00356341 0.65069306 -0.3963996 0.4470988 1.0926232 1.2379323 0.6397835
12 0.25042054 0.43554848 0.8763291 0.61069566 0.3746106 -0.56777614 -1.0480694 -0.29848573
30 0.14976095 0.0017717356 0.8970001 -0.1318618 0.55583334 -0.1926335 -0.29824063 0.45423162
36 -0.29334027 -0.04462745 0.5594147 0.15893885 0.09812446 1.4105067 1.2194703 0.24107277
33 -0.2574883 0.9514316 0.20482925 1.7257243 -0.67068416 0.112768374 -0.62179744 -0.43188372
0 0.30139825 0.51364565 0.61510855 0.6565777 0.396284 -0.6359847 -1.2646797 0.106944405
35 0.6433254 0.36095467 0.7405888 1.1493626 0.21122828 -0.5183439 -0.8708865 -0.46864295
14 -0.10814144 0.81171095 -0.30185857 1.9058785 -0.8127449 1.5088484 0.7593166 -0.1904743
34 0.45787704 -0.49273586 0.4963638 0.54436415 0.49063477 1.5930567 1.3107796 -0.05560867
21 -0.26026475 0.9332801 0.5900987 1.1598552 -0.468138 -0.2515473 -1.2804573 -0.4774277
37 -0.30291405 0.7188569 0.5505178 0.88998365 -0.16425553 -0.8488576 -1.235103 0.28599188
22 -0.26825944 0.67843753 0.49180388 1.1655827 -0.2510551 -0.34766614 -0.89886886 -0.14606275
7 -0.013992029 0.81765985 1.0274621 -0.190232 0.20643423 -0.8818715 -0.7039562 0.38450995
32 0.6316086 0.5664174 0.7367246 1.494068 0.05823317 -0.42826703 -1.0500504 -0.93419665
9 -0.36804175 0.25440988 0.37108415 0.6240124 -0.46125472 1.7501 1.1918383 0.03745708
5 -0.41400304 0.491822 -0.12734543 1.035884 -0.5466766 1.4212142 1.0684273 0.6216178
11 -0.35097376 -0.014855614 0.046823353 1.1064154 -0.31847766 1.8846353 1.1441088 0.22625291
13 0.5673074 0.8573442 0.3424337 0.6665399 0.51672506 -0.7434501 -0.73079103 0.3487803
38 0.13578151 -0.047308404 0.32382026 0.58755255 0.2928369 1.7848912 1.5340484 -0.016924309
47 0.42608467 -0.4651254 0.48811352 0.7084672 0.42887422 1.807507 1.4997274 -0.19473511
