50 8
18 -0.09890197 0.30225733 0.3623012 0.5402513 0.80819356 -0.49860415 -0.46161705 0.5777543
29 -0.4037246 0.46877068 0.4265072 0.020677622 0.8020165 -0.0072487085 0.21919762 0.53184444
23 0.357182 -0.07022921 0.9057065 0.6275107 -0.1879174 -0.18132856 -0.49005646 0.37210482
1 0.48827875 -0.1718424 0.47619724 0.0943981 0.19136457 0.90831953 0.7487675 0.66650337
46 -0.47562584 0.17617555 0.90170914 0.0026774872 0.39756116 -0.16798544 -0.62378764 0.69052494
45 -0.7553927 0.3849881 0.68035984 -0.21786326 0.84712493 -0.6932951 -0.23516347 1.0466508
20 -0.09019938 -0.3721314 0.96139413 0.03546616 0.037054054 0.25985718 -0.38354358 0.9737139
24 0.075337775 -0.00988501 1.101976 0.2924553 0.027954405 -0.36728466 -0.9047591 0.5788875
10 -0.24633554 0.08431541 0.71906626 0.18201856 0.1379337 -0.3074293 -0.54804593 1.0913864
15 -0.29051784 0.27580407 0.7074634 0.2653619 0.32683703 -0.6680124 -0.7028851 0.94095945
19 -0.37188324 0.28116387 0.84912544 0.21275127 0.40758076 -0.6688121 -0.7740146 0.76358044
6 -0.35908613 0.41014928 0.34827158 -0.18090636 0.9909494 0.052973133 0.46110004 0.7452294
49 -0.13179135 -0.16316226 0.94269454 -0.1176027 0.21364018 -0.020760806 -0.10241237 0.97878015
42 -0.6930416 0.16916741 1.0245035 -0.15901573 0.42578822 -0.6583233 -0.5304504 1.017278
3 0.5136478 -0.11090954 0.9953884 0.78083235 -0.19629148 -0.26735166 -0.82106745 0.23789318
8 -0.526819 0.49903354 0.0995685 -0.019917937 1.2398484 -0.53023267 0.32468203 1.1181653
17 -0.41027573 -0.46366674 1.0523945 -0.2878934 0.4375267 0.06926534 -0.67050374 1.2453622
43 -0.42762434 0.36635572 0.11157599 -0.20239832 1.0311546 -0.10386288 0.40356174 1.3024735
4 0.6798332 -0.39404517 1.0232072 0.7097634 -0.83040273 1.0083842 -0.10799998 0.11087285
16 -0.049438305 -0.50834656 0.95258075 -0.21552281 0.53924173 0.26407343 -0.47070497 1.0694824
2 0.47448128 0.15500204 0.9921973 1.2660016 -0.77449524 0.29033118 -0.1365408 -0.71498984
14 0.93109906 0.043654494 0.7036019 1.0448432 -0.828379 1.26023 0.30842912 -0.44968414
0 0.13698097 0.27214134 0.8494652 1.0281075 0.08827424 -0.3859875 -0.9636169 -0.29128075
12 0.13822158 0.8115088 0.22327518 0.972391 0.27738935 0.3394918 0.8492358 -0.7298706
26 -0.7025236 0.28577816 0.47716993 -0.0641636 0.90153456 -0.5884742 -0.14676163 1.1564906
11 0.40143874 -0.3037675 1.1915377 0.80461067 -0.48537156 0.28827003 -0.99421334 0.05374196
40 -0.3362014 1.1484649 -0.28615767 0.5729803 0.6894132 0.37899014 1.2543379 -0.010387497
25 0.7396927 0.2201678 0.5538162 1.2044967 -0.32262155 0.18857664 -0.10392096 -0.3129682
28 -0.15423831 0.24173531 0.30924052 0.13867618 -0.23499604 1.5449938 1.0548393 0.41021165
31 -0.31599385 0.99150836 -0.122386396 0.1744717 0.7153386 0.6117044 1.4049457 0.20541121
39 -0.12740645 1.0878565 -0.2485042 0.43629095 0.7256528 0.4778194 1.5079632 -0.007899459
30 -0.4515974 1.0279586 0.07543015 0.3904511 1.0786158 -0.8324345 0.3773273 0.37197378
9 0.8629372 -0.15648918 0.7201483 0.50162 -0.598641 1.1057407 0.7517569 0.21558365
5 0.19755626 -0.40532154 1.0917319 0.39369017 -0.35245463 -0.060466457 -0.864964 0.9140662
22 0.36298668 0.09629435 1.0811001 1.1690766 -0.32053035 -0.44312766 -0.97859395 -0.3476561
21 0.574114 -0.05415784 0.7971566 1.2616366 -0.93275326 1.1342512 0.004771425 -0.5344177
34 0.9746954 0.42667186 0.086573824 0.80615413 0.1673311 1.1073314 1.2431015 -0.3872905
41 0.6207362 0.5473544 -0.03986564 1.0380346 0.018399252 1.248775 1.1706127 -0.5021297
7 -0.18921997 0.8914255 0.12105135 0.06460388 1.065582 -0.5705862 0.5385868 0.64158094
48 0.7490103 0.32820833 0.035715315 0.8714038 -0.10438492 1.5922229 1.0766006 -0.31570724
33 0.28167006 0.38758704 0.42179766 1.5596207 -0.16096216 0.49240682 -0.0876757 -0.9698204
38 0.8648989 0.49731696 0.13681465 1.189812 -0.28292856 1.4742234 1.0212226 -0.79404205
37 0.26882026 -0.04177674 1.2019898 1.0979326 -0.5813365 -0.10937367 -0.84059626 -0.36225066
13 -0.6854611 0.9119339 -0.019023089 0.31818345 1.3990716 -0.6400352 0.13048744 0.43802422
27 0.5295632 0.2112889 0.030507766 0.4552915 0.15911216 1.407949 1.5413902 0.1450666
47 0.22704251 -0.02549996 -0.015145207 0.2941132 0.28510478 1.3159378 1.163857 0.6803658
35 0.58833325 0.5497477 0.83060426 1.1935278 -0.5467151 0.4908157 0.5765648 -1.1559669
36 0.69322777 0.62570155 -0.100923866 1.09086 -0.14424002 1.4540383 1.6284287 -0.6197735
44 -0.520934 0.79529583 -0.0969336 0.014777069 1.5141844 0.00022319624 0.8753601 0.40147814
32 -0.76495326 1.2412989 0.34476244 0.30788097 1.0791893 -0.8086927 0.177274 -0.06566718
