50 8
43 -0.47523698 0.420248 -0.17779385 0.58403975 -0.6441481 -0.5568587 0.16885926 -0.59746605
19 -0.8674573 -0.02214183 0.30513257 0.6174559 0.7404785 -0.9231375 -0.08083201 -0.34034425
16 0.13624449 0.6198738 0.23584233 0.40918142 -0.79968053 -0.36042643 0.20713307 -0.41541845
31 -0.63590336 -0.089430526 -0.17118068 0.9416747 -0.11294187 -0.9310857 -0.062192313 -0.32178566
39 -0.4757313 0.36563346 -0.70654017 1.0179052 -0.41068578 -0.8902515 -0.08938822 -0.14262372
1 -0.08907457 0.42216346 -0.026606007 0.6756246 -0.70543045 -0.47716972 0.34093845 -0.29182535
21 -0.2778726 0.8817489 1.0465044 0.06057332 0.7469554 0.37365437 -0.38895994 0.31863385
27 -0.308031 0.5059914 -0.20555599 0.7739886 -1.0917656 -0.036860723 0.13528077 -0.6445717
25 -0.20900835 0.6962296 0.61951345 0.31619725 0.16579376 0.06686377 -0.07806101 1.340109
40 -0.66815597 0.34811744 0.6492218 0.121826276 0.98946536 -0.7905694 -0.23937924 0.084012315
49 -0.25908744 0.33719853 0.517905 0.4855656 -1.0796833 0.27822155 0.21242791 -0.33615583
20 -0.07403511 0.5832133 0.022150144 0.5411221 -0.6719363 -0.35784042 -0.085829906 -0.40046844
17 -0.5124881 0.08831068 0.8520949 0.08642238 0.10455129 -0.6567962 -0.14181264 -0.5907023
45 0.02289059 0.791359 -0.33911517 0.8100713 -0.958392 -0.1432456 0.047336906 -0.56333244
26 -1.0159178 -0.33661985 0.23510271 0.55416054 0.0060856123 -1.09047 0.1065261 -0.6901894
6 -1.1173087 -0.3881337 0.06221112 0.8501399 -0.30279398 -0.68575335 0.29649523 -0.58434373
28 -0.40243378 0.13882281 0.3853238 0.2682668 -0.70517236 -0.7165526 0.2733424 -0.86507493
42 -0.5965638 0.4677083 0.7673321 -0.038064398 0.20645024 -0.32679394 0.06628298 -0.24026869
15 -0.8541365 -0.14253183 0.67000675 0.35362488 -0.18616998 -0.36916915 0.273646 -0.45267144
29 -0.20350489 0.73332137 -0.5162665 0.9836181 -0.99546504 0.016779305 0.08447634 0.021912249
24 -1.0085852 0.0006788246 0.5781603 0.2769447 0.7910124 -0.8282391 -0.117951095 -0.11982644
4 0.30077407 0.8048012 0.3520095 0.53042233 -1.4528171 0.42767575 0.19695258 0.19286801
23 -0.766858 -0.23055634 0.829055 0.33265397 0.49775738 -0.8888665 0.042165574 0.13631476
38 0.2231778 0.8955149 -0.70717174 1.0282825 -0.980307 -0.33375746 -0.05069823 -0.091427945
18 -0.70904595 0.10053367 1.0789516 0.14537692 1.2650847 -0.72684443 -0.11736409 0.40574342
44 0.09385539 0.6647515 -0.74170274 0.9564623 -0.96875423 -0.7924711 -0.1533721 -0.27915472
9 0.5525914 1.0906454 0.64043003 0.3141784 -1.1747133 0.62564284 0.3139754 0.7333095
11 0.38508663 1.2058407 0.8735819 0.17586525 -0.813941 0.9006392 0.10759829 1.243439
46 -0.0042261095 0.70679927 0.48297435 0.44327012 -0.8119603 0.38681233 0.3173217 0.06122721
12 -0.7505034 -0.005147316 0.74932593 0.13518144 1.0338315 -1.2614588 -0.2443268 0.027268326
10 -0.91327477 0.007667597 0.2127381 0.49020255 0.36852768 -0.8995708 0.3028775 -0.7373829
36 0.068710044 0.74212253 -0.12111635 0.72583055 -1.49075 0.18748578 0.24808778 -0.088154815
2 -0.47591183 0.5762621 1.1890949 0.112922505 1.2346021 -0.02446537 -0.15977757 0.80177224
47 0.45141733 1.2316011 -0.28583226 0.61726826 -1.3864504 0.1836771 -0.10283611 -0.54683995
34 0.23968059 0.8890684 -0.30327517 0.8009177 -1.5068161 0.09841663 0.08627748 0.046951596
8 -0.76815665 -0.22803412 -0.07027109 0.8003217 0.23784219 -1.369303 -0.034912474 -0.48594636
7 -0.9963131 -0.23908125 0.7528147 0.2379276 0.80276835 -1.1497477 -0.12634033 -0.4949675
0 -0.62615836 0.35904637 1.4612762 0.043522336 1.6720505 -0.18432063 -0.10029848 0.8554298
14 0.58698213 1.4407707 0.2617666 0.46450248 -0.97639793 0.7987105 -0.21614283 0.45401677
41 0.37731123 0.9911147 -0.019114522 0.8119964 -1.2511841 0.46582398 0.17639953 0.22157735
5 0.24698329 0.8912593 1.1551057 -0.015769938 -0.6423572 0.6491228 0.021989336 -0.40356264
3 -0.9709299 0.35703212 0.9546183 0.09818383 1.3171315 -0.33454627 -0.06962987 0.6724318
30 -0.6748661 0.26520297 1.1678785 0.25445274 1.5835457 -0.41054383 0.02703108 0.928075
22 -0.04429219 0.6920119 1.756625 0.04715291 1.2272993 0.48854122 -0.43005165 1.2565056
35 0.44137308 1.4375778 1.2474575 -0.10430787 0.3081709 0.75191766 -0.25218078 1.1245615
48 0.36052537 0.69506514 -0.20107372 0.8187131 -1.3790694 -0.21049544 0.11125181 -0.26586848
32 -0.17768762 0.57914305 1.4289474 0.21129124 1.5038023 0.04613226 -0.31097624 1.3366419
13 -1.0656805 -0.34851643 0.24911486 0.7188575 0.93974686 -1.3299644 -0.09236305 -0.016667817
37 0.1997381 0.9848792 2.1986618 -0.362048 1.0812931 0.77908957 -0.56073993 1.2202053
33 0.77935416 1.700352 1.6272522 -0.3539673 0.65302217 0.8751436 -0.46626806 1.5714887
