50 8
43 -0.8072633 -0.3535767 0.43429613 0.6764213 -0.4572397 -0.6298168 0.060117457 -0.8464961
40 -1.0337905 0.14550932 -0.07250059 0.5130594 0.65823996 -0.8684695 -0.22240834 -0.18472548
20 0.5332051 0.55232185 0.23299822 0.48006985 -0.91898656 -0.5021173 0.09993239 -0.13886671
16 -0.15950948 0.5898619 0.28552556 0.3471025 -0.54459876 -0.35367525 0.018068137 -0.51590294
28 -0.0008261176 0.23493153 0.66706383 0.5756448 -1.2801013 -0.055044807 -0.053195056 -0.94996744
1 -0.15601945 0.5021777 0.087824084 0.7327335 -0.8041589 -0.21020427 0.058238283 -0.9469812
15 -0.70081055 -0.09374873 0.8460091 0.44183347 0.69701064 -0.16064675 0.06255766 0.5838721
18 -1.1408563 -0.2353326 0.39881113 0.72648084 1.2441441 -0.40632305 0.10236686 0.7888699
19 -0.8309919 -0.19097367 0.50471693 0.4246076 0.6089337 -0.6183738 0.048307512 0.62400264
6 -0.77679163 -0.0238076 -0.17207533 0.8574996 0.21715769 -0.8654965 -0.08015322 -0.75036156
17 -0.99774444 -0.3950215 0.9876841 0.6435952 0.18490016 -0.1879168 -0.058052283 -0.9187404
30 -0.72972006 -0.12733395 0.5489369 0.74933565 1.1975987 -0.27475074 0.052761324 0.81286746
36 0.020981757 0.9051927 0.44682765 0.37708375 -1.1750059 0.15362152 -0.13726363 -1.1331348
13 -0.32049477 0.4145387 -0.14095639 0.79077256 0.95829093 -0.47483227 0.2561365 1.2594445
0 -0.7142245 -0.11722241 0.7825565 0.58012474 0.9541974 -0.12016925 -0.12778664 0.62485135
27 -0.30749667 0.5904036 -0.13556163 0.6203066 -1.007296 -0.35855824 -0.31989685 -1.042281
42 -1.5380548 -0.26439357 0.6931155 0.51568437 0.28517663 -0.32154635 -0.045772914 -1.2495091
31 -1.0506282 -0.07930046 -0.17556639 0.822646 0.10584043 -0.8168569 -0.3817368 -0.8031646
45 -0.3931968 -0.16398898 0.13721994 0.9556276 -0.76920456 -0.53048205 -0.21709663 -1.0217017
29 0.13605195 0.7231142 -0.7102422 0.49312207 -0.919642 -1.0273504 -0.119216874 0.05090848
39 -1.0856702 0.06871104 0.23168813 0.44185576 -0.20791969 -0.43986169 -0.2181931 -0.695985
9 0.77392864 1.3306442 0.24854973 0.3437938 -1.3962957 0.5040175 0.32751155 0.33668998
49 -0.3247749 0.45577794 1.1193436 0.38259363 -1.2159487 0.51153165 -0.007508491 -1.5291936
26 -0.247326 0.07270731 -0.14691812 0.72481424 -0.5891992 -0.90709317 0.094686374 -0.45727962
48 -0.0011191898 0.80748004 -0.276355 0.5088644 -1.0347793 -0.57350296 -0.50652224 -0.83987844
23 -0.18917511 0.45391718 0.9285615 -0.07373932 0.84338945 -0.30352744 -0.105231725 1.4900938
24 -0.87355477 -0.08228658 0.8747276 0.44634977 0.92887855 0.08121858 -0.081709854 1.0704191
14 0.9718628 1.3045377 0.51728445 0.16999304 -1.0623062 0.41159943 -0.036834326 0.7318498
12 -0.122787856 0.2958346 0.5765679 0.3516834 0.9501827 -0.35576415 0.03426619 1.7008342
38 0.19141032 1.2652705 -0.3945289 0.34054807 -1.3507795 -0.51518583 -0.42486662 -1.0228535
21 0.25412685 0.5982011 0.9513987 0.1256846 1.0312356 -0.13374075 0.17891449 1.8588152
33 0.4104973 0.9732958 1.1623232 -0.17572354 0.68936783 0.07917024 -0.025624186 1.319383
35 -0.71984994 0.27473563 0.8113119 0.35229692 1.489409 -0.08650301 -0.110045135 1.1624116
2 -0.27600583 0.37828302 0.63859266 0.23249546 1.2612811 -0.36655334 0.03749815 1.8732449
5 -0.1965113 0.7135786 0.93273944 0.47626725 -0.6144598 0.9330825 0.58565927 -0.31165358
22 -0.49487388 -0.22403471 1.3886781 0.42437363 1.3331506 0.006639329 -0.14525387 1.2387474
7 -0.5412942 -0.0960294 -0.31173733 0.68646175 1.0265086 -1.431551 0.06814507 0.9659396
37 0.2681615 0.36268613 1.4933398 -0.07116367 0.4731223 0.11928561 0.22428903 1.7890854
46 -0.2057966 -0.077022314 0.62883264 0.77299714 -1.5703709 -0.051194444 0.079049475 -1.2460701
34 0.43987298 1.4140841 0.0831502 0.16800235 -1.344858 -0.033478875 -0.4136295 -0.6675282
11 0.97952354 0.920226 0.5680235 0.514862 -1.7076778 0.6794831 0.1501824 0.51315325
4 0.48598996 1.0842723 0.45702046 0.366549 -1.4772736 0.4079236 0.0016934936 -0.40631664
10 0.8390345 0.58015734 0.3755675 0.5919843 -0.29932302 -0.12757422 0.6667786 1.324658
25 1.0118078 1.2927831 0.35243344 -0.11186271 -1.0444869 -0.14799283 -0.55348504 0.9050114
41 0.4481067 1.0404861 0.16447985 0.36596665 -1.5242829 -0.23649557 0.018591702 -1.0172787
44 -0.43058252 0.45368704 -0.43069384 0.46186668 -0.7693343 -1.0624758 -0.47515443 -0.7672765
3 -0.61926985 0.17753941 0.87321043 0.27141148 1.3344858 -0.18417998 0.07200342 1.6040392
32 0.36752456 0.6882884 1.2424304 -0.1994829 0.40696603 0.15633959 0.08848368 2.179882
8 -0.50134856 0.061401475 -0.98140174 1.0292348 0.4751636 -1.4742234 0.23476827 0.3689409
47 -0.9197195 0.4403981 0.9413855 0.6657573 -1.0597912 0.934766 0.0093023535 -1.912351
