50 8
41 -0.40295276 0.59982795 0.120726705 -0.17116171 -0.7749976 -0.80435306 0.010211768 -1.5301011
34 -0.54776853 0.54407144 0.17711157 -0.09476875 -0.6960636 -0.51945394 -0.05661795 -1.1987952
27 -0.62069577 0.027908077 0.08122883 0.31667808 -0.7956232 -0.546891 -0.012050067 -1.4225173
1 -0.42262435 0.19778927 -0.1060707 0.33893192 -0.43214017 -0.76638204 0.18879102 -1.6066101
36 -0.54426587 0.1388526 -0.052098896 0.22321047 -0.7159868 -0.8710764 0.07895187 -1.9182202
49 -0.68155307 0.5161893 0.26894242 -0.06539779 -0.64781314 -0.60220796 -0.1492602 -1.3210546
40 -0.46296927 -0.2752664 -0.025743049 0.7851295 0.22556843 -0.7920731 0.06841101 -1.4139029
28 -0.40483728 0.13821894 -0.055703443 0.2779969 -0.6647166 -0.929587 -0.0096177505 -1.6659142
31 -0.5417859 0.14021926 -0.10696127 0.2932714 -0.31342414 -1.0258573 -0.04590688 -1.7168635
21 0.23834865 0.57483363 0.58101404 0.7040516 0.4427704 0.5068131 0.02845129 1.932018
39 -0.72632074 0.37713376 -0.06942312 0.043551736 -0.7355887 -0.7194045 -0.06320759 -1.5230814
23 -0.38174334 -0.64744216 0.16345005 0.910687 -0.045507543 -0.4899768 -0.17332755 -0.6001622
14 0.29984966 0.8683876 0.58512414 0.1838344 -0.3467349 0.4644876 0.022127658 1.8787259
45 -0.55597126 -0.06790712 -0.011618099 0.436373 -0.57336175 -0.9035535 0.041790098 -1.9098071
43 -0.47866148 0.16289444 -0.1555075 0.34895152 -0.35963827 -0.9528536 0.17725548 -2.0671055
16 -0.36499956 0.60658014 0.08551572 -0.12555136 -0.8898892 -0.68076855 0.049152836 -1.307576
20 -0.39782724 0.32077235 0.24129875 -0.20483486 -0.74437594 -0.9474945 -0.22716998 -0.83710945
10 0.4796704 0.0926269 0.22310092 0.87874335 0.23910566 0.08985805 0.16436908 1.3789291
44 -0.50066125 0.06523455 0.00023342765 0.10056862 -0.77566737 -1.0486536 -0.1759822 -1.6890936
6 -0.6229452 0.12383426 -0.26726523 0.4987389 -0.492312 -0.56928957 0.0176658 -1.6691499
8 -0.3456104 0.25238013 -0.34787878 0.43906254 -0.16137685 -0.83520794 -0.11473552 -1.6136328
26 -0.18557264 -0.023903413 -0.25103402 0.7898257 0.2938255 -0.6224915 0.05508034 -1.1146737
17 -0.4972361 -0.03788932 0.108066775 0.38192517 -0.2593042 -0.84669095 -0.09912068 -1.343647
4 -0.32687226 0.7603468 0.33420134 -0.4816267 -0.62417716 -0.8684844 -0.017389646 -0.65598774
48 -0.42040354 0.27579212 -0.22158065 0.19941479 -0.69106716 -0.92312 0.034302674 -1.7309542
37 0.31260824 0.6901555 0.5437629 0.5218347 0.16240546 0.5523101 0.12263766 2.3398309
42 -0.46346098 0.22647269 -0.44107455 0.41415334 -0.34324497 -0.96543646 0.15318418 -1.776358
12 0.30978465 -0.2364055 0.17447917 1.3163826 0.3093485 0.31445187 0.0569321 2.0121608
46 -0.55071586 0.149077 -0.2667599 0.3769688 -0.6302299 -0.8258326 0.18018888 -1.7345337
0 0.4947486 0.32685894 0.2421377 1.2666476 0.80228364 0.5693306 0.29258454 2.2498064
19 0.30812576 0.30048394 0.2867384 1.0613639 0.513728 0.48437053 0.1381429 2.0452533
9 -0.09404569 1.2480586 0.5850463 -0.7191794 -0.6459341 -0.17869318 0.15559159 0.9073744
38 -0.15943022 0.764785 -0.08573311 -0.11603989 -0.3825618 -0.51745766 -0.03170643 -0.33335227
2 0.40024713 0.44746754 0.37211755 0.98962766 0.6916755 0.53018385 0.40210184 2.1985426
33 0.37561134 0.5404405 0.47423604 0.7569727 0.4468713 0.40709108 0.19759181 2.268629
22 0.269481 0.3870055 0.6703441 0.9160156 0.33400628 0.7686062 0.07618851 2.477529
24 0.057574943 -0.301666 0.3625977 1.330269 0.6260916 0.35903153 -0.028960837 1.6332692
25 0.14573602 0.8743857 0.65239394 -0.32627073 -0.73781383 -0.009313721 -0.16895853 1.3547475
3 0.47400725 0.57116956 0.17444128 0.9812801 0.54683083 0.5414985 0.21524982 2.3284006
47 -0.65326154 0.6126144 -0.075066455 -0.23609754 -0.7644658 -1.0728736 -0.16425602 -1.6910871
18 0.036114447 -0.7559082 0.25126016 1.6139083 0.2218383 0.5714215 0.0146670705 1.5919218
35 0.4029439 0.26584455 0.40521967 1.1059113 0.6893212 0.532761 0.22568311 2.3703196
15 0.4413209 0.34786183 0.2970402 1.0521617 0.7956115 0.39237618 0.29477787 2.2621782
13 0.28933522 0.4561183 0.58700633 0.8374666 0.3109574 0.7161272 0.25645372 2.4364178
11 0.10762775 0.7835179 0.720826 -0.02682688 -0.81377083 0.5481868 -0.2372489 2.0061347
32 0.37119672 0.4592396 0.58007574 0.79693335 0.2672548 0.60847926 0.3193632 2.3036494
29 -0.33767727 1.0130528 0.2866181 -0.69193673 -0.89605135 -0.5451757 0.13990195 -0.28423572
7 0.45662522 0.20722869 0.29516426 1.218436 0.5002388 0.56615347 0.01570871 2.4835439
5 0.24058665 0.3057957 0.48785686 0.66078204 -0.13642243 0.45078033 0.024741162 1.7896698
30 0.46805385 -0.5004075 0.00084991875 1.7329851 0.4466256 0.5478826 0.11227097 2.043732
