50 8
2 -0.3534716 0.6309468 0.4707471 -0.02045713 0.16490799 0.5848464 0.1467438 0.40692532
26 -0.92203367 0.07634604 0.6701894 0.639048 0.24334033 -1.0422999 0.42334867 -0.52780503
24 -0.6857971 0.51374876 0.355905 0.2739418 0.6834741 -0.739039 -0.15813273 0.5246462
19 -0.08160782 0.29573497 0.0697463 0.5471634 0.39207566 -0.37855488 -0.266996 1.5984964
43 -0.449065 -0.14715992 0.47014153 0.52986795 0.3977156 -1.0986235 0.85187536 0.56857944
39 -0.49832684 0.49467736 0.37879312 0.6206179 0.3450152 -1.2663289 -0.029035725 -0.014554374
41 -0.01572426 1.027202 0.51292527 0.43848628 -0.3889709 0.114182726 0.18599018 -0.9115846
4 0.097194314 0.5517265 0.501893 0.6685182 -1.0041288 0.74173 0.4151037 -0.57446754
28 -0.011935906 0.20357037 1.1795545 0.2479236 -0.5349225 -0.32439935 0.78112316 -0.792011
17 -0.4889614 0.31279963 0.71929884 0.5725051 -0.323636 0.22181222 0.30153808 -0.7530762
46 0.0021512648 0.6483207 0.9727541 0.07370099 -0.80223215 0.4200446 0.8673946 -0.9994329
40 -0.798522 0.82898366 0.23499516 0.30041945 0.89793307 -0.8217727 -0.01689028 -0.036632467
27 -0.22953734 0.5648686 0.8972145 0.16587637 -0.5171504 0.31175092 0.7630099 -0.9601011
48 0.0499306 0.7952641 0.72017694 0.5529591 -0.6730891 0.3574022 0.22587024 -1.1600511
10 -0.32152247 0.22586088 -0.17909609 0.63741976 0.2739158 0.6133043 0.47632605 1.1136155
1 0.05036185 0.9801069 0.8526498 0.19631276 -0.21301846 -0.66762215 0.3583658 -1.0369834
14 0.53903747 0.67185885 0.6785182 -0.009856438 -0.30849415 1.1127267 -0.048308786 0.76724935
23 -0.36936775 0.4455268 0.7657427 0.5625432 -0.22711885 -1.1187897 -0.1328603 -0.54800934
34 0.07720598 0.78423566 0.82934445 0.21017277 -0.4510462 0.9883688 0.13389188 -0.74325496
6 -0.8781346 0.39157963 0.3422266 0.57977635 0.0147419525 -0.6509839 0.13834912 -0.25586724
16 0.17520732 0.9715304 0.8637221 -0.030933112 -0.78895634 0.6788925 0.40260163 -0.7625273
45 0.04459829 0.64269894 0.7375843 0.44133613 -0.64917684 -0.04894218 0.71499527 -1.0343086
9 0.3509672 0.41967246 0.73520356 0.12878472 -0.7197279 1.2158719 0.59543824 0.21639353
12 -0.21598749 0.20084573 0.099648505 0.46995082 0.6771475 -0.4489611 -0.32970083 1.901102
18 -0.42255598 0.28587648 -0.07603879 0.6638231 0.78375524 -1.1712488 -0.22420819 1.6980586
5 -0.0025452594 -0.20972508 0.6160858 0.58577317 -0.6688306 1.2482097 0.76682025 0.3727976
15 -0.26754737 0.2278767 1.0994269 -0.059525434 -0.21946639 -0.681983 0.92001826 -0.4002051
25 0.5801937 0.66572165 0.76567674 -0.30561632 -0.28100193 0.77809966 -0.105889775 1.2845948
49 -0.44710866 0.26731682 0.7518268 0.6211607 -0.6971061 1.0880218 0.23345457 -0.8218037
30 -0.2639639 0.046110798 -0.079942964 0.9031979 0.9188276 -1.408429 0.42689815 1.3194766
0 -0.15701556 0.29745206 0.4014658 0.4630744 0.57198167 -1.394858 0.23352428 0.7315981
11 -0.0063784653 0.61084783 0.93971807 0.26643798 -0.92842484 1.5175447 0.17634898 -0.7880959
47 -0.072551094 0.37931517 0.75828266 0.5456982 -0.76733613 0.68898183 0.6990419 -0.92264044
8 -0.22243035 0.23313309 0.07602929 0.77470446 0.46579704 -1.8013691 0.027379379 1.1542374
21 0.18749794 0.31509775 0.24198207 0.2320269 0.01199293 1.4299524 -0.13574338 1.736097
36 -0.36836568 0.7096165 0.7537942 0.50008804 -0.7190318 1.0281507 0.23134072 -1.284179
29 0.051844377 0.98341835 0.1450141 -0.14804778 0.45173192 0.26106584 -0.07836543 1.249159
38 -0.056826998 1.0210419 0.7536448 0.26112193 -0.4651299 0.9543806 -0.28716874 -0.89433485
20 -0.045617994 0.6698804 0.72972596 0.17398633 -0.5856269 0.9425451 0.0651841 -0.29127505
37 0.41210464 0.061258208 0.3173965 0.47145185 0.0075747557 0.99038893 -0.057392284 1.7795807
42 -1.0486623 0.31732354 0.21065797 1.0757673 0.5161834 -1.2837065 0.05121087 -0.59756374
35 0.12222326 0.22108817 0.1070089 0.38096458 0.48551628 0.4004394 -0.04949507 1.9959203
13 -0.20026831 -0.2056374 -0.056770574 0.6811871 0.42808414 -0.79773474 0.21833171 2.3366
31 -0.727564 0.32055092 0.10592492 0.9109529 0.8450319 -1.9533701 -0.050771557 0.43249822
3 0.06768181 0.7568201 0.28636163 -0.19221276 0.49353713 0.45022714 0.36027452 1.1738373
33 0.21487197 0.11483195 0.1969673 0.25039893 0.47710806 0.90359396 -0.34769714 2.587195
7 -0.42398015 0.33885935 -0.009438556 0.33051667 0.7946066 -0.5907474 -0.019481376 1.7278824
44 -0.64607495 0.60581267 -0.010660459 1.2403704 0.21570218 -1.6784273 -0.82812965 0.037146103
32 0.005152194 0.011179782 -0.10701542 0.6688197 0.47846663 0.75378126 -0.10391415 2.250148
22 -0.067782246 -0.1187076 -0.17194824 1.1511687 0.90651053 0.19665302 -0.47087023 2.0675776
