50 8
19 -0.09223008 0.30597058 0.36602527 0.35506952 0.5547245 -0.63790333 -1.0322412 0.16186962
24 -0.30028558 0.24884838 0.25453046 0.44761428 0.19431935 -0.9471242 -0.7628846 -0.20167369
8 -0.07374822 0.29352543 0.35554743 0.49867508 -0.072089076 -0.8138272 -0.30427134 -0.049006145
15 0.08774013 -0.0747133 0.6594253 0.3914736 -0.7367768 -0.7450567 -0.44790298 -0.1550544
39 0.13412386 0.6603637 0.49245015 -0.05943587 0.72862536 -0.025933633 -1.385776 0.47941688
28 -0.15579584 0.15796773 0.35145447 0.6797665 -1.3129066 -0.74084336 0.42903242 -0.58311975
1 -0.05189361 0.6210073 0.5023371 0.45641336 -0.87081546 1.002265 0.19884162 -0.40255162
42 -0.07083694 0.2699552 0.59742266 0.0581825 -0.31250545 -0.47919652 -0.823963 -0.35526788
30 -0.04722772 0.47283274 0.562491 0.20826118 1.1107835 -0.7458752 -0.7521031 0.5689919
43 -0.35224342 -0.04096928 0.5057685 0.59356093 -0.09244991 -0.8549014 -0.12949203 -0.15555595
18 -0.13019153 0.29195434 0.54520655 0.28001297 1.0773932 -0.9484501 -0.9548962 0.65351546
40 -0.11365527 0.5853896 0.36322677 0.101256415 0.87518257 -1.0224582 -0.7116737 0.8477123
12 -0.3068713 0.058777474 0.42027068 0.53382117 0.40670472 -1.3390124 -0.47881138 0.020178588
0 0.09665592 0.2784149 0.68065464 0.22080697 0.7188918 -0.62031776 -0.9942899 0.27032351
25 -0.036734134 0.6849502 0.60227734 -0.13065878 0.4320732 0.40322873 -0.78597254 0.6673057
10 -0.3916659 0.030341903 0.24796402 1.0594987 -0.94879985 -0.5794236 0.57629234 -0.6509173
44 0.13887377 0.31419578 0.60595226 0.17287637 0.5117286 -0.37062937 -1.3035586 0.24191484
26 -0.5497294 0.19039984 0.31833944 0.4531794 0.06825141 -1.1056912 0.07231252 0.26270324
46 -0.25644433 0.19084223 0.5988273 0.55085945 -0.7462537 0.089565806 0.5519745 0.101206034
20 -0.8887895 0.2840626 0.15803576 0.7159468 -1.392638 0.6240109 0.5686525 -0.61548936
3 0.0051102447 0.20834464 0.70679533 0.20117335 0.8915989 -0.4945559 -1.285131 0.036862966
23 -0.20393519 0.5980385 0.4699503 0.26098484 0.62572753 -0.2375681 -0.15026812 0.46136123
2 0.0007578494 0.67870057 0.58748466 -0.072135545 1.2536035 -0.3196835 -1.0746173 0.85739064
17 -0.63473314 0.461094 0.33592558 0.45952952 -1.5057236 0.6428724 0.5530149 -0.50121427
49 -0.6833264 0.48884106 0.13894053 0.6825647 -1.7395594 0.87804675 0.7002248 -0.7416847
45 -0.13552114 -0.054663163 0.5216888 0.7731537 -1.3677121 0.008513245 -0.059190955 -0.75163484
27 -0.74047494 0.7491315 0.21578343 0.51731455 -1.3349776 1.3320258 0.881206 -0.2138727
38 -0.7356143 0.6639465 0.17105523 0.6891663 -1.2273622 0.7404751 1.1840502 -0.14478427
31 -0.16496517 -0.30710834 0.64389706 0.60675734 0.052374303 -1.011561 -0.9219253 -0.38855353
16 -0.22751243 1.0965052 0.45053354 -0.10444206 -0.90977055 1.0541506 0.45705715 0.05710246
21 -0.52870315 0.3421838 0.4759616 0.25369772 0.6220717 -0.54541206 0.013442583 1.0302708
13 -0.40352967 -0.33926606 0.5751013 0.6877276 0.08755513 -1.4863067 -0.5428788 -0.2815455
4 -0.7390741 0.62897724 0.19799314 0.6021429 -0.9719153 0.44719243 1.3302693 0.22927882
6 -0.5827931 0.069364816 0.077020474 0.96984154 -1.1833416 -0.52137613 0.52958775 -0.6112486
35 0.009564562 0.8943444 0.45640716 -0.044851735 1.0476829 0.2684805 -0.8974934 0.8853873
37 0.1853661 0.22292681 0.94109166 0.11905157 1.0356638 -0.062467918 -1.2514443 0.37504455
32 0.22215918 0.4394855 0.53240556 0.21005188 0.98061275 -0.7516559 -1.4129196 0.3727946
33 0.044183742 0.68045765 0.5218697 -0.11671809 0.73116606 -0.34748662 -1.1517314 0.32863098
48 -0.041848633 0.7447394 0.49332872 0.1889761 1.502459 -0.6478384 -0.50588137 0.96475565
36 -0.79313755 0.6968083 0.24900877 0.5740823 -1.4082801 1.1899984 1.1222522 -0.23763181
7 -0.396171 0.015304819 0.18025048 0.62157595 -0.03776915 -1.5289599 -0.44777206 -0.011553427
5 -0.5028354 0.52355057 0.16338912 0.77398944 -1.6973972 0.6970145 0.8774489 -0.69504035
41 -0.3004779 1.1562504 0.3386067 0.14526623 1.0691067 0.19243905 0.29178613 0.5043288
22 0.2563264 0.3829896 0.777972 0.09540655 0.8568278 0.09733118 -1.7107178 -0.29128468
34 -0.2815926 1.0637591 0.5156626 0.16067228 -0.65422356 1.4746119 0.9058183 0.65069795
11 -0.42253172 0.7793885 0.41735062 0.36799386 -1.2909195 1.7694352 0.60699344 0.0018412222
47 -0.62999403 1.3506331 0.07065563 0.31904933 -0.55068946 1.6628284 1.0199049 0.38891724
9 -0.5824461 1.0725157 0.37604603 0.2987637 -1.0112365 1.9056414 0.8655759 0.08676238
14 -0.44663304 1.0337118 0.3005979 0.29146594 -1.3622321 1.6351418 1.0043932 0.21702775
29 -0.24834944 1.154947 0.48305395 0.04833215 -1.0430285 1.925453 0.6750289 0.4109928
