50 8
34 -0.30019188 0.4976236 0.065136865 0.7285644 -0.66084576 -0.294898 -0.19573045 -0.65247464
36 -0.3741943 0.49125448 -0.21464668 0.8779832 -0.12464267 -0.14182292 -0.060653806 -1.162709
10 0.10573753 0.41873303 0.16603604 0.31174275 0.20237388 0.5915044 0.3734622 1.2873203
24 0.12571333 0.5061241 0.27134016 0.20256458 0.49715576 0.6068795 0.4051565 1.0389162
14 0.48571312 0.5487994 0.27671608 0.37182102 -0.2002305 0.94462144 0.20026232 1.2787333
23 -0.21627034 0.60895884 0.13092585 0.40685987 -0.10912851 -0.4404834 0.28557464 -0.4451821
16 -0.3509039 0.6670712 0.82609653 0.32879665 0.43328315 -0.09093882 -0.012019535 -0.8976457
19 0.1459956 0.58768886 0.38760647 0.105240755 0.78211963 0.72544134 0.38045862 1.002881
1 -0.24791226 0.54240155 -0.23764186 0.94271445 -0.0029692403 -0.24109249 4.5324072e-05 -1.3864118
9 0.08049849 0.5072058 0.048732184 0.35893816 -1.2142123 0.10359042 0.20661019 0.7596055
27 -0.5397382 0.3887682 -0.32955873 1.0421965 -0.44746712 -0.3892314 -0.1831507 -1.2957888
17 -0.5351715 0.53660774 0.57492137 0.49781996 0.4871841 -0.15896346 -0.040454805 -0.9549859
6 -0.58802706 0.34684268 0.055517614 0.9098133 -0.37004074 -0.37860414 -0.1671455 -0.9927231
49 -0.53116965 0.40765953 0.27155277 0.8698669 -0.5002512 -0.12670617 -0.16465627 -1.2402143
30 0.2175415 0.5697649 -0.13996395 0.3642803 0.9956649 0.39454618 0.43893394 0.5833111
41 -0.31035432 0.7693278 -0.6260046 0.64088506 -0.37718567 -0.76256776 -0.3424832 -0.982491
39 -0.6639224 0.56970876 -0.17483364 0.7133262 0.1917256 -0.6159984 -0.016178844 -1.4018391
21 0.065329984 0.7092283 0.43915415 -0.12675789 0.3885034 0.50845003 0.19135293 1.7397181
13 0.07790016 0.33813688 -0.3455148 0.2939156 -0.3316214 0.33350566 0.5038838 1.9471526
33 0.12080145 0.5998955 0.6587834 -0.017272929 0.13958484 0.63202304 0.25575516 1.884356
8 -0.5779509 0.55873877 -0.17472152 0.56767553 -0.09922709 -0.7473364 -0.22048837 -0.5945482
26 -0.60467273 0.5512261 0.21857746 0.38947508 0.90734905 -0.162614 -0.001851881 -0.50751984
4 -0.7901434 0.12715228 0.58018476 0.7786063 -0.78910804 -0.25646946 0.00069834205 -0.64587617
3 -0.029743636 0.6295273 0.60651165 -0.18105464 0.5939976 0.8369065 0.30419707 1.9195755
15 0.0008882522 0.35985187 0.3115375 0.2900618 0.8994577 0.7260285 0.55559 1.289115
44 -0.45546046 0.594663 -0.26844278 0.7850196 -0.1367414 -0.61314106 -0.21289924 -1.2704774
28 -0.6148727 0.63623697 -0.39461386 0.8650435 -0.16274126 -0.78937596 -0.07657028 -1.6004149
43 -0.58222175 0.55962884 -0.42170253 0.9032144 -0.21106875 -0.7280585 -0.016595744 -1.4619012
22 -0.028628627 0.52573395 0.6032635 -0.012366795 0.5074177 0.593241 0.312348 1.6196262
40 -0.6429195 0.77280754 -0.35995936 0.3646203 -0.07819623 -0.99192595 -0.12434581 -0.8276457
46 -0.55368453 0.48419294 -0.22421697 1.1043122 -0.4069615 -0.6864877 -0.31698516 -1.6377898
37 0.09166195 0.45828968 0.5851927 0.114691615 0.08702765 0.7859361 0.24402392 1.9677494
12 0.46106064 0.5107875 -0.8308985 0.5478626 0.042120367 0.148979 0.47827345 0.9135626
31 -0.74817246 0.60644525 -0.2037425 0.77844626 0.54517114 -0.7054686 -0.10724715 -1.501777
45 -0.5779389 0.74702096 -0.120037116 0.66727674 0.48648363 -0.7859667 -0.13538729 -1.6892185
38 -0.4190066 0.6724143 -0.61349136 0.9107784 -0.77281684 -0.74339306 -0.26713255 -1.3193069
7 0.09614874 0.69712096 0.21754241 -0.16275053 0.762262 0.41501924 0.43901852 1.7190546
0 0.053980045 0.6064177 0.5942728 -0.05518381 0.71153855 0.71524304 0.32711533 1.7010962
11 0.0068724235 0.23120773 0.5655864 0.49545306 -0.7061688 0.8568988 0.03141774 1.3963513
35 0.28622496 0.786584 -0.09606741 -0.102296196 0.07575883 0.19644323 0.35507557 1.8279326
42 -0.7145588 0.6588862 -0.12328007 0.66158086 0.56690794 -0.7796719 -0.091279015 -1.4691069
2 0.31202394 0.7909079 0.06758346 -0.053405076 0.39189616 0.547754 0.28442454 1.6274525
5 0.4244515 0.14032625 0.6381869 0.83701116 0.060614515 1.1700499 0.5250757 0.714332
32 0.28215417 0.6603556 0.2970965 -0.083103254 0.28590184 0.55815506 0.45194605 1.9840468
29 -0.3472337 0.1109303 -0.023589998 0.44795924 -0.90324765 -0.019307118 0.24843872 1.4822992
48 0.06390468 0.8409416 -0.72256166 0.5446202 -0.8596319 -0.76433825 -0.34790534 -0.34395579
25 0.30954555 0.43526292 -0.25353807 0.4343467 -1.0772719 0.23366368 0.059981648 1.6095655
18 -0.15886919 0.5961302 -0.0067924024 -0.05833735 0.36643735 0.05394933 0.25342092 1.5766011
20 -0.547559 0.35533002 0.90863013 0.14829928 -0.2637159 0.18951954 -0.1581932 0.97705525
47 -0.55794775 0.6926191 -0.5299318 0.92604756 -0.4965562 -0.8953012 -0.16139919 -1.8370992
