50 8
49 -0.8948979 -0.23088583 0.6657285 0.66408944 -0.48100507 -0.2345902 0.23849718 -0.7646175
43 -0.6558477 0.07268707 0.19031006 0.5843252 0.15630606 -0.96481633 0.08135535 -0.648066
17 -0.86644155 -0.12540948 0.45143116 0.5895023 -0.023315012 -0.38637856 -0.031296816 -0.45266244
40 -0.39074913 0.74935454 0.13074209 0.10306824 0.31610188 -0.86159706 -0.17752956 -0.52584755
14 0.0374174 0.5027961 0.8313816 0.093953416 -0.22675951 0.823103 -0.101429425 1.3610537
42 -0.7105514 0.34300596 -0.0075446595 0.61547905 0.32856604 -0.81831163 0.16838472 -0.7420281
48 -0.51647806 0.95343626 0.16463856 0.33394104 -0.47455084 -0.37228537 -0.11460982 -1.1954334
6 -0.36111847 0.6818997 0.039188366 0.524378 -0.63397807 -0.7637665 -0.3304363 -1.1213819
1 -0.30757734 1.0933373 -0.12558612 0.40203974 -0.62125796 -0.5550113 0.052950494 -1.0634446
28 -0.71333027 0.2779958 0.33089665 0.47462225 -0.35706577 -0.8178813 -0.047776867 -1.2896222
46 -0.6866107 -0.49337807 0.628706 0.7496443 0.7804896 0.020233078 0.3790079 1.1544206
24 -0.58649945 -0.48437688 0.6038683 0.69879633 0.88817763 -0.25582686 0.052693516 1.0254678
44 -0.08910688 0.72000957 0.010465557 0.31511408 -0.23224583 -1.2964658 -0.5337686 -0.9045731
23 -0.9164979 -0.67702734 1.184719 0.41560003 0.5685992 0.25394204 0.4352379 0.7094372
41 -0.38391358 0.9849964 0.24704836 0.2742307 -0.961616 -0.25486282 -0.37880084 -1.2461761
39 -0.99429125 0.5556179 0.06205538 0.60445535 -0.012735543 -0.48922446 0.07151698 -1.3595237
38 -0.16854517 1.2536795 0.33061436 0.14549892 -1.028383 0.4613551 0.12006011 -0.5541541
20 -0.34071657 0.7064531 0.010104668 0.42828196 -0.5215857 -0.9184624 -0.24118745 -1.0735871
15 -0.95501304 -0.19636771 0.20822674 0.8311078 0.9428168 -0.6156287 0.044555668 -0.11548621
27 -0.705737 0.99619144 0.021996688 0.44550073 -0.52031744 -0.44956833 -0.1873025 -1.592983
45 -0.63451314 0.63187766 -0.18542062 0.6753811 -0.12931977 -0.9855806 -0.13347137 -1.2031951
29 0.09312513 1.2378815 0.19770558 -0.0632711 -0.9778027 -0.12115183 -0.22085157 -0.2474035
36 -0.6220215 1.0151186 0.008030288 0.4622162 -0.69718915 -0.2578678 -0.04836609 -1.3389856
26 0.10140959 1.0040978 -0.24251276 0.35192803 -0.45070806 -1.2806387 -0.44754562 -0.8646721
47 -0.9142378 0.35339868 -0.068518355 0.79847455 0.60835433 -0.6922597 0.13653997 -0.8868251
4 0.01925371 0.91018796 0.37605226 0.16745491 -1.220101 0.10550434 0.15681235 -0.2894346
7 -0.15624091 -0.3176173 0.38040197 0.6886394 0.87495905 -0.5091817 0.22155212 1.477643
16 -0.2595704 0.9505364 0.43317848 0.050960973 -0.99396265 -0.29149806 0.01934128 -1.0834727
5 -0.10021716 0.041534252 0.5126496 0.69502795 -0.13808814 0.34476873 0.58641565 1.0132695
12 0.1666591 -0.2368554 0.7781352 0.33759668 0.82239306 -0.39298797 0.08111144 1.8900791
35 0.18786809 0.27179214 1.2943184 -0.09561312 -0.39984247 0.8699141 0.06325917 1.6110426
18 0.5488319 0.4213663 0.47579706 -0.0155890975 0.3911201 -0.53007185 -0.05696399 1.7885088
10 -0.32305607 0.006993266 0.04122732 0.7675843 0.5963511 -0.9081529 0.1579831 0.21298781
0 -0.07437643 -0.12117176 0.8677519 0.30095863 0.86175805 0.062418625 0.21209183 1.8888602
31 -0.5200803 0.48674065 0.034352604 0.4723246 -0.38441488 -1.2643058 -0.24766529 -1.3228732
22 0.06942944 0.1992736 1.2302058 0.17305197 -0.0230574 1.0676249 -0.02126856 1.7712431
30 0.69028014 0.46399745 0.58845675 0.0449172 0.38597518 -0.33635515 -0.085813016 1.8890291
8 0.521294 0.8567849 -0.13131659 0.23527129 0.22857189 -1.1480738 -0.7251589 0.5408676
37 0.38142776 -0.109979026 1.0881305 0.13231838 0.28032374 3.967605e-06 0.14396904 2.060796
25 0.97751176 1.6339781 0.13604109 -0.2526685 -0.76495165 0.09658599 -0.6090846 1.084623
21 0.09697749 -0.19464411 1.0982497 0.2426586 0.48377925 0.37937802 0.40349337 2.1598709
19 -1.0159782 -0.8924138 0.81085813 0.8954961 0.7271871 0.05839747 0.6584856 0.7824036
33 0.35597792 0.2305342 1.0917172 0.044332135 0.2027463 0.37746635 0.100874715 1.8933984
9 -0.42032114 1.0246838 0.5165882 0.1383626 -1.5465049 0.889817 0.49030635 -0.5208702
34 -0.55237365 1.012033 0.52996016 0.18324113 -0.9776953 0.547086 0.0991474 -0.9405792
2 -0.23014851 -0.29008004 0.9413733 0.44566655 1.2512897 0.17463538 0.3269103 1.9669561
13 0.8509507 0.7010396 0.31743878 0.13488565 0.034465678 -0.16945693 -0.3048912 2.081714
11 0.067261204 0.91572213 0.7104864 0.028570764 -1.6457525 1.1132989 0.20886466 0.47944027
32 0.51472867 0.39822435 0.718499 0.09452134 0.4405278 0.06489709 0.10661299 2.1175272
3 -0.6896753 -0.46933642 0.96037537 0.5628158 1.012397 0.4657595 0.5021316 1.4944559
