50 8
1 -0.5925049 0.4526147 0.034075275 0.41871348 -0.3548739 -0.37916595 -0.24687554 -0.6830129
16 -0.64208883 0.55581874 0.046099678 0.37392476 -0.8098814 -0.13327004 -0.3553073 -0.73254424
49 -0.60809636 0.23235698 0.08714061 0.46040353 -0.55617595 -0.0789103 -0.943451 -0.13698536
41 -0.4837826 0.7380777 -0.15320143 0.45956293 -0.8967438 -0.0120869195 -0.22896029 -1.0878818
38 -0.40618286 0.84869283 0.015809914 0.33481473 -0.8012977 0.0770011 -0.07880932 -1.2056196
27 -0.8035732 0.4322038 -0.010831042 0.43790737 -0.73296607 -0.08852321 -0.16618179 -1.2079818
43 -0.43416035 0.4665852 0.25855207 0.43941718 -0.39391384 -0.2969626 0.03375021 -0.9927368
26 -0.34742847 0.38021785 0.5028296 0.40477917 -0.02264927 -0.28229725 0.2587812 -1.2127312
17 -0.84858215 0.19629484 0.05266396 0.4532768 -0.77839595 -0.41916692 -1.0594702 -0.68845904
5 -0.27938983 0.48126876 0.0062108436 0.46140584 -0.10737921 0.3028401 -0.48315486 1.1722103
20 -0.5778347 0.38366926 -0.027479554 0.5753946 -0.89767516 -0.20526515 -0.86028254 -0.5773144
28 -0.47215006 0.48337996 0.13266863 0.4721956 -0.62543076 -0.20665595 -0.2877007 -1.0964552
36 -0.47015148 0.6830526 -0.03951696 0.4593594 -0.7689441 -0.14566493 -0.19259046 -1.0690213
34 -0.6251732 0.47559386 0.02196048 0.43817484 -0.9838993 0.11896619 -0.58281064 -0.13763721
46 -0.30129004 0.14492172 0.22654271 0.6386211 0.21449955 -0.5118798 -0.28903544 0.6046635
18 -0.064426474 0.6273052 0.8341726 0.010838493 1.471558 0.29862836 0.9425984 0.731477
4 -0.5485766 0.4406156 -0.12290064 0.7439471 -1.2973224 -0.10546532 -0.47792342 -0.60840297
10 -0.14509621 0.41862983 0.21411313 0.6009527 -0.3160534 -0.26115155 -0.23868443 -0.29566503
6 -0.45129195 0.47820783 0.07551212 0.59747374 -0.5446405 -0.21511124 0.0613822 -1.3388351
21 0.3933999 0.67642194 0.506001 0.38349935 1.0562112 0.5532642 -0.20843922 1.5284201
45 -0.3138232 0.52929026 0.058777895 0.5727796 -0.020799689 -0.49169174 0.34092954 -1.55563
42 -0.6532354 0.37988922 0.119336836 0.5002831 -0.21974893 -0.4113482 0.16511782 -1.587777
29 -0.48649642 0.5757154 -0.1664212 0.5832573 -1.3791351 0.0938977 -0.80008084 0.25916514
25 -0.1612852 0.71461016 0.36710843 0.27961433 -0.45428818 0.55112743 0.05802585 0.29184866
48 -0.26297426 0.41497904 -0.14005676 0.70727295 -0.6397057 -0.29602128 -0.93792075 -0.059488095
33 0.17796415 0.52321494 0.46719468 0.3245124 1.1678709 0.56915754 -0.4066584 1.7015269
37 0.14384644 0.4222395 0.65320265 0.32544437 1.0462097 0.5613909 -0.3375075 1.5842637
8 -0.40152535 0.36927038 0.4047838 0.50261754 0.19711167 -0.61199355 0.63670564 -1.6710404
11 -0.5480723 0.39044315 -0.33685654 0.78078735 -1.0093204 0.39572456 -0.54925454 0.5888451
47 -0.80686957 0.25529346 -0.18933019 0.66738087 -0.6626356 -0.41317457 -0.45152274 -0.8559481
31 -0.36464855 0.19127914 0.41079485 0.5545091 0.7072446 -0.61692554 0.6500468 -1.5622047
9 -0.6162489 0.51916015 -0.1907975 0.6019322 -1.2553805 0.33240587 -0.4039935 0.4229698
7 0.20268133 0.5145168 0.6885633 0.3179288 1.4489161 0.35956842 0.24271406 1.3326521
39 -0.47410616 0.40849873 0.15150988 0.5409106 -0.030084277 -0.59060884 0.3125811 -1.7758918
30 0.1637635 0.7166525 0.7342208 0.11261459 2.0185518 0.3610763 1.5666143 0.31455886
3 0.14632581 0.28450787 0.8798672 0.32571688 1.9664441 0.4201553 0.12257926 1.7798691
14 -0.05955416 0.8482775 -0.006552993 0.2674357 0.05941959 0.9582953 -0.48146644 1.5202913
24 -0.28828567 0.039708942 0.5727877 0.41475996 1.2714449 0.111303724 -0.65429384 2.0165448
44 -0.16954762 0.54366773 0.57325494 0.2775037 0.5096798 -0.49360764 0.54376173 -1.7578883
13 -0.09934182 0.51789117 0.7497948 0.2681759 1.328212 0.33785516 1.5023623 0.22374508
19 -0.40600315 -0.13282192 0.66974014 0.42405573 1.1509417 0.10301192 -0.40083244 1.5179936
2 0.07135277 0.3464278 0.6486531 0.36274788 1.4216326 0.42479897 -0.13420933 2.0570552
15 -0.3915185 -0.05141143 0.4895452 0.4292019 1.2536268 0.0058409246 -0.43969688 1.7958579
40 -0.3337633 0.5978408 0.6889632 0.070929796 1.0389055 -0.038327392 1.5249447 -0.69990075
0 -0.06312965 0.3041081 0.97284836 0.22505705 1.7935684 0.47219497 0.34117034 1.913009
35 0.18741979 0.51842064 0.63297826 0.42569926 1.2949663 0.48354793 0.29850182 1.9826318
23 -0.3856789 -0.08362562 0.40217298 0.6400893 0.68852377 -0.16794138 -0.6430585 1.6151359
22 0.16834992 0.4950197 0.5791597 0.4711788 1.1478431 0.88982606 0.23557314 1.8229334
12 0.08721563 0.51313406 0.87249404 0.13906601 1.936619 0.13201667 0.586243 1.416873
32 0.39509448 0.72347623 0.7817682 0.39411253 1.5685487 0.92749196 1.0444185 1.7368572
