50 8
16 0.002733598 -0.23418505 0.6007818 -0.54152983 0.644047 0.6604584 0.43244895 0.2935765
1 0.5447927 0.32895786 -0.012144214 0.48709807 0.2382697 1.2694503 -0.028807255 -0.023747724
14 0.66826826 0.1888046 0.1282589 0.21203142 0.28973383 1.3643259 -0.5159932 -0.17748557
29 0.43367577 0.10687616 0.4039464 -0.29557133 0.5405188 1.4291722 -0.054800574 -0.43673253
46 -0.25337932 0.34637132 0.4707499 -0.16279088 0.21249142 1.0278637 -0.032879476 0.000669251
9 1.0765179 0.31685114 0.21403928 0.30588853 0.12135532 1.2307318 -0.9595628 -0.1276495
34 0.46472862 0.21039654 0.18293162 0.25382334 0.25596032 1.3555735 -0.14861117 -0.23905395
20 0.24780421 0.3598862 -0.11441148 0.6798418 0.1598706 1.1041077 -0.37050793 0.15545316
36 0.21809313 -0.058789317 0.4222405 -0.5367544 0.5912237 1.4153501 0.07959967 -0.21146362
27 -0.041444294 0.26580334 0.30224705 -0.5526679 0.576594 1.3305304 0.69127125 0.11570812
4 -0.22601902 0.5658065 0.22646508 0.1606591 0.15704265 1.2877948 0.31650758 -0.05827881
31 -0.30909604 0.26949137 0.2248553 -0.41587105 0.37213716 1.4811145 0.6959838 0.2607528
41 0.061818097 0.27601653 0.04923003 0.061776437 0.4626278 1.4840757 0.46484843 -0.10471446
38 -0.08116695 0.27789587 0.20638552 0.14284892 0.23446609 1.5108161 0.6622476 -0.200592
43 -0.42916372 -0.07806646 0.5062052 -0.404396 0.56251055 0.8815717 1.052825 0.17268154
49 0.57526016 0.3161863 0.12195886 -0.21303658 0.4958654 1.5906976 0.05223355 -0.1730272
28 -0.3756792 0.676593 0.064041376 -0.2913524 0.35737386 1.3700842 0.9911628 0.44404462
40 -0.06404086 0.3423454 0.16843161 -0.3306334 0.39124402 1.454348 0.43695349 0.1638774
47 -0.24580644 0.32575944 0.25134224 -0.32210103 0.31742156 1.7393992 0.82332146 -0.086579986
37 0.53173804 -1.1095498 0.8347411 0.3794013 0.5211596 -0.48930618 -1.0739527 0.36515403
6 -0.71670336 0.21190949 0.37556347 -0.08209123 0.22756228 1.0839288 1.317923 0.3235821
48 0.042982094 0.2934486 0.08397044 0.36633626 0.25082853 1.562388 0.810551 -0.26001558
10 -0.27931434 0.3515174 0.23372982 1.4104706 -0.0071291197 -0.7224888 -0.12362991 0.9240774
8 -0.37051612 0.4037454 0.29402015 0.55270547 -0.078584336 0.79889315 0.73015654 0.25733352
25 0.08586011 -0.69394255 0.82569224 -0.38566318 0.83125895 -0.37885463 -0.5747442 0.57041407
39 -0.16330895 0.56692016 -0.025206953 0.13031183 0.31161287 1.6515958 0.7379489 -0.10975461
17 -0.28259957 -0.6750453 1.0914305 -0.78293777 0.517204 0.5252373 0.8485558 0.08587696
15 -0.19410352 -0.23867063 1.3283643 1.0072515 0.24947476 -1.8985821 -1.0605352 0.63115174
24 0.71623254 0.52813256 0.27782968 1.341508 0.08032896 -0.6573562 -1.4133748 0.6155131
23 0.8557314 0.6734615 0.16851866 1.0374541 0.4209723 -0.27196845 -1.1915475 0.19460957
19 0.8410247 0.68769664 0.41432115 1.023925 0.19153802 -0.6589505 -1.4535797 0.4817771
11 0.8790385 0.19829674 0.36267355 0.45123124 0.16884413 0.8032021 -1.5145293 -0.25624755
13 -0.029389948 0.62658834 -0.32071295 1.7219206 0.3005656 -0.024374755 -0.050413467 0.3980555
26 -0.89317405 -0.34590092 0.7246247 0.106732 0.7461584 -1.1597095 0.9469078 1.2335606
5 0.7011963 -0.06963896 0.70770943 -0.2582012 0.70294064 -0.33239403 -0.64142805 0.53348124
21 0.7156637 0.30493093 0.052397195 0.915998 0.17122479 0.6387928 -1.3393837 -0.035350304
33 -0.17039004 -0.48037526 1.3000909 1.1597215 0.2970707 -1.8243026 -0.4596533 0.48262975
0 -0.45464924 -0.4719401 1.3839775 0.45012078 0.7390233 -2.0312147 -0.4214378 0.7393524
35 -0.5013112 -0.8604357 1.4648283 0.033094924 0.67519796 -1.703262 -0.084638104 0.86277044
7 0.09827185 0.28112987 0.570074 1.1943187 0.31872037 -1.6601737 -0.7897685 1.3280196
30 -0.7019526 -0.4582225 1.4731424 0.04912862 0.81772196 -1.9935352 0.1066895 0.90301394
18 -0.8416502 -0.5090631 1.2181442 0.29891986 0.7216939 -1.7198868 0.259911 0.9561932
42 -0.79422814 -0.72314435 1.532812 -0.7658545 0.8257547 -1.2239176 0.10611377 0.8184588
22 -0.14624253 -0.76031566 1.3695447 0.7199859 0.4128833 -1.5882479 -1.1068133 0.48760894
3 0.5820006 1.0446911 -0.10650054 1.8639377 0.09688529 -0.6859865 -1.1116354 0.6855151
12 -0.32055205 -0.09706905 0.802253 1.695121 0.069299676 -1.8725855 -0.8076729 1.0136753
32 -0.7480313 -0.18430945 1.3454975 0.695666 0.45395416 -1.9127302 0.2481622 0.7382886
45 -1.1306912 -0.7001417 1.3628557 -0.40859723 0.6139899 -0.46334872 0.97380376 0.2159752
44 -0.37788644 -0.44290692 0.2598189 0.11447207 0.54664135 0.9915164 1.523538 0.24557443
2 -0.4067777 0.19562045 0.5886528 2.0110989 -0.16994731 -1.4855044 -0.5020472 0.8055144
