50 8
39 -0.27872384 0.45626238 0.19631313 0.18106996 0.00023143935 -0.9673275 -0.16651265 0.24123707
43 -0.52135825 0.5345232 0.093387045 0.22784862 -0.1952729 -0.63667107 0.10341006 -0.4497281
36 -0.5051476 0.5879045 0.07516432 0.44479328 -0.5164363 -0.23523083 -0.08283726 -0.8841791
27 -0.5926579 0.3885668 0.31806237 0.47855148 -0.23190154 -0.22433174 -0.53655964 -1.1390232
40 -0.28896716 0.36325014 0.42254695 -0.016199045 0.2704615 -1.1646117 0.16121204 0.75968677
24 -0.81841934 0.070175424 0.2878093 0.33971795 0.2503399 -0.8409426 -0.3349964 0.16601677
19 -0.75165117 0.41059247 -0.033953886 0.4220937 -0.14829622 -0.6794224 -0.5079655 -0.6633087
42 -0.3769567 0.71738344 0.01756176 0.20922522 -0.19886072 -0.6057068 -0.22636063 -0.6161908
23 -0.0494976 0.5753666 0.33838305 -0.03575268 -0.5816668 -1.047992 0.012297725 -0.5695583
1 -0.20153797 0.91006166 -0.14302428 0.393098 -0.24815078 -0.5906113 -0.18586838 -1.0740621
28 -0.38776448 0.30638546 0.31640035 0.26322013 -0.47619617 -0.79837793 -0.384835 -0.7391339
26 -0.116006635 0.48242584 0.35735822 -0.022942668 -0.0773902 -1.1677827 -0.024644636 0.107951075
16 -0.23092024 0.7304058 0.46512622 0.25188717 -0.56568307 0.21112104 -0.07571797 -0.8968827
17 -0.6230036 0.22168237 0.343266 0.61211836 -0.25377798 -0.23529588 -0.42420277 -1.0905913
31 -0.25758353 0.34278882 0.12730034 0.18825082 -0.03139037 -1.3950225 -0.083216965 0.10821017
38 -0.18740398 0.9449919 0.16355516 0.2874555 -0.44668728 0.06687717 0.02676635 -1.0258589
10 0.06442126 0.69555235 0.57242656 0.20161141 -0.16836523 -0.0233968 0.6578026 0.6987973
48 0.0991678 0.49200293 0.34587944 0.21351686 -0.64018464 -1.0045165 -0.103268944 -0.84035116
44 0.13999212 0.5295921 0.38924867 -0.022241736 -0.49966213 -1.2475486 -0.17119971 -0.40604168
46 -0.56766427 0.5518877 0.22851142 0.5823855 -0.49542335 0.20182855 -0.49774447 -1.224283
20 -0.07174919 0.6525122 0.031720974 0.1857748 -0.39883983 -1.2760867 -0.26429093 -1.1945518
45 -0.25569084 0.6419541 -0.13436371 0.20160893 -0.34991744 -1.2365253 -0.21576068 -1.073623
8 -0.09878042 0.37044975 0.37144506 0.1608417 0.29160196 -1.2586337 -0.029902365 0.32134882
34 -0.55715555 0.66722226 0.2893445 0.69253254 -0.49822232 0.68554026 -0.4531956 -1.4064301
4 -0.3844934 0.5774315 0.9082417 0.4989051 -0.7054906 1.2602766 0.30521253 -0.79707456
18 -0.17466012 0.5964166 0.6043392 -0.012376088 0.5414265 -0.37470382 0.45377377 1.756039
6 -0.23088278 0.5239172 0.10404914 0.17720321 -0.49064434 -0.97517955 0.065839715 -0.5786429
15 -0.5184606 0.20855466 0.45497534 0.23169358 0.39769268 -0.7289625 -0.020929256 1.122087
29 -0.12726651 0.4717623 0.107791945 0.20490327 -0.089125685 -1.2422224 -0.24846312 0.28305733
41 -0.08471457 0.7682938 0.4628347 0.16888592 -0.58143026 -0.20127818 0.053424824 -1.5059371
25 0.6839168 1.3519355 0.38207588 -0.31551135 -0.43545112 -0.3691908 0.20755982 0.25490198
12 -0.14135757 0.48607302 0.5136768 0.23021252 0.5754709 -0.52045435 0.42775205 1.8270923
30 0.34048355 0.8796075 0.4290194 0.219583 0.23290232 -0.29344466 0.19074439 1.0934093
7 -0.43459126 0.26543528 0.46558145 0.4102449 0.47753137 -0.42898765 -0.10385487 1.5939591
2 -0.20142458 0.37106144 0.8859594 0.4478838 0.5158467 0.29644746 0.6172934 1.9479623
49 -0.69497734 0.60225314 0.31759828 0.66939384 -0.49004513 0.7768178 -0.4086396 -1.0974946
3 -0.5696384 0.1811704 0.6068427 0.48732293 0.8045123 -0.19565395 0.08106716 1.8539423
5 -0.6952855 0.40154278 0.54108393 1.049114 -0.13142554 1.4253927 0.01790996 0.12514138
0 -0.17859945 0.51970613 0.70054525 0.22169094 0.5518429 -0.119007595 0.5358644 1.9298836
14 -0.75546867 0.70196897 0.56944954 0.7032025 0.07127399 1.7421026 0.043677736 0.81248146
9 -0.6843099 0.7172871 0.75732434 0.69481266 -0.49729216 2.0086627 0.32761696 -0.36676767
22 -0.12296047 0.45824614 1.2884477 0.5292388 0.36758244 1.3062745 0.3789295 1.3550286
13 -0.5629528 -0.007210442 1.1181445 0.5497237 0.5080112 0.41450876 0.42345715 2.1312597
32 0.082325816 0.6401563 0.889382 0.20723213 0.33964667 0.14752698 0.91148573 1.8703951
35 -0.06447293 0.5414923 1.142829 0.5466249 0.13775226 1.3109703 0.5443763 1.7727481
21 -0.5711731 0.2059725 1.0194293 0.6888655 0.7999063 0.7971822 0.29211333 2.180367
33 0.055695757 0.5862592 1.5303721 0.2667208 0.30432352 1.3148319 0.6916984 1.9008578
47 -0.54426676 0.5436956 0.15310569 0.71073776 -0.679094 0.17367493 -0.41804653 -1.7326864
11 -0.58263946 0.62362254 0.7749175 0.744264 -0.7352153 1.8088113 -0.5449717 -0.8983271
37 -0.006063245 0.51743644 1.1287361 0.18489435 0.53603303 0.32999146 0.72994083 2.1137445
