50 8
23 -0.31580368 0.17384408 0.3534405 0.32958364 0.58604455 0.17493203 -0.26237103 0.7899618
49 -0.48226643 0.2881524 0.45295298 0.43127298 -0.78411615 -0.47195342 0.107593626 -0.7916415
24 -0.36069936 0.16295153 0.66212654 -0.19243117 0.15682116 0.35573944 -0.1012646 1.1854225
19 -0.31839982 0.001025579 0.7848992 -0.074689254 0.22778358 0.44893804 -0.18497032 1.1306756
1 -0.38138163 0.3561007 0.14024109 0.84889764 -0.31717837 -0.6651058 -0.0190289 -0.94273233
17 -0.50125974 0.10481286 0.56890845 0.37591937 -0.9383207 -0.6094302 -0.21464795 -0.9598062
34 -0.1334014 0.52910703 0.33719298 0.5344734 -0.6052832 -0.4385255 0.20227946 -0.44746628
43 -0.5871495 0.04107781 0.06775472 1.0472356 -0.37846184 -0.89348286 -0.19511865 -1.1525
4 -0.31152913 0.5670722 0.12523188 0.56845355 -0.53324825 -0.936283 0.056835394 -0.80504763
42 -0.7794443 0.21164475 -0.05608285 1.1102682 -0.113881186 -0.41619435 -0.008720149 -1.025954
28 -0.5038045 0.08285992 0.3400015 0.77457786 -0.76177806 -0.8882285 -0.1147049 -1.3342477
41 -0.45609394 0.41810852 0.15420859 0.8727637 -0.2548314 -0.83072466 -0.061751835 -1.133362
10 -0.26214674 0.32862198 0.3540014 0.5955788 0.0925312 0.15069221 -0.067587145 -0.022259792
26 -0.4466245 0.16547649 0.5770784 0.308131 0.05149252 -0.119238436 -0.27546784 -0.4065007
13 -0.31177378 0.16597655 0.3564238 0.41953018 1.0369964 0.5670188 -0.036357246 1.2785395
6 -0.6377666 0.21455245 0.097424336 1.1140267 -0.28565466 -0.75706017 -0.134697 -1.5097028
27 -0.63944536 0.20205016 -0.106390335 1.2173672 -0.3510346 -0.73653734 -0.24326815 -1.2853357
36 -0.67918587 0.31129667 0.07503183 1.0015681 -0.25947997 -0.72263044 -0.29597354 -1.5162036
21 -0.1768764 0.20212233 1.103988 -0.6880667 0.4113051 0.340063 -0.099149294 1.653322
20 -0.47124508 0.3861345 0.26304987 0.6165105 -0.31646106 -1.0121377 -0.3229204 -1.2022308
15 -0.11395023 0.15913936 0.67428315 -0.041721705 -0.03959449 0.4685639 0.14762239 1.3840257
9 0.06665007 0.51125455 0.21259703 0.26055828 -1.5646572 -0.7805776 0.37617636 0.15037194
37 -0.2532684 0.08988478 0.88356453 -0.27648193 0.69451463 0.57950884 0.0629897 1.8095634
14 -0.017515603 0.402734 0.51931816 -0.03299328 0.003952179 0.41078427 0.12746309 1.5440499
47 -0.32317317 0.54189277 -0.10970253 1.1660581 -0.4345916 -0.92860657 -0.24141103 -1.3576876
3 -0.26550347 0.13352673 0.925547 -0.45233765 0.33044505 0.58475596 0.04628338 1.8158664
7 -0.20902938 0.32103375 0.58855623 -0.08487845 0.4399596 0.6958998 -0.12103148 1.6567483
25 0.03401862 0.5700467 0.23162074 0.21480656 0.48870903 0.3153746 -0.051034342 1.6012
5 0.008632922 0.22110835 0.45385906 0.109963894 -0.93653643 0.07977427 0.39288083 1.213599
38 -0.5589968 0.6490957 0.06275184 0.80357534 0.48634538 -0.5407696 -0.59504074 -1.1807659
18 -0.47165078 0.19859637 0.55547893 0.108109415 1.3086034 0.9170422 -0.21320967 1.5901248
45 -0.5597489 0.16335028 0.49164268 0.4852247 -0.4276442 -0.24529634 -0.23568226 -0.8646286
8 -0.5559814 0.44094232 -0.081481375 1.0605755 0.60317266 -0.6316456 -0.25319403 -1.075809
39 -0.6591688 0.35372505 -0.045158688 1.275836 0.013936597 -0.8237979 -0.33382142 -1.7301276
16 -0.0939932 0.3815004 0.6061979 0.14928883 -1.2583187 -0.7193366 0.23078227 -0.31502277
0 -0.054871265 0.32623395 0.9978565 -0.5327488 0.377914 0.7312718 0.08921082 2.1844032
33 0.07678724 0.64244986 0.8774124 -0.50456154 0.7566393 0.27709895 -0.13213527 1.6891094
12 -0.26199618 0.17257133 0.7252826 -0.053043738 1.3928255 0.5998253 -0.4265119 1.7214689
31 -0.64746237 0.4254079 -0.11900938 1.3317082 0.102469146 -0.8011053 -0.31881756 -1.7159158
44 -0.63653874 0.2609606 -0.05184591 1.195969 0.35900593 -0.5477691 -0.4823371 -1.2355673
35 0.017152587 0.36882237 0.87062013 -0.48486322 0.28367662 0.3714661 0.1165825 2.0803106
29 0.012467225 0.2892438 0.7037475 -0.29539433 -0.74129695 0.12402447 0.10039532 1.3974584
30 -0.25919038 0.17856267 0.5943843 0.18109097 1.2266994 0.993443 -0.295986 1.705015
11 0.13940005 0.21553645 0.9038812 -0.51901776 -1.234222 0.009386886 0.028693212 1.3903598
32 -0.290126 0.30634308 0.8004915 -0.19767737 1.229712 0.78363955 -0.10082832 1.7511209
40 -0.7631272 0.57870865 0.16365203 0.6459799 1.4825914 0.16041183 -0.6603589 -0.7525263
2 -0.18668039 0.17821541 0.97819704 -0.4113512 0.7369471 0.88479316 -0.11672362 2.0637395
22 -0.24617006 0.18928629 0.7547193 -0.01236704 0.9045248 1.0143114 -0.01139296 1.7996194
48 -0.5653673 0.534973 -0.21879965 1.4263251 0.44555438 -0.921261 -0.61313826 -1.7855172
46 -0.06338653 0.2303809 0.5016915 0.11925189 -1.9320344 -1.0247059 0.36042416 -0.23669519
