50 8
1 -0.0774305 0.6831725 0.008706072 0.7550819 -0.05043367 0.2231752 0.139037 -0.2463026
23 -0.06581897 0.08322778 0.8491947 0.019980192 0.6659932 -0.30255628 0.2680698 1.3824958
4 0.120001614 1.1375582 0.14185494 0.49224657 -0.7495398 0.3757864 0.27721724 -0.7219653
19 -0.39145783 -0.17290649 1.0557269 -0.097172424 0.69917053 -0.08411281 0.37684476 1.3173763
42 -0.9100007 -0.22051375 0.8698431 0.3348903 -0.18842195 -0.29966617 0.3826479 -0.34857282
27 -0.6278453 0.54042226 0.05312563 0.88904417 -0.4598853 0.14304836 -0.4741145 -1.1300473
40 0.11523895 0.27906814 0.28046829 0.5245368 1.0320817 -0.10541609 -0.29798472 0.96956974
45 -0.3662381 0.7663336 0.05876032 0.70972586 -0.6329614 -0.10160145 -0.33324805 -1.0734009
24 -0.038853027 0.20363621 0.85426587 -0.21231432 0.8116662 -0.41313002 -0.0048318664 1.226006
43 -0.57147557 0.8314079 -0.05829654 0.7580458 -0.45581898 0.49468648 -0.1440896 -1.1219141
18 -0.27059078 -0.3351954 0.92523724 0.16830838 0.89928514 -0.27800924 -0.025456076 1.7151926
44 0.23024173 0.2439253 0.40677482 0.8611886 -0.120155014 -0.82141167 -0.7765555 -0.5459786
46 -0.7277811 -0.094863385 0.62761575 0.4860215 -0.40505427 -0.061918292 0.84008604 0.22177374
28 -0.55724967 0.08398152 0.50974286 0.73679006 -0.5556876 -0.38614017 -0.7043193 -1.1313027
26 -0.40311098 -0.48956424 1.007319 0.37188688 0.09703887 -1.18062 -0.30309153 0.23842771
15 -0.42051232 -0.36946183 0.90444005 0.30818295 -0.076624535 -0.71396315 0.5646624 1.286613
25 0.15961206 1.0635002 -0.07535396 0.22701827 -0.0010426751 0.44763085 0.051923007 0.7860338
31 0.13522996 0.35583287 0.12234255 0.78800356 0.6456341 -0.51314133 -1.050542 -0.121284045
17 -0.7485862 0.56187946 0.6115391 0.12159697 -1.036871 -0.12902586 0.05012109 -1.2166345
49 -0.4125472 0.99783814 0.06288523 0.592169 -0.7459017 0.7267275 -0.15616545 -1.2688302
6 -0.7586353 -0.8276533 0.9402146 0.78464544 0.11001168 -1.0467674 -0.012955891 0.118435584
22 -0.06629029 0.2335042 0.70315695 0.03565276 0.8178845 0.2526982 0.55387324 1.6053956
36 -0.23433876 1.0922811 -0.28479823 1.000102 -0.83020175 0.34539458 -0.2825291 -1.3261747
8 -0.5689749 -0.7004697 0.95113146 0.531738 0.356373 -1.2097971 -0.23398194 0.5974607
47 -0.07740724 1.2392629 -0.15582144 0.6593701 -0.34850585 0.5107219 -0.60361826 -1.2218572
48 0.082867034 0.80257666 0.02911043 0.80636144 -0.42120606 -0.066167094 -0.6342826 -0.8436788
14 0.053414665 1.7136172 -0.37309688 0.3129333 -0.6495628 1.0419253 -0.11477033 -0.45253322
13 -0.013635807 -0.13995765 0.69018066 0.4030563 0.98119867 -0.52112776 -0.1201314 1.3464589
38 0.23773582 1.5637866 -0.36170352 0.4589975 0.018766223 0.48951903 -0.7107695 -0.7194268
34 0.048480786 1.5177803 -0.28211263 0.6702715 -0.7907386 0.5685164 -0.5787975 -1.362509
7 -0.4308296 -0.39594987 0.9491387 0.09833105 0.6871644 -0.71910584 -0.55481434 1.1604524
41 0.0683167 1.424754 -0.4648688 0.8495746 -0.46596473 0.65036434 -0.4529402 -0.9814009
0 -0.3517227 -0.07960277 0.94177127 -0.063174784 0.82860655 0.14174365 0.5909346 1.7437726
10 -0.828093 -0.6616589 0.99261427 0.7230607 -0.21276568 -0.49730965 0.27309397 -0.42859083
29 -0.6013313 0.5932599 0.11164315 0.34224042 -0.36637458 -0.0069038593 0.06364412 -0.042187028
37 -0.35835487 -0.37639663 1.4582123 -0.25121137 0.46341598 -0.057454728 0.50364214 1.3017708
21 0.16063952 0.83134484 0.54795283 -0.38270408 0.7373684 0.22349426 0.67272824 1.8126651
16 -0.18346027 1.2611405 0.2915011 0.1171244 -1.3050004 0.24254483 0.39949214 -1.0378791
11 0.25870955 1.7958492 -0.3316758 0.5719651 -0.7664078 0.6185896 -0.34695202 -1.153011
35 0.23719518 0.53889865 0.53744984 -0.0185913 0.9335363 0.3791014 0.5127537 1.8469522
3 -0.0077639776 0.4479011 0.838752 -0.4168907 0.89315665 0.25669983 0.62897193 1.8962053
33 0.29810417 0.74810094 0.78832084 -0.47134405 0.7875674 0.26167977 0.7660014 1.7400364
12 0.41859233 0.7697574 0.6008105 -0.28460056 1.0475037 0.06519496 0.4172799 1.7677975
20 -0.7242084 -0.10623655 0.72907513 0.563601 -0.38462692 -0.3001282 -0.49369997 -0.97352886
5 -0.51046383 1.0107999 0.175308 0.423905 -1.4175798 0.69905204 0.15046954 -1.1226985
2 -0.01742588 0.00041113872 0.97136515 -0.06592399 0.92976725 -0.23916098 0.43665493 1.7186773
30 -0.26466966 -0.5518649 1.0537119 0.33959147 1.4104056 -0.56147975 -0.20331281 1.3741282
39 0.021597033 1.3625122 -0.51237893 0.8710848 0.0034261213 0.4794205 -1.1748999 -1.1134965
9 -0.13874856 1.7014111 -0.4427671 0.5944609 -0.8188712 0.7067846 -0.2505652 -1.0643066
32 0.039458185 0.2701552 0.8061018 -0.132672 0.9223863 0.117508635 0.83696574 2.1623523
