50 8
20 -0.21169852 -0.09940809 0.43875334 0.16356027 0.47261038 0.9614333 0.20687209 -0.06326582
17 -0.983089 0.43517622 0.4218634 -0.02331346 0.3808329 -0.8736464 0.59737396 0.9371807
1 -0.46322447 -0.035477158 0.7580472 -0.1376737 0.70845115 0.64292866 0.64677984 -0.26852697
27 -0.479731 0.11312586 0.5313252 -0.28009024 0.7270422 1.025282 0.7791932 0.023196116
36 -0.46430773 0.070413485 0.69036615 -0.2007087 0.71820915 1.0258892 0.5315934 -0.33099318
41 -0.07350736 -0.10877385 0.60836476 -0.0022110012 0.58583546 1.2240046 0.40644053 -0.3962206
28 -0.7269164 0.32165593 0.48577663 -0.330392 0.7790505 0.8206624 0.712383 0.11586288
45 -0.6455364 0.40587136 0.6057594 -0.43789712 0.6574219 0.9830895 1.0706391 0.023318278
14 0.7990702 -0.15719844 0.4910584 0.8259994 -0.35160154 0.42346928 -0.75101995 0.025680033
16 0.49715474 0.013451512 0.37044084 0.2611649 0.09636219 0.8218785 0.13690458 0.1051934
38 0.04563029 -0.06846169 0.7032881 -0.02563229 0.3844946 1.4611514 0.6220692 -0.50915474
46 -0.6752106 0.2154598 0.55825883 -0.36227062 0.964472 1.0343013 0.8237892 -0.1317495
49 -0.08918565 -0.44816366 0.8002984 -0.0700155 0.38412592 1.4966688 0.2798339 -0.4534095
43 -0.6681058 0.22401877 0.59154737 -0.3894518 0.86061716 0.91255945 1.0574201 -0.05321098
34 -0.0032133448 -0.35115355 0.82219315 -0.12958442 0.45491767 1.2325697 0.36703348 -0.3874931
48 -0.11951551 -0.08190147 0.70868605 -0.16464499 0.605032 1.5112019 0.58251303 -0.43054038
29 0.14729096 -0.29132026 0.49089292 0.28576705 1.0840285 0.65429133 -0.09502317 -0.5305783
19 0.4165541 0.18834758 0.32619956 1.0127696 -0.22787529 -1.2111381 -0.75734115 0.9304318
31 -0.7563551 0.32495213 0.52396727 -0.4896256 0.91375047 1.0187235 0.91868395 0.023447206
13 0.72240317 0.36887363 0.17413886 1.1499442 -0.307641 -0.83973515 -0.9188057 0.7963943
4 -0.10906033 -0.3484539 0.65256447 0.22666739 0.3334839 1.3023388 0.060777772 -0.4107295
6 -0.6626993 0.36972147 0.6990436 -0.38891557 0.592013 0.6905071 0.87407565 0.012304162
42 -0.600534 0.0145973535 0.5965905 -0.45459744 0.9980137 0.6599512 0.75030273 0.08388889
10 -0.39348975 0.6179075 -0.1133047 0.6838291 -0.18115142 -0.80736715 0.05257531 1.3523577
39 -0.5628644 0.35039836 0.426455 -0.2451458 0.6847196 1.3789902 1.0860325 -0.10784772
9 0.9056815 -0.41988316 0.5489412 0.85327244 -0.23538673 0.863963 -0.61599904 -0.3846595
44 -0.47248128 0.08092713 0.4824447 -0.21956807 0.89063495 1.2507939 0.68193954 -0.2162927
15 0.024223302 0.6165934 0.3119166 0.76266104 -0.6361346 -1.4480277 -0.25060406 1.4820306
18 0.2572514 0.38668132 0.20089811 1.0873791 -0.10436077 -1.5550147 -0.7537451 1.1385319
7 0.39969707 0.41598678 0.2430599 0.9362561 -0.37889457 -1.3130736 -0.41710603 1.183805
26 -1.0823804 0.44257084 0.33047655 0.06605268 0.26638663 -0.47774532 0.74354243 0.7656544
47 -0.3937378 -0.25272232 0.5685356 -0.10691122 0.96001047 0.9876359 0.5476608 -0.2941858
35 0.48856753 -0.04344071 0.5559047 1.0973201 -0.5351905 -1.3694708 -0.9169896 0.905653
24 0.5824733 0.40323204 0.24780746 1.2018373 -0.48796928 -1.3175315 -0.71102387 1.078806
8 -0.6187945 0.18844907 0.46797135 0.0056149284 0.4319521 0.16300821 0.6684039 0.33511946
0 0.18591109 0.568159 0.2342297 1.0197921 -0.44902977 -1.575798 -0.5554709 1.3826495
33 0.77379996 0.27314982 0.37029573 1.4247919 -0.70420843 -1.3065443 -0.8146926 0.90974337
25 1.1900306 -0.49551553 0.14257908 1.037408 -0.17531855 0.7519474 -0.920081 0.122035615
40 -0.48575646 0.115805134 0.47144732 -0.32364118 0.9605646 1.2104853 1.0389546 -0.15347427
2 0.5966797 0.32692307 0.3415506 1.1859281 -0.5730484 -1.4134499 -0.70092106 0.9802772
30 0.13746794 0.41333425 0.28752497 1.0205617 -0.2393395 -1.6535302 -0.43718722 1.0451673
32 0.5185944 0.36024284 0.32642978 1.1218421 -0.42376232 -1.486376 -0.74176663 1.0920354
37 1.15105 -0.45548537 0.35897416 1.2533603 -0.43264267 -0.6807471 -1.082932 0.64135695
21 0.7132517 0.080604054 0.15121806 1.3022944 -0.4459906 -1.068474 -0.8842461 1.0724142
5 -0.033497974 0.4168343 0.3615445 0.057929162 0.22439869 0.56306773 0.43816727 0.24070433
3 0.72308105 0.4936957 0.19756968 1.25286 -0.23783459 -1.4895808 -0.80452496 1.0256691
12 -0.07811484 0.74988973 0.11737874 0.87659746 -0.087762035 -1.791542 -0.2534056 1.4634391
11 0.27026507 -0.5296607 0.7576074 0.14111811 0.29173133 1.5989382 -0.17507306 -0.5654547
22 0.82813424 -0.1410575 0.3575019 1.2661657 -0.4053163 -1.0159283 -1.0611032 0.8030533
23 0.1332331 0.50154316 0.31251258 0.91882026 -0.2222622 -1.3001055 -0.5585636 0.95349556
