50 8
43 -0.27401158 0.16650261 0.39904904 0.4541511 -0.3911115 -1.0135237 0.025520936 -0.6289639
19 -0.26586097 0.07970592 0.4126256 0.42734757 0.6038525 -0.5769969 -0.40128574 0.4877315
26 -0.15167025 0.05938547 0.53920007 0.1464454 0.08843147 -1.0861464 -0.69852525 -0.33500317
31 0.072656974 0.73184735 0.08168977 0.20065528 -0.06685451 -0.5106417 -0.7981261 -0.2841696
24 -0.28272668 -0.12041404 0.7114505 0.45396432 0.8142257 -0.39512056 -0.33478034 0.9167868
40 -0.35265204 0.0006946947 0.6862752 0.15635152 0.8141984 -0.7652584 -0.37785146 0.4695971
18 -0.30957103 -0.09426011 0.7042241 0.24812177 0.8456838 -0.7916841 -0.3984178 0.8642331
8 -0.1058589 -0.015109321 0.4182235 0.26600027 0.3409143 -1.3830752 -0.5832748 0.019834364
41 0.06410804 1.3957125 -0.21690336 0.34634987 -0.5711488 0.10386132 -0.37285388 -0.6209371
6 -0.18400657 0.5027803 0.13137557 0.47831675 -0.63573956 -0.7999097 -0.12506875 -0.75362927
28 -0.26878178 0.33412197 0.38036907 0.52518404 -0.670889 -0.82545435 0.19466326 -1.0464047
39 -0.0063660033 0.19415754 0.36177185 0.18389285 0.742163 -1.013065 -0.5109773 0.90660065
15 -0.4405704 -0.3195704 0.7302322 0.5118661 0.37689686 -0.8404425 -0.114819884 0.028242417
1 -0.12937035 0.7665998 0.14164457 0.6516932 -0.67514926 -0.23694049 0.30893865 -0.9105617
7 -0.3818458 -0.11362349 0.5451547 0.41184416 0.72440356 -0.6336048 -0.36556768 0.96737415
16 -0.11530454 1.2032272 0.10599863 0.45488375 -0.89580977 0.21136162 0.14417331 -0.93034095
2 -0.12550035 0.1849831 0.5653338 0.1865288 0.7861042 -0.6071647 -0.43304166 0.9159066
17 -0.6656149 -0.10245843 0.4829315 0.6652139 -0.5614128 -0.49838707 -0.052201938 -0.7365171
23 -0.16576923 0.07397284 0.79314786 0.18105659 0.6673506 -0.37632132 -0.37542927 1.2102154
0 -0.37072462 -0.16875567 0.93063974 0.38369182 0.8533875 -0.227392 -0.03515694 1.3059876
44 0.19484814 0.61998063 0.11504468 0.10752402 -0.062753625 -1.0538056 -0.8104512 -0.3498571
30 -0.10062596 0.027134566 0.66297936 0.28523535 1.1111385 -0.5483456 -0.4053813 1.1055232
27 -0.5613876 0.7499366 0.04213467 0.8006153 -1.0504636 0.19038211 0.109538354 -1.2134037
45 -0.024347492 1.1691483 -0.15376844 0.63132006 -0.8551739 -0.20635137 0.081399925 -1.32147
42 -0.24959739 0.6135076 0.041541483 0.50986797 -0.7002246 -0.8932405 0.2673723 -0.83284056
13 -0.2567117 -0.13480745 0.60504365 0.4828129 0.91834325 -0.5836687 -0.33333433 1.025306
3 -0.36119395 0.24167283 0.92153484 0.45319325 0.94678706 0.8036021 -0.11299212 1.3915932
12 -0.36796802 -0.17510669 0.8152267 0.4698284 0.9896464 -0.31602383 0.074573755 1.4700882
20 -0.06596321 1.1681905 -0.05387169 0.4199944 -0.8503309 0.12645678 -0.36976823 -0.8677714
47 -0.5027784 1.0281663 0.04684925 0.81292766 -1.121487 0.44460705 0.28451732 -1.5191836
34 0.21351947 1.6553253 -0.2075919 0.57536215 -1.0026677 0.8527372 -0.20949297 -0.5457377
21 -0.50387174 -0.258668 1.1041081 0.43242833 1.0515699 0.21649837 -0.15443452 1.6771513
25 0.30089614 1.3214481 -0.20668939 0.20459498 -0.5242726 0.023111943 -0.6669172 0.2830014
10 -0.4831801 -0.359788 0.9276754 0.43277466 0.2536851 -1.0604919 0.37576303 -0.021273112
48 0.031811778 -0.01771477 0.30414113 0.40226427 0.12499406 -1.1715281 -0.74997497 0.17298819
32 -0.081070945 0.29779148 0.54694486 0.34173557 1.1333028 0.2244446 -0.6424147 1.6697979
14 -0.103871904 1.5472594 0.11270522 0.64482796 -0.3473167 1.7148689 0.2220708 0.41264528
49 -0.6779623 0.3859648 0.53310364 0.72309095 -0.8562056 0.39306182 0.32594296 -0.8558885
36 -0.11964037 1.1259023 -0.25826037 0.5559921 -0.80666053 -0.42884767 -0.048454396 -1.1701765
9 -0.43770868 1.1324061 0.42771554 0.6932474 -0.5982285 1.4722638 0.58967555 -0.028905712
4 -0.038754124 1.6421688 -0.16735725 0.59500086 -1.2350776 0.82371646 -0.11559715 -1.1737655
29 -0.17857273 0.73536044 -0.09497211 0.49302733 -0.9978343 -0.6257546 -0.18547444 -0.5934233
46 -0.54458624 0.9912744 0.19134775 0.8867285 -0.99169904 1.2992933 0.5210752 -0.10696945
11 -0.18561621 1.4186033 0.17761715 0.74051744 -0.88161206 1.587087 0.25682193 -0.2419332
33 -0.28951937 0.15218204 1.0513974 0.09817212 1.2883098 0.4064438 -0.5381412 1.7329315
35 -0.41934574 0.6830191 0.81754726 0.34291068 0.6914968 1.3119568 0.14446145 1.7269443
37 -0.5639765 0.24658844 1.1368432 0.57048506 0.6856327 1.1369218 0.6495072 1.3949292
22 -0.19493529 0.12947676 0.9867742 0.2154741 1.2537103 0.33638588 -0.422721 1.6385765
38 0.05265604 1.7081975 -0.36371154 0.4149421 -1.0831639 0.32543787 -0.32468635 -1.2188317
5 -0.98014295 0.01235467 0.9672619 1.0267942 -0.41750798 1.1338816 0.83654946 -0.39357084
