50 8
27 -0.5387535 0.22305827 0.46971363 -0.7708528 0.5891034 0.7412338 0.7480901 0.23421966
6 -1.1080639 0.7466954 0.16309223 0.39130577 0.45775563 -0.17816152 0.16960916 0.67405456
43 -0.59515095 0.16454501 0.49985176 -0.88198805 0.71358824 0.20014572 0.43951172 0.45759815
1 -0.5951291 0.09421029 0.45431077 -0.6350798 0.95246196 0.53058296 0.41132095 -0.10207537
25 0.9630514 -0.8796913 0.5540363 0.4432931 0.74385154 0.85787666 -0.6015305 -0.43000206
24 0.40261838 0.23978579 0.47909033 1.400499 0.21209943 -0.15091735 -0.7323773 0.46627247
28 -0.46390387 0.27904204 0.36282668 -0.77228457 0.36246464 0.7539963 0.513528 0.61551934
15 0.036453538 0.25423276 0.48956865 0.19920535 -0.23188175 0.9188588 0.40850416 0.5180934
7 0.26224238 0.13667093 0.16289859 1.3956674 0.07345409 -0.5402716 -0.40143743 1.2934744
39 -1.203982 0.6599882 0.23414133 -0.40147305 0.6133792 -0.0020670888 0.49972382 0.6758989
31 -0.8641433 0.5909283 0.0032899817 0.29544073 0.12799378 0.14506282 0.20478047 1.0405843
26 -1.0881468 0.7264846 0.1778152 0.092212185 -0.006307091 -0.0568272 0.5458862 1.2188643
4 -0.3677949 -0.39592248 0.7005236 -0.9902979 0.34891242 1.1692263 0.54984754 -0.044402536
47 -0.32810163 -0.4937159 1.0697817 -1.0414459 0.35093784 0.8379223 0.42164773 -0.23291303
42 -0.824933 0.25328052 0.57245374 -1.0611714 0.8111542 -0.0745603 0.4839013 0.5596157
41 -0.8057337 -0.22627197 0.50029755 -1.2365375 0.66414875 0.8680671 0.7655898 0.16283053
23 0.25911286 0.46783566 0.464513 1.5687025 0.34760007 -0.2720495 -0.8014217 0.32742935
38 -0.34393522 -0.21524298 0.633713 -0.77062297 0.6056079 1.4281471 0.6558803 -0.44380578
46 -0.5593705 0.33349022 0.89650106 -1.1169211 0.59325457 0.6582237 0.34707826 -0.089876145
16 -0.37909496 -0.37020853 0.60194457 -1.0715836 0.81827426 1.0852972 0.16673456 -0.30423436
36 -0.45334345 -0.67212653 0.98804307 -1.3324703 0.41488114 1.2661078 0.40902925 -0.35115743
19 0.27220237 0.059247002 0.21036412 1.3910319 0.42881024 -0.46243492 -0.63827467 0.79836553
14 0.8562772 -0.84369123 1.2006392 -0.4342544 0.2783248 0.8080324 -0.40665954 -0.33436793
40 -0.8089355 0.89746755 -0.32039252 1.0189376 0.31868434 -0.14836195 0.22383836 1.238772
9 0.6427209 -1.0119478 1.2139885 -0.48791993 0.23499563 0.62643844 0.024964059 -0.16062076
8 -1.0410742 0.9976522 0.08739632 0.77444094 0.29192308 0.025701731 0.2854382 0.6619983
49 -0.15727566 -0.62261915 0.8763588 -1.1990857 0.40328577 1.1644087 0.45515186 -0.12391547
18 0.37126034 0.5344288 0.2597142 1.4248599 0.43200505 -0.7678884 -0.6641983 1.0625701
29 0.756526 -0.89045 0.8060665 -0.117322765 0.75185376 0.63366586 -0.57766575 -0.39428002
34 -0.016352007 -0.7962449 1.0115561 -0.9731302 0.4230446 0.675812 0.16859163 -0.109118566
35 1.0190144 -1.0870461 0.2487822 1.5925595 -0.17899211 0.3444017 -0.50307643 0.7736224
45 -0.15937513 -0.54652166 0.82805806 -0.80257356 0.21224698 1.335609 0.39851588 -0.2657343
11 0.687204 -1.3123014 0.9887473 -0.9450634 0.5198481 0.7457708 -0.24311505 -0.077348545
13 0.4036961 0.29577282 0.36852476 1.245292 0.4142313 -0.71476585 -0.80948585 0.89781344
10 -0.6157374 0.44234633 0.36791256 0.8602444 0.094530836 -0.42533484 -0.18513796 0.869242
33 0.7425673 -0.95951766 0.054103192 1.5259745 0.09343233 0.41952062 -0.59298503 0.6588172
5 0.97985333 -0.36273566 0.76183015 -0.60167336 0.31069458 0.55702317 0.043102134 0.6050603
30 -0.2007389 0.6005352 0.65107566 0.66176194 0.32481983 -1.0524368 -0.17157488 1.0138186
2 0.18838777 0.21857405 0.37215537 1.5369841 0.27608702 -0.65273213 -0.70090485 0.7978049
21 1.156079 -1.1731085 0.480782 1.2527778 0.15080997 0.32056925 -0.8184762 0.3414976
17 -0.7966574 0.148426 0.29255232 -0.9783974 0.28708544 0.4332128 0.87038463 0.9980254
20 -0.745956 -0.31125435 0.28274566 0.046021946 0.4502783 0.99167717 0.14662103 -0.22869031
3 0.66649824 0.02169834 0.7221187 1.5784985 0.023354003 -0.037834805 -0.8613608 0.27444714
22 0.8412482 -1.0273783 0.12094439 1.521185 -0.0075534815 0.27940026 -0.609935 0.78783995
44 -0.8490017 0.55281574 0.6181384 -0.017056596 0.7477991 -0.08253309 -0.01706258 -0.059668444
0 0.49901012 -0.0035260727 0.17529057 1.5632663 0.2233366 -0.3598245 -0.72463864 0.9575574
12 0.24691428 0.3699044 0.23819739 1.8460749 0.5279095 -0.5217777 -0.79949576 0.5150061
37 0.9082938 -0.902847 0.48508972 1.2434336 0.11001669 -0.39598945 -0.701053 0.92633146
32 0.790984 -0.49681434 0.06059298 1.6879674 0.2294677 -0.07607784 -0.7588108 0.8880091
48 -0.719041 -0.092999004 0.40870452 -1.0465816 0.729064 0.7415382 0.44334105 0.15647121
