50 8
27 -0.5078143 1.2985755 0.55955786 0.8908476 1.0251855 -0.87222666 0.22779626 -1.1552223
43 0.70349467 1.3312105 1.1488175 0.6456766 0.83878917 -0.27979374 0.5703112 -1.3610724
14 -0.92677444 0.27703062 -1.6850857 0.009592536 -1.0299784 0.23643668 -1.3985318 1.7351769
28 -0.22741424 0.88139296 0.5259964 1.2018313 0.75979555 -0.94132286 0.21775205 -0.8849135
36 -0.35845822 1.133458 0.49013597 0.98400974 0.63781214 -1.281885 0.35710344 -0.4955194
21 -0.3163389 -1.1763643 -0.57913584 -0.16164377 -2.371585 1.2719406 -0.5486002 1.1396146
31 1.0025429 0.89374816 0.82236683 -0.07716548 0.45549843 -0.04239114 0.43262485 -2.2806153
9 -1.1303016 0.12853281 -1.1527276 0.4658654 -0.7094717 -0.53706646 -1.9769425 1.6140695
34 -1.6725633 0.8367036 -0.31971437 0.8736899 0.0951104 -0.6717762 -0.22456273 0.732
11 -1.8616564 0.3431531 -1.4877497 0.21859752 -0.7326845 -0.2833415 -1.4871031 1.5215522
15 1.0311077 -0.5101003 1.9415293 1.5704367 -0.604531 1.2271651 1.0836762 -0.47217938
39 0.39766032 1.4434259 0.38641506 0.42008153 0.8199135 -0.568165 0.84465516 -1.5699134
37 -0.22132064 -0.049626604 -1.6612686 -0.74436945 -1.8043231 1.3164922 -0.92229223 1.3745395
1 0.4622047 1.3005338 0.58680725 0.4876466 -0.17747739 -1.5891712 1.3414541 0.21911927
3 0.953233 -1.6853417 0.7687766 0.7866138 -2.5356488 1.6369578 0.9189889 0.5571982
33 -0.5440893 0.25210392 -1.5222974 -1.4292383 -1.9194463 1.194108 -1.1007926 1.3973984
24 0.85200834 -0.42141593 1.3093394 0.25166008 -2.502898 -0.28346968 1.7960652 1.6582079
38 -1.5131555 0.28186795 -0.041721564 1.187319 0.16001497 -2.057775 -0.49507946 -0.075973056
6 0.59590256 0.8802482 0.3002595 0.027072158 0.8803095 -0.107397065 -0.3857891 -2.473455
42 0.42781016 1.1991034 1.0740011 0.4055698 0.52469283 0.06812756 0.8327135 -1.2916847
41 -0.6311146 1.4157728 0.22679433 0.7385703 0.7717323 -1.5453795 0.2921066 -0.5787225
4 -1.8762976 0.28997707 -0.58098006 0.6422519 -0.17198473 -1.3786466 -1.0144942 0.40240148
2 1.4017973 -1.6825216 0.25886226 1.5516574 -2.0644178 1.4739466 0.7620869 0.71693754
16 -1.7246627 0.82228625 -1.0010244 0.6965913 0.3069956 -0.7608542 -1.6590878 0.8916082
12 1.3531735 -1.9057565 1.2519262 0.8614412 -2.2187517 1.6039428 0.6586486 -0.3303763
0 1.0481381 -1.3377959 1.2789146 1.5967205 -1.1110709 1.8392843 1.0400044 -0.95642483
18 1.6112702 0.45099312 -0.3758176 -1.6839731 -0.5888814 1.3632778 -0.79546803 -2.0053835
26 0.71264017 0.73777306 0.98239 -0.032078102 0.7465831 0.61882806 -0.61963975 -2.319314
17 -0.06067867 1.3454955 0.49346143 0.8923977 1.045703 -0.27260742 0.27357367 -1.0812608
40 0.7758011 0.7478396 0.76617736 0.3391642 0.41238892 0.35137644 0.57106423 -1.945378
19 1.1082543 -0.75797826 0.09755049 0.4793282 -2.3458061 -0.13875411 2.18232 0.54283875
7 1.3948605 -1.8014274 0.544977 -0.06729528 -1.5735359 1.0593841 -0.8075114 -1.9352937
22 -0.15464322 0.55897176 -1.68132 -1.6805695 -1.8509448 1.7313237 -0.4522482 1.1450883
23 0.72793615 -0.13590938 0.10551091 0.6906361 -1.7819358 -0.7490584 2.1847765 0.83646995
32 -0.11752815 0.8403211 -1.4518734 -1.9353904 -1.8382043 1.7146357 -0.51761043 1.2921668
20 -1.6091309 -0.2750952 -0.78054893 0.56427354 -0.089499995 -1.0903889 -2.191357 -0.22275215
10 0.58223957 -1.3415769 0.3319653 -1.1531894 -1.5974077 -0.5711872 -2.4335356 -1.3319501
8 0.4606584 -0.2412901 0.8148028 -1.9137304 -0.7631679 0.6181366 -1.4327931 -2.7853696
30 1.3399485 1.3970743 -0.2822439 -1.4075273 -0.020556113 1.1049703 0.30535182 -1.810238
29 -2.0166101 0.22529875 -0.964598 0.07263878 -0.7789259 0.1773211 -2.258284 1.7958887
13 1.3015184 -1.1332003 -0.9409389 -1.3429804 -1.6409959 0.9927607 -2.5102885 -1.1110104
5 -1.3172762 0.3733394 -0.8917412 0.4824057 -0.21152526 0.15527499 -1.671207 1.0424716
25 -1.6412911 0.5709769 -1.3878365 0.2157437 -0.5595685 -0.08189531 -1.3373742 1.5964398
49 0.38365814 1.0293702 0.5233972 1.3474847 0.47097114 -0.457649 0.89608085 -0.18708153
44 0.93535095 1.6832153 0.3651846 -0.11720122 1.0075907 -0.24257575 0.26546884 -2.065571
45 -0.3015713 0.7938165 0.36519578 1.3015028 0.7008857 -0.5522457 0.6702007 -1.045413
35 1.0577456 1.1287321 -1.2673578 -1.7109892 -1.5949913 1.7997891 -0.016004074 1.2630339
47 -0.21442091 1.7034018 0.2221665 1.1944454 0.99963737 -0.8531377 0.7222585 -0.26920462
46 -0.15548636 0.48521984 0.5733976 1.4586781 0.45472533 -0.47513118 0.5903683 -0.8278819
48 -0.4921471 1.4466958 0.6431231 1.1471249 0.8643439 -0.9298735 0.72008115 -0.38144854
