50 8
49 -0.859671 0.23867606 0.4383159 0.26231068 -0.25612155 -0.2275624 0.03538983 -0.9046068
43 -0.46947062 0.5812421 -0.50599086 0.72136104 0.44459936 -0.7690369 0.015516839 -0.5653139
4 -0.9422734 1.0206951 -0.22601588 -0.010324742 -0.21322908 0.0142242685 -0.03485677 -0.52196467
2 0.028691787 0.1192109 -0.0946557 1.2132958 0.67704153 -0.51171976 -0.12101749 0.43656555
48 0.058202386 0.23491317 0.14654505 0.64937216 0.021884905 -0.64330155 -0.121143095 0.4752544
19 0.23585479 -0.51283467 0.6686666 1.116847 -0.20186004 -0.5940936 -0.5357915 0.5174901
23 -0.6510523 0.3566126 -0.21490976 0.73702246 0.13560194 -0.67406046 0.26916617 -1.2158469
31 -0.9703424 0.9192494 -0.58678925 0.4831899 0.23258217 -0.33824342 0.110716835 -1.2743064
15 0.45634365 -0.56485784 0.9652941 1.0912986 -0.11172595 -0.552415 -0.2131012 1.1714298
36 -0.6498464 0.6677122 -0.38769367 0.6804332 0.108492605 -0.3223231 -0.006175641 -1.0902356
12 0.34212682 -0.3027773 0.2811006 1.2851639 0.4952145 -0.89403254 -0.23133536 0.62225324
1 -0.9260753 0.8106982 0.115123965 0.23779851 0.029093498 -0.039424594 0.16619717 -1.2491041
17 -0.3172411 -0.48827416 0.78887 0.6490265 -0.36039877 -0.603839 -0.46570858 -0.2810804
46 0.25225523 -0.4674479 1.1250544 0.6493969 -0.7374044 -0.28225932 -0.28817746 1.1143203
35 0.2901312 -0.33716723 1.1979243 0.6087167 -0.46387744 -0.31848097 -0.24170333 1.251209
33 0.3785845 0.20308617 0.73309124 0.38737363 -0.18760607 -0.39387175 -0.12887438 1.9473425
6 -0.6382868 0.7717344 -0.29418457 0.5113292 -0.024942582 -0.26143914 -0.105536714 -0.9805247
24 0.2144842 -0.47478765 0.57230914 0.96837723 0.037490457 -0.9967002 -0.47446406 0.39533412
5 0.17490302 0.0059538553 0.7859451 0.44948035 -0.56026334 -0.23151535 -0.02337131 1.21466
41 -1.0236924 1.3847096 -0.6485245 0.13781005 0.15367 -0.069491826 0.19019875 -1.0571893
42 -0.8935835 0.1223553 0.6336061 0.5605942 0.1607688 -0.0038632264 -0.071577065 -1.342036
16 -0.45242462 0.29637888 1.3935913 -0.45366564 -1.2108517 0.07777368 0.15942736 0.025418539
10 0.39524406 0.2355548 0.21327718 0.92769575 -0.08970796 -0.25500193 0.07238368 1.2377925
9 -1.1159999 1.2059721 -0.10052453 -0.3684812 -0.5804578 0.41177073 0.57468 0.013133692
32 0.613373 -0.18414839 0.7463841 1.0892681 0.29724154 -0.47398293 0.007850725 1.9527788
27 -1.1535288 1.2531801 -0.49675313 0.08064314 -0.009975486 -0.032700565 0.2393528 -1.2948127
47 0.10459221 -0.77672195 1.3382976 0.9478018 -0.3026036 -0.28723362 -0.39134938 0.70162827
0 0.5156583 -0.25816643 0.8081568 1.0234762 0.21872528 -0.57460696 -0.38698685 1.4945077
34 -1.193449 1.0991929 -0.4050439 0.18394314 0.13426019 -0.20542267 0.048151985 -1.6412678
8 -0.6335807 1.0909667 -0.29689065 0.28070584 0.10099051 -0.17287922 -0.07804754 -0.87540853
13 -0.036403153 0.89549375 -0.33936983 0.5188728 -0.03465466 0.053875353 0.41934872 1.5374353
26 0.11808497 0.026154853 0.99693793 0.46196118 -0.35402334 -0.02317444 -0.36461052 1.3093245
20 -0.7281259 0.8730674 0.0015990313 -0.04807247 -0.27283013 -0.299816 0.015216759 -0.68634784
44 -1.02039 1.2755708 -0.23897679 -0.10059259 -0.2747834 -0.059437137 0.06465495 -1.4137442
3 0.44374496 -0.17750819 0.6076329 1.0001655 0.067237705 -0.43386713 -0.60637003 1.3673474
28 -1.0188904 0.98995143 -0.2161727 0.14991358 -0.29589817 -0.2635191 0.18800727 -1.7222251
40 -0.7805466 0.81581104 -0.3880008 0.61745125 0.5654709 -0.6132321 0.25647736 -1.4660741
39 -1.0183998 1.1473737 -0.58590215 0.21853349 0.06599681 -0.43652993 -0.0020531637 -1.4991748
29 -1.2423042 1.593689 -0.27041063 -0.5465073 -0.57035416 0.2623291 0.6485083 -0.69997495
38 -1.0273396 1.5078119 -0.7540517 0.14624755 0.13278064 -0.17248581 0.23071922 -1.5142025
21 0.121905215 0.37888277 0.38335603 0.4365866 0.042970754 -0.25553462 -0.33324796 1.5956377
11 -0.5248355 0.42849293 1.1715616 -0.42861632 -1.3111341 0.5445323 0.30825335 0.79009783
45 -0.8707572 0.8274126 0.26183078 0.060713664 -0.16423814 -0.054017846 -0.025226865 -1.3422788
18 0.14594865 -0.05470857 1.4029684 0.18353571 -0.69245464 0.045648787 -0.4425054 1.2992628
22 0.25508755 -0.47009337 1.4762641 0.5989936 -0.62611276 0.006717429 -0.14402187 1.5815914
25 -0.3781544 1.1180849 0.5385396 -0.5198963 -1.1021757 0.66382396 0.034408692 1.4320153
7 0.48760772 0.16846183 -0.083714716 1.1796201 0.33446023 -0.48731828 -0.313713 1.5055972
30 0.35593286 -0.13564716 1.3088176 0.4766561 -0.57215726 -0.04896871 -0.33571178 1.3011173
14 -0.8950762 1.166957 0.024488134 -0.38657266 -0.61229503 0.35604134 0.44180828 0.2706519
37 0.11534195 -0.41060716 1.665496 0.3955262 -0.7926447 0.23160033 -0.036470942 1.700033
