50 8
46 -0.4199113 0.70073295 0.9110411 -0.6054171 0.12447772 -0.11212349 0.17206171 -0.119639374
42 -0.8769276 -0.14478868 0.21214782 -0.13692573 0.71305007 0.49269557 0.80141836 0.51400894
6 -1.1583492 0.18880276 0.3287356 0.42239365 0.26639202 0.3115061 0.43667045 0.51527226
24 -0.18573952 0.7021755 0.38802025 0.9793348 0.46833044 -0.50077397 -0.6303797 0.6077365
13 0.29532436 0.13439539 0.3645083 1.149987 0.538616 -0.06399584 -0.77107626 0.6588375
45 -0.7151149 -0.058283485 0.32754385 -0.305502 0.47377566 0.78281116 1.121652 0.40259656
36 -0.5979435 0.1657783 0.48681918 -0.92165536 0.5409016 0.76374495 1.4669039 0.12274434
43 -0.6151026 0.033482216 0.32672167 -0.5074708 0.64983505 0.762659 1.0875062 0.21551073
23 -0.49681816 0.41372657 0.28237617 1.2555531 0.4883623 -0.13857959 -0.70438826 0.5116182
28 -0.9772784 0.26307514 0.21906237 -0.56562257 0.7105431 0.5785406 0.99070483 0.30810985
27 -0.36775318 0.31166372 0.738484 -0.9817538 0.20712009 0.7175649 1.1674527 -0.036596656
49 -0.28962427 0.16742538 0.78192484 -1.0935351 0.40078554 0.53259176 0.88271797 -0.12874942
18 0.530011 -0.22485696 0.39942005 1.2764101 0.5167378 0.36187178 -0.789203 0.49926624
38 0.32085535 -0.13731 1.0036967 -1.0873921 0.23190175 0.87098956 0.6342925 -0.3536861
40 -0.21166751 0.1218705 0.1015025 1.5095625 0.6394659 0.26725993 -0.08039775 0.6268024
1 -0.7552834 0.37372077 0.533667 -0.47724742 0.21603853 0.47340128 0.8207733 0.28640026
14 0.81726855 0.615406 1.2648522 -0.5925645 -0.20583095 0.1162374 -0.8426622 -0.36559615
34 -0.055556267 -0.088265836 0.95244735 -1.293938 0.12073569 0.779106 0.83706045 -0.050759513
19 -0.16040859 0.63820136 0.5549325 0.78429884 0.39531463 -0.8541714 -0.98116356 0.7251671
12 0.25834924 0.36288095 0.33387035 1.4489439 0.75667953 -0.40227923 -0.85199684 0.5638565
48 -0.045972507 -0.6373011 0.14178088 -0.023635445 0.9354496 1.0200018 0.69299936 0.41306853
29 -0.18588747 0.582722 0.848007 0.30860153 0.11484625 -0.726353 -0.19401455 0.42304483
26 -0.6981833 -0.3090927 -0.042138606 0.94456124 0.7499955 0.5856876 0.385596 0.7906848
16 -0.035617 0.1805287 1.0001119 -1.3044984 0.027186584 0.7284421 0.3920754 -0.2108071
17 -0.33770037 0.3132292 0.6964418 -0.9186862 0.439484 0.28686053 0.71690774 0.0186282
31 -1.2465035 -0.27385718 -0.083368845 0.6507109 0.68334866 0.596543 0.53555745 0.89235973
10 -0.61746347 0.8039932 0.97179353 -0.16460484 -0.47945467 -0.32002664 0.13430764 0.46079087
41 0.18684801 -0.3698837 0.81097776 -0.9434186 0.3394178 1.1565087 0.833455 -0.2272636
2 0.528854 0.16624245 0.8360647 0.8532813 0.121080145 -0.40004945 -1.4578521 0.49973512
39 -0.34678555 -0.35269147 -0.032029375 0.39513794 0.8842637 1.0255346 0.7180876 0.5217744
44 -0.61770326 -0.8482781 0.18178615 0.074271865 0.79021084 1.0640161 1.0733235 0.49957776
7 -0.31065363 0.60145336 0.2117616 1.3793038 0.51088935 -0.36151132 -0.7226887 0.80596644
0 0.35370058 0.4684758 0.55399 1.0833911 0.50160563 -0.31809276 -1.3790115 0.33466104
21 0.44842607 0.38663763 0.63584226 1.1774733 0.26172528 -0.43590978 -1.4407818 0.6163442
8 -0.76233065 -0.17041269 0.023079887 1.3084553 0.448936 0.5236297 0.14893112 0.8595707
3 0.48299804 0.6157491 0.73257047 0.82232124 0.24372827 -0.6205417 -1.3175632 0.5575428
30 0.29581198 -0.13523427 0.28516498 1.8237529 0.7060077 -0.10535283 -1.0468618 0.72593707
35 1.2000288 0.08313932 1.0010196 0.5963349 0.18358096 -0.101077214 -1.0981822 0.051099464
20 -0.18684068 0.08951603 0.9694798 -1.1373327 0.030033065 0.29748031 0.8670482 0.2223203
4 0.6687702 0.02892032 1.2301246 -1.526514 0.081394196 0.43788934 0.22715846 -0.27775142
25 1.5258914 -0.36313325 0.8768037 0.18280658 0.24120916 0.7643418 -0.82185626 0.0036450874
15 -0.7613643 1.1219796 0.71110755 -0.03010827 -0.0096671535 -0.31851667 0.17590487 0.20085107
33 0.9536902 0.277648 0.9939728 0.80055016 0.16941199 -0.4088228 -1.3833463 0.21714845
47 -0.6241193 -0.05603906 0.5479725 -0.68143106 0.63277984 1.0128127 1.1022063 -0.30973414
37 0.54041684 0.08707292 0.7437929 1.2876135 0.14119895 -0.4652211 -1.2693295 0.745431
32 0.884075 -0.13433516 0.45312753 1.3586196 0.5649272 0.47333714 -1.3684818 0.2586323
5 0.09241746 0.5105504 1.0920289 -1.8664107 0.09283144 0.20036162 0.6649582 -0.0474677
22 1.3403128 0.112287454 0.9122362 0.7814854 0.24616581 0.061435815 -1.4716582 0.060939517
11 0.62636894 0.13710144 1.362325 -1.6750219 -0.15487091 0.6427837 0.17354745 -0.4294425
9 0.5960679 0.33071548 1.2484002 -1.1744373 -0.17118266 0.407222 -0.054401435 -0.27824917
