50 8
1 0.23992865 0.8369699 0.20000318 0.63204205 -0.64831054 -0.29229894 -0.4343346 -0.64816314
23 -0.7312176 0.29429555 0.49792364 0.22913338 -0.1294247 -0.6128541 0.14254364 -0.40322345
29 -0.7185954 0.27671972 0.21245281 0.2855623 0.09006393 -0.6638027 0.1454871 -0.08786677
17 0.1294201 0.54267013 0.72475046 0.5811942 -0.2967207 -0.003814094 -0.124179214 -0.60690856
28 0.25369367 0.6735256 0.5207572 0.61831695 -0.9388654 -0.6423519 -0.29821447 -0.9085809
36 0.17791998 0.83604145 0.26557764 0.7231363 -0.8049224 -0.30186343 -0.32530293 -0.9014722
27 -0.28719863 0.73996156 0.056447566 0.49597687 -0.9093831 -0.5773026 -0.5938265 -0.8488299
45 -0.20866357 0.82636625 0.19023281 0.45528597 -0.6882693 -0.57169527 -0.44947353 -1.0583106
19 -0.44868907 -0.056293517 0.6594233 0.4438935 1.0026932 0.5561077 0.41928297 1.2023919
26 -0.93233865 0.11879707 0.34803405 0.04346844 0.62235224 -0.8036047 0.019563587 0.03655722
43 -0.44672546 0.52167094 0.43898723 0.43837008 -0.74559563 -0.46104875 -0.35443908 -0.80236727
42 -0.24428256 0.30577612 0.6376471 0.39539397 -0.04807213 -0.4449589 0.1547566 -0.41795507
0 -0.27758458 -0.057736445 0.7928013 0.4476549 1.0069422 0.5107967 0.4008487 1.3556718
46 0.7112841 0.6622976 0.7040286 0.7344147 -0.7209907 0.51049614 -0.13042721 0.3213665
41 0.06297883 0.8822768 0.17725572 0.54700786 -0.7375672 -0.49141043 -0.13977394 -0.84363997
16 0.54869324 0.7146551 0.63769126 0.60280895 -0.5876022 -0.17166516 -0.19875664 -0.45946532
24 -0.68862313 -0.18187103 0.64153844 0.43901724 1.248883 0.2893065 0.27439702 0.79271364
10 -0.58299005 0.025109395 0.54851884 0.20071718 1.0425438 -0.39838594 0.511291 0.63666195
6 -1.1454239 0.19212505 -0.017808778 0.23870495 0.03921312 -1.1553389 -0.24734335 -0.6260085
18 -1.1702383 -0.12915096 0.4064402 0.1114378 1.3875407 -0.020800482 0.5146363 1.1900494
40 -1.182126 0.29453847 0.01679636 0.09965264 0.53242016 -0.8050333 -0.1495965 -0.32191986
31 -0.80458134 0.30506262 0.11475535 0.30456197 -0.070104636 -1.061006 0.1122545 -0.5181397
44 -0.54977226 0.7515873 -0.09034021 0.28139383 -0.9479905 -0.8912824 -0.57189417 -0.6124772
12 -0.8475915 -0.13865015 0.23319931 0.2598193 1.1919965 -0.27179757 0.4937396 1.3699297
13 -1.19168 -0.106362805 0.1411562 0.14536224 1.3913406 -0.24883251 0.44440535 1.2006605
14 0.49367043 1.0685681 -0.04817618 0.5986999 -0.54181814 0.8722202 -0.6256814 0.69139415
25 0.19632268 0.76125157 -1.4957954e-05 0.35432383 0.10915736 0.82770497 -0.6636089 1.5647614
7 -1.1520802 -0.05500306 0.15827955 0.122532465 1.3013744 -0.114199154 0.2638265 1.3164874
34 0.54043514 0.9087662 0.3535792 0.87460893 -0.93286586 0.09439244 -0.45898205 -0.7919035
39 -0.74909246 0.7354081 -0.21535677 0.18233569 -0.7583959 -1.207442 -0.40469944 -0.75815505
2 -0.23573588 0.0648968 0.5284832 0.36774087 1.4348601 0.46616587 0.4201185 1.4694889
30 -0.94648933 0.04288101 0.15633374 0.13999723 1.5613979 -0.08684314 0.40678927 1.3916771
49 0.44282532 0.87709975 0.17731078 0.98035896 -1.0781801 -0.049454875 -0.8646975 -0.9878499
9 0.5175233 1.1489493 0.0004007192 0.72024524 -1.2862663 0.418274 -0.6227179 0.1075435
48 0.10506463 1.2051387 -0.24035454 0.55548096 -0.96081537 -0.7564592 -0.62637496 -1.0667822
38 0.21804632 1.0390239 -0.049053695 0.6127413 -1.0697337 -0.6040635 -0.38608295 -0.7266842
20 0.0033400622 0.74266165 0.1450457 0.51356953 -0.8645147 -0.7202165 -0.63639545 -0.72717255
21 -0.40658018 0.10328829 0.25853997 0.32632312 1.5246886 0.16676323 0.21505201 1.3835093
47 0.24698508 0.96331847 -0.018063553 0.8037551 -1.0177535 -0.34809646 -0.65844524 -1.0015401
15 -0.46448553 -0.23597495 0.6892035 0.45426008 1.0156077 -0.14671999 0.25109825 0.64502877
4 0.8898352 1.012462 0.35438567 0.94603175 -1.4229947 0.16061321 -0.54030615 -0.46846774
3 -0.18107098 0.17528708 0.6037642 0.45317435 1.4863402 0.82112324 0.4994185 1.4079788
37 -0.7412399 -0.0068203933 0.5293294 0.16434775 1.4299519 0.14235203 0.7826883 1.5848678
8 -1.2190566 0.14038378 0.11463639 -0.088956736 0.8629367 -1.1418923 0.1530239 0.058016233
22 0.028862089 -0.04574292 0.71689177 0.68986446 1.2367551 0.7519729 0.32659963 1.2570786
11 0.7900139 0.94867414 0.2856996 0.893853 -1.3860599 0.47306612 -0.8067404 0.08075922
5 0.6684235 0.85519105 0.4476772 0.75422966 -0.91847354 0.30277172 -0.3968934 -0.060224373
33 0.21240534 0.35607737 0.45637485 0.4894369 1.3161521 0.77619207 0.33216906 1.8107184
35 -0.57543427 0.043533362 0.13952084 0.30538967 1.6245576 0.26443028 0.4146199 2.1341283
32 -0.92088026 0.022904085 -0.050460108 0.30780447 1.3722974 0.12610532 0.6435166 1.8934785
