50 8
43 -0.075139314 0.9902326 -0.3177251 0.6921057 -0.8026823 -0.06927299 0.03686565 -0.2266529
46 -0.5129485 0.101807654 0.9683627 0.4077777 -0.22283891 -0.27255622 -0.042837366 0.22122431
19 -0.48046795 0.36482 0.46204728 0.35926536 0.5132305 -0.16460758 -0.0944034 0.31603044
29 -0.23452719 0.52640086 0.031098627 0.68740314 -0.49043298 -0.44823632 -0.17974421 0.083590955
1 0.09630855 0.80788386 0.18695056 0.8607053 -0.89844084 -0.016011894 -0.03557359 -0.5479651
15 -0.51764256 0.27457494 0.25412628 0.69083565 -0.30469513 -0.755493 -0.24516906 -0.177787
28 -0.09446223 0.4895871 0.42141214 0.62959105 -0.86127156 -0.6066022 -0.24594633 -0.039599955
6 -0.96497303 -0.06648952 0.20202291 0.64102507 0.5004719 -0.79906464 -0.5995106 0.025975069
39 -0.3228683 0.803367 -0.4976327 0.10548284 0.26402736 -0.23861685 -0.5423569 0.884594
42 -0.59596026 0.20576163 0.103480004 0.61035115 -0.18937765 -1.3430767 -0.6275741 -0.08098083
45 -0.24015087 0.52540314 0.07757486 0.84299767 -0.52283347 -0.44308046 -0.53544897 -0.66349494
27 -0.035441935 0.76992184 0.30946288 0.6582567 -1.1617492 0.033219215 -0.4001943 -0.63120824
30 -0.779865 0.30112717 0.21988088 0.2491685 1.3912051 -0.0409326 -0.054759763 0.6546592
26 -0.85848534 -0.05307416 0.2039082 0.593973 0.37143177 -0.96183795 -0.74702203 0.010834072
20 -0.07157988 0.6586719 0.16372369 0.85028046 -0.88917273 -0.35476935 -0.2864363 -0.6240392
49 0.06452722 0.7308502 0.4498627 0.6987143 -1.2656856 0.26911247 -0.35501283 -0.49676454
4 0.107051305 0.7558126 0.67003626 0.6536614 -0.9405384 0.22107111 -0.21316312 -0.66910213
23 -0.44677734 0.5318143 0.50105226 -0.007903396 1.2375182 0.49658373 0.21759386 1.0657682
25 -0.29990032 0.65680605 -0.16075082 0.6017395 -0.47975898 -0.024807729 -0.2950461 -0.0361468
16 0.295019 0.87415624 0.7572411 0.5259526 -1.2158114 -0.19674538 -0.16290112 -0.5037318
40 -0.8267191 0.25545487 0.25370178 0.09609692 1.282632 -0.4791141 -0.011465385 1.0616224
18 -1.05993 0.054240305 0.179811 0.27309126 1.470455 -0.4652967 -0.0751461 0.8707867
12 -0.6008449 0.32987374 0.056173548 0.17778833 1.2335829 -0.40109244 -0.16034116 1.1209016
0 -0.53842705 0.09827931 1.1640818 -0.14011404 1.5157923 -0.08938908 -0.080282174 1.2156429
24 -0.7669371 0.30659875 -0.18170892 0.4585795 0.8428774 -0.30869442 -0.39471945 0.38932657
7 -0.9668904 0.09661424 -0.17186525 0.446616 0.86167455 -1.0095408 -0.8644431 0.25972265
11 0.5156864 1.1635846 0.60187393 0.50448537 -1.181006 1.0016917 0.14855213 -0.23061055
44 -0.581431 0.25616673 -0.2155815 0.47768116 0.41290262 -1.1344638 -0.79323554 0.42348137
14 0.41073096 1.181242 0.5857086 0.2314222 -0.58786917 1.1760888 0.54969615 0.44064522
34 0.40472174 1.2413434 0.1111808 0.73741335 -1.1249664 0.6703582 0.24113213 -0.43322214
8 -0.89299154 0.10922695 -0.0746278 0.4243445 0.55539995 -1.1534075 -0.83577305 0.22707342
31 -0.7011735 0.14684016 -0.21241963 0.6103924 0.59276426 -1.0339034 -0.55390954 0.38449094
38 0.4513821 1.3720086 0.00811757 0.6568282 -1.250458 0.59767145 0.022992408 -0.61626226
9 0.39928958 1.2838533 0.47554752 0.4042917 -1.1495577 0.99285156 0.37109256 -0.18440312
10 -0.7324202 0.24936473 -0.4459669 0.8752628 -0.08829346 -1.355201 -0.39508805 -0.053789996
41 0.3795753 1.3108692 -0.104969226 0.72295165 -0.51121366 1.322524 0.52857566 -0.11087923
17 -0.66575396 0.016418118 0.7432189 0.5950274 0.066359505 -0.68932164 -0.50069934 -0.40549782
2 -0.38517216 0.43421882 0.7811759 -0.0748962 1.3511852 0.65673226 -0.07502002 1.0822257
48 0.26470116 1.3110527 -0.6109285 0.4038891 -0.6531718 0.29379752 0.1651483 0.5917756
5 0.35129836 0.72398525 0.96482974 0.7871317 -0.87476844 0.937484 0.1789646 -0.453556
36 0.27960488 1.2794054 -0.06004577 0.685988 -1.4891744 0.45241 0.16398199 -0.52597535
21 -0.26490164 0.62022185 0.851971 -0.30751932 1.4074596 0.98352104 0.025102247 1.2703205
33 -0.1274929 0.7574826 1.2938664 -0.31494892 0.8664339 1.1412117 0.3402934 0.7875517
13 -0.96595746 0.21161471 -0.46841788 0.43044338 0.8747284 -1.0035306 -0.44008315 0.74742645
47 0.11075678 1.0612122 -0.22333194 0.8082823 -0.7211143 0.44713476 -0.46671912 -0.8890519
35 0.12825117 0.91438335 1.5796423 -0.41476518 0.109339856 1.4641429 0.7378125 1.0323359
3 -0.55762714 0.38177052 1.0436618 -0.09018194 1.6357619 0.7864394 0.13855626 0.74110824
22 0.017909443 0.666976 1.5598379 0.21940622 0.3937186 1.6577829 0.80590886 0.17149235
32 -0.4607271 0.44767603 0.89550716 -0.17503203 1.631711 0.9055547 0.40266874 1.4431276
37 -0.38914353 0.54208034 1.2974771 -0.17728809 1.2093114 1.4215755 0.41015336 0.82033813
