50 8
1 -0.16353592 -0.28718543 0.38393515 0.2958401 -0.023730345 0.8820296 0.4807068 0.2732294
17 0.14562894 -0.029070197 0.49750262 0.06859901 0.534056 -0.25046775 0.57649684 0.28313112
20 -0.40842295 -0.24309398 0.7770447 -0.17117032 0.0023926338 0.7055914 0.5593604 0.5071089
4 -0.517238 0.021987623 0.880247 -0.16990261 -0.22926153 0.8092216 0.5895874 0.29446065
6 -0.35779858 -0.23293269 0.92524606 -0.524961 0.55303717 0.63155574 0.93266696 0.2806265
28 -0.65261656 0.16867419 0.9559506 -0.51550674 0.0873089 0.9494578 0.88390553 0.33412302
29 -0.3151986 -0.22906408 0.77233565 -0.11859122 0.12042299 0.91323996 0.63831115 0.2683358
41 -0.36356127 -0.19488136 0.854243 -0.30814117 0.05741406 1.1109912 1.0554544 0.1934877
48 -0.3889619 -0.1554514 0.8513994 -0.3360697 0.10949112 0.9242064 0.8763235 0.2841005
40 -0.27317774 -0.09164315 0.42170414 -0.02768319 0.77535766 0.61395746 0.96014524 0.15115556
44 -0.49253464 -0.426956 0.8172818 -0.19332802 0.3007543 1.1903402 0.8960586 0.21436231
38 -0.51455975 -0.21422073 0.7477921 -0.030295039 -0.09161065 1.1480097 0.8644365 0.25120947
9 -0.15363865 0.13745518 0.914534 -0.07593256 -0.63004726 0.7281756 0.49267402 0.29500365
49 -0.32353014 -0.28721365 0.7822436 -0.107538104 -0.31707242 1.1185974 0.7144547 0.37655714
47 -0.3338337 -0.44910252 0.75932866 -0.04289119 -0.24479887 1.2875192 0.85818565 0.18974301
5 0.9202502 0.2701589 0.019522151 0.9939428 -0.32387203 -0.15891875 -0.16881824 0.1232746
27 -0.46909517 -0.23577544 0.92268425 -0.43158928 0.35913622 0.99218374 1.0979342 0.24482931
45 -0.58553237 -0.14517437 0.98309875 -0.39730978 0.23886582 0.9955806 1.1063552 0.05237644
39 -0.56868136 0.15383554 0.7134708 -0.111049905 0.2069511 1.0392023 0.9363342 -0.024058912
43 -0.5041943 -0.24290916 0.80762386 -0.21928121 0.40727687 0.92600715 1.0742087 0.11841493
36 -0.7077102 -0.22382766 0.959621 -0.525439 0.48724025 0.9726564 1.1263424 0.25674215
42 -0.6558177 -0.14336029 1.0864033 -0.6584982 0.70211047 0.70886546 0.9881682 0.283242
19 0.78234476 0.71192956 -0.03451215 1.2231189 0.28396547 -1.1458483 -1.1056294 0.38515633
8 -0.63391656 -0.016014889 0.7524637 -0.26522332 0.5943505 0.6035112 0.7213997 0.26367497
34 -0.33633858 -0.31553513 0.95801264 -0.31167123 -0.35662687 1.3041234 0.9789556 0.26216313
14 0.2276181 0.22907414 0.34098735 0.47048905 -0.88356364 0.5401942 -0.45993626 0.695956
10 0.281616 0.028539883 0.03367534 0.84920835 -0.07178533 -0.16616243 0.3348486 0.23370811
18 0.7482213 0.031646386 -0.059699915 0.89323187 0.953263 -0.9287064 -0.47186565 0.30906916
46 -0.7505552 -0.034300745 0.90751344 -0.3211429 0.21378115 1.1110383 0.90634036 0.18994288
31 -0.62268966 -0.072543815 0.87279767 -0.44544172 0.4352073 1.0252298 1.07573 0.17948385
24 0.90435004 0.7072768 0.034475747 1.2703229 0.025211003 -0.89915156 -1.2978839 0.38279316
11 0.3356608 0.09288394 0.6211447 0.20578395 -0.79021496 0.46898645 -0.33421582 0.61469996
15 0.81667644 0.81734586 -0.07683941 1.3028102 0.14381143 -1.1219727 -1.1597785 0.3809028
23 0.7866696 0.8175372 0.152234 1.1011397 0.5077269 -1.2399269 -1.0208946 0.09765631
26 -0.46332577 -0.23488823 0.60355437 -0.07704066 0.6783466 -0.010439087 0.7551589 0.42665148
7 0.9428552 0.7830246 -0.12245206 1.04741 0.72108424 -1.2082822 -0.5917903 0.121070415
13 0.5480339 0.79171085 -0.0849603 1.1631333 0.7145984 -0.9236624 -0.9919657 0.09722362
0 0.827275 0.5770997 -0.11057573 1.3583447 0.60313845 -1.3780348 -1.159428 0.3229408
21 0.9940384 0.30642292 -0.27255806 1.6369207 -0.10109784 -0.56043726 -1.0399698 0.21334518
37 1.0699236 0.35223016 -0.20739906 1.5980537 -0.01194883 -1.014604 -1.1815871 0.3863646
25 0.988839 -0.13505433 0.045218166 0.8901756 -0.35917798 0.011331212 -0.6552518 0.40949836
22 0.96777534 0.5667399 -0.17131267 1.4808911 0.17149876 -1.0347403 -1.139749 0.4042149
35 0.90560836 0.74532866 -0.0066720513 1.1417722 0.14669204 -1.3596619 -1.0333828 0.5637769
16 1.0087355 -0.53291446 0.10530266 0.5647796 0.28912178 -0.20375402 -0.24317142 0.4952319
30 0.7727759 0.76846695 0.011522918 1.1413718 1.0885178 -1.540489 -0.920216 0.017771903
33 1.2349414 0.5138216 -0.27650025 1.688145 -0.055883106 -0.9072283 -1.0915426 0.24868904
32 1.0829773 0.57465345 -0.2427937 1.5690694 0.22253327 -1.2323045 -1.0790052 0.28749135
2 0.97802854 0.7257684 -0.13318971 1.4778229 0.5829934 -1.4908103 -1.1145482 0.22083884
3 0.9640028 1.1917335 -0.05584204 1.3011711 0.6463466 -1.5967253 -1.2051712 0.2316574
12 0.8469315 0.8084103 -0.195437 1.4017283 0.5375176 -1.0228165 -0.7495645 0.006870013
