50 8
42 -0.4786769 0.74083024 0.45110932 -0.3947412 0.39657536 0.23315108 0.14486039 0.4479492
24 -0.36837032 0.5612057 0.6177012 -0.3492761 0.3706381 -0.030912971 -0.38443035 0.48107398
43 -0.652968 0.872232 0.43268362 -0.28831625 -0.17397211 0.76436216 0.52858275 0.15965828
19 -0.033938292 0.4816662 0.33821213 0.17982304 0.7987125 -0.6191322 -0.5644346 0.7158427
2 0.2961877 0.054999355 0.4867531 0.98838735 0.479481 -0.30857444 -0.58912754 0.30886236
1 -0.40415058 0.23755822 1.0518842 -0.18285297 0.17192607 0.65296704 -0.027553014 -0.22827354
40 0.33804896 0.015147398 0.11367642 1.1469785 0.6600795 -0.2404089 -0.50242877 0.68802243
28 -0.746088 0.87401587 0.5780288 -0.6169991 0.041417856 0.6290138 0.39103654 0.2364006
23 0.1588094 0.44614625 0.5435539 0.23435974 0.6118721 -0.25286072 -0.7479202 0.24560674
26 -0.024696494 0.63869894 0.29695147 0.12206927 0.19518106 -0.5821632 -0.3924013 0.99186045
39 -0.043408304 0.03293117 0.49130195 0.87993175 0.5632716 0.23944622 -0.6645675 -0.2503893
6 0.050575417 0.8672487 0.23627347 0.04313376 0.5632309 -1.0743492 -0.37589276 1.0996598
27 -0.74550444 0.93384194 0.5733007 -0.7020163 0.124290146 0.5224864 0.57319605 0.32575262
16 -0.6188692 0.82576793 0.75956815 -0.7274184 0.07718338 0.77380574 0.20746897 0.0416846
25 -0.27189466 0.24776359 0.50392747 0.5277691 0.17685354 0.7645522 -0.40283388 -0.32220188
15 -0.30703637 0.86315346 0.4697652 -0.42868513 0.6782071 -0.4493946 0.2994289 0.8348121
20 -0.7374027 0.7692579 0.517304 -0.66873264 0.49797103 0.119359836 0.024323791 0.5097116
44 0.25668868 -0.060316175 0.32332546 1.1215699 0.5119398 -0.34905383 -0.67141366 0.577496
18 0.5633466 -0.3417095 0.28089842 1.620259 0.58582073 -0.41154793 -0.9196161 0.6147807
17 -0.37914246 0.37956098 0.57692134 -0.115931235 0.14853643 0.39966005 0.7677083 0.6879709
45 -0.5300542 1.0781658 0.60373706 -0.6995675 0.09882539 0.13607913 0.44951865 0.46072435
41 -0.73002744 0.69177073 0.4494026 -0.22965592 0.31322533 0.7418667 0.056985255 -0.088692434
29 0.13730238 0.33611628 -0.04284302 1.0050582 0.7313387 -0.3168324 -0.6449572 0.5664608
49 -0.7275159 1.0281527 0.9835437 -0.7738142 -0.32331434 0.91178846 0.6541991 -0.23663907
48 -0.27372342 -0.024587918 0.114444226 0.6780082 0.054792248 0.8041395 -0.5820754 0.38528946
34 -0.5682951 0.2545292 0.97331834 -0.32081297 -0.07888615 1.0261134 -0.5492599 -0.3965664
38 -0.86649275 0.84291714 0.5826151 -0.4471083 -0.09751246 0.90036416 0.4956599 -0.03874958
12 0.53854567 0.050012555 0.15099773 1.3299798 0.68535876 -0.5620356 -0.84543616 0.6594918
31 0.17137796 0.2494875 0.05225536 0.692241 0.7974059 -0.7490897 -0.78612596 1.0737915
4 -0.72608376 0.8233388 0.97058046 -0.58160996 -0.5943263 1.0311887 0.48955294 -0.21310905
14 -0.4997077 0.115056865 0.812928 0.4479824 -0.60268515 1.380695 0.22274038 -0.43493104
46 -0.7231855 0.7587068 0.9015101 -0.5052244 -0.5060828 0.94946045 0.43510306 -0.13777284
11 -0.7371402 0.6088993 0.9400748 -0.18906474 -0.938834 1.2505208 0.85163087 -0.1613841
0 0.4520799 0.214089 -0.0901417 1.2279724 0.6752801 -0.5137521 -0.47724327 0.90336835
36 -1.2290581 0.83463866 0.7433678 -0.63165015 -0.20632873 1.0613568 0.43093005 -0.27825573
9 -0.5724015 0.59882516 0.89192855 -0.10777127 -0.74687076 1.299699 0.71704745 -0.285622
8 0.15205444 0.81487864 -0.32352647 0.47086567 0.58712775 -0.9025448 -0.4860569 1.4778968
10 -0.61616135 1.0785373 0.13269512 -0.3100862 -0.015655844 -0.14911108 0.43173066 0.9215529
30 0.6254804 0.12608202 0.09461074 1.8752893 -0.01323679 -0.30800784 -0.6366881 0.32998845
35 0.3674588 -0.67987305 0.78583384 1.9002538 -0.2668319 0.95949197 -0.27587157 -0.4801671
37 0.7741089 -0.52198726 0.47296208 1.9965625 0.14504725 -0.04319245 -0.31477562 0.3724078
7 0.6813785 0.5157051 -0.26723304 1.2669333 0.85733664 -1.1304632 -0.4824216 1.2776917
13 0.6062606 0.20308214 -0.286312 1.89979 0.43217558 -0.4486284 -0.5613797 0.6667803
21 0.42987218 -0.7073094 0.13605545 2.1454039 0.17969254 0.32024717 -1.1255648 0.28597885
3 0.68658054 0.02635276 0.27646726 0.9189108 0.5498532 -0.623021 -0.7184901 1.0980706
32 0.7080328 -0.6729158 0.38419944 2.5123653 -0.32801965 0.57258165 -0.4239192 -0.05952848
5 -0.4655742 1.1326175 0.8660378 -0.68406516 -0.4166745 0.8842504 1.3412421 0.16871898
22 0.30868196 -0.65184706 0.31001896 2.1378374 -0.34768724 0.8651456 -0.36021274 -0.05372239
33 0.03593374 -0.31278652 -0.1345126 2.3723795 -0.59779596 1.3411388 0.2642957 -0.22221752
47 -0.35617536 0.025456669 0.9405112 0.5343485 -0.7794812 1.6234136 1.5598775 -0.11891963
