50 8
16 -0.15617402 0.026478644 0.69525677 -0.27470556 -0.032366034 0.8003799 0.7429391 0.294531
6 -1.519858 0.4310471 0.31928927 0.1040988 0.34810817 0.056324042 0.3603144 0.15384014
36 0.20475793 0.06724026 0.4877633 -0.18413697 -0.13098268 1.6151221 1.0320576 -0.088806845
28 -0.8106245 0.37399426 0.33518687 -0.39345554 0.1915587 0.8527258 0.942736 0.48616907
20 0.49131745 0.058463994 0.4263288 0.35853764 -0.58161557 1.0826976 0.4976403 0.33191606
37 1.0187755 -0.16150652 0.9623562 0.79515624 0.58040327 -0.5877792 -1.0064095 0.215224
44 -0.43015423 0.06329449 0.37307355 -0.18932553 0.16174212 1.1363745 1.1053907 0.24437602
8 -1.4297719 0.523207 -0.2929778 0.80685675 -0.034705352 0.6227303 0.2624025 0.09296221
42 -1.0190544 -0.16002376 1.3914492 -0.29123542 0.84774715 -0.9701356 -0.2612339 0.1774622
41 -0.48382717 0.102103904 0.21895233 -0.11999725 0.34003893 1.2099754 1.3366961 0.28377482
24 0.6102207 0.20047522 1.1917093 0.6606616 0.40269077 -0.9657537 -1.2125131 0.041705944
18 -0.15126304 0.16933613 0.55183995 0.5947511 0.93416023 -0.5574236 -0.9852455 0.19786002
21 1.0761852 0.105663985 0.6206163 0.98638153 0.113594934 -0.05402225 -1.0743045 0.19010316
39 -1.1260525 0.48315424 0.115697265 -0.20105572 0.5124782 0.78651327 1.1076213 0.30427358
49 -0.15840572 0.08148763 0.39515573 0.03756613 -0.25010905 1.0695372 0.9035786 0.46413386
46 -0.8144856 0.40205446 0.3805098 -0.23330216 0.5000463 0.33185914 0.49108434 0.4927278
27 -0.2967989 0.2621056 0.21646126 -0.39557716 0.33491844 1.3317618 1.2443942 0.48218504
45 -0.85833114 0.3015472 0.3883963 -0.2736708 0.06309085 1.0144602 0.9522479 0.16139698
4 0.086224355 0.14643031 0.32704055 0.062492028 -0.37261257 1.3415258 0.9070456 0.28897387
33 0.70165944 -0.020694053 0.72307444 1.3697157 0.43344688 -0.87557435 -1.401664 0.22148214
14 1.3415306 0.02787559 0.76517427 0.4451151 -0.11782021 0.5547826 -0.359435 0.13909389
10 -0.38003132 0.9002867 -0.21722688 1.3116403 -0.26780328 -0.2342961 -0.9827755 0.60199875
34 0.6901106 -0.36155877 0.97888595 -0.3410699 -0.061395824 1.3187525 0.8703122 -0.039776236
19 0.7324774 0.23564082 0.81498337 1.2349545 0.23698048 -0.8842668 -1.5899347 0.16114631
31 -1.4016163 0.44101152 0.30728897 -0.42941526 0.27819577 0.76078904 0.9929956 0.43061
9 0.40930194 0.099371865 0.7306216 0.023888325 -0.5332944 1.0561961 0.94654477 0.11603183
1 0.12074098 0.19494855 0.26855803 -0.043658555 0.40579855 0.7581078 0.48702112 0.4901938
15 -0.08393967 0.23122646 1.0810223 0.82472926 0.24854895 -1.205236 -1.1938695 0.18067084
7 0.08691203 0.48891374 0.10294907 1.510324 0.1581004 -0.82110494 -1.1016523 0.79229975
32 1.19875 -0.037954032 1.0538387 0.9877382 0.5096988 -0.6438962 -1.1048573 -0.16726792
38 0.17428972 0.12898237 0.33110362 0.09070577 -0.26271468 1.6200948 0.92473906 -0.12841652
26 -1.6683658 0.5848356 -0.1416009 0.43027535 0.45289972 0.043881916 0.4409805 0.47916886
30 -0.7631751 0.4596249 0.58129406 0.6252284 0.95849955 -0.94968647 -0.9871248 0.039820805
29 1.0634813 0.28327084 0.32792875 0.28520718 -0.1721978 1.5900648 0.36157805 -0.38030872
40 -1.2195475 0.6801012 -0.22794142 0.44761163 -0.14289998 0.87971133 0.75081354 0.24447238
43 -1.3106891 0.25147167 0.37470376 -0.29533336 0.6026596 0.483457 1.1284032 0.3468278
11 1.3650897 0.0012432087 0.76534855 0.11763165 -0.35370022 1.4595577 -0.01749579 -0.2192819
35 0.84602374 -0.10287662 1.4861257 0.7187788 0.5033204 -1.1071448 -1.270984 -0.17798644
2 0.7126128 0.01876114 1.2226157 0.5874315 0.72176826 -0.67107344 -1.3008887 -0.35552782
23 -0.20385107 0.33848935 1.1414648 0.57852376 0.60464543 -1.2067381 -1.3179975 -0.07012341
25 1.6474689 -0.20051444 0.75776553 0.09061319 0.23730761 1.3977199 -0.06988652 -0.47777864
17 -0.82374907 -0.116386525 0.66485417 -0.44224432 0.94215417 -0.22754751 0.7679742 1.0852922
0 0.30648598 0.05730213 1.2269529 0.8542126 0.59942013 -1.2512603 -1.6466309 0.107628964
12 -0.2844692 0.64300144 0.21107334 1.3040161 0.5796107 -0.9526611 -1.4611224 0.19036448
13 -0.55730426 0.90442663 -0.5441373 1.5211892 -0.013718857 0.06538314 -0.7873652 0.2395715
47 -1.4354477 0.041120756 0.47640026 -0.08512957 0.48363638 0.2156759 0.89144695 0.36829293
5 0.85386187 0.5766007 0.7710393 0.44539398 0.16563217 -0.3101764 -0.69504476 0.2457195
48 0.080799855 0.0059828875 0.1445841 0.06895903 0.0856735 1.697277 1.1220336 0.006967333
3 0.23207685 0.53676474 0.54234684 1.2763902 0.4520566 -1.0367941 -1.5671358 0.21158534
22 0.9943963 -0.33979684 1.6040815 0.4298183 0.9869775 -1.0960815 -1.3348495 -0.089875475
