50 8
1 -0.46604937 -0.24419405 0.7051329 -0.34492272 0.8359503 0.25839996 0.121468216 0.22134048
27 -0.7005456 0.45669773 0.3374459 -0.49730223 0.7100837 1.1618872 0.541485 0.16535805
38 -0.74044085 0.29357523 0.5368585 -0.20875223 0.36086392 1.1758543 0.5130018 0.050534144
20 -0.53126323 0.0022470187 0.1059015 0.67105484 0.2161822 1.0687402 -0.05281391 0.42363378
49 -0.3000394 0.12442525 0.6688785 -0.50762415 0.6836093 0.9298222 -0.14141774 0.037587963
41 -0.71304715 0.33597317 0.46374327 -0.41812414 0.7276707 1.285079 0.78109944 -0.097744785
42 -0.6773311 0.051218733 0.978598 -0.69854283 0.62241876 0.024336353 0.8139718 0.1181136
36 -0.909163 0.41569325 0.3449325 -0.40876913 0.6051588 1.3206353 0.55015504 0.160634
13 0.069912575 0.112224944 0.041839596 1.4113961 0.0071406495 0.55829805 0.19014622 0.13350102
23 0.8090398 0.058555778 0.36965036 1.1466291 0.108182706 -1.0823455 -0.422468 0.70285773
34 -0.2526486 0.033098154 0.23761503 0.09455451 0.52243465 1.5497872 -0.022882992 0.124574
4 -0.42510885 0.2667294 0.31837186 -0.07003834 0.39380297 1.4891295 -0.31435794 0.20193665
16 0.13732043 0.31615055 0.29601935 -0.44967246 0.66297275 0.7073762 -0.5691512 0.54674906
28 -0.97463125 0.45199063 0.5839769 -0.5896173 0.57792085 0.7773826 0.96678764 0.099507205
48 -0.74707454 0.48537505 0.18467022 -0.026986087 0.36634845 1.5055525 0.5821311 0.15585189
40 -0.56080425 0.5881148 0.27757153 -0.083677836 0.25146908 1.6116576 0.89009243 -0.015607819
14 0.37241542 0.2261289 -0.20666166 0.91194475 0.09589943 1.2108662 -0.83765733 0.64050204
9 0.4263039 0.016402071 0.5592799 0.22867908 0.4512763 1.2505671 -0.73463154 -0.21969186
24 0.87652194 0.108629614 0.3300081 1.3555752 -0.09949393 -0.9447634 -0.41656837 0.7029531
21 0.86142445 0.06601481 0.32916766 1.3560342 -0.07327123 -0.13873105 -1.0465311 0.432294
6 -0.9422574 0.6439832 0.5629476 -0.42565513 0.21110758 0.67256606 1.0036466 0.23814347
19 0.93795186 0.03362307 0.38641453 1.3131663 0.033878487 -1.1262696 -0.65636003 0.7115868
25 0.6679417 0.05947838 0.010018373 1.3495224 0.33466497 -0.021384913 -0.79798347 0.43251488
31 -0.98962533 0.5383566 0.6599185 -0.6182907 0.24193352 1.0132332 1.0060291 0.12344316
39 -0.96723455 0.5399844 0.3658328 -0.16938707 0.38366348 1.3911234 1.011054 -0.042361636
5 1.058869 0.23928131 0.41931134 0.26221576 0.4014094 -0.58663374 -1.0377246 0.7732814
37 0.73099506 0.07766652 0.23129104 0.9381467 0.4036213 -0.9700419 -0.74691 0.872435
29 -0.06554633 0.1907883 -0.014534352 0.49138296 0.3429451 1.0719475 -0.77660835 0.58883697
8 -0.79548395 0.22115937 0.5639701 0.04715261 -0.064823195 0.33781227 1.3549775 0.3800223
47 -0.44602185 0.04731185 0.8214692 -0.8642692 0.7855132 0.8555356 0.43360534 -0.010154533
46 -0.76758236 0.24410725 0.9088117 -0.7319271 0.66614985 1.0558287 0.3472724 -0.21330385
43 -1.1027466 0.5453688 0.5621863 -0.6734677 0.6225126 1.0696106 0.98328036 -0.022162901
15 1.0379808 0.11629654 0.92083967 0.33339214 0.083264776 -1.3771511 -0.44641724 0.5979696
22 0.7512546 0.13611399 0.847308 0.29799733 0.08050776 -1.5336022 -0.34020895 0.8361717
10 0.039164826 0.2075367 0.037979387 0.9700802 -0.19226912 -0.5412568 0.21003878 1.0783831
35 0.96227074 0.078145936 1.2432828 0.382762 0.0032117013 -1.8803997 -0.050066743 0.3258586
7 1.0892185 0.018348781 0.51158845 0.8911252 0.12357358 -1.421707 -0.032020506 0.785078
18 0.2709444 0.17388989 0.8726393 0.6124649 -0.30021614 -1.5631758 0.5987561 0.6610022
0 1.2962638 -0.0273543 0.87712 0.9211321 0.021385357 -1.3018131 -0.6483643 0.40654027
17 0.3346508 0.042837135 1.1225466 -1.1438817 0.9360191 -0.3417754 0.19328102 0.045496315
32 1.5140624 0.23028034 0.92371094 0.8949366 -0.06667237 -1.390585 -0.30153528 0.18983197
26 -0.17774384 -0.06659416 0.6979754 0.4511416 -0.1367744 -1.3020302 1.1918159 0.8346439
33 1.4888508 0.18652298 0.5676151 1.2337296 -0.035250477 -1.0678382 -0.29926285 0.33328193
3 1.1477243 0.2076966 0.20195554 1.5091311 0.20469007 -0.7912325 -0.8211196 0.51721686
11 0.5225737 0.16332541 -0.31162193 0.8126403 0.21368916 0.85054713 -1.310624 1.081108
30 0.71035635 0.041833438 1.2464573 0.14858258 0.38942233 -1.7235125 0.08238541 0.11256694
44 -1.1294181 -0.10169465 0.7824663 -0.39135793 0.61734 0.36560595 1.6049141 0.06295217
12 1.2715524 0.21163198 0.50516987 1.4968461 -0.18280993 -1.314627 -0.1294684 0.5054597
45 -0.9420973 0.38033497 1.0049288 -1.0114282 0.46393174 0.94862527 1.0955515 -0.15140438
2 1.5118787 0.2387449 0.7647742 1.220002 -0.5598526 -0.9393144 -0.4710939 0.46706414
