50 8
1 -0.22714606 0.19335927 0.5034261 0.028246356 -0.2361695 0.90074754 0.26479882 -0.35391408
25 0.5148879 -0.22861958 0.78429204 0.27988884 -0.348572 0.31278175 0.08933567 -0.099312745
20 0.023147253 -0.6972296 -0.011178175 0.49553394 0.08298882 1.0978718 0.4231693 0.24102125
16 0.10817233 -0.6848047 0.50705 -0.14125897 0.121247016 1.0015076 0.6406325 -0.26654613
34 0.28848642 0.2022267 0.78572625 -0.29398435 -0.6216188 1.0843849 0.12710631 -0.78218514
3 0.04817853 0.57986236 0.37796232 1.0375746 -0.072023466 -0.3907245 -0.22438581 1.393107
28 0.012363234 -1.0802654 0.34452638 -0.059082456 0.61542386 0.9077865 0.7660009 0.34673595
23 0.18796487 0.73348594 0.5002789 0.8958601 -0.7141845 -0.005774362 -0.5380262 0.7649958
15 -0.09148438 1.0399929 0.3644925 0.8255528 -0.64704305 -0.18197277 -0.45922855 1.3201318
18 -0.22221643 0.4286652 0.41243616 0.98579115 -0.12566297 -0.6018969 0.15276515 1.3833425
29 -0.04484101 -0.62292683 0.56420827 -0.08399848 0.29167467 0.85676545 0.8395344 -0.36851183
43 0.026948243 -0.95071757 0.65461814 -0.25050414 0.7484758 1.0109463 0.9875787 -0.45067275
24 -0.09564537 0.67493683 0.47004318 0.9331307 -0.06672805 -0.23747611 -0.4560481 1.3402691
26 -0.5860395 -0.83574796 0.076697186 0.39296886 0.3939675 -0.16510136 1.0025705 1.5417905
14 0.14198516 1.19226 0.6434488 0.62092966 -0.6839623 0.6737057 -0.5766991 -0.56434584
45 -0.008070555 -0.9430496 0.6990266 -0.2437299 0.46220407 0.8785615 0.91692114 -0.4380327
21 0.058615983 0.75674534 0.1911448 1.1484623 -0.7131438 0.2586227 -0.43500254 0.5801006
38 -0.063640796 -0.40117535 0.4957754 -0.1787166 -0.092132725 1.1543424 0.79554 -0.77302325
19 -0.046693698 0.8344291 0.3306961 0.49732846 -0.9514619 0.17539127 -0.24818122 0.978846
9 0.31429392 -0.110143766 0.8296975 -0.09510988 -0.54476166 0.94909734 0.25778142 -1.0209236
30 -0.1279993 0.4254839 0.65768343 1.006201 0.08056837 -0.9169615 0.011802122 1.4647722
13 -0.0028471756 0.34457493 0.028405463 1.3977935 -0.037072137 0.075036444 -0.11905815 0.9715558
37 -0.1906019 0.8407707 0.69781715 0.69176745 -0.4211163 -0.43955922 -0.12320968 0.81801784
49 -0.12008366 0.44680026 0.6478716 -0.057383917 -0.1890587 0.8123076 0.054268647 -0.29197505
31 -0.36786035 -0.99818945 -0.095447406 0.3415271 0.2589956 0.5062662 1.0382901 0.9812176
48 -0.25945464 0.36510667 0.80419546 -0.10831952 0.011409156 0.2022721 0.31012312 0.19387658
17 -0.11160158 -0.4713693 0.65908206 0.055066228 0.57408637 -0.13735835 0.33688447 1.3563473
4 -0.05975664 -0.36301857 0.42435583 -0.078332655 -0.37806392 1.0821987 0.8019198 -0.6656081
36 -0.14249577 -0.61936975 0.47093362 -0.3992032 0.13464566 1.2274733 1.1187587 -0.67941934
27 0.1491716 -0.81571734 0.60672295 -0.17655098 0.5352034 1.186319 0.8366274 -0.67711717
41 -0.035223585 -0.4797826 0.5241683 -0.08250535 0.053903904 1.2842242 0.80835164 -1.064329
0 0.07559764 0.8577513 0.8996167 0.7573178 -0.12393544 -0.59235203 -0.5472878 1.1541507
42 -0.41293162 -0.14006095 0.68139756 -0.32844654 0.030992772 -0.12718469 0.71459424 0.9821229
5 -0.20152593 1.4257915 0.5438172 0.31581545 -0.8679501 0.09489703 -0.17718878 0.5864825
33 -0.24952248 1.521794 0.69029444 0.741361 -0.8943143 -0.29074165 -0.2593392 0.29241806
44 0.28664035 -1.5245506 0.6776787 -0.028999163 0.6656604 0.8344773 0.8164791 -0.13631995
22 0.09487265 0.8825643 0.86811775 0.92022765 -0.3620716 -0.61877304 -0.54318225 0.9746957
47 -0.032960787 -0.081955604 1.1165045 -0.43349183 0.090309955 0.7333855 0.47116503 -0.86318725
10 -0.2925738 0.16817509 0.028181324 0.795276 -0.014509361 0.11574301 0.07943745 1.4078511
11 0.13099614 0.39103934 0.76783925 0.13108125 -0.5300184 0.9996375 -0.051996812 -1.0406368
2 -0.32440966 1.2181711 0.6774048 0.54078066 -0.93998694 -0.5426595 -0.015846312 0.8759938
39 -0.11622186 -0.746413 0.88922614 -0.330424 0.2675576 0.8289247 1.1569786 -1.0877881
12 -0.13490677 0.3191885 0.41768384 1.21087 0.42364228 -0.35523245 -0.2335197 1.3228335
6 -0.036440358 -1.5185726 0.53318405 -0.21029775 0.63625294 0.6872176 1.1789407 0.19526829
8 -0.066571854 -1.0964861 0.038601544 0.47012025 0.09048961 0.17670499 0.7218761 1.3795109
7 -0.31700295 0.24213436 0.21539547 1.1469567 0.4304516 -0.52074856 0.08027077 1.800721
32 -0.23116662 1.3374122 0.5664018 0.8580533 -1.091171 -0.42326722 -0.21115513 0.62884563
40 0.1546367 -1.2842343 0.4337873 0.11422499 0.51595116 0.8935141 1.0762314 -0.26721075
46 0.09946299 0.6906943 1.195289 -0.22123562 -0.069269456 0.78377306 0.010783056 -1.1980155
35 -0.036398463 1.4545889 1.2764847 0.4048846 -0.62752926 -0.74767125 -0.41320172 0.43760145
