50 8
28 -0.44542462 0.62933487 0.766239 0.4841803 -0.2069352 0.04227834 -0.23759018 -0.54831916
43 -0.4897395 0.78646064 0.55208725 0.7080563 -0.22684556 -0.059347205 -0.45784175 -0.7884577
26 -0.92240614 0.3935609 0.58747965 0.33193576 0.23053102 -0.00035978056 -0.3628246 -0.4746212
23 -1.0623822 0.10520469 0.6721842 0.5707705 -0.22334065 -0.30160004 -0.25215754 -0.3672491
19 -0.75769347 -0.2181567 0.51239026 0.89725757 0.59668344 -0.41381103 0.040488586 0.012979583
40 -1.4187337 -0.110094115 0.36330265 0.20797184 0.23373307 -0.33093977 -0.09953652 0.29361975
10 0.22417079 0.3624228 0.5778277 0.4239903 0.8652796 -0.1771073 0.5676581 0.7162692
24 -0.8685989 0.20054412 0.33002472 0.7415327 0.47439012 -0.6502397 -0.070106484 -0.10850156
1 -0.6823428 0.9514215 0.18239349 0.5939851 -0.28053585 0.31434157 -0.77204204 -0.7378015
39 -0.8238791 0.30362988 0.081494346 -0.11509733 0.07629856 0.1266168 -0.0983163 0.99849737
42 -1.3396336 -0.04874106 0.4569416 0.5589141 0.2613057 0.04122855 -0.6770332 -0.48457393
15 -0.5487682 -0.43918395 0.92816657 0.8622272 0.32799932 0.14576519 -0.24705864 -0.14961731
27 -0.5383363 1.109455 0.124225795 0.5984602 -0.12993093 0.1481598 -0.40673187 -0.68025744
31 -1.1867442 -0.44798073 0.44575238 0.5412347 0.181325 0.11691049 -0.5745043 0.24399808
6 -0.9721472 0.3879137 0.11309001 0.6297528 0.24808119 -0.42986503 -0.17790788 -0.03995247
36 -0.26239827 1.2915987 0.48175636 0.56412506 -0.4751209 0.38660106 -0.53558344 -1.0462692
13 -0.123588175 -0.0338317 0.3180726 0.27956066 0.49746853 -0.28533593 0.8252124 1.6462903
8 -0.78838795 -0.40464994 0.541024 0.5095206 0.81401664 -0.86092865 0.26103354 0.9376614
20 -0.25193542 1.178167 0.17283413 0.32834554 0.29864633 -0.24748904 -0.21941444 -0.14350767
0 -0.44629365 -0.86836934 0.8589419 0.66768837 0.9218534 -0.18623623 0.30354923 1.0428243
49 -0.225844 0.9839854 0.5038901 0.51062125 -0.07495203 0.733461 -0.79435277 -0.8747029
7 -0.14900433 -0.35911754 0.5691334 0.31615764 0.7004762 -0.048820104 0.34636933 1.4567629
46 -0.04719484 -0.35247815 0.91974765 0.4895153 0.4700175 -0.09607363 0.367421 0.94676363
12 -0.39009628 -0.64314276 0.36030847 0.4318664 0.8574334 0.0758634 0.26823485 1.6500884
18 -0.6696353 -0.32294238 0.4051281 0.09450326 0.17907435 -0.029539516 0.34871083 1.4616545
4 0.52236134 1.579953 0.27712423 0.37411642 -0.50432515 0.41942292 0.30583948 -0.018325485
48 -0.4278709 1.1124866 -0.21271119 0.5434745 -0.31052595 -0.59117746 0.116470955 0.3183569
29 -0.2786432 1.0774235 -0.42499217 0.029404396 -0.8247364 0.4427445 0.29631752 1.2188431
3 -0.575488 -0.82982063 0.48024723 0.35916096 0.8151001 0.07438936 0.371373 1.6292057
38 -0.29985172 0.91174895 0.41845408 0.5649626 0.17226452 -0.6395939 0.33524528 -0.20206665
9 0.6914944 1.720591 -0.011314599 0.034372702 -0.47348237 0.5708941 0.51168543 0.74821436
17 -0.40002984 0.66034347 0.9214574 0.66963226 -0.17401804 0.025429567 -0.49060467 -1.0032663
33 0.35936764 0.068545006 0.53482896 -0.41648182 0.5515138 0.51719236 0.7518719 2.358989
41 -0.1767887 1.5403854 -0.07798962 -0.06718277 -0.72206175 0.78614545 -0.2992598 0.16897632
30 -0.37543178 -0.4937552 0.33138233 0.32293868 0.5958418 0.012236677 0.2060907 1.6549944
34 -0.09160251 1.475539 0.18956265 0.38264307 -0.74604744 0.84567887 -0.725304 -0.6209523
45 -0.8754316 0.7728089 0.28179637 0.6273352 -0.4215942 0.63263506 -1.0834434 -0.96300715
16 -0.1430269 1.5600274 0.32206085 0.1691339 -1.0163877 0.57349426 -0.41588444 -0.49582615
32 0.43463144 -0.11845038 0.24170767 0.15046915 0.3950816 0.43871692 0.9241181 2.4951932
25 -0.33260193 1.085561 -0.43054378 -0.14492626 -0.80900925 0.73096746 -0.4818388 1.1540815
2 0.14627728 -0.7150042 0.7324689 0.4614311 1.0095935 -0.08650342 0.78763914 1.9633929
44 -0.5394367 1.4392271 -0.36636466 0.17038588 -0.68156356 0.2644175 -0.45431828 0.11686753
35 0.71901447 0.049209855 0.29934758 0.09791811 0.42559126 0.5312579 0.79877734 2.4689496
22 0.6144541 0.3145149 0.5288084 -0.062809095 0.368478 0.18961118 1.0048426 2.0314062
21 0.85062045 0.4691986 0.67304087 0.07600776 0.1628486 0.41007635 0.8195162 1.5946513
14 0.89618444 1.6638775 0.09720149 -0.044314325 -0.49479118 1.3571967 -0.1751075 0.5743437
5 0.24607389 0.7001855 1.0440668 0.6271466 -0.3004733 0.5287045 -0.13371022 -0.6309947
37 0.27847174 -0.54084396 0.70777947 0.062497687 0.8866867 0.21589047 1.0095968 2.3391383
47 -0.3136095 0.6824928 0.50200534 0.8536254 -0.28578687 1.1314652 -0.91822547 -1.0141242
11 -0.09304743 1.4320761 0.20566991 0.13079919 -1.1285641 1.5314435 -1.0607388 -0.442401
