50 8
23 0.028295923 0.07094757 0.9575026 -0.3980047 0.46913508 0.022630513 -0.41903654 0.16332151
1 -0.27503756 0.31708527 1.0682497 -0.40924758 0.29864925 0.6841996 0.3189398 -0.10576688
42 0.27263346 -0.16114014 0.5902204 0.22869161 0.28187117 -0.7306979 -0.7149144 0.8022424
15 -0.026331104 -0.0966969 0.42887214 -0.038144737 0.5892171 -0.4929297 -0.23570116 0.98223555
24 0.08086747 0.090943016 0.6353308 -0.4035907 0.762579 -0.54208124 -0.59483755 0.7175746
19 0.13084644 0.067358315 0.8497887 -0.36035338 0.42869475 -0.63068753 -0.6306508 0.59657866
18 0.14541396 -0.415863 0.14031929 0.52107507 0.95641786 -0.5317668 -0.38573283 0.8426995
44 0.3162595 -0.43027943 0.24150933 0.52940583 0.74623895 -0.5188591 -0.7714681 0.7883287
16 0.07732909 -0.101515345 1.1069189 -0.67592984 0.36329302 -0.09247516 -0.6576051 0.26830727
49 -0.358465 0.14958034 1.3451558 -0.640737 0.1005926 0.5256439 0.27039486 -0.09358142
26 -0.19645548 -0.18826406 0.40599504 -0.35341257 0.8853438 -0.42490995 0.36524633 1.0663007
0 0.118197724 -0.15498309 0.25202972 0.3349952 0.8949001 -0.4640915 -0.73064035 0.7542062
37 -0.15908824 -0.30695677 0.7242858 -0.4128597 0.7523704 -0.6938162 -0.31697154 0.75322044
27 -0.36565438 0.51884115 1.3064678 -0.8470854 0.19831607 0.55995136 0.7288376 -0.00056749315
10 -0.3910236 0.0876621 0.34357837 -0.17721184 0.5465881 0.019116519 0.42865968 1.123966
20 -0.035343062 -3.663475e-05 0.8383596 -0.4914816 0.5637434 -0.46681893 -0.7070784 0.5892127
6 0.006334637 -0.036845542 0.71357596 -0.40096048 0.74362725 -0.7881458 -0.16401426 0.7266178
45 -0.3446972 -0.3034375 1.0459176 -0.7989076 0.676613 -0.19132288 -0.5087617 0.39804888
22 -0.007335179 -0.2420758 0.7558731 0.1176021 0.66975206 -0.5267001 -0.47977722 0.2629646
2 0.28719082 -0.10836511 0.5785312 1.2298201 0.07193832 -0.4411916 -0.90390784 0.13064338
29 0.20569836 -0.23923208 0.5902015 -0.09785656 0.72883415 -0.347352 -0.9433446 0.53829324
25 0.060072385 -0.17166117 1.0429624 0.03723318 0.16848765 0.42257577 -0.9738272 -0.17843226
43 0.098662026 0.17970027 0.38859183 0.90902483 0.21707393 0.96924675 1.2028476 0.07771524
17 -0.41325137 -0.032740407 0.8049497 -0.90512663 0.81879556 0.30146542 0.37106562 0.5441352
31 0.5335344 0.111137934 -0.13494469 1.4614472 0.21397218 -0.120574005 0.010502189 0.88407636
4 -0.13371883 0.7557347 1.3198061 -0.43584213 -0.56589097 1.0320573 0.8605458 0.07934155
8 0.2121982 -0.48463866 -0.27604342 1.2719363 0.7731428 -0.38851678 -0.55117565 1.0972624
46 -0.35802704 0.3864774 1.4912062 -0.5424695 0.15903178 0.49403602 -0.41214952 -0.5436412
12 0.21837683 -0.096750386 0.04830911 1.4271635 0.52919304 -0.7013945 -0.44987386 0.68031156
5 0.06274379 0.5371361 0.94595593 -0.25547916 -0.062713936 1.2690023 1.4394908 0.08078676
3 0.37924013 -0.039372288 0.76607114 0.5510697 0.2127243 -0.3347001 -1.0387892 0.084250964
40 0.7890866 0.23441057 -0.16555035 1.131265 0.38826525 0.3675143 0.6926906 0.76468444
34 0.25153136 0.28181487 1.138868 0.4990152 -0.4199557 1.664479 0.23615634 -0.67021185
21 0.36329436 0.035044834 0.22348973 1.8458605 -0.2415678 1.4445171 0.5058515 -0.1517482
33 0.48680773 -0.29840282 -0.11692428 1.5300381 0.4626149 -0.35318527 -0.2488438 0.74760884
35 0.7274717 -0.046212085 0.082418315 1.5646384 0.057294693 -0.13832538 0.28005272 0.5237028
47 -0.059322853 0.42326027 0.9407608 0.4702504 -0.15788253 1.632465 1.0381392 -0.46190736
7 0.60407716 -0.071763 -0.27390912 1.5518706 0.2588745 -0.04168751 0.67555994 1.0331594
28 -0.13309923 0.6464175 1.1858443 -0.06521372 -0.21672077 1.213228 1.0021753 -0.2795016
14 0.102687985 0.53964496 1.3344798 0.27210948 -0.52053285 1.5505722 0.11631968 -0.67335075
13 0.560947 -0.25811797 -0.36494002 1.6210011 0.44666275 -0.21042848 0.056670874 1.0984857
39 0.09024832 0.67979795 0.6529397 0.8135893 -0.019643037 0.5096679 0.16284907 -0.0925708
48 -0.013924411 -0.21024998 0.7779067 -1.0812408 0.79647154 -0.6282008 -0.1702036 1.034833
9 0.28472874 0.32214275 1.6557275 -0.3926668 -0.7287435 1.1525822 0.776644 -0.48822564
11 0.0125719 0.38149783 1.5709379 -0.20338951 -0.45279914 1.2669368 -0.019171927 -0.75603914
32 0.6884249 -0.054404747 -0.099085934 1.8859617 0.20024395 -0.23034053 -0.12539968 0.5987596
41 0.034738522 0.4265743 0.7087657 0.928425 -0.0122919325 1.5866752 1.2697612 -0.49434733
38 0.0134727815 0.56832564 1.0575349 0.74589163 -0.22141165 1.5171056 0.80642796 -0.80003655
30 0.5653147 -0.42792878 0.15911296 0.9441563 0.72611785 -0.92213 -0.12993151 0.72412837
36 -0.14456663 0.62954634 1.0437514 0.7000451 -0.24968581 1.8987072 1.1689867 -0.7802231
