50 8
1 -0.14239524 -0.304968 0.46722233 0.052330814 0.6076174 0.6764459 0.23759446 0.554693
42 -0.27578175 -0.5152622 0.6754696 -0.25711378 0.8700064 0.30429167 0.22482845 0.6031046
16 -0.018224413 -0.1512509 0.6493582 -0.1848087 0.54335356 0.9049457 0.4297488 0.62167454
10 0.5295047 0.53959674 0.092692316 0.85625005 -0.17125063 -0.5947038 -0.5029879 0.663793
19 0.36833948 0.5103611 0.3998204 0.389183 -0.03345423 -0.95665467 -0.67124236 1.0960838
49 -0.22451316 -0.23331651 0.6013863 -0.24152249 0.82505363 1.0214207 0.5949388 0.6671151
17 -0.18819828 -0.31592757 0.73664206 -0.36293557 0.5697451 0.81401193 0.41236144 0.875721
43 -0.010709067 -0.27818152 0.6644605 -0.33215082 0.8917089 1.0966378 0.6320245 0.17979965
45 -0.5759151 -0.17960247 1.0932789 -0.086699076 0.3639176 -0.00097274315 0.3780168 0.7478714
36 -0.4802962 -0.4302168 0.78273594 -0.15078162 0.87144625 0.9632934 0.63109046 0.2667678
34 -0.07178103 -0.42712042 0.83577216 -0.3037014 0.80385715 1.1247982 0.4261804 -0.26376536
27 -0.24940935 -0.27481166 0.74193704 -0.47773653 1.0665104 1.0737693 0.83572733 0.45461258
6 -0.100460805 -0.38273457 0.7685131 -0.30677822 0.8256989 0.9935371 0.5477626 0.12048329
38 -0.06131615 -0.21750969 0.7308008 -0.035950862 0.6938283 1.2491316 0.5812218 -0.3769853
8 -0.45690092 -0.4636815 0.9955168 -0.12864806 0.3348807 -0.025837129 -0.011557295 0.7006593
29 -0.47000644 -0.43783906 0.9852718 -0.25587627 0.9249659 0.6456346 0.48942357 -0.08296175
18 0.7304704 0.030992184 -0.18389766 1.1136707 0.040135205 -0.72106576 -1.1619396 0.037135992
28 -0.29474565 -0.12572604 0.6866006 -0.2883175 0.695954 0.9202498 0.53074086 0.8296933
20 -0.4825865 -0.23417148 0.9733198 -0.26274905 0.4704619 0.78493625 0.5868608 0.7600404
25 0.8016412 0.046666313 0.12671807 0.27268338 0.34713605 0.3478057 -0.46148637 -0.18290704
9 0.9424806 0.40997404 0.33632246 0.3238815 -0.017486254 0.80102223 0.5079434 0.22140889
5 0.2436317 0.55486417 0.68023425 0.11829863 -0.016087338 -0.21535827 -0.22893634 0.6930571
39 -0.3645184 -0.3221194 0.6967123 0.2106213 0.9001786 0.7337583 0.48547468 -0.5194154
26 -0.38023227 -0.5743885 0.8931939 -0.05341381 0.7278453 0.22102788 0.35077298 0.16126615
48 -0.40861037 -0.028351977 1.0467168 -0.33434883 0.5528735 0.7841964 0.7461915 0.67472714
11 -0.060002077 0.11769165 0.9607332 -0.43728536 0.2147517 0.7794224 0.087725 0.5340332
44 -0.4400252 -0.6766362 0.98849 -0.20479038 0.90518117 0.13218366 0.22050008 -0.0435168
15 0.04978855 0.61998856 0.5954293 0.39160925 -0.15273814 -1.1172161 -0.5428467 1.2413428
41 0.29439992 -0.39756253 0.33999038 0.5928348 0.60715127 1.4186302 0.4223795 -1.1661677
3 0.9783409 0.39718536 -0.19457553 1.214731 -0.27624393 -1.0782629 -1.5400505 0.20452477
24 0.8166941 0.5683361 0.10688987 0.9538 -0.43855917 -1.1074805 -1.3176771 0.62813044
4 -0.023830833 0.43609336 0.98320985 -0.16608179 0.066015184 0.9772277 0.56362367 0.45425984
46 -0.12885937 -0.00043931272 0.96427673 -0.25779626 0.6467135 1.2578259 0.43165672 -0.6426572
2 0.7768502 0.5239049 0.39533332 0.9485626 -0.537655 -1.3880128 -1.5976081 0.075945266
37 1.0090784 0.6340586 -0.118259415 1.5611082 -0.524814 -1.2299937 -1.4859638 -0.014391613
22 1.0358372 0.4561593 -0.18582037 1.4087546 -0.36318892 -1.3673236 -1.5959811 0.1780524
32 0.860583 0.7758817 -0.020758443 1.6648542 -0.60990185 -0.8571338 -1.3848629 -0.5310516
23 0.9753701 0.36433175 0.32208508 1.059762 -0.41232768 -1.4468994 -1.3433063 -0.15794049
35 0.8904859 0.83099574 -0.096041866 1.5915443 -0.5148917 -1.0109105 -1.5042696 -0.342105
21 0.87673527 0.52297056 -0.20998958 1.5918016 -0.48556295 -0.74472725 -1.5873435 -0.37797
12 1.0609989 0.80301964 -0.40478373 1.7777787 -0.20725532 -0.70559436 -1.1566108 -0.70462364
14 1.195944 0.80670124 -0.44801283 1.3149526 -0.22982474 0.5107521 -0.42618275 -0.16111791
13 1.0572072 0.8712793 -0.08107626 1.4724956 -0.4317109 -1.2570822 -1.2881696 0.025486222
7 1.3322259 0.40444425 -0.26669076 1.3231031 -0.17395665 -1.4381994 -1.2641677 0.34904352
30 1.0237185 0.41588908 -0.12653261 1.6453378 0.003738772 -0.7935509 -0.9387476 -1.3415167
31 -0.07287279 -0.7421375 0.34927127 0.12106957 1.15107 0.909745 0.16697182 -0.57771194
33 1.0719935 0.8102439 -0.3026035 1.8750278 -0.5057865 -1.0193455 -1.3038994 -0.34753734
0 0.9970424 0.73535305 0.009773096 1.3715646 -0.59486896 -1.3693851 -1.4164896 0.3796368
40 0.2523957 -0.6934654 0.10233538 0.44474182 0.8711149 1.6575965 0.42447904 -0.6807069
47 -0.4527255 -0.79790473 0.98267794 0.09413684 0.884794 0.9366797 0.54498327 -0.87589866
