50 8
43 -0.09122279 0.7458122 0.5634868 -0.00040397092 0.818483 0.73152596 0.55859464 0.061190445
26 -0.21503285 0.08193621 0.30906358 0.14209385 0.23054348 -0.022395443 0.2046492 1.1827711
27 0.07849023 0.7923348 0.5509706 0.041887034 0.8167738 0.80011594 0.6304103 -0.04896153
23 -0.26358277 1.2295694 0.7841325 0.45265883 0.06800973 0.1519865 -0.34893847 -0.52661824
20 -0.5548167 0.6382241 0.5336932 -0.083317146 0.8577995 0.2697478 0.38603112 0.4031799
1 0.17590033 0.5761446 0.56063116 0.2717948 0.6378339 0.99081665 0.7806106 -0.16835807
6 -0.4623605 0.32679272 0.36148688 0.2066834 0.08908873 0.158704 0.14852402 0.951067
49 -0.16411081 0.8765653 0.91997975 0.14933428 0.39618027 0.51439995 0.75548583 -0.15581647
4 0.17676161 0.618562 0.6018382 0.31829125 0.74651206 1.0672697 0.3124807 -0.52564055
46 -0.47370785 1.044607 1.3594098 -0.040650073 0.45083958 -0.26900262 0.1813461 -0.3572727
39 0.6831462 -0.7133346 0.23399453 0.8251244 0.24235483 0.5930744 -0.085133664 0.33100325
13 -0.059982218 -0.26800263 -0.27548444 1.2735935 -0.36334366 -0.31112453 -1.1714557 0.84828013
14 0.8381192 0.8844766 0.27162087 1.2096806 0.07580124 0.81189424 -0.672507 -1.2365694
28 -0.36913252 1.1231166 0.72158986 -0.16908823 0.70292425 0.80192995 0.5565597 0.024661047
31 -0.27813837 -0.23527642 0.009966315 0.66819364 -0.15922973 -0.45270887 -0.24658167 1.4032243
45 0.18430069 0.12921834 0.6457051 0.017711777 0.7988563 0.8182974 0.45019907 0.19349876
42 -0.23144454 -0.08341946 0.45345923 -0.050324865 0.84041953 -0.038873393 0.1522135 0.83984166
19 -0.7391915 0.9713892 1.0945507 -0.16336149 0.1544136 -0.587475 -0.101790205 0.48199147
18 0.13983387 -0.9660881 -0.044288613 1.0761423 -0.14288525 -0.6083997 -1.1515893 1.0991187
10 -0.7382056 0.75038135 0.6073827 -0.031888105 0.10230994 -0.15789752 0.17626968 0.8643984
0 -0.59788215 0.11224263 0.0804657 0.7423834 -0.40769172 -1.1639256 -0.8004373 1.5258828
36 0.2774011 0.52780575 0.5672162 0.25677738 1.0001663 1.0436158 0.43028253 -0.5038892
9 0.53481907 0.60916203 1.2021263 0.37529725 0.3883425 0.75576156 0.4010663 -0.8941761
24 -0.6001236 0.7225839 0.6298258 0.34361026 -0.045895472 -0.79422235 -0.80356956 0.5355848
8 -0.27012914 -0.52711964 0.16649762 0.11598632 0.25411376 0.21027064 0.2011042 1.6059681
7 -0.43374807 -0.15299726 0.13213147 0.36048064 -0.25403222 -0.77574766 -0.27802312 1.9380478
48 0.4948826 -0.26830366 0.36774632 -0.016405674 0.9432065 0.93864375 0.35899755 0.506482
2 -0.44128335 0.6634348 0.38547224 0.83538646 -0.6254998 -0.9741091 -0.7864121 0.7404315
15 -0.75384015 0.9310314 0.7277454 0.17890725 -0.21627925 -0.48065352 0.12633237 0.7750538
38 0.31128198 0.5777488 0.47439244 0.5911188 0.40933773 1.1436057 0.37678078 -0.5007606
17 0.36382228 -0.17039801 0.8944939 -0.07439172 1.1591084 0.49993214 0.33936265 -0.022284957
12 -0.6920933 0.39511076 -0.029398212 1.0006534 -0.37964678 -1.1445596 -1.1094518 1.0536126
16 0.19548361 -0.105669364 -0.009949662 0.14811683 0.7289059 0.9133346 0.3318488 0.8610695
30 0.2444372 -0.768858 -0.30818945 1.1161367 -0.2033617 -0.35637337 -0.9257472 1.2300645
25 1.0810056 -0.32131645 -0.19515961 1.534687 -0.1895871 0.58614933 -0.9194462 -0.20785075
40 -0.43521282 -0.4357137 -0.12480965 0.92132914 -0.51177996 -0.35645363 -0.25265214 1.6084266
29 0.17855276 -0.53758645 0.029798461 0.15876947 0.96194464 0.3547708 0.03667298 1.0260112
5 -0.09766978 1.3581688 1.2772826 -0.19496267 0.7454771 0.054606643 0.49171445 -0.5065931
3 -0.24121465 0.40976837 0.11435834 1.251748 -0.5630472 -1.3441985 -1.4044172 0.6823965
34 1.0597972 -0.03282841 0.52401364 0.6164875 0.9324419 1.2471801 0.08080301 -0.8734022
22 0.5837885 0.43424496 0.087147735 1.7975824 -0.416263 0.073041506 -1.501196 -1.0717539
41 0.6116281 0.04296267 0.5697666 0.5758451 1.1141628 1.0011578 0.31488234 -0.8569619
47 0.43014324 0.2226257 0.8526351 0.35255754 0.7683276 1.3011458 0.7143057 -0.65246487
44 0.15001705 -1.3156496 0.0032970316 0.24909738 0.77445054 0.32958743 0.1949358 1.5449132
11 0.6878033 0.4203634 0.9690832 0.45942453 0.6918631 1.4175185 0.30124056 -1.1848888
21 0.19383338 -0.26129982 0.01526661 1.7085133 -0.71768683 -0.87338257 -1.7204924 0.23690344
33 0.49636757 0.12084034 0.08432336 1.880945 -0.43409896 -0.53243357 -1.2898962 -0.60653764
32 0.4141211 -0.58576906 0.034532048 1.8541747 -0.8475827 -0.75368977 -1.5595396 0.31918582
35 0.7577279 -0.33704937 0.15676641 2.3797786 -1.1888059 -0.9684814 -1.5120472 -0.31036875
37 0.7875405 -0.5600969 0.24627607 2.151947 -0.9283472 -0.8843531 -1.7031933 -0.2792098
