50 8
24 0.19774754 0.1641904 0.98695606 0.14039364 0.16619124 0.17348075 -0.43247327 0.30462876
46 -0.7163893 0.50059193 0.7556829 -0.08450388 -0.031645853 0.3279679 0.21618578 0.14947069
19 0.38336536 0.20867667 0.89129275 0.4588914 0.5800966 -0.236344 -0.9150283 0.62948036
23 0.19786935 0.29898563 0.9190564 0.044777524 0.46273264 0.16888334 0.31548038 -0.051689714
31 0.49165702 0.3432758 1.0997148 -0.033765152 0.8297597 -0.41091797 0.35034484 0.31106374
49 -0.62908965 0.16843358 0.6479196 -0.045314174 -0.058425568 0.94306135 0.4610146 -0.098132566
40 0.39980188 0.33175376 1.0074692 0.28364396 0.7172768 -0.47276002 0.39754963 0.20117956
36 -0.3743601 0.24433856 1.0779682 -0.43656728 0.65576667 0.29482397 0.284364 -0.4560162
12 0.36797756 0.49611476 0.6808798 0.79402643 0.5058721 -0.45646232 0.32959408 0.51436335
6 -0.26510802 0.3617336 0.83794224 -0.06668556 0.47526956 -0.057096742 0.6319822 0.43792647
26 -0.15535083 0.34547335 0.94860584 -0.025529746 0.75550455 -0.4063618 0.70343155 0.401233
17 -0.4271648 0.106491975 0.9542921 -0.53780776 0.18175797 0.6123874 0.22551379 0.31315798
43 -0.674286 0.2844656 0.86053413 -0.35525623 0.40413034 0.5027799 0.24157956 -0.16080034
30 -0.4402026 0.07709597 1.0493221 0.17487773 0.65085167 -0.46872482 -0.5280383 0.3454991
1 -0.482774 -0.069919035 1.0173175 -0.67378044 0.5849358 0.91271716 0.49616772 -0.46087083
45 -0.10736106 0.62142706 1.1940962 -0.1892942 0.48967573 -0.5589561 0.2791299 0.010786812
27 -0.3920812 0.45815063 0.72553635 -0.41608787 0.24469464 0.71510184 0.77892864 0.07375891
15 -0.5299209 0.29594833 0.4194317 1.0265656 0.38208652 -0.40741608 -0.2263177 0.9611264
34 0.52138895 0.120248206 0.936679 -0.24845414 0.017740054 1.4870214 0.10247021 -0.8522166
16 -0.07542644 -0.005272503 0.75722945 -0.28337896 0.07994396 1.5033919 0.3331455 -0.57493687
39 -0.34498736 -0.117112175 0.8550842 -0.37269208 0.29348412 1.3749442 0.3081227 -0.6973538
2 0.52762514 0.32256693 0.88359797 0.38629958 0.22406347 0.21300103 -0.40447304 0.04383659
42 -0.6890094 0.036560163 1.0951277 -0.22048636 0.89680904 -0.39900115 -0.21760853 0.31248674
28 -0.84797776 0.60777366 0.46369123 -0.40015286 -0.09744981 1.0076244 0.99819994 0.29728803
29 0.25052688 -0.046914 0.6980006 0.30417252 0.72263086 0.9197246 -0.46777633 -0.5282642
9 -0.053831678 0.24983022 0.55650955 0.23944652 -0.87577754 1.7676513 0.19329983 -0.5054716
35 0.024699917 0.4684956 0.89351237 0.54283607 -0.22075345 -0.11487065 -0.9295825 0.40229762
47 -0.07831592 -0.1194753 1.1488572 -0.2760607 0.30324745 0.70845866 0.2515439 -0.7288241
41 0.13001141 0.24534526 0.96228564 -0.4090883 0.6123516 0.82473433 0.6211124 -0.71681845
0 0.044552393 0.35678732 0.60835725 1.0636759 0.14609696 -0.26013476 -0.91320336 0.59649724
38 -0.28121287 0.8389864 0.5761877 -0.20768072 -0.13546316 0.8755744 0.8656299 -0.1344671
4 -0.8196746 0.46815854 0.48698586 -0.18210664 -0.8416282 1.606603 0.67394364 -0.10060392
18 0.032180116 -0.3155122 0.64495903 1.3113585 0.98578244 -0.60814327 -0.53762674 0.74642354
14 0.06824544 0.05828448 0.19505084 0.7957192 -0.6343803 1.9284395 -0.45964527 -0.12841088
22 -0.747633 0.44358873 0.1904983 1.374266 -0.7073519 0.33322808 -0.5941362 0.6549297
48 -0.14662015 0.40746602 0.8172337 -0.6155106 0.22512609 1.3752236 0.17222887 -0.66705567
5 -0.6691744 0.70975333 0.019885924 1.2467624 -0.94913906 0.7695182 0.008345619 0.54268825
32 0.1571749 0.0798974 0.5598888 1.3180245 -0.3047886 0.18901207 -0.563227 0.39273545
21 0.21814406 0.08441521 0.46893093 1.3896445 -0.32829988 0.636811 -0.9010954 -0.08384726
25 0.5392181 -0.042254284 0.18845853 1.3476845 -0.25717127 1.3507173 -0.47822607 -0.050408725
10 -0.8810525 0.657562 0.12738882 1.0959171 -0.2780948 -0.18181516 0.4301699 1.2474406
20 -0.7907145 0.068203695 -0.058160394 1.0789772 -0.63582826 1.1428388 1.1060344 0.6902282
37 0.32442477 -0.051425885 0.26800403 2.1144593 -0.7375977 0.30407017 -0.5663368 0.70400745
33 0.21631745 0.044652387 0.0420107 2.2906866 -0.55954593 0.6362218 -0.39549333 0.22994305
11 -0.5132633 0.15821478 0.2051321 0.49280354 -0.62552315 1.978775 -0.53613573 -0.23274148
7 0.43522677 0.511029 0.6696097 1.2598108 0.49545968 -1.0940017 0.4246889 0.9429951
13 -0.16816986 0.48901182 0.2208085 1.3117759 0.64589053 -0.52308774 -0.57517403 1.326718
44 0.101280056 -0.10621417 0.9365803 0.30272323 1.3615652 -0.713198 0.5893061 0.69505507
3 1.2552049 0.17857723 0.646608 1.4030799 0.34919763 0.07841839 -1.1253197 0.2569028
8 -0.19907346 0.31880686 0.5141311 0.49538505 1.2660055 -0.89744234 0.43051347 1.6438568
