50 8
40 -0.45503297 -0.1710005 0.3157154 0.8462968 0.3318775 -0.72575426 -0.27040416 -0.006634971
43 -0.49889097 0.38591328 0.21130803 0.47935 -0.659394 -0.47953075 0.217924 -0.72950965
1 -0.31873587 0.9195685 0.4056671 0.062015153 -0.61022156 0.0037832372 0.25366125 -0.7495699
36 -0.48836005 0.8175618 0.17017484 0.26234883 -1.1389251 -0.12468852 0.47798386 -0.8451762
26 -0.6762401 0.4830506 0.263762 0.40213525 -0.74521464 -0.3565573 -0.012941468 -1.0716158
17 -0.37112343 0.4223731 0.071042165 0.4389276 -0.9894774 -0.71705425 0.6217249 -0.8219715
28 -0.58962125 0.4565647 0.23696992 0.46285757 -0.81600815 -0.3579661 0.33429027 -0.989671
23 -0.39215425 0.7542753 0.5713377 -0.016600365 -0.2894532 -0.21350673 0.31216303 -0.8115842
49 -0.24642403 0.5682349 0.13207304 0.4153311 -0.8847733 -0.524842 0.6736276 -0.72063625
42 -0.44495216 0.33008096 -0.020723479 0.77112883 -0.5277394 -0.90532655 0.40401444 -0.9542069
20 -0.5824783 0.72609675 0.56759197 0.050070312 -0.59182984 -0.17548141 0.20067933 -1.1633447
29 -0.77196795 0.3568725 0.39140153 0.46637896 -0.5017373 -0.28086612 -0.18276046 -1.0448874
19 0.30281842 -0.20185786 0.5463201 0.589354 0.44239438 -0.4664957 -0.45301506 1.6544181
39 -1.0158435 0.5662298 0.53294575 0.2172416 -0.535762 0.037504397 -0.1669741 -1.1564327
7 0.24669142 -0.29318076 0.32238814 0.80056465 0.73286784 -0.9826123 -0.74416715 1.2298716
46 0.62864095 0.2088979 0.2972185 0.32975784 -0.34798446 -0.5443832 0.5667103 1.2227825
10 0.14848237 0.14354981 0.026778284 1.0321238 -0.1176722 -0.74460226 0.5616278 -0.10197369
45 -0.5531333 0.23472138 0.041500792 0.8116986 -0.4812668 -0.9076691 0.022754319 -1.1382145
6 -0.53068906 0.08528733 0.086861044 0.93566495 -0.55563223 -0.73925817 0.06543569 -0.9149238
34 -0.41750106 1.1959541 0.6689889 -0.22972628 -0.5984944 0.44194826 0.4247791 -0.8740024
5 0.10427932 0.04063702 -0.07327017 0.7670879 -0.71037185 -0.88401824 0.91877306 0.3941028
16 -0.11177872 1.1160219 0.47399086 -0.36993834 -0.82861066 -0.07985092 0.5387136 -0.66975224
27 -0.8845076 0.6856553 0.31274652 0.25367624 -1.0945213 -0.09454964 0.18564373 -1.3069441
18 -0.23143037 -0.16972646 0.9078662 0.7648789 1.1667527 0.038464524 -1.0089359 0.7192301
24 0.44087696 -0.1777445 0.5586624 0.7281923 0.8347336 -0.515327 -0.65170604 1.7781197
31 -0.75628537 0.21062444 0.24739526 0.67895085 -0.3329034 -0.60892993 -0.23697242 -1.1111593
25 -0.24844955 0.97661465 1.0234417 -0.56266177 0.01940531 0.7817333 -0.761005 0.45952636
12 0.5142444 0.057490166 0.694009 0.3953857 0.75562656 -0.26743552 -0.55405134 1.7029269
48 -0.26489407 0.004101952 0.12496382 0.8189023 -0.30212212 -0.8822269 -0.064641945 -0.41463432
8 -0.21198095 -0.24600421 0.040131427 1.0028708 -0.08571493 -1.0661186 -0.3996168 0.021924311
14 0.55209386 1.16923 0.77304447 -0.35982984 0.124291085 0.8037118 -0.0917464 1.4568088
4 -0.035405066 1.0906601 0.41520292 -0.48587984 -0.97666603 -0.040671635 0.7659958 -0.12592486
9 -0.22323222 1.1260496 0.3942082 -0.34817126 -0.76337343 0.19211061 0.7913621 0.041852012
44 -0.7290581 0.5781022 0.5187981 0.29244527 -0.52217805 -0.08198383 -0.43363637 -1.3259975
2 0.2602231 -0.34002963 0.57805675 0.8566162 0.85885775 -0.4862346 -0.6382133 1.9254601
3 0.65620965 0.042407237 0.7710321 0.4352674 0.9308496 -0.17856316 -0.6062775 2.1696892
13 0.03429985 -0.1730076 1.0389144 0.57888263 1.1147113 0.17551534 -0.9529953 1.6051784
11 0.026083013 1.2686398 0.8383593 -0.84368604 -0.8100735 0.71831566 0.49613857 0.4339054
22 0.585061 0.009162003 1.0422792 0.23606355 1.1143268 -0.0014824824 -0.73986 2.0933871
0 0.34420338 -0.29982662 0.8122524 0.7517544 1.0267249 -0.23273374 -0.6903463 1.9977492
41 -0.10729556 1.6499344 1.0355384 -0.9226045 -0.357215 0.86888146 0.2685573 -0.64829093
30 0.40507826 -0.23988655 0.8461913 0.88242745 1.2795299 -0.097684346 -1.0275841 1.6799132
35 0.47674835 0.10401635 1.0748929 0.18738948 0.95629877 0.19280487 -0.55996835 2.03242
21 0.26088467 0.42694882 1.2321206 -0.21434613 0.8027886 0.5991015 -0.87025845 1.8891068
32 0.37063584 0.1933383 1.2498732 0.057312578 1.3020555 0.19801834 -0.91725236 1.6745056
15 0.26409835 -0.42535183 0.022369063 1.0450287 0.11640403 -1.1654098 0.34217927 1.2710841
38 -0.07739298 1.8036362 0.8653755 -1.0365841 -0.50408137 0.6230133 0.12031028 -0.67341197
33 0.81774336 0.55366856 1.244402 -0.34746116 0.93312186 0.32014242 -0.4124725 2.0008872
37 0.6436813 0.33511844 1.2974321 -0.17182712 0.9550701 0.40669495 -0.4203819 2.183612
47 -0.33527324 0.9546185 0.2076836 0.075880736 -1.0319879 -0.20190486 0.56061524 -0.9960951
