50 8
44 -0.7445705 0.16016002 0.36796498 0.73450726 0.41858616 -0.42329553 -0.33633232 0.21489361
19 -0.83610004 -0.21352664 0.54458135 0.68146527 0.15365234 -0.51707613 -0.123628035 0.71581626
24 -0.7215626 0.28930643 0.7657347 0.3446661 0.7746554 -0.12578812 -0.001281215 0.82402986
43 -0.6231635 0.71965164 -0.4271795 0.9808309 -0.20381121 -0.33605617 -0.12848167 -0.8819195
28 0.049019333 0.7346382 0.22062263 0.49441049 -0.48625258 -0.27853608 -0.17243487 -0.34762564
25 0.06788725 0.8756886 0.12718007 0.32578245 -0.04810594 0.2378992 -0.27966172 0.5994009
36 -0.19048113 1.0939488 -0.16205728 0.586628 -0.27597392 0.337039 0.0516507 -0.6593409
23 -0.5123867 0.56847435 0.52197695 0.48763797 0.9867337 0.2501453 0.046888 0.8816734
42 -0.78845847 0.091799155 0.1049189 0.6078918 -0.8388555 -0.44189477 -0.015797434 -0.28844148
39 -0.9846273 0.8403655 -0.16090891 0.6016872 0.53867334 -0.011239391 -0.049469218 -0.28954083
31 -0.5246559 0.5820441 -0.39440197 1.1087592 0.16777638 -0.5700287 -0.3266045 -0.42968956
20 -0.42109454 0.3308799 0.078042194 0.829965 -0.6179842 -0.33463833 -0.56354964 -0.6371274
1 -0.31958643 1.3175625 -0.09675341 0.33796054 0.028754251 0.46015644 0.63777393 -0.5509924
40 -0.8281906 0.87213516 -0.06557176 0.46438742 0.77064955 -0.14527158 -0.07672612 0.22519314
29 -0.52672136 0.539231 -0.25101703 0.8340747 0.29994583 -0.881916 0.27016753 0.037384745
18 -0.53259456 -0.04916144 0.75544745 0.64125675 0.83117074 -0.010492488 0.029712295 1.57073
38 -0.14312148 1.6235524 -0.39850387 0.28587833 0.16271046 0.44235706 0.47811252 -0.25584316
26 -0.17721118 0.11568495 0.29764393 0.5702816 -1.1030195 -0.85888946 -0.4821202 -0.28818303
46 -0.71110713 0.4367446 -0.2773109 0.9187076 -0.38456914 -0.33452898 -0.116465315 -0.52468723
34 -0.118750915 1.1216353 -0.095205076 0.6378722 -0.31916505 0.36416635 0.06586905 -0.82405
16 0.14304449 0.8523404 0.13950692 0.42185056 -1.0236545 -0.2909197 0.04017702 -0.7978022
4 0.23598084 0.7923105 0.19185393 0.40284237 -1.3330545 -0.09263435 0.08273895 -0.8293012
6 -0.7348323 -0.16784728 0.103258885 1.0808126 -0.26497176 -0.79084945 -0.07645405 -0.12378704
48 0.17012982 1.784628 -0.5531496 0.1961003 -0.3739093 -0.16603214 0.21801056 -0.6669958
45 -0.023229588 0.50047904 0.13202883 0.7407847 -1.341518 -0.2998944 -0.17018704 -1.1446363
27 -0.47210905 0.73620564 -0.17393832 1.0302467 -0.18776758 0.1920608 -0.31137818 -1.01989
8 -0.37249663 -0.3286186 0.52117527 1.0982667 0.42456 -0.9292687 -0.3539995 0.74878687
2 -0.39065146 0.005818167 1.0546454 0.2447998 0.72621816 -0.3191251 0.45390767 1.9394276
13 -0.6375708 -0.28557545 0.6519505 0.7654528 0.3929787 -0.3348167 0.23891205 1.2348732
12 -0.23702465 0.03205366 0.857167 0.4817653 0.6423096 0.1437217 0.0710269 1.8130426
49 0.24963973 1.010944 0.26678494 0.11820241 -1.461273 0.1780164 -0.04856959 -0.81114584
10 0.08696123 -0.5743714 1.0184263 0.67672765 -0.8234375 -0.34586537 0.007816462 1.0137804
41 -0.17528377 1.5236007 -0.3923199 0.27162364 -0.4853399 0.1322745 0.41611412 -0.8338736
7 -0.2124409 -0.7064221 0.826174 0.8078506 -0.47293058 -0.89958084 -0.58328956 1.190325
0 -0.39450893 -0.1858379 1.0750829 0.43016392 0.41496766 -0.41976553 -0.3375969 1.3629348
35 0.25897056 1.0473049 0.8775929 -0.3895715 0.50272924 0.15064515 0.023853822 1.5439528
15 -0.46810174 -0.3081558 1.1225401 0.22631095 -1.20358 -0.33384758 0.2569768 0.011287979
17 -0.294197 0.41124725 0.648898 0.1872417 -1.5170094 -0.23407222 -0.29595685 -1.0161706
21 0.24255939 0.390467 1.4212577 -0.38083187 -0.088000305 0.09661172 0.41227627 1.6265055
30 -0.38988543 -0.043029528 0.6868816 0.8683978 1.0558195 -0.22717904 -0.03859914 1.3981572
3 -0.18349558 0.4792766 0.96309775 0.14608088 0.830454 0.38998327 0.112666145 1.6884916
22 -0.6784265 0.42851686 0.7797201 0.3185037 1.128172 0.3971214 0.53656 1.4219612
37 -0.6843789 0.43835372 0.8071746 0.302902 1.2679614 0.3682715 0.39308998 1.5259607
32 -0.39101347 -0.033013575 0.8462264 0.56868637 0.9836631 -0.045713056 0.54034126 2.0153522
14 0.79806584 1.3978518 0.46370804 -0.19468984 -0.88305193 1.014823 0.06772446 0.35528567
9 -0.036599245 0.8636631 0.25237358 -0.07723256 -1.8718622 -0.55401903 0.09214143 -1.030026
47 0.0059958696 0.81981546 0.30521455 0.58977556 -1.1440217 0.62869865 -0.3352378 -1.2647253
11 0.59408647 1.3011379 0.26094148 -0.1287469 -2.027146 0.9163635 -0.5017334 -0.6659085
5 0.3604476 -0.113777906 1.2269278 -0.12659898 -2.562907 0.2684853 -0.15526618 0.18671395
33 0.014161579 0.90231395 1.1546091 -0.4089163 1.0428069 0.2840814 0.37147856 2.0824687
