50 8
39 0.34365964 0.036385074 0.0374608 1.5042424 0.32636118 -0.1080748 -0.06590595 0.14318787
23 0.20217133 0.004000705 0.41398066 0.02549313 0.9225879 1.4714965 -0.27667448 -0.55268717
25 0.04172843 0.12041288 0.29543757 0.5548542 0.6682262 1.1296644 -0.21274053 -0.52459073
40 0.7954454 0.06460429 -0.030424533 1.4601933 0.4206461 -0.11876785 -0.81202716 0.4581488
48 -0.21830447 0.36653286 0.36389753 -0.23924537 0.5829338 0.5510997 -0.06726927 0.4349987
22 -0.3338426 -0.52131 0.7975304 -0.025231047 0.6105997 1.061333 0.52013576 -0.4785828
19 0.41390547 1.0664711 -0.0036458757 0.6417943 0.33882946 -0.34040353 -1.1984308 0.96265775
28 -0.94199264 0.47866115 0.6737949 -0.949399 0.19893077 0.836731 0.30298594 0.6494384
41 -0.20459843 -0.5125943 1.0158362 -0.24004169 0.5565099 0.5763583 0.7618384 -0.23338845
20 -0.9512569 0.47260606 0.7424607 -0.8836347 0.32973376 0.8134614 0.11824404 0.44673726
1 -0.50256765 -0.792983 0.9401386 -0.20622446 0.47243008 1.0172833 1.0689193 -0.30847025
24 0.1663408 0.58814967 0.19691807 0.46887088 0.6450712 0.3152247 -1.0691937 0.24638334
34 -0.7271665 -0.15016583 0.83704954 -0.68135095 0.5228799 1.4435364 0.33899918 -0.23378398
6 0.23054853 0.55910707 0.5654056 0.12806976 0.105965905 -0.3770049 -0.48833454 0.8928372
13 0.47494894 0.484729 0.040358897 1.5272366 -0.05355167 -0.57263464 -0.27364266 0.70004076
31 0.58960086 0.008115137 0.08114722 1.384816 -0.13424219 -0.48235342 -0.21398619 0.96406776
18 0.87072605 0.057233393 0.026760587 1.5181506 0.3476296 -0.66490376 -0.68901443 0.78592086
43 -0.60080177 0.17481767 0.5887227 0.00096730643 -0.07963083 -0.26199445 0.72362226 0.87478894
26 -0.011581982 0.6767709 0.40970424 0.6911432 -0.4166113 -0.9455503 0.22742014 1.1810222
35 -0.0034072455 -0.5586963 0.73434734 0.8865353 0.38492388 0.11768523 0.6157099 -0.44558984
14 -0.6240947 0.21114725 0.75352883 -0.6382228 0.57145905 1.5328385 0.06627427 -0.3692215
12 0.5196983 0.50810087 0.061385795 0.80188155 0.5498869 -0.29643825 -0.9364843 0.7299498
45 -0.7464726 -0.0115069635 0.72549623 -0.15604159 -0.04595108 0.5054946 0.90518266 0.33929628
8 0.49178827 0.22167708 0.12279121 0.9207706 0.022733124 -0.5984423 -0.4186792 1.2201303
49 -0.7830244 -0.063917644 1.0317903 -0.897009 0.31261563 0.91158164 0.91294736 0.09719111
38 -0.5900342 -0.0051464406 0.86376417 -0.6099497 0.51312935 1.3943832 0.43804905 -0.35537225
27 -0.70754045 0.21699452 0.80241203 -0.974255 0.25842997 0.9944352 0.8679901 0.3846332
46 -1.2084658 0.34899563 0.80362225 -1.0379312 0.1076104 0.9720044 0.6587228 0.54553163
4 -1.2446705 0.41116896 0.9791781 -0.83282125 0.16013466 1.3586121 0.7364368 -0.16621093
15 0.78897953 0.29347378 0.29373103 1.285893 -0.028771404 -0.95959073 -0.27142358 0.88468194
16 -0.15188318 0.14141543 0.6832213 -1.150013 0.6918044 1.1881676 -0.29356304 0.52125186
44 0.4668552 -0.39648548 0.63155496 1.3415767 0.026066016 -0.71807665 -0.056586076 0.29620925
2 1.0181572 0.39493924 0.15489212 1.2470556 0.4299947 -0.6127999 -1.1415516 0.6889227
37 0.5232243 -0.19094425 0.45985925 1.3734555 0.36468807 -0.26885864 -0.037390336 -0.0912765
10 -0.67235696 0.43804803 0.251644 -0.027516257 -0.35469577 -0.00668458 0.495231 1.3607793
36 -1.078502 0.39562827 0.95425737 -1.0354179 0.35862705 1.0752919 0.6370354 0.04280829
7 0.86713135 0.84705555 0.01750981 0.8983279 0.25357655 -0.48907635 -0.9726376 1.0354563
9 -0.87208545 0.022858681 1.1596376 -1.083643 0.07203423 0.7581473 1.1993057 0.33462024
33 0.44407615 -0.8221121 0.3398344 1.3594316 0.7998079 0.4678816 0.15229608 -0.63218766
0 0.81075776 0.5509999 -0.045975402 1.2248766 0.542951 -0.51603943 -1.0389574 0.7532986
42 0.22346608 -0.5483458 0.6022534 1.4635801 -0.20517 -0.9798352 0.80360883 0.49702975
29 0.40985334 0.78350395 0.24552608 0.101888046 0.83978534 0.0085943425 -1.2649287 0.55046016
11 -0.8185614 -0.18777618 1.1478126 -1.2079152 0.49321717 1.3316253 0.6257068 -0.06771355
30 0.4773887 -0.109694354 0.27854863 1.863029 -0.05720146 -0.7304917 0.04669457 0.31583846
21 0.8170844 0.27004823 -0.05348746 1.2306502 0.8402185 0.4910676 -1.4201194 -0.018495655
32 0.5111579 -0.021920353 0.22731361 1.6717238 0.06840761 -0.25514975 0.15581332 0.058205336
3 0.9355053 0.38149655 -0.021187048 1.2912761 0.7059907 -0.19642223 -1.269218 0.45118117
47 -1.0081036 -0.21149871 0.81038445 0.2194717 -0.111754276 0.9832474 1.5669571 -0.39016318
5 -0.9457911 0.24721906 0.92946434 -1.1399585 0.07491744 0.9793778 1.2426239 0.4752538
17 -0.37665963 -0.4848946 1.1461803 -1.3706095 0.7034401 0.61203045 0.6248462 0.5375974
