50 8
43 -0.33236027 0.5301655 0.639089 -0.20931487 0.5671653 0.6718975 -0.14377727 0.23689763
39 -0.27718854 0.09487496 0.47305116 0.83381027 0.4733071 -0.32995227 -0.57289165 0.30758664
19 0.18861079 0.26040506 0.32660925 0.3964282 0.75187993 -0.18942848 -0.64031655 0.39239934
40 0.40039575 0.048163574 -0.11624811 1.2724886 0.07164796 0.3083928 -0.8755507 0.63356656
23 0.71155167 0.113700815 0.5444081 0.2990902 0.6552736 -0.3607766 -0.6800607 -0.16018252
46 -0.984527 -0.12029042 1.2570356 -0.07603175 0.623137 0.118598886 0.22937214 -0.33674097
24 0.8374167 0.43577734 0.34144738 0.24324185 0.4854326 -0.03556863 -0.69419795 0.5478195
6 -0.40850934 0.45005462 0.38428727 0.10583452 0.35561284 0.96855325 -0.13576543 0.68259215
27 -0.5334453 0.78822774 0.7291441 -0.18729714 0.45961887 0.9145435 0.30506468 0.26336807
18 -0.05681578 0.09211126 -0.0083345175 1.0022018 0.69067204 -0.35551006 -0.91428363 0.8893441
25 -0.07805713 -0.33841357 0.58895093 0.32252797 0.45809478 0.5163388 -0.19285981 -0.13229746
41 0.39356583 0.37575892 0.76914126 -0.4780955 0.91364205 0.44778752 0.17265278 -0.28135553
29 0.26151597 0.23477592 0.7296111 -0.41078198 1.0449533 -0.20737816 -0.38267675 0.25521237
28 -0.57136834 0.8161708 0.61179316 0.41292584 -0.023680992 0.8246552 0.11649102 0.53862995
36 0.014877975 -0.37155542 1.2694379 -0.23743413 0.33500287 0.73645836 0.48139393 -0.8230122
49 0.58836234 0.26217714 1.2622578 -0.54673284 0.4124697 0.39109433 0.17811295 -0.7060753
34 0.82436526 -0.26844218 1.2123551 -0.30443808 0.26394758 0.43130136 0.23383081 -0.6483458
26 -0.70784205 0.6778262 0.3396903 0.49187142 0.16946019 0.54921347 -0.3106243 1.3764321
30 0.104441546 0.25181782 0.34786022 0.93876565 0.40439 -0.6264438 -0.898411 0.61864936
12 0.54813254 0.40621915 -0.30992883 1.1219674 0.28569308 0.3422919 -0.8924681 1.0528609
16 0.48654822 0.5515294 0.87931806 -0.7968996 0.90126216 0.8055808 0.37354892 -0.39736205
31 -0.4032407 0.5079707 0.22670235 1.0283724 0.11000906 -0.19914901 -0.9223068 1.1347758
21 0.10042564 0.05936701 -0.25600675 1.3701618 -0.13852319 0.81288505 -0.8174496 1.0368545
7 -0.3322667 0.97905976 -0.083780386 0.7082818 0.37329435 0.2687746 -0.81985116 1.5823305
1 1.3138644 -0.92868525 0.85508794 0.5186159 0.634572 -0.28076637 -0.09728679 -1.0308417
17 0.246857 0.4690534 0.6726236 -0.41401032 0.9580494 -0.15421015 -0.36716908 0.57147634
2 0.18377934 0.89832586 0.17278202 0.81938225 0.21690296 -0.4396196 -1.1278243 1.2138879
35 1.3564105 -0.771327 0.8419165 0.8614971 0.11629895 0.06284304 0.13304693 -0.9964021
8 -1.4051383 -0.0043710945 0.453272 0.91624475 0.2768692 0.25711805 -0.44210568 0.8008244
5 1.0181124 -0.38247067 0.97663903 0.32868323 0.13043107 0.950483 0.63886285 -1.2231814
20 -0.5983291 0.21772541 1.032863 -0.30898714 0.26199874 1.2506984 0.5926658 -0.046583567
45 -1.1159295 -0.26327443 1.3503855 0.42499262 0.25025415 0.025353368 0.24667299 -0.65370184
4 0.3418646 -0.01038574 1.3973336 -0.17600285 -0.17302789 1.0200632 0.7758489 -0.7735616
38 -0.36523747 0.6007424 0.91799885 -0.2677242 0.26215398 1.3125464 0.6402052 -0.08821827
14 0.92917895 -0.3339244 1.1088494 -0.28236464 0.27695274 0.9166778 0.38883588 -1.1071837
13 -0.5569882 0.4597925 0.02332252 0.45301604 0.5124347 0.51494896 -0.66957694 1.4279125
9 0.83482295 0.18134373 1.2098476 -0.2972266 0.083680786 1.0152144 0.65089333 -0.9024262
48 -0.14666545 0.45820314 0.31112215 0.1323924 0.86526775 -0.20289221 -0.72500324 0.9677759
15 0.34687912 0.414712 0.18816099 1.0355852 -0.13939317 0.08156359 -0.6201401 1.3027571
22 0.73480695 -1.3581386 1.1319586 0.9153565 0.17555879 -0.4498846 -0.11738954 -0.9866776
11 1.4906515 -0.8705945 1.0911919 0.07049528 0.36804515 0.7306109 0.48792714 -1.5083762
32 1.6566606 -0.5802651 0.59621894 1.3751688 -0.29521698 0.530402 0.36341915 -1.0141389
3 1.0818839 -0.302985 -0.18171988 1.9161732 -0.32367697 -0.05896803 -1.073599 0.65572983
44 -0.1923402 -0.83108884 0.8668024 0.37021685 0.9572715 -1.086857 -0.7133845 0.12890397
33 1.4621006 -1.021011 0.560279 1.420108 -0.07342701 0.67725533 0.48943165 -1.3338937
42 -1.1888868 -0.7389419 1.119461 0.3115605 0.83841515 -0.116120435 0.22187646 -0.24405935
37 1.2046975 -1.634219 0.5325612 1.4146814 0.26419568 -0.56149286 -0.39205343 -0.31693766
10 -1.7437772 0.6968157 0.48926854 0.6914511 -0.12450446 1.6344706 0.3822221 0.48148593
0 0.04090721 0.6860147 -0.5142712 1.4619044 0.35981208 -0.081489444 -1.2635607 1.5171523
47 0.37320855 -2.055273 1.1040933 1.471806 -0.18034063 0.22747687 0.24776325 -1.523573
