50 8
23 0.68231404 -0.26588014 0.79955435 0.6851576 0.48503324 0.13383158 -0.36612278 -0.21146831
19 0.21172453 -0.2193067 0.34106815 0.22867052 0.87436986 -0.161309 -0.16831687 1.3155801
49 -0.18883227 0.22391734 0.83511645 0.036059342 0.41918072 1.1473192 0.28286573 -0.96302295
34 0.6357306 0.5184228 0.6542949 0.21985112 -0.14574723 1.2743629 0.34729704 -0.5680736
26 -0.03246112 -0.15006144 0.40704745 -0.17425294 0.90142554 -0.060535178 0.30130872 1.3758398
20 -0.6986109 -0.0877806 0.38914353 -0.561926 0.7955454 1.0674465 0.8575424 0.36701715
4 -0.43480158 0.716539 1.0782384 0.45368963 -0.53807986 0.7960926 0.22064534 -0.7476945
38 0.8942909 0.47332934 0.6580199 0.41310453 -0.0008126418 1.2071756 0.17935222 -0.7793156
24 0.59765804 -0.018660726 -0.16824037 0.24588686 1.0316045 0.9290405 -0.66287756 0.67942137
18 -0.09951298 -0.45269802 0.47611526 0.9835279 0.5442402 -0.7610943 -0.42908525 1.2947953
9 0.30993024 0.31378484 0.8374307 -0.07723114 0.026899163 1.2677476 0.6508926 -0.67260176
41 0.9924214 -0.5147428 0.32470855 0.4051037 0.49073404 0.92144233 0.7936425 -0.08964988
45 -0.55135983 -0.12738611 1.1687285 -0.4822736 0.9764042 -0.32942718 -0.21218108 0.5839328
27 0.29109883 0.45838687 -0.0013304773 -0.20867893 0.25587997 1.2782992 0.7527958 0.775759
15 -0.028119592 0.40638128 0.2959028 -0.080519564 0.86501384 0.223044 -0.5896173 1.1630619
32 0.93204427 0.30856463 0.5000338 0.62769896 -0.3430354 1.2028167 0.34127128 -0.3956302
29 0.2851104 -0.08674583 0.06913071 -0.0653647 1.2894185 0.8955541 -0.6404189 0.40622374
25 0.8139973 -0.42039543 0.75059277 0.12313419 0.8332817 0.33652702 -0.6705875 0.111953445
1 -0.16608 0.2095595 1.0178846 0.9931232 -0.11756399 0.2590353 -0.098527305 -0.81681323
11 0.108497396 0.2155399 0.59685683 0.19198844 0.58733106 1.4112593 -0.28368446 -1.083197
21 -0.42780337 0.85080725 -0.0045030843 0.23170936 0.014701754 1.5152551 -0.44919834 0.29503286
6 -0.044277992 -0.30664623 0.51557994 -0.22877195 0.5770817 -0.043918245 0.70100754 1.4681339
36 -0.5539977 0.769198 1.2546997 0.47706005 -0.46608216 0.57893443 0.52875876 -0.9702138
2 1.081926 0.4414642 0.11076292 0.9150391 -0.07704151 0.61132306 -0.9627251 0.7330423
40 1.0563498 -0.30407584 0.41397217 0.7813799 -0.25936064 0.03220571 0.4119641 1.2111486
43 0.20359707 -0.5536199 0.77202415 0.43502107 0.2788157 0.6233931 1.4602207 -0.4974099
39 0.65151834 -0.042608116 0.61840004 1.0770365 -0.57298005 0.019473532 0.7073866 0.51845026
28 -1.116984 0.6748281 0.23898707 0.06687026 -0.07198947 0.95387167 0.64679796 0.6590727
35 -0.6044795 0.3076559 1.1414341 1.028294 -0.4916886 0.02034649 -0.1660507 -0.43318403
42 -1.3943324 -0.2142993 1.0590656 -0.18992513 0.80345374 -0.6982514 0.24464056 1.0728751
17 -0.32737654 -0.51913923 1.0291191 -0.639567 1.0228883 0.031717725 0.28790727 0.5527746
14 0.28386703 0.6890671 0.7877889 0.804692 -0.19812596 1.1385516 -0.6052938 -1.1266402
12 -0.1527985 0.6600148 -0.41232312 0.58884424 0.36082262 0.65034956 -0.72582775 1.5830148
37 0.11759422 -0.761496 0.9967092 1.447294 0.2515037 -1.3037755 -0.3467676 0.80925626
33 -0.1843879 0.6678416 0.38761538 0.8764486 -0.21235593 1.3774647 -0.5450176 -0.734143
0 0.14953654 -0.029575193 0.58524084 0.33615667 1.1174575 -0.20824927 -1.3336577 0.71450114
5 -1.2292299 0.7455852 1.0224128 0.36084968 0.1466493 0.4099825 0.19252123 -0.7006563
16 0.48894367 -0.41972426 0.3634192 -0.8146637 1.0744523 1.3689533 0.78416365 0.22841802
3 0.684287 0.80714715 0.30153263 0.58631426 0.58223945 0.26791176 -1.5169644 0.6297962
10 -1.2345148 0.5328483 0.19114701 0.2035772 0.24042971 0.3810076 0.44457638 1.1211755
13 -1.061703 0.7869708 -0.055217788 0.783509 -0.32555145 0.10237844 0.73818547 1.7037275
31 0.283378 -0.28413653 0.47163975 0.9661014 0.094131716 -0.70505536 -0.48279634 1.720358
7 -0.5893159 0.6944343 -0.16227625 -0.06760969 0.5161513 0.5722568 -0.38471395 1.7702166
8 -1.1344697 -0.017595764 0.7456312 0.7137839 0.030148976 -0.8927742 0.44372487 1.5457281
44 0.01330643 -0.8487043 1.2144402 0.8042912 0.7170231 -1.374856 -0.18658704 0.8406269
47 0.07141041 0.2510832 1.1165324 0.6613368 -0.48111004 1.2921709 0.4790514 -1.5876161
46 -0.69491833 0.57345426 1.259852 0.7268599 -0.24614048 0.71594673 -0.15460302 -1.4470135
22 -0.6401785 -0.72048414 1.3601098 1.2262429 0.21702851 -1.1132473 0.022041926 0.028532766
30 -0.22909094 -0.66367507 1.222255 0.9897681 0.053546324 -1.6869903 0.7137822 1.3702625
48 0.83284694 -0.26515317 0.55836654 0.30395558 -0.24956694 1.0838609 1.6338966 -0.119859986
