50 8
19 -0.2686922 0.11219472 0.36811215 0.79571617 -0.022393292 -0.8768219 -0.3015775 -0.20279142
43 -0.44020274 0.36761245 0.19934884 0.38176146 -0.8019185 -0.49960557 0.13569614 -0.33726022
42 -0.50297076 0.57508755 -0.22860509 0.2112021 -0.58031064 -1.0525166 0.34635752 -0.24784826
28 -0.14630641 0.38160673 0.5806935 0.22138017 -1.4184338 -0.19156866 -0.03214913 -0.8084446
1 -0.3235151 1.0715901 0.3098711 -0.35693124 -0.6594418 0.0004235978 0.37609398 -0.1547811
23 -0.35061288 0.055546783 0.38858023 0.6103836 0.48714262 -1.3354853 -0.06494557 0.14115596
17 -0.53178823 0.2162544 0.74928457 0.031584557 -0.55048877 -0.5817428 -0.23677164 -0.47666928
18 -0.3047369 0.22543861 0.1604996 0.7370746 0.8672221 -1.1715823 -0.061481882 0.7543175
29 -0.19400074 0.2764315 0.2631935 0.3806494 -0.93250614 -0.69162565 0.32440618 -0.27551115
27 -0.61483294 0.63252133 0.14162125 0.116804436 -1.2178217 -0.25483736 0.22727594 -0.73656726
26 -0.19710653 0.13974991 0.058990903 0.59604853 -0.07361718 -1.6238405 0.33553618 -0.1294937
41 -0.48451498 0.77105534 0.37196985 -0.16695607 -0.56548744 -0.22770344 0.34183335 -0.15545486
46 0.017695647 0.66813076 0.21912567 0.20987284 -0.90400326 -0.3392795 -0.36553535 -0.49583042
25 -0.5355226 0.94111717 -0.15243684 -0.32947463 -0.67541355 -0.29054517 0.521029 0.69533163
45 -0.2655607 0.4510529 0.12136354 0.3596128 -0.9338345 -0.6751404 0.2007235 -0.6240408
4 -0.0038830063 0.73625 0.6600524 0.18526581 -1.1357018 0.46956617 -0.16429748 -0.5986041
8 -0.011312332 0.09293296 0.20357664 1.0408555 -0.12875259 -0.8658197 -0.32524532 0.079695255
7 0.20681961 -0.028678488 0.53385335 1.2291741 -0.049921878 -0.5356069 -0.54517907 -0.040818818
6 -0.1819012 0.3497904 -0.050133497 0.8068211 -0.3256454 -1.0065982 0.3902248 -0.30523068
38 -0.07911938 0.8268326 0.6066796 0.22375466 -0.72985804 0.44493422 -0.24900027 -0.5418777
40 -0.4786508 0.2537761 0.33036396 0.5814408 0.709797 -0.9048742 0.15995556 0.6868038
49 -0.24202406 0.7172988 0.9636877 -0.28323674 -1.3784345 0.4257395 -0.41367468 -1.052411
16 -0.0046107043 0.8248749 0.71253616 -0.17476207 -0.83077735 0.055401713 -0.023550272 -0.61253864
12 0.120225355 0.0029777654 0.34780222 1.124668 0.41014674 -0.5634286 -0.62231535 1.0505611
36 -0.37902173 1.2526271 0.4754268 -0.53932095 -1.0233037 0.31967992 0.48615393 -0.63956314
31 -0.33362684 0.33920082 -0.082529835 0.315147 -0.300015 -1.4173188 0.6235803 -0.035462517
20 0.13137744 0.61618584 0.74870515 0.14123318 -1.0248995 -0.00050250045 -0.61988664 -0.9204193
15 0.06546562 -0.36761442 0.79838294 1.3655761 0.053147946 -0.7096032 -0.61896175 -0.15662801
5 -0.09060491 0.73909134 0.93265164 0.27800366 -1.0306748 1.0888166 -0.42797163 -0.4322603
48 0.21301065 0.51851076 0.64952797 0.70883214 0.07005595 -0.107693136 -0.86858726 -0.3315456
10 0.21070825 0.22034335 0.2136697 0.9088399 -0.8764488 -0.8823178 -0.0010806151 -0.91273344
9 -0.41061354 1.2183355 0.51672274 -0.45134485 -0.92382634 1.1494234 -0.2112329 0.3855767
39 -0.6467117 1.0120636 -0.35972857 -0.21615323 0.13678744 -0.5660823 0.72274756 1.2836682
0 0.07533841 -0.013953453 0.68935555 1.1698912 1.0385227 -0.44324055 -0.644887 1.3974818
21 0.056610182 0.82893926 1.1601619 0.11482639 0.5463388 1.0265933 -0.77577966 1.2365918
44 -0.26674297 0.553462 -0.17363298 0.08529646 -0.55101144 -1.1616101 0.89587146 0.25089884
11 -0.2876149 1.1225295 0.86472064 -0.37736627 -0.80063504 1.3894012 -0.58748144 0.44931963
14 0.007112114 1.3811988 0.7021879 -0.40188548 -0.6987132 1.478191 -0.5463278 0.5859656
33 0.07848048 1.2469456 0.97905535 -0.15223558 0.9607329 0.85615814 -0.28597802 1.3373765
3 -0.05482451 0.47164485 0.95918953 0.62094724 0.92897534 0.46269205 -1.028013 1.1360102
24 -0.24661621 0.36916605 0.53221226 1.0563685 1.4355371 -0.17237237 -0.8256396 1.2257396
35 -0.21593742 0.8167451 0.68926054 0.022770105 1.1207353 0.14312276 -0.16724527 1.8771278
2 -0.17139213 0.219357 0.6089843 1.0898241 1.3084253 -0.20247109 -0.75788075 1.3939152
37 -0.40661156 1.0215877 1.0048791 -0.008371203 1.4810667 0.73672605 -0.12673908 1.7192948
34 -0.28062943 1.4418727 0.5535306 -0.6402347 -0.857776 1.1166273 -0.18896697 0.2703415
22 -0.2649309 0.86666834 1.0874385 0.103673026 1.1711885 0.8148117 -0.19063877 1.6463306
47 -0.432425 1.3373374 0.14453271 -0.5121216 -0.7378957 0.06356371 0.5619494 -0.40356913
13 -0.1527207 0.04631458 0.0709066 1.3334209 0.4895474 -0.6822439 0.30398288 1.189204
32 -0.16923839 0.464936 0.8345068 0.7012738 1.583637 0.1145301 -0.24818073 1.9052098
30 -0.2670466 0.7604915 -0.23803048 0.6479189 1.0193924 -0.6663119 0.35323852 1.5002589
