50 8
1 0.03664447 0.9413449 0.48641446 0.5886082 -0.8449658 -0.50496614 0.2570413 -0.65612096
43 -0.26932472 0.4798685 0.21027002 0.92077833 -0.5342823 -0.52204543 -0.0062718596 -0.59762746
41 -0.12966049 0.88738614 0.45016184 0.48537987 -0.8452027 -0.063273385 0.33788472 -0.27996075
28 -0.1856527 0.3929993 0.46477586 0.9707725 -0.5473997 -0.4571357 -0.077048086 -0.7917539
20 0.06349484 0.6953972 0.40840143 0.4914116 -0.23187952 -0.31479123 -0.12043052 -0.24235879
40 -0.24331367 0.27378777 0.20892656 0.5121345 0.5126022 -0.8133203 -0.8967569 -0.3176592
34 -0.14622912 0.8602319 0.3632766 0.57280946 -0.8074098 -0.07599552 0.22581969 -0.3578726
31 -0.40700662 0.45582554 0.14676207 0.72625667 -0.046270482 -0.82720464 -0.57274467 -0.7321502
36 -0.2527093 0.7781119 0.35348365 0.7120767 -0.9603652 -0.27350017 0.26927695 -0.45722166
26 -0.16959527 0.529474 0.14147718 0.74996644 -0.1669485 -0.9006713 -0.55979425 -0.73250073
27 -0.19914277 0.7249176 0.2835267 0.71886927 -0.7240878 -0.39936763 -0.12305149 -0.6280397
23 -0.1564061 0.5785711 0.5169019 0.16223097 0.007626065 -0.25576374 0.032237444 0.3272525
42 -0.93120813 0.035961 0.37013087 0.64860296 0.0706761 -0.08063913 -0.32432044 -0.31555697
39 -0.90126675 0.30485028 0.22225995 0.9756965 -0.7025287 -0.48598436 -0.37353736 -1.0771875
29 -0.61577606 0.81260794 0.21311359 0.5139374 -0.94475245 -0.22780398 0.0916238 -0.38761362
18 -0.66969424 -0.38490066 0.33178127 0.4825663 1.0201141 -0.09070639 -0.79419357 0.69717413
38 0.17067279 1.186393 0.08575538 0.5515512 -0.9613785 -0.711581 0.098603785 -0.42337984
6 -0.52337795 0.4455527 0.18855686 0.94420934 -0.549858 -0.85051334 -0.36364377 -1.0371174
17 -1.0038285 0.27021196 0.6141807 0.8760491 -0.93779975 0.073755234 0.18517123 -0.9413673
45 -0.19314672 0.57587516 0.12554562 0.9243615 -0.68454623 -0.61515576 -0.258073 -0.6851223
8 0.25146604 0.5411181 0.023868246 0.7930546 0.22684257 -1.0677768 -0.8678312 -0.63175607
49 -0.7551229 0.68756074 0.6662108 0.41943082 -1.0929838 0.22564895 0.33806142 -0.5213952
25 0.038027562 0.75385356 0.5010837 -0.48051906 0.4783236 0.5146255 -0.3166696 1.5961661
44 -0.44686165 0.6083506 0.26310483 0.73388785 -0.8727188 -0.6474799 -0.5441879 -0.9335726
16 -0.11744026 1.0407662 0.73936635 -0.008470094 -0.59738624 -0.24797058 0.14968444 -0.3368004
4 0.065111145 0.97702724 0.29364824 0.31149897 -0.71614635 0.38942325 0.9336498 0.90087026
15 -0.28635556 -0.15399623 0.6428677 0.3649812 1.1530502 0.38027096 -0.26463282 0.82608587
12 -0.16466217 -0.22437358 0.016781867 0.74683404 0.8711327 -0.5350705 -0.6423631 0.78470445
32 0.2944974 0.41373745 0.5546632 -0.15867122 1.2010916 0.4176497 -0.040097225 1.7884125
33 0.05050145 0.23041539 0.73667425 -0.18694729 1.1383157 0.75885624 -0.024831766 1.828576
30 -0.20055014 -0.009192388 0.2944585 0.18246211 1.509872 -0.040761475 -0.7931496 1.0600132
7 -0.15281609 -0.131209 -0.0068454724 0.765769 1.0191221 -0.57102436 -0.8731528 0.41017395
48 -0.30282614 0.066066004 0.37308326 0.6510382 0.29833537 -0.4677712 -0.6617354 -0.24741484
2 -0.42977282 -0.14286807 0.6347138 -0.05774228 1.5925493 0.5207516 -0.7169497 1.2946799
19 -0.3972982 -0.16530919 0.6216832 0.23034492 1.2612498 1.0572625 -0.25943568 1.41388
21 -0.019638233 0.2745148 0.6104169 -0.26108298 1.373434 0.50876886 -0.34680474 1.6848401
24 -0.34048188 0.18646646 0.39556473 0.069700636 1.351551 0.64934134 -0.14884765 1.4007645
9 0.3466068 1.2280555 0.40712157 0.30877322 -0.91570264 0.2607604 1.0614116 0.61477304
35 0.07095397 0.27753532 0.6995224 -0.29007977 1.1493671 0.49981275 -0.35208896 1.7780799
5 0.20143679 0.8198903 0.6307949 0.5370086 -0.8121356 0.16379377 0.91569656 0.28749266
10 0.19575453 0.50546896 0.09656258 1.1804637 0.03419301 -0.6763199 -0.032591432 -0.6890719
46 -0.11237866 0.48922572 0.81445265 -0.37879285 0.29837394 0.74123013 0.42812118 1.950336
14 0.47026354 1.5156921 0.4983366 -0.28634262 -0.93032885 0.7973664 0.77664524 1.258486
3 -0.2200204 -0.054927003 0.5286489 0.10292843 1.7936949 0.31453913 -0.4310111 1.3188641
11 0.075230695 0.8144264 0.40091798 0.35762098 -0.82225186 0.65953517 0.65841955 0.9186124
13 -0.09428232 -0.087183096 -0.08069897 1.3411051 0.40306535 -1.0249568 -0.8079925 -0.60230964
0 -0.04178754 -0.15061815 0.60581595 -0.03553776 1.7785103 0.45961607 -0.75992316 1.6424472
22 -0.6129061 -0.308793 0.8017686 -0.10706921 1.4073181 1.149474 -0.588534 1.7476573
37 -0.31858277 -0.07562847 0.5422842 -0.025555026 1.2365808 0.8980756 -0.36747923 1.9520485
47 -0.84749293 0.55845666 0.47020352 0.96529615 -1.5066494 0.5956367 0.15789695 -1.0389584
