50 8
46 -0.6810349 0.26733243 1.1169745 -0.27272287 -0.91901237 0.33358556 -0.2408768 -0.25161913
39 -0.041898046 -0.18531238 0.6623514 0.2691556 1.3269638 0.10426015 0.19398919 0.15906009
1 -0.5595472 -0.1686153 1.0861425 -0.21389364 0.21169047 0.662313 0.50143826 -0.40232953
23 0.11774698 0.25140125 1.0080423 0.0028913815 0.6158508 0.7604871 0.06023863 -0.78859824
45 -0.25015202 -0.32328036 1.138764 -0.71871436 0.6198797 -0.38239032 0.03538012 0.28468007
24 -0.3520099 0.4677587 1.0292118 -0.26096225 -1.1008477 -0.032165553 -0.1740905 0.29977566
14 -0.17869297 0.67871124 0.90145177 0.37788078 -1.4159368 0.73022383 -0.21427654 -0.21027982
27 0.031506717 0.006259827 0.8320182 0.089382306 0.9095291 0.9381233 0.52895945 -0.30725604
11 -0.43718335 0.43127236 1.0926495 0.08059529 -0.96197855 0.72459024 -0.58451813 -0.7186459
38 -0.5337015 0.29929185 0.93226045 0.32744598 -0.86590546 0.9377804 0.0427655 -0.43895885
16 -0.05720931 -0.26863596 1.0906461 -0.3864807 0.69951254 0.5035836 0.27125975 -0.18066965
34 -0.12632227 0.26569077 1.1437756 0.37619388 -0.85891485 1.0809497 0.07100843 -0.8885716
4 -0.45695144 0.448022 0.8025932 0.66549027 -1.1907114 0.98067313 -0.13991319 -0.39194596
5 -0.638661 0.5214282 0.93848115 0.02569146 -1.446813 0.32302818 -0.30621845 0.113130085
25 -0.004137082 0.22722447 0.97511476 0.114416435 -0.19973299 1.0150808 -0.007746022 -0.52901167
18 0.22293006 -0.058515117 0.43814003 0.20816487 1.2482978 -1.0572985 -0.42510495 1.3225172
19 0.091142416 0.0466147 0.9457607 -0.39033288 0.69432044 -0.6393306 -0.70108527 0.29642692
26 0.10652611 -0.05710388 0.2892335 0.48407993 1.7578875 -0.20628011 -0.014938789 0.7748727
28 -0.91322225 0.38226563 0.56161106 0.35400245 -0.10491575 0.9444432 0.38385272 -0.10630385
31 0.20720331 -0.0055784923 0.59468496 -0.09813807 1.8380647 -0.22186421 0.14199747 0.54686713
22 -0.5256609 0.5368063 0.6671096 0.29815283 -0.8562252 -0.7372016 -0.57047486 0.73595804
41 -0.29066733 0.083812095 0.8696497 0.42987067 0.5461719 1.3499948 0.507913 -0.99654275
43 0.11912 -0.5359741 0.5743547 0.45318773 1.803119 0.0055252966 0.15398249 0.3750615
17 -0.2734372 -0.5644748 0.9072427 -0.3882249 1.080688 -0.24617727 -0.204305 0.38728794
36 -0.8461074 0.06521711 0.950253 0.19567603 -0.2702691 1.0482719 0.7346583 -0.52546734
6 0.12743634 -0.029895449 0.12656261 0.74453413 1.8857943 -0.27415988 -0.20775999 0.85954225
9 -0.6268684 0.44963402 0.9487371 0.24723126 -1.0007992 1.0533806 0.30488983 -0.42362514
29 0.23457281 0.5570895 0.4407234 0.33611584 1.2072567 0.095981315 -0.12694328 0.22967702
30 0.27684194 0.25710702 0.38055414 0.55387264 1.2319324 -0.73364425 -0.30005017 0.7731949
3 -0.1682556 0.98715067 0.9917278 0.011339246 -1.7036681 -0.09328479 -0.3231794 0.27210978
21 -0.48984653 0.8194469 0.50291747 0.6138351 -1.4476442 -0.31333715 -0.2248163 0.9399129
49 -1.078908 -0.20889255 0.95554245 -0.10681696 0.27024946 0.9784412 0.49240008 -0.518694
12 0.7420494 0.7464528 0.11370469 1.0043063 0.42724207 -0.94205165 -0.8120172 1.3649048
32 0.077221625 1.1421448 0.46434736 0.6755199 -0.9690987 -0.34358886 -0.19681388 0.7500689
2 0.13175747 1.2254348 0.7265057 0.43179607 -1.4823498 -0.15343136 -0.5325614 0.3626152
33 -0.4787568 1.0374936 0.41022453 0.8775748 -1.4233027 -0.13901646 -0.3580287 0.6297664
7 0.7791543 0.36877677 0.3217246 0.6289539 0.8316531 -0.68893856 -0.44877875 1.1965116
35 -0.19225548 0.85200894 0.5883245 0.41267747 -1.4362059 -0.76066935 -0.28937763 1.1786356
20 -0.5401746 0.14568879 0.7094849 0.53567123 -0.16906613 1.3333942 0.6095163 -0.33924097
42 -0.23815753 -0.6338485 1.1144669 -0.82632047 1.5939984 -0.37306774 0.03656336 0.2501304
40 0.6430703 0.16651034 0.14506698 1.1034243 1.3684359 0.053756103 -0.086091705 0.81140715
15 -0.2942355 0.5617816 0.7892855 -0.14927326 -0.9719884 -1.0463996 -0.86334604 0.9867897
47 -0.6056277 -0.19708769 0.9598385 0.030061739 0.03789094 0.58457756 0.23424126 -0.28076482
44 0.58511037 -0.13435706 0.46433473 0.5323416 1.5718565 -0.20595753 -0.18458359 0.6748967
8 0.4945675 -0.33213 0.16732945 0.8457414 1.9772202 -0.12470353 -0.10268469 1.0505155
13 0.5103535 0.64802176 -0.17678761 1.5092074 1.1291703 -0.38431948 -0.639191 1.0384405
0 -0.2530238 0.65847087 0.7450109 -0.046627346 -1.320057 -1.1853907 -1.1347678 1.2322026
37 -0.19276685 0.77589995 0.9565957 0.4249887 -1.9599255 -0.56754225 -0.41773862 0.5181905
48 0.41684046 -0.046328437 0.5467899 0.27569965 1.2270277 -0.12998603 0.1893146 0.7001943
10 -0.18585005 0.2998415 -0.0986969 1.2618998 -0.018408513 0.56382823 -0.09045505 1.2820818
