50 8
17 -0.8584887 0.08630897 0.5381927 -0.014389889 -0.31887782 -0.13561824 -0.39671874 -0.95217115
40 -0.5246415 -0.28833628 0.73021317 0.27046105 -0.01827924 -0.64637566 0.32879263 -0.33657506
1 -0.46205378 -0.10734168 0.422863 0.5799503 -0.39565337 -0.7650809 0.12454274 -0.9273273
6 -0.41240007 -0.19990388 0.33583322 0.6418143 -0.5303261 -0.94280875 0.07683778 -0.69623184
4 -0.46326202 0.685223 0.13640606 0.43864238 -0.73324823 -0.34129304 -0.5316357 -1.2579089
16 -0.50522894 0.4153836 0.41697705 0.2880296 -0.53639746 -0.46100977 -0.1227007 -0.98969305
41 -0.51573354 0.22182977 0.18625267 0.6125414 -0.7672457 -0.7850331 -0.20440856 -1.2282871
34 -0.6349623 0.5618276 0.36032307 0.26480606 -0.42653877 -0.09258314 -0.5252541 -1.2112182
19 -0.059918307 -0.13870364 0.562908 0.43500564 0.5949376 0.66524714 0.080158785 1.6204833
20 -0.5167042 -0.18363725 0.31827873 0.5601247 -0.60218084 -1.2024704 -0.10580702 -1.037737
28 -0.49218935 -0.4299617 0.31804764 0.66497475 -0.80149585 -1.2405542 -0.052419253 -0.964625
49 -0.81997305 0.15381423 0.23898558 0.5212181 -0.6410445 -0.35283807 -0.42922062 -1.5598474
31 -0.49415988 -0.20518492 0.25532883 0.75182986 -0.61511916 -1.1019472 -0.056739386 -1.1602362
39 -0.5990118 -0.23728466 0.16164835 0.7844048 -0.8567043 -1.1140007 -0.1241181 -1.2861139
46 -0.7237717 -0.2753998 0.2603962 0.7500464 -0.9007153 -0.91641426 -0.18858431 -1.4404718
29 -0.20304269 0.5046471 0.377782 0.28831092 0.34188086 0.9050957 -0.1009978 1.2794751
43 -0.6877914 0.017658448 0.29020151 0.6193251 -0.85253197 -0.88543 -0.1523652 -1.5073801
42 -0.7091581 -0.3675878 0.27175298 0.7620955 -0.8562319 -1.0983328 -0.040269453 -1.3099511
15 -0.2623884 -0.35234582 0.8495685 0.24592663 0.15431845 -0.60765743 0.15146981 -0.24032344
44 -0.51502955 0.19841854 0.19879954 0.5964565 -0.8841008 -0.9744999 -0.18724287 -1.2961187
38 -0.5779579 0.4765469 0.13659124 0.5328383 -0.6037439 -0.39599696 -0.5392893 -1.4769267
48 -0.46864545 0.6826287 0.011798791 0.64201546 -0.68065244 -0.3537883 -0.57926905 -1.4669967
18 -0.060591724 -0.20356382 0.79866236 0.26972017 0.73103243 0.19307724 0.45209596 1.8373926
47 -0.8115921 0.17784631 0.26018023 0.4202559 -0.56043464 -0.6950474 -0.41596174 -1.5874536
45 -0.7570848 -0.35818994 0.3751981 0.70195585 -0.7091283 -1.1411704 0.17861055 -1.4357631
27 -0.720078 0.022000577 0.14416747 0.54629433 -0.6959683 -0.70391965 -0.7004059 -1.4696022
14 -0.0008123805 0.95256317 0.37100345 0.083320186 0.75489074 1.1295555 -0.4267305 1.7005671
22 0.058381166 0.41714382 0.58674693 0.26540142 0.95153505 1.0895587 -0.24673377 1.8553936
36 -0.6297684 -0.07650061 0.26179114 0.7024404 -0.8024173 -1.069098 -0.065175295 -1.4554973
0 0.058615893 0.03211236 0.74196243 0.2039478 0.9012361 0.63800097 -0.05312654 1.8073885
33 0.11539664 0.7669074 0.536146 0.225121 0.8673144 1.0563097 -0.25581008 1.9079175
24 -0.11257939 -0.24657202 0.6734628 0.25604048 0.79315126 0.40836117 0.08766831 1.8937165
37 0.032466147 0.6047944 0.6019327 0.19241323 0.9071633 1.1121666 -0.13160846 1.8265451
12 0.1460772 -0.18558708 0.7253097 0.342464 0.6848068 0.084324144 0.25046158 1.8795052
7 0.1577834 0.116514385 0.59546053 0.30136076 0.6945524 0.25334942 0.11682518 2.131356
10 0.21298288 0.32603076 0.3216658 0.62650937 0.3078802 0.17817397 0.27278957 1.4255613
35 0.10326513 0.6973866 0.5746551 0.09403743 0.8307174 1.008098 -0.18644796 2.1166449
21 0.04359336 0.48451078 0.79863405 0.04918077 0.97934186 0.97623104 -0.009430995 2.0950038
32 0.13524176 0.5688996 0.6024012 0.16581221 0.99160933 0.88825047 -0.1681666 2.1571145
13 0.19969498 0.16817416 0.52138335 0.4557012 0.6265579 0.6555274 -0.011014643 2.0686064
8 -0.122748844 -0.36358437 0.50501204 0.33664122 0.09796873 -1.2056391 -0.14244848 0.15661402
25 -0.08492742 1.0257994 -0.06141655 0.39947543 -0.14676997 0.68733513 -0.79020286 0.5527306
23 -0.11904147 -0.08922149 0.96424645 0.02292768 0.91157943 0.484694 0.33047163 2.0538254
30 0.05050893 0.0786077 0.6307203 0.3664346 0.765937 0.6697978 0.15801002 1.8775363
9 -0.35164106 1.2926015 -0.07382594 0.28643134 -0.20066589 1.0481523 -0.60916895 0.26431417
3 -0.061609235 -0.055983257 0.8653468 0.29291496 0.787336 0.89676267 0.43017793 1.9841453
26 0.0022483764 -0.30598912 0.44476932 0.5092941 -0.032485303 -1.4523389 -0.1422177 -0.05445372
2 -0.02690064 0.19861601 0.80264163 0.26574567 0.73259187 0.88560855 0.4463578 1.584883
5 -0.021313913 0.90101004 -0.0102478685 0.56816584 -0.16747677 1.0818207 -0.35543543 0.8295319
11 -0.5905979 1.12935 0.013394538 0.21542515 -0.6251017 1.1071858 -0.7211935 -0.5769602
