50 8
43 0.026115172 0.7074369 0.1343572 0.25554177 -1.1410396 -0.39034343 0.11457312 -0.498862
26 -0.5786799 0.05274026 0.20179832 0.37326127 0.12297227 -0.96330225 -0.6665289 -0.11927347
1 0.22099046 0.84959036 0.05688395 0.44484174 -1.1902542 -0.091785185 0.3548743 -0.62568355
6 -0.80862397 0.1565277 -0.070243835 0.3319902 0.07122911 -1.3380984 -0.44618675 -0.15990986
18 -0.809875 -0.12221487 0.19794734 0.6593003 1.0563539 -0.84746313 -0.49633926 0.4690385
42 -0.6518422 0.34615153 0.4747814 -0.09680029 -0.319694 -0.922782 -0.36847013 -0.61825305
44 0.032498106 0.5470149 0.032013778 0.43921754 -0.4797052 -0.63496244 -0.481665 -0.32683274
45 -0.0682615 0.56969535 0.4461752 0.19739474 -0.8304659 -0.1577748 -0.14598852 -0.61953133
23 -0.32922292 0.37331474 0.154851 0.18048564 -0.64509916 -0.81997097 -0.20738977 0.09024616
8 -0.45860496 0.30619675 -0.24904548 0.596986 0.05687583 -1.178789 -0.5437262 -0.081036106
30 -0.6615742 -0.0024340744 0.44596303 0.49263558 0.8098564 -0.49393395 -0.4455266 0.52812946
31 -0.40488532 0.17704935 -0.43610957 0.87630445 0.38680613 -1.0705905 -0.9398623 -0.03353419
20 -0.068181634 0.37245002 0.79536057 0.24268004 -1.0168183 0.08417751 0.2021458 -0.9176591
34 0.24184582 1.0291253 0.3772647 0.3037188 -1.202654 0.4457466 0.5545437 -0.70737374
13 -0.62415636 0.028883787 0.11457161 0.813437 1.0625885 -0.57739615 -0.3474664 0.7301594
40 -0.6555415 0.2955657 -0.00860673 0.60821265 1.1138042 -0.79874605 -0.5340853 0.78020406
27 -0.31635308 0.36557448 0.6643927 0.14438997 -1.2887267 0.16556576 0.19423658 -0.91529256
19 -0.94421965 -0.3523404 0.28582275 0.52196217 0.68443584 -1.0174658 -1.0866936 -0.0006586325
25 0.26625222 0.94341487 0.12877509 0.396194 -1.2692744 0.20406641 0.24853757 -0.2608759
39 -0.34545884 0.588625 -0.5099178 0.7504933 0.34575027 -0.7097495 -0.49583542 0.47385445
28 0.40300286 0.5777742 0.84377414 0.387717 -1.3984948 0.57172996 0.35861164 -0.8314457
16 -0.049174063 0.5419094 0.66020525 0.158628 -1.3637332 0.1140525 0.14296772 -1.0332824
38 0.2688873 0.83119345 0.24735667 0.481828 -0.9814519 0.29600823 0.11683532 -0.709405
12 -0.6398005 -0.089966916 0.27589503 0.77324474 1.2155004 -0.6954467 -0.29493916 1.2380763
29 -0.08079562 0.60744596 -0.22604232 0.37499395 -0.84139967 -0.92567474 -0.46993694 -0.3395628
3 -0.62723535 0.007247819 0.39153934 0.7439834 1.4293079 -0.40760547 -0.4661431 0.90005845
7 -0.9199781 -0.20850885 0.12536445 0.5147686 0.6903546 -1.2146282 -0.65353054 0.5309702
10 -0.6515782 0.064014204 0.5820706 0.4680903 0.7016442 -0.1366237 -0.27959713 -0.15547293
49 0.31435987 0.7380658 0.5189534 0.4239899 -1.3851694 0.52935064 0.22776547 -0.78681815
2 -0.83556545 -0.047901113 0.748458 0.51570565 1.3581661 -0.013068632 -0.09784385 1.1394814
17 -0.31610385 0.16102706 1.0664471 -0.14370926 -1.1648505 -0.25770372 -0.12039632 -1.0155386
36 0.41797417 0.65445435 0.80689234 0.50786066 -1.0526458 0.83514106 0.57749486 -0.713247
15 -0.9009525 -0.43407688 0.90867156 0.58739537 1.1356192 -0.02587003 -0.06663725 1.0551951
46 -0.031754814 0.2788943 1.0894772 0.133671 -1.0442349 0.22471735 0.51631606 -0.79573303
41 0.48808196 1.3139744 -0.3078334 0.5554948 -1.2704885 -0.0010006911 0.5124667 -0.42908427
24 -0.67473006 0.021413038 0.06431472 0.86454403 1.2768577 -0.54961485 -0.5966672 0.4368698
0 -0.7703341 -0.13080816 0.58210903 0.65512466 1.5487305 -0.2895591 -0.37641606 1.2415651
9 0.20820692 0.9527959 0.81796354 0.22426023 -1.1068373 0.9373948 0.8896073 -0.13630567
48 0.22782397 0.8705566 -0.51409614 0.9656532 -0.03294175 -0.10176031 -0.36187112 0.014352119
4 0.29776642 0.6037531 1.0268561 0.4483382 -0.90986466 1.0945841 0.8671534 -0.24187674
5 0.020200867 0.33635044 1.4222898 0.19739327 -0.8449498 1.1551739 0.8186798 -0.007993506
21 -0.86812353 -0.023162594 0.35923263 0.6717383 1.5245141 -0.48967052 -0.36002728 1.2570271
11 0.2077824 0.6829239 0.98967004 0.24592662 -1.2440498 1.0512654 0.5259808 -0.27717677
47 0.7562142 0.9639642 0.14128377 1.0962585 -0.42810166 1.2297382 0.56471485 0.2869797
33 -0.068699226 -0.054038513 1.056012 0.8606291 1.1431621 0.84624046 0.39888355 1.2914554
22 -0.16225177 -0.5457137 1.7743986 0.62624454 0.62586606 1.183705 0.39097118 0.9997712
14 0.37135398 1.0416288 0.66038585 0.36654443 -1.1962396 1.1826973 0.86314815 -0.06378809
32 -0.3826884 0.057586443 0.6638769 0.91748375 1.3309232 0.53922343 0.3798123 1.5461341
37 -0.68833137 -0.48497784 1.244814 0.6439893 1.3904305 0.35674226 0.0011006107 1.0849202
35 -0.78528774 -0.41686222 1.1124736 0.7581209 1.6015937 0.32053405 0.09296389 1.6511196
