50 8
19 -0.8201623 0.1372859 -1.5155549 -1.2350934 1.4497402 1.0576239 -1.047917 -1.3517029
15 -0.44061366 0.77741027 -1.4220777 -1.4215288 1.027743 1.5387133 -0.7991165 -1.7799966
27 0.5024766 -0.45178422 1.5121036 0.12518096 -0.6720382 -1.5531539 -0.7703557 2.03515
24 -0.85623527 -0.075211525 -1.5726695 -1.3576446 1.6696479 1.0274832 -1.1570596 -1.4715039
36 0.41219687 -0.8021673 2.2039778 -0.36174825 -0.63372713 -0.97603214 -0.9320356 1.5628781
34 0.49860176 -0.49112004 1.9504911 -0.033071976 -0.7069779 -1.0687726 -0.7948796 1.6582195
23 -0.7834879 -0.21498707 -1.3187399 -1.4931779 1.4681009 1.0265244 -1.1671001 -1.2126187
6 0.51163626 -1.0227625 1.9002682 0.092911564 0.5706958 -0.7345255 -0.069695875 0.3096292
28 0.35006624 -0.9014978 2.0994344 -0.46693435 -0.4423556 -0.64041454 -1.0635024 0.9032309
2 -0.45194852 0.6054996 -1.4348183 -1.0714834 1.002085 2.0390143 -1.0658736 -1.3697267
3 -1.0961046 -0.019562427 -1.866636 -1.4045175 1.4232883 1.4991872 -1.6967384 -1.2501569
39 0.8808103 -0.7877713 2.25093 0.15253669 -0.88608944 -0.7710793 -1.0429888 1.7117059
31 0.5364527 -0.6524433 2.0255857 0.018926734 -0.6286701 -0.7668745 -0.8379836 1.5712774
0 0.018880017 1.102066 -1.2647618 -0.35291314 0.7661326 1.9492576 -0.43702275 -1.1505774
43 0.62730134 -0.5944003 2.4013565 -0.0063476795 -0.7306738 -1.073471 -0.513519 1.6850401
21 -0.42785713 1.062242 -1.5522716 -0.66551626 0.8383558 0.64364326 -0.58497155 -1.1147709
7 -0.7348509 -0.080674864 -1.5799755 -0.62855124 1.6674004 1.4681282 -1.2036855 -1.3732016
33 1.0653263 1.9272516 -1.7178323 1.2126 0.075814955 1.8908302 0.040321942 -0.1847119
40 0.52977616 -0.6200766 2.2060368 -0.008962714 -0.78764874 -0.7164546 -0.82344174 1.7089257
41 0.83226305 -0.36758775 1.7394673 0.5807899 -0.8322459 -1.0526872 -0.74891967 2.0483642
38 0.1772659 0.63576674 0.601531 0.40842363 -0.83870023 -1.7282542 -0.36552197 2.2340055
37 0.3574256 1.9095588 -1.6897568 0.22876033 0.5994089 0.55060136 0.7101249 -0.26389465
42 0.5426577 -0.7870077 2.6104221 -0.37837103 -0.47219658 -0.31845105 -0.66986275 0.7619767
20 -0.192336 -0.25524014 0.3720728 -0.0395724 1.3397709 -1.5209194 0.43825668 -0.36784086
12 -0.5029985 -0.15011941 -1.9847088 -0.15146463 1.3606603 1.8897188 -2.020489 -1.2207351
26 0.353396 0.13201888 0.5092262 -0.9816542 1.2251766 -0.08161218 0.5886067 -2.1599216
4 0.20319885 -0.23469764 0.9771933 0.48043662 -0.11335988 -1.7081302 -0.3012519 1.6420172
35 1.041677 2.0406857 -1.7718422 1.4253802 0.069339484 1.7473174 0.22309709 0.06905302
8 0.6824486 -1.2652698 1.9920142 0.1937326 0.5340478 -0.00088210654 -0.40897414 -0.14853828
44 0.5716214 -0.50573415 2.144801 -0.12884766 -0.7528957 -1.0848807 -0.80013627 1.3999304
32 0.9219247 1.9869698 -1.7483594 1.666787 0.16874848 2.13238 0.08083341 0.26386788
14 -0.1677339 1.8729955 -1.1785629 0.9347235 -0.07323171 -1.3884754 0.6536962 1.678228
29 -0.15938039 1.1720557 -0.79940027 0.008765449 0.6122649 -2.1038957 0.9000461 0.83294326
9 0.12082796 1.4550531 -1.1830138 0.910256 -0.09478605 -1.259886 0.47243106 1.8043449
22 0.9136546 1.9874976 -1.6015333 1.4842303 0.09018059 1.5908034 0.29762995 0.2996608
25 0.48610514 1.7449269 -1.5298004 0.9869971 0.29751378 -1.0309708 0.9378269 0.86592263
13 0.16489513 0.47030973 -1.9104418 1.1499888 1.0916145 1.6616279 -0.99582183 -0.3709251
10 -0.19613473 -0.7357394 -0.4658606 -0.06239381 1.6755044 0.84296805 -0.78395355 -1.2443683
1 -0.16501167 -0.59314483 0.474347 -0.8526679 0.30390158 -0.4279521 -0.87811226 0.19979444
11 0.41733944 2.497187 -1.3672247 0.8564874 -0.0794984 -1.6076348 1.2450398 0.6750757
16 -0.22426541 0.8347298 0.9746029 -0.20193315 0.96171504 -1.7902728 1.7081635 -0.06992569
17 0.21564227 0.32896435 1.9294266 -0.677881 0.7555376 0.18777288 0.9175433 -2.003194
18 0.65893835 0.48849097 0.54136974 0.86035466 0.6787132 1.7088962 0.36237913 -0.9462527
30 1.934439 1.6026871 -1.5515447 1.4654496 0.1590832 2.4221325 0.22662815 -0.35508975
45 0.5292401 -0.16634421 1.649237 -0.05977012 -0.48261204 -1.3885114 -0.20468064 1.3282344
5 -0.29831734 1.3531334 -0.18155794 -0.22023256 0.991615 1.0415123 0.7849584 -1.3373649
46 0.54223233 -0.66467535 2.0117826 -0.22092418 -0.5817284 -0.84350026 -0.8009726 1.3628238
47 0.71711886 -0.8705809 2.5795898 -0.42206874 -0.60534036 -0.1638744 -0.9278631 0.5289195
49 0.022673491 -0.2757877 0.9088542 -0.42056993 -0.15087663 -0.95034504 -0.63802034 0.6648514
48 0.39504725 -0.44136104 1.8160648 -0.39047867 -0.5186826 -1.2409818 -0.61927974 1.1425716
