50 8
24 -0.26293015 0.54886764 0.49294823 0.24903753 0.64045686 -0.2592244 -0.3166067 0.23747177
43 -0.3316611 0.51648766 0.3720102 0.48151922 -0.34932604 -0.6411222 0.16973494 -0.47746935
40 -0.62372047 0.16106157 0.8565221 0.10261353 1.0328522 -0.30546767 -0.2826149 -0.012714651
45 -0.26789567 0.64401686 0.44859987 0.37928748 -0.3767897 -0.5287094 0.06749952 -0.60155034
23 -0.37225392 0.48531067 0.5612499 0.32503694 -0.26684746 -0.6012668 -0.14655966 -0.49757162
28 -0.21458276 0.67856514 0.4498516 0.5267803 -0.46380526 -0.44848597 0.18309705 -0.76635325
39 -0.6558533 -0.10536427 0.94164586 2.1008154e-05 0.75422907 -0.488845 -0.5343547 0.44036663
1 -0.1117748 1.1358448 0.1382365 0.69643897 -0.17980592 -0.12230787 0.3792368 -0.9252856
46 0.23686321 1.0815264 0.03527249 0.52930063 -0.8525178 -0.51001686 0.2501317 -0.23504789
27 -0.4252133 0.66295826 0.24882253 0.7339888 -0.11684444 -0.38547006 -0.0031386013 -0.7282739
17 -0.3487776 0.66986614 0.25968543 0.50181633 -0.85446405 -0.6238505 0.14110602 -0.6550242
44 -0.25375155 0.22809449 0.8047352 0.31074414 0.61127514 -0.7255279 -0.42291015 -0.24753249
26 -0.56716627 -0.24334887 0.8598264 0.40878344 -0.46503747 -0.49692672 0.18061563 0.07008122
19 -0.349671 -0.017783167 1.1072949 -0.121449724 0.47743028 -0.008929065 -0.2545623 0.79995275
14 0.068918444 1.497008 -0.3314117 0.6016013 -0.061721124 0.16247146 0.21614878 0.13865441
6 -0.522723 0.1865518 0.6961579 0.5284146 -0.17441714 -0.51174664 -0.11644114 -0.6140664
15 -0.47159323 -0.005156668 0.6922147 0.30795452 -0.23486614 -0.23204699 0.31133285 0.35805055
2 -0.8401183 -0.43226475 1.0914649 0.15850487 0.40353712 0.21035384 0.27524862 0.7981198
34 0.08422651 1.0725143 0.13476786 0.6257306 -0.102619626 -0.3565095 -0.20148186 -0.43905646
20 -0.065013215 0.7352944 0.43380138 0.23694032 -1.1382089 -0.35089728 0.19451606 -0.25439304
8 -0.3578371 0.07121219 0.6319326 0.4715048 -0.026452204 -0.5496175 -0.05571856 0.056848638
41 -0.32660618 0.6123421 0.43938863 0.5290863 0.13394077 -0.69131005 -0.035069827 -0.83689886
42 -0.5320654 0.11102621 0.87587047 0.27712324 -0.4535326 -0.34510857 0.3172246 -0.47680607
49 -0.2182843 1.0523304 0.19853026 0.30315548 -0.9648812 -0.22964317 0.41445288 -0.64184403
31 -0.49491787 0.13343792 0.6891488 0.51261497 0.23539345 -0.9852839 -0.08033884 -0.74277294
16 0.26303625 0.8432721 0.499039 0.024104372 -0.6229355 -0.087489374 0.19266379 0.42310917
36 -0.3379222 0.7212779 0.32125866 0.83152395 0.1479022 -0.4872179 0.1252734 -1.125932
4 -0.04712471 1.0325822 -0.0133786155 0.63005185 -0.67568946 -0.6112441 0.14088354 -0.5270216
18 -0.90558636 -0.54040885 1.3278962 -0.23195432 0.69801736 0.20386188 -0.02850387 1.2609955
25 -0.37159804 0.56867474 0.51948166 -0.019278966 0.66083133 0.5124564 -0.114639685 1.0102361
48 -0.25670275 0.80436033 0.078982584 1.0197476 0.033323772 -0.50500613 -0.109011926 -0.88741726
9 0.008724848 1.4345287 -0.40915373 0.66172403 -0.67776513 0.12875144 0.6872733 0.059203766
21 -0.36425567 -0.0225497 0.9359508 -0.2554794 0.78551584 0.3573906 -0.15428115 1.969959
12 -0.43255362 0.0332859 0.8197651 -0.08907908 0.9768725 0.45761526 0.16572562 1.7574034
10 0.00589044 0.40584567 0.5627494 0.19273153 -0.532711 -0.32019755 0.54939 0.37785086
3 -0.7972349 -0.41780955 1.1534216 -0.2449202 0.7444312 0.45465037 0.21595576 1.8434417
37 -0.43332848 -0.14349756 1.1409867 -0.32971182 0.9884361 0.5224128 0.002070416 2.0995815
22 -0.7481449 -0.19930519 0.93992925 0.08374836 0.9111607 0.5967088 -0.0075544277 1.5351725
5 0.16783701 1.3726174 -0.28064778 0.6806025 -1.1165084 -0.31986883 0.25411966 -0.20867744
30 -0.6547692 -0.3967886 1.2237456 -0.18837593 0.92543316 0.30801404 0.1504608 1.5692272
0 -0.7902469 -0.7765697 1.3667041 -0.13061206 0.6654636 0.23364174 0.3161547 1.7040675
38 -0.07963649 1.0905972 0.041431397 0.6751732 0.30936623 -0.7156397 -0.286357 -0.89422804
13 -0.9108055 -0.4634858 1.097764 0.041602936 0.7226117 0.94605875 0.35664994 1.9667916
33 0.34201846 1.0310408 0.2223328 -0.16555157 1.1480222 0.8173887 0.08927668 2.5769632
29 -0.3493669 0.7506867 0.25199577 -0.15440013 -0.6115471 0.898505 0.6175695 1.5665998
7 -0.17828675 -0.090676 0.6169132 0.30259004 -0.23619579 -0.31570947 -0.27002877 1.3935606
35 -0.072145045 0.61440575 0.45428205 -0.13436909 1.0485958 0.6672044 -0.15857431 2.2201407
11 0.31538698 1.7535818 -0.54032415 0.8379868 -1.1521245 0.51295507 0.28502584 0.3596185
32 -0.24052286 0.14485022 0.9690216 -0.30015695 1.4673672 0.68500817 -0.13856968 2.3123205
47 0.35933915 2.3053446 -0.99072313 0.68825865 -0.864632 0.5692783 -0.09532405 0.4977797
