50 8
26 -0.4421087 0.22485076 0.012888444 0.29713517 -0.53366226 -1.3041122 -0.18906741 -0.18253273
25 0.113616936 0.68237764 0.37730694 0.18380542 -0.062009104 -0.54702234 -0.5589267 1.027629
43 -0.4844145 0.36619884 0.43206313 0.2408095 -0.57740563 -0.67806894 0.2927674 -0.44188833
1 0.17866363 0.9339435 0.35898703 0.20870483 0.4438707 -0.6439273 -0.14504308 0.6224148
48 0.086368985 0.6018508 0.1848248 0.5197433 -0.48028773 -0.41476673 -0.37714642 0.3616202
40 -0.6241862 0.199405 -0.1530287 0.5944741 0.60656816 -0.8798098 -0.5956805 0.18737468
6 -0.70954055 0.12343588 0.0244408 0.33777207 -0.69833255 -0.9621012 -0.2974483 -0.6947575
39 -0.22018997 0.56124586 0.16016538 0.08044005 -0.1702467 -1.1136438 -0.3766613 0.23292735
29 -0.42565116 0.30027235 -0.1271879 0.4632869 0.4387666 -1.2791109 -0.49343842 0.2612233
42 -0.8736639 0.12670405 -0.1390331 0.44106033 -0.4568719 -0.9672408 -0.12266886 -0.6306418
8 -0.31512567 0.41466516 -0.16255425 0.25617376 0.10033045 -1.4762915 -0.5673389 0.15078185
28 -0.6326316 0.16258167 0.16381876 0.098951235 -0.7535001 -1.073231 -0.47015226 -0.6438789
23 -0.19460964 0.46073171 0.03446216 0.20378014 0.41185838 -1.562091 -0.30767262 0.5899785
38 0.09327794 0.9260584 0.44972312 -0.03926283 -0.70478636 -0.80325764 0.0978481 -0.11673384
18 -0.25349703 0.4137296 0.22030264 0.2499013 0.5435072 -0.6942751 -0.82864416 0.81517196
2 -0.2093684 0.5495373 0.36136994 0.55789787 0.9449659 0.09713948 -0.64985657 0.957969
4 -0.10518261 0.770557 1.0178368 0.38883114 -0.68990165 0.58942175 0.7544279 -0.23235384
34 0.20143288 0.96070606 1.119643 0.31455904 -0.845715 0.5684872 0.8427505 0.34795812
20 -0.53366166 0.40372714 0.37161654 0.14014916 -0.76803094 -0.74645835 0.07044301 -1.0774257
12 -0.6530734 0.021292843 -0.2325127 0.7082388 0.78478706 -0.9085013 -0.91027975 0.3285302
19 -0.6577445 0.06782083 -0.2463622 0.56935924 0.8927264 -1.2091657 -0.9978533 0.1468747
15 -1.2605244 -0.4800644 -0.1435745 1.0447463 0.45385718 -0.21632941 -0.60390425 -0.3793472
36 -0.41862345 0.59087276 0.39793867 0.63590205 -1.3068305 0.17270814 0.84946924 -0.70482
41 0.24410611 1.1315616 1.1072967 -0.029745925 -0.8491569 0.024929553 0.8717277 -0.19207314
45 -0.6680979 0.40416735 0.39076734 0.508475 -0.52915204 0.05244506 0.25404257 -1.0629417
31 -0.3722839 0.16018416 -0.04078572 0.36654997 0.633254 -1.4732033 -0.759628 0.59111404
24 -0.5377462 0.25764954 -0.08869931 0.5403547 0.843345 -0.58394736 -1.0588082 0.38339177
7 -0.870165 -0.09949634 -0.16447788 0.9108975 0.8786139 -0.34520024 -0.9134001 0.11440448
44 0.2190635 0.7648696 0.38035357 0.08290653 -0.30376014 -0.5674289 -0.7295672 0.89954543
30 -0.3680285 0.3806087 0.15161891 0.33287525 0.69514376 -0.71238613 -0.86312866 0.25363204
10 -0.874108 0.070997246 0.365868 0.61478776 0.15014379 -0.035667296 -0.13036673 -1.1017206
21 -0.5303803 0.14965962 0.37552047 0.5848096 1.5406506 0.0079810135 -1.0208998 1.1851404
13 -0.6580403 0.16846032 -0.5518946 0.5809261 0.6209916 -1.5457014 -0.7609283 0.08322224
46 -0.3418608 0.5364476 0.2743152 0.28931603 -1.1913491 -0.5888285 0.18020199 -0.6959998
27 -0.7292006 0.37075448 0.6896468 0.39520043 -1.3337969 0.34935313 0.57835126 -1.1586128
0 -0.28889966 0.35695744 0.33956107 0.66338086 1.110596 0.14047459 -0.887055 1.0745178
16 -0.3011546 0.6330481 0.94597304 -0.015109981 -1.0560542 -0.19123876 0.6008546 -0.78072625
22 0.2750708 0.7950049 1.2037624 0.54573596 0.86205196 1.1066762 -0.20850198 1.1102545
9 -0.52272546 0.53977156 1.0707612 0.37189043 -1.2178233 0.88172555 0.8040529 -0.5753915
32 0.51330805 0.8500286 1.0059391 0.55278337 0.017841902 0.5088745 0.19141708 1.4939601
35 0.64011455 1.2734519 1.1051875 0.2182126 -0.3397201 0.62518024 0.3593063 1.4218422
17 -0.90810597 0.06673901 0.64643294 0.6004908 -0.7376461 0.5138617 0.22179537 -1.0184199
3 -0.51424664 0.2175699 -0.06304783 0.57460093 1.2364881 -0.535522 -1.3948525 0.53777844
37 -0.037463535 0.54528767 1.1523528 0.6678801 1.1384057 1.0402361 0.0013370437 1.154186
49 -0.8621327 0.1590352 1.1560742 0.70102423 -0.20852014 1.5309973 0.38229394 -0.5353513
11 0.055050876 0.88197994 1.3851293 0.5508142 -0.9373967 1.6815983 0.62265426 0.48579842
5 -0.72592986 0.2815988 0.908027 1.0409817 -0.67351615 1.8736962 0.45542422 -0.43971467
14 -0.06094404 0.91583145 1.1229811 0.6496956 -0.8194796 1.586188 0.7106427 -0.051269412
33 0.4863199 0.9437087 1.5422139 0.38343728 0.36534896 1.3606794 0.007965521 1.318377
47 -0.6883695 0.25961146 0.61860335 0.8607162 -1.0841422 1.024473 0.24920249 -1.1072464
