50 8
43 -0.60139173 0.3869392 0.21069309 -0.46373785 0.6125466 0.91688144 0.45379722 -0.16802211
31 -0.45127764 0.06717966 0.22823769 -0.0679781 0.40181994 0.79589105 0.3183707 0.2888358
23 -0.15792133 0.6093229 0.5520735 -0.55252266 0.36424202 0.8214516 0.14216451 -0.43752328
39 -0.2918964 -0.10737881 0.30524522 0.14974996 0.68459225 0.5198784 0.12625222 0.057658948
41 -0.2375839 0.5916276 0.35698226 -0.3585579 0.49518943 0.72158074 0.1290942 -0.27687547
45 -0.22599852 0.18535545 0.46793494 -0.408539 0.6977167 0.566078 -0.030690474 -0.22740962
24 0.5377717 0.31278023 0.5057397 0.5260016 0.108801015 0.059168972 -0.7119485 0.5187632
28 -0.4074866 0.69319004 0.33870888 -0.97826934 0.53309333 0.8943409 0.13439189 -0.19061722
16 -0.49127924 0.18862706 0.4926442 -0.6339775 0.54869443 0.910562 0.23512106 -0.3329629
19 -0.034926306 -0.3706963 0.39717788 1.0050204 0.7763843 -0.4068633 -0.48427618 0.7907346
49 -0.21037087 0.85199994 0.5287434 -0.58000547 0.30616608 0.8287994 0.16162322 -0.5606326
12 0.45488122 0.5291212 0.4016841 0.55433965 0.44798815 -0.16394453 -0.8253025 0.26710573
36 -0.23415397 0.822079 0.46771246 -0.63884515 0.52769613 0.6226371 -0.13835281 -0.45422566
27 -0.33995923 0.8605781 0.5398898 -0.84390706 0.10756715 1.0209622 0.56002384 -0.20660277
17 -0.37294328 -0.10571813 0.6906093 0.31391376 -0.128772 0.5021351 0.5474496 0.65065265
1 -0.2390057 0.8373975 0.5300825 -0.8327677 0.33684686 1.0577686 0.20312199 -0.72391564
6 -0.81661946 -0.058011256 0.5787175 -0.14881822 -0.06991825 0.9826798 0.8124057 0.3212382
15 -0.30674168 -0.24260162 0.4975446 0.7536804 0.06646289 0.3683706 0.31583026 0.66226715
34 0.2991967 0.29102686 0.55056924 -0.7619513 0.7866752 0.6582436 -0.6680922 -0.46142292
42 -0.37592182 -0.19238646 0.2762204 -0.34573394 1.2039652 0.37196532 -0.10345171 -0.038927473
25 0.59355026 0.14861333 0.53229785 -0.29671708 0.75521845 0.17494042 -1.241396 -0.0027351503
13 0.23410636 0.23541385 0.27455893 0.57489413 0.73378235 -0.16620447 -0.89665663 0.3067793
4 -0.07723538 0.9969676 0.6284079 -0.78146815 0.04196828 0.8475191 -0.11601964 -0.4049326
26 -0.82707715 -0.7310054 0.17493753 0.7201323 0.536667 0.46375182 0.8106953 1.0763851
40 -0.08945011 -0.15122952 0.36579174 1.4296144 0.09410098 0.12805842 0.5214977 0.8728314
14 0.6280865 0.98669213 0.79514873 -0.29059866 0.26285744 0.037363797 -1.2208953 -0.40666616
44 -0.55558175 -0.6708494 0.20343779 0.22945476 0.8388564 0.71339375 0.44750413 0.31440997
47 -0.1399961 0.7646495 0.7961224 -0.94136083 0.03860248 1.0753834 -0.15283714 -0.66895455
7 -0.1941114 -0.7232544 0.12992072 1.2923361 0.6154379 0.1106886 0.6964017 1.3317324
46 -0.24595757 1.1761681 0.8868371 -0.86642665 -0.29846153 0.91433674 0.24776942 -0.5076011
20 -0.5560927 0.22525969 0.58681625 -0.7673796 0.046113685 1.3915849 0.6790296 -0.23628217
11 0.23643121 0.95825386 0.66745967 -1.1258699 0.40467852 0.8262931 -0.91844684 -0.7901038
0 0.1347017 -0.28744996 0.5592338 1.8172163 0.1334909 -0.48837504 -0.6363719 1.0716757
10 -0.5243403 0.77969605 0.05491418 0.82558525 -0.06391063 0.3377206 0.40188873 0.57643896
18 0.13585594 -0.5383946 0.63121843 1.6667111 -0.0033353798 -0.31571367 -0.38397494 1.3755697
38 -0.18723403 1.1530879 0.49299246 -1.0684688 0.07299204 1.3879766 0.29909056 -0.81080395
21 0.17487814 -0.34784588 0.6351727 1.8980027 -0.05348415 -0.4836279 -0.5229174 1.2551742
9 0.08978048 1.3342983 0.8150709 -0.649919 -0.17958313 0.6739697 -0.37043178 -0.6617504
29 -0.67365485 -0.4471764 0.19902429 1.0911759 0.5096136 -0.013243564 0.45540845 1.0401725
30 0.018365214 -0.42426187 0.5481006 1.839255 0.2934309 -0.66357166 -0.59941036 1.2243019
2 0.17587307 -0.35643193 0.79658157 1.9502952 -0.3454185 -0.34293374 -0.008934562 1.3727087
3 0.5023809 0.63247406 0.32664853 1.4612013 0.42880255 -0.8832466 -1.0888056 0.8950332
5 -0.02854407 1.1065047 0.65971684 -0.79600555 -0.15136099 0.9125491 0.10235906 -0.2669142
8 -0.77243465 -0.3668327 0.07678327 1.6274837 0.05862123 0.16212532 0.9402072 1.498668
48 -0.3612372 0.5985344 0.53563637 -0.99584746 0.19687736 1.1903149 0.30085385 -0.30833134
33 0.9950746 0.291816 0.5132722 1.9216118 0.18045613 -0.8646869 -1.1909353 1.063012
32 0.88294333 0.58605564 0.45823672 1.7799926 0.14702696 -0.9420027 -1.3468134 1.0707521
35 0.9471516 0.25970644 0.7485244 1.7574551 0.27627146 -1.2308767 -1.4598889 1.1026709
22 0.8846295 0.23591688 0.6226448 1.7134271 0.33242777 -1.0488915 -1.4387965 1.074755
37 0.5305475 -0.16583009 0.77212346 1.8601346 -0.3042843 -0.6845089 -0.59062934 1.8147067
