50 8
6 -0.4103502 0.40715867 -0.1273494 0.39015284 0.16253439 -1.1855179 -0.36012655 -0.16499235
20 -0.49042574 0.4516724 0.13573664 0.24780898 -0.27603838 -0.7682391 -0.37900245 -0.34638166
17 -0.62527454 0.32070786 0.39914683 0.5702991 -0.41583827 -0.19277953 -0.30251628 -1.0248513
19 0.40167978 0.5332508 0.28251195 0.49035087 0.19410153 0.32996976 0.19470207 1.6153332
40 -0.27610305 0.5544596 -0.076178305 0.38508257 0.030391203 -1.1911845 -0.27459696 -0.7231828
1 -0.58225083 0.47531763 0.13623945 0.50983256 -0.31067127 -0.78738034 -0.17573851 -1.2298712
34 -0.74753904 0.30549887 0.54661256 0.4208188 -0.47972316 -0.25661406 -0.25269076 -1.1583619
31 -0.29718038 0.43416905 -0.1030457 0.5982666 0.15342645 -1.2128222 -0.3022221 -0.91175777
44 -0.4964273 0.42421257 -0.11555256 0.4484128 -0.37720498 -1.389867 -0.5295942 -1.0581806
15 0.15980992 0.38612708 0.22283638 0.6834177 0.4237543 -0.6303036 0.050362118 -0.3606609
16 -0.21732268 0.4213336 0.7944095 0.28113526 -0.73763865 0.48491684 0.14978145 -0.1602101
49 -0.8080641 0.34097674 0.7333987 0.48434532 -0.52148664 0.06679578 0.030029248 -1.4970045
41 -0.6711408 0.47838515 0.22136678 0.56328213 -0.25678584 -0.43687788 -0.08776432 -1.2639102
39 -0.50442797 0.47848687 -0.04750931 0.39661723 0.033837494 -1.3124785 -0.36136752 -1.0012039
38 -0.7838075 0.49216512 0.5095546 0.36407056 -0.52280074 -0.24558777 -0.038707364 -1.4106059
24 0.19665723 0.5889264 -0.0798007 0.2565328 0.5285458 -0.867693 -0.18864512 0.99366057
42 -0.5095255 0.5917306 0.10282637 0.41223106 -0.14663239 -0.9286412 -0.085492685 -1.1998777
25 -0.22088212 0.36123204 0.6141875 0.23249494 -0.7226927 0.75075656 -0.16055721 0.9515525
48 -0.33026266 0.6371014 0.21686439 0.4283925 -0.45616996 -0.5888859 -0.13812466 -1.3409699
23 0.24897864 0.5979784 -0.033735663 0.11192359 0.6708123 -1.1259624 -0.34397638 0.982493
21 0.2225885 0.6069303 0.5429541 0.33885473 0.2441047 0.87494713 0.14059535 1.9376262
4 -0.6664841 0.36427784 0.69524217 0.40276384 -0.8453453 0.22888443 0.21142185 -0.9109218
28 -0.6263731 0.44247872 0.25808677 0.38597408 -0.45978978 -0.9746283 -0.14136462 -1.3592062
45 -0.49912128 0.618797 0.21024936 0.5400995 -0.025942726 -0.62703824 -0.06660462 -1.6024978
7 0.54360104 0.62750345 0.14018829 0.43543026 0.21241185 0.21362874 0.0014960587 2.0674598
35 0.22429965 0.36060527 0.65686184 0.57352066 0.06432213 0.98497254 0.10974318 1.6128827
22 0.26501763 0.3997711 0.6039726 0.6869973 0.24772161 1.1458197 0.1841036 1.3819824
43 -0.76144916 0.533823 0.25358555 0.41145888 -0.28560078 -0.8687426 -0.16815954 -1.7593497
3 0.5156312 0.7600588 0.40056658 0.2766251 0.551829 0.5917791 0.10765676 1.8824676
36 -0.8517313 0.4470805 0.41699973 0.42706344 -0.60182875 -0.33491722 -0.06968174 -1.4447141
14 0.18250664 0.61172056 0.8649378 0.2607431 -0.26970208 1.4493109 0.055179447 1.3850371
18 0.43048772 0.58539355 0.119954646 0.2542652 0.42152107 -0.17696078 -0.062718354 2.170158
47 -0.427039 0.51273346 0.35253266 0.6217119 0.028206408 -0.5090727 -0.083283536 -1.6075417
27 -0.84892607 0.32520372 0.3518337 0.53772765 -0.587586 -0.57650447 -0.32649186 -1.5266137
8 0.03346651 0.41019243 -0.2674465 0.23483668 0.40438282 -1.4089941 -0.474742 1.250969
9 -0.46175787 0.444129 0.86774224 0.34445542 -0.72619456 1.3489922 0.34728554 0.2336379
0 0.5681756 0.60409 0.6465712 0.5326401 0.8485953 0.6405203 0.24805044 1.1031865
12 0.47434232 0.62398916 0.08620536 0.44282302 0.3483147 0.12260812 0.25519785 2.114437
26 0.13765182 0.512631 -0.09181673 0.055734456 0.32296264 -1.3240608 -0.4002375 1.1335778
13 0.35145038 0.54854906 0.088706456 0.40370056 0.12286595 -0.037389506 0.22585605 2.0511825
30 0.44953817 0.5822128 0.4098116 0.31724793 0.5724896 0.4118363 -0.1320559 1.9477011
46 -0.1593563 0.44949147 0.28002647 0.63387233 -0.0019081254 -0.57515085 -0.010679418 -0.98286587
29 0.04554982 0.43421045 -0.0026080431 0.34357175 -0.14022604 -0.45677355 -0.13761812 1.093352
10 0.29621303 0.5711839 0.030840775 0.39471582 0.15481557 -0.08182546 -0.08590105 1.6136569
5 0.050663777 0.48740137 0.87021166 0.55466694 -0.2185056 1.4730761 0.07862323 0.52192396
33 0.27370724 0.5043979 0.91777056 0.38085037 0.023514114 1.380275 0.27662733 1.7445736
32 0.37233207 0.48222902 0.8844727 0.31409904 -0.05782609 1.2077596 0.33244386 2.0051148
2 0.46473697 0.6991907 0.3602359 0.53985876 0.62367916 0.7070291 0.31700006 1.0952986
37 0.2767768 0.38159484 1.0532091 0.37536523 -0.0066699497 1.2132171 0.13159046 1.5607853
11 -0.39319816 0.43803585 0.98480207 0.28885514 -0.9404093 1.4822294 0.11640509 0.19973716
