50 8
27 -0.13775478 0.44344473 0.8693802 -0.46836632 0.2432891 0.73051625 0.24057749 0.5822818
21 -0.44500965 -0.15995198 1.1677291 0.08832345 0.10688424 0.8805972 -0.5828766 -0.0029548919
28 -0.26575613 0.94785494 0.398394 0.0007342667 0.19492239 0.7117794 0.39118513 0.71999824
19 -0.053367987 0.3197487 0.77050394 -0.018820446 0.2871127 -0.22034049 -0.44778657 0.8841102
39 -0.33969265 0.7001805 -0.5249633 0.87579006 0.21327402 0.037424564 0.06121408 1.4358133
16 0.06812894 -0.70173234 0.9352321 -0.079482384 0.74095625 -0.087618664 -0.81964934 0.45722795
1 0.27972138 -0.8517367 1.0072459 0.35346857 0.6101834 -0.097116426 -0.5752986 0.054029223
49 -0.14489867 -0.077848144 0.9849076 0.1629582 0.44706947 0.70420474 0.0051217037 -0.15997928
23 0.16978958 0.12805048 0.72596335 0.27766106 0.3348733 -0.080117755 -0.37913084 0.53237695
24 -0.14350034 -0.1857296 0.99402696 0.1477023 0.4507115 -0.275693 -1.103559 0.5979539
17 -0.1744761 0.20073047 0.5452503 -0.25176296 0.50348896 0.12194041 -0.44092134 0.9909434
31 -0.007273395 0.3705698 -0.6350054 0.74885815 0.356951 0.2731897 0.8214998 1.2534308
25 0.2891608 -1.3737704 1.0483222 0.41332668 0.6228957 -0.035836484 -0.8032473 0.007607569
45 -0.16464253 0.9768943 0.36513707 0.32800367 0.052978106 0.2388629 0.39703014 0.84100777
42 -0.17731965 0.033185206 -0.18458395 0.2994164 0.52882195 -0.44542092 -0.1980554 1.580098
13 0.13393 0.40349624 -0.6540789 1.3480985 0.36983454 -0.03282998 0.8256281 0.9305718
43 -0.05504128 0.5631498 0.008156586 0.4823528 0.27930102 0.8999697 1.1279788 0.4213477
18 0.35691002 -0.3096841 0.44034365 0.49070185 0.33057946 -0.70480067 -0.6799226 1.0976055
14 0.14277336 -0.73930556 1.7120532 -0.07014626 0.302963 0.55546874 -0.54552656 -0.43294993
26 -0.31844285 0.5642418 -0.22440413 0.23246238 0.3081311 0.080160186 0.41755477 1.4408723
15 -0.2717595 0.8475155 -0.0015575397 0.25064296 0.2278645 0.19648181 -0.08447344 1.2810444
40 0.21367013 0.3495837 -0.77286357 1.2616265 0.3092519 -0.14019212 0.32957837 1.3170519
2 -0.30366048 0.18775581 1.0838475 -0.3849209 0.09377968 0.010848468 -0.58127964 0.8934411
10 -0.41725925 1.0248947 0.07699934 0.31925473 0.09302604 0.63459843 0.5913515 0.9221409
34 0.18188643 -0.6702877 1.7377179 -0.1387772 0.26306462 0.6518016 0.02027835 -0.49862066
20 -0.16913877 -0.23666719 1.2289939 -0.23979965 0.28450897 0.21867616 0.15059589 0.22514316
38 0.20734645 -0.7783982 1.5762124 0.109722525 0.24853848 0.52134293 -0.15246318 -0.47741073
46 0.157409 -0.1095813 1.29029 0.24516037 0.28490222 0.34250903 0.42670426 -0.37111527
6 -0.27592295 1.1557783 0.042695887 0.06979982 0.20806493 -0.1914923 0.5000898 1.5049465
8 -0.01976524 0.3495498 -0.6230069 0.83929944 0.4688779 -0.1291429 0.24360925 1.3988762
32 0.68687904 -0.9351732 0.17093557 1.330385 0.61838007 -0.123195834 0.74542207 -0.097656585
9 0.27354723 -0.5643065 1.7615355 -0.119771264 0.1527388 0.60067886 -0.015738176 -0.4736985
0 -0.1937809 0.457518 -0.19305879 0.26426035 0.54886085 0.33239314 -0.5405422 1.2850254
44 0.41219485 -0.5575598 0.06507614 0.73718244 0.5627073 -0.90139925 -0.4953543 1.1642263
11 0.32251334 -1.0138904 1.284515 0.4212047 0.489388 0.5666356 -0.095213465 -0.6449136
33 0.4359155 -0.9886745 0.81537724 0.92563576 0.41372874 0.91947955 0.9405564 -0.88677436
12 -0.076580174 0.93757117 -0.37049675 1.0891424 0.17065118 0.6172039 0.93897873 0.62039596
35 0.58845985 -1.2168365 0.59835374 1.1309465 0.48395407 0.6315919 0.67579 -0.67194974
29 -0.04721477 -0.5377026 1.2132221 -0.33133405 0.7478672 -0.16995099 -0.9393454 0.43706647
7 0.025716972 1.3504167 -0.34357306 0.7423159 0.13842598 0.31928632 0.9102623 1.0886191
37 0.50183547 -0.417186 0.80868256 1.1011269 0.3442817 -0.968641 -0.6540134 0.28977585
36 -0.0057594627 -0.33535796 1.4942315 -0.17435211 0.36604172 1.0574617 0.7026428 -0.6739637
4 -0.09572593 -0.16887942 1.667646 -0.21089336 0.050673313 0.9482241 0.50151515 -0.5045889
41 0.24432814 0.23921822 -0.38884524 0.70694715 0.27252537 1.1468418 1.7600728 0.40913677
5 -0.17369825 0.30191565 1.3257556 -0.7041093 0.5726854 1.4204775 0.29011497 -0.2959619
30 0.66184187 -0.30242226 -0.06861708 1.6907446 0.36244315 -1.1862528 0.006104143 0.7618711
3 -0.22441812 0.7130657 -0.25028357 0.6121926 0.45474622 0.1138934 -0.4632482 1.2405725
22 0.45954788 -1.038986 0.14325632 1.6075076 0.30270782 -0.5279604 -0.1663268 0.31576768
47 0.23623022 -0.4397048 0.80121523 0.6065355 0.2447892 1.1836092 1.1121402 -0.65327024
48 0.29279083 0.21414128 -0.7855941 0.95360905 0.19286059 0.8778231 1.7315415 0.8472089
