50 8
43 -0.7909579 0.62196666 -0.11090284 0.3165542 0.10506706 -0.27833772 0.49003023 -0.5164609
1 -0.05942036 0.65810364 0.20838483 0.53498477 -0.2690994 1.1396866 0.58209866 -0.38744798
10 -0.12694693 -0.11675184 1.0396746 0.24181017 -0.16500923 0.6875726 0.62229586 0.6843858
15 -0.69883186 -0.52684176 0.8764837 0.50183964 0.37405494 0.43105677 0.44954592 0.8089203
29 -0.6716159 0.769854 -0.061222337 0.18725441 -0.26503482 -1.3089522 -0.13129406 -0.063896015
20 -0.10768608 0.65808904 0.5199112 0.63746023 -1.4266398 0.39336592 -0.3039874 -0.6376212
39 -0.4283222 1.3083465 -0.38716042 0.022753542 0.4238617 -0.44032612 -0.06287165 -0.23527028
18 -0.7497863 0.37249067 0.1597837 0.094790906 1.0210588 -0.95812976 0.08749692 0.94483054
6 -0.7040689 0.94480413 -0.3414463 0.53566325 -0.5621863 -0.45461926 -0.18715826 -0.7741726
27 -0.4551422 0.8684855 0.3413087 0.47596505 -1.0758187 -0.11779641 -0.52713394 -0.92580813
17 -0.8560023 -0.28890777 1.2778794 0.46270445 -0.8944234 -0.062405895 0.028802425 -0.6140661
28 -0.18629612 0.6547967 0.46447757 0.51371545 -1.1200753 0.30887017 0.17101735 -0.77353865
24 -0.3581569 -0.34135965 0.8624879 0.37693805 0.62878305 0.44626886 0.5195142 1.2898723
34 0.24283889 1.2349485 0.3242545 0.4884462 -1.2632339 0.46550727 -0.16485675 -0.99953264
33 0.16189744 -0.0023978371 1.0320116 0.22593261 0.29355252 1.3165507 0.65504014 1.1167347
36 -0.043993678 0.9267279 0.12570104 0.60420835 -1.1210656 0.43816096 0.061031066 -0.76447743
13 -0.8355965 -0.14690794 0.23973426 0.3735698 1.0616368 -0.45191383 0.4023863 1.3688742
45 -0.5196511 0.9111444 0.19514172 0.36242333 -0.86997634 -0.7289961 -0.38946265 -0.7850748
23 -0.11881264 -0.11465421 0.840199 0.24891034 0.4565246 0.75339127 0.68478096 1.1798098
46 -0.07983438 0.09356842 0.7101366 0.6989681 -1.3110791 0.65413433 -0.0614103 0.23005328
37 -0.6371739 -0.07824097 0.53253776 0.15201965 1.2229174 0.12645699 0.5183451 1.3000706
0 -0.8711468 -0.15498818 0.38563195 0.20157069 1.1391885 -0.15470904 0.44629994 1.3625445
14 0.50010335 0.81752264 0.44198215 0.45674014 -0.9501598 1.6015285 0.30652788 0.07131319
42 -0.9359176 1.0404288 -0.45241827 0.20834486 0.16967589 -0.98779976 0.007648858 -0.60014665
22 -0.3470315 0.002476346 0.5596572 0.51311374 0.827901 0.24880187 0.29003042 0.9414022
26 -0.86251706 0.72938097 -0.135713 0.2919626 0.4096619 -1.4649844 -0.40801656 0.048181754
44 -0.53449816 1.2933561 -0.38342455 0.40718934 -0.27108306 -1.1785047 -0.69895893 -0.49669418
21 -0.5260022 -0.12525658 0.6919795 0.18567856 0.9138238 -0.2749028 0.16061239 1.6153535
9 0.11242773 0.60999423 0.67859244 0.35393897 -1.1559507 1.2054789 0.36380526 -0.3249683
8 -0.9965173 0.34937796 0.09494875 0.36628443 0.11682203 -1.3303003 -0.011278793 -0.09909813
32 -0.2910894 0.23078464 0.2489517 0.2592185 0.9918446 0.15898146 0.4931983 1.276648
11 0.18907632 0.6634072 0.7317492 0.6907627 -1.5582716 1.022229 -0.019449864 -0.75232595
12 -0.38221565 0.11863168 0.255079 0.33862537 1.0234334 -0.3520952 0.49262586 1.3709161
7 -0.8194367 -0.21067117 0.3962171 0.43513343 0.71390647 -0.53436047 0.03765913 1.268748
38 0.42069936 1.8869226 -0.34663215 0.28019768 -1.0597808 0.102857694 -0.08908279 -0.7746111
41 0.38279957 1.7068666 -0.13507931 0.48901138 -1.1245279 0.41915783 -0.11941315 -1.1388394
5 0.091034345 0.3587562 0.64793587 0.59416443 -1.0619713 1.2123826 0.52222365 -0.33078715
40 -0.84164417 0.58741146 0.14502858 0.114292294 0.8774509 -1.1680628 0.04797828 0.112394206
19 -0.73249024 -0.35327068 0.5421213 0.41990757 1.0383632 0.39491284 0.56890017 1.3129457
49 -0.05208308 0.7317746 0.6309852 0.5061275 -1.3283228 0.9087083 0.15126342 -0.9853273
31 -0.81400585 1.082418 -0.42018735 0.3596878 0.13268633 -1.3389053 -0.1661439 -0.67165315
30 -0.9287816 0.48422852 -0.11461851 0.43191436 1.1947315 -1.1224036 0.0066786734 0.29959953
4 0.30333185 0.65260416 0.60966516 0.584681 -1.4102602 1.3138844 0.19987184 -0.3114011
2 0.07705374 -0.0825585 0.9482392 0.26257947 0.43254182 0.7222297 0.7250312 1.2712502
16 -0.10589867 1.2200637 0.40955427 0.029577924 -0.8861883 -0.20246729 -0.15709169 -0.78434056
25 0.81166494 1.5358095 0.06893789 0.15538314 -0.58754194 0.6233027 -0.3715925 0.4629826
3 -0.3470306 -0.0933572 0.72041655 0.12338559 1.0712119 0.1488162 0.41576743 1.7677658
47 -0.0550657 1.115325 -0.3242318 0.69733 -0.26100448 0.9056831 0.3143039 -0.78839827
48 -0.2976712 1.5017705 -0.70130086 0.57849437 -0.49097127 -0.6229119 -0.27505493 -0.8355692
35 -0.07839549 0.28031433 0.57297426 0.08093395 0.90714663 0.11644071 0.567205 1.2496723
