50 8
27 -0.64682 0.6560627 0.13507885 0.5573595 -0.065840125 0.13337354 -0.22952533 -1.2688196
1 -0.60201055 0.42603818 0.49665654 0.48448932 -0.11524036 0.10152972 0.10436341 -1.2387724
16 -0.19954568 0.9793436 0.15213214 0.4850017 0.030486936 0.24504192 -0.026878562 -1.0010052
28 -0.58946836 0.76399934 0.22729556 0.5194625 -0.2038413 -0.16236915 -0.24774258 -1.3884984
43 -0.5567679 0.7855401 0.29953805 0.37716246 -0.23981057 -0.50665706 -0.30881196 -1.183676
36 -0.95669407 0.31779972 0.27997476 0.60542655 -0.23501727 0.32132295 0.088472664 -1.2703345
18 -0.077680595 0.1401154 0.9985263 -0.6478008 -0.09711668 -0.51871395 -0.59119445 1.6172985
4 -0.6977695 0.6149314 0.29672804 0.65443754 -0.27323458 0.1969806 0.20160535 -1.4922539
42 -1.2960525 -0.22138748 0.84379995 -0.1353687 -0.36827436 -0.38940582 -0.12610763 -0.9044184
17 -1.0728092 -0.029478643 0.68903935 0.02309188 -0.079503015 -0.20099056 -0.1580607 -0.9900025
8 -0.62930024 0.20436378 0.58667946 0.2311647 -0.732914 -1.1247491 -0.65953374 -0.25552982
41 -0.28029144 1.1230417 0.09263984 0.61384827 -0.00015295956 -0.12938952 -0.07140469 -1.2367646
44 -0.53541607 0.6862321 0.3927355 0.13286993 -0.6891956 -1.0890251 -0.5656188 -0.4366087
34 0.24546494 1.3765465 -0.3458702 0.7758371 0.85927427 0.6623077 -0.4476659 -0.50728214
38 -0.65272224 0.8265402 0.18363103 0.45472097 -0.555947 -0.7589282 -0.57470113 -1.4096452
20 -0.7851926 0.5825073 0.393254 0.29207924 0.12823303 -0.074897096 -0.33005142 -1.6440605
6 -0.8447517 0.33297265 0.53723955 0.056351434 -0.5224918 -0.7970732 -0.3512333 -0.63878477
45 -0.87117106 0.56141937 0.3361637 0.25793934 -0.039515723 -0.2326555 -0.2559088 -1.4476966
10 -0.5701427 -0.0837943 1.1250722 -0.25785437 -0.4352327 -0.56436205 0.0021288467 -0.08942975
11 -0.04291189 0.7287814 -0.0038942446 0.5386242 0.68945706 1.2614131 -0.07403309 -0.0398247
31 -0.65853333 0.51224315 0.40733287 0.26801106 -0.7691576 -1.3030856 -0.63413894 -0.58682466
14 0.16131249 0.80532104 0.1437779 0.3768165 0.85640144 1.1466942 0.13988647 0.3410252
49 -0.84460634 -0.3294294 0.72233725 0.6125721 -0.1663434 0.8926809 0.5177122 -0.92320687
29 0.020334367 0.061950985 0.5614277 0.29906932 0.063887306 0.7122175 0.2205652 1.9426378
21 0.49105513 0.3918617 0.5513578 0.30989683 0.640775 0.9070893 0.0072829435 1.7086647
40 -0.08811204 1.3787097 0.30814776 -0.39444128 -0.2634811 -1.3492354 -0.57541364 0.051284794
19 0.11330774 -0.25231758 1.0447011 -0.1139089 0.24591766 0.7938697 0.067984544 2.1232746
15 -0.40645605 -0.54156375 1.1143085 0.046762437 0.18219723 0.91851544 0.6283147 1.2525936
39 -0.69421583 1.0000612 0.05685018 0.37717533 -0.4647123 -0.6686701 -0.38421386 -1.2852224
30 0.24285409 0.35183275 0.8014076 -0.32909602 0.016086211 -0.27976134 -0.3636658 1.90949
48 -0.073317945 1.2463949 -0.20200592 0.58293605 -0.014278589 -0.51112056 -0.8608634 -0.71566516
47 -0.61239064 0.8562719 0.08814728 0.55816525 -0.31905067 -0.43281 -0.33537945 -1.2215561
26 -0.37129888 0.546964 0.3933979 0.07909552 -0.45497113 -1.2458225 -1.0678145 -0.13831368
33 0.5392758 0.3029291 0.6154306 0.40396267 0.47744665 0.9228251 0.020905765 1.5598078
12 0.12348314 -0.2344372 0.93859196 -0.038213044 0.092759885 -0.089459606 -0.5658405 2.220496
0 0.0017105913 -0.28742403 1.235495 -0.38928202 0.30991828 0.47373822 0.04494374 2.1159742
5 -0.28790134 0.6658739 0.06655192 0.77704483 0.42572066 1.0130343 0.26720765 -0.68876433
13 0.13780314 0.5422145 0.53437144 -0.19182631 0.13000883 -0.53565186 -0.71799916 1.7474848
9 -0.35127074 1.1615411 -0.2581595 0.857793 0.31720912 0.8878317 0.25855246 -1.1489631
37 0.6796929 0.42358008 0.7507833 0.10003271 0.53390133 0.58555514 -0.10756679 2.437292
35 0.19547436 0.114071555 0.53340685 0.4569924 0.3423963 1.1947078 0.2724229 1.7856408
3 -0.10385874 -0.64260936 1.1242462 -0.064933725 0.18795301 0.70752007 -0.23675992 2.3288453
22 0.36147434 0.11170446 0.61330533 0.44092527 0.6345535 1.1505258 0.08312539 1.8632339
24 -0.5664416 -0.95609665 1.3219802 -0.12870592 0.06006298 0.36710355 -0.04652321 1.4322522
25 0.63110816 0.8802587 0.022178791 0.44196287 0.1933202 0.6486989 -0.54179955 1.7817235
46 -0.819984 -0.4939724 0.82307565 0.38922253 -0.28012902 0.66606027 0.2639356 -0.32018661
2 0.24594189 -0.09758653 0.8053788 0.20740457 0.42719218 0.9749777 0.107995 2.3903666
32 0.64123774 0.6368978 0.4673269 0.25516692 0.3727513 0.7200024 0.01936628 2.346179
7 0.08604361 -0.07667733 0.9746122 -0.23525819 0.12818785 0.0045908233 -0.24557157 2.1342037
23 -0.5727047 -0.38761222 1.30512 -0.5379138 0.11618285 0.09235992 0.24221574 0.45281675
