50 8
23 -0.37944418 0.35072902 0.34257427 0.33670807 -0.3445503 -0.4051488 0.028284444 -0.14863227
43 -0.56410176 0.48043436 0.037548788 0.2499595 -0.50296813 -0.61554337 0.14887086 -0.5741258
24 -0.45573714 0.20910607 0.3499034 0.14371492 0.4041752 -0.8425323 -0.4114376 0.50478345
31 -0.6508686 0.03574337 0.05273024 0.35377303 0.07487322 -1.0335821 -0.2275615 0.48718524
19 -0.6394216 0.14189817 0.25689942 0.25715816 0.47993007 -0.7684002 -0.3949377 0.76973635
39 -0.2240671 0.5628903 0.50207317 0.1741954 0.5072466 -0.28882352 -0.4565817 0.7280823
40 -0.68348944 0.10856669 0.21079765 0.24522483 0.5972103 -0.9549783 -0.17810714 0.8653475
28 -0.2505413 0.3989798 0.36545795 0.5448905 -0.782539 -0.18039343 0.25394028 -0.72000927
20 -0.27648112 0.37805825 0.3399139 0.49813905 -0.931314 -0.20940508 -0.018174378 -0.7411321
27 -0.42746508 0.29328394 0.30313396 0.5071172 -0.76753604 -0.32788378 0.31686732 -0.78614146
18 -0.8151873 0.082149416 0.6252447 -0.115554996 0.72711486 -0.6549062 -0.30485982 1.4336493
49 -0.05345748 0.6607633 0.6050908 0.48154753 -0.90698737 0.28461593 -0.12986174 -1.2146881
26 -0.4982566 0.11137822 0.03918092 0.28008687 -0.51038593 -1.0008363 -0.18740267 -0.29411379
45 -0.019968068 0.897698 0.10394471 0.7365642 -0.8480219 0.04958319 0.07622546 -1.2811122
1 -0.021500114 0.753902 0.23433599 0.51705885 -0.95382065 -0.1263553 0.14984919 -0.9472816
34 0.020139953 0.5936312 0.553842 0.79431003 -0.72832215 0.19457138 0.17474578 -1.2264531
16 -0.08940136 0.41782948 0.8175033 0.09739129 -0.7073089 -0.26152304 0.4634681 -0.66700935
6 -0.81940603 -0.14908622 -0.24620086 0.55742896 -0.70165145 -1.209735 -0.039518125 -0.41500026
25 0.158738 0.62665224 1.1996373 -0.3479034 0.12646437 -0.0080982875 -0.5406346 0.54377276
10 -0.6272668 0.38451776 -0.12083495 0.49898958 -0.15815438 -0.6774742 0.21046555 0.12936302
17 -0.39305297 0.54226506 0.030186964 0.7490064 -0.62646204 -0.17771459 0.101918325 -0.81192297
44 -0.25983956 0.41686445 0.075268276 0.25260964 -0.34049642 -0.7751193 -0.5714523 0.02145545
38 -0.012168071 0.7453383 0.46203387 0.5331076 -0.7256334 0.10302875 0.2711529 -1.0552303
12 -0.45528543 0.15696315 0.34975383 0.26478615 0.40043047 -0.7466176 -0.29609835 0.99615747
36 -0.06454569 0.780933 0.25666067 0.6799442 -1.0375255 0.07534554 0.23783398 -1.2062478
4 0.23815435 0.9369209 0.66704077 0.6662923 -0.7339043 0.48372996 0.303103 -1.1441721
41 0.43405417 1.0796344 0.95776296 0.39771938 -0.6280175 0.6784102 0.031589415 -0.79742205
2 -0.5883381 0.14511544 0.79060084 0.38535565 1.1686292 -0.20993038 -0.18894751 1.4055706
15 -0.6089928 0.1386899 0.51796144 0.3431122 0.7378828 -0.52044433 -0.006355506 1.1841992
8 -0.8531655 -0.06710664 -0.22960111 0.6047238 0.0050494387 -1.0585309 -0.3929144 0.15412055
9 0.29749924 0.93520653 0.43370315 0.49522817 -1.1709249 0.024038449 0.030439004 -1.3691747
29 -0.5036392 0.20448749 -0.06589915 0.18365611 -0.7532925 -1.1015376 -0.00849665 -0.049145736
7 -0.8986111 0.022447702 -0.26856577 0.5506309 0.4494442 -1.1499072 -0.2029784 1.0811291
13 -0.9541939 -0.09360984 -0.011211936 0.6757712 0.5689899 -0.7670675 -0.13679071 0.99197227
0 -0.7622143 0.158425 0.86459255 0.093694195 1.1971695 -0.289995 -0.06729022 1.6208382
42 -0.790601 0.7474718 -0.5244955 0.4951522 0.09909478 -0.58652675 -0.13809997 -0.055042855
14 0.4426116 1.2382385 1.3048279 0.23037277 -0.23262706 1.1532571 0.017757194 -0.3072595
32 -0.331311 0.5441519 1.1858495 -0.13706043 1.0749139 0.11640766 -0.40955558 1.4227909
30 -0.33070564 0.33765242 0.39225972 0.20142426 0.72362083 -0.6091433 -0.81156784 1.057893
5 0.14286521 0.85906464 0.39579633 0.77186465 -1.1995463 0.30089277 0.3139811 -1.2877324
35 -0.040777057 0.5305897 1.6375811 -0.22394964 1.1618847 0.26702383 -0.15924762 1.5336559
21 -0.44397655 0.33642086 1.0819923 -0.03531862 1.1016146 -0.12796585 -0.18157396 1.8320082
11 0.2943883 0.9935073 0.87772095 0.5496629 -1.1519856 0.75791395 0.26834208 -1.260682
33 0.21508831 0.92221826 1.6124179 -0.21477103 1.0565268 0.6289535 -0.3793129 0.9444825
3 -0.43527016 0.5619546 0.9361732 -0.2111854 1.1916087 -0.24014251 -0.25842923 1.8442397
22 -0.34253722 0.56474245 1.331931 -0.0066913394 1.6394874 0.29598516 -0.38687387 1.6502697
48 0.96728766 1.3415252 1.6628219 -0.123208106 0.19738926 0.9581538 -0.522758 0.08048611
46 -0.29065624 0.5842712 0.054822136 0.71545684 -0.7044126 -0.30577564 0.5301555 -1.1325344
37 -0.33464924 0.4909606 1.5499861 -0.13199812 1.341961 0.39494118 -0.13977565 1.7078756
47 0.043733906 0.93085384 0.56111544 0.9462071 -0.99617696 0.7988522 0.103598304 -1.6880796
