50 8
43 -0.6821339 0.25689316 0.24387842 0.495999 0.13472153 -0.4307149 -0.23539934 -0.85607946
40 -0.6884102 0.5325284 0.17816165 0.26321748 0.5378567 -0.46517846 0.15507244 -0.9156614
46 -0.26973 0.6405265 -0.22185439 0.36290067 -0.5483219 -0.49541563 0.23115991 -1.0783597
17 -0.46554035 0.38781673 0.08152579 0.33048612 -0.45197055 -0.54769427 -0.14634478 -1.0163003
42 -0.65900236 0.593807 -0.17497374 0.4156636 -0.12886605 -0.16485687 -0.11907966 -1.0014381
6 -0.70625246 0.1697261 0.2185551 0.6239918 -0.29952386 -0.16573413 -0.39205626 -1.0564113
13 -0.06117304 0.55848575 1.050546 0.060365137 0.337273 -0.1466026 0.2936933 1.5947776
15 -0.074779265 0.69384617 0.46117145 0.16530688 0.1277809 -0.03894346 0.16870569 0.6413652
20 0.4098214 0.22290814 0.3231656 0.8100159 -1.2510906 -0.07895122 0.10839074 -0.09111886
31 -0.77626157 0.3036522 -0.0188206 0.6033866 0.10914243 -0.43904883 -0.2535334 -1.1192367
28 -0.5907803 0.4288602 0.013994667 0.40282002 -0.20338899 -0.5267551 -0.030784287 -1.4678055
38 -0.42732376 0.4771356 -0.22575033 0.6492232 -0.02372411 -0.5923857 0.09611638 -1.4473696
19 -0.41362256 0.8878611 0.4607709 -0.32293418 0.76028484 -0.41478983 0.15145189 0.7559981
45 -0.5438871 -0.04221079 0.16656524 1.0404046 -0.7380106 -0.17103954 -0.28814954 -1.4872367
23 -0.5138183 1.0751055 0.20272174 -0.5163404 0.8315703 -0.62585676 0.09013485 0.22152579
34 -0.37472418 0.36081985 -0.28744066 0.9206506 -0.654942 -0.17598179 -0.29932103 -1.478816
36 -0.49617147 0.6866877 -0.49504665 0.5990368 -0.12560467 -0.34953424 0.08660213 -1.5004765
49 -0.34600544 0.47519875 -0.0940575 0.43554437 -0.8881404 -0.39554164 -0.17307782 -1.5752419
1 -0.75629646 0.6216616 -0.28490624 0.5320674 0.57049716 -0.5332485 0.026000466 -1.5962566
44 -0.90109485 0.0139187705 0.11216015 0.9162372 0.09002068 -0.46084085 -0.67909694 -1.534553
27 -0.49159357 0.2589128 -0.13130774 0.83236206 -0.5509093 -0.30819014 -0.3821968 -1.3614125
30 -0.66591686 0.26597401 0.9056147 0.4004838 1.1093776 -0.071295224 -0.3314195 0.48005417
24 -0.3315602 1.1939077 -0.029403184 -0.4531993 0.7220959 -0.65525 0.25475758 0.20730141
47 -0.57968515 0.36906642 -0.07864601 0.5783378 -0.42655683 -0.3484406 -0.34748954 -1.4483937
26 -0.5980314 -0.029872954 0.9801829 0.5400631 0.1669781 -0.016762896 -0.88748634 0.702563
37 0.3820759 0.48023373 1.2089578 0.29999337 -0.38140753 0.35819983 0.27652737 1.8141752
39 -0.85880774 0.45790708 -0.20326515 0.50704765 0.17853254 -0.5282958 -0.3449476 -1.4540819
14 0.6528493 1.3585424 0.13574502 -0.10813209 -0.6942292 0.3661355 0.38666224 1.4901781
0 0.12935941 0.9089652 0.8960116 -0.19956376 0.29665548 -0.031319343 0.17352214 1.8654305
7 -0.019595822 0.9357294 0.5741176 -0.15181416 0.31484264 -0.015950713 0.30932745 1.493857
25 0.46728095 0.62648344 0.8550124 0.3716017 -0.8638316 0.67645717 0.13206159 1.896136
4 0.021491338 0.0895056 0.18466453 0.8586555 -1.489343 -0.089923784 -0.17222373 -0.65596414
33 0.3397133 1.0714737 0.8361194 -0.26781875 0.04135186 0.12736079 0.23165457 2.086029
10 0.28525087 0.51652384 0.7645739 0.47240072 -0.20691599 0.19530343 0.1564815 1.6562861
21 0.40995923 1.0354222 0.5498761 -0.029288096 -0.29732153 0.24485293 0.709263 1.6489463
48 -0.49845162 0.40061125 -0.267443 0.649777 -0.60655355 -0.46737495 -0.18726605 -1.5094117
3 0.12712412 1.2520517 0.45437625 -0.44801232 0.3283159 -0.12584518 0.40365884 1.5091602
9 0.41672498 0.73895854 0.17029484 0.14594936 -1.6182356 0.19108479 0.18241972 0.90316105
8 -0.730687 -0.26817635 0.83050245 0.8241216 0.16486537 -0.29515892 -0.8574062 -0.12423544
16 0.42745018 0.4299832 0.071821176 0.76777595 -1.293948 0.0022427633 0.43352926 -0.41251758
18 -0.479256 -0.09697102 1.2946409 0.74706984 0.4816961 0.25435096 -0.46955106 1.2955151
5 0.5399052 0.8888856 0.66549575 0.03940875 -0.56690496 0.18558958 0.33632424 1.6649028
41 -0.8285108 0.3259501 -0.25967288 0.8446998 -0.05562162 -0.3330129 -0.36367184 -1.8411199
29 -0.09024845 0.48506787 0.33408517 0.35410807 -0.5771325 0.01240741 0.081268944 0.6333561
2 0.4775527 1.3373263 0.40168485 -0.35963753 0.27078152 -0.09993985 0.7549035 1.452795
35 0.03796365 0.78352565 0.93560624 -0.1132879 0.31396565 -0.012382357 0.13073581 2.0401866
12 0.23977359 1.2959341 0.08302505 -0.18660776 0.58634937 -0.35879472 0.859584 0.89882725
11 0.58218974 0.4545828 0.20036666 0.84633905 -1.7107202 0.63757586 0.030608388 0.5908152
22 0.07632585 0.08536197 1.4341109 0.6679457 -0.1562096 0.4888387 -0.23216116 1.927349
32 -0.23189615 0.12232111 1.1994156 0.7703131 0.15390728 0.6847713 -0.4891963 1.8853929
