50 8
1 -0.5080609 0.027730351 0.8521314 -0.23966369 0.6156314 0.76766056 0.79812735 0.22155455
36 -0.42595345 0.59652054 0.7756673 -0.13142587 0.22751054 0.7925379 0.5860008 0.5008118
23 -0.3625288 0.9449692 0.5704294 0.45307183 0.8186763 0.3990785 0.29181227 0.25394902
49 0.19111852 0.45484617 0.86838156 -0.6001951 -0.099452466 1.0952398 0.07737903 0.25166145
8 -0.3142702 -0.66651744 0.3053216 0.77673036 0.96641177 0.33077976 0.3272758 0.17013958
26 -0.55679595 -0.48484245 0.56044644 0.60557634 0.9155523 -0.009832002 0.5513353 0.39779222
17 -0.2940175 0.2515031 1.1320248 -0.9763999 0.8188367 0.052456275 0.20386352 0.70880586
6 -0.07861997 -0.46283597 0.55229974 -0.13745709 1.0727693 0.958351 0.15981156 -0.20134076
34 0.6595824 0.28746012 0.5699057 -0.22739483 0.023663478 1.1344401 -0.36419633 -0.14014402
28 -0.26885077 0.03800791 0.6286462 -0.15384813 0.57614166 1.0096618 0.45040417 0.18577237
41 0.1665524 -0.49380475 0.51664287 -0.11702582 0.68894064 1.5338217 0.3368039 -0.5504133
27 0.0077010123 0.13173148 0.58455634 -0.24303912 0.6455057 1.5075122 0.47138584 -0.23778413
40 -0.3145411 -0.5662918 0.45612475 0.4094954 1.0357821 0.76072425 0.6892563 -0.058687344
42 -0.5454471 -0.43224964 0.8518732 -0.41168326 1.4092121 0.24696289 0.7170253 0.34879285
48 0.14513315 -0.34184316 0.63284576 -0.30710128 0.81061786 1.2360771 0.20521294 -0.40686336
21 0.8979161 0.1602572 0.49552998 1.2626121 -1.5802997 -0.13472477 -1.2035164 0.37116665
20 0.45629442 -0.23334835 0.61482364 -0.19101883 -0.7522858 1.4264907 0.15769869 0.16068467
43 -0.18900852 -0.19987164 0.95389163 -0.7905305 1.0074131 0.65082175 0.42675406 0.18345632
10 -0.016847512 0.8164855 0.7001309 0.7554115 -0.33520484 -0.279988 -0.2695374 0.6094188
39 -0.6540519 -0.2973358 0.5499006 0.30216643 1.3343989 0.742689 0.83169395 -0.06919048
31 -0.6410944 -0.39780614 0.5080316 0.35619822 1.0580038 0.73312247 0.9061336 0.16884655
46 0.52128017 -0.15728574 0.40219316 0.43577433 0.016248574 0.867362 -0.5797702 -0.36624634
38 0.064142525 0.011456109 0.57543176 -0.18500884 0.7545219 1.3991944 0.3620854 -0.37027967
14 0.99890035 0.5799212 0.47814634 0.90876675 -1.211542 0.121308856 -1.1927869 0.32531726
5 0.2176616 -0.103219695 1.1184651 -0.67034614 -0.56462467 -0.10181491 -0.038704835 0.95934737
13 0.21881576 0.29052413 0.2652469 1.1566017 0.525982 -0.25192603 -0.6655691 0.27270362
45 -0.43046615 -1.0542185 1.2099613 -0.69431573 0.32688436 0.087883204 0.49360612 0.3628184
12 0.11407115 1.2221287 0.460071 1.1096022 0.605481 -0.7173206 -0.880094 0.43976927
4 1.0816169 -0.39059198 0.51516825 -0.09168052 -0.7358257 1.3100705 -0.6651083 -0.30317795
25 1.1288564 -1.3508344 0.23437175 0.94918877 -0.93732643 0.48659402 -1.0397509 -0.14603765
9 0.99139696 0.12958656 0.6833321 -0.12925512 -1.0889109 1.4016768 -0.08599735 -0.111533925
47 -0.228155 -1.0597155 0.8600803 -0.29269725 0.37796932 0.52593935 0.68202615 0.23647182
15 -0.45645428 0.9026553 1.1966794 0.25909355 -0.4283784 -0.87153274 0.25976402 1.1875702
7 0.42967856 1.0307415 0.45936897 1.4482948 -0.04733579 -0.89991426 -0.8045616 0.58400905
19 -0.11307882 1.5154322 1.1424352 -0.09485842 -0.2199438 -0.42405304 -0.5651039 0.6823394
35 0.63624525 -0.8876902 0.8081195 0.90782726 -0.4072307 -1.5419141 -1.1071124 0.67633444
30 -0.29504925 -0.78008336 0.5836892 1.7101738 0.5365215 -1.5674645 -0.41044423 0.43275672
3 0.5465805 0.7446206 0.25442442 1.5718293 -0.004724971 -1.0393027 -1.2000182 0.85149866
18 -0.11682094 -1.6919863 0.52055544 1.0590373 0.86356115 -0.9855423 -0.35033605 0.2476523
33 1.0769742 0.07710048 0.18042965 1.8060074 -1.0417827 -0.4027166 -1.4683647 0.23713636
16 0.4861984 -0.24358572 0.5501515 -0.39966115 0.039724182 1.5332193 0.37101158 0.11238859
24 -0.19410136 1.9095088 0.8696098 0.85166377 -0.5516407 -0.4441551 -0.22813773 0.8130214
0 -0.015376752 0.8721675 0.81251794 1.3689305 -0.24800964 -1.7805808 -0.78548837 1.1756269
11 1.2755138 -0.8638255 0.9983199 -0.41798595 -1.2013047 0.13897789 -1.2807614 0.038928397
32 0.74693084 -0.46691284 0.342398 2.0263758 -0.468694 -1.230037 -1.1633902 0.24375053
44 0.20920984 -2.102753 0.5931623 0.18570828 1.2598999 -0.5621384 -0.39873457 0.064152345
29 1.302742 -0.24278694 0.26773492 -0.17377017 -0.18183671 1.6918874 -0.7168299 -0.4383648
2 0.24477679 0.98626745 0.5113481 1.6040803 0.18305385 -1.1539907 -1.0300366 0.51377565
37 0.5526652 -1.9854673 0.5236764 0.849769 0.006986334 -1.0541806 -0.7246269 0.5135956
22 0.9194838 -1.5463339 0.51301074 1.3632029 -0.6225623 -1.3120909 -1.4034913 0.4278876
