50 8
25 0.20309244 -0.36656302 0.42029893 0.729559 0.31186122 -0.065259896 -0.78094333 0.77223074
19 -0.33757812 -0.059017114 0.87622 0.17235422 0.2628722 0.15140568 -0.2656535 0.75063723
31 0.23306745 0.5982685 -0.24572597 0.8954661 0.23951031 0.6408634 0.29540312 0.37001294
3 0.28798008 0.13438842 0.133189 1.2746981 0.5428614 -0.41810337 -0.86655056 0.49968094
26 -0.058330428 -0.08148098 0.020542245 0.59219915 0.45409685 -0.15524851 0.4662935 1.2511561
24 0.0017644857 -0.29129267 1.0399717 -0.055643246 0.32113546 0.5875002 -0.6121353 0.2434515
10 -0.5416552 0.31594136 0.68936753 0.24861209 0.43887112 -0.13306054 0.7142239 0.7639775
8 -0.12855807 0.24160872 0.038372707 0.5170263 0.4365728 0.0014573055 0.08691466 1.2171313
40 0.7191174 0.5029261 -0.2813159 0.64019454 0.49749005 0.7592859 0.7088818 0.052680768
20 -0.49991938 -0.3417874 1.241098 -0.5196398 0.38502714 0.6665845 -0.006693944 0.5344048
12 0.5057192 0.43124437 -0.09088932 1.3610382 0.3883467 0.12243491 -0.71930546 0.09936296
4 -0.36371955 0.11408277 1.4116709 -0.34509385 0.19478743 0.971303 -0.2881152 -0.18328509
17 -0.10905738 -0.45949453 0.9258324 -0.38789192 0.86278045 0.06409246 0.2750343 0.74136007
23 0.7719955 0.029416353 0.3090185 0.35821328 0.64938205 0.37033132 0.09362547 0.08945044
28 -0.41582745 0.30818406 0.7241496 -0.5416434 1.1523513 0.46725753 0.9114285 0.27712762
1 0.19640498 0.010576682 1.1237544 -0.25876373 0.56655914 1.1804312 0.16194737 -0.8426884
37 -0.2382944 -0.54267716 0.58778983 0.7112881 0.31065413 -0.5946095 -0.1183775 1.2346268
18 0.26856738 0.097520046 -0.3800329 1.5807511 0.27695218 -0.35332608 -0.3876602 0.99126667
39 0.33924854 0.69908315 0.03420041 1.3328451 0.48078373 -0.06121684 0.090764314 -0.14695837
27 0.312857 0.13665853 1.0165179 -0.5765941 1.0236378 1.0384884 0.7166209 -0.7631659
49 -0.34123898 -0.11402367 0.96794975 -0.17903775 -0.0070512407 1.0806526 0.39014325 0.19576107
43 0.47140327 0.42883086 0.12976713 0.24998377 1.25666 0.21717517 1.6254646 -0.3691315
29 0.45439968 0.20170711 0.7371759 -0.27214238 1.0865493 0.7051891 0.14573489 -0.46486536
15 -0.56705976 -0.18418886 0.7056508 0.39066163 -0.122268625 -0.07844261 -0.13710341 1.47619
44 -0.3267664 -0.041887857 0.31565642 0.84458 0.08638889 -0.30970678 0.23966268 1.2114387
2 0.02970822 -0.24765207 0.39639816 0.5637951 -0.083013706 -0.025782095 -0.04018546 1.3281935
0 -0.17359352 -0.16244572 0.04461981 0.8238229 0.3873391 -0.27868062 -0.21340641 1.3391966
14 0.2045633 -0.36180258 1.0535346 0.37960163 -0.19118503 0.8093939 -0.6466459 -0.12512772
38 0.94501156 0.43182486 0.20416734 0.76975656 0.4254337 1.0647557 -0.049227178 -0.95961404
45 -0.9044549 -0.3587306 1.2917205 -0.20579834 -0.014442231 0.18849286 -0.22986649 1.1929985
16 0.18335557 -0.5380308 0.9764611 -0.48840863 0.19417493 1.080217 -0.110379614 0.40368155
30 -0.0053240187 0.45211977 -0.2765341 1.5457289 0.18459532 -0.5082343 0.23675121 1.0368276
21 0.17888053 -0.045240276 -0.328657 1.4658363 -0.07401018 -0.022856917 -0.054869078 1.0541385
22 0.23865344 -0.15717196 0.11498685 1.2341764 -0.07723532 0.01946972 -0.20727399 0.6736395
7 0.8132719 0.4872296 -0.51230514 1.2430588 0.6312999 -0.3040135 0.6369747 0.6481717
6 0.35063455 -0.4006735 0.5465249 -0.62220955 1.2500769 0.49060398 1.0016847 0.29536068
42 -1.1093558 0.05097871 0.9208298 0.03185288 0.35433128 0.19792421 0.14516374 0.88954306
5 -0.7025662 -0.23384935 1.3473543 -0.9041257 0.40392223 0.82627946 0.5823828 0.61283964
9 0.42062753 -0.39927337 1.2950063 -0.7201878 0.32177442 1.5852009 0.9425887 -0.7263597
34 0.9506964 0.08871777 0.53756756 0.37852105 0.2922403 1.473559 -0.30547994 -1.0543814
48 1.1975251 0.20830898 0.1260916 0.3862721 0.7489029 1.4367625 0.6203862 -1.2691723
35 0.6660236 0.5088003 -0.26741314 1.8554784 -0.10655694 0.036929924 0.16427027 0.04946046
11 -0.58978677 -0.13994813 1.4902807 -0.22098424 -0.013277879 0.9283577 -0.9957574 0.18821667
41 1.034021 0.06780357 0.48975706 -0.19481173 1.0713669 1.2325362 0.70473784 -1.0937107
33 0.7295434 0.6240436 -0.46058878 2.1260314 0.035678096 0.14423189 -0.13994406 -0.23981825
32 0.45430255 0.38965848 -0.41518432 1.8217802 -0.044152964 -0.06380361 0.17879112 0.4478741
13 0.65602636 0.44912073 -0.47609818 1.6978459 0.52911276 -0.37930277 -0.08128227 0.41058564
47 0.50673085 0.2511 0.5870087 0.27966967 1.0176381 0.80129826 1.1561135 -1.284219
36 0.7871362 0.17989749 0.7601078 0.659077 0.011210694 1.3269373 -0.32654026 -1.2639415
46 0.67381006 0.5266383 0.8553389 -0.63101685 0.9534141 1.3154521 1.3129275 -0.9705023
