50 8
29 -0.4419032 0.3835093 0.32509586 0.062663056 0.9288467 0.31719553 0.0702368 0.68228936
13 0.2753951 0.2981453 0.31448475 0.52736807 0.83807933 -0.5471689 -0.83917636 0.40392753
18 0.1145252 0.36111748 0.08278534 0.692484 0.644585 -0.7068065 -0.7909208 0.8624792
28 -0.25954098 0.1583424 0.62354416 -0.41979635 0.5506861 0.971747 0.48209855 0.6779986
19 0.24167828 0.38086897 0.3279807 1.0910102 -0.031139903 -0.8458498 -1.0767939 0.4392551
24 0.121195205 0.44420934 0.37491912 0.87210286 0.35775653 -0.9466122 -0.9500535 0.4608247
30 0.056157652 0.309028 0.045712795 0.49751016 0.94683045 -0.53928113 -0.6664826 0.8941815
10 -0.46821058 0.3865899 0.38303304 1.361384 -0.49049327 -0.2574092 -0.30597892 0.35032353
46 -0.7600491 0.2939728 0.8158661 0.48148108 -0.5300166 0.4895087 0.3370755 0.4012594
23 0.33532014 0.35004792 0.4555846 0.85619783 0.08396379 -0.76945025 -0.90492743 0.3601076
40 -0.028882267 0.59026 -0.010606025 0.3311739 0.89088947 -0.21350893 -0.46301517 1.0739806
12 0.06146079 0.2537538 0.16243999 0.6610835 0.9499062 -0.73920864 -0.737983 0.6543151
2 0.51975936 0.13535118 0.34113166 0.84821576 0.39115623 -0.86289674 -0.86944777 0.4084054
26 -0.75707865 0.6389462 0.16311717 0.11125073 0.83711606 -0.023043038 0.09747546 1.2071593
7 -0.73007864 0.5891397 0.086096436 0.8488761 0.58917713 -0.7885004 -0.31170908 1.0368401
8 -0.70702827 0.6929089 0.053949527 0.3479431 0.8865059 0.07859481 -0.5583174 0.945296
6 -0.83385 0.46176252 0.3295419 -0.058101885 1.0838709 0.052873004 -0.19918737 0.9390113
39 0.31682783 0.3280468 0.095202975 -0.2537974 1.3536716 0.41340506 -0.3227568 0.8471522
41 0.056560945 -0.14624159 0.8092466 -0.5810335 0.82309836 1.2048663 0.6888929 0.22759677
43 -0.89435613 0.53535944 0.39003903 -0.20611414 0.78877 0.71674645 0.75256383 0.95291483
48 -0.60634243 0.7124603 -0.048867848 0.17460816 0.97129345 0.15065567 -0.063480854 1.2873714
42 -0.87105656 0.29948002 0.4958024 0.2396362 0.621658 0.08584799 0.4415929 0.6726695
0 0.21364191 0.090609044 0.11467782 1.2000362 0.5427245 -0.86146694 -0.9048897 0.36899462
31 -0.41867796 0.5097091 -0.032900956 0.0019529246 1.1824592 -0.07677512 -0.31328693 1.34909
17 -0.73031855 0.13100266 0.8959046 -0.051008876 -0.31235778 1.2694732 1.0305814 0.45814854
25 1.010122 -0.7986673 0.90112406 0.016673395 0.095584184 0.5769606 -0.18374452 -0.18583323
32 0.8681665 -0.20732637 0.7467029 1.1642147 -0.45731905 -1.0378323 -0.96972084 -0.04765142
20 -0.5258922 -0.1890938 0.92032737 -0.3485107 0.03548219 1.2770087 0.8791178 0.45274052
15 -0.5422925 0.51125395 0.364393 1.174124 -0.19479634 -0.38095307 -0.17173208 0.5088657
27 0.09044851 -0.10843218 0.757382 -0.9565261 0.9668867 1.4664457 0.9059824 0.5543852
14 0.8077891 -0.36514503 1.2770591 0.36904442 -0.9138575 1.0099647 0.43970254 -0.567792
1 0.21138752 -0.53472674 1.049351 0.9704468 -0.87453175 0.72985435 0.6145271 -0.5699534
16 0.13353553 -0.22554462 0.8486852 -0.34356317 0.15268843 1.4746072 0.7725168 0.23806961
49 0.030850658 -0.48082256 0.9718325 -0.048208676 -0.4756189 1.5908264 1.1819075 0.152852
3 0.7007807 -0.101907164 0.38538453 0.8683554 0.6937865 -1.041252 -0.9944402 0.17076556
4 1.1059121 -0.54016787 1.2836788 -0.32092047 -0.05545449 1.2740698 0.44781685 -0.5746781
37 0.5097577 -0.5693427 0.84056413 1.5178803 -0.5953413 -1.0720478 -0.3474775 -0.23343192
38 0.29558322 -0.257113 1.1188322 -0.44293216 0.01530759 1.5352545 0.9360005 -0.025034599
21 0.5746386 -0.4199591 0.61031514 1.6346852 -0.62560576 -0.76447874 -0.88257104 -0.25946936
35 0.7548102 -0.5598152 0.8622514 1.310419 -0.59819555 -1.0141283 -0.8241231 -0.21788771
11 0.712804 -0.7882085 1.301035 0.31631038 -0.92040104 0.99939907 0.69941354 -0.4546899
22 0.7623517 -0.6776565 0.9393645 1.0611506 -0.5054188 -0.84794575 -0.68729025 -0.19259302
45 -0.5876076 0.30307037 1.0196514 -0.25091466 0.068207234 1.1021128 0.8410645 0.22602935
34 0.9765369 -0.79368424 0.9969907 -0.8768167 0.7066249 1.2608609 0.30874717 0.0071590156
36 0.1980664 -0.49537802 1.3644263 -0.45945105 -0.111134134 1.8102269 1.2763644 -0.36955634
9 0.76989335 -0.7395862 1.4186175 0.14626445 -0.67133176 1.0578367 0.9275117 -0.5597867
33 0.89417017 -0.7435308 0.6737363 1.4465828 -0.621768 -0.61828554 -0.56511533 -0.27761325
44 0.57699 -0.6472909 0.76125056 -0.7628531 1.4376692 0.91112816 0.20991962 0.051836606
5 0.01950426 -0.124661386 1.0153122 0.8312568 -1.2024754 0.8062499 1.176185 -0.09328435
47 0.03380569 -0.40861806 0.864164 0.17454296 -0.52336645 1.6297123 1.2349521 0.09382649
