50 8
1 -0.22800405 0.45302725 0.21052149 0.4303161 0.08008193 0.025665142 0.1222587 0.19243081
16 -0.044000532 0.80390537 0.5050066 0.5143036 -0.8178452 -0.6768262 0.34009203 -0.3850965
12 0.0695019 0.5165344 -0.271694 0.54426837 0.35114542 -0.053964045 0.57550687 0.8598942
41 -0.2829132 0.76894844 0.10418652 0.6231971 -0.9892315 -0.580868 0.32251585 -0.22534731
27 -0.36920255 0.6105612 0.055019245 0.7640269 -0.6626674 -0.53074884 0.0625608 -0.23579282
28 -0.17284961 0.6636386 0.08396539 0.769003 -1.114585 -0.64853215 0.23805347 -0.107176594
36 -0.34038556 0.6731487 -0.01603626 0.90524274 -0.7471153 -0.6331778 0.3285891 -0.37672302
20 -0.00574242 0.7832352 -0.0027424698 0.4550762 -0.6317696 -0.32726043 0.06563078 0.29769814
13 0.0843149 0.362622 -0.12162197 0.6269634 0.03998306 0.08643028 0.6039349 0.7602205
17 -0.81086236 0.3173082 0.6953217 0.6148894 -0.15336785 -0.3974227 -0.49362382 -0.6908093
40 -0.52966094 0.7865279 -0.006644276 0.7711198 -0.44633523 -0.9576668 0.1995324 -0.37677252
31 -0.38125885 0.77852994 0.10018301 0.82087445 -0.7688437 -0.81185806 0.23899147 -0.4467618
38 -0.10660479 0.7985244 -0.39808914 0.58981395 -1.1453532 -0.51156026 0.422902 0.46076944
4 -0.11510426 0.8665275 -0.006193018 0.5053096 -1.0535104 -0.71717346 0.30603266 0.07166002
48 0.053023305 0.7551562 -0.20080613 0.6785085 -1.1024877 -0.3937512 0.45969045 0.2509254
44 -0.216143 0.74692416 0.19150466 0.7074441 -0.9713972 -0.7580213 0.08968711 -0.27139983
14 0.5244389 0.47476447 0.017850854 0.06078993 -0.13258997 0.67405367 0.39387673 1.4159102
39 -0.28073132 0.79085785 -0.018676318 0.69894 -0.96655446 -0.77194655 0.090097435 -0.23023048
49 -0.29653338 -0.098034546 0.88980955 -0.056357592 0.01568102 1.1318486 -0.31344804 0.62369955
43 -0.529627 0.80255634 0.06860716 0.6290963 -0.61188626 -0.85766083 0.13096875 -0.39355564
42 -1.3330668 0.22805415 0.6382272 0.5007365 0.3142056 -0.31830862 -0.74035823 -0.8529962
8 -0.6009576 0.5875108 0.16918416 0.7067944 -0.018846773 -0.8656699 0.13799624 -0.33238643
6 -0.63468105 0.82501996 -0.027392942 0.8858493 -0.7668988 -0.8943879 -0.006516859 -0.7099245
45 -0.3680431 0.91874063 0.25145948 0.7585395 -0.6347782 -0.7811819 0.074704446 -0.7994153
9 0.17310321 0.6452399 -0.046563946 -0.06583461 -0.8225227 0.10365524 0.2586637 1.1823975
34 0.24067844 0.61564535 0.1799703 0.26238835 -1.0712558 -0.32789037 0.58838344 0.6811532
11 0.007932163 -0.03953337 0.5239778 -0.06284853 -0.12180126 1.3444419 -0.3415379 1.183908
29 -0.13145259 0.6686691 0.37255406 0.0679152 -0.9521017 -0.5045856 0.1975852 0.43549135
46 -0.050152574 0.42941758 0.69837844 0.3717493 -1.0130608 -0.09111102 0.053752977 -0.07354448
3 -0.30755335 0.036545232 0.5073355 -0.05051998 1.6200577 1.1582135 -0.30484316 1.2267809
47 -0.52093875 0.77462786 0.21642381 0.7482272 -0.8032447 -0.57598907 0.029007094 -0.7093381
10 -0.1257143 0.6847423 -0.39103734 0.9007936 0.31589884 -0.049712718 0.16285726 0.15603341
37 0.0001332679 -0.20241895 1.0541719 -0.07720985 1.122951 1.4002512 -0.21730527 1.1382444
23 -0.16264927 -0.13138479 0.6783574 -0.09738069 1.4985858 1.1819948 0.041140303 1.4364635
24 -0.3154501 -0.20874682 0.7331604 -0.0148758255 1.6966168 1.5094421 -0.37200737 1.2335441
25 -0.13123311 0.4422936 0.2705624 -0.0019155593 -1.3507117 0.014355182 0.06315335 0.7673781
26 -1.1668904 0.47927257 0.37767896 0.76221406 -0.007908303 -0.95392126 -0.427374 -0.8770325
19 -0.12962718 -0.18937 0.58723193 -0.1505599 1.1140885 1.666731 -0.06853833 1.5662936
33 0.07280345 0.052491236 0.5152853 -0.27794832 0.8515026 1.2030603 -0.12717968 1.7175117
15 -0.38944486 -0.2130467 1.1430422 -0.16025636 1.5114404 1.2835212 -0.37449777 0.89380145
21 0.29404843 0.1065768 0.15662743 -0.042997614 0.9335969 1.2059218 -0.00347649 1.8806897
0 -0.5606516 -0.42496118 1.2437993 -0.069501236 1.7267107 1.5691017 -0.49455655 0.8672545
32 -0.12993762 -0.13174687 0.80045223 -0.17059635 1.1877182 1.3479533 -0.23366183 1.3469634
35 -0.54654324 -0.25795305 1.3130096 -0.08544371 1.8426718 1.2050287 -0.7155373 0.7012508
5 -0.6309103 -0.25681505 1.4427897 0.084251866 0.82059854 1.2445349 -0.6954015 -0.045503613
18 -1.3367352 -0.13954039 0.86180943 0.23242009 1.1061941 0.62978715 -0.84538966 -0.34889397
7 -0.33692518 0.3734737 0.18613802 0.4124909 2.0389411 0.7601387 -0.45758033 0.58719516
2 -0.33162144 -0.10722076 0.58014894 -0.10855128 1.5899289 1.4041659 -0.21713075 1.4342663
22 -0.35627097 -0.23685847 1.5904434 -0.238189 1.6679848 1.3756741 -0.79335296 0.6909853
30 -0.84555113 0.1281282 0.8842743 0.17770003 1.8726606 0.9843887 -0.87526083 0.026486756
