50 8
43 -0.036840394 0.22757387 0.2817179 -0.46581215 1.0668938 0.14680594 0.31480998 0.66838366
19 0.28678396 0.38803527 0.54226613 0.13534003 0.6685031 -0.4340968 -0.39966857 0.6972079
48 0.39219698 -0.82264316 0.41685802 -0.36312804 0.7623309 0.76293916 0.2613559 -0.38341147
23 0.38545406 0.15533595 0.536606 0.6884781 0.32796574 0.018730164 -0.733489 -0.29773152
1 0.27250668 -1.19354 0.42573 -0.6569823 1.0015873 0.6998605 0.26996166 -0.00058195164
27 -0.0771529 -0.26078528 0.44586805 -0.8716571 0.89580655 0.70131844 0.65559256 0.20023078
49 0.23554136 -0.9647055 0.667237 -0.39571267 0.4974493 0.81788856 0.26022127 -0.24207707
41 0.6784119 -0.7404378 0.37429643 -0.017641904 0.8201243 0.2801302 -0.16373791 -0.5334381
40 0.3310696 1.1483506 0.3197161 0.98344076 0.34879056 -0.19734107 -0.51115334 0.67528564
16 0.1309617 -1.0095419 0.5650217 -0.81810635 0.9521523 0.58997744 0.12999603 -0.2483563
29 0.043997765 -0.3813244 0.1348284 -0.6125006 1.4794055 0.08158308 -0.12850682 0.2102684
42 -0.07970437 0.09306581 0.36064234 -0.48145714 1.2065434 -0.24608305 -0.059098706 0.78161615
24 0.12694047 -0.1188843 0.5569417 -0.013896286 0.54981804 0.12770307 -0.32224116 0.4600094
18 0.25238827 1.2383689 0.39677894 1.0453594 0.42480025 -0.41491735 -0.75293034 0.5109452
39 0.2635228 0.7214046 0.18549432 1.3434805 0.6953586 -0.24302876 -0.9556743 -0.53848803
25 0.82813025 -1.0402071 0.17832972 0.30739388 0.92672557 0.33255714 -0.58250946 -0.7050882
26 -0.33958948 0.42269352 0.42944962 -0.49771228 0.8608678 0.23758554 0.43870774 0.9292182
36 0.079579 -1.1156279 0.8386086 -1.0187303 0.6402429 0.7851736 0.693184 0.11036188
45 0.2011486 -0.9574029 0.43211985 -0.8242488 1.1393139 0.47899804 0.41985008 -0.06280435
15 -0.44923714 1.2126036 0.74460787 0.2853723 -0.025746701 0.53178656 0.3806307 0.6104255
20 -0.04399856 -1.0126531 0.686401 -0.8994695 0.8940872 0.6279672 0.53075427 0.12598531
6 -0.26215315 0.71091276 0.6228677 -0.5951279 0.7548403 -0.09472632 0.2045123 1.1056207
17 0.11812061 -0.2728019 0.7089234 -0.8581366 0.3346489 0.93420374 0.7828118 0.58878565
7 -0.23705992 1.3335656 0.6869229 0.15191096 0.18563555 0.12594073 0.33659372 1.093876
46 -0.17488575 1.3860998 0.93009907 0.5422192 -0.05857103 -0.10679531 -0.10155156 0.1861393
31 -0.23084235 1.30632 0.44061273 0.2746006 0.48405403 -0.0985416 -0.23025188 1.2107568
44 -0.055700317 -0.087417886 0.21678583 -0.10149666 1.2767943 -0.20336527 -0.4454111 0.2413581
34 0.45672086 -1.5388821 0.6343112 -0.6077194 0.8042503 0.6576295 0.0996695 -0.654633
28 -0.367887 -0.46883196 0.6886538 -1.134163 0.6469926 1.1538017 1.0035611 0.27743483
12 0.20608416 1.4568963 0.7045688 1.589888 -0.38769495 0.22045502 -0.43129852 -0.20444469
14 0.8865981 -0.59547955 0.83750844 0.935675 -0.4088546 0.9937328 0.018022709 -1.2172706
0 0.3731345 1.4732014 0.45421597 1.4392778 -0.15962876 0.08540134 -0.5590323 0.42040735
38 0.4306411 -1.3787421 0.6664083 -0.35683358 0.56018317 1.0408832 0.5148286 -0.9862532
4 0.2182999 -1.0332239 1.1177441 -0.3892614 -0.13666798 1.3395026 0.7771297 -0.93675625
30 -0.011789245 1.4050559 0.36662853 0.91401 0.7087921 -0.68544006 -0.67732424 0.52912796
21 0.3502447 1.2904245 0.82766384 1.6220838 -0.6556999 0.4691611 -0.32740605 -0.39412057
10 -0.03141792 0.6136793 0.9714762 -0.39128214 -0.2880526 0.9580539 1.2595664 0.67127484
32 0.584867 0.983413 0.6910007 1.7450967 -0.30043355 0.1115272 -0.56996244 -0.85234636
11 0.8194848 -1.157901 0.82295275 0.1594099 -0.043921877 1.2438453 0.3440495 -1.5790843
3 0.4285465 1.3956268 0.62715685 1.3414115 -0.14952222 -0.20022686 -0.67129725 0.3695826
8 -0.36324513 0.7164829 0.5000262 -0.34114498 0.7785575 0.0024124663 0.28908563 1.1725922
2 0.28237557 1.5328047 0.7157086 1.3713642 -0.35164943 0.10968821 -0.3609426 0.12179375
9 0.8094074 -0.801657 1.155119 0.24185567 -0.49341226 1.0194695 0.61089784 -1.1647631
5 0.10801796 -0.68306756 0.7759718 -0.6618716 0.115755975 1.3513633 0.9326307 0.06617157
33 0.4556786 0.608176 0.8431292 1.8566065 -0.6429452 0.63469845 -0.37726775 -1.0908034
13 -0.16520503 1.885323 0.7680073 1.049508 -0.23863986 0.1184569 -0.039608758 0.3112983
37 0.68579894 0.9116436 0.6864795 2.0027242 -0.3719537 -0.041071806 -0.6662474 -0.5270321
35 0.8297283 0.65582097 0.74313545 1.913392 -0.4516713 0.11542949 -0.761725 -0.73069155
22 1.0809294 -0.13905635 0.71437865 1.6478258 -0.273197 0.14329296 -0.62651634 -1.0704948
47 0.5371715 -1.1656117 0.38565105 0.3366745 0.5432958 0.64239 -0.7129515 -0.1641579
