50 8
6 -0.57969236 0.6025499 -0.19003683 0.6241357 0.11694527 -0.4050719 -0.004570672 0.19390303
36 -0.8354498 0.686562 0.37254077 0.85329473 -0.35442674 -0.35527152 -0.2225649 -0.7955923
40 -0.6409259 0.72383994 -0.092450276 0.085976094 0.8656931 -0.13959564 -0.21853784 -0.075851575
28 -0.6196735 0.63090104 0.59618837 0.65707874 -0.31541133 -0.3790223 -0.30989927 -0.66443825
24 -0.6222666 0.7582525 -0.23878758 0.24099791 1.0992424 -0.22239552 -0.3389151 -0.31634712
41 -0.74035376 0.6947087 0.41667402 0.6699651 0.24835375 -0.15897366 -0.22423927 -0.926652
34 -0.0879165 0.746987 0.8016401 -0.14477912 0.19418904 0.44461012 -0.6769034 -0.5108885
27 -0.61140543 0.7512077 0.81864274 0.3557835 -0.23352937 -0.0074266233 -0.8301953 -1.1481091
26 -0.89102 0.49858198 -0.20333114 0.7884014 0.21875554 -0.48554254 -0.058454134 0.0026426672
31 -0.67115074 0.83618736 -0.28338942 0.2198095 0.86088556 -0.38541454 -0.19296563 -0.21696039
44 -0.8057506 0.7145559 -0.04311941 0.25069505 0.76303834 -0.19948404 -0.25752044 -0.3922272
19 -0.8020667 0.477787 -0.40978852 0.49509794 0.75885445 0.18537275 0.2322396 0.35536456
29 -0.05760077 0.72058064 0.2007012 -0.42271742 0.5173954 0.10057108 -0.22317605 0.6153915
23 -0.98698586 0.71789664 0.24628195 0.025678173 1.1636893 0.016580401 -0.43496308 -0.81818056
38 -0.3947336 0.9611829 0.53562665 0.057475492 -0.03836396 -0.11230463 -0.6994682 -0.8860009
39 -1.114963 0.632403 0.14659156 0.5343003 0.8713624 -0.23268817 -0.22117819 -0.80492675
1 -0.7306944 0.7349042 0.59609896 0.26550758 0.7499695 0.09477647 -0.5076453 -1.0959783
43 -0.871626 0.7418564 0.6480168 0.5822006 0.22014233 -0.2591712 -0.40074617 -1.228858
15 -0.9051936 0.75159055 0.19533567 0.60753804 0.42903984 -0.55405843 -0.54101205 -1.0038702
46 -1.136201 0.43364313 0.2798356 0.77020234 0.16361998 -0.4056067 -0.12722047 -0.49264592
13 0.16101502 0.3403142 -0.17579658 0.18517914 0.7945825 0.48526612 0.4861331 1.4107447
18 0.006128873 0.20710765 -0.09294683 0.0835195 0.73342174 0.67164683 0.65044004 1.7442183
8 -0.1856906 0.5512997 -0.3450251 0.26452065 0.35129368 -0.01622213 0.52295434 1.1499918
12 0.8425223 0.4702071 -0.11930935 -0.15949003 0.78296024 0.6892835 0.21632546 1.9136788
47 -0.7223635 0.71163046 0.29793844 0.8126471 0.16084653 -0.24562977 -0.3244087 -0.9801076
42 -1.1048768 0.9004091 -0.37013978 0.67600095 0.36873817 -0.6138982 -0.1973246 -0.715087
45 -0.96212137 0.876157 0.13420126 0.75020945 0.109977305 -0.34294513 -0.2294725 -1.153962
49 -0.89110494 0.6057019 0.80402875 0.31523854 0.47895312 0.0013812467 -0.6110422 -1.1660805
3 0.13674498 0.3285944 -0.19834799 -0.11732136 0.9803359 0.82334816 0.5452465 1.6822997
10 0.54942304 0.40463656 0.23703142 0.66447574 -0.8401996 0.33257806 0.5366647 1.3583635
2 0.68038976 0.5769103 -0.09027869 -0.23975791 0.7566854 0.7293417 0.371726 1.6134987
25 1.0039651 0.5842603 0.6411848 -0.45355734 -0.25964704 0.5450112 -0.21916695 1.5467238
9 0.67226946 0.7728262 0.882183 -0.038354892 -0.7495153 0.29533905 -0.67137975 0.14950204
5 0.9761043 0.47999218 0.7093313 0.9016636 -1.0496947 0.5761718 0.21074058 0.66965103
14 1.1599714 0.57457125 0.7353333 -0.26181647 -0.46068907 0.62251085 -0.24601589 1.3808515
20 -0.22430032 0.5238666 0.870405 0.25930962 -0.84943414 -0.4133374 -0.32313222 0.12171481
16 0.424111 0.984841 0.7896662 0.12689504 -1.1406865 -0.03227383 -0.11300616 -0.051661517
11 0.25892636 0.5285489 1.2546234 0.14096674 -0.6555082 0.54602176 -0.88027674 -0.3354686
22 0.7107298 -0.01355733 0.781831 0.07186689 -0.42204592 0.7584157 -0.013242962 2.09523
7 0.42276156 0.40756676 -0.46307847 0.43033868 0.13060106 0.13624495 0.4132605 1.9070597
21 1.0578265 0.2209348 0.38624886 0.074027985 -0.17913142 0.4680791 0.21559273 2.2910607
30 0.49280044 0.53211147 -0.27271795 -0.28146273 0.92374736 0.7616077 0.47497842 1.8574381
0 0.7325208 0.19555378 0.122652866 -0.01665105 0.12985687 0.5413948 0.24750862 2.366253
33 1.2356873 0.26462942 0.70915747 -0.16391258 -0.38909483 0.6149795 -0.04513898 2.173177
17 -1.1297505 0.17822145 0.2071229 1.1149536 -0.66034377 -0.5227993 0.13593136 0.17381747
37 0.759868 0.09818101 0.07455263 0.12385937 0.1843258 0.6579786 0.46677783 2.5714011
35 1.2161572 0.37192768 0.32156384 -0.3693041 0.39147013 0.81922805 -0.13150014 2.1555133
32 1.1200986 0.22147453 0.3296381 0.030290036 0.06505827 0.8542374 0.3444217 2.382519
4 0.15052418 0.702975 0.9431712 0.6819071 -1.2872573 -0.46705246 -0.3418197 -0.23066223
48 -0.6636289 1.5291271 -0.45183676 0.6703746 0.86782897 -0.6300626 -0.97363734 -1.9720148
