50 8
1 -0.49264932 0.5198943 0.05032431 1.0999899 -0.53481084 0.48273373 -0.31770384 -0.21924464
27 -0.67232877 0.73653847 0.039521493 0.9216455 -0.7302124 0.097571336 0.049497902 -0.68881273
29 -0.21299326 0.84508896 -0.12066527 0.18089846 -0.93382674 0.11192322 0.025429662 0.6358001
16 -0.07964783 0.535339 0.8059799 -0.17613903 -0.59953064 0.040358424 0.5846583 0.53908354
36 -0.37295258 0.7497126 0.04467055 0.7241696 -0.82864857 0.4313598 0.19826095 0.06614995
41 -0.50811577 0.8529118 0.068490446 0.915617 -0.6244909 0.6567179 -0.02644654 -0.50063616
20 -0.24634084 0.31748915 0.40186659 0.86162317 -0.60530126 0.6074295 -0.4969881 -0.11413196
28 -0.46745476 0.6421926 0.05565309 1.0357876 -0.4956209 0.10377574 -0.48736075 -0.7528168
38 -0.15855321 1.2919285 -0.3799059 0.5470745 -0.93107074 0.24285182 0.1377265 -0.12448016
43 -0.39370254 1.0704379 0.04303741 0.41600952 -0.3133084 -0.5563952 0.4714923 -0.6237819
18 -0.1915012 -0.08981653 0.9223797 -0.027304297 1.0470166 -1.3093203 -0.3362465 0.5483172
14 0.123607315 0.75628585 0.009556005 0.14723071 -0.44959345 0.55644643 -0.09613809 1.1985348
13 -0.51550364 0.07213364 0.31076628 0.6913581 0.7286388 -1.0906515 -0.49404114 -0.0053761126
6 -0.69672364 0.7570938 -0.27880138 1.1020526 -0.37830776 -0.17823792 -0.50204635 -0.8918355
23 -0.09144115 -0.0047418643 0.5604778 0.37094653 0.6321836 -0.6146114 -0.75518113 0.54484975
25 0.12523726 0.27546662 0.9003721 -0.5634153 -0.5898598 -0.1942209 0.3197697 1.279266
47 -0.2589028 1.1393201 -0.05970118 0.6370659 -0.93200386 0.80117613 0.01700798 -0.17613617
4 -0.11995452 0.83098227 0.040450223 0.7537859 -0.93846303 0.9166741 -0.010428377 0.29659566
22 0.091597885 -0.20282198 1.4088575 -0.41487163 0.48669505 0.13843377 -0.15254006 1.5184556
21 -0.009710206 -0.19265594 1.3526902 -0.38065383 0.47223547 -0.07839626 -0.02211373 1.3675348
42 -0.41400158 1.1185503 0.07863804 0.053267654 -0.20256881 -0.6316061 0.08515642 -0.62148964
31 -0.48316398 0.9698615 -0.3727115 1.151755 -0.3276019 -0.31274945 -0.2717563 -0.9031152
9 -0.057710685 0.9579708 0.15409963 0.33287358 -0.9174249 1.1526521 0.1497977 0.59785515
49 -0.2370842 0.85978216 0.23592192 0.4898645 -1.0885274 0.9048698 0.07216796 0.02061892
26 -0.33339533 0.5010304 0.3133989 0.42374828 0.990294 -0.898039 -0.79952866 -0.5603975
39 -0.58446383 0.92801607 -0.4751164 1.1218034 -0.81011695 -0.055427585 -0.35623407 -0.66672665
19 -0.19284725 -0.5276702 1.4715054 -0.23806578 1.0403746 -0.24748297 -0.6856825 1.2469981
17 -0.47126308 0.5331796 0.4173928 0.62206566 -0.8488965 0.44693157 -0.29072315 -0.48106608
34 -0.0015638481 1.2077982 -0.24742138 0.437581 -1.0470972 0.614362 0.3105871 0.4857134
15 -0.22403483 -0.4328081 1.6704123 -0.25168544 1.3581265 -0.76363355 -0.27994123 0.6889074
10 -0.43684566 0.0029664894 0.48091182 0.85526705 1.0118169 0.22026104 -1.2297237 0.04220573
8 -0.36715788 0.6727444 -0.2647541 0.9407373 0.008836548 -1.0728794 -0.6245056 -0.79895717
12 0.10790336 0.16896202 0.66077715 0.05820531 1.3534685 -1.271476 -0.8361872 0.40209192
5 -0.27642736 0.15267667 0.77371603 0.19741692 -0.51521426 0.7089488 -0.04313374 0.8072681
24 -0.296897 -0.43863314 1.2603096 -0.054330364 1.1177244 -0.6111117 -0.7073116 0.9061961
46 -0.25642014 0.35378417 0.839334 -0.22562121 -0.9501017 0.21380876 0.6820402 0.86434996
11 -0.036378793 0.8379366 0.36840272 0.20052162 -1.0819539 1.1947689 0.30577716 0.72237
48 -0.18662791 0.94345546 -0.14608617 0.7520993 -0.9676316 0.49279052 -0.000721502 0.013273117
0 -0.21568142 -0.30250186 1.6110877 -0.5399826 1.1250691 -0.91416633 0.013335394 0.96748996
2 -0.06687036 -0.13037798 1.2084005 -0.42523524 1.3062376 -1.2493248 -0.21322496 0.9730556
30 0.16410325 0.5976917 0.8895199 -0.60548776 0.6305539 -1.592976 0.31474096 0.34881338
33 0.16855179 0.18983465 1.220913 -0.8225222 0.9280873 -0.90656686 0.025311006 1.2219503
32 0.07660768 0.10663509 1.0117186 -0.434423 1.1985291 -1.3272699 0.19891468 1.1481658
37 0.38182023 -0.039398413 1.5360715 -0.8578003 0.51135004 -0.36700103 -0.15494874 1.4374485
40 -0.6225176 1.2306503 -0.6861274 0.9548286 -0.06653445 -0.74463236 -0.11005369 -0.8625205
35 0.26168054 0.31887975 1.209772 -0.99129057 0.5385492 -1.0016792 0.2896955 1.2853905
44 0.050516494 0.9734186 -0.34938505 0.6966776 -0.4367678 -1.1379052 -0.70116144 -0.81775576
3 -0.1421644 -0.29294226 1.2484334 -0.18191926 1.4553816 -0.7249146 -0.99538904 0.721296
45 -0.38130727 1.1007447 -0.36778155 0.83355105 -0.87958384 0.3080398 -0.2951998 -0.40890428
7 -0.29931638 -0.11577919 0.7798031 0.24379379 1.833714 -0.9498484 -1.3274205 0.36838472
