50 8
1 0.15792832 0.7523595 0.33459023 0.114938445 -0.9075184 -0.089206606 0.55380297 0.37905076
4 0.036637213 0.8162679 0.15731445 0.43300125 -0.42323157 -0.43504122 0.44098446 0.17838259
23 0.011098238 0.58796 0.05834606 0.46810466 0.4505785 0.30569685 0.20074904 0.9597293
43 -0.18542965 0.85020536 0.13013299 0.85093665 0.12031258 -0.95273924 0.22160763 -0.3276069
36 -0.013701969 0.8289211 -0.079171814 0.86310333 -0.13009846 -0.13790281 0.57559717 -0.03269855
26 0.08566849 1.1356279 -0.17798086 0.9223211 0.029432422 -1.0205737 0.08920679 -0.26470736
30 -0.015853673 0.23662688 0.14915419 1.0723913 0.0328447 0.081538975 0.08006904 0.06181724
24 -0.6072486 -0.18295206 0.29601666 0.57451975 0.608026 0.8704552 -0.83939147 0.9156051
48 0.16159111 0.9599192 -0.30848393 1.2052704 0.22468798 -0.5314118 0.27703136 -0.04746145
8 -0.007003547 0.92477816 0.12670344 0.39543298 -0.6967255 -0.8989592 0.18934233 -0.06052869
9 -0.4266547 0.06440563 0.35550216 0.18159388 0.25644585 0.9477406 -0.2737768 1.148741
21 -0.43693894 0.061325323 0.45909497 0.2937193 0.56715155 0.76426893 -0.40636045 0.95073205
10 -0.012587062 0.7125806 -0.1878987 0.7796283 0.04918965 0.010026921 -0.045411997 0.2917631
47 -0.4488103 -0.07685987 0.50036687 0.7274115 0.4798936 0.95784247 -0.44508564 0.35185724
12 0.10147331 0.8871934 -0.41619927 1.2548429 0.31516865 -0.25098148 0.27116895 0.026841491
38 -0.028753653 1.188811 0.021760065 0.5045889 -0.5926526 -0.8974159 0.24065289 -0.31589746
41 0.08996597 1.3132595 0.18988527 0.5626566 -0.4377869 -0.9398421 0.6535785 -0.47796392
17 -0.6859772 -0.36326432 0.55909246 0.8313368 0.17318538 0.5515269 -0.87991804 0.023760315
19 -0.6781069 -0.5825953 0.6243231 0.39141122 0.0030187503 1.0513031 -0.88799846 0.942856
27 0.15264907 1.4055948 0.052625302 0.30050895 -0.8177423 -1.028051 0.6143277 -0.17325765
14 -0.1762098 0.28813946 0.36220852 -0.042782012 0.23569302 0.7546291 -0.25828463 1.3721694
31 0.10891242 1.2998369 -0.14798255 0.87863 -0.16867143 -0.8404927 0.51578313 -0.4115839
45 0.011714105 0.75420976 0.48631898 0.45449138 -0.91289335 -0.9707541 0.02895468 -0.48818892
6 -0.04329653 1.1730274 0.055285897 0.51268893 -0.7367069 -1.0933329 0.2611301 -0.40420368
28 0.15756528 1.0060947 0.2651149 0.5773649 -0.7821881 -0.98682696 0.28327766 -0.4797628
49 -0.8175878 -0.14855412 0.5947403 0.53759134 -0.019743115 1.0036366 -0.45133355 -0.056403995
34 0.32445332 1.3109751 0.016508115 0.2641614 -0.54044765 -0.4581569 0.76143694 0.26182324
13 -0.576127 -0.22113615 0.04899386 0.6278858 -0.23768772 0.39012295 -0.13838458 0.78944796
44 0.14433011 1.0011526 0.33372954 0.33367094 -1.0164152 -1.1389228 0.28520513 -0.24764441
5 -0.74677354 -0.5065209 0.6573165 0.36352906 0.29661143 1.5161623 -0.30730107 0.99876916
3 -0.74828875 -0.45217344 0.46264482 0.5230889 0.5573076 1.2235544 -0.835717 1.0034249
29 -0.12826525 0.7625881 0.15604453 -0.0008163847 -1.1808468 -0.18637657 0.58631086 0.33272836
40 0.110220045 1.5688734 0.09233464 0.33829015 -0.32885337 -1.0165306 0.65564793 -0.2899091
42 -0.311245 0.46650574 0.6495516 0.53718317 -0.8904834 -0.8589579 -0.25798336 -0.7889895
15 -0.7479187 -0.6706194 0.8275891 0.07609691 0.06507295 1.1240761 -0.6903039 1.3213717
37 -0.88561 -0.7945993 1.1547933 -0.19101897 -0.38155735 1.0874486 -0.65671754 1.0468047
18 -0.70685774 -0.55041444 0.99991536 0.41155064 -0.2927412 0.4095258 -0.7092518 0.1358137
32 -0.95913756 -0.723205 1.0778693 0.14901024 0.3489706 1.20181 -0.6464638 0.95450145
20 -0.5397614 0.25346676 1.0596784 -0.43818924 -1.2694037 -0.67281914 -0.3529168 -0.020243121
39 0.19552858 1.3577209 0.09721527 0.5289945 -0.6162065 -1.2694535 0.4335517 -0.350057
46 -0.1694896 0.32174325 0.9088439 -0.12749855 -1.5424916 -0.97150826 0.40263057 -0.020082716
11 -0.5647824 -0.47233754 0.93263286 -0.30952707 -0.6251928 0.9201688 -0.7410184 1.1086147
16 -0.3480686 0.35987622 0.9555137 0.13226956 -0.8152859 -0.81793267 -0.18344519 -0.4328791
2 -0.31226528 0.013118725 0.17051676 0.8460009 1.0118725 1.1350667 -0.1153215 1.0412236
33 -0.5916209 -0.2747374 0.7997448 -0.30736855 0.018197946 1.0482825 -0.43074238 1.5081103
22 -0.88141805 -0.90442234 1.201486 0.3487329 0.46325055 1.2287251 -0.85845524 0.79750687
0 -0.7253733 -0.5496112 0.67511755 0.8191709 0.76452327 0.9108292 -1.0140638 0.54532754
7 -0.27260983 0.3991827 -0.45761645 1.2163916 0.9337223 0.8641056 -0.27051115 0.66213053
25 -0.64138675 -0.22385989 1.2626189 -0.9338072 -1.2603279 -0.077046156 -0.5903826 0.9116071
35 -0.35718378 -0.112935126 1.0225904 0.0101466635 -0.19883153 -0.04070763 -0.325015 0.5799295
