50 8
23 -0.15716356 0.15765812 0.65561527 0.6787042 0.19525407 0.02609179 -0.39370283 0.57806915
19 -0.31817904 -0.09789924 0.5764786 0.31272748 0.27949783 -0.12168438 -0.33279088 0.97867715
26 -0.55630034 -0.16251223 -0.026636304 0.12225416 0.108925 -0.18190889 0.20134816 1.428127
31 0.18668433 0.021068383 -0.502817 0.3966512 0.15241086 0.23990537 0.31858182 1.1925137
1 -0.16027677 0.44445994 0.57599103 -0.66881603 0.44193283 0.93826735 0.8266323 0.09819049
43 0.24307741 0.15183155 -0.74218005 0.041139025 0.55769026 0.48261437 0.8011695 1.0572569
2 -0.20932008 -0.24124296 0.6397761 1.1806282 0.091148965 -0.20352186 -0.69167274 0.8306668
12 0.6280981 0.0031690812 -0.013483742 1.5730108 0.1540343 0.2059547 -0.29328814 0.6042097
39 0.10018872 0.22647 -0.9333148 0.71544737 -0.028247267 0.30607596 0.6598508 1.1264714
24 -0.24416925 0.0044430704 0.62483025 1.0323663 0.08811879 -0.16292545 -0.75509953 0.7808102
6 -0.8151418 -0.04709289 0.04574277 -0.43437082 0.58958846 0.2157179 0.45815754 1.1031166
36 -0.4159397 0.48252285 0.38181797 -0.9700571 0.36077866 0.7299789 0.9853138 0.4883589
20 -0.36757725 0.15540609 -0.08513821 -0.5982441 0.65058774 0.58255976 0.68240523 0.84971154
16 -0.19204377 0.3375773 0.20362128 -0.7183062 0.4457957 0.947659 0.57313025 0.45395058
40 0.47656778 0.19498025 -0.66718215 0.9959707 -0.2579299 0.26853964 0.2945734 1.0141596
15 -0.74210757 0.079310946 1.119103 0.51594096 -0.16207418 -0.07794504 -0.5823339 0.5964252
14 1.0837674 0.9173354 0.65363234 -0.06528041 -0.56189144 1.0188409 0.4450712 -0.17238343
30 -0.44856 -0.18999827 0.47279176 1.5452054 0.024050128 -0.442174 -0.82631886 1.0131712
28 0.4624849 0.73356646 -0.06957118 -0.6210952 0.5616941 1.1559485 1.091911 0.16644709
18 -0.43056187 -0.077605866 0.76550275 1.1975467 -0.15337665 -0.28600508 -0.9312471 0.8498252
45 -0.7508919 0.294756 1.2997273 -0.5932263 0.19882256 0.20973045 -0.23966266 0.49081075
8 -0.8320427 -0.20011882 0.23626174 0.0708375 0.38756615 -0.03941794 0.100851834 1.1545925
29 0.32530162 0.19541687 -0.6129438 -0.13053255 0.82928306 0.50939333 0.6162859 0.9846192
17 -0.654287 0.458428 0.75799376 -1.1793288 0.3793287 0.7076085 0.63941175 0.42853847
25 0.31069112 0.0071214726 0.43645445 1.1032175 -0.23587187 0.33802316 -0.41641915 0.49567637
38 1.1084608 0.6194754 -0.53566366 0.56833595 -0.09704827 0.9821033 1.0376027 0.23380028
13 0.26698807 0.036689 0.032749027 1.0114636 0.27011105 0.13702975 -0.3160163 0.77736
27 0.6985933 0.68283826 -0.14750643 -0.674914 0.6567446 0.9894522 1.0768187 0.30461207
49 -0.028168837 0.72219765 0.5327112 -0.91600156 0.13688746 1.0655818 0.9126587 0.094801545
41 0.5068975 0.3838682 -0.7045428 -0.06910471 0.65558857 0.83208627 1.135098 0.6182962
10 -1.1928536 0.3744355 0.65437907 -0.5286932 0.05860539 0.109832175 0.042961136 0.84811825
7 -0.19421774 -0.17156368 -0.45653984 0.74135417 0.079801984 -0.17375158 0.16295762 1.4472289
21 0.26487446 -0.0059919353 0.29019395 1.6948367 -0.07664632 0.12030807 -0.650953 0.5463027
42 -0.8083284 0.01658642 1.0167216 -0.73240715 0.44006234 -0.047394015 -0.03225336 0.91399044
3 0.24410279 0.3302455 1.1773199 1.2176547 -0.63775283 -0.10914083 -0.6155896 0.29544595
44 -0.7761372 -0.2080981 1.0247748 -0.2659302 0.7637676 -0.03194772 -0.46702325 0.84202665
4 0.3933839 0.8339038 0.330888 -1.1507684 0.28359416 1.1811851 1.1878583 0.098803654
46 -0.9792459 0.74357057 1.2014908 -1.1506077 0.20523079 0.62916934 0.34462458 0.14215468
0 -0.5174337 -0.004359381 1.288853 0.9644458 -0.22186059 -0.12756139 -1.0277364 0.5465492
35 0.85018945 0.3420686 0.56002706 1.7536165 -0.28376716 0.08367809 -0.47272873 0.17420958
48 1.1250136 0.45731497 -0.94321215 0.9382193 0.031389397 0.74639446 1.0580673 0.5128741
22 0.36405966 0.36366758 1.1783261 1.5535841 -0.80394614 0.1602805 -0.78952074 0.085188955
9 0.8986186 0.84237236 0.8705288 -0.54053557 -0.24026969 1.1800262 0.7317293 -0.29967168
37 0.15080212 0.17133835 1.2510225 1.4738622 -0.75718725 -0.21558441 -0.65158224 0.32812124
32 0.5298032 0.3156932 0.7158101 1.8081441 -0.8054711 0.023095066 -0.62715393 0.32637805
33 0.46866545 0.30475932 0.7659105 2.010243 -0.6807131 0.1582609 -0.6537653 0.08231137
34 1.3735905 0.6984886 -0.33534694 -0.3798595 0.6499031 1.1742804 1.2887374 0.11997689
11 0.046585016 0.9038137 1.4204676 -0.8811751 -0.031573366 1.0833207 0.22948794 -0.43789878
47 0.57751524 0.8939835 0.20345728 -0.7266202 0.47431293 1.387045 1.140061 -0.20789944
5 -0.118533775 1.12711 1.32264 -1.1627953 0.012109374 0.8699109 0.7285515 -0.3145735
