50 8
38 -0.40418842 -0.11935742 0.5949471 -0.754941 0.27250922 1.1051482 0.15483418 -0.661072
41 -0.361091 -0.031025862 0.46108103 -0.41158405 0.2246984 1.186365 0.2660381 -0.7654331
17 -0.14781655 -0.37465557 0.5938766 -0.58246523 1.1856459 0.74939406 -0.017045522 0.10997158
16 -0.1012954 -0.15605949 0.42399424 -0.58110076 0.7668543 1.1847262 0.28767893 -0.31142867
49 -0.381139 -0.25149065 0.6400442 -0.7034786 0.54702276 1.0488118 0.11515765 -0.43335506
43 -0.12832096 -0.23394914 0.57417935 -0.47330073 0.67837316 1.0100746 0.3453877 -0.40827766
6 -0.36210454 0.0426407 0.33765858 -0.4923228 1.0691504 0.7474129 -0.2253197 0.16257636
34 -0.061003186 0.02433416 0.8395807 -0.8865563 0.01973985 0.96228117 -0.035986423 -0.8611683
1 -0.18568964 -0.20609967 0.5720922 -0.6000533 0.936465 1.0336021 0.0011573891 -0.4643042
45 -0.32873195 -0.23175088 0.53831756 -0.6309588 0.6301043 1.1323915 0.1277201 -0.34536302
4 -0.4014225 -0.039223377 0.6265794 -0.59515566 0.2840018 0.8519622 0.27177313 -0.5742721
20 -0.27140886 -0.19580242 0.61408097 -0.7829578 0.31456915 1.0925393 0.34979987 -0.44865146
44 -0.36713606 -0.22180416 0.4772118 -0.6876605 1.18693 1.0000718 0.08929712 -0.30034208
36 -0.566012 -0.10294937 0.4384457 -0.831718 0.87739533 1.3277856 0.28099325 -0.7905642
28 -0.46749425 -0.07746802 0.4744499 -0.73002434 0.6082388 1.1559528 0.16414185 -0.5238098
27 -0.22000109 -0.23055838 0.5414033 -0.8734141 0.6367402 1.3797495 0.28587666 -0.50326544
46 0.0607148 0.44145176 0.92849976 -0.38478965 -0.7421638 0.21184301 -0.02168108 -0.67388934
8 -0.7157774 0.07808302 0.034224663 -0.032385092 0.5635763 0.8429051 0.25142148 0.32593638
47 -0.20466286 -0.21140973 0.66711533 -0.81478775 0.41109768 1.2301822 0.3129821 -0.6247003
40 -0.3212257 -0.08500825 0.19794759 -0.0663202 0.9565986 0.6948265 0.33038235 0.45291865
23 -0.3497312 0.08614838 0.4205849 -0.29878008 0.8379157 0.62814564 -0.24729277 -0.07052177
42 -0.44289953 -0.27598178 0.5985135 -0.76878905 1.2087969 0.71855295 -0.06736593 -0.016276877
24 -0.35217485 -0.113634 0.4611476 -0.48206234 1.3397145 0.47266757 -0.28493446 0.34820136
31 -0.5409566 -0.15024652 0.40171236 -0.8508797 1.1977552 1.129994 -0.10239077 -0.18701215
29 0.2811475 0.4162314 1.0027008 0.091653034 -0.30387282 -0.41619778 0.17560793 -0.25876254
39 -0.7049568 -0.24327892 0.41516346 -0.8727901 1.3619721 0.99757546 -0.015012698 -0.09136264
37 0.28403243 0.9137009 0.68248755 1.4915138 -1.0907005 -1.0030056 0.045529414 0.95041656
19 0.3742401 0.8549365 0.6069275 0.99208844 0.21307097 -1.0143462 -0.696985 0.8525615
48 -0.251364 -0.2568187 0.6401059 -1.0564266 0.7223275 1.3060206 0.21348931 -0.5309182
21 0.17287241 1.0240941 0.61115634 1.551478 -1.2168114 -0.8034735 -0.28455716 0.7798607
33 0.2092557 1.0440527 0.5189138 1.7800006 -1.2541867 -0.9253448 0.2559373 0.93594456
14 0.45075676 0.7108822 0.919964 0.7482486 -1.6233419 -0.27985147 -0.05724489 -0.02834998
10 0.025025053 0.77518326 0.43931144 1.5094302 -0.5928242 -0.83539075 -0.026905762 1.1260394
26 -0.8827793 0.32527915 0.12697008 0.7019698 0.31967872 -0.3597702 0.5398362 1.175939
25 0.34964067 0.725121 0.6308516 0.7130057 -1.0925997 0.07939271 -0.004016532 -0.1552833
35 0.11418329 0.9671716 0.6914249 1.6846232 -1.4098397 -1.0394179 0.18439105 1.0202886
18 0.008896514 0.8935634 0.33161047 1.6680295 -0.13818707 -1.0917736 0.015014434 1.385661
11 -0.09959947 0.077467315 0.9075319 -0.5205144 -0.6881163 0.7481357 0.00921304 -0.78843546
3 0.4268564 0.97346896 0.81149405 1.4220593 -0.27826232 -1.3389432 -0.70389193 0.9292999
13 0.06032076 1.1934842 0.34355652 1.6914524 -0.76214623 -0.8803958 -0.24646391 1.1475956
0 0.15231809 1.0219864 0.55925035 1.7026341 -1.0875363 -1.0898763 -0.012746968 1.2112545
9 0.5337558 0.35848224 1.1978483 -0.16179766 -1.4507837 0.23264451 0.1710912 -0.88198453
22 0.048139516 0.90757126 0.55902886 1.750474 -1.0325528 -1.1021236 0.1253875 1.3334144
7 -0.05794265 0.8668434 0.39616835 1.7056894 -0.5273339 -1.0879898 0.27705443 1.5595675
15 0.041623347 0.7105266 0.3676968 1.4151441 0.038792018 -0.90672785 -0.12220177 1.4470015
12 0.2314428 1.0487554 0.57729304 1.6096599 -0.25919503 -1.2001141 -0.52116597 0.984248
32 0.14046058 1.2995418 0.36062267 1.7322056 -1.2524666 -0.79324794 0.1270636 0.93341506
5 0.47918245 0.9218511 0.5621303 0.9553148 -0.9441609 -0.40380716 0.4015153 0.3439066
2 0.15784876 1.4043565 0.59564596 1.6724747 -1.2413446 -1.2291093 -0.10853697 0.976644
30 -0.14576969 1.0267601 0.22875138 1.9529455 -0.3846579 -1.0858474 0.15195177 1.4028487
