50 8
1 -0.16295719 -0.6326822 0.6872567 -0.3453984 0.24141297 0.9127894 0.1563804 0.24461605
29 -0.43581697 0.3333553 0.644113 0.22608618 1.0752009 -0.6448622 -0.6607249 0.65552866
25 0.121990904 0.47838426 0.31797856 0.27149856 -0.5509166 0.9110028 -0.36869228 0.1760674
15 -0.59369254 0.106390335 0.52428836 0.39314413 1.2137778 -0.52018446 0.25201705 0.93689966
46 -0.18741813 0.57654417 0.5591642 -0.12779717 -0.41235816 0.43378353 -0.88664687 0.22145121
26 -0.42600828 -0.44299063 0.5659416 0.6062255 1.0102282 0.06914956 0.5696404 0.47819614
24 0.36505878 0.42104408 0.77227366 0.9383015 0.49387026 -0.5412234 -0.5985801 0.22776762
6 -0.8660456 -0.06266837 0.49768487 -0.0959773 0.88704807 0.09272271 0.2700158 0.7719603
40 -0.038161077 0.52773386 0.1822421 1.3447591 0.7905411 -0.0058704 0.09029873 0.30307814
28 -0.734164 0.18664235 0.18367523 -0.40226877 -0.23955964 1.0610365 0.14412862 0.75839055
43 -0.7931361 -0.3947278 0.21283138 -0.114768244 0.93404496 0.79529375 0.8241925 0.80309427
31 -0.28403664 0.038752273 0.46482405 0.77447844 1.0900401 -0.42885613 0.07669937 0.71350694
49 -0.5610372 -0.40153742 0.4561418 -0.6134138 0.36450678 1.1943171 0.63537174 0.5584499
19 0.45499903 0.7100276 0.5330141 1.0512831 0.32136986 -0.422121 -1.042606 0.17821093
39 0.23671207 0.04888303 0.4966087 1.1212473 1.0063077 0.08375939 -0.00846093 -0.052394863
13 -0.123269595 0.66658574 0.32164517 0.9692605 0.37001917 -0.07866951 -0.31563807 0.33549398
16 0.09080193 -0.41797522 0.5054997 -0.5144611 -0.24373677 1.0215731 0.002404329 0.6602225
30 0.30747926 0.27634823 0.74705905 1.2057023 0.6811943 -0.3996078 -0.43330112 -0.034951575
2 0.27486828 0.74109715 0.68930966 1.0897521 0.06468333 -0.48041606 -0.9462046 0.14195722
17 -0.47775686 -0.44341022 0.5529206 -0.23771775 0.4520806 0.88760537 0.4084285 0.32093802
27 -0.6005523 -0.1417349 0.40768677 -0.7185195 -0.013004641 1.2134818 0.5902297 0.7377285
0 0.3989771 0.46774033 0.6881021 1.0880469 0.40969557 -0.52317566 -1.1486194 0.051854737
18 0.40143636 0.24692771 0.6743786 0.8604083 0.60146445 -0.5693951 -1.0407088 0.29168823
45 -0.77161586 -0.12539314 0.4057278 -0.8188738 -0.01008208 1.2677891 0.47887146 0.6355451
4 -0.38461342 0.18454546 0.5116592 -0.71165466 -0.81812453 1.3857446 0.091264196 0.41953653
23 0.36803386 0.62447107 0.8678957 0.93448395 0.3202116 -0.52537215 -0.90170354 -0.041513585
42 -0.9586003 -0.022358375 0.34440428 -0.529494 0.5207114 0.48318267 0.32800573 0.99745417
34 -0.09420134 -0.7266406 0.8681758 -0.93953145 -0.36629486 1.2777644 0.048521943 0.32691032
21 0.3425837 0.55330795 0.695695 1.111907 -0.05144473 -0.3294275 -1.1915859 -0.069031745
44 -0.7562912 -0.7351577 0.5793255 -0.49452922 1.1209826 0.3970187 0.5686446 0.8978159
8 -0.748026 0.19998373 0.26103416 0.44786867 0.80205905 -0.12416634 0.28660864 0.9837362
36 -0.6720125 -0.18799636 0.42139795 -0.68213177 -0.3903653 1.6906197 0.8080097 0.46813977
7 -0.033580925 0.056808904 0.54158473 0.61525196 0.9192842 -0.58676153 -0.16007201 0.87394017
32 0.8068104 0.73568225 0.7180686 1.183806 -0.43924326 0.061040457 -1.0240922 -0.33660734
37 0.43692684 0.659554 0.8207033 1.0191137 -0.36462513 -0.4315467 -0.9429446 0.16372898
3 0.32499343 0.76027226 0.7656215 1.0649074 0.097749546 -0.5212385 -0.78386575 0.11926684
11 0.5736494 -0.25722566 0.70954317 -0.28805745 -1.0874286 1.8189552 -0.24758047 -0.3581541
12 0.014510488 0.60217005 0.40083832 1.1526126 0.66722196 -0.47514004 -0.6432055 0.41308165
33 0.8417018 1.0997546 0.39910164 0.9954141 -0.9450243 0.5259031 -0.98910224 -0.15061484
10 -0.82460654 -0.10531112 0.10918256 -0.10751244 0.09303416 0.6764611 0.0154741155 0.92831725
14 0.6836595 0.8317709 0.5496193 -0.10714502 -1.4466976 1.2042382 -0.90978295 -0.06403762
22 0.9944835 0.77309436 0.65264666 0.8942247 -0.88256353 0.33081928 -1.2624635 -0.21213906
9 0.4346706 -0.0889031 0.6966445 -0.6031154 -1.0869226 1.536301 -0.002643943 0.19661716
20 -1.1885598 0.17421493 0.2167669 -0.77946275 0.05548108 0.72645557 0.2742169 1.2191026
41 -0.03273037 -0.40494475 0.4289394 -0.33810112 -0.41449583 1.7144444 0.39853683 0.16369562
38 0.60017157 -0.04586045 0.65191776 -0.012245907 -1.3445442 1.8578501 -0.08616399 -0.43015796
35 1.163146 0.82786775 0.8585372 0.9176995 -0.8059038 -0.053083073 -1.2846099 -0.13066858
5 0.19616078 -0.043776643 0.38194323 -0.6783986 -0.80334944 1.6281805 0.46868482 0.6366795
48 0.3781518 -0.5968485 0.5765816 -0.0058806664 0.076455034 1.5436575 0.6129591 -0.1106224
47 0.28675848 -0.8237622 0.48480916 0.08466447 -0.08466293 1.7175525 0.86245865 0.0012165129
