50 8
43 -0.55435216 0.5605143 -0.21529989 0.4131654 -0.74011344 -0.45667428 -0.18620811 -0.8488389
23 -0.22613299 0.77412766 -0.09867935 0.09868897 -0.17185684 -0.955641 -0.3891679 -0.38894972
18 -0.53528905 0.3899541 0.4653652 -0.31211758 0.22028239 -1.1523322 0.09319392 0.28417516
16 -0.3160954 0.059736054 0.7454455 -0.023819929 -0.82701725 -0.23065136 0.60760164 -0.70913815
29 -0.21348327 0.78308296 -0.4648925 0.35080105 -0.47399607 -0.99329495 -0.31613758 -0.58038706
40 -0.09303089 1.2729682 -0.28405306 0.32690415 0.3615127 -0.73841697 -0.30588388 0.2077805
19 -0.06285961 0.6134581 0.7739826 -0.33769777 0.36321732 -0.82968056 0.21342722 0.8580541
39 -0.3977918 0.817812 -0.45984888 0.3103567 -0.38649598 -0.9033871 -0.5158486 -0.6580055
26 -0.40303984 0.5561393 -0.30591178 0.26416883 -0.18626311 -1.3509642 -0.41197774 -0.690451
28 -0.29167175 0.26828983 0.02696966 0.57904905 -1.0950079 -0.35791948 -0.265931 -1.1150767
36 -0.34909758 0.44537896 -0.0052510994 0.9684012 -0.9402854 0.18920116 -0.11977149 -0.65596324
10 0.17988859 0.51295984 0.6434684 -0.18218827 -0.13022235 -0.713922 0.6447641 0.3403325
6 -0.45893726 0.3927468 -0.2070533 0.32853922 -0.2898386 -1.2979684 -0.30484614 -0.82829684
42 -0.680746 0.31301236 0.120560996 -0.10116058 -0.21608584 -1.1410116 0.08038895 -0.85925996
1 -0.06576499 0.93261766 -0.49966362 0.47844923 -0.2022364 -1.0445527 -0.32443258 -0.33539855
24 -0.41578013 0.6094975 0.3876623 -0.33059648 0.71434706 -1.5367743 -0.25269452 0.29000026
25 0.0653774 0.53606904 1.0728079 -0.102526836 -0.027510798 -0.039790366 0.11689889 0.74438524
45 -0.21300559 0.3202508 0.22696103 0.527065 -0.8145663 -0.30721414 -0.18244183 -1.0689316
44 0.10489 1.1385386 -0.5915038 0.66503155 -0.21560854 -0.8633282 -0.7758397 -0.462059
20 -0.35402676 0.33323303 0.25201294 -0.11636797 -0.6090616 -0.869814 -0.17598186 -1.1014392
27 -0.437422 0.6811393 -0.13715011 1.0329688 -0.8771801 0.32585257 -0.5628663 -0.8667144
31 -0.4194106 0.6444909 -0.366342 0.2769809 -0.034794074 -1.4476821 -0.20515636 -0.77164453
48 0.33712393 1.0350443 -0.23162208 0.9911945 -0.78677225 0.11688352 -0.614679 -0.24713068
15 -0.44154245 -0.22498326 0.7554666 -0.2213444 -0.4144819 -1.0303175 0.74017555 0.36686432
49 -0.4799441 0.035890218 1.0588311 0.58967423 -1.3027083 1.1258261 0.28124335 -0.5014549
4 0.16930741 0.36537367 0.85271776 1.206267 -1.2159677 1.3454506 0.22077498 0.03738051
47 -0.384929 0.082224414 0.31779087 0.74525964 -1.2326376 0.16267155 0.041628644 -0.9797059
30 -0.7366021 0.05914713 1.0112294 -0.3886666 0.18643785 -0.73519546 0.48013815 0.34262708
9 -0.13381796 0.5664355 0.947827 0.97699785 -0.775836 1.4916695 0.29711613 0.5119033
12 -0.18346718 0.95515525 0.046015326 -0.400493 0.7550742 -1.7252725 -0.055355974 0.65933967
41 -0.3729306 0.85270536 0.01829315 1.2449282 -0.506602 0.64220303 -0.43681717 -0.66880584
5 -0.36912295 -0.15602149 1.2252399 0.66312695 -1.3481896 1.1323823 0.5383897 0.05836842
8 -0.17201427 0.5386331 -0.09355917 -0.21362959 0.008255815 -1.846956 -0.26592946 -0.538881
13 -0.10673188 0.8367301 -0.11258965 0.03701933 0.3934086 -1.3398129 0.13104178 0.6225422
37 -0.2122166 0.13273607 1.6989038 -0.1240848 -0.07152278 0.4090999 0.6005305 1.0635062
35 0.14090876 0.7250507 0.96579313 0.32917178 0.024107834 0.41234472 0.33336747 1.5101533
21 -0.070264354 0.6664556 1.1652657 0.013396421 0.45467833 0.046171155 0.29509968 1.6052634
22 -0.3685224 -0.10016203 1.8529781 0.006962899 0.014627292 0.40324652 0.7731173 1.133696
3 -0.0787569 0.68386173 0.9229506 -0.39878246 0.8192849 -0.97275686 0.28175342 1.2715161
14 -0.021395145 0.79534745 1.2431189 0.8122214 -0.2999252 1.608081 0.13932304 0.94993275
2 -0.27670297 0.5951148 1.0302352 -0.27335098 0.57881653 -0.41358587 0.94408023 1.3586525
34 -0.19536553 0.83448184 0.31603664 1.3304831 -0.700529 1.1455637 -0.3914779 -0.60735923
7 -0.36049226 0.46497923 0.19181293 -0.40159217 0.2666718 -1.7391558 0.07457733 0.28781754
38 0.1521742 1.1579137 0.44186434 1.090904 -0.32582685 1.1475958 -0.24101037 -0.07352217
11 -0.20424119 0.36371347 1.1779912 0.5702944 -0.8417184 1.3110211 0.23034771 0.86060476
0 -0.29172656 0.1374654 1.0470856 -0.6156861 0.07921551 -0.9505939 0.78263587 0.8815665
17 -0.70065135 -0.12777713 1.1234108 -0.124153905 -0.40213683 -0.2450158 0.13419704 -0.27577546
46 -0.2508849 0.0017528135 1.5639226 0.3673846 -0.39983812 0.71700937 0.620611 0.83640516
33 0.045703225 0.36336955 1.655781 0.29779035 -0.052891523 0.89686364 0.596433 1.4934965
32 -0.21013121 0.3050476 1.687656 0.027649203 0.33080727 0.39065295 0.73910445 1.3211349
