50 8
19 0.6731459 -0.44627848 -1.176123 -0.26275727 0.078309946 0.7051529 -1.0364435 -1.0953665
0 0.5448175 0.025984325 -1.4746814 0.55204386 0.16621245 1.3752159 -1.3006349 -0.36486578
2 0.53370667 -0.05014953 -1.3565438 0.25282583 -0.041971307 0.9399367 -1.3884269 -0.6331499
3 0.35410634 -0.13453075 -1.3894752 0.07409174 0.1124855 1.6027874 -1.3967338 -0.47823486
33 0.21611468 0.75925887 -1.5464034 0.40193382 0.07269622 2.3764784 -1.1628221 0.16512501
15 0.769125 -0.582359 -0.24857359 0.2507382 0.3270906 -0.25200504 -0.47193494 -1.3252074
23 0.61231375 -0.7243072 0.0896452 -0.82568896 0.23976871 0.10679248 -0.4725963 -0.61788106
1 -0.086881496 0.047755532 1.937016 -1.137679 0.034773935 -0.6738928 0.02275023 -0.22093436
21 0.46438918 0.92547816 -1.7286234 0.6384683 -0.110077634 1.7059807 -1.1965079 -0.1122267
26 0.92407465 -0.6993816 -0.32131276 -0.0949799 0.61013305 -0.6986685 -0.35852063 -0.68571925
7 0.7668308 -0.517033 -1.1448721 0.8462039 0.25427452 0.57230145 -1.5327381 -0.043613177
36 -0.3977742 0.33037516 2.3221607 -1.529073 0.112278834 -0.5522717 0.03550394 0.6639465
35 0.341943 0.59138787 -1.3320119 0.30408934 0.100126706 2.3178878 -1.040455 0.34611693
22 0.16170077 1.1303672 -1.6432408 0.24276847 0.11335968 2.3706 -0.8495913 0.35098192
20 0.31603292 -0.61979264 0.49278903 -0.31875837 0.9494302 -0.9080777 -0.04022007 -0.3355696
6 0.79089755 -0.76582265 0.51037467 -0.16335903 0.62672454 -0.9918248 -0.2757615 -0.24399874
10 1.126481 -0.6266814 -0.49877083 0.56155926 0.34202862 -0.516458 -0.9262353 -0.09666456
24 0.6334513 -0.6938816 -0.27419448 -0.6917868 -0.119408526 -0.2051499 -0.98525393 -1.284562
12 0.5951781 -0.46124247 -1.1388674 0.19763243 -0.23189197 0.85813665 -1.7950236 -0.28700545
30 0.55976456 0.20369354 -1.4737433 0.26818368 -0.053580116 1.7460686 -1.3617991 0.029960737
37 0.0180984 1.4861488 -1.8204105 0.496099 0.37445545 2.6989722 -0.5821971 0.25748694
32 -0.00324219 1.132419 -1.4120345 0.54887044 -0.035455603 2.7091935 -1.0779504 0.26790422
17 0.41087285 0.4283995 0.40569225 0.72845876 0.7685945 -1.5420872 0.35703924 -1.0546063
27 -0.32496804 0.67215544 2.125637 -1.3385619 0.3882949 -0.6640327 0.34654593 0.971755
18 0.30712363 0.45580018 -1.4527215 0.8179418 0.14365269 1.8646415 -1.3220147 0.06514006
28 0.6125683 -0.4680252 1.24897 -0.19615406 0.3988301 -1.3205411 -0.29413226 0.16110098
42 0.4098319 -0.4756979 1.6051174 -0.56924444 0.42519355 -0.8916994 0.06547034 -0.21032125
41 -0.7039346 1.2563128 2.4471848 -1.0592486 -0.13667691 -0.5600226 -0.10808302 1.3789513
43 0.26805824 -0.026217999 1.368923 -0.40728688 0.45091537 -1.237256 0.13561307 -0.37338847
31 -0.059136145 -0.08961263 2.0886693 -1.4459718 0.18390778 -0.6751491 -0.13035604 0.83530647
4 -0.26023078 0.9206566 1.1521791 -0.07690508 1.0947804 -0.91469884 0.873807 0.3444525
34 -0.32984045 1.0482111 2.1634614 -1.4883829 0.059319563 -0.7215009 0.28608158 1.0867622
16 -0.2152712 0.9345011 -0.23506992 0.8418667 1.407775 -0.42460686 0.7964617 -0.99400645
38 -0.26801708 0.7591814 2.2460306 -1.5549433 -0.18622835 -0.5122497 0.11470689 0.6505821
13 0.69931334 0.38907295 -1.6347594 0.5731611 -0.1195424 1.7192174 -1.6412345 0.87703234
29 -0.10973169 1.168183 -0.7469534 0.3374157 0.7417145 0.22686496 0.21029289 -0.39978328
45 0.3241737 0.30733752 1.9017062 -0.60815006 0.46728045 -0.96294284 0.6461543 0.064980544
25 -0.057802252 2.1678338 -1.2529496 0.29656574 0.49861592 1.0679402 0.25434145 0.39527068
39 -0.048230503 0.121463515 2.1122599 -0.940991 0.5222544 -0.6591652 0.28619602 0.829734
40 -0.41187367 0.33427083 2.511319 -1.0870662 0.2636654 -0.44553083 -0.247699 2.0115921
9 0.09383894 2.4723647 -0.21151194 1.274066 0.917773 -0.8580722 1.2951425 -0.3055607
44 -0.061041526 0.42059848 2.6510758 -0.87103426 -0.16866294 -0.7613739 -0.07304476 1.0260427
8 0.5553473 -0.32558867 1.252862 -0.37084952 -0.075151466 -0.4679516 -0.8220616 1.4528153
14 -0.8740184 2.556207 -0.6295815 1.2981523 0.65654546 1.3442612 0.2672984 0.39703736
5 -0.05738567 1.1308118 -0.0016136768 1.5826212 0.9245685 -0.6665589 0.57031196 -1.4064858
11 -0.34731704 2.3095932 0.7362173 0.9772467 0.97690725 -0.54705465 1.5597421 -0.5237126
47 -0.0047248513 0.12807423 1.9344459 -0.7941374 0.5094537 -1.0770811 0.36223486 -0.030794872
49 0.1336336 0.30160353 1.6816722 -0.1007346 0.3479369 -1.0645161 0.19275543 -0.15364133
48 0.31540024 0.0431738 1.6870494 -0.6893158 0.25193843 -0.8912184 0.06780596 0.66693115
46 -0.47496083 0.91096205 2.487224 -1.2278725 -0.03200131 -0.38878596 0.13107312 1.0993263
