50 8
27 0.095791586 0.560605 -0.014963369 0.44253704 -1.1698471 -0.12291912 0.1419464 -1.1603125
1 -0.0633206 0.30412495 0.32551607 0.35955718 -0.5853565 -0.32519165 0.22216024 -1.0386423
45 0.0751471 0.4950642 -0.15873732 0.5512746 -0.64283895 -0.5489464 0.09437352 -1.3262756
41 0.29790294 0.69041073 -0.25610554 0.5507178 -0.8200567 -0.45076936 -0.18046635 -1.1728524
43 -0.18152122 0.31962702 0.015699603 0.37374762 -0.61832744 -0.67831683 -0.11432403 -0.903679
28 -0.060372464 0.23310387 0.21805215 0.4278734 -0.729189 -0.45822093 -0.040219486 -1.3077136
39 -0.2933847 0.116054446 -0.0074492265 0.5641033 0.0013363706 -1.0343958 -0.3673237 -0.7014348
34 0.38218433 1.0966806 -0.43261567 0.5195908 -0.70286936 -0.051179994 -0.45878205 -0.31073526
36 0.022957737 0.58609515 0.03787618 0.29480442 -1.3471144 0.062384263 0.2661533 -1.2470497
25 0.008285088 0.94397044 0.38175264 0.24462345 -0.03370191 0.3587706 -0.68561655 1.2438338
23 -0.84343696 -0.0850834 1.0118148 0.3814832 0.82493997 -0.39285108 -0.14498344 1.0044987
13 -0.381604 0.14099614 0.078708634 0.9149942 0.66659427 -0.5304565 -0.6290603 0.6118579
17 -0.2343907 0.13012248 0.41518947 0.2796896 -0.74709094 -0.25344196 0.07725751 -1.4959671
16 0.2746785 0.76590186 0.2656728 0.15318103 -1.2494735 -0.0955818 0.50861746 -0.82910585
38 0.4188598 0.95811546 -0.34810367 0.4982876 -0.78571826 -0.32615355 -0.3937747 -0.59054047
18 -0.81086326 -0.07097708 0.8121181 0.6611462 1.165092 -0.27857655 -0.42599934 1.1992266
6 -0.18212177 0.09806606 0.073601104 0.5433047 -0.7123763 -0.69525933 0.08881901 -1.4856354
49 0.2263756 0.71164715 0.24068215 0.18590167 -1.4034044 0.25512406 0.20153572 -1.241028
30 -0.6912602 0.0940704 0.7305358 0.54013354 1.0654901 -0.38648543 -0.6474131 1.1182374
26 -0.655221 -0.2775131 0.4250713 0.4635946 0.36395538 -0.9559831 -0.5221506 -0.6977981
5 -0.15568955 0.6966226 1.01364 -0.019504206 -0.799406 0.9595772 0.7139534 0.23688766
21 -0.22139926 0.99459404 0.6518626 0.36532298 0.503219 0.6420374 -0.32656503 1.9461141
31 -0.055523578 0.26847765 -0.17657866 0.60208553 -0.17129616 -0.98505175 -0.68739176 -0.7627394
29 0.018121136 0.7901208 -0.19443691 0.69282186 0.2916084 -0.34859264 -0.6230079 0.5530184
40 -0.64946544 -0.28089833 0.24539152 0.62638634 0.45572934 -1.143381 -0.21345031 -0.86573976
10 -0.07257172 0.31536108 0.5165345 0.44972444 -0.19524439 -0.23163807 0.5241023 -0.53182906
4 0.3389039 0.9374667 0.05928851 0.26429045 -1.5478008 0.30443293 0.50938654 -0.8008113
12 -0.8394895 0.04869134 0.8817538 0.6064452 0.83881724 -0.07998188 -0.25158006 1.7060735
48 0.4859503 0.75893366 -0.3232525 0.6600356 -0.9344461 -0.2985188 -0.18839166 -1.0498955
42 -0.50751674 0.04772502 0.10058098 0.47977105 -0.11302655 -0.7981905 -0.08459509 -1.3782331
19 -0.89117354 0.099992864 1.2415965 0.41976684 1.1057599 0.3387435 -0.06323278 1.4394038
8 -0.44537207 -0.20253035 0.075060606 0.5488708 -0.025934227 -1.3795712 -0.34636235 -1.2394007
44 0.11910027 0.21195565 -0.14978696 0.6054196 -0.59725577 -0.99397403 -0.26753455 -1.2759453
46 -0.48579425 -0.14255865 1.1379068 0.15712582 -0.8947702 0.27413046 0.6887698 -0.2641869
20 0.07108379 0.6789715 0.2156166 0.17504384 -1.1683825 0.09877907 0.38358244 -1.353207
9 0.05117544 0.9860738 0.18551607 0.2651356 -1.178014 0.59525913 0.4834169 -0.089015625
15 -0.9990253 0.021874517 1.2830722 0.44127956 0.8823782 0.33202642 0.27202174 1.585813
7 -0.7702277 0.13367629 0.6661709 0.6125812 1.1829013 -0.35094687 -0.75769943 1.5447245
24 -1.0609561 0.07242804 1.3823154 0.27183115 1.0061941 0.4545066 -0.07624341 1.4370567
47 0.296085 0.7490663 -0.019780243 0.36627412 -1.1352367 -0.15671709 0.31914413 -1.3608229
0 -0.84940755 0.3248483 1.1782817 0.43563595 0.985056 0.57520497 0.11404235 1.7082459
37 -0.74528235 0.4552154 1.1583155 0.3523147 1.0746658 0.430359 -0.34899655 2.0655975
2 -0.49604207 0.6777515 0.99697566 0.52596873 0.97392863 0.5599462 -0.034569353 2.133204
3 -0.78799194 0.57583 1.1292293 0.20884864 1.0670491 0.42102978 -0.13971527 1.6544309
11 0.56956065 1.1249411 -0.031873807 0.35192367 -1.3681724 0.39384028 0.027699701 -0.25456578
33 -0.5560867 0.55713546 1.1544677 0.38022295 0.9763706 0.40197563 -0.18206912 2.10773
32 -0.92844987 0.11185794 0.9982503 0.62053293 1.3789995 -0.047661625 -0.32617292 1.7549616
22 -0.8302721 0.1973169 1.1381602 0.49001884 1.1321255 0.30590156 -0.3217912 1.9449157
35 -0.81011903 0.27821305 1.2294512 0.36329097 1.0764413 0.33973375 -0.30179968 1.87017
14 0.7262816 1.5884455 -0.17860201 0.39994383 -0.8011215 0.65388924 -0.0072514387 0.4204946
