50 8
27 0.48073205 1.002497 0.9131244 0.38579816 -0.28710303 -1.1687063 -0.50355846 1.375241
28 0.30060095 1.0643609 0.8919015 0.55966973 -0.6377913 -0.93806726 -0.80358946 1.3850183
18 0.48761368 -1.1992593 -0.50139093 0.6881071 0.7453371 2.0290756 -0.8612624 -0.73972213
36 0.674906 1.2323351 0.13097103 0.52559954 -0.21367185 -1.550409 -0.21847819 1.1327034
43 0.3840746 0.40742585 1.4664758 0.47516283 0.19098695 -0.7192863 -0.36812395 0.84782624
34 0.5938029 1.954962 -0.21231921 -0.036467735 -0.51993513 -1.6559453 0.21549354 0.7735933
26 0.8481132 -0.484427 1.1372852 1.0578625 0.26750144 -0.19759075 -1.0060743 0.8754382
41 0.56618315 1.2225952 -0.15103969 0.3659461 -0.24112627 -1.7115169 -0.41161376 0.96237373
20 0.34546125 0.85184604 1.3434961 0.8522004 -0.18367968 -0.7583271 -0.26207933 1.2579784
6 0.73432165 -0.37414786 1.4772449 0.9823625 0.18939406 -0.048088234 -0.9883191 1.222112
38 0.38309237 2.2836733 -0.7502856 0.46862188 -0.6809418 -1.3994317 0.61769843 0.73747873
8 0.8499914 -1.2177789 0.5245252 1.0997288 0.69588244 0.655221 -1.3142251 0.98118335
4 0.29073566 1.991784 -0.059774507 0.3802405 -0.7064691 -0.9226772 0.3739287 0.833931
31 1.1065938 -0.7536032 -0.061352845 0.97956204 0.52171874 -0.007560029 -0.93810874 0.814653
30 0.61200637 -1.0320544 -0.8272968 0.31232873 0.6885422 2.2045505 -0.5690594 -1.5210625
16 -0.01700952 1.2499194 1.2002989 -0.30198008 -0.07606842 -1.0890307 -0.07289073 0.049677588
2 -0.54315794 -0.06578061 -1.5288942 -0.82163715 1.1586337 2.1761007 0.08447274 -2.060983
0 -0.4592822 -0.6032852 -0.8533947 -0.74382395 1.5986032 2.0065117 -0.16331875 -1.9751105
13 1.0958083 -1.0862592 0.49789736 1.5697606 0.48166037 0.64601535 -1.0655692 1.0378989
7 0.4442332 -0.77499807 1.3634486 0.922439 0.51063555 0.71624273 -1.0704038 1.154473
10 0.45537993 -0.047672026 1.450081 1.0897816 0.19137901 -0.14927548 -0.69845575 1.4819249
40 0.5502254 -1.0742851 -1.105077 0.5835747 0.99147123 1.5250432 -0.78189045 -0.35940123
3 -0.61088735 -0.20571986 -1.6670868 -0.80032593 1.313687 1.983544 -0.19713733 -1.807536
21 -0.26308948 0.6349319 -1.750216 -0.53747773 0.10658805 2.438624 0.24415947 -1.6631813
9 -0.11141835 2.6094818 -0.31877 0.21281871 -0.8379588 -0.36489698 0.9452939 0.7901994
12 -0.29468197 -0.5950023 -1.4026674 -0.15807223 1.3344477 1.5417888 -0.44522986 -0.9403333
37 -0.031901747 -0.08337876 -2.1102047 -0.09461156 0.71061456 2.854965 0.21757708 -1.7557608
11 -0.64632297 2.6822026 0.10592049 -0.19781265 -0.5701206 -0.3470547 1.1250283 0.46679437
1 0.2080729 0.6693803 0.05354483 -0.8961687 0.66862965 -1.6777524 -0.47946993 -0.44096413
33 -0.019917553 0.23247954 -1.760295 -0.07767515 0.12095382 3.027786 0.21777917 -1.7908258
32 0.19939603 -0.08841797 -1.7138723 0.3766933 0.2223065 2.9238436 -0.015659742 -1.6141915
14 -0.41979605 2.6315582 -0.32036266 -0.0554072 -0.88235956 0.06295606 1.1199869 0.15926652
17 0.017327825 0.32979017 1.889752 0.004470382 0.5508593 -0.7812996 -0.36938208 0.2218806
24 -0.29194775 -0.7066102 -0.7106089 -1.2692817 1.8500468 0.35160562 -0.72983843 -1.7768524
29 0.21860717 1.2254183 1.2588394 0.29695922 -0.19801658 -0.9602938 0.092557065 0.63621706
39 0.8386559 -0.164378 -0.77249205 0.16264649 0.58515155 -0.6195209 -0.6802703 0.17490885
22 0.23851342 -0.40589485 -1.2504377 -0.018727092 0.3158337 2.5915627 -0.41238114 -1.8754796
5 -0.38033283 1.9277447 1.2852503 -0.32350218 -0.28950804 -0.50178605 0.66335857 0.43497476
19 -0.09945394 -0.4901055 -0.5162746 -1.4481173 1.9955841 -0.506079 -0.4410148 -1.6524242
15 -1.050104 -0.10809609 0.88418895 -1.3688471 1.5335855 0.66360503 -0.33783656 -1.6036223
35 0.29686743 0.12206572 -1.4592649 0.36909783 -0.070319764 3.1508214 0.2903975 -1.4827238
23 -0.015958838 0.013120103 -0.7746295 -1.4061526 1.6758109 -1.3145883 -0.5118557 -1.1873571
49 -0.43406066 1.6182656 1.644919 -0.3368384 -0.102113426 -0.64971125 0.33949214 0.29666755
25 -0.06974011 1.6491829 0.18549947 0.07064572 -0.665841 -0.23397498 0.2621226 -0.0045931307
42 -0.1945423 -0.22311264 1.4153541 -0.21326269 1.0035911 -0.071223535 -0.42427367 -0.639161
44 0.9056671 -0.97994125 -0.5934846 1.0145454 0.5253756 1.104257 -0.8278687 -0.18591736
45 -0.19894268 0.5549092 2.245109 -0.87155235 0.5165275 -0.76479506 -0.34437487 -0.3596944
47 -0.5894875 2.8921874 0.41779473 -0.43284094 -1.1375768 0.5747348 1.3305345 -0.10179625
46 -0.8037185 2.1744578 -1.044643 -0.38645965 -0.29411766 1.0296272 1.1667594 -0.44730955
48 0.5453224 1.7514762 -1.3549595 0.530561 -0.80111927 -0.38506725 0.35779077 0.73900354
