50 8
39 -0.20282751 0.50070524 0.22422503 0.54417145 0.35039282 -0.64851326 -0.6393744 0.29393363
43 -0.13376251 0.05672974 0.5718486 0.74735785 0.44140947 -0.81202805 -0.10718949 -0.76963484
40 -0.5968649 0.5695782 0.43102306 0.14397652 0.70785564 -0.7887177 -0.21195799 -0.10816276
1 0.24792679 0.29832202 0.69977623 0.5278884 -0.56003565 -0.50777966 0.15188907 -0.8770612
23 -0.21469939 0.34669003 0.5720239 0.50995797 0.071923815 -0.76181126 0.25204694 -0.6436318
16 0.13208038 0.22361165 0.8586001 0.23200713 -0.9850005 -0.17197354 0.17605837 -0.59023756
6 -0.36464456 0.23096932 0.56358635 0.4656993 0.20007962 -0.715465 -0.41912815 -1.0443871
15 -0.2795307 -0.52866113 0.81791604 1.0043977 0.6938792 -0.52879906 0.35934028 -0.05844336
8 0.020639308 0.31838778 0.53161925 0.48097575 0.040336415 -0.7638961 -0.5757608 -1.05293
27 -0.34706628 0.28796008 0.66386515 0.36645508 -0.7887038 -0.30973998 -0.03408134 -0.9969899
41 -0.09555655 0.51887715 0.63148123 0.26830164 -0.96658885 -0.28171757 0.06433094 -0.97850424
34 -0.08005231 0.8093519 0.4556449 0.14074646 -0.92242 -0.43644425 0.08734901 -0.5113638
28 0.07521599 0.120162986 0.7778984 0.50858 -0.59222215 -0.72995627 -0.19046956 -1.5037953
42 -0.0792776 0.04720736 0.5564097 0.7588424 -0.026867686 -0.88619024 -0.13673915 -0.6971629
18 -0.36680722 0.76708394 0.09485139 0.5834593 1.0082604 -0.17994842 -0.2935785 1.3192586
4 -0.006983669 0.12209103 0.91339976 0.2937699 -0.9119751 -0.030588418 0.20554051 -0.84506583
46 -0.13356607 -0.23958375 0.8029597 0.60192186 -0.24654502 -0.01583433 -0.010721222 0.36148855
44 0.022914752 0.7226786 0.35602102 0.41237727 -0.62482065 -0.94055414 -0.27409333 -0.98557365
36 -0.22787479 0.32885605 0.56671184 0.61909306 -0.77245766 -0.6756484 0.13214089 -1.4205595
29 -0.15298903 1.0164082 0.41492227 -0.037162844 -0.5501135 0.6441167 0.040790938 0.7847642
45 0.07599245 0.24970117 0.6679229 0.5770729 -0.82248616 -0.32909244 -0.08330633 -1.1339543
31 -0.127524 0.19032767 0.51041365 0.74470884 -0.1314487 -0.9739179 -0.053974725 -0.98699415
17 0.13496225 -0.26383936 0.982948 0.5684856 -0.5286664 -0.42994827 -0.17596705 -1.1521221
49 -0.14274162 0.156604 1.0016546 0.014796059 -1.2348934 0.29075187 -0.04370242 -0.7240652
48 -0.21855341 0.5375091 0.5209386 0.35171458 -0.6592705 -0.7210626 0.12673643 -0.9868061
20 0.019307766 -0.13753553 1.0259609 0.3761356 -0.9258173 -0.24133007 -0.12529016 -1.4531559
2 -0.24516961 0.6789306 0.46903577 0.20303628 1.2100023 0.54059047 -0.25149822 1.8957232
26 -0.281946 0.3006084 0.39736485 0.55789304 -0.08883804 -0.99673307 -0.6610404 -0.96838737
19 -0.35633764 0.15615812 0.5075708 0.6366718 1.5490663 0.061084595 -0.5051082 0.6508011
25 -0.024997137 0.9785729 0.30170017 -0.051586136 -0.12810092 0.5185319 -0.79544556 1.2865934
30 -0.03888292 0.3881671 0.23596965 0.7342136 0.929881 -0.27804586 -0.5958238 0.69178766
24 -0.33448434 0.33073086 0.4000586 0.5724629 1.6223396 0.008937792 -0.51858896 1.1042061
38 -0.16277999 0.84586436 0.71068496 -0.36236933 -1.2336122 -0.009188886 -0.23802544 -0.7987942
7 -0.23983903 0.59046185 0.5270246 0.29179347 1.3752906 0.25663936 0.0070635932 1.2134017
14 0.20562182 0.86184645 0.7059406 -0.28844342 -0.6537348 1.3494942 -0.27080223 1.307894
37 -0.19678581 0.5550107 0.64242184 0.031707786 0.7969148 0.7116563 -0.18182889 2.0964336
12 -0.1312314 0.7223512 0.52061427 0.2382287 1.0835028 0.84901494 0.0025410124 1.9418437
9 -0.008218414 1.1881125 0.5759275 -0.52709454 -1.038182 1.1183673 -0.0885018 1.2534674
13 -0.48537782 0.7398548 0.5270419 0.028431144 0.47416645 0.7052327 0.054142244 1.5055702
11 0.16226377 0.27265343 0.8342516 0.18429762 -1.3203241 0.19769897 -0.13064246 -0.54505235
35 -0.441865 0.62509066 0.68783337 -0.009267752 1.0514165 0.8696374 0.12178304 2.1677763
33 -0.37117735 0.5198024 0.9080631 -0.095582694 0.632655 1.0770856 0.46266848 1.9508185
32 -0.3859706 0.7667672 0.50190526 0.028885186 0.99271256 0.6657874 -0.15125766 2.2685142
0 0.124680914 0.7005349 0.3664491 0.40443355 1.0906214 0.39998007 -0.49054885 1.8475337
10 -0.10721562 0.27105924 0.86765736 0.40286517 0.6779562 -0.12759 1.0297514 0.2586818
21 -0.5900686 0.5477118 0.83866984 -0.13888428 0.90469486 1.0880132 0.21607155 2.1286335
3 -0.19093958 0.54105985 0.52495575 0.33316174 1.9534073 0.43930033 -0.42557237 1.3990891
5 0.17374691 -0.23631753 1.2712032 0.20130955 -1.5443711 0.68662786 0.3579229 -0.5582146
22 -0.14035513 0.93577176 0.40539822 0.02315741 0.58057857 1.0086131 -0.44059953 2.2060146
47 0.34755343 0.065647244 0.56547314 0.6949009 -0.5757812 0.8433452 -0.60172266 0.7590663
