50 8
8 -0.29122484 0.5091163 0.107581645 0.6106504 -0.24393445 0.6833884 0.14098778 0.21349992
20 0.1095575 0.47676444 0.14885452 0.43382168 -0.35183537 1.0597154 0.36710224 0.054085214
9 0.29905736 0.33636856 0.38621813 0.49703506 -0.42159352 0.6392258 0.15975912 0.31480798
29 0.16291119 0.5510446 0.24554065 0.6723088 -0.03799592 0.7121499 -0.32005194 0.12214448
13 -0.044917036 0.5509231 0.2391288 0.5096461 0.17805132 0.31189847 0.02978225 0.31458393
6 -0.5992251 0.37344328 0.3304004 -0.055199426 0.055014197 0.64134854 0.74985576 -0.29365808
14 0.43185753 0.50040704 0.27622977 0.6810898 -0.57976073 0.8696613 -0.3267916 0.43982965
34 -0.061207067 0.34358087 0.3023617 -0.19017097 -0.30391183 1.4567264 0.23294416 -0.12573871
1 0.44350258 0.2696365 0.24679327 0.54249066 -0.3954722 1.1858547 -0.10542326 0.15023981
16 0.123947926 -0.3871479 1.0005184 0.34321925 0.68671 -0.31225747 -0.54615456 0.47555888
28 -0.67136097 0.38102537 0.23928042 -0.43950984 -0.037011407 1.2652224 0.70956624 -0.36447048
36 -0.22238249 0.34898758 0.29724815 -0.27564415 -0.27506995 1.611505 0.34457588 -0.38551536
24 0.3251381 0.22760577 0.62516075 0.75075567 0.39853016 -0.3458601 -0.8241703 0.9533555
4 -0.10144773 0.43597922 0.39714316 -0.13470028 -0.4773232 1.2869738 0.28406897 -0.28374946
31 -0.3831351 0.70491755 -0.05654034 -0.059307147 -0.31904772 1.4254075 0.7159299 -0.1252375
43 -0.6503264 0.4722823 0.26269248 -0.30555174 0.068093725 1.0513585 1.331834 -0.7152541
49 -0.6248776 0.15630382 0.34144816 -0.15809211 0.033534802 0.40439683 1.1042316 0.10858887
23 0.33788818 0.3116686 0.634958 0.6990337 0.817384 -0.40390813 -0.7523938 0.74479705
19 0.4514013 0.58132285 0.38282415 1.2109431 0.3150908 -0.45520988 -0.50908995 0.9213818
17 -0.38307092 -0.45910746 1.2095139 -0.51306903 1.0191369 -0.8206966 0.32074448 0.5560897
10 0.18858692 0.5575444 0.101676986 1.3685632 -0.02538819 -0.043788295 -0.32544836 0.83064497
27 0.073163256 0.72429264 -0.055257723 -0.15960383 -0.47064754 1.6629496 1.1083238 -0.07542354
39 -0.24354088 0.4236819 0.18121457 -0.26033893 -0.4268588 1.6780716 0.79827636 -0.4233878
38 -0.38111332 0.5064062 0.08197833 -0.055012986 -0.36664197 1.2696515 1.1874316 -0.3053301
11 0.18934317 -0.39135262 0.9995502 0.34564212 0.33334205 0.19532673 -1.1901582 0.45275128
46 -0.7068366 0.26117268 0.36508736 -0.5600211 -0.3178903 1.4287984 0.84704095 -0.49508503
37 0.1422544 -0.28675964 1.1876574 0.44082844 0.52411586 -0.6494644 -0.9232642 0.82874614
18 -0.09688276 -0.4052119 1.2150853 0.41741586 0.843259 -1.039748 -0.4797424 0.70677793
41 -0.4163388 0.4018777 0.13425928 -0.14809872 -0.457495 1.8283908 0.64921385 -0.60001814
48 -0.31285205 0.507567 0.118946835 -0.24385154 -0.36402065 1.491854 0.8247558 -0.22721675
40 -0.51064324 0.16944057 0.33303848 -0.50668585 -0.30634275 1.4156537 1.0971984 -0.5189082
21 0.39556253 0.68769675 0.013046497 1.3939512 0.096956275 0.23743798 -0.66122276 0.84010446
7 -0.097157605 0.42695147 0.47593704 0.7121101 0.48087192 -0.90440327 0.49125412 0.8784019
25 0.3691892 -0.314861 0.8671292 0.4164607 0.65992314 0.26139006 -1.1562829 0.41412786
45 -0.81853014 0.48997712 0.43209487 -0.43455255 -0.16897005 0.95855767 1.1518708 -0.79345274
15 -0.24420866 -0.15211208 1.1587449 0.2828916 1.196968 -1.3499153 0.11385193 0.5562476
12 -0.06826091 0.11974811 0.71231765 0.97215015 1.1284398 -1.2747861 -0.090238184 0.80558926
42 -0.8275786 -0.48990592 1.2065872 -1.1997955 0.84688365 -0.21927823 0.6576046 0.0032411711
44 -0.61549246 0.097789384 0.42631608 -0.6392299 -0.13886142 1.4705608 1.2235544 -0.7608109
22 -0.2902228 -0.73539346 1.6661268 0.11834832 0.71253544 -1.3007505 -0.62937295 0.78945464
26 -0.59462756 0.16462713 0.28474212 0.7338787 0.08069158 -0.32103598 0.64500916 0.5687792
3 0.43267912 0.6300608 -0.036713187 1.4165027 0.19665186 -0.38531494 0.22039883 1.112448
5 0.20283157 -0.114647314 1.0486084 0.20653637 1.0954944 -0.88887703 -0.31569323 0.75788945
32 -0.26127067 -0.64226145 1.5787874 0.10490386 0.804968 -1.2346954 -0.42758968 0.5881961
0 -0.3985271 -0.3950496 1.1737231 0.16273269 1.4656434 -1.3327307 -0.047378793 0.7432101
47 -0.73205656 0.21986467 0.3989146 -0.56955105 -0.25331283 1.3172497 1.1809998 -0.62796926
2 -0.018101804 -0.37645876 0.8805557 0.49798447 1.0180644 -1.1779544 0.40530902 0.94711703
33 -0.19599351 -0.87710804 1.8021648 0.32433555 0.83210045 -1.4489083 -0.47572124 0.5629417
35 -0.4187977 -0.8049927 1.9306334 -0.32553422 0.76127785 -1.3728563 -0.5576177 0.6716927
30 -0.31705213 -0.5101695 1.7720569 -0.11165502 1.0193684 -1.5234704 -0.33692968 0.51471674
