50 8
19 -0.22252221 0.30829036 0.9484269 -0.95038915 0.2854879 0.0841548 0.07907364 0.5590732
1 -0.07105539 -0.14505751 0.7550131 -0.65309453 0.34026465 0.5493346 0.4371779 0.32942823
13 0.7949657 0.27694625 0.0888479 1.1072674 0.93833286 -0.03445739 -0.33865488 0.26190835
2 0.083884485 -0.22937234 0.35035855 1.1275834 0.55384815 0.21603984 -0.68499565 0.13520995
25 0.27416056 -0.1981089 0.7515813 0.017339222 0.5700566 0.12028038 -0.79773027 0.065426946
14 -0.28871375 -0.06023124 1.4282117 -1.2110795 -0.24179439 0.5261746 0.3833273 0.28376353
23 0.60847515 -0.025772352 0.58966804 1.2683594 0.7211917 0.22710578 -0.91574615 -0.50035536
43 0.2121547 0.06514348 0.4647261 0.3917018 0.4010822 0.22544731 0.7988732 0.3430274
15 0.52239305 0.051401667 0.46194908 1.6107886 0.32195947 0.41518345 0.2755026 -0.28408036
36 -0.44633424 0.11963105 0.5362443 -1.1273631 0.50769585 0.052071854 0.9778763 1.0813085
38 0.115924485 -0.20042846 1.1411091 -0.5293438 0.36101747 0.4681933 -0.19064198 -0.30208406
42 0.25257683 -0.63527155 -0.051226232 0.44239962 0.92582834 -0.12941849 0.15452053 0.84258413
20 -0.84046316 0.090276875 0.4312742 -0.7518199 0.36855927 -0.060849234 0.29408202 1.2896909
39 0.37325335 -0.04994602 0.30662507 1.609403 0.6655912 0.21655226 -0.5910238 -0.1858372
8 0.25202638 0.18321218 -0.38504446 1.276382 1.0785338 -0.04679637 -0.19476192 0.7562449
34 -0.17415233 -0.1317989 1.2068415 -1.601036 0.14267838 0.354969 0.48771882 0.5382116
27 -0.5489702 0.07886191 0.37638843 -1.1143633 0.50754887 0.21981245 0.9954312 1.2835567
11 0.18976799 -0.48047745 1.6838347 -0.8561131 -0.06261597 0.59526056 0.058167882 -0.5471738
18 0.36152717 -0.001542288 0.24227433 1.9764456 0.7513763 0.1510816 -0.99158937 -0.27082083
17 -0.6467423 -0.11804126 0.41273952 -0.7109957 0.34430444 0.10751249 0.86450154 1.2266448
0 0.35125178 -0.07084314 0.07274984 2.0719655 0.68161947 0.39942518 -0.42298624 -0.16891873
41 -0.73097456 -0.02666927 0.34028134 -0.8835247 0.5100143 0.34754243 0.5602411 1.0841377
28 -1.1884683 0.64960414 0.1097125 -0.102954924 0.36712247 0.18916577 0.6093793 1.2898942
24 0.0018010313 0.33048496 0.40490514 1.4480786 0.3468776 0.17140225 -0.25887823 0.07254738
31 0.30676183 -0.1150963 -0.3382736 1.4724854 0.7664451 0.19338273 0.23277915 0.79697925
9 -0.18249758 -0.08085338 1.5396845 -1.7939627 -0.13385083 0.39049795 0.9566814 0.4403261
48 0.59872127 -0.54555863 1.1275796 -0.21848853 0.3168667 0.53456783 -0.3901067 -0.39857137
10 -0.947742 0.6014556 -0.0010896531 0.44591576 0.2653201 0.19009174 0.826042 1.3125907
49 -0.68606615 -0.029592793 1.0479652 -0.904024 0.056230113 0.3276199 0.65024024 0.4747283
7 -0.17233829 0.3195825 -0.30224973 1.0929643 0.7350032 -0.046561018 0.6321859 1.0473329
16 -0.21684897 -0.5094255 0.48663202 -1.176514 0.8346445 0.23152559 -0.44678164 0.7755707
40 0.2771459 0.13426031 -0.28938863 2.0789287 0.77075064 0.15890035 0.010562378 0.4373648
32 0.72124124 0.29359874 1.038313 1.7907295 0.19988976 0.42321828 -0.43251443 -1.036839
33 0.842337 -0.28172395 1.1153125 0.95583576 0.20424436 0.6802026 -0.49884015 -0.93656415
46 -0.12900177 -0.03946476 1.1196344 -0.77277 0.18424699 0.2934727 0.103875004 0.19215894
3 0.7949812 0.70689243 0.80304635 1.4912006 0.30419093 0.10335861 -0.6755996 -0.4118394
30 0.54472655 -0.21599087 0.27728707 1.618086 0.7358508 0.17506856 -0.7923143 -0.1861813
21 -0.65468675 -0.26121008 1.2015306 -0.12759759 -0.28006428 0.9613245 0.005680885 -0.20763424
29 -0.5055841 -0.42509195 0.85241103 -1.2621812 0.5144256 0.26907983 -0.14235412 0.52865446
5 -0.65745497 0.34803027 1.1391313 -0.9411577 -0.1408877 0.2753223 1.277919 0.6417547
12 0.5176657 0.79761225 -0.18469658 1.4141489 0.98844594 -0.42339534 0.13773458 0.6995778
35 0.047851402 0.07154709 1.7107903 -0.099501535 -0.08940955 0.31993496 -0.5579131 -0.7816131
44 0.54008585 -0.33002216 0.23865774 1.8845073 0.6404691 0.24593276 -0.31241512 -0.23381968
26 -0.06793093 0.026978588 -0.43963608 1.3353802 0.79821277 -0.2349645 0.47868305 1.2525839
4 -0.4081963 0.16102934 0.64154375 -1.2513635 0.67012703 -0.36071822 -0.3106026 1.102571
6 -1.0883387 0.5249941 -0.21123378 0.22210447 0.6942007 -0.25325772 0.29192376 1.5814769
37 1.2235132 0.08753314 1.1105134 1.5783913 0.2928217 0.37589887 -0.34625056 -1.0661156
45 -0.51767576 -0.16913494 0.97297525 -0.9765795 0.106877826 0.5896952 0.512234 0.3987483
22 0.8722344 -0.022456106 0.9618944 1.1638972 0.34704626 0.31399286 -0.81551176 -0.69912356
47 -0.2502848 -0.64277405 1.5242484 -0.7381732 -0.383862 1.1333023 0.20402129 -0.38396072
