50 8
16 0.17282818 -0.08864757 0.71806484 -0.13816288 0.29321945 0.037026875 -0.27084014 0.52459216
48 0.3380924 1.2961091 0.4212861 0.0884146 0.064706385 0.6221893 0.31452838 -0.11945065
28 -0.14284915 0.9131268 0.18050493 -0.23876338 -0.24721847 1.2310048 0.64694244 0.29918
29 0.24675809 0.93519205 0.46550858 -0.114532605 0.18149042 0.5909058 0.2560105 0.082348645
6 -0.24842201 0.8139773 0.22776553 0.5940439 -0.014885426 0.56792 0.3619416 0.46808168
1 0.43505722 -0.117323615 0.90291643 -0.20984827 0.22245267 0.6313909 -0.22609629 -0.22296157
23 0.1687307 0.4700742 0.80867136 0.7601524 0.67944354 -0.63040155 -0.4863148 0.40660313
42 -0.53967905 0.10478888 0.4422857 -0.21412651 0.20092167 0.7409473 0.27315694 0.5493128
18 -0.62090355 -0.082820766 0.62914 1.2079439 0.057811294 -0.26050916 -0.41487467 0.82390755
24 0.33459195 0.5966186 0.865061 0.6384036 0.45931086 -0.93822026 -0.8249507 0.53518623
4 -0.6204694 -0.5052471 0.49386236 -0.5904601 -0.50544316 1.2551475 0.1461481 0.6508819
49 0.052894685 -0.110326305 0.6175518 -0.9171771 -0.25419143 1.6409417 0.75461006 -0.009185823
26 -0.9298683 -0.48250002 0.49915457 1.1347457 -0.037682954 -0.029931357 -0.37862954 1.1649957
13 -0.41642094 0.765154 0.19179031 1.7194562 0.33068487 -0.079810835 0.030295007 0.8139974
22 -0.02627159 -0.94218093 1.1489879 -0.016971927 0.20998102 -0.17173381 -0.8979473 0.45077363
21 0.49205735 0.9776699 0.7963984 0.23777315 0.28291583 -0.48623568 -0.26823032 0.19905706
46 -0.5398577 -0.99195766 0.83187586 -0.5559778 -0.2545639 0.954269 -0.25213122 0.49025154
5 0.72461253 0.56285423 0.6919794 -0.5755204 0.46432224 0.13014896 -0.1294242 0.2188085
45 -0.4743307 -0.71407616 0.6542312 -0.66004753 -0.36357072 1.3155864 0.30397156 0.42768118
38 -0.2410094 0.080140375 0.20555648 0.024850825 -0.34129262 1.7207084 0.96412605 0.32993397
17 0.3361816 0.47361836 0.8082664 -0.23214956 0.9331592 -0.44403738 -0.16476351 0.3958744
19 0.29621017 0.7638899 0.7370226 0.84987384 0.6556345 -0.85919917 -0.36754224 0.5349842
36 0.24119575 0.024302766 0.692604 -0.9576165 -0.007002602 1.5474463 0.7348131 -0.22591785
34 0.41269153 0.21005616 0.50207406 -0.94668746 -0.24599697 1.5571438 0.66574734 0.019388588
35 0.3769494 0.9351823 0.76968265 0.8196764 0.5222682 -0.85975325 -0.19952899 0.4349667
7 0.00791336 0.67322904 0.6354745 1.1767054 0.47238582 -0.91278756 -0.42775863 0.8083091
27 -0.01500471 0.18205766 0.42229784 -0.5725816 -0.20158248 1.4034727 0.53557074 0.18320286
39 -0.572695 -0.27835652 0.3309609 0.10029041 -0.64281857 1.5190148 0.7261999 0.5568706
11 0.4971335 -0.48273578 1.2065775 -1.1922847 -0.05067577 0.45902574 -0.43098313 -0.048499823
15 0.06643954 0.05384113 1.1190702 0.8915087 0.30361578 -1.1277118 -0.96261793 0.5461775
43 0.36717492 0.35705107 0.48376518 -0.5599566 -0.05619686 1.628261 0.6772239 -0.25873563
41 0.5156253 0.637586 0.2992503 -0.121310085 0.065943316 1.2903746 0.7387264 -0.019015752
3 0.40871057 0.24896595 1.0477183 0.2716547 0.5864434 -1.0092654 -1.0004175 0.51870656
33 0.64902186 0.8764124 0.777496 0.80876243 0.56761485 -0.80589896 -0.45188865 0.34724686
9 1.0198073 0.40725657 0.78853935 -0.7405006 -0.17567642 0.93509465 0.32144198 -0.3007278
10 -0.287839 0.41275087 0.440275 0.8228816 0.019652989 -0.4043997 -0.3166009 1.0512323
31 -0.28700334 0.24806717 0.08971032 0.091763966 -0.49113998 1.5957166 0.92416286 0.5308612
47 0.24664412 -0.5228894 0.9247312 -1.0959201 -0.03142708 0.8881518 0.12326046 0.14001745
12 0.20539561 0.91813046 0.57465345 1.4934244 0.8060855 -0.668668 -0.4467995 0.40802485
32 0.4482227 0.9482803 0.9637362 0.37626943 0.61604524 -1.1014457 -0.5433269 0.37256062
30 0.36931786 1.0775158 0.87768394 1.0175395 0.50578064 -1.1868432 -0.65454286 0.36959353
20 -0.8049762 -1.1144129 0.5124047 0.18290773 -0.18888108 0.6920778 -0.05769532 1.1240739
25 -0.3952656 -1.2711804 0.63380635 -0.16111922 -0.4792737 1.3185428 -0.04509018 0.64263713
2 -0.09136846 0.056446303 1.1582501 0.55699956 0.2562326 -1.2048438 -1.1440966 0.6580507
14 0.20392321 -0.30105418 0.8802134 -1.0602498 -0.6552436 1.0150571 0.15102105 0.20143859
40 0.22356474 1.2777028 0.048544116 0.6678876 -0.35011685 1.251616 0.9243158 0.07005557
44 -0.7978762 -1.3607911 0.64836586 0.1319278 -0.49209753 1.2298919 -0.0461101 0.7405391
0 0.06993275 0.2699518 1.1139938 0.7956118 0.5866728 -1.5492768 -1.2579898 0.77768165
37 -0.4425283 -1.4275854 1.1155504 0.64107364 0.0047943713 -0.6197522 -0.7919863 1.1745096
8 -1.1820048 -0.7246833 0.16162038 1.1516027 -0.6068586 1.0744429 -0.115473025 1.1617701
