50 8
19 -0.43298122 0.04104309 0.94910777 -0.19943735 0.71241504 0.39898524 -0.36596957 -0.045006674
26 -0.46360362 -0.31166017 0.7239435 0.19671562 0.579704 0.15164888 -0.18873772 -0.0016078388
42 -0.35783458 -0.29105625 0.8960434 -0.23245265 0.76365155 0.36036018 -0.33801228 -0.030333309
39 -0.6014198 0.23693824 0.77172047 -0.071715586 0.9837437 0.32859346 0.10063788 -0.06897719
2 0.24037428 -0.529999 0.010851644 1.3217349 -0.07543285 -0.08097653 -0.48759335 0.6014698
4 -0.2107978 0.3837509 0.6897556 0.055055216 0.4891447 0.48520827 0.61352766 0.1994361
24 -0.24976191 0.16200699 0.8109697 0.07521508 0.13575423 0.47967684 0.17142199 0.24451369
41 -0.18616164 -0.35705596 0.54468936 0.11629893 0.8276578 0.34754547 -0.14520228 0.011687464
43 -0.5152502 0.44464788 0.99829096 -0.23801596 1.014582 0.42943904 0.4031157 -0.27019352
17 -0.067112744 -0.44019818 1.3219402 -0.4675401 0.39244786 0.506909 -0.36058286 -0.34054118
1 -0.20310193 0.05517877 1.4528767 -0.6866322 0.42029366 0.8413815 0.10335468 -0.4820662
31 -0.7966786 0.36180088 0.55130744 0.06354844 0.86645436 0.3398504 0.3023312 0.23837642
36 -0.43544626 0.4668562 1.3254821 -0.53269625 0.31576777 0.76729995 0.8723777 -0.23543334
12 -0.0449715 0.17875317 -0.048372887 1.279394 0.25109693 -0.040484425 0.5840562 0.61120707
28 -0.7707225 0.4640544 0.8523249 -0.25496772 0.44017133 0.8570929 0.7044079 -0.024364822
34 -0.16581257 -0.07247985 1.1408995 -0.3019934 0.064864 0.5927907 0.39620948 -0.073497884
27 -0.27708867 0.14366283 1.3076056 -0.38593888 0.10337697 0.6161147 0.447737 -0.16308415
23 -0.2976936 0.464342 1.0396143 -0.095633246 0.89255214 0.25194445 0.09209978 -0.19861087
40 -0.1625685 -0.2926853 -0.242133 1.1473 0.6507928 0.1049575 -0.61424327 0.50884306
45 -0.3201563 0.23998243 1.5303278 -0.64875287 0.12419029 0.79927766 0.38548416 -0.40986136
20 -0.63425916 0.3398493 1.0546199 -0.15734485 0.64011085 0.48122865 0.52612 -0.26332045
15 -0.16562817 0.035530895 1.0689038 -0.33440158 0.4562519 0.5307135 -0.28015193 0.021528155
44 -0.26938865 -0.28711793 0.31969008 -0.050714567 1.1632453 0.42829132 0.0909817 0.25518876
30 0.6061481 -0.6050113 -0.08103974 1.4347838 0.267064 -0.26530161 -1.127513 0.58855724
8 -0.5396912 0.047066573 -0.1943267 0.49815258 1.492651 0.14294809 0.08580327 0.5701472
7 0.4191287 -0.24799463 -0.48797673 1.3741423 0.039716356 0.16728783 0.39861342 1.1121036
49 -0.07357519 -0.038440358 1.7226015 -0.36003986 -0.13158159 0.58419794 -0.1461944 -0.6778354
25 0.40555063 -0.37825295 -0.49063855 1.3266611 0.8283251 0.016223792 -0.043789487 0.67046046
6 -0.70564085 0.20894521 0.79427147 0.21510896 0.8093921 0.22310294 0.40285456 -0.2718119
48 -0.36741745 0.053670254 0.5316338 -0.24762368 1.1388232 0.6390145 0.159655 0.12967783
38 -0.8603261 0.61680454 0.5266694 0.13048916 0.92209536 0.619917 1.1337576 -0.11836482
16 0.6880693 -0.881059 0.9857651 -0.2953618 -0.045500394 0.5733969 -1.0397714 0.28914595
18 0.42621586 -0.27683052 -0.41592127 1.6403875 0.70099497 -0.23334435 -0.54284465 0.6374302
0 0.35343224 -0.39634547 -0.5401658 1.8012527 0.08350287 -0.19628854 -0.30766168 1.0371188
46 0.42866808 -0.6090491 1.3892144 -0.35303265 -0.41125816 0.7079904 -0.7034389 -0.13343194
29 0.4891718 -0.7422486 0.08656059 0.896676 0.09046612 0.06698111 -0.7401939 0.6677719
21 0.53655237 -0.5079694 -0.4725114 1.786419 -1.0593473 0.40237004 0.15615578 1.2806864
3 0.94824845 -0.78432286 -0.06520427 1.5535663 -0.3211202 -0.22334518 -0.6277515 0.890588
14 1.0410671 -0.5649727 0.08205595 1.7209276 -1.3340951 0.19955072 0.049479943 0.8357952
10 -0.12297318 0.356757 0.10717848 0.7435033 -0.15279466 0.6977697 1.1501546 0.5364167
9 1.4306803 -0.81287354 1.0732379 0.6359759 -1.3276231 0.3442615 0.148666 0.22622553
5 0.6461216 -0.020507505 1.4535272 -0.15155782 -1.1162289 0.83045274 0.06321423 0.18418254
13 0.4928791 -0.08718764 -0.6803758 1.7282028 0.42709798 -0.048456438 0.41811872 1.049248
22 0.554819 -0.6534902 -0.5314423 1.6908146 -0.30921942 -0.0074610887 -0.4131323 1.2856197
37 0.55433637 -0.50880617 -0.7424091 2.105462 -0.6653443 -0.0019288072 0.1445162 1.631548
32 0.6050739 -0.64107805 -0.91343474 2.202402 -0.5084916 0.034174595 0.027815312 1.4818624
35 0.5829499 -0.25410944 -0.91372323 2.0926092 -0.59748256 0.14989448 0.49666086 1.6945688
33 0.5546733 -0.2833819 -0.95732176 2.41792 -0.7312485 0.12368477 0.36378142 1.4151849
11 0.400479 -0.9716329 1.4820385 -0.28439873 -1.1183838 0.8226171 -0.8338226 -0.050868697
47 0.88218653 -0.9471858 1.5840474 -0.59653896 0.20743354 0.34442523 -1.310166 -0.28761345
