50 8
1 -0.5333071 0.5317806 0.47056717 0.24438754 -0.82947206 -0.032960936 0.26080385 -0.8604106
27 -0.7270299 0.1630511 0.25645763 0.6665396 -0.6071855 0.19464535 0.5576216 -0.8709966
29 -0.19198126 0.90105575 -0.13814986 0.5850941 0.54601663 -0.56272244 -0.4737711 0.70855904
43 -0.7563212 -0.06734776 0.21668506 0.77041864 -0.8021351 -0.062185396 0.9101691 -0.94298875
45 -0.69666797 0.03712749 0.45333067 0.30922192 -0.844097 -0.343426 0.274356 -0.6780512
26 -0.2433868 -0.39536488 0.5200311 0.73868895 0.3708792 -1.0058669 -0.20335075 0.9718373
20 -0.09303933 0.08376298 0.89751834 0.16645662 -0.34966215 -0.46405947 -0.87700176 0.46358195
34 -0.634491 0.67094487 0.33190456 0.49278057 -0.5264812 0.6733129 0.32751217 -1.2688522
19 -0.12560636 0.14040928 1.1197888 0.080556944 0.032897886 -0.08388722 -1.1672127 0.61784244
38 -0.4650002 0.88192236 0.087364316 0.8304948 -0.33517757 0.7899304 0.58679956 -0.9565049
23 -0.9153005 0.44793323 0.55862576 -0.17430344 -0.49255526 -0.14562638 0.023418345 -0.8904118
18 -0.46736592 -0.14309195 0.24079145 0.8831433 1.3185563 -0.3348794 -0.5824096 0.84097004
12 -0.71949697 -0.5855145 0.10561779 0.792147 0.8556936 -0.8884993 -0.49673095 0.19497767
16 -0.39648837 0.72416395 0.8587804 -0.27479666 -0.3719392 -0.1137377 -0.5133003 -0.545151
14 -0.22829717 1.2982008 0.92306703 -0.36823612 -0.49687952 0.49798235 -0.699364 0.2985528
31 -0.5305286 -0.1823778 -0.28590265 1.1928056 0.15442643 -0.5742326 0.24818239 -0.65358245
39 -1.0718815 0.025578553 0.058765575 0.2630925 -0.3696792 -0.47030163 -0.05021977 -1.2310463
28 -0.6018686 -0.3634375 0.5775818 0.6750756 -1.0192721 -0.24274746 0.6242239 -0.8627128
21 -0.36282337 0.0683942 0.7979812 0.4081865 1.112754 -0.17222966 -0.8011408 1.222166
25 -0.34846693 1.1040502 0.3454009 -0.010473043 -0.12649556 0.031002214 -0.6323139 0.24494235
37 -0.025207227 0.019158361 1.1206216 0.42455846 0.6020567 -0.20160118 -0.88256574 1.2587457
49 -0.34764373 0.914899 0.3385074 0.6380114 -0.7113021 0.80730236 0.52269167 -0.74549705
42 -0.8783888 0.16505156 0.62810445 -0.019794459 -0.8556462 -0.20803238 0.3001477 -0.772069
4 -0.2647546 0.42843696 0.8068555 0.302636 -1.4561042 0.23528259 0.3292425 -0.5702072
36 -0.52527845 0.79091895 0.5929356 0.28347576 -1.1491985 0.5240286 0.74679005 -0.7807858
6 -0.57723254 -0.8599689 -0.087159194 1.4528606 0.17891966 -0.7467117 0.5945683 -0.17853023
44 -0.3754209 0.8154031 -0.40105325 0.68133694 -0.44848618 -0.53307503 0.067978606 -1.0653929
46 -1.0275232 0.07734542 -0.35161507 0.93614215 -0.5860195 -0.113113955 0.9751948 -1.3391253
9 0.040271595 1.2597457 0.6355023 0.20654091 -1.1901153 0.4044198 0.19334696 0.5121497
3 -0.80612296 0.80797017 0.85775137 -0.40089014 1.1081052 0.24410641 -1.0327929 0.7278716
24 -0.9978659 0.2834061 0.90732944 -0.40329024 0.92314917 -0.054243576 -0.7812566 0.23446353
30 -0.14253789 0.52591014 -0.01275477 0.8916875 1.387986 -0.38997382 -0.8925088 0.96222246
40 -0.46279147 0.42474353 -0.9664792 1.5721245 0.5089584 -0.43999177 0.6094713 -0.3002908
22 0.117998436 0.44964364 0.8337395 0.51362073 0.9667811 -0.19634882 -1.0284705 1.509353
17 -1.092003 -0.4443754 0.76180875 -0.00841893 -1.0452715 -0.31851757 0.11948167 -1.171892
15 -0.77783746 0.13861005 1.2913529 -0.45848322 -0.5076328 -0.0049502035 -0.18327971 -0.18214673
47 -0.40009734 0.6358863 0.65544677 0.04749172 -1.3386395 0.052532498 0.06384367 -0.91708827
11 -0.18025318 0.76393855 1.1635159 -0.24585068 -1.1698117 0.30333012 -0.4656176 -0.2611797
2 -0.8540579 0.7441621 0.5391103 -0.26358402 1.1644553 -0.11907676 -0.775716 0.78357
7 -0.25127313 0.01975317 -0.21863724 1.1618439 1.0117756 -1.0085573 -0.25891063 1.3831491
35 0.3981064 0.44696325 0.8205708 0.78720343 0.7135166 -0.17259632 -0.84281176 1.5627232
8 0.019561566 -0.25389853 0.15453844 1.2771425 0.7990765 -0.90471137 -0.30789414 1.7376319
5 0.21082841 0.13101105 1.300042 0.32788226 -1.1174045 -0.13679965 0.014714436 0.94622475
0 -1.0457548 0.028245116 0.29880872 0.2854545 1.7448076 -0.2926783 -0.659863 0.26068658
13 -0.06382763 -0.14455822 0.13644679 1.2421873 0.92701226 -0.8242098 -0.041682463 1.5383991
33 0.22539835 1.115868 0.19730693 0.6383806 0.7883644 -0.2585497 -0.85839176 1.2418375
41 -0.4564358 0.9902173 -0.15706685 0.7870538 -0.65298164 0.27713493 0.8872169 -1.0959712
10 0.2447287 -0.048824664 0.45585686 0.98482245 0.058511734 -0.96479845 -0.14317496 1.6540332
32 -0.15187727 0.038026735 -0.10192839 1.1804004 1.4043396 -1.0047127 -0.4878533 1.4446516
48 0.10659963 1.0506164 -0.62842405 1.3158821 -1.242016 -0.23825711 0.74851346 -1.2784454
