50 8
23 -0.871046 0.13917688 0.16227652 0.44136915 -0.10470578 -0.7171847 -0.38397986 -0.3268703
18 -0.52364796 -0.43647864 0.3247101 0.59815544 -0.019178595 -0.68048525 -0.8588781 0.4213878
49 -0.57863545 0.40805018 0.45464996 0.40098125 -0.94965434 0.046439253 0.32742247 -0.95731175
29 -1.0083091 0.22939655 -0.008816234 0.44937834 0.04262308 -0.71134186 -0.41442952 -0.20818865
20 -0.30575138 0.056173507 0.67789876 0.33693162 -1.0155152 -0.47946772 -0.08803401 -0.62700856
19 -0.10627683 -0.5128631 0.77143997 0.52995586 -0.06741211 -0.4527487 -0.8420567 0.6618796
1 -0.58383065 0.95404094 -0.071185 0.5783797 -0.48214036 -0.030740598 0.2110763 -0.8528615
17 0.068862565 -0.38300177 1.2158288 0.2563965 -0.8287231 -0.13863984 -0.22344904 0.11413854
10 -0.15563531 -0.20511301 0.57898146 0.5158063 -0.34694317 -0.50228786 -0.6266829 0.22752349
15 -0.07019656 -0.61213946 0.9025421 0.49236456 -0.07199249 -0.35312447 -0.6681583 1.0689418
16 -0.032947935 0.40684685 0.65574735 0.35105085 -1.0833021 -0.117547736 0.16952437 -0.46781594
43 -1.1791003 0.6939544 -0.30661005 0.5690062 -0.069117 -0.4920076 0.05242561 -0.77485466
26 -0.23184857 -0.2166826 0.5413998 0.37876377 -0.7619875 -0.98874605 -0.76777506 -0.028514856
6 -0.75601834 0.6074872 -0.11394478 0.5200699 -0.6282408 -0.6341855 -0.24858434 -0.8873783
28 -0.8116184 0.8400122 0.04357393 0.4739626 -0.7156884 0.031532776 0.33848614 -1.1488434
42 -0.9218127 0.18197605 0.2754722 0.2871467 -0.7580254 -1.1104269 -0.31842884 -0.93097126
8 -0.8131725 0.06377843 0.035143502 0.5079122 -0.30346447 -1.1747437 -0.56119835 -0.39423174
25 -0.026984219 0.8165634 0.43900433 0.26063478 0.19658728 0.4954561 -0.09466184 0.9620545
30 -0.3649799 -0.46650597 0.4438175 0.5523827 0.32870564 -0.8714864 -1.0811312 0.9210219
31 -1.0799383 1.0419242 -0.3557007 0.49521065 0.12714022 -0.5522753 -0.2011068 -0.8103063
45 -0.21978492 -0.078785844 0.67531615 0.37913337 -0.98256207 -0.80313605 -0.3702076 -0.6285966
24 -0.029798245 -0.37767813 0.62232286 0.648748 0.079105206 -0.1893199 -0.6033784 0.9825601
22 -0.016987043 -0.72650206 1.0763506 0.6478914 0.17268926 0.2528574 -0.31998408 1.1380867
46 0.22054784 -0.5857838 1.0652766 0.70159596 -0.8021261 0.25540695 0.017613495 0.22693759
38 -0.48004055 1.4461875 -0.039898146 0.51765984 -0.18820687 0.3291406 0.5218934 -0.7841258
36 -0.6836645 1.3248317 -0.36451197 0.7070036 -0.74764997 0.4175412 0.6551246 -1.1615084
48 -0.80269283 1.1742895 -0.38672152 0.6126566 -0.45991844 0.056208953 0.15440531 -1.0152429
4 -0.01722747 0.66323566 0.70633936 0.36425337 -1.0222992 0.80041105 0.65147674 -0.39081705
44 -0.44790274 0.36095664 0.25905848 0.36645815 -1.2726008 -0.54538685 -0.25537094 -0.96607816
12 -0.6119782 0.37649953 -0.14251608 0.7741811 0.9919359 0.1671162 -0.25365648 1.2747451
5 0.64843357 -0.31368744 1.1082453 0.61042154 -0.6774468 0.6612546 -0.040789828 1.1120815
7 -0.462035 -0.32356188 0.41057298 0.51271194 0.72147125 -0.77818716 -1.089177 1.387396
2 -0.058626603 -0.42371097 0.7347513 0.61151576 0.5041926 -0.2608443 -0.6493301 1.5250248
39 -0.9608951 1.1621313 -0.32443273 0.46998298 -0.24401656 -0.39381543 -0.040741943 -1.023588
0 0.12940142 -0.47405973 1.0426825 0.4465812 0.24116063 0.01997593 -0.68652934 1.596668
11 0.31337413 0.11267496 0.8516201 0.54807055 -0.57664466 1.2377764 0.40160155 0.85255295
37 0.19270858 -0.6659303 1.1113265 0.51646864 0.032025795 0.27764633 -0.42782354 1.716682
13 -0.66603273 -0.27604493 0.34268433 0.6519879 1.0070826 -0.18739055 -0.62695646 1.1988394
27 -0.8827079 1.0567896 -0.3214424 0.68896353 -0.50506866 0.3283705 0.324201 -1.1329117
32 0.32584202 -0.07093688 1.0647242 0.59209335 0.7403389 0.35949466 -0.12300259 1.7957436
3 0.27950865 -0.12923189 1.0029914 0.40792063 0.4624044 0.086962625 -0.56218314 1.7701283
14 0.16396251 0.8336097 0.6060713 0.5315186 0.505667 1.6961805 0.44365507 1.4498434
35 0.15397602 -0.15681446 0.91467035 0.6269533 0.77340883 0.46467796 -0.13779244 1.9781654
33 0.17263506 -0.04377578 0.9779316 0.54568905 0.69084567 0.40726617 -0.224235 1.6878825
34 -0.5890331 1.587383 -0.111178115 0.5200004 -0.015118001 0.62718314 0.76755106 -0.6685539
21 0.23665391 0.023255788 1.0283105 0.561177 0.719641 0.54828143 -0.104887076 1.7841808
9 -0.021523578 0.8851675 0.5749617 0.4078454 -0.77255034 1.4411056 1.0392321 0.11347021
41 -0.6857855 1.716887 -0.19837493 0.56420386 0.04970412 0.70663923 0.83746105 -0.76772976
40 -1.2385644 1.4477993 -0.5465758 0.4236337 0.5302127 -0.45867088 -0.09223459 -0.64632154
47 -0.7833264 1.9650608 -0.5172664 0.621382 -0.15306099 0.9171834 0.9769826 -0.7705138
