50 8
28 -0.6023733 0.78827256 0.13295989 -0.1876646 0.004091449 0.29287913 0.23459125 0.8395895
2 0.55479276 0.31538215 0.4101007 0.45807904 0.6538984 0.11063293 -0.24222584 1.2178174
19 0.035242476 0.8032275 0.20497438 -0.32379568 0.28237233 0.2725953 -0.08089765 1.1536828
27 -0.08586927 1.2986648 0.2749644 -0.58737713 -0.052850563 0.519517 0.70952004 0.1319857
43 -0.042401157 0.96481055 0.9689062 -0.22951682 -0.078573525 0.5562652 0.44371292 -0.66349673
34 0.26815045 1.079375 0.705902 -0.5131364 -0.11388871 0.6760588 0.24853976 -0.16522191
20 -1.245798 0.35360193 -0.040580653 -0.2396886 -0.29693362 0.65408826 0.32075864 0.8511629
18 -0.1311074 -0.62248707 0.6304584 0.74491996 0.24528062 0.13883254 0.040306713 1.1201072
40 0.25829935 -0.26292259 0.45919943 0.6472273 0.4014605 0.26666388 -0.3331858 1.2806058
31 -0.29285052 -0.1990225 0.3001117 0.4439693 -0.10933621 0.2782239 0.045021262 1.2173551
0 -0.111049235 0.19759403 0.28959656 0.17587401 0.10455272 0.18929465 -0.15603642 1.3161173
21 0.6793321 0.38419226 0.39911518 0.7147038 0.47435725 0.37531203 -0.14413989 0.73612285
24 0.2696267 0.50860226 0.6267184 0.23704524 0.1391942 0.3632198 0.057536114 0.3485634
29 -0.5072113 -0.12559436 0.25643218 0.13737902 0.62456 0.4566331 -0.073877335 1.2151203
49 -0.42118442 0.99815285 0.548025 -0.40739596 -0.47375286 0.64673287 0.75869304 -0.33344358
41 0.59235394 1.0200664 0.34182996 0.3991167 0.42179513 0.80453044 0.061498348 -0.053216446
23 0.647628 0.98620313 0.77233505 0.20681477 0.3403456 0.7580045 -0.0887316 -0.40406856
13 -0.14687578 -0.27837142 0.72766316 0.46842825 0.056659054 0.425584 -0.13605097 0.6452386
46 -1.1364071 0.5507894 0.40878865 -0.7747238 -0.048817564 0.47925687 0.3008118 0.57539284
33 0.65432364 0.5948505 0.76307434 0.9620041 0.048651755 0.44089046 0.57122433 -0.4511552
12 0.5081065 0.27512008 0.3834667 0.8005483 0.6298855 0.09663027 -0.08544081 0.9686831
25 -0.24742427 -0.24143362 0.19871283 0.21466887 0.49089324 0.5836399 -0.24593174 1.3314519
39 0.15150127 0.5736844 1.1657679 0.62627715 -0.45954928 0.55025315 0.62284184 -1.067312
16 -0.58631915 0.058340617 0.2711745 -0.2559852 0.24193217 0.4551219 -0.009808063 1.1958532
42 -0.90627027 -0.8501089 0.9423533 0.06738473 -0.18877336 0.15065269 0.21320683 0.8656607
48 0.15840012 0.31234238 0.550134 -0.27280262 0.09495989 0.57481 0.100227945 0.60169274
17 -0.5189603 0.96538115 -0.05972588 -0.84651273 -0.08515995 0.6213693 0.51218325 0.8688841
15 -0.1972742 0.5154399 0.24692196 0.37017676 -0.14555933 -0.06325092 0.49982354 0.8792394
26 -0.8086217 -0.08876184 0.2302447 0.1280052 0.32893825 0.09470579 0.0803442 1.4281914
10 -1.2326946 0.5294677 0.056002446 -0.24367614 -0.6965132 0.34771785 0.5206333 0.8061995
45 -0.9772517 0.6301532 0.577631 -0.3402572 -0.9463811 0.5593909 0.7763705 -0.22162443
30 -0.125074 -0.8930277 0.9617695 1.2954271 0.018663557 0.08135265 -0.23162045 0.7461611
38 -0.7584161 0.51834375 0.5488739 -0.71500987 -0.34170792 0.95111334 0.41264972 -0.07799843
6 -0.4992736 0.26802006 0.36433718 -0.37738204 0.12842017 0.16459654 -0.076756366 1.3125955
1 0.6875408 0.36991572 1.240538 1.0028137 -0.27464506 0.663614 0.50847787 -1.1337289
14 0.018647032 1.3052293 0.5899133 -0.4252323 -0.3400631 0.7212376 0.26977572 -0.31953308
3 1.0360942 1.0446004 0.48273066 0.55190843 0.6334375 0.11392654 -0.12059866 0.5369993
4 -0.27461314 1.0898782 0.9326506 -0.53939444 -0.46058488 0.99987376 0.6066616 -1.0938982
36 0.043725044 0.802932 1.1408805 0.1593458 -0.37899187 0.8108786 0.55987614 -1.2602805
9 0.4229486 0.95649517 1.3550875 0.086894535 -0.5626607 0.6946853 0.60394573 -1.3743263
35 0.4592312 -0.6374207 1.2640857 1.398251 -0.08310519 0.26579526 0.052870255 -0.107907616
7 0.027027147 -0.27483964 0.120694414 0.43462184 0.3315561 -0.06252662 0.32049638 1.8391943
8 -1.3160336 -0.6427149 0.2517521 -0.027105635 -0.178198 0.31565413 -0.044086695 1.6487752
32 1.153339 -0.098111644 1.2786014 1.1888778 0.38923958 0.49242327 0.10605606 -0.46861115
5 -0.26774737 1.3315643 0.77226174 -0.15651678 -0.63496524 0.6751561 0.8055678 -1.0180457
11 0.5751418 1.112121 1.2709625 0.29914802 -0.44340733 0.98598677 0.55088425 -1.6981716
44 -0.8569406 -1.2989148 1.1861786 0.54954517 0.09638197 0.15823373 -0.036613826 0.736168
37 1.0097953 -0.36958355 0.7860712 1.5506133 0.43436158 -0.1422808 0.14872536 0.80743086
22 0.13833642 -0.47052088 1.7026533 1.5478754 -0.8033458 0.29393974 0.41393176 -1.1207745
47 -0.76728773 0.24991304 1.2414979 0.34068733 -1.1150217 0.9248125 0.69710946 -1.4015616
