50 8
19 -0.32458848 0.7184632 -0.063124634 -0.075299956 0.20126976 0.45238942 -0.10707009 1.0498152
28 -0.59016573 0.54774034 0.69118434 -0.9426013 0.14817114 0.3837273 -0.17278048 0.98251784
1 0.08066262 -0.28025207 0.9519482 0.44127324 0.68550617 0.46911484 -0.35989794 -0.06514976
36 -0.22349462 -0.07525908 1.1128914 -0.14660415 0.79094946 0.27503625 -0.20395923 0.0819658
24 -0.5028958 0.5266464 0.23661348 -0.13230486 -0.09603122 0.30165958 -0.43361238 1.0542425
23 0.42524603 0.6858736 -0.028506981 -0.17606127 0.7299684 0.7115858 -0.32447594 0.6461767
25 0.23464347 0.11628659 -0.42400372 0.4899292 0.73531836 0.12666565 -0.13289572 0.8953538
26 -0.49742824 0.33141363 -0.39080042 0.41409218 0.028738707 0.28910697 0.20881607 1.2642728
43 0.37513846 -0.38852626 -0.06975582 0.9737594 0.91845924 -0.070293985 0.4073113 0.5008766
29 0.4121195 0.66139096 -0.47418898 0.4219974 0.76467246 0.663564 -0.11149225 0.6810321
16 0.29140496 0.33159733 0.40764156 -0.5832851 0.7666439 0.9931371 -0.39577663 0.42488125
6 0.24648422 0.5270303 -0.28533307 -0.028931709 0.8881596 0.83351517 -0.2846042 0.62560344
17 0.136394 0.11244471 0.2499945 -0.2396758 0.9571163 0.67330325 -0.08020509 0.43514502
18 -0.6470138 -0.16807812 -0.14515539 1.0273142 -0.20446421 -0.6192712 0.22866093 1.4365911
27 0.33648103 0.21483612 0.4681589 -0.52815306 0.9086946 1.1162188 -0.17289068 0.23550831
34 0.7004302 0.20131555 0.60321057 -0.282032 0.800637 0.8820659 -0.39348403 0.18545529
20 0.35592324 0.22942679 0.4882303 -0.3137708 0.8200178 0.6908303 -0.43999955 0.32429093
3 -0.7531432 0.16431409 1.2383211 -0.1718 -0.2493295 -0.14305104 -0.66606385 0.7252432
21 -0.4725781 -0.14021495 0.85995734 0.28566128 -0.35276064 0.6459627 -0.22270073 0.58207375
39 0.804891 0.030454766 -0.3914008 1.1997987 0.5667344 0.153941 0.3367508 0.7027505
12 -0.2219672 0.27457327 -0.22374827 0.7387994 -0.040898398 0.6083224 0.0069822795 0.92033386
41 0.7215943 0.17325495 0.53387654 -0.18700562 0.9833222 1.005644 -0.38866246 0.07398706
42 -0.37725413 -0.38936454 0.89720595 0.46542728 0.1757987 -0.89823335 0.11794234 0.8416976
40 0.6045216 0.36101526 -0.79122305 1.2721847 0.24297498 0.3076832 0.35654584 1.0818685
9 0.75523436 0.013007341 1.583907 -0.71937734 0.5202274 0.5018136 -0.40013105 0.08435487
44 -0.13923375 0.16674691 -0.904965 0.9707087 0.53454983 -0.07780178 0.32444316 1.2567401
49 0.03524203 -0.3326276 1.0906184 -0.39841315 1.0343404 0.5360861 -0.3446799 -0.024376579
45 -0.5808423 0.10368648 1.2440902 -0.35839236 0.22923008 -0.23963852 -0.3736317 0.5932621
14 0.75285536 -0.12942484 1.5010937 0.16240881 0.68691504 0.86295855 -0.534 -0.46361345
38 0.27866656 0.074145034 1.0210227 -0.45635727 0.80614364 0.93884593 -0.7366223 -0.04547337
30 -0.13420376 -0.016944055 -0.21228425 1.9186984 -0.13225505 -0.6448369 0.379114 1.0718741
4 0.24933282 0.23715219 1.4402483 -0.6013027 0.7143025 1.1949474 -0.58127457 -0.2837606
46 -0.1454826 -0.52938706 1.4699675 0.16967344 0.4740079 -0.2693755 -0.5069371 0.12570712
7 -0.73768204 0.11865874 -0.43142954 0.1793586 -0.392539 0.007940293 0.6573812 1.8606867
31 -0.026801528 0.22607578 -0.9027971 1.1831965 -0.034572307 0.19442295 0.5841585 1.4316076
15 -1.0356002 0.27297768 1.0504622 -0.5618806 -0.30978277 0.51746327 0.039221346 0.8350733
11 -0.12926227 -0.6595444 1.9574199 -0.30739224 0.57743865 0.019857857 -0.80537486 -0.15937814
10 -0.11021136 0.78443974 -0.7704195 0.32483056 0.1415996 0.56094617 0.32971516 1.3799202
5 0.04738915 -0.7118767 1.8655057 0.075427294 0.4468592 -0.48236585 -0.29894292 0.06278943
2 -0.7590783 0.5345848 0.41115582 -0.31792423 -0.21128745 0.5348078 0.2629536 1.0891218
47 1.0755922 -0.40775496 1.5877439 0.1961462 0.91860944 0.60167253 -0.27786183 -0.52147746
33 -0.16521496 -1.1829462 0.722579 1.7290977 0.14791478 -0.43849936 0.41306254 0.37235606
22 -0.6145194 -1.04499 1.12752 0.75154287 -0.1245501 -1.0804509 0.13933724 0.8577704
13 -0.11103609 -0.15007113 -0.6774865 1.5472462 0.105676144 -0.3475845 0.69769573 1.2848281
8 -0.13903391 0.3823531 -1.0044948 1.059224 0.5015442 0.13535383 0.4042107 1.2265666
48 1.2510077 0.26384503 0.19612318 0.42301226 1.1204348 1.5354952 -0.45675018 -0.27593032
32 -0.2870662 -0.19726945 -0.20036224 2.0893123 0.036522828 -1.0121022 0.50950277 1.096525
35 0.022427881 -1.0583225 0.939922 1.3844554 0.004350312 -0.993547 0.567435 0.6896179
0 -1.2334769 -0.13765159 0.37428063 -0.019068042 -0.62376094 -0.51905966 0.52915114 1.7297347
37 -0.20713106 -1.270215 1.7192154 0.96857804 -0.19379926 -0.81326354 0.6071488 0.43262097
