50 8
43 -0.4543244 -0.11714797 0.41700825 -0.2505383 0.56006074 0.69114995 0.4534309 0.58664906
23 -0.038659856 0.13314477 1.0721718 -0.06170973 0.40788823 0.42864716 -0.31393957 -0.6935793
45 -0.23270024 -0.073152736 1.1278468 -0.6252559 0.29660314 0.9535603 0.3970854 -0.1360833
28 -0.49525827 0.41416818 0.90992415 -0.8671847 0.3039935 0.9536381 0.5637809 0.17503779
16 -0.45117936 0.49333224 0.49225146 -0.59522146 0.5688785 0.2591326 0.19656101 0.55864894
42 -0.4390661 -0.25412998 0.9381789 -0.5739508 0.7354145 0.7545598 0.200273 -0.22182219
36 -0.15740274 -0.43398994 0.93324524 -0.27082407 0.06592416 1.247602 0.4706042 0.21639179
41 -0.15177748 -0.2660979 0.9596664 -0.07473137 -0.1757971 1.3474195 0.6278632 0.13130915
1 -0.394731 -0.14894652 1.0129409 -0.5538554 0.17513303 1.4397494 0.52884185 0.015154579
17 -0.5536452 0.22233686 0.8036098 -0.944522 0.37313426 0.99715817 0.5389227 0.41065884
34 -0.07009121 -0.45564997 0.83372486 -0.025240073 0.03185836 1.3920791 0.47853634 0.17676172
24 -0.24657108 0.28375614 1.0132791 -0.4832817 0.15773506 0.6111043 -0.093764775 -0.07973583
27 -0.24820784 0.09343143 0.8509508 -0.63174105 0.24063139 1.1282666 0.52387506 0.2592868
49 -0.23315771 -0.17361139 0.8565695 -0.3508472 -0.09350651 1.5112886 0.7183416 0.40975812
19 -0.038009375 0.6782287 0.57879746 0.19180828 0.9044023 -0.7185409 -0.5725888 -0.3267524
6 -0.5334058 -0.10219543 0.8336367 -0.5371036 0.46813136 0.82055295 0.28071693 0.082594424
4 -0.33570522 0.38288924 0.81894505 -0.62168413 -0.24671526 1.1714479 0.64391315 0.64198947
8 -0.31623757 -0.41231132 0.31894988 0.5900378 0.8119197 0.6238812 -0.30140385 -0.14656782
38 -0.20277928 -0.29630846 0.7579059 0.22755992 -0.018518046 1.5442302 0.5237289 -0.04432427
20 -0.5243568 -0.16114283 0.39345527 -0.07658081 0.22699036 0.86827105 0.49368474 0.819272
26 -0.47955197 0.36937952 0.325163 0.19925702 0.84667003 -0.56231415 -0.2614127 0.24262528
31 -0.5139202 -0.15391508 0.91031003 -0.083258756 0.62744504 1.020129 -0.025873994 -0.6631167
10 -0.02406043 0.47378755 -0.03797233 0.48173353 0.3934476 -0.6032679 -0.25577307 1.1810609
29 0.019438941 0.24807899 -0.0035135397 0.90084535 0.6440245 -0.4130411 -0.5251578 0.50840527
40 0.1889053 -0.15928583 0.8268394 0.57176894 0.6686281 0.30104578 -0.39420933 -0.82372946
12 0.6788582 0.032830283 0.4215114 1.2920289 1.1002896 -1.3511727 -0.8497979 -0.3919116
18 0.34866518 0.3344088 0.07032637 1.3945432 0.7175431 -1.2319696 -0.87106353 0.30291733
46 -0.09586578 1.2166976 0.61061305 -0.23368442 0.3229792 -1.0988631 -0.47026694 0.5161155
39 -0.15286908 -0.35476655 0.88095206 0.45221388 0.501131 1.0985755 -0.16808406 -0.79770845
7 0.27256036 0.5763447 -0.14862692 1.1018176 0.8322409 -1.4668816 -0.7031912 0.83616334
2 0.4892904 0.3365926 0.48086417 0.85518926 0.67784667 -1.3340489 -0.8270092 0.056192253
44 -0.2617484 -0.53610456 0.9318131 -0.0037479887 0.537989 1.3945502 0.22409411 -0.46956605
30 0.45357847 0.5036422 0.24502268 1.413857 0.6647119 -1.304052 -1.0127466 0.03614151
48 -0.17627141 -0.33348802 0.88833755 0.009419138 0.3390762 1.2748528 -0.041521315 -0.38116416
15 -0.24639218 0.99054897 0.55262446 -0.29333526 0.20658188 -0.3695484 0.121897124 0.56538075
14 0.71570766 0.34456214 0.19908299 1.0110885 -0.63907415 0.19096929 -0.07379005 1.2789786
0 0.27267915 0.7678749 -0.041209973 0.74251854 0.8827444 -1.7301519 -0.9322404 0.84777623
5 0.17166972 0.5140274 0.61589634 -0.49855307 -0.3802733 0.5780229 0.6246859 1.2295132
21 0.5199917 0.27989587 0.09282381 1.631824 0.41724977 -1.6374588 -1.1508172 0.68291676
9 0.08550556 0.22092566 0.6011719 -0.12511282 -0.81765974 0.94937843 0.686161 1.4287035
47 -0.1282184 -0.4039674 1.0914397 -0.20722264 0.3198762 1.5854511 0.30993178 -0.5603679
37 0.5065281 0.29939786 -0.1681113 1.8818576 -0.06303621 -1.262428 -0.5423291 1.4242833
11 -0.0456974 0.39876252 0.8257835 -0.8318561 -0.5740806 0.9807741 0.69342583 1.2125964
3 0.6393534 0.68156976 0.432906 0.824465 0.6534307 -1.6700141 -1.1388053 0.1565392
13 0.5755727 0.38026774 -0.3591013 1.7641481 0.30503848 -1.1224548 -0.58579785 1.3026276
35 0.71360505 0.3402964 0.11561277 1.6726882 0.37516326 -1.6454276 -0.92082614 0.7169193
33 0.8152755 0.52958095 0.040188935 1.368017 -0.061544634 -1.234626 -0.37220043 1.2079644
25 0.6787506 0.33966702 -0.28574762 1.3587468 0.1659249 -0.93344826 -0.21567075 1.5338064
32 0.78908783 0.25466448 -0.047333054 1.9920197 0.38409415 -1.5458244 -0.9491852 0.75339246
22 0.78236604 0.68082404 0.08473412 1.6032073 0.11866551 -1.9576294 -1.0581309 1.0086445
