50 8
42 -0.20478745 0.35974392 0.9321157 -0.5161868 0.4190002 0.22783254 0.049582534 0.12697357
17 -0.19942822 0.474414 1.1683048 -0.18506484 0.081570566 0.122033656 0.15388247 -0.14803702
45 -0.12890999 0.28344294 1.0641236 -0.30467322 0.2919603 0.004630066 0.16864875 0.03648857
1 -0.018684054 0.26820487 0.84600466 -0.17920755 0.385413 0.96994966 -0.00090599235 -0.20709932
40 -0.29067028 0.9251896 0.76712465 0.3161994 -0.06449094 0.3340548 0.055794682 -0.061777912
23 -0.048598245 0.66572666 0.88304603 0.4280788 -0.0025175463 0.21122743 0.12404808 -0.2484861
34 0.35267752 -0.21839423 0.95525354 -0.5921661 0.65989125 1.1325809 0.22544998 -0.21532686
27 -0.039453197 0.49447238 0.9780886 -0.71519643 0.5090116 0.63721645 -0.025808219 -0.0864092
28 0.0035990318 0.48534733 0.6900069 -0.22758317 0.62072116 1.2723091 0.51522326 -0.29927957
24 -0.5118948 0.61774087 1.2043425 0.38133428 -0.5880208 -0.43145046 0.04358354 0.12149288
44 -0.28846282 0.3356831 1.0674772 -0.349915 0.49182105 0.50226384 0.22551985 -0.26638934
31 -0.636981 1.1491836 1.0569638 -0.118114956 0.13021839 0.51657254 0.2436081 -0.42324498
6 -0.10657728 0.4016549 1.0911481 -0.24895419 0.36937085 0.5811102 0.25997967 -0.34656328
36 -0.12755889 0.42003754 1.0202181 -0.6007534 0.5337959 0.9267261 0.28432256 -0.28359443
43 0.22739293 0.30991516 0.7681653 -0.4700169 0.8303573 1.1014868 0.23002 -0.27215487
46 -0.03441833 0.080742076 0.91448337 -0.6723228 0.4160511 0.56297135 -0.18520847 0.20048384
10 0.1557486 0.02148379 -0.11885385 1.2574037 0.08426694 -0.77878875 -0.5170167 1.2882591
30 -0.0320728 0.5996852 0.4338463 1.2804761 -0.27077377 -0.9712734 -0.3704719 0.6298612
4 0.14336357 -0.07316264 0.4551633 -0.46903217 0.86409914 1.1774204 0.11566225 0.23814729
49 0.25619733 -0.32477182 0.54798096 -0.3020095 0.7537313 1.4137843 0.20285949 0.05969946
26 -0.79264957 0.8297078 1.0833832 0.40219086 -0.23329072 -0.27165028 0.48494822 -0.061114065
38 0.07209046 0.01439802 0.52535945 -0.08896269 0.70352226 1.647732 0.5319939 -0.17660764
12 0.1173372 0.53008574 0.742452 0.84959555 -0.3262915 -0.98172855 -0.096723594 0.5177267
19 0.23617123 0.42883208 0.7463919 0.5812264 -0.17454831 -1.3564686 -0.50695366 0.779081
20 0.14367917 -0.5167084 0.003572103 -0.027504923 1.0883147 0.7971579 0.06658082 0.7396052
15 0.29963115 0.118717015 0.26624972 0.9993929 -0.012892063 -1.5162709 -0.681835 1.3302648
48 -0.098760776 0.72320175 0.964243 -0.33528233 0.41990492 1.3061874 0.5328324 -0.5405519
16 0.009283602 -0.5155521 0.62107307 -0.26160923 0.45393717 0.33500788 -0.06328992 0.65542936
5 1.0015777 -0.5534304 -0.019962724 0.44441774 0.4685267 0.2828581 -0.2711259 1.103715
9 1.4445088 -0.7338611 0.037978344 0.34008798 0.56671333 0.55611014 -0.18346445 0.9292414
3 -0.00095339015 0.36282113 0.34490663 1.493979 -0.29873872 -1.371828 -0.5753404 0.9616947
14 1.2247814 -0.668516 -0.36891767 0.7150009 0.60670537 0.3774655 -0.6539587 1.2932268
35 0.0946097 -0.16669263 0.42878416 0.95403814 -0.28241307 -1.5404283 -0.64024186 1.4560242
18 0.27097908 0.2655106 -0.0383233 1.7991321 -0.17452472 -0.9982382 -0.33070877 1.0784827
21 -0.009113678 0.30731863 0.23902331 1.3648621 -0.410121 -1.2954171 -0.7762545 1.2841697
0 -0.08994568 0.4555032 0.6685252 0.77431303 -0.29289004 -1.6343924 -0.7427111 1.0484928
7 -0.10400777 0.16002788 0.5672216 1.059622 -0.21416849 -1.1009749 0.14342679 0.8252617
47 0.10174952 0.15858385 0.81945145 -0.32882187 0.5339583 1.425323 0.17697218 -0.33592355
33 0.2762063 -0.23730062 -0.063165076 1.6078682 -0.20584047 -1.0450298 -0.67619044 1.4907047
41 -0.0066354806 0.38510638 0.5472794 -0.04283804 0.79681516 1.4296805 0.5201733 -0.30214605
2 -0.09700454 0.38727352 1.0441256 0.84078115 -0.7350609 -1.2809477 -0.3462493 0.62272024
8 -0.2574845 0.4132185 0.40157062 0.92363316 0.24674796 0.68902177 0.18840154 -0.11812656
32 0.05743402 -0.4831394 0.1085098 1.3973398 -0.28664935 -1.3028805 -0.6009935 1.6911867
37 0.46998838 -0.9939698 -0.25663522 1.5096954 0.049166128 -0.63492894 -0.59422034 1.7323258
25 0.9344876 -0.63876075 -0.37142587 1.0703675 0.57216376 -0.27886677 -0.3394744 1.4105864
22 0.21097812 -0.7333487 -0.091520295 1.3220834 0.10028796 -0.9388463 -0.7704072 1.6654184
13 -0.01060568 -0.07321802 -0.30875888 1.805374 -0.15892504 -0.8308341 -0.6570765 1.5101798
39 -0.5943913 0.6233156 0.96525234 -0.27383065 0.49612603 1.5826797 0.7014768 -0.5851457
11 0.3952109 -0.86270386 0.19772221 -0.32338676 0.8858022 1.9379759 -0.3174898 0.44668967
29 0.3817466 -0.82534635 -0.45006955 0.6144707 1.0812504 0.4259313 -0.24860653 1.2630424
