50 8
43 -0.33092895 0.100360684 0.3361305 0.008597997 0.918349 0.8453145 0.35802668 0.41397616
42 -0.5463157 0.21708728 0.62492716 -0.12294049 0.80826855 -0.08589206 0.0072376607 0.7852487
1 -0.24844469 -0.014629523 0.6321719 0.09342546 0.6684291 0.86788434 0.35783586 -0.15375088
40 0.2629379 0.38168445 0.14361103 0.9863903 0.060585525 -0.6880484 -0.49617073 0.6486826
19 -0.23259874 0.6712908 0.2928078 1.1182206 -0.18892148 -0.6969602 -0.38226932 0.531351
6 -0.36075035 0.21075332 0.43823662 0.07305855 0.8970043 -0.22270775 0.21250431 1.0280474
26 -0.46146342 0.292139 0.34749186 0.4080648 0.47219014 -0.1864665 0.12835482 1.1210622
31 0.16598271 0.056046084 0.37133583 -0.2000767 0.99559605 0.2337767 -0.08432194 0.8303963
29 0.051756293 0.083981685 0.5525181 -0.2252383 0.9815154 -0.016803056 -0.2042948 0.47893408
38 0.15244365 -0.04548838 0.48950714 0.032272786 0.7722238 1.0169033 0.15360552 -0.10172298
20 -0.48089215 0.18494096 0.53516006 -0.1722895 0.81538564 0.77516013 0.4391033 0.78246963
18 0.4067044 0.2557802 0.08804809 1.0759522 0.04454021 -1.0145112 -0.9161778 0.6071669
28 -0.6462737 0.29046175 0.54671496 -0.1520286 0.71978456 0.89124453 0.3465062 0.6703337
27 -0.19625668 0.10808952 0.60525846 -0.36613774 1.0102156 1.2728347 0.5367073 0.2922446
15 -0.36188576 0.55501324 0.57878083 0.75173753 -0.17081733 -0.35105985 0.051734112 0.6700694
48 0.38578534 -0.13662528 0.5395097 -0.36981866 1.0937805 0.9226278 0.04642843 0.10496637
44 0.53969294 -0.2611824 0.486327 -0.2785835 0.92911017 0.8454656 0.05787421 0.32111865
8 -0.56641275 0.5363011 0.2081997 0.3157855 0.7064185 -0.3234459 0.17606644 1.4140462
23 0.52409637 0.26502913 0.3670634 1.0840577 -0.113038905 -1.0885749 -0.7779883 0.2140526
16 0.6749985 -0.4352119 0.6712038 -0.114649855 0.84949464 0.64098704 0.060231667 -0.15053464
24 -0.043845233 0.47456095 0.21579924 1.2274089 -0.17472021 -1.0748678 -0.67849845 0.65833974
45 -0.34308356 0.059970558 0.7750143 0.018279955 0.48664382 1.256674 0.36874607 -0.3533645
49 0.075062245 -0.29198334 0.7894659 -0.16246699 0.73238325 1.3295254 0.23468927 -0.5170409
47 0.01616542 -0.23173787 0.8600532 -0.11328096 0.6081807 1.342444 0.33101282 -0.48355386
30 0.029176401 0.4737591 0.22246079 1.2016704 -0.124528244 -1.098686 -0.62023246 0.6214131
17 -0.22859086 0.11920613 0.8505379 -0.2735804 0.79805 0.26070452 0.37148795 0.62138635
25 0.8671053 -0.15830052 0.019431466 0.60737324 0.55956244 -0.035132885 -1.0641773 -0.357298
41 0.574182 -0.3047209 0.66691864 -0.09157419 0.7445501 1.3461549 0.13498133 -0.5568759
7 -0.5918141 0.5477707 0.5475603 0.77799326 0.06762976 -0.73962075 0.23841329 1.0146211
36 -0.14219071 -0.13140139 0.813537 -0.0661127 0.54373634 1.6100827 0.29728284 -0.63302255
13 -0.11324807 0.58683825 0.16578339 0.8840875 -0.1254407 -0.31926712 -0.6360022 0.5881209
46 -0.26372942 0.021974668 0.7152622 -0.05768761 0.5990472 1.318671 0.15035085 -0.42339286
0 -0.42895493 0.6050269 0.2642427 1.4715371 -0.43915462 -1.195135 -0.79146785 0.47251317
39 0.31833595 -0.048704028 0.5839983 -0.44796234 1.2336081 0.5970957 0.26130542 0.47190043
34 0.63695025 -0.612992 0.87697077 -0.31297785 0.7269474 1.153542 -0.11195347 -0.51428235
4 -0.17526792 -0.14191054 1.1054255 -0.09253851 0.2375471 1.5225128 0.21518168 -0.7595863
9 0.55833024 -0.3323272 0.82026464 0.44166997 -0.22553088 1.492379 -0.43686762 -1.356436
21 0.14797793 0.05706866 0.30502158 1.6182544 -0.6215827 -0.89114404 -1.2132933 -0.35545015
3 0.4019885 0.17703307 0.30143085 1.4951313 -0.42059642 -1.020123 -1.1359084 -0.38857904
12 0.461854 0.18130334 0.21281816 1.6653289 -0.54017353 -1.1415259 -1.2428131 -0.15362753
2 0.23650801 0.41730946 0.36146727 1.3545355 -0.4578979 -1.2953142 -1.0405426 0.37015092
14 0.8036531 -0.24897958 0.6695826 1.1700219 -0.8175131 0.7404421 -0.9530046 -1.6149966
32 0.5880893 0.03177438 0.4302229 1.6210257 -0.6263595 -1.1279153 -1.0956755 -0.3809551
22 0.74604386 -0.11783431 0.2743201 1.7033471 -0.58328104 -1.1255686 -1.13183 -0.219401
10 -1.4056594 0.645266 0.4402561 0.50600827 0.07034511 0.54840386 0.5641012 1.1277089
33 0.8962644 -0.15865178 0.34121096 1.8049263 -0.71330863 -0.8603689 -1.0827109 -0.77956635
11 0.40161192 -0.4504695 0.81924784 0.57087475 -0.32068384 1.2645646 -0.81554747 -1.5882424
35 0.7148041 0.08284045 0.31700748 1.8897016 -0.85872835 -1.4522383 -1.4352248 -0.24476859
37 0.6716901 0.027005443 0.38659254 1.8503538 -0.6787965 -1.585698 -1.278464 -0.33356217
5 -0.28341982 -0.15949386 0.90774757 0.107409045 0.26894522 1.0946658 0.2242266 -0.45365828
