50 8
49 -0.84755135 0.08120849 0.76035136 0.677776 -0.8439683 -0.34085163 0.32894093 -0.58217317
19 0.014670495 0.24854356 0.7841271 -0.13739926 0.5273304 0.2698294 -0.044946644 1.0469645
16 0.109040126 0.48628134 0.6822679 -0.077185184 0.024222013 0.18906426 0.029086597 0.7213396
24 -0.010923618 -0.12798506 1.1569706 -0.1393923 0.35453415 0.14556727 0.2694174 1.2572016
28 -0.70520866 0.48413786 0.43088552 0.5874096 -0.7659998 -0.6281766 0.16928482 -0.8690843
1 -0.50133735 0.4857323 0.42382887 0.6086034 -0.7999797 -0.5357864 0.3262196 -0.6667401
43 -0.547636 0.073099785 0.82370794 0.3579524 -0.3270148 -0.7730706 0.097014226 -0.40573874
20 -0.48426646 0.2007948 0.44246227 0.7388631 -0.6050528 -0.4134382 0.3792394 -0.16638502
10 -0.19378875 0.17642233 0.7851478 0.21871375 0.18834291 -0.27549365 0.08851113 0.12424182
23 -0.0024707117 -0.06376714 1.0819724 0.06456683 -0.44075495 -0.48477158 0.15088338 0.7007918
45 -0.7021332 0.48870677 0.326988 0.70858985 -0.54888815 -0.9011536 -0.051442094 -1.0541422
36 -0.35118192 1.2132665 -0.48390287 0.9308279 -0.5832732 -0.21479122 -0.005162052 -0.8904006
26 -0.40660122 0.61007494 0.32342926 0.22947142 0.46320668 -0.97340375 -0.66758746 -0.7429127
27 -0.74752295 0.6770464 0.038608775 0.83155125 -0.5433926 -0.6652521 -0.22597444 -1.0282055
6 -0.74522126 0.5067541 0.34390184 0.51752794 -0.23363063 -0.9020867 -0.14019893 -0.98483616
47 -0.60783124 0.617096 0.32211477 0.5738123 -0.52495134 -0.77840143 -0.23172075 -0.89087033
41 -0.43502668 1.0114533 -0.268618 0.9283201 -0.4609096 -0.24148001 -0.030961111 -0.88597566
34 -0.70535517 1.1066511 -0.5188388 0.87836397 -0.5135651 0.46882343 0.14781515 -0.5785479
38 -0.5743502 1.0232904 -0.30180508 0.9131719 -0.46800616 -0.74803716 -0.20397544 -1.1937861
42 -0.80119157 0.30473843 0.5682436 0.46709985 -0.2374355 -0.82157254 -0.19766182 -0.90462995
9 -0.6846942 0.55245894 0.07920666 0.58423305 -0.8568938 0.43265036 0.60771465 0.19419527
7 0.38429192 0.06553466 0.95486695 -0.16084953 0.9209146 0.16745274 -0.28811902 1.5530235
15 0.042086065 -0.19809374 1.2476444 -0.071999796 0.018040419 -0.5273858 0.12395243 0.93013716
25 0.4564679 0.7615781 0.19896485 0.0077988 0.40037078 1.1908112 0.13255636 1.839945
0 0.1580373 0.10503251 1.0834719 -0.42132616 1.1071059 0.5784811 -0.023721892 1.5604103
30 0.48835734 0.34969777 0.75270873 -0.20974414 1.3980746 0.36731553 -0.42859325 1.4227015
11 -0.31579822 0.40707266 0.118842416 0.670346 -0.6086205 0.6201054 0.24004258 0.7474317
48 -0.57215786 0.9634587 -0.2854522 0.90364575 -0.59978735 -0.45750418 -0.2866806 -0.9860149
21 0.55286944 1.083439 -0.18261601 0.03829084 0.9745243 1.047985 -0.014647654 1.5403874
18 0.33772445 0.6868813 0.30735752 -0.1249804 1.3122447 0.55727845 -0.26989576 1.1862543
4 -0.7154662 0.47495633 0.0924945 0.8966047 -0.95936924 -0.1305658 0.53700674 -0.43366653
29 -0.09190388 1.1270583 -0.33085367 0.20463122 0.19454864 0.85096264 0.4410328 0.7001772
8 -0.32343674 0.96484274 -0.2556512 0.58433825 0.5139239 -0.6531473 -0.720983 -0.7697055
12 0.3764751 0.24411951 0.6131658 -0.028316665 1.1715398 0.7971304 0.07958192 1.9037026
40 -0.29455644 1.5784131 -0.7588176 0.37592927 0.870429 0.42510724 -0.4435691 -0.5509575
37 0.37242165 0.51353174 0.582001 -0.17354329 1.0284382 1.0840912 0.1763005 1.8050486
14 0.10747918 0.74982077 0.09902927 0.19187708 -0.124297194 1.0705042 0.5172999 1.3321656
39 -0.5989854 1.1332963 -0.5425 1.0536091 -0.4908724 -0.5541206 -0.3385462 -1.1927332
5 -0.30626622 -0.3051021 1.2695668 0.27443337 -0.58734477 -1.0070199 0.27351856 0.11794955
44 -0.22850336 1.1300172 -0.46099135 0.81298417 -0.20300199 -0.7589859 -0.47990802 -0.88966244
2 0.3760451 0.19795084 0.8746546 -0.26032543 1.1813189 0.6745447 0.094191976 1.8485441
3 0.30636737 0.26615497 0.8466941 -0.34133255 1.2152381 0.6822592 -0.177255 1.868434
46 -0.63568807 1.030973 -0.41052073 1.0185895 -0.91604716 -0.32964465 0.1284431 -0.8542662
22 0.44106644 0.4906172 0.52203166 -0.0754062 1.0332805 1.066998 -0.060808003 1.8505663
13 0.48396805 0.6227294 0.34614202 -0.117466696 1.4593025 0.46375272 -0.23839965 1.4680904
35 0.24938017 0.3941945 0.6386796 -0.23914826 1.270859 0.6509625 -0.14136949 1.5184419
33 0.5015812 0.47243237 0.90166056 -0.5518188 1.29359 0.84330624 0.17420205 1.9310452
17 -0.28228098 -0.40772614 1.3757129 0.06771761 -0.15992835 -0.85043854 -0.07799648 0.43388927
31 -0.44338164 1.2521092 -0.718583 1.1242896 -0.082054295 -0.6451634 -0.5422448 -1.2302898
32 0.5509383 0.687296 0.3999835 -0.32769457 1.5379268 0.6440206 -0.1745036 1.6549317
