50 8
1 -0.6323636 0.6007489 0.08523955 0.5241225 -0.36321843 -0.13349669 0.27484193 -0.28495836
49 -0.8551238 0.370059 0.13215539 0.2558927 0.2045818 0.44302103 0.19363597 -0.14834405
48 -0.58586144 0.362137 0.2529972 0.9923048 -0.7025918 -0.5210227 -0.05353374 -0.5589603
29 -0.5981673 0.71226394 0.20891716 0.5539729 -0.8342956 -0.11771166 0.07847574 -0.14732887
28 -0.8274466 0.5224587 0.122724384 0.5835672 -0.57051736 -0.634178 0.22545844 -0.6520813
36 -0.76868665 0.627362 0.09969006 0.53212106 -0.3029569 0.014039382 0.112203 -0.38219658
39 -0.91158164 0.4023559 0.19863515 0.6232809 -0.13537444 -0.4497954 -0.19236435 -0.81581765
4 -0.41206273 0.71588784 0.31508017 0.6805537 -0.7620108 -0.40124074 0.033824034 -0.35959265
21 0.36936033 0.38220206 0.7413631 -0.47381017 0.90204585 0.51464504 0.23243882 1.7283554
6 -0.7979445 0.36247948 0.14932467 0.84451705 -0.3576851 -0.745679 0.0012358683 -0.7829636
42 -1.0408301 0.32026947 0.16559948 0.43586493 -0.08000479 -0.5816996 0.22729962 -0.9095045
31 -0.8617312 -0.03540148 0.3723766 0.7683907 0.121860795 -0.88327646 -0.106312566 -0.95874006
40 -1.0916378 0.0470437 0.06451985 0.6951806 0.29284602 -0.6099342 0.0876739 -0.9340751
27 -0.89709246 0.58382124 0.21974257 0.77756107 -0.83498317 -0.54115474 0.026382644 -0.98109996
10 -0.1310896 0.33663923 0.39393294 0.058193214 0.75865686 -0.114740245 0.42435795 0.41769338
38 -0.54646647 0.35892305 0.37686518 0.97867644 -0.9433331 -0.3531064 -0.2565704 -0.3503394
17 -0.47545257 0.59358025 0.05681812 -0.094202995 0.8268307 -0.19553272 0.3485799 0.24638121
43 -1.2114639 -0.16589046 0.03179089 0.6701117 0.4566932 -0.49210677 0.18777241 -0.8570715
41 -0.65940243 0.33649912 0.428149 0.9731543 -1.0312084 -0.53393936 -0.07205247 -0.69702125
34 -0.7207458 0.18296781 0.26464704 1.0429342 -0.8738902 -0.38774568 -0.13035168 -0.44725865
20 -0.31309974 0.6979376 0.5426299 0.6488327 -1.1002831 -0.5848487 -0.2137304 -0.33718267
26 -0.7645223 -0.00043640673 0.27556744 0.6939498 -0.057000775 -0.8599861 0.068713635 -0.58938336
16 0.0643145 1.1417447 0.7204057 0.08175294 -0.7283058 -0.38970506 -0.12881544 -0.15074284
12 -0.39979038 -0.75909305 0.23843084 0.22817044 1.5111845 -0.07441787 0.7345285 1.1294953
5 -0.08366013 0.42949438 0.58648753 -0.50054795 0.55428886 0.73709023 0.3732177 1.3000333
45 -0.95243824 0.47657907 0.20417719 0.740892 -0.6291016 -0.6622879 -0.03840242 -1.0021404
23 -0.47706404 -0.16183802 0.1548717 0.33494353 0.9028177 -0.26078653 0.37478426 0.5070908
46 -0.9363175 0.27641168 0.34582865 0.8060917 -0.68136686 -0.3923154 -0.15421174 -0.8816776
14 -0.36759907 1.3394648 0.11015544 -0.13975844 -0.4769074 0.28212023 0.29957426 0.3138791
8 -0.5202614 -0.10317082 0.54246527 0.6602585 0.23421806 -0.9347858 -0.074688 -0.5848545
19 0.05427541 0.05080065 0.62619066 -0.51196903 1.5799245 0.89202774 0.32932523 1.7873807
13 -0.025834262 -0.73696643 0.9264731 0.22939248 0.72588766 -0.47245133 0.21784303 0.64995396
9 -0.7070664 0.76929665 0.17843069 0.38571525 -0.90184087 0.112455204 0.21325071 -0.17824896
11 0.012683329 0.9842722 0.7297582 0.11660163 -1.3665203 0.5997809 -0.3173766 0.73781073
15 0.055665527 -0.0440521 0.60251665 -0.71300375 1.7449107 0.5937767 0.5743495 1.9159774
44 -0.3169919 0.07341023 0.49223182 1.0545536 -0.29589885 -1.1717159 -0.35990587 -0.50892437
7 0.1324138 -0.46154967 0.7658744 -0.21764489 1.921268 -0.0004096003 0.370001 1.3271168
24 -0.21949229 0.27188113 0.21995324 -0.40166864 1.7955258 0.39229897 0.37955382 1.2298971
2 -0.32378393 -0.5677415 0.358102 0.030986657 1.9725852 0.589899 0.4354166 1.259526
37 0.64176375 0.33820575 1.2732574 -0.6336001 0.17714563 0.7613153 0.23924664 1.8915906
18 0.38009837 -0.45905328 1.2100983 -0.3635398 0.78873354 0.57929844 0.31167856 1.9603213
3 0.11628835 -0.2003812 0.7901624 -0.5928947 1.93216 0.6905367 0.40038958 1.788957
0 -0.0443128 0.024733292 0.7857273 -0.9124505 1.9189311 0.9217816 0.52635545 1.6075937
33 0.52235293 -0.033867575 1.1971576 -0.65347755 1.2366822 0.85918444 0.16289958 2.084089
25 0.24652767 0.9188372 1.0889642 -0.3545037 -1.2164357 0.46522257 -0.19690844 0.9977257
32 0.7974572 0.05680973 1.2937446 -0.5292257 0.67411375 0.6769891 0.09244505 2.346602
22 0.7141107 -0.06518153 1.4303735 -0.5263869 0.75421506 0.9548769 -0.0011680603 2.2704372
30 0.61131316 -0.18009417 1.2347721 -0.58119136 1.7389815 0.6781794 0.04598718 2.1900082
35 0.8043352 0.010609017 1.459199 -0.6231543 1.1108484 0.81224674 -0.14609715 2.3176231
47 -0.878114 -0.25378692 -0.03737141 1.1965072 0.49464062 -0.25674453 -0.061681144 -0.4563051
