50 8
19 0.19263703 0.44414052 -0.9623333 -1.4209334 1.7223499 1.4081846 -0.40984038 -0.9825237
39 0.19289702 -0.6639059 1.6119313 -0.45798007 -0.91078466 -2.0146346 -0.60156846 1.1894631
15 0.1134998 0.5316362 -0.31618962 -0.5633591 1.6063917 1.9096092 -0.08081984 -1.3519071
0 0.32732743 0.90111333 -0.3884731 0.35676074 0.98395795 1.8180995 -0.3182883 -1.8832057
35 0.45838943 1.1724967 0.06417389 0.8438141 0.44197005 2.139534 -0.37924486 -2.1182902
24 0.26186562 0.24906293 -1.1978236 -1.771229 1.7534578 1.4188596 -0.6986305 -1.441719
38 0.22622627 -0.044865876 0.75829715 -0.10708995 -0.7780412 -2.069352 -0.62279224 1.2127773
36 0.20264624 -0.35476413 1.1399806 -0.31282473 -0.64156264 -1.9287066 -0.31325334 0.7979345
31 0.2438564 -0.57552844 1.4232993 -0.53756356 -0.8044712 -1.8194503 -0.419794 0.9040618
27 -0.056725435 -0.78946835 1.3290901 -0.2692509 -0.48387966 -1.8036208 -0.6760395 1.344434
6 0.5627953 -1.8198998 1.3404149 -0.30657223 -0.28272492 -1.6612984 -0.30829838 0.45946366
43 -0.008067559 -0.6637887 1.4194188 -0.51895237 -0.7505945 -1.9528557 -0.6803544 0.79982305
41 -0.08101676 0.11657211 0.7841802 -0.18750936 -0.47915912 -2.056049 -0.5248264 1.3624641
22 0.69071746 0.8349927 0.16282688 0.787378 0.43733314 1.8987721 -0.061819997 -2.1392856
28 0.16285096 -1.0119895 1.4069521 -0.7482506 -0.54310125 -1.6143378 -0.54805565 0.74887675
33 0.11159136 1.4249238 -0.26353794 0.83517724 0.91145843 1.7713414 -0.3092757 -1.066753
14 -0.12246118 2.3457642 -0.7793186 0.9625781 0.7225256 -0.8767573 0.2989428 1.7009095
32 0.13038349 1.250688 0.24455234 0.9707046 0.48693117 2.069818 -0.37214124 -1.8334944
44 0.18175602 -1.254883 1.705214 -0.74329954 -0.76326376 -1.5528415 -0.5646685 0.34648144
45 0.6975618 -1.445015 1.5764831 -0.2165132 -0.74821204 -1.0267017 -0.3836887 -0.14030567
34 0.15973105 1.1730614 -0.18485339 0.69228923 0.03071263 -1.3763499 -0.15290415 1.6559111
3 -0.030906014 0.8507967 -1.1875411 -1.2174617 1.8509138 1.5464884 -0.67856073 -0.8549776
23 0.53539085 -0.023290534 -0.89595675 -2.1338627 1.5034322 1.4658803 -0.67231476 -1.2026207
29 0.112196684 1.2703959 -0.0054493286 0.8759809 -0.16710363 -1.4117599 -0.12906569 1.351852
8 0.51670575 -1.2137808 1.1424253 -0.09995601 -0.4667099 -1.3926084 -0.60883236 0.731443
21 -0.09888471 1.7292994 -0.9832581 0.40970358 1.0313679 0.1612708 -0.31423452 0.94906825
18 0.19634546 -0.19286121 1.3706391 1.2478048 0.12818284 1.9758836 -0.16481566 -2.2965465
4 0.12480944 -0.26030847 0.25989187 0.08600626 0.31177673 -1.7615037 -0.12379416 1.4742529
37 0.14203662 1.6946121 -0.59907615 1.2371271 0.88961214 0.6419768 0.23207016 -0.30820125
9 0.23052081 1.6237825 -1.026518 0.72891885 0.44166386 -1.0764483 -0.11930333 1.2705001
20 0.493242 -1.5674272 0.486816 -0.07016859 0.5050665 -1.8178347 0.10281635 0.563927
30 0.92407805 0.5352991 0.77431947 1.6557915 0.03007194 2.3016832 -0.009693198 -2.5800347
12 -0.44483694 0.8667746 -1.2533166 -0.12056014 1.7486864 1.4861943 -1.2270923 -0.12212248
26 0.85326666 -1.9671417 1.2931312 0.5637327 -0.27025783 -0.751527 0.034099802 -0.86545664
7 -0.073987395 0.8837895 -1.3026642 -0.54203016 1.8126136 1.5858599 -0.9151174 -0.16646627
2 -0.32297504 1.0724893 -0.94012964 -0.27367136 1.9217578 1.5994697 -0.4929846 -0.42351523
13 -0.06085383 1.3766732 -1.1813989 0.41591203 1.3071711 0.41658765 -0.6070983 1.2690507
40 -0.277043 0.070198804 1.1642786 -0.10720755 -0.5235385 -1.7710868 -0.6782204 1.6334232
42 0.3916845 -0.53171843 1.6781437 1.0515536 -0.16678163 1.3328679 0.15804547 -2.138752
25 0.50827634 1.7048116 -0.90080935 0.9206222 0.34815085 -0.7790198 0.32907897 0.37014082
17 0.78948456 -1.6276599 1.469569 0.38933742 -0.44860017 -0.9203125 0.1724107 -0.7553532
1 0.6256175 -0.9033771 0.11262494 -2.20542 0.3857672 0.30067763 -0.7144198 -0.805066
11 0.25848857 1.5653462 -0.61470413 1.0064485 0.9096905 -0.03965106 0.64957386 -0.17934151
10 0.56550664 -1.57273 -0.18984422 -0.99815553 1.0650841 0.054948132 -0.48340166 -0.31262907
16 0.7038576 -0.39021185 1.2054445 1.0335207 -0.25462404 -1.251053 0.6488952 0.4865007
5 -0.14377894 1.0020258 -0.26109833 0.42488486 1.2191021 0.73841935 0.3371534 -0.5170011
47 0.0264311 -0.2109051 1.2558118 -0.63663876 -0.74718314 -1.6229262 -0.6038868 0.7996311
48 0.11150965 -0.693195 1.569384 0.013127243 -0.68710643 -1.6804074 -0.2932705 0.6583529
46 0.26499134 0.60222113 0.47675812 0.10874739 0.42913854 2.0644853 -0.40000045 -2.1862438
49 0.33998266 0.011972361 0.8360038 0.1628575 -0.31416342 -0.38020763 -0.068319485 -0.28828692
