50 8
23 0.5198627 0.35939947 0.55307907 0.7027512 0.23815155 0.3022808 -0.16985893 -0.024465038
19 -0.3082351 0.6659276 0.33883533 0.3901057 0.6662219 0.17732692 0.20144577 1.0738732
43 -0.20221883 0.058895607 0.33946863 -0.6713941 0.87155575 0.70083076 0.84479845 0.23058124
24 -0.32311872 0.50274825 0.34174785 0.017509997 0.5793292 0.40466827 0.368718 1.1302184
1 0.19769002 -0.23971073 0.61411715 -0.6432398 0.33459058 1.0245261 0.28526476 -0.27577904
40 0.065125324 0.558364 0.36105713 0.92103046 0.49146602 0.01526579 0.08468511 0.80652624
6 -0.24946721 0.45418882 0.40687802 -0.13754544 0.69712484 0.2962695 0.48269007 0.8520611
44 0.23327778 0.24997765 0.5009445 0.9547295 0.6010634 -0.13764945 -0.12170392 0.6258504
12 0.21846499 0.27237007 0.52803963 1.0332488 0.77819407 -0.27390802 -0.17700401 0.4103944
39 0.53961664 0.30211958 0.7494702 0.86376244 0.2931205 -0.025182165 -0.3806913 -0.053845577
38 -0.3730824 0.59853673 0.46801975 0.27882797 -0.018880332 0.69057995 0.6306968 0.31546026
2 0.22875276 0.5172119 0.6331283 0.62147826 0.4197112 -0.11269845 -0.21568494 0.75818616
31 -0.0611814 0.43712047 0.29933545 0.65933233 0.71430165 -0.052626707 0.34708536 1.128069
27 -0.12904696 -0.029945416 0.5399031 -0.75808984 0.23535368 1.1332729 0.6756495 -0.061428405
26 -0.33309126 0.20905758 0.40134162 0.27842245 0.9200699 0.021583704 0.24987346 1.2505074
42 -0.33114314 0.050368648 0.53217775 -0.5300253 0.88497543 0.29225707 0.6832909 0.6260897
17 0.022148294 -0.70566857 0.71557844 -0.9927562 0.6629317 0.64648515 0.45862123 0.61893135
34 0.44906968 -0.27620393 0.90914047 -0.16146697 0.032489367 0.83223146 -0.037159134 -0.78625923
25 0.12829913 0.19531645 0.5049151 0.2135301 0.30412787 0.7457226 -0.18853346 0.10163886
29 0.07738743 0.10454456 0.5213071 -0.39985353 0.84615326 0.3862976 0.06224444 0.4456157
41 0.41473585 -0.20951396 0.6442511 -0.38874912 0.08801259 1.0377172 0.49772495 -0.6551128
15 0.23294605 0.41023645 0.5777713 1.2061963 0.41234648 -0.23273276 -0.17468788 0.6598935
18 0.64767057 0.30820453 0.4152381 1.1726846 0.74103844 -0.32189366 -0.3321025 0.57592666
8 -0.24336004 0.59073734 0.17275907 0.61406267 1.0253364 -0.0382811 0.21928059 1.1667405
28 -0.65396124 0.6427151 0.2920047 -0.69784814 0.6842086 0.74039406 0.94276226 0.6548441
16 -0.014669149 -0.04199158 0.61238647 -0.8157527 0.12610598 1.0804893 0.69847965 -0.063121825
3 0.86897796 0.15821129 0.6940788 1.0150204 0.4068242 -0.08512235 -0.30242598 -0.47728908
7 -0.12211921 0.71831644 0.43478543 0.098207094 0.69873726 -0.020620761 0.17345718 1.3110589
33 0.9179004 0.19067052 0.45825055 1.1019713 0.20173763 0.43809775 0.0063439677 -1.1248924
37 0.96621984 -0.8321302 1.1299907 0.86006314 0.04552875 0.1255227 -0.46234295 -0.68131953
48 0.09698318 0.13262147 0.55561227 -0.24514125 0.5463657 0.33630422 0.24453151 0.6579304
4 -0.0680827 0.49070394 0.911477 -0.56378824 -0.37861523 0.9690208 0.6745711 -0.6459105
22 1.1804761 -0.53101665 0.82639676 1.0009344 0.03825526 0.5013077 -0.45881766 -1.2393163
32 0.8404585 0.50651735 0.6625774 1.4709197 0.073917925 -0.071710736 -0.33093876 -0.5591703
10 -0.5902335 1.1113478 0.1559284 0.071288064 0.442662 0.45594296 0.8010185 1.2220527
30 0.5017532 0.804933 0.6742994 1.5133696 0.3662453 -0.6542723 -0.23516202 0.48678112
36 0.013753083 -0.071287036 0.9166053 -0.57271034 0.20060967 0.7282609 0.5522279 -0.88150465
21 0.8073785 -0.49902335 0.9949072 0.93196625 -0.116858706 0.5211532 -0.45341712 -1.121101
0 0.18021873 0.2671888 0.4063 0.9983774 0.9731832 -0.3240127 -0.40527982 1.2220377
14 0.58490986 -0.42498884 0.92467695 -0.25197813 -0.4242433 1.3400991 0.31758887 -1.3573574
20 -0.5542301 0.60270745 0.27704573 -0.4407711 0.23948419 0.8955672 1.2098771 0.5310004
35 0.9249507 0.10291454 0.6758164 1.5257933 0.17625529 -0.07843387 -0.36665776 -0.5245733
45 -0.39343348 0.8905672 0.14784071 -0.014334981 0.7664515 0.45960057 0.5216627 0.7506859
13 -0.18136768 0.8911867 0.44898197 0.91235757 0.5637155 -0.07609205 0.04268448 0.60439193
46 0.41427216 -0.15331997 1.172047 -0.5156562 -0.384196 0.7738956 0.27434814 -0.78934765
9 0.8318555 -0.5636828 1.3260251 -0.62971395 -0.4250864 0.802017 0.5342611 -1.6085894
11 0.5915307 -0.6366618 1.1700687 -0.85266924 -0.2516593 1.1284757 0.47969782 -1.3595477
49 0.15876329 -0.62843186 0.95284605 -1.2349155 0.13915272 1.0741405 0.88565725 -0.7424122
5 0.73304135 -0.51473635 1.1019853 -0.7489165 -0.17653045 0.75892466 0.7168593 -1.1370872
47 0.48098296 -0.8492538 0.95096433 -0.9190027 -0.079375744 1.2252611 0.7023188 -0.81994766
