50 8
16 0.18916996 -0.016785378 0.4322546 0.5184008 0.45136288 -0.34409806 -0.3838327 0.68115264
10 0.07142563 0.4105959 0.12841748 0.84858775 0.21024738 -0.75262994 -0.6858387 0.99979055
19 0.8653194 0.35883093 0.67778295 0.21168554 0.24490644 -0.8420459 -0.33898112 0.38471922
18 -0.035829738 -0.16316575 0.66373503 0.6361387 0.61821234 -0.7532679 -0.50552446 0.72608685
46 0.2710741 -0.029145176 1.429374 -0.45039514 0.44246528 0.561734 0.47303608 -0.58550686
5 1.0017184 0.19939905 0.52044183 0.29848638 0.24162239 -0.61442363 -0.44058776 0.49845126
1 0.510451 0.1431972 1.1003015 -0.3857811 0.22948042 1.0798954 0.643322 -0.6374658
24 0.7593476 0.19666272 0.6038493 0.368834 0.16620384 -0.66029835 -0.39970994 0.5201705
15 0.82470137 -0.055202354 1.064176 0.154719 0.1790394 -0.8134554 -0.32631004 0.36330467
43 -0.37204167 0.7954033 0.5446634 -0.28110656 0.5229152 0.93432033 0.88510025 -0.24097028
32 0.51439977 0.11948221 0.304212 0.93157744 0.0024947897 -0.5804342 -0.45859578 0.72878313
33 0.92171234 0.08654968 -0.00804949 1.2044077 -0.081451416 -0.55991083 -0.6429687 0.8150978
12 -0.12705396 0.45275164 -0.21046865 0.8341256 0.46599403 0.58218974 -0.37144598 0.3452806
4 0.07456282 0.76679325 0.11534228 0.17937034 -0.3179736 1.5338039 0.77288646 -0.0090965
49 0.61190736 0.16034748 0.9800786 -0.27614126 -0.014218745 0.9779282 0.6332798 -0.41795102
20 0.15112902 0.38284117 -0.13096943 1.0458316 -0.12168245 0.30740857 -0.2725295 0.6195814
17 -0.05768846 -0.2179642 1.2252753 -0.330243 0.9466675 -0.23986003 0.26383024 0.13491358
35 0.8069111 0.2029746 -0.05216196 1.0171652 -0.022962505 -0.6196768 -0.61579776 1.0110205
45 -0.50816035 0.22527266 1.3023939 -0.4042095 0.66875356 0.24908066 0.46132088 -0.161497
3 0.9555656 0.18289673 0.7386202 0.35484263 0.28358448 -1.0240738 -0.6283763 0.47452667
28 -0.23603095 0.932624 0.4726452 -0.35467404 0.5670085 1.1720493 0.89750075 -0.37843254
9 0.68407184 0.7663494 -0.2388324 0.94740754 -0.8984677 0.9261302 0.26681352 0.33053777
21 0.9243269 0.30283573 -0.2224617 1.2798709 -0.28520027 0.13964498 -0.7820892 0.54032487
42 -0.30985954 -0.01794598 1.5449059 -0.689854 0.6954401 0.2075155 0.68411624 -0.17561978
6 -1.3123305 0.47444618 0.7096592 -0.0173912 0.6760389 0.6827365 0.27900574 0.25452384
7 -0.12144454 0.09406029 -0.07740428 0.95147836 0.7122359 -0.19634819 -0.5445223 0.81726754
27 0.03971562 0.60952556 0.47597963 -0.29511008 0.4020455 1.5331275 1.0764114 -0.41501683
0 0.60907924 0.27295858 0.4237649 0.72863275 0.25655824 -1.0165043 -0.6046697 0.7048215
37 0.9735468 -0.21288596 0.19664715 1.138755 -0.23661938 -0.47979796 -0.58848846 0.98887545
31 -0.73873377 0.8390764 0.86430734 -0.73402077 0.8166955 1.1532947 1.0362488 -0.40776566
29 0.01690556 1.0061452 -0.68277967 1.1403843 -0.059965797 0.27102017 -0.29173425 0.83405095
22 0.92547214 -0.4127644 0.5614637 1.1579329 -0.35035843 -0.7654154 -0.6689299 0.90660596
39 -0.6524576 0.7134945 0.6531736 -0.39481768 0.66295916 1.4180367 1.0026331 -0.43150172
11 1.7228386 0.3526811 0.072122745 0.7007556 -0.63296056 0.2590221 -0.16718312 0.23543383
40 -0.56758535 0.42118666 1.0366324 -0.5596525 0.6685325 1.0955732 1.306868 -0.45395172
8 -1.445086 0.033102587 0.681271 0.2592815 0.7488653 0.49950328 0.1446484 0.5923755
26 -1.5908238 -0.35074812 0.70300084 0.458005 0.95503193 0.17692885 0.44787368 0.8065096
25 1.1848377 0.13031408 -0.07730739 1.0941449 -0.25788915 -0.3887977 -0.9406984 0.9811498
36 0.02998789 0.6289215 0.22547819 0.06442304 0.06336392 1.9054729 0.99184686 -0.42180434
14 0.43236256 1.0414664 -0.49659252 1.1221603 -0.80856615 0.8727879 -0.148945 0.386624
23 1.1746544 0.011653713 0.9162127 0.12178278 0.37604994 -0.52804124 -0.43312758 -0.078505546
34 0.20897372 0.90325487 0.011634708 0.11758081 -0.33287922 2.0636103 0.9286912 -0.2936623
2 0.973607 -0.06098575 0.95421606 0.46428585 0.173451 -1.3811748 -0.5112892 0.62400305
13 -0.3911849 0.8781068 -0.47482127 1.0515944 0.3516861 -0.0792346 -0.41618022 0.90341485
41 -0.17574944 0.7801059 0.37162974 -0.03862825 0.09243779 1.8637104 1.2077173 -0.5494912
47 -0.1224525 0.11732511 1.2696195 -0.55441093 0.40798333 1.4489374 1.1954888 -0.6874134
38 0.46514952 0.6849639 0.636219 -0.061726876 -0.55137366 1.914485 1.0577257 -0.6742226
30 -0.07538075 0.17599194 1.0612168 0.18102933 0.49127364 -0.8756025 -0.14936955 0.3419473
48 0.059670325 0.9517332 0.5547414 -0.35255992 0.032672957 1.6285219 1.008507 -0.58222926
44 -1.2440381 -0.33873406 1.2168046 -0.178804 1.0169517 0.1889064 0.5668845 0.41206732
