50 8
43 -0.14722097 0.29101506 0.35734022 0.6987312 0.13488436 0.9028306 0.29823035 0.23434909
18 -0.09494098 0.20837225 0.7664878 0.6855586 0.3841279 -1.4090234 -0.30711982 0.7920624
20 0.15383728 0.53515536 0.3186124 0.6845501 -0.8848592 -0.64103144 0.49937475 -0.20835581
1 0.25653476 0.8750086 0.18217547 0.47009292 -0.12272915 1.3037344 0.40567648 -0.3338724
42 0.72920245 1.029067 0.60658294 0.13939938 0.24147359 0.1687056 0.38637578 0.42754984
6 -0.6655295 0.44325644 0.35360086 0.48095548 -0.17666359 -1.6762335 -0.016828444 0.06797042
44 0.55069804 0.7508077 0.33181748 0.5903058 -0.05941247 -1.020672 0.03731134 0.45786408
24 -0.42091864 0.6690271 -0.10258376 0.49432224 0.27319843 -1.0364131 0.10118613 0.010036171
23 -1.4286027 0.8788996 -0.3889271 0.19462948 -0.58152574 0.30813664 -0.34317082 -0.4645675
16 -0.49317938 0.74361056 0.4757724 0.110328615 -0.743309 0.36726606 0.46278042 -0.5110417
39 -0.7409513 0.63753176 -0.103894204 0.45915493 0.66027325 -0.11358964 -0.83610696 0.4526971
26 -0.50560516 0.38337243 0.4768701 0.47961348 -0.43213478 -1.4036919 0.12584512 0.39119232
4 0.21823733 0.58827 0.3498485 0.5443401 -0.44804904 1.172539 0.99145544 -0.6294084
27 -0.5906305 0.37937495 0.18291289 0.6050228 -0.70066553 0.9932342 0.50331914 -0.46616116
2 -1.1544245 0.17516786 0.18418609 0.57918113 0.3279853 -1.0727332 -0.09728329 0.1669147
11 0.28868315 0.8182752 0.39172977 0.40054628 -0.20385945 1.8207012 0.1324095 0.2729115
19 -0.8262589 0.28664047 0.15439093 0.6618886 0.1901191 -1.7133431 -0.20944704 0.058962457
29 -0.9835913 0.7081111 0.027819432 0.3399173 -0.57793355 -1.1920866 -0.39594957 -0.09047809
28 0.14135915 0.52021664 0.5154059 0.5890275 -0.9651179 0.77842563 0.8638324 -0.7301182
30 -0.028459456 0.5413028 0.3764907 0.5699849 1.0793788 -1.1172357 -0.52743304 0.59125423
41 -0.7521939 0.88818103 -0.16886567 0.26614785 -0.48249263 1.1478171 0.61387587 -0.9971555
17 -0.36173293 -0.0010159767 1.0348572 0.5350906 -0.6902833 0.6806894 0.62999606 -0.24118808
49 -0.15329084 0.5567505 0.33408934 0.547269 -0.44763762 1.5681391 0.49783653 -0.41959274
40 -0.8726592 0.30383033 0.16202377 0.64646494 0.53951275 -1.6489887 -0.17356607 -0.19749093
36 0.13680457 0.4402473 0.59975684 0.54540575 -0.47861812 1.1552944 0.9279839 -0.19366902
45 0.85452646 0.5761107 0.89641714 0.43759423 -0.14875245 0.3424214 0.9892269 -0.19097333
34 -0.7992411 0.79064584 -0.2754518 0.4245951 -0.1546041 1.5953418 0.37506813 -0.87711555
31 -0.5359833 0.56415266 -0.100935146 0.6835985 0.40066364 -1.1300254 -0.5463655 0.09291848
21 -0.5738781 0.5964092 0.2587874 0.36648208 0.73469245 0.91965574 -0.7043787 0.19032624
0 -0.91108865 0.27472508 0.4314842 0.5003847 0.65391785 -1.21317 -0.47276855 0.35269663
13 0.18996893 0.17626128 0.40268272 0.9299988 0.14716399 -1.2022144 0.34270346 0.6689925
38 -0.383802 1.1239508 -0.3819708 0.3091365 -0.47499925 1.1084518 0.4842977 -1.0048349
25 -0.054086015 0.91808385 0.05258837 0.37789991 -0.5982848 0.34280613 0.049864333 -0.1421033
37 0.049013406 0.25038767 1.0581352 0.35446006 0.73049855 -0.9233496 0.09720031 0.99162954
15 -1.1764001 0.09439595 0.20226231 0.7456912 0.48282868 -1.2300221 -0.59663403 0.36563754
14 -0.58445054 0.9427208 0.04462695 0.10375111 -0.3204651 1.5741074 0.49063963 -0.62140286
33 0.46769437 0.6952302 0.9383907 0.21708027 0.44918612 0.4003321 -0.27923155 0.7290606
8 -0.5505354 0.24857657 0.21039642 0.7814472 -0.21505305 -1.9689639 0.25580904 0.012372074
3 -0.75525 0.4384794 0.12697913 0.6116375 0.7342437 -1.7464926 -0.61188096 0.5454318
5 0.79385465 0.58910465 0.7853852 0.5311123 -0.34081873 1.4312539 0.5402761 0.49812418
9 -0.3979457 0.6894589 0.03977111 0.44055027 -0.67954576 1.5636159 0.6634343 -0.23160933
12 -1.0951952 0.1280262 0.070178755 0.7789296 0.36995196 -1.6128483 -0.22357002 0.11070733
10 0.4013668 -0.06645107 0.7733494 1.0037756 -0.52452374 -0.83579224 1.0302329 0.16403712
7 -0.675795 0.43390208 0.30849308 0.5412031 0.10458885 -1.7670499 -0.37863386 0.4614313
46 0.17131351 0.50057346 0.47498816 0.65065056 -0.81649435 2.0136454 0.824614 -0.09829132
32 1.2428654 0.9351562 0.6502301 0.38551527 1.2974713 0.8307537 -0.013131007 0.8573581
48 -0.06297094 1.2985743 -0.5672124 0.4269406 0.25724775 1.206539 -0.7668382 0.20474517
22 0.19452086 0.48766628 0.7476105 0.44628394 1.8038478 0.16046932 -0.74182415 0.7283583
35 0.76424426 0.76304895 0.5498985 0.50042206 1.2448188 0.63195187 -0.4869752 0.81047297
47 -0.9297292 0.59815496 -0.2041917 0.5473965 -0.100548446 1.8163915 0.16626337 -0.68367696
