50 8
43 -0.8199566 0.14909117 0.5575205 0.3335037 -0.43348694 -0.023865553 0.8459808 -0.52277195
40 -0.6951491 -0.16334644 0.9840297 0.13836618 0.10307362 -0.6987855 0.7941127 0.048406992
23 -0.16076094 0.516801 0.65510863 0.18004099 0.45785195 -0.3517461 -0.72662944 0.64400506
19 -0.4719857 -0.14059156 0.94959486 0.42063877 -0.069066375 -0.61411476 -0.41540638 0.035487153
42 -0.56029457 0.032664325 0.6885341 0.27381757 -0.17423329 -0.74145764 0.40627205 -0.05406651
2 -0.077462144 1.0323666 0.23714185 0.34307027 0.3869424 0.487134 -0.04160626 0.33732435
28 -0.5702751 -0.0924539 0.8648931 0.31030726 -0.99703753 -0.5626931 0.98729676 -0.4357263
18 -0.44466856 -0.034778275 1.0583179 0.08324351 0.13302802 -0.9641079 0.16590697 0.09428607
24 -0.06231445 0.86228687 0.52865905 -0.16416942 0.7711203 -0.99234897 -0.68483037 0.7517528
6 -0.51315796 0.23784722 0.3949804 0.7008963 -0.37163404 -0.047185674 0.73583645 -0.43167287
15 -0.44104883 0.058847904 0.7779439 0.28612754 0.107958846 -0.9249556 0.537192 -0.0124997245
26 -0.5813254 -0.19316791 1.0529436 0.26692113 -0.51757926 -0.92732394 0.6336794 -0.5870288
21 -0.42671034 -0.31781083 1.1180699 0.40505892 0.29382998 -1.1093055 -0.16822915 0.2101605
12 -0.37861666 -0.093432926 0.92233133 0.29182798 -0.011277916 -1.2716386 0.11797985 0.10241937
39 -0.6429326 0.17744331 0.54757154 0.4608359 0.48147961 0.10685064 -0.8162243 0.59077734
45 -0.14401837 0.04711354 0.8501141 0.43696135 -0.11974884 -0.97490203 -0.026565194 0.20245577
10 -0.64380884 0.021754192 0.4695046 0.5583217 -0.7433624 -0.21235907 0.89892435 -0.12807932
20 -0.55722886 0.19285902 0.6338763 0.32452622 -0.616608 -0.056227382 0.060652502 -0.09380939
46 -0.17196612 0.90809965 0.09895716 0.52551943 -0.33324382 0.4948298 -0.0071007074 0.2132426
4 -0.22705317 1.2339345 -0.1790175 0.53268635 -0.33944133 1.1365682 -0.1984129 0.2714194
36 -0.6067744 0.8688956 -0.105919525 0.6157674 -0.81766146 1.0075371 0.369007 -0.36716548
16 -0.015630022 1.222855 -0.036755726 0.24736433 -0.86783355 -0.0010009357 0.46485582 -0.32046652
0 -0.5079775 -0.3432442 1.1466315 0.35762182 0.24993803 -1.0985007 0.19711834 0.04793498
17 -0.7720568 0.4281316 0.28668833 0.41619194 -0.9963508 0.57813793 0.4108292 -0.4519139
34 -0.36162296 1.655182 -0.39050475 0.2042314 -0.11958328 1.2954247 0.14565378 0.2580074
44 -0.16752471 -0.25210446 1.2435573 0.20954554 0.22292463 -1.3710709 -0.30106464 0.6064287
31 -0.22479326 -0.06874974 1.0031493 0.31729773 0.15288515 -1.6999028 0.24359892 -0.20494106
25 -0.05453591 1.2868316 0.10087551 0.09056353 0.51666176 0.31206378 -0.80043525 0.9623747
1 0.15053093 1.4087481 0.034170926 0.17090905 0.3024732 0.46655664 -0.72572845 0.94619226
3 -0.10618702 0.4795984 0.8379752 0.10980255 0.6649948 -0.41138712 -0.41762552 0.41069493
37 -0.43345153 0.0016329437 0.92347705 0.3462431 0.6104641 -0.38601434 -0.74749994 0.5164416
14 -0.21978346 1.4823877 -0.33934546 0.4179635 -0.2044009 1.1516436 -0.5708855 0.6105102
35 0.041344833 1.3291816 0.14490257 0.2977295 0.8439761 0.6214786 -0.8668148 0.69914997
33 0.13145769 1.3777266 0.13217041 0.27797005 1.0479732 0.28171462 -0.7544435 0.47814953
41 -0.5318844 1.001205 -0.16749366 0.55258113 -0.39178827 0.57974696 0.5989494 -0.57459646
9 -0.59169686 1.3904119 -0.42546812 0.37335196 -0.52652234 1.5320737 0.16044049 0.3978279
8 -0.43093467 -0.42245492 1.1724703 0.36544508 -0.2234031 -1.5513381 0.33682072 -0.06290123
48 -0.16285759 1.3959047 -0.317777 0.75278896 0.16896467 1.1351248 -0.85726494 0.14927351
13 -0.41769728 -0.49348563 1.1904004 0.57421976 0.12888165 -1.0961013 0.041781202 0.052522436
30 -0.17893158 0.043680802 1.104038 0.24551405 0.84324646 -1.166139 -0.54390085 0.3105449
38 -0.1077882 1.6748511 -0.13046567 0.17668703 0.26755467 1.1830913 -0.84904504 0.5547946
7 -0.35417357 -0.23666131 1.0841867 0.31334624 -0.24346706 -1.5742998 0.44144154 -0.37428617
29 -0.30956534 0.28913796 0.8025086 -0.14774016 -0.29823673 -0.8259562 0.1881424 0.5767772
49 -1.0112981 0.5799839 0.020869777 0.4662213 -0.76300555 0.96630925 0.6666262 -0.46419716
11 -0.37914902 1.3973246 -0.26721972 0.41538522 -0.24293733 1.5619024 -0.9237794 0.7863555
22 0.26031736 1.4391042 0.027439402 0.5497442 0.90435493 0.5052912 -1.1386172 0.5314683
27 -0.88846564 0.60894835 -0.13189238 0.76643366 -1.0761799 1.0342774 0.5968849 -0.6870102
32 0.14801362 1.1572711 0.33695847 0.20103003 1.1949635 -0.047722425 -0.94248974 0.928184
5 -0.7373344 0.9575268 -0.28151062 0.7962656 -1.0077996 1.4419281 0.65581924 -0.6906274
47 -0.5135312 1.4711502 -0.69687474 0.78508747 -0.50201756 1.2934842 0.5056601 -0.5009699
