50 8
25 0.87177616 -0.69701403 0.7475065 0.17952017 0.564938 0.50611675 -0.06915608 -0.5814928
40 0.3261735 0.6652709 -0.14668775 0.8070406 0.74439484 -0.12466968 -0.2153906 0.46723533
28 -0.6110215 -0.17377979 0.786516 -0.343863 0.6171039 1.2090575 0.48355088 -0.16578707
1 -0.45458552 -0.47990713 0.5898847 -0.28714305 1.1385657 1.1993971 0.3762186 -0.28059158
39 0.074798726 0.07558819 0.20975825 0.2666748 1.119832 0.31261432 0.14389594 0.12584339
42 -0.5151194 0.08393483 0.5498866 -0.31254402 1.1747535 0.66700536 0.17697625 0.17090316
43 -0.0024099762 -0.8232162 0.86406547 -0.09626854 0.34764242 1.092427 0.1939436 -0.5010314
27 -0.7815245 -0.15629266 0.603412 -0.27749896 0.9464802 1.0673696 0.65741897 -0.031836327
23 0.80596155 0.7104486 0.09767394 1.0897481 0.1712024 -0.6589987 -0.6934568 0.336842
31 -0.2687064 0.3169037 -0.10514187 0.460135 1.2805594 0.15689214 0.17847687 0.34345448
29 0.30191764 -0.04962584 0.5000887 0.06020775 1.2018594 -0.043454986 -0.1232357 -0.01912198
46 -0.6319569 -0.3876598 1.2268633 -0.29578984 -0.15699641 0.9597619 0.3033849 -0.1255877
14 0.35008413 -0.5646233 1.1624633 -0.09972447 -0.39556548 0.99311733 -0.21050175 -0.33487388
30 0.27889088 0.96202064 -0.12678587 1.4094718 0.093088694 -0.8599232 -0.34628406 0.7046743
48 0.46149123 -0.41228926 0.48922667 -0.109833054 1.2676185 0.73716027 0.0789461 -0.32053113
26 -0.44730845 0.5811912 -0.03915208 1.2186588 -0.022187825 -0.615586 0.26905861 0.8945479
36 -0.23055679 -0.5709867 1.1011016 -0.3778155 0.4435825 1.0373908 0.26856646 -0.43239805
49 -0.032905962 -0.6939007 1.0851955 -0.42818883 0.50312287 1.1867008 0.0034442737 -0.44944873
6 -0.9176529 0.32492048 0.036976505 0.4546931 1.1473382 0.06832679 0.4537275 0.3515268
41 0.3911142 -0.7132047 0.68082386 -0.24548918 1.147424 1.0611345 0.061616633 -0.545355
18 0.6926276 0.6656332 -0.21308112 1.377055 0.3662102 -0.81849945 -0.57440037 0.5822882
13 0.15695463 1.0298514 -0.06288548 1.4299334 -0.18448268 -0.83764946 -0.20707375 0.88459134
4 -0.3471368 -0.42011356 1.3562789 -0.3342357 -0.53003776 1.1395149 0.09682727 -0.23974338
8 -0.33462483 0.431992 -0.32053524 0.95251244 0.8560396 -0.1317085 0.08034975 0.64478093
38 -0.38021278 -0.20484453 0.19697422 0.083001204 1.4148955 0.66040033 0.35192248 -0.03647669
34 0.45463124 -0.9749375 1.300812 -0.28901646 0.275906 0.8315465 -0.08538886 -0.66998494
12 -0.05426321 0.8996115 -0.23887232 1.4599705 0.3034609 -0.9398881 -0.11279162 0.8206329
47 0.013546591 -0.7921347 0.99033856 -0.23216267 0.3364705 1.1253966 0.39077255 -0.4407277
16 -0.1601057 -0.61300814 0.9790519 -0.46505445 0.70772576 1.1827846 0.14537102 -0.3114866
45 -0.60789746 -0.31612468 0.5755129 -0.30762672 1.2338641 0.9874401 0.39434558 -0.08691248
2 0.34677204 0.8845667 0.12792303 1.3295333 -0.29568392 -0.89468586 -0.5357128 0.7455855
20 -0.6383357 -0.5201528 1.0522835 -0.24212171 0.09683995 1.0456358 0.63122416 -0.13167511
44 -0.33814406 0.057560492 0.19999355 0.032964278 1.6051562 0.28730762 0.22482613 0.103169575
24 0.646707 0.4530439 0.17316242 1.458099 -0.6282579 -0.7082 -0.6574637 0.5766601
21 0.42452118 0.64015824 0.035206836 1.6611321 -0.7829769 -0.73317355 -0.48189566 0.5623499
33 0.9270836 0.19453487 0.6529951 1.3611364 -1.6020328 -0.33499125 -0.5800771 0.23057888
9 0.33045232 -0.8482606 1.5031066 -0.23564091 -0.60581553 1.0248305 0.0207374 -0.5961574
15 0.26213127 0.98978007 0.10885777 1.6661677 -0.88434076 -0.88070315 -0.1661125 0.6740306
10 -1.2781137 0.37004998 0.5106248 0.62581867 -0.65635884 0.26400083 0.5912625 0.74237466
19 0.3700592 1.0763885 0.20735623 1.3781408 -0.6833923 -0.9240917 -0.6061791 0.7617901
7 0.12615786 1.0555526 -0.2925658 1.3815573 0.14341429 -0.643534 -0.124940515 0.94090146
35 1.3772479 0.023945566 0.89371914 0.4434973 -0.08906891 -0.41825303 -0.68168265 -0.15776694
37 0.47972733 0.67553484 0.3676037 1.6529883 -1.3117933 -0.95942664 -0.35644674 0.696778
17 -0.8935431 -0.5176772 1.0962181 -0.14766315 -0.228271 1.0481168 0.6577383 -0.044234406
0 0.6388592 1.1042554 -0.047847748 1.8175889 -0.6067319 -1.1737397 -0.5692421 0.8368752
22 1.248531 -0.05190918 0.7484652 1.2296567 -1.2681855 -0.5764933 -0.9334581 0.23557267
5 -0.037286635 -0.373367 1.3676828 0.27677312 -1.4844975 0.6498771 0.1358895 -0.10353209
32 0.7693473 0.90575004 0.09471881 1.5596688 -0.72582316 -0.77983457 -0.4884374 0.61199826
11 0.5128022 -0.63691556 1.634003 -0.36120483 -0.7585621 1.0055012 -0.39584148 -0.57216567
3 0.49671265 0.93318284 0.019156462 1.5838504 -0.2581081 -1.1698864 -0.5287682 0.8614757
