50 8
46 -1.1202984 0.2515475 0.73119193 0.1879497 -0.024810473 0.39738452 0.02612378 -0.25083467
1 0.1721384 0.84892774 0.0012158433 0.42418036 -0.4171199 -0.60220575 -0.27425808 -0.9752962
16 -0.5984784 0.71286994 0.3676658 -0.10007324 -0.42003644 -0.39966452 0.40763205 -0.6585305
26 0.9107922 0.49372122 0.25589925 0.66323096 -0.3263124 -0.95174074 -0.5417735 -0.081040785
24 -0.43870816 -0.12829213 0.5685109 0.7024931 0.020127267 -0.34439096 -0.8262953 -0.48955074
23 -0.13873602 0.3822101 0.22703473 0.5829548 -0.13091472 -0.36780503 -0.97478324 -0.9263924
42 -0.35560203 0.16243884 0.42991564 0.33379477 -0.26001868 -0.7501993 -0.41214505 -0.78620726
36 -0.54971766 0.7969882 0.17902015 -0.0105963135 -0.59028447 -0.12480605 0.035127774 -0.9379792
34 -0.7145507 0.93909764 0.38470593 0.1997 -0.03713838 0.530247 0.13420913 -0.6729721
17 -0.8059251 0.24949038 0.33021864 0.033087164 -0.7390683 -0.447958 -0.08233816 -0.9628415
20 -0.63065577 0.47501385 0.29920036 0.091991894 -0.75807935 -0.5132545 0.68966836 -0.6523815
49 -1.1012658 0.13267174 0.5843567 0.16088474 -0.6153547 0.0059645413 0.28086576 -0.8114748
2 -0.24084282 -0.12716311 0.97333854 0.6679686 0.6183418 -0.15247528 -0.9103481 0.7247064
43 0.045793366 0.6559466 0.18620262 0.19288415 -0.466257 -0.71292555 -0.35325804 -0.83003193
28 -0.30520424 0.43887055 0.30150837 0.16433872 -0.523708 -0.43359262 -0.42446783 -1.0065086
19 -0.36619398 -0.40006226 0.9632585 0.3290057 -0.45356917 -0.1378154 -0.30668697 0.47362885
45 -1.2645605 -0.28337443 0.6485547 0.34821048 -0.15515654 -0.2657798 -0.53927743 -0.8633805
8 0.8616059 0.5084834 0.27949452 0.6099348 -0.2389885 -0.73885614 -0.83903444 0.28004932
31 -0.222207 -0.5311855 0.73283327 0.7923558 -0.013094921 -0.8286279 -0.9953114 -0.27653497
38 -0.31561264 0.910815 0.14875862 0.2679923 -0.005491486 -0.26463068 -0.42041218 -0.9047898
39 -0.35557437 -0.10115387 0.5568433 0.70166194 0.05566037 -0.4303581 -0.92941165 -0.45096034
12 -0.1217797 0.06864397 1.0464579 0.5029096 0.4896652 -0.024494262 -0.41558048 1.5099803
14 -0.8265405 1.0283608 0.8028088 -0.37879393 -0.2482293 1.1600511 0.754309 0.9326453
6 0.33984327 0.35249257 0.19369516 0.56736153 -0.84834456 -0.70651513 -0.282667 -0.84221506
27 -0.461399 0.9653034 0.024340723 -0.015740694 -0.77690816 -0.27856237 0.2494716 -1.206393
18 0.7220846 0.51325005 0.8340058 0.5999948 0.39659077 0.1538175 -0.7538004 1.713993
4 -0.6077012 1.3335947 -0.08283522 0.112187766 -0.49480274 -0.06586967 0.84994906 -0.8338234
5 -0.79569 0.7124335 0.12515187 0.019910969 -1.1904062 -0.033074554 0.99426824 -0.4877258
21 -0.23174551 0.40575346 1.0541667 -0.009154645 0.120769486 0.47035176 0.05030097 2.008794
3 -0.66988075 0.02077901 1.0073012 0.24543759 0.04636627 0.51826465 -0.46548334 0.92877644
40 0.8457362 0.783384 0.17587338 0.6305439 0.28854066 -1.0513109 -0.87924844 -0.13056597
30 1.0236436 0.6737249 0.5894954 0.91744506 0.27702016 0.1607658 -0.7936419 1.3855147
15 -1.0816815 -0.4304961 1.0656868 0.23185414 -0.6541522 0.5231223 0.13513573 0.57098883
41 0.36970004 1.5256433 -0.20871004 0.29247588 -0.12740125 -0.68891704 0.05116852 -1.0211446
44 0.27743778 0.2818015 0.27701232 0.45780253 -0.33767974 -1.0673492 -0.7247304 -0.6456337
10 -0.04976594 0.37480435 0.4099964 0.47172558 -0.77363527 -0.25609636 0.8419058 0.66115093
0 -0.35996953 -0.10200209 1.2325592 0.35972953 0.5325733 0.38609213 -0.84493357 1.8320174
7 0.32563093 0.0874122 1.0559757 0.38856602 -0.00592101 0.016612692 -0.31836253 1.9794551
25 0.6021726 1.5167214 0.22123131 -0.14539242 -0.5681687 0.6523805 0.1621729 1.3081659
9 -0.86857885 1.0250775 0.26056495 -0.42488554 -1.1806424 0.29557386 1.1467464 -0.88848746
33 -0.4033388 0.40595433 1.0484823 0.19899513 0.2150935 0.55386835 0.3557994 2.0272946
29 0.03195223 0.64892673 0.20613596 0.35559323 -0.76018953 -0.0779912 0.5333591 1.1416903
11 -1.1237648 0.9725229 0.23979636 -0.2243821 -1.0028129 0.5201531 1.0884529 -0.7279772
37 -0.21400928 0.03688269 1.5227435 0.10008377 0.2931949 0.5778397 0.0836507 2.2916644
35 -0.11529523 0.95105183 0.8992896 0.094168946 0.46556708 0.8279929 0.0041359193 2.0344152
13 0.32620433 0.42222968 1.1462125 0.41800582 0.27665406 0.23474026 0.37612295 2.4420612
47 -1.0500802 1.3100119 -0.13785595 0.07645496 -0.68015975 0.43628564 0.75826496 -1.0292313
22 0.80797243 0.80215317 0.96468496 0.5854292 0.5912645 0.62137 -0.73695105 2.1708508
32 0.21011035 0.70479393 1.1722736 0.4537296 0.617928 0.91260344 -0.0875766 2.5701268
48 1.8256911 1.3294783 -0.11217421 0.725858 0.17603408 -1.4272867 -0.57335186 1.0369884
