50 8
24 0.10330254 0.2710967 0.42199892 0.32555905 0.74306715 0.28555393 0.11753155 0.25961483
1 -0.118457206 -0.35782924 0.7787773 -0.36261216 0.51286775 1.0621426 0.70933133 -0.44683993
28 -0.11941153 0.33856484 0.30213314 0.10493318 0.8970703 0.7436378 0.3819032 -0.011305863
17 -0.28416654 -0.38759947 0.5017963 -0.2838624 0.484823 0.5244999 0.34540105 0.3212227
19 -0.07701872 0.33274624 0.2850917 0.7754915 0.58561945 -0.47636378 -0.19874285 1.0231686
16 0.057752367 -0.18607703 0.32540813 -0.368687 0.3978198 0.7412666 0.36676615 0.4310841
43 0.017123666 -0.046453673 0.34721234 0.09249943 1.2102507 0.69668895 0.42203763 -0.0332595
42 -0.18389033 -0.0012751978 0.36980954 0.19960125 1.434647 0.7914975 0.36520833 -0.19254066
36 -0.03912014 0.04148015 0.70756096 -0.38085547 0.5161715 0.98414856 1.0185763 -0.6443602
18 0.05475135 0.5180679 0.06843577 0.9169595 0.87602055 -0.27630526 -0.047169223 0.9163284
45 -0.13716595 -0.4959305 0.7077186 -0.13253094 0.6293435 1.0540936 0.73452806 -0.3732536
23 -0.09168689 -0.13761725 0.46678004 0.08201169 1.307046 0.70665187 0.3629037 -0.17500646
34 0.40891886 0.088620484 0.76841486 -0.8214653 -0.19213185 0.7558696 0.48016912 -0.041443355
20 -0.3751345 -0.4612824 0.70557773 -0.01060647 1.0796381 0.7146144 0.6340877 -0.41588432
39 -0.19836386 -0.08639679 0.47218204 -0.022681449 1.3239634 0.8123915 0.7771895 -0.43573385
49 0.0063781003 -0.073054865 0.92455846 -0.8418178 -0.028875856 1.0247468 0.8381707 -0.55702364
40 0.022109456 0.110366724 -0.111169286 0.8036265 0.91034544 0.6770822 0.38789347 0.584007
6 -0.2883937 -0.026565082 0.4020309 0.6230512 1.5487967 0.4311079 0.27665058 -0.09271359
15 -0.14189234 0.3253832 0.98471445 0.1337221 -0.609911 -0.7646856 -0.23086084 0.9658247
7 0.061193883 0.6517925 0.17159553 1.09076 0.17884113 -0.90539354 -0.1514989 1.4822371
26 -0.23169008 -0.1514681 0.36598897 0.3055865 1.4886398 0.58268756 0.38244572 -0.06783757
41 0.24034241 -0.19087537 0.39637434 -0.107195035 0.5991279 1.2011106 0.8119802 -0.24162936
29 -0.38779184 -0.32019687 0.39167452 0.6252969 1.5369496 0.2625495 0.20797656 0.17404534
46 0.17456713 0.5862868 0.7566484 -0.1897246 -0.8519495 -0.033757955 0.25261545 0.60601795
27 0.19443834 0.27433395 0.41937372 -0.11570169 0.9194865 0.9907693 0.78138566 -0.41638786
30 0.15956937 0.64619017 0.8201602 0.79604053 0.45855477 -0.7128612 -0.5146907 0.5834734
48 0.36850286 0.2260284 0.8142541 -0.7238805 -0.95347685 -0.089979365 -0.018678047 0.9648523
4 0.4580049 0.14619248 0.76905745 -1.1725504 -0.473367 1.1112622 0.82900774 -0.22556552
8 -0.4355313 0.16388725 0.109445736 1.0613879 1.1865779 0.18481672 0.2850267 0.44987437
10 -0.11873081 0.42870325 0.18060617 1.2566043 0.31101575 -0.43070403 0.13194314 1.0699933
14 0.37217188 0.7300407 0.6797989 -0.2651561 -1.3925015 -0.21499303 -0.15000361 1.2975203
31 -0.39018628 -0.31153774 0.24988383 0.2795701 1.6041812 0.76415366 0.4124639 -0.023600204
38 0.12982422 -0.01958715 0.467016 -0.09931928 0.89394647 1.3698269 0.9791356 -0.65475214
11 0.39645422 0.22936863 1.0301409 -1.2984755 -1.0104218 0.49106786 0.2711666 0.29093304
2 0.053104937 0.91984177 0.72490615 0.5261388 -0.40893477 -0.93224937 -0.40675747 1.2221932
21 -0.08961253 0.3733783 0.5666236 -0.031955592 -1.0389823 -0.49028143 -0.45703593 1.7190076
44 -0.093305595 -0.4601729 0.3823911 0.3092184 1.2740759 0.9364747 0.7532433 -0.24082072
12 0.061045304 0.7459104 0.57451487 0.59879357 -0.52419174 -1.1097615 -0.381255 1.5634913
33 0.23159024 0.64585793 0.666117 -0.038380522 -1.6584642 -0.41164768 0.07007025 1.4877484
37 0.14795719 0.5183153 0.6758242 0.1031361 -1.1527919 -0.8376501 -0.34576926 1.7339981
32 0.04213629 0.68298584 0.6737452 -0.22685578 -1.3361682 -0.5364713 -0.068472676 1.4755284
25 0.78336376 0.21370973 0.5126401 -0.59193903 -0.047658004 0.9456213 0.24317054 0.17650218
9 0.7462206 0.17586748 1.1999384 -1.3068612 -1.2524427 0.53800887 0.61076355 0.004532995
3 0.14235745 0.7325225 0.54847926 0.5966337 -0.47657344 -0.9548432 -0.5063973 1.5759739
0 -0.075996704 0.40536806 0.6849703 0.1335277 -0.8334234 -0.8774261 -0.76333815 1.8073285
22 0.08680199 0.45391858 0.6910989 0.29148346 -0.6733435 -0.94005907 -0.6336938 1.7088879
35 -0.032456953 0.5942425 0.594629 0.4766413 -0.2741482 -1.2269542 -0.5987695 1.6766748
5 0.31072983 0.42077497 0.90626436 -1.001087 -1.0107148 0.046771113 0.40278664 0.5297022
47 -0.06576906 -0.08285354 0.71954006 -0.8614904 -0.06836037 1.4144534 0.841365 -0.4505683
13 0.1889513 0.8420944 0.43271244 0.93808067 -0.5175554 -1.0850052 -0.52259946 1.8293229
