50 8
19 -0.98981977 0.1602563 -0.058177177 0.53911126 0.38734087 0.17350726 -0.17901132 -0.19360022
24 -0.9182293 0.12367661 -0.025025543 0.3719378 0.5321615 -0.35220042 -0.5947218 0.22908096
42 -1.3555702 -0.008999666 0.07912413 0.5744713 0.26037753 0.20524567 -0.17530413 -0.6717677
23 -0.8455009 0.29888618 -0.17912732 0.32943377 0.79717577 -0.24434109 -0.524305 0.13649496
43 -0.87660074 0.36063728 0.26619512 0.6499705 0.1866519 0.42433783 0.558901 -0.9280957
31 -1.337631 -0.058527265 -0.13990344 0.4461047 0.74442273 -0.30368388 -0.49770537 -0.13047068
40 -1.0536305 0.080755055 -0.09290682 0.39664173 0.59245664 -0.16165243 -0.53377026 0.088528894
39 -0.8222728 0.47858176 -0.44179294 0.44764706 0.8129458 -0.14721808 -0.16210462 -0.060085557
38 -0.7881551 0.506949 -0.044666532 0.600559 0.20179284 -0.052930303 0.22439657 -0.5283236
1 -0.5886483 0.70594686 0.2353543 0.66313946 0.106128685 0.5380502 0.7584644 -1.1549757
46 -0.5388224 0.5467376 0.2417049 0.8031824 -0.22110938 0.2181107 0.4290555 -0.8605315
27 -0.82926667 0.42627954 0.29764694 0.6793709 0.00636792 0.56187177 0.46650276 -1.181349
49 -0.8030664 0.60458547 0.3014266 0.6006456 -0.14065728 0.46245828 0.26315552 -1.3119415
36 -0.7946861 0.594901 0.12243496 0.5858234 0.16269523 0.84884906 0.5954374 -1.1275601
45 -0.75541973 0.74414253 0.20911624 0.38983575 0.14072257 0.47846487 0.17536362 -1.2402016
6 -1.1611409 -0.25289965 0.434927 0.6600235 0.17117092 -0.11496173 -0.2966875 -0.55846006
47 -0.4501718 0.6953677 0.25747266 0.70038855 -0.013533809 0.55983335 0.8740509 -0.9088349
44 -0.2857968 0.15966679 0.24854006 0.048097394 0.7789208 -0.48623484 -1.148522 1.3256282
30 -0.06541031 0.3690275 -0.22666498 0.35081252 1.0452977 0.010897782 -0.52253854 1.244561
20 -0.66665894 0.26994652 0.825526 0.5278171 -0.4613677 -0.12086832 -0.16918059 -0.8398569
18 -0.32192895 0.11535859 0.16859564 0.14077367 0.71295536 -0.31705555 -1.1837605 1.3020539
34 -0.31162807 0.80097383 0.38769475 0.6794715 -0.06542316 0.5567484 0.9992504 -0.9481855
17 -0.87797827 0.4716736 0.1668031 0.5744357 0.319357 0.2422509 0.30216143 -1.1531447
41 -0.7204753 0.64747655 0.27785683 0.51415604 0.1542218 0.48439488 0.2793403 -1.2148095
7 0.31060827 0.3574098 0.62367487 0.105731525 0.32782567 -0.57596606 -0.925581 1.7966287
28 -0.6820933 0.59747136 0.79249096 0.33567122 -0.4925356 0.09179281 0.010274144 -1.1766689
29 -0.864977 -0.020104323 -0.08809436 0.42698744 0.648456 -0.23428886 -0.6136349 0.6285398
15 -0.21445113 0.1436778 0.22979967 0.4582584 0.68380713 -0.09092689 -0.31995672 0.67346275
0 0.46362266 0.25445202 0.31398427 0.31834826 0.7543838 -0.20442046 -0.7310642 2.0075574
3 0.537951 0.60997653 0.013790629 0.27881643 0.92941874 -0.09655264 -0.45861152 1.7003758
26 -0.94783837 -0.14923817 1.0081657 0.3495677 -0.12846218 -0.38841528 -0.56543756 -0.67734516
2 -0.11231151 0.18200217 -0.19376495 0.3739139 1.2686993 -0.19307084 -0.35145852 1.7054394
12 0.35948375 0.42165098 -0.18392459 0.54280597 0.9940367 0.019528016 0.11961883 1.9491639
16 -0.7214976 0.8103122 0.55243325 0.4464572 -0.48012406 0.048559442 0.28486195 -1.4308324
4 0.293255 0.8469387 1.2354835 0.7633009 -1.2382234 0.36383224 0.9472579 -0.78091913
14 1.3100412 1.3365461 0.61722934 0.24535988 -0.29692194 0.56769896 0.37587902 1.3014644
5 0.18675788 0.9239098 1.0647526 0.4958591 -1.0463055 0.3469525 0.48481682 -0.7154666
25 0.6582211 0.6991105 0.98333424 0.10451398 -0.34423319 -0.15843362 -0.5999424 1.1836653
21 0.670965 0.52638936 0.45576003 0.24480933 0.616599 -0.16534697 -0.40142524 1.8215235
35 1.331376 0.9982292 1.0882024 0.2031086 -0.27055576 -0.078974694 0.14757435 1.6320654
9 0.48876274 1.3322078 0.96656764 0.35076508 -1.0280924 0.2056766 0.91325355 -0.38825288
8 -0.95225453 -0.4172422 0.42437896 0.5058828 0.34567747 -0.47705168 -1.013465 0.3565446
11 0.18737303 0.8299441 1.0433408 0.71540505 -1.1100372 0.76790154 0.9137774 -0.6563477
10 0.40592206 0.3756116 1.0399706 0.09265009 -0.15868293 -0.14510866 -0.68448865 1.2401708
37 0.8817416 0.4691534 0.86227304 0.16222289 0.21570387 -0.39743742 -0.659631 2.2546358
32 0.7869406 0.41823503 0.62102586 0.38800114 0.27480152 -0.16890036 -0.20773958 2.063396
13 0.7700556 0.38535473 0.7690875 0.18018559 0.2826397 -0.27882573 -0.4976902 2.3914385
22 1.1057237 0.51936686 0.88311905 0.252901 0.21697462 -0.44797412 -0.68983513 2.3278854
33 1.6996305 1.3695276 1.0916659 -0.010518219 -0.1857628 -0.05884058 0.0038162025 1.7349412
48 -0.064024754 0.9200451 0.0115989605 0.79114074 -0.44020128 0.048199203 -0.12208526 -0.5306814
