50 8
1 0.062044308 -0.42660716 0.8115082 -1.110918 0.55193806 0.18145941 -0.005642763 0.046311066
43 -0.6586646 -0.15639886 0.4422909 -0.31961682 0.9047214 0.029793533 0.6151253 0.56147766
23 1.0714539 -0.2754937 0.7131268 -0.19694322 0.15842569 0.36413142 -0.8402974 -0.76599133
26 -0.7295988 -0.24161649 0.25845626 0.36244848 0.33328095 0.6066129 0.45397896 0.6347187
19 0.13660093 0.45119667 0.6555989 0.4839185 0.26653004 -0.41756603 -0.38450736 0.7523115
49 -0.0068230997 -0.4784788 0.93587893 -1.2103368 0.4773153 0.17924707 -0.036654465 -0.066245705
18 0.02248746 0.5267253 0.27128464 1.502681 0.19448443 -0.06737532 -0.5799059 0.8832028
39 -0.15881252 0.3169941 0.4705959 1.2042186 0.027150929 -0.18946345 -0.6369912 0.8156099
29 -0.2530173 0.3227329 0.60158885 -0.18203944 0.58897996 -0.055257354 0.116641745 0.442012
40 0.15122359 0.30033034 0.30546644 1.6413921 -0.14639024 0.13488942 -0.5972512 0.8320952
45 -0.2908295 -0.102845795 0.6531958 -0.7396688 0.7153296 0.4723418 0.40062425 -0.19661252
27 -0.23857535 -0.09531266 0.8040391 -1.3725029 0.8547419 0.24625403 0.3361582 0.088844866
30 -0.20876892 0.42490795 0.30763856 1.4923458 0.27415863 -0.07845617 -0.4547794 0.6090811
6 -0.5636113 0.2445172 0.6566302 -0.27341226 0.5192511 -0.09482864 0.11340266 0.7875651
46 -0.21105145 -0.42849207 0.76404935 -1.437182 0.8769821 0.19080102 -0.084217995 -0.099630356
42 -0.714448 0.11550676 0.4211222 -0.2643587 0.7605876 -0.089532614 0.11390118 0.8453856
41 0.18103434 -0.7686196 0.721222 -0.9306349 0.80742234 0.7020861 0.38415676 -0.9671894
12 -0.01447127 0.45347804 0.36749235 1.6880854 0.04273313 0.057389908 -0.59045476 0.4356422
15 0.044679422 0.30649975 0.67883074 1.2319756 -0.3302338 -0.13507193 -0.6941217 0.664443
7 -0.43265468 0.47669494 0.4716594 0.60843426 0.16204019 -0.13800588 -0.20414054 1.3030139
8 -0.73133254 0.56686795 0.30658528 0.9832545 0.37686887 -0.047844768 0.03452863 1.1859325
17 0.22030424 -0.5036653 0.77210003 -1.2866995 0.7222939 0.230506 0.009984532 -0.1280605
0 -0.0015232435 0.3001618 0.19887598 1.9052842 0.1253345 0.06221208 -0.55685437 0.5712779
34 0.92586863 -0.5597864 1.1177824 -1.2040572 0.28053647 0.16756466 -0.5075869 -0.7736366
44 -0.22706018 0.14808974 0.14702018 1.2473001 0.3689162 0.20256224 -0.08082548 0.74974406
20 -0.45796752 -0.5135607 0.51220685 -0.93731844 1.1832166 0.29252812 0.7976217 -0.018220987
16 0.07648542 -0.5891358 0.6540725 -1.284918 0.9638016 0.6050525 0.28359693 -0.4068873
4 0.20889053 -0.50497127 0.8244062 -1.0484555 0.6998522 0.67942107 0.49226227 -0.7847651
21 0.23530586 0.10028677 0.4647361 1.4620578 -0.3563755 0.16661665 -0.93944204 0.3917095
14 1.2403404 -0.74643534 0.7989966 -0.47674328 0.39776042 0.47156072 -0.38769615 -1.1919638
36 0.13780552 -0.29476106 0.75919306 -1.0007724 0.786878 0.754889 0.6161066 -0.6638127
33 0.45410052 -0.14324598 0.521524 1.7566643 -0.44374546 0.32736737 -0.71677107 -0.07896516
24 0.4110214 0.38591498 0.6993343 1.0840261 -0.3680898 -0.20871514 -1.0195222 0.70954967
13 -0.5041854 0.32993594 0.086037785 1.4196278 0.42258638 0.08819956 -0.22293068 1.0502133
28 -0.026498528 -0.37385878 0.7295015 -1.0871097 0.7143223 0.8395597 0.5086436 -0.61730164
38 -0.07246475 -0.4373463 0.72750866 -0.7939897 0.66507596 0.7771294 0.8769005 -0.46348765
2 0.6016717 0.06720062 0.73319703 1.5051836 -0.723112 0.18845469 -0.98752046 0.08497098
9 0.29464886 -0.5355456 1.0538015 -1.5900235 0.56679535 0.36316237 0.2892995 -0.27276668
32 0.18807264 0.21031122 0.06326845 2.1183798 0.14441581 0.5018916 -0.15296796 0.39081916
31 -0.6063717 0.5906125 0.38076684 0.53615695 0.2610856 -0.03799284 -0.04898645 1.5648623
11 0.4457911 -0.8209469 0.9362246 -1.2776648 0.44662097 0.6481183 0.2099662 -0.73238343
10 -0.6264127 -0.35559765 -0.022325845 0.031364482 0.80825317 0.9694645 0.9300238 0.64263535
3 0.9794986 0.30767012 0.7435582 0.89218175 -0.0726353 -0.1878101 -1.083798 -0.20325023
35 0.3715316 -0.2607889 0.6502511 1.720779 -0.57396436 0.514149 -0.3033824 -0.27555555
5 0.26404336 -0.7935203 0.9934344 -1.4723719 0.6222553 0.5757271 0.24665132 -0.72391385
25 0.50873864 -0.45815206 0.2039923 0.16664733 0.41563892 1.3868282 0.36131918 -0.6374136
37 0.9901226 -0.2924568 0.61855644 1.6683319 -0.5426049 -0.023313751 -1.073336 0.05647181
22 0.14137551 0.14228673 0.33662423 2.0840392 -0.1723569 0.37862667 -0.48418057 0.07754616
47 0.8291713 -0.68353426 1.1798927 -1.0346359 0.3256475 0.08997689 -0.5988831 -1.1085097
48 -0.3030606 -0.11401085 0.69378954 -1.4886786 0.8136445 0.40458733 0.6239119 0.6148287
