50 8
20 -0.3105046 -0.28700325 0.7894968 -0.6679555 0.537403 0.7908707 0.45099574 0.197609
28 -0.60637534 0.607112 0.40012327 -0.41849962 0.7448878 1.305632 0.46424663 0.120039925
26 -0.8621876 0.041488685 0.23278984 0.47750318 0.6263659 -0.39928344 0.34459034 0.86930645
36 -0.69192743 0.0632747 0.79562163 -0.67297554 0.738887 0.95746845 0.5606038 -0.13936435
23 1.4563099 -0.50101846 0.68603766 0.44919506 0.11270646 -0.3620767 -0.43965065 -0.00049582706
43 -0.6569983 0.7614782 -0.01763786 0.44246542 0.53594667 0.99311787 0.47636008 0.24877833
21 1.4105073 -0.7220588 0.5798378 0.9197291 -0.2380531 -0.4737571 -0.6888414 0.21599364
1 0.507012 -0.584992 0.91408193 -0.55396223 -0.05383661 1.1026741 0.43127453 0.03332237
41 -0.35442147 0.38102818 0.44705412 -0.33789098 0.8825608 1.3276895 0.33885074 -0.44941792
27 -0.2897645 0.21544358 0.7107514 -0.776621 0.8904923 1.1126128 0.5731504 -0.22784531
42 -1.1997044 0.16905433 0.42671812 -0.3602093 1.1853912 0.40018326 0.33285162 0.23985572
34 -0.024519242 0.15890278 0.60969466 -0.25200528 0.20142943 1.7093488 0.29954112 -0.47860372
38 -0.05032962 0.27012208 0.6183845 -0.26863074 0.30318835 1.7579937 0.3459441 -0.54250365
46 -0.67684424 0.5980552 0.46016443 -0.3049704 0.69582015 1.6394914 0.48545173 -0.3319282
17 -0.82587934 -0.036520526 0.8589922 -0.940506 0.88784945 0.62863463 0.48830912 0.31826845
12 0.12403116 0.07179969 0.045263674 1.7534269 0.1470256 -1.0752473 -0.53572226 0.6137004
15 0.6571877 -0.8753396 0.8791572 0.66138506 0.07711981 -1.3355968 -0.49455312 0.53241926
31 -0.97224355 0.7689086 -0.081613295 0.9432736 0.12975737 1.0388458 0.33560997 0.3395675
10 0.7416131 -0.17698489 0.5170694 0.62222177 0.07623208 -0.7445594 0.08749164 0.8739774
29 -0.09399696 0.039549723 0.80952376 -0.53774565 0.579629 1.3534259 0.11785984 -0.7359123
19 1.1773655 -0.5283602 0.7517473 0.73412323 0.007047185 -1.1303955 -0.52456886 0.55270034
4 -0.39372233 -0.12656973 1.0608121 -0.8027962 0.33526924 0.7821066 0.4403039 0.116258286
18 0.19522132 -0.13755783 0.10295289 1.505797 0.4934147 -1.392826 -0.60029215 0.79655623
7 0.8654189 0.048704337 -0.05277365 1.7076452 0.08523124 -0.95956314 -0.39917475 0.8566852
14 0.35184214 -0.22670695 1.1246061 -0.54814476 -0.21855196 1.3317276 0.15582554 -0.3146844
30 -0.016371315 0.27550596 -0.19036286 1.7075086 0.5821426 -1.0312616 -0.43435362 0.6740175
24 1.0295362 -0.6517166 0.80611134 0.8979701 -0.15593232 -1.1996198 -0.56280214 0.5659279
49 -0.51573014 0.072969384 0.9461021 -0.9119551 0.59389955 1.5495899 0.63495106 -0.3245009
9 0.22492093 -0.3271607 1.2053201 -0.8450447 0.20305632 1.1432569 0.3314229 -0.51953006
40 -0.18799114 0.7554569 -0.19093753 1.5338933 -0.27644032 0.93352675 0.07182818 0.104921676
48 -0.041789144 0.6036585 0.27984008 0.13704655 0.29362562 1.7409023 0.25636542 -0.41824228
6 -0.7296843 0.8821117 0.1838586 0.20243087 0.5186152 1.165152 0.515566 0.12779213
2 0.68628925 -0.5994597 0.5063849 1.4146425 -0.17326741 -1.2913346 -0.5708037 0.70591956
3 1.1714711 -0.15943569 0.19142573 1.5960493 0.08844848 -1.2433337 -0.7344271 0.6641432
11 -0.36997464 -0.116215274 1.0627304 -1.0864741 0.73313344 1.0023692 0.25560752 -0.23319654
32 0.49536788 -0.4011435 0.4838192 1.3655368 -0.12968878 -1.2884452 -0.5343875 0.8727192
13 0.4054717 0.26631814 -0.18655477 1.6564949 0.06689054 -0.41324785 -0.22350782 0.8061047
25 1.6492996 -0.96869147 0.81880784 -0.024351895 0.2176082 -0.14127767 -0.6277415 0.004892988
5 0.21805051 -0.53595096 0.7821357 -0.9446753 0.8852268 0.14326507 0.31066626 0.5632414
35 0.79590297 -0.69637746 0.4347313 1.3236674 0.15597928 -1.5287237 -0.69801 0.7224246
0 0.5891142 -0.70346564 0.34384593 1.3355062 0.34537682 -1.6328588 -0.8220925 0.8080818
33 1.0115323 -0.63399774 0.46772546 1.6887376 -0.16755465 -1.2129045 -0.75355285 0.2767437
45 -1.418638 0.30144298 0.81002986 -0.7112708 1.1317888 0.6633665 0.54304206 -0.13667151
39 -0.4538649 1.1577934 -0.11553578 0.9408547 0.062026452 1.7022119 0.4350056 -0.21289882
22 0.8495226 -0.7519788 0.5098599 1.6326264 -0.3020552 -1.2483011 -0.8772635 0.59034437
37 0.8657741 -0.7897 0.52844703 1.4115883 -0.27541813 -1.1757264 -0.5962427 0.71788675
16 -0.25918892 -0.34683192 0.78168166 -0.9872414 0.88737303 1.320326 0.301949 -0.3030495
8 -1.1555082 0.5693908 -0.2814139 1.4455663 0.29819843 0.04949491 0.40522355 0.7672429
44 -0.5308741 0.20247242 -0.24692813 0.8688548 1.5818354 -1.1082219 -0.31179094 0.5388682
47 -0.4325382 0.70786047 0.08760916 0.47068146 0.20296066 2.1950884 0.4184794 -0.6559541
