50 8
39 -0.7937262 0.44088814 0.27669698 0.27872562 0.41499764 -0.05942279 -0.67845005 -0.72722673
43 -0.73826367 0.31752962 0.04793128 0.27331156 -1.0425041 -0.5833712 0.5968036 -0.64492774
2 0.0649717 0.752661 0.75204015 0.2208882 0.6440264 -0.08431778 -0.3917884 0.547646
23 -0.16457316 0.31272703 0.70933557 0.17013244 0.9610999 -0.6080412 -0.7732759 0.18243763
17 -1.1613753 0.2302026 0.25892845 0.3386042 -0.59515786 0.20320028 0.14178948 -0.8674788
26 -0.77706146 -0.02114887 -0.003426952 0.6080931 0.50776064 -0.99723077 -0.302292 -0.6044018
31 -0.77246207 0.14589544 -0.11313588 0.67853653 0.2854221 -0.693608 -0.48894826 -0.75359404
27 -0.542029 0.71169984 0.28436324 0.09996851 -1.1215811 0.12849449 -0.030198775 -0.67007166
19 -0.62857616 -0.11724537 0.16341247 0.55866474 0.75696003 -1.1675968 -0.394423 -0.24293196
15 -0.658698 0.025815293 0.4230873 0.7253454 0.15118517 -0.22615775 0.42158118 0.0008446578
40 -0.7738537 0.123976834 0.06658061 0.34285623 0.7030104 -0.96875876 -0.7727705 -0.46446538
34 0.16124374 1.0298203 0.923196 -0.05142527 -0.9550899 0.55252993 0.19562744 -0.154372
42 -1.0524062 0.19211158 -0.47331783 0.70013314 -0.18430437 -0.84388685 -0.08765155 -0.7882314
36 -0.14330806 0.7866608 0.7063036 0.024379587 -1.1126976 0.34708282 0.21422945 -0.56352895
30 -0.45879707 0.31404272 0.19270378 0.5093385 1.1011472 -0.8509589 -0.7262772 -0.027864546
24 -0.7414337 0.23681681 0.057596374 0.4443197 0.7648633 -0.7105195 -0.7264582 -0.7800944
29 -0.6782576 0.42265728 -0.18122156 0.3210251 -0.0841244 -0.8679286 -0.2319403 -0.60681665
1 -0.9347375 0.23453175 -0.20370568 0.66639113 -0.16344428 -0.42608985 -0.24526533 -0.8530342
6 -0.45157734 0.27773005 -0.12803206 0.5921226 0.22903793 -1.0362076 -0.4764965 -0.39626157
48 0.097217426 0.80566496 0.21459788 0.4542463 -0.92410237 -0.05541517 -0.4787304 -0.20302184
14 0.076484874 1.2457385 1.1589433 -0.31758568 -1.0375816 0.8504086 0.39646798 0.19526328
21 0.17355053 0.7280174 1.1843343 0.14465065 0.054990113 0.28745267 0.18269561 1.2120607
11 -0.3864696 0.6598648 0.9247231 0.26867864 -1.0395945 0.93669677 0.4546132 -0.070618406
18 -0.6473621 0.20700864 0.25262603 0.3664609 1.0051148 -0.7403782 -0.91808647 -0.20264056
28 -0.26616153 0.66847724 0.8095412 0.13042125 -1.4755894 0.49699962 0.7249304 -0.35160577
35 0.46209648 0.421615 1.2608701 0.40101266 -0.11420105 -0.018764822 0.19173563 1.5461762
20 -0.032507583 0.47176552 0.52344835 0.09968983 -1.2107687 -0.60539573 0.7388946 -0.010994748
12 -0.093757465 0.10336572 0.58469355 0.7319656 1.1067129 -0.79503244 -0.29951304 0.90400314
38 0.20283948 1.157073 1.168178 -0.23839372 -0.38515657 0.5782671 0.12732016 0.73568976
44 -0.27192444 0.2483983 0.1613586 0.30029768 0.46897155 -1.1733135 -0.86892134 -0.62547725
4 0.4291421 1.0684572 1.1390363 0.053948946 -1.2796658 0.63392687 0.66839385 0.60041815
41 -0.2873691 0.89968204 0.91062164 -0.10241319 -1.0926045 0.63801193 0.61689425 -0.48795038
13 -0.5818531 -0.09494795 0.23727986 0.7351765 1.14171 -1.1680772 -0.20926686 0.47243023
8 -0.3792431 0.040810905 -0.21533671 0.7834484 0.6295698 -1.5349451 -0.6907007 -0.1924526
0 -0.0797482 0.4081202 1.0044818 0.25861415 1.3260155 -0.18807551 -0.61427957 0.46041244
16 -0.20010518 0.84183604 0.8696021 -0.19353786 -1.1758692 0.46984997 0.19413112 -0.72410256
25 0.7233616 1.1196959 1.063993 0.19096023 -0.37861708 0.40594593 -0.5353375 1.4178411
7 -0.44418702 0.035418507 -0.12715906 1.000967 0.61486495 -1.2236156 -0.11402372 0.46219414
49 -0.60569 0.36566716 0.85054094 0.1483985 -1.5836817 0.57974666 0.5545844 -0.73478407
3 -0.17778991 0.28998834 0.84784055 0.4050569 1.275081 -0.2775852 -0.8491384 0.52094114
33 0.28675598 0.6342686 1.4850777 -0.088738024 0.017778555 0.35877752 0.03146598 1.1843084
22 0.25026122 0.7689102 1.1460891 0.2712627 0.35962334 0.58172977 -0.6870207 0.9003924
5 -0.7274667 0.36651942 0.51384515 0.41432783 -1.7517129 0.44126636 1.0169173 -0.5230412
46 -0.71097547 0.34719765 0.52374846 0.37007654 -1.8060523 0.4025959 0.92301106 -0.6592828
9 -0.43551338 0.88575256 0.69879174 0.24613552 -1.5518756 0.902804 0.72286844 -0.11249272
45 -1.1148969 0.36121204 -0.25190064 0.67044544 -0.71551704 -0.04933655 0.26540262 -1.0934631
37 0.17854217 0.36773166 1.4607587 0.26325506 0.93627644 0.05245673 0.2210116 1.3966942
10 0.010793891 0.02952858 0.7791864 0.5303794 0.06278456 -0.7755352 0.5643041 0.79865634
32 0.53350127 0.71415234 1.265315 0.43630862 1.0679417 0.17547977 -0.49666387 1.3005717
47 -1.2731156 0.6331939 0.18556988 0.09832363 -1.2937766 0.5509696 0.50472534 -1.5157008
