50 8
43 -0.3972167 -0.31295562 0.71469927 -0.28435123 0.6462606 0.4556984 0.30619037 0.7657698
1 0.07687059 -0.22550212 0.5961365 -0.36310306 0.37672573 1.0937388 0.37757006 -0.15732275
26 -0.30134326 -0.28600946 0.5400537 0.10152796 1.1123984 0.17815448 -0.42384282 0.701721
6 -0.4899098 -0.30554822 0.9867699 -0.33984512 0.4896748 0.4552775 0.1967701 0.038642567
20 -0.47138953 -0.058268577 0.60209835 -0.31762886 0.3344792 0.64652187 0.4734622 1.0235473
25 0.53533745 -0.042863775 0.39915827 0.38457683 0.43869513 0.47004312 -0.40815544 -0.018234815
28 -0.41751724 0.24373482 0.8194529 -0.68405247 -0.03151219 1.2042891 0.91655844 -0.1706182
18 0.58073515 -0.18189469 0.32829002 1.0513642 0.6077237 -0.14311893 -1.061658 0.5033771
36 0.063496165 0.11020423 0.6879867 -0.4222605 0.08134652 1.2920398 0.5740392 -0.6324837
24 0.38405383 0.2575235 0.72716945 0.84144765 0.31949317 -0.7622748 -0.9326181 0.5503344
23 -0.0031612965 0.37099317 0.5389167 0.7479191 0.7014447 -0.39067236 -0.8473153 0.4790951
27 0.053349894 0.04837599 0.9253619 -0.7435047 -0.31098986 1.0055447 0.9102736 -0.17679916
8 -0.080752194 -0.50170964 0.5086037 0.23187535 0.96415144 0.5237166 -0.53353775 0.22078416
19 0.6422574 0.12531067 0.6439664 0.98675984 0.6159284 -0.8813445 -1.087858 0.5261837
10 -0.07524857 0.5944811 0.67122215 0.66350883 -0.31207108 -0.423498 0.12735139 1.1436371
15 0.046718184 0.34033352 0.70574474 1.041921 0.35668442 -0.8784332 -0.65923196 0.87505126
42 -0.47721824 -0.15897019 0.6582601 -0.33605266 1.0623243 0.57456857 -0.53632104 0.16021803
9 0.6383037 0.47781432 0.9373018 -0.14145394 -1.3368943 0.45000106 0.8772602 0.02749309
16 0.20172429 -0.33238915 0.57434267 -0.31316078 0.35403734 0.80314887 0.17036536 0.3161804
39 -0.28941151 0.17682353 0.68582755 -0.60822904 0.68500143 1.2614069 0.32925066 -0.76178116
31 -0.24940594 -0.13479403 0.4224138 -0.06362129 1.1572771 1.0419319 -0.34280553 -0.38833907
38 0.32873872 -0.0517405 0.46022 -0.34389597 0.30393204 1.4965599 0.34646603 -0.70004183
40 -0.10024218 -0.17445809 0.4717996 -0.33797652 0.8564314 1.4355909 -0.13502316 -0.61746544
4 0.05692863 0.42531314 0.8774039 -0.6798299 -0.35323817 0.9247127 0.8013865 -0.26712358
13 -0.03841517 0.31295446 0.30729175 1.1868132 0.82283473 -0.22669129 -0.7528228 0.5567864
29 0.4841157 0.5933474 0.1213273 0.49336395 0.49323878 0.55396193 0.052522823 0.17469923
14 1.5049049 0.6965451 0.43794918 0.50275713 -1.1940613 0.47956145 0.39829385 -0.1639538
49 -0.3808646 0.14542711 0.8574299 -0.41740403 -0.47316727 0.92854565 1.1325623 0.30720052
44 0.294777 -0.3100728 0.7085018 -0.31233236 0.763641 0.7730839 -0.29911044 -0.6341147
30 0.0325395 0.0997874 0.41321594 1.2584423 0.699915 -0.05985534 -0.9571281 0.039957725
17 -0.4248401 -0.2034314 1.085818 -0.77018225 -0.15136899 0.571378 0.83298546 0.49588722
12 -0.37247458 0.11804345 0.77573466 0.78718305 1.0044402 -0.7527974 -0.7190594 0.7231529
11 0.6965067 0.40658575 0.856831 -0.36288443 -1.2222143 0.6429391 0.5348709 0.09322878
7 -0.089595914 -0.0024218953 0.553703 0.82769585 0.78132164 -0.59868115 -0.48272863 1.2174067
21 0.7938705 0.2740884 0.5996855 1.4070915 -0.23722288 -0.9673758 -0.9581139 0.9981807
47 -0.049746476 0.25396696 0.8788513 -0.37519088 -0.58952844 1.153194 1.0726746 -0.4691328
34 0.8176903 0.015301941 0.6469364 -0.2828576 -0.5299894 1.4844359 0.56765187 -1.108146
37 1.1789525 0.5191279 0.43734178 1.5896174 -0.67400265 -0.71434885 -0.26060003 0.75741583
5 0.3325714 0.8307826 0.8160837 0.2465794 -1.121523 -0.20326284 0.831142 0.9013244
0 0.7157274 0.42503574 0.32402635 1.4296569 0.3878052 -0.78472036 -1.1694291 0.95545673
48 0.11124875 0.1546541 0.8584858 -0.79978186 0.1354443 1.2020566 0.6751447 -0.7209922
41 0.8712989 -0.00052123016 0.4378644 -0.069066554 -0.070536524 1.5605586 0.6401945 -1.1497928
32 1.2067887 0.64132345 0.39931935 1.7044065 -0.5859932 -0.87861496 -0.539517 0.8790233
22 0.92287797 0.5992847 0.6428892 1.4657322 -0.6852166 -0.87381977 -0.44984126 0.5729232
2 0.72288615 0.49252972 0.50918406 1.2318751 0.08870662 -0.7799409 -1.018973 0.65107244
35 1.0726862 0.69489664 0.502055 1.6226645 -0.8106021 -0.69472855 -0.38750774 0.5030186
33 0.98744583 0.54253244 0.45146775 2.012181 -0.8133539 -0.7522531 -0.3159835 0.5673104
46 -0.25746977 0.5349294 0.8340134 -0.5465853 -0.17815903 1.0016006 0.9499271 -0.28373086
45 -0.66827 0.19597909 0.84680444 -0.2196751 0.70205665 0.59691644 -0.04755139 -0.37232238
3 0.9463379 0.52435195 0.33838236 1.765635 0.27911964 -1.016634 -1.2771598 0.85025644
