50 8
25 -0.3154098 0.93228 -0.19636336 0.45326582 0.29072708 0.17246982 -0.39901498 -0.052106403
48 -0.22868015 1.1371756 -0.28500345 0.16358243 -0.8796111 -0.029543264 -0.020053541 -0.039140534
1 -0.20081624 1.0108508 0.18982343 0.3325312 0.14147267 0.67981374 0.20004307 -0.7793652
24 -0.4754387 0.43868282 -0.17075977 0.61648154 0.6615438 0.11711553 -0.9286733 -0.40788308
23 -0.35833803 0.42165896 0.097721726 0.6963871 0.5885385 -0.47841144 -0.6373489 0.3312608
16 -0.104470395 1.1877367 0.3729066 0.08966057 -0.69423825 0.42123058 0.61586916 -0.5293075
27 -0.45758477 0.827577 0.90227026 0.27522555 -0.45064622 0.61091524 0.69411623 -0.0049393517
43 -0.3280031 0.7108237 0.96451485 0.2823933 -0.7232206 -0.05189875 0.9424176 0.15840296
34 -0.5777593 1.4852765 0.4417858 0.09846395 0.17187335 0.7278084 0.5196316 0.48479977
41 -0.21346177 1.2225397 0.83115655 0.29795727 -0.053871848 0.096987456 0.7359151 0.8046221
40 -0.5030814 -0.024196636 0.39648125 0.6614715 -0.36322585 -0.30855915 -0.20811312 -0.1437463
12 -0.03582191 -0.13741483 0.47178155 1.2542976 0.13148455 -0.8921012 -0.040589068 0.6839836
28 -0.21062165 0.44471294 1.204245 0.24716705 -1.0814718 -0.2921729 0.7676634 -0.0049419412
39 -0.5683047 0.84452254 -0.61366135 0.29995131 0.014857929 -0.18041742 -0.5802075 -0.24345629
2 -0.16916303 0.61403555 0.0951831 0.73397285 0.7664457 -0.47305992 -0.9468825 0.70885116
6 -0.43366557 -0.52904606 -0.04581138 0.9235903 -0.7971766 -0.5805021 -0.3418064 -0.95644724
14 -0.30864725 1.425429 0.8448945 0.19310388 0.16992712 0.33354056 0.6859344 0.81548035
46 -0.23454487 0.84310067 0.86697054 0.34491324 -0.8159322 0.089452885 0.93729794 0.34097448
15 -0.34096164 -0.2874792 0.015700245 0.7788933 -0.34435046 -0.7546299 -0.6674559 -0.77738464
18 -0.5888232 -0.41098607 -0.30711553 0.81905663 -0.20743802 -0.624955 -1.0598495 -0.882011
38 -0.47767 1.4523381 0.4583193 0.027137028 -0.13117886 0.5019474 0.7376364 0.25158224
21 0.026667112 0.89258456 0.83104557 0.64325964 0.6913914 -0.7413811 0.21308956 1.3062115
4 -0.30955064 0.92574656 1.1543396 0.3118124 -0.20417725 0.49753946 0.6798791 0.31681126
29 -0.3784215 0.48966354 -0.59444976 0.4005055 -0.44233674 -0.7203631 -0.49379748 -0.5405895
30 -0.36693883 -0.5419433 -0.30404168 1.0946425 -0.13487546 -0.7018964 -1.0578686 -0.9187253
9 -0.19804834 1.5101528 0.82196254 0.14282465 -0.2007391 0.3473025 1.1099132 0.46900877
3 -0.28122836 -0.13442439 -0.009499287 1.0173749 0.7531967 -0.595222 -1.0384158 -0.41117108
49 -0.5498974 0.9334709 1.1037235 -0.018597541 -0.7857194 0.8977622 0.77673334 -0.4177977
0 -0.3663131 0.06361017 -0.09862495 0.98322487 0.6944173 -0.32026866 -1.095567 0.073597126
19 -0.32446635 -0.44285414 0.38775116 0.764844 -0.25875023 -0.18420482 -0.8209487 -1.1899164
47 -0.34986165 1.7170068 0.5375647 -0.26018208 -0.07862224 0.8232564 0.8087351 -0.5365358
37 -0.34432596 -0.09923609 0.17024241 1.0306699 0.8519639 -0.37750548 -0.81455374 -0.12084138
17 -0.46447065 0.5967873 0.25341484 0.22053984 -1.0503309 0.07298038 0.6382038 -0.7355859
5 -0.3082767 0.82924813 0.7505479 0.30416858 -0.7937626 0.60647744 0.95475703 -0.3875986
11 -0.2674307 1.5989547 0.68918294 0.2644759 0.16134416 0.9878672 0.9242048 0.39959136
32 -0.3676771 1.2644898 0.3188744 0.4475887 1.0662798 -0.07093637 0.25052223 0.8816945
8 -0.6030037 -0.9235634 -0.027194163 1.0408514 -0.54963964 -0.9116368 -0.8433954 -0.9526604
20 -0.4239166 0.51009613 0.98652744 0.1932959 -0.89376014 -0.10633697 0.4331256 0.120407954
35 -0.17110537 1.3406619 0.31084594 0.5315252 1.1929122 -0.1288678 0.020108923 1.0218049
26 -0.06274468 -0.3901498 0.23795085 0.767243 -0.9256235 -1.0159775 -0.5398315 -0.8068018
45 -0.3366428 0.14131185 -0.43853116 0.5093682 -0.39953527 -0.099665254 -0.6236607 -1.694638
36 -0.26683843 1.4928647 0.7728241 -0.09083257 -0.7248479 0.5023294 1.2947419 -0.19622351
33 -0.022385243 1.231655 0.5676658 0.50704354 1.0665029 -0.22951566 0.0958984 0.8744373
22 -0.37978098 0.54598397 -0.609767 0.5403861 0.6266758 -0.08597552 -0.9218248 -1.0560937
7 0.12660554 -0.61428624 0.24859694 1.2207531 -1.3262948 -0.8332946 -0.24871983 -0.5208996
13 -0.4673871 -0.8171898 0.2020398 1.2169032 -1.2228439 -1.1411493 -0.26725703 0.25374168
31 -0.3978444 -0.47690427 -0.41302803 1.0914078 -0.83705926 -0.6889666 -0.457986 -0.6850641
10 0.03440686 -0.4983864 0.81646305 1.1501516 -1.0371946 -0.8342611 0.24195756 0.13404214
42 -0.72583336 0.3938591 -0.848128 0.35238752 0.34948537 -0.36747575 -1.3406731 -1.0683393
44 -0.49066964 -0.00051672215 -0.6657611 0.3852871 -0.8168043 -1.0671407 -1.3452047 -0.8976904
