50 8
23 0.537287 0.116036735 0.5283957 0.7312852 0.36829764 0.15444203 -0.48024255 0.12678935
1 0.45459786 -0.05530637 0.31090164 0.51140785 0.52033985 1.1529044 0.19767794 -0.00825691
24 0.3286753 0.22954549 0.70559716 0.7790852 -0.11561484 -0.14306521 -0.71600324 0.3869787
16 0.33939362 0.09199805 0.4213623 0.078847 0.5953348 0.989279 0.3495956 0.19621502
28 -0.8763114 0.518513 0.012184574 -0.32552353 0.5606999 0.5982094 0.5158302 0.943527
34 0.52501947 0.23612018 0.37257084 -0.07078682 0.47238034 1.3548617 0.33783573 0.18326308
43 -0.62148345 0.39840427 -0.15263723 -0.46417838 0.833518 0.5804025 0.6128573 1.022597
48 0.10747864 0.006905327 0.09427391 0.4219965 0.73712593 0.8983857 0.39336076 0.17752641
19 0.35507712 -0.15151805 0.46432513 0.77557284 0.25103 -0.6138089 -0.85789275 0.62840515
38 1.0298033 0.030749116 0.45755404 0.85266286 0.2322879 0.9547957 -0.24523069 -0.15741384
25 0.79458344 0.013660207 0.42750752 1.1808584 0.19258837 -0.048376724 -0.954117 0.12122517
45 -0.7550251 0.30413395 0.18128785 0.052373502 0.33577493 0.09285107 0.3589064 0.969979
18 -0.29692233 -0.23397698 0.43917483 0.9295393 0.22933027 -1.1465659 -1.1310931 0.9222467
40 0.21384059 -0.25812227 0.24986963 0.96767616 0.4589529 -0.518567 -0.5441222 0.5605236
49 0.23790781 0.18678433 0.4294871 -0.030224675 0.40410072 1.1629891 0.6556655 0.30243963
15 -0.31515804 0.13078023 0.50190365 0.31751388 -0.12895153 -0.22249846 0.1662545 0.960933
36 -0.27914056 0.4830995 0.07731732 -0.19237971 0.818222 1.1468694 0.9299465 0.39360812
42 -1.0080099 0.09734219 0.0642131 -0.0804983 0.42593223 -0.10171915 0.43984184 1.2845253
27 -0.21589978 0.738986 0.056673467 -0.61905986 0.8536506 1.0924351 0.968591 0.631858
39 0.41898835 0.20943023 0.69637626 0.6920848 0.35031703 0.0850148 -0.09746358 0.06386923
4 0.2238587 0.8746296 0.584477 -0.5635712 0.3338607 1.0842849 0.755097 0.42615777
21 0.93291706 -0.11451962 0.6123885 1.0791314 0.015257553 0.47538522 -0.59093505 -0.03386596
2 0.5452859 -0.14037192 0.9558 0.88015634 -0.30558938 -0.53850096 -0.68951595 0.5150368
14 1.167283 0.4084915 0.35065857 0.6915411 0.41892183 1.3472294 0.12046564 -0.3589325
17 -0.62446266 0.22529343 0.40245715 -0.41465595 0.38950494 -0.059984867 0.36544153 1.1699268
44 -0.68700737 0.04505741 0.333782 0.11194049 0.6640365 -0.6110924 -0.10531067 0.97674614
29 0.23735149 0.34471396 0.49194244 0.4349347 0.47858438 0.5269845 -0.011742036 0.092792094
11 0.81135195 0.44497284 0.41360596 0.049053073 0.56658655 1.6144872 0.3624939 -0.18608236
31 -0.5998088 -0.38999164 0.43034554 0.68283594 0.028496679 -0.7770921 -0.55888766 1.0949315
6 -1.1277682 0.22470054 0.28842512 -0.24530849 0.36163312 -0.448076 0.21943031 1.369153
9 0.5573097 0.6145309 0.48149133 -0.31958216 0.3084478 1.5902138 0.8583713 0.21125427
0 0.22385387 -0.06749922 0.8595278 0.9258413 -0.2632729 -0.7376047 -1.0428091 0.64129144
12 0.6434837 0.09611679 0.92680204 1.1147938 -0.02256574 -0.7041563 -1.140534 0.23854785
7 -0.75075054 0.11229023 0.07018986 0.22914572 0.18885113 -1.1492015 0.146064 1.6589475
3 0.98458993 -0.13016847 1.0062083 1.0396127 -0.18298842 -0.080743305 -1.000244 0.088413306
35 1.2539396 -0.21645992 0.8154544 1.1957577 0.016372502 0.14013442 -0.6787776 -0.08965455
26 -1.017903 -0.065784164 0.6140037 0.47557068 0.088775985 -0.8932423 -0.30050912 1.0833241
20 -0.88835955 0.41429484 -0.31196615 -0.37424704 0.707603 0.46885085 0.85788006 1.244638
8 -1.1284372 -0.03511581 0.21044049 0.19625461 0.09982736 -1.0390595 -0.1644319 1.6189042
41 0.089676395 0.27562737 -0.1713045 0.0076309415 1.0528401 1.2144544 0.8841955 0.31033298
33 1.3786306 -0.0036157004 0.5286377 1.1997913 0.09107074 0.5615034 -0.24641727 -0.20394374
30 -0.9243865 -0.023952805 0.28626385 0.68426883 0.31958035 -1.108944 -0.70685834 1.1260809
13 -1.253964 0.34424153 -0.053857163 0.02322231 0.56387156 -1.219982 -0.21870494 1.6192144
22 1.4894724 -0.14531045 0.49176037 1.130157 0.15019086 0.5075153 -0.51892227 -0.089636035
47 -0.11460831 0.42744705 0.13523214 -0.2716596 0.67531633 1.5722222 1.0432528 0.32603508
32 1.2060878 -0.13555264 0.9302733 1.2438178 -0.28316605 -0.13680738 -0.8902539 0.09163144
5 0.23425074 0.8636437 0.3381369 -0.552493 0.28692168 1.3439652 1.14144 0.52652025
37 1.3091927 -0.41143236 1.0018414 1.3784475 -0.19820331 -0.28178117 -1.0369478 0.058115657
10 -1.4505618 0.6605224 -0.18494855 -0.7989197 0.43803096 0.28676075 0.84714687 1.7287285
46 -0.6536747 1.0925788 -0.055549223 -0.9561525 1.032522 0.6749957 1.0471678 0.9842234
