50 8
43 -0.43724853 0.17287908 0.4235775 -0.44597563 0.52762777 0.4503424 0.2207955 0.4453359
36 -0.5824644 0.15756385 0.56313187 -0.7248365 0.38993117 0.69454896 0.29141465 0.14199996
1 -0.2830093 -0.062519416 0.6288195 -0.6790099 0.343358 0.8727897 0.11782358 -0.011150074
23 0.03697987 0.34054095 0.5262235 0.4085519 0.68555164 0.21822028 0.04102715 -0.017656414
24 0.31015632 0.77360445 0.6955708 1.207768 -0.3985312 -0.24021442 -0.5595913 0.76941067
6 -0.51004535 0.040348284 0.8035095 -0.66430753 0.967909 0.14562407 0.12568206 0.1337975
49 -0.64864254 0.17721218 0.74979335 -0.58729804 -0.3680058 0.7631843 -0.14458677 0.38789442
5 -0.14819193 0.7003707 0.87990415 -0.08732947 -1.0528659 0.44536996 -0.68409693 0.67711484
12 0.20635138 0.42706326 0.59151864 1.1598734 0.51643974 -0.21169813 0.00961698 0.25857797
16 -0.34601036 -0.051495556 0.6053823 -0.94015515 0.29105484 1.1240684 -0.17511535 0.008767356
39 -0.5514526 0.44697058 0.39203542 -0.1111748 1.0472186 0.10074837 0.7050262 0.04972896
17 -0.5675384 0.0676938 0.71443486 -0.6546624 0.2013542 0.36574823 0.35624054 0.5445349
19 0.17060213 0.6984796 0.8040875 0.8426897 -0.6895006 -0.080257446 -0.6690232 0.85882884
9 0.01306532 0.06171267 0.38390172 -0.64689624 -0.095117785 1.3018156 0.23749243 0.11712207
29 0.20153145 0.043717515 0.24585223 -0.24543382 1.2174716 0.69993 0.08266289 -0.12439278
18 0.045662537 0.31170046 0.7753007 1.2878668 0.6821065 -0.73276407 -0.19835354 0.6202611
28 -0.6913597 0.021402495 0.36268732 -1.0520627 0.2696657 0.9685112 0.029885875 0.5381109
14 0.902509 0.64285433 0.41675037 0.81260335 -0.745987 1.0066767 -0.5583696 0.118094504
35 0.47541875 0.61027944 0.5384985 1.480176 -0.503312 -0.023206582 -0.19243783 0.7736193
26 -0.27048776 0.092527 0.3536821 0.029628377 1.590418 -0.2993284 0.8135139 0.41694382
42 -0.90105855 0.099538535 0.6977057 -0.8192365 0.5909617 0.12594678 0.5231559 0.58887184
10 -0.39656952 0.39852414 0.7529785 0.3409738 0.35473827 -0.52843416 0.3281822 0.80986404
46 -0.5951695 0.04527364 1.021606 -0.5539643 -0.35685757 0.73757344 -0.32869577 0.124384336
25 1.0925136 0.50023794 0.13510269 1.161328 -0.31996405 0.79047936 -0.3301614 0.41342908
2 0.88219637 0.57237256 0.5173977 1.6482424 0.16451362 -0.112119354 -0.015051288 0.30125648
45 -1.0823132 0.51837415 1.0739459 -0.32564303 0.18344893 -0.6126272 0.01796331 0.8124794
41 0.11273394 -0.47463802 0.22417738 -0.6791348 0.67934746 1.5788554 0.47650504 -0.29647753
7 0.60699534 0.59636533 0.27666566 1.4175054 0.42946106 -0.45933217 0.1477675 0.9179736
22 0.38147905 0.48909256 0.6873547 1.1523259 -0.581599 0.124561444 -0.71652377 0.71550983
40 0.3587592 0.20374028 0.07829536 0.8407765 1.4680787 -0.011745271 0.9485803 0.08330126
31 -0.605161 0.18160938 0.58395904 -0.53915226 1.1318145 -0.16741341 0.46472433 0.49536753
27 -0.32812056 -0.10766409 0.37049988 -1.0996007 0.47999644 1.2643486 0.48482543 0.0135528995
4 -0.34143934 0.0931953 0.3254364 -0.8606284 0.059341293 1.3142169 0.049679317 0.13281089
15 0.38581777 0.8751105 0.6049519 1.2803689 -0.93207026 0.026989428 -0.6964096 0.9285644
20 -0.8166508 -0.079280026 0.5929725 -1.2005775 0.16946712 0.7475014 0.019714406 0.70298755
30 0.072351836 0.45344588 0.55249596 1.1565437 0.8503679 -0.79382885 0.37404856 0.7518066
47 -0.6320894 -0.14360233 0.59784716 -1.1095927 0.3262244 1.1322182 0.4081427 -0.048828404
44 -0.7100515 -0.01176124 0.6212698 -0.22578311 1.5358951 -0.42817557 0.6423284 0.39523938
34 0.63769925 -0.392525 0.31739783 -0.39100498 0.44860324 1.6431854 0.30947688 -0.4286187
48 -0.25466788 -0.15634784 0.40899035 -0.6566856 1.2068971 0.601775 0.66061157 -0.03648535
11 0.06435865 -0.03357199 0.39844847 -1.0231838 -0.26113272 1.7747276 -0.042257875 -0.044499937
21 0.72973627 0.29901928 0.18759593 1.4340539 -0.5517103 0.9001778 -0.36709294 0.3886282
32 0.9811359 0.5114498 0.044486716 1.525843 0.08195803 0.75164443 0.19685645 0.0016783668
3 1.035028 0.6965959 0.4469726 1.863692 -0.07973125 -0.23459747 -0.3166811 0.7633031
38 0.726532 -0.44340524 0.24846137 -0.102632225 0.38559324 1.6779555 0.5230953 -0.49137145
33 1.0036117 0.6083438 0.12318778 2.0210211 -0.3170888 0.55931884 -0.25979003 0.34657192
0 0.7183161 0.6597682 0.42519093 1.9997904 -0.45810136 0.050002106 -0.20055369 0.6585197
37 0.95712256 0.5901773 0.35016373 2.1346004 -0.4653815 0.15059699 -0.42884547 0.6784931
8 -0.8101663 -0.08741576 0.50372297 0.36215973 1.4530516 -0.5285282 0.817683 0.5561445
13 0.85736924 0.6446291 0.03449139 1.436254 0.9705781 -0.3005763 0.037343897 0.7192105
