50 8
1 -0.74066985 0.2995114 0.198199 0.52619773 -0.4584651 0.05483429 -0.048909366 -1.2477046
49 -0.7179669 0.47683507 0.06190004 0.6792741 -0.53636086 -0.13178557 -0.16878632 -1.531645
19 -0.31682256 -0.17376156 1.0617845 0.09615147 0.24637179 0.33966842 0.14030218 1.2327965
14 -0.94696283 0.35859737 0.41621166 -0.21515101 0.37265912 0.93836087 -0.2805198 0.19239068
6 -0.4158958 0.58003986 -0.06781645 0.9897994 -0.81795233 -0.59074086 -0.018868059 -1.2747893
16 -0.55720264 -0.01711309 1.0782045 -0.07831506 -0.6594322 0.14080366 -0.106538445 -0.46648118
28 -0.5144995 0.46956134 0.13855602 0.68311 -0.533384 -0.192055 0.04907458 -1.4164243
23 -0.32110712 0.6215458 0.38434106 -0.10731511 -0.07619458 -0.77055866 0.5876011 0.06526099
24 -0.5683122 -0.18642652 0.9291303 0.14622769 0.29147905 0.5132011 -0.18188281 0.96704644
20 -0.6307567 -0.30759162 0.84163886 0.19138071 -0.438177 -0.12837869 0.17648709 -0.057253767
26 0.10024277 0.07169066 0.71911496 0.38556534 -0.4334472 -0.7223778 0.82368314 1.1474823
5 -0.6008664 -0.42155015 0.97302705 0.38446394 -0.55067676 0.44105706 -0.17610446 0.24288592
34 -0.6321115 0.7683548 0.027777042 0.572891 0.11258342 0.26758876 -0.5272411 -1.3953899
21 -0.49625647 0.20671186 0.91682696 -0.16024396 0.67259675 0.57519406 -0.23922126 1.2904543
9 -1.033893 0.19186284 0.77761877 -0.5702009 -0.23335521 0.73406 0.00084329734 -0.57104254
4 -1.20806 0.14976354 0.45000908 -0.10678894 -0.29898334 0.7156572 -0.31227985 -1.0043211
38 -0.6059165 0.97396624 -0.4199715 0.7911085 -0.60913265 -0.37101364 0.05167249 -1.4876184
27 -0.6462999 0.77848554 -0.17406961 0.7214111 -0.44269565 -0.26047653 -0.06451705 -1.7368385
42 -0.35653478 0.7270601 -0.31309775 0.8452045 -0.5074773 -0.6143017 0.6393807 -1.2242055
15 -0.09057426 -0.061469253 1.0081509 0.111167915 0.40510327 0.017131299 0.42963248 1.2917389
33 -0.18410888 0.26804063 0.8614865 0.02778549 0.77002543 0.44211048 0.11317523 1.5506357
11 -1.1492727 -0.4161016 0.8285395 -0.02274014 -0.39357162 1.0080457 -0.40634993 -0.041593086
22 -0.27155235 -0.083184935 0.92531365 0.38654265 0.66651624 0.6308433 -0.2738608 0.93597007
0 -0.047487643 -0.0064197504 1.0059502 0.29521164 0.6581784 0.51306564 0.16982928 1.4763371
48 -0.6113065 1.1743956 -0.41885772 0.70030504 -0.5747257 -0.27410358 0.030706482 -1.8532453
17 -0.5441935 -0.35077807 0.6422568 0.6431654 -0.92365897 -0.6993306 0.42219836 -0.5048777
18 0.019217083 0.07853282 0.8786433 0.038705684 0.2604753 0.34559003 0.7540081 1.6585206
36 -0.3871792 0.95746493 -0.3454254 0.8103521 -0.42613694 -0.39611366 0.34761795 -1.5815156
45 -0.18916842 0.7937866 -0.11000483 0.82149184 -0.5654009 -0.59001034 0.5247603 -1.4001874
3 -0.09494308 0.2801679 0.9348161 -0.02399304 0.7998839 0.3831312 0.29962823 1.7603505
40 -0.22114493 1.4219306 -0.52726024 0.5464324 0.2883114 -0.53926146 0.5497371 -1.2835165
46 -0.80107725 0.008129829 0.38836527 0.5280939 -0.75641143 -0.2336963 0.098294154 -1.2622168
43 0.072175846 1.3425214 -0.25090107 0.43172294 -0.09456595 -0.8323001 0.8284063 -1.1749374
7 0.20880328 0.45414156 0.49160257 0.4675802 0.7304691 -0.25750527 0.50348824 1.7280747
29 -1.1639454 -0.552459 0.9828288 -0.13815808 -0.5702327 0.80161697 -0.2914283 0.36950213
37 -0.382458 -0.38759118 1.2869974 -0.16068392 0.23701097 0.54600877 0.44170734 1.2049947
44 0.32310718 1.1115103 -0.11540965 1.0524148 -0.49464172 -1.0169395 0.45507178 -0.8303527
13 -0.27991238 0.10849087 0.48937887 0.37420747 0.4622063 0.058739472 0.42493644 1.3955357
41 -0.6741239 0.8467313 -0.2754329 0.6076746 -0.16593653 -0.11184 0.13343981 -1.7229139
10 -0.43294877 -0.09891729 0.677552 0.102525726 -0.25149602 -0.09211811 0.55027175 1.14448
12 0.42356628 0.58911115 0.38306782 0.6006403 0.74976003 -0.62507606 0.78530526 1.7756174
8 0.32486904 1.0628575 -0.27452365 0.9381602 -0.23782152 -1.1586442 0.86316067 -0.16867566
39 -0.43336546 1.2735323 -0.43217236 0.54196376 -0.1978214 -0.6459355 0.32643896 -1.8337156
35 0.27082694 0.58009833 0.5861535 0.31899324 0.83430856 0.033673104 0.52645874 1.6990156
25 -0.9951074 -0.18990667 0.98623943 -0.17427304 0.14600278 1.2087511 -0.62917835 0.74562705
30 0.73522997 1.0492933 0.2702408 0.64506793 0.85277957 -0.41880223 0.68928266 1.5052938
31 -0.44220686 1.2109761 -0.5623073 0.6466118 -0.33412305 -0.8322466 0.57388455 -1.5666447
2 -0.13475363 0.9424579 0.364982 -0.3072529 1.2414275 0.64231116 0.5616864 1.3358976
32 0.28335264 0.27723974 0.9859089 0.22451797 0.8781653 0.24747817 0.387732 2.167684
47 -0.99283755 0.6996916 0.056901235 0.23817538 -0.406233 0.28350896 -0.33288324 -1.8985952
