50 8
4 0.21129926 0.09889366 0.15533227 -0.22084534 0.06965859 1.2598958 0.6149625 0.51120585
16 -0.31411916 -0.22318977 0.4614546 -0.27100712 0.7351277 0.30968156 0.6732167 0.2117636
40 -0.6623611 -0.31981194 0.48043624 -0.008240409 0.5568238 0.28022775 1.2999979 0.063708894
42 -0.9422186 -0.20271361 0.9710089 0.15387125 0.41233844 -0.4285712 0.7151146 0.022231877
1 -0.3315605 -0.039015744 0.60466677 -0.41994783 0.22355884 0.91262084 0.9664713 0.13932605
43 -0.6228384 0.11850009 0.66851825 -0.48898908 0.70853543 0.16325298 1.366444 0.1795326
29 0.5235476 -0.6364211 -0.46075115 0.024084391 0.71658415 0.98182243 0.78362197 0.72929084
34 0.18361294 -0.34091333 0.66488206 -0.3352716 0.14883396 1.0212914 0.44998235 -0.03278792
8 -0.42319256 -0.46117955 -0.30932966 0.24275735 0.8152794 0.22337525 1.2715214 0.8104987
19 0.31821036 0.23616791 1.0475355 0.7264358 0.13719428 -0.39091542 -1.1591246 0.14960754
24 -0.13598004 0.844878 1.3640723 0.62245464 -0.015321595 -0.4987032 -0.941116 -0.008186391
15 -0.3867791 0.45004308 1.2077955 0.99726164 0.046654675 -0.80716246 -0.81045204 0.028550457
28 -0.3456966 0.49910188 0.3882691 -0.47335255 0.24848667 0.8517612 1.3824749 0.49275848
27 -0.4211767 0.3261878 0.26389244 -0.54540455 0.48800424 1.2467753 1.3283683 0.22344343
47 -0.65967536 0.09184305 1.2291733 -0.31162426 -0.1301282 0.7627878 0.82580304 -0.4166198
45 -0.1741491 0.03258045 0.24343704 -0.5493866 0.5910934 1.071073 1.2816347 0.2170673
49 -0.5233414 0.47949117 1.3496666 0.033600673 -0.41664377 0.87628764 0.043912932 -0.50082636
32 0.56237453 0.062434524 0.5935903 1.446956 -0.004847455 -0.22588044 -1.5371535 0.3362891
14 0.5581309 0.26476273 0.29289386 0.9914325 -0.28961506 0.9337875 -1.0187682 0.25351876
33 0.3073092 -0.170752 0.3828511 1.4656948 -0.011624011 -0.21146652 -1.184399 0.49723354
10 0.37545502 0.101329595 -0.07627771 1.2042578 0.31622088 -0.1551359 -0.281989 0.6911597
46 -0.5926879 0.3429738 1.4769404 0.13303582 0.27954578 -0.35062343 -0.30944923 -0.35142136
17 -0.6050514 0.09334186 1.0135748 -0.43055147 0.22737302 0.42416194 1.1800785 -0.112724505
6 -0.3337356 -0.18979236 0.11445343 -0.63615066 0.70426446 0.68950045 1.5239825 0.71687776
37 0.5953989 -0.22449405 0.6666648 1.3445048 -0.15129782 -0.1533089 -1.4799236 0.35426712
23 -0.019710582 0.5993993 1.2316535 0.6184717 0.45173666 -0.5737208 -0.8955983 -0.3102306
21 0.255005 -0.08256329 0.40062478 1.3168991 -0.07446139 0.08138028 -1.1615078 0.41418427
31 -0.28474954 0.22319356 0.058165353 -0.3488722 0.52358425 1.0338689 1.467164 0.4101874
39 -0.4344063 0.0132950265 0.23511882 -0.46565044 0.717475 0.67282295 1.6298956 0.37122273
22 0.3828583 -0.16067098 0.90567166 0.8694034 -0.014951595 -0.22924414 -1.4207841 0.33823726
30 -0.308238 -0.3510004 0.77264965 0.9273232 0.86195153 -1.1955752 -0.38969663 0.08101478
38 -0.12369405 -0.0696848 -0.09429261 -0.24045298 0.3627662 1.3410952 1.5613596 0.47094107
41 -0.11935305 -0.3322132 -0.31485212 -0.2618479 0.74877685 1.2190756 1.4492246 0.5836606
36 0.08282624 -0.02859527 -0.0960188 -0.31031272 0.3598038 1.4949306 1.4812682 0.338843
0 -0.38653404 0.2695523 1.3145574 1.0510142 0.30157655 -0.87202525 -1.21812 -0.17059651
44 0.197299 -0.75114113 -0.3961626 -0.23411399 0.603918 1.3794103 1.3030722 0.6175383
2 -0.24499464 0.5104223 1.6453812 0.43506524 0.23066337 -0.7156737 -0.65046096 -0.4775729
20 0.75373816 -0.556706 -0.5804139 0.09784244 0.27115235 1.5512979 0.45067102 0.9005156
3 0.7397914 0.29674312 0.7474596 1.2765679 0.15567908 -0.46805024 -1.2418473 0.22151642
26 -0.81330836 -0.5409759 0.28717014 0.18015526 0.7769848 -0.5468372 1.2408653 0.7609012
7 -0.062172968 -0.5948012 0.45663822 1.0263355 0.55503446 -1.2019117 -0.252354 0.74589676
18 0.26857546 -0.46211842 0.21810922 1.0428834 0.9401075 -1.1179345 -0.9618416 0.89301765
9 1.497396 0.065690465 0.040082406 0.059843235 -0.15317605 1.6203007 -0.6075781 0.57379746
13 1.0958184 -0.3866981 -0.49829563 0.97700286 0.539544 0.26011455 -1.1214864 1.1826489
11 0.969174 -0.04340678 0.22470741 0.898788 -0.17168628 1.204182 -1.2223357 0.10341766
5 0.8609522 0.8616943 1.1499099 0.40638512 -0.43145618 0.38112995 -1.018079 0.06207838
12 0.18180521 -0.28905988 0.7575711 1.2456088 0.41928133 -0.89389265 -0.8484289 0.12265023
25 0.9924887 -0.20999393 -0.56924057 0.7802682 0.37203765 1.2872379 -1.0005854 0.70068216
48 0.049739312 -0.63168186 -0.2011023 -0.4079519 0.6371561 1.044169 1.6962367 0.7444779
35 0.35356894 -0.08333136 1.2111517 0.89713216 0.40677023 -0.9545481 -1.4241072 0.04879207
