50 8
19 -0.19198114 0.1800237 0.8146927 -0.42036092 0.7997546 0.13587642 -0.28180698 0.73459786
20 -0.81818527 0.3162433 0.6569689 -0.52977234 0.33718237 0.39099297 0.24038132 0.55012774
31 -0.1566669 -0.044512577 0.5989402 0.2645014 0.71279913 -0.21562243 -0.45344895 0.9456485
6 -0.63080084 0.09001787 0.48537797 -0.30104157 0.6878779 0.32295415 -0.13912995 0.7990158
25 0.471672 0.20647098 0.21830305 0.80409265 -0.096577525 0.7120728 -0.057226755 0.08686192
43 -0.072992206 0.20483528 0.7708916 -0.1378601 0.7901309 1.0029283 0.1252942 -0.8619124
23 -0.04295478 0.3718989 0.79807025 -0.5152522 0.77669394 0.62453014 0.16625775 0.004759626
42 -0.09162351 0.058109146 0.7010902 -0.08217224 0.7598803 0.23581198 -0.032378163 0.41445714
39 0.34586662 0.12395523 0.37928608 1.3605384 0.316369 -0.39225575 -0.66678596 0.57880104
40 0.18562618 -0.007066031 0.21399318 0.9323441 0.8242608 -0.106370196 -0.5022205 0.6696149
24 -0.21668163 0.31026107 -0.013023112 1.4497299 -0.2872437 -0.40978235 -0.163834 1.0145286
36 -0.3852575 0.4021494 0.87787336 -0.6184492 0.41181016 0.8419541 0.49878088 -0.2365807
27 -0.662812 0.38186994 0.84559673 -1.0303764 0.5585522 0.58417886 0.3273647 0.56247354
28 -0.9516088 0.46407226 0.51658726 -0.7505921 0.28329054 0.69581133 0.45774016 0.55389535
38 0.13259806 0.07699113 0.79975027 0.106247514 0.5283932 1.1413027 0.07669132 -1.0118006
1 -0.37189853 0.379619 0.9451971 -0.93988436 0.6089197 0.90676033 0.45397857 -0.04815913
2 0.26706576 0.018369755 0.26896414 1.4442854 -0.021405825 -0.43473312 -0.45446607 0.94150406
41 -0.35499194 0.28422025 0.6942638 -0.4621318 0.577276 1.006333 0.43908954 -0.39566195
8 -0.08623605 0.03220365 0.09358598 0.808129 0.50443786 -0.20137204 -0.60191274 1.2339059
34 -0.3268765 0.295933 0.7505448 -0.6483062 0.3062047 1.3555461 0.6933522 -0.5677597
10 -0.80436623 0.49970272 0.1942526 0.3827125 -0.47575817 0.13976318 0.6523463 0.7941828
45 -0.44976053 0.22489783 0.862158 -0.83503795 0.62814003 0.78027636 0.34579784 0.1333817
49 -0.3158504 0.2923361 0.66533947 -0.58348787 0.42339107 1.2196643 0.7332456 -0.37129992
15 -0.65264493 0.5601382 0.110464424 0.008970034 -0.06866765 0.30378813 0.78840274 0.9181477
29 -0.37785047 0.12634945 0.8246749 -0.38844135 1.2068753 0.3703547 -0.7008312 0.07361055
26 -0.40665102 -0.099319175 0.3150956 0.1586001 0.6544686 -0.18006308 -0.36688417 1.4741241
13 0.32199815 0.16976123 -0.07790062 1.767678 -0.11428387 -0.45585716 -0.41332203 1.2119026
4 -0.30916443 0.604438 0.6524731 -0.11562535 -0.5781084 1.1676441 0.48716587 -0.5188279
16 -0.24435715 0.23510991 0.74356854 -0.7492189 0.32291502 0.8834659 0.3170066 0.41705707
9 -0.38987803 0.5488305 0.7134134 -0.3119737 -0.69759345 1.1082168 0.8423199 -0.22594456
12 0.25367406 0.17191266 -0.057656836 1.8477544 0.046225533 -0.3322328 -0.14964467 0.613293
17 -0.77720344 0.47966704 0.68408006 -0.84122604 0.37648684 0.72154236 0.57480615 0.3037744
7 0.18846636 0.08341853 0.0082441885 1.2494969 0.30783394 -0.5629174 -0.010449711 1.46701
18 0.46594387 0.10895597 0.185216 1.9184272 -0.09118365 -0.4193979 -0.7908618 0.6461374
3 0.34423932 0.20750724 0.10612333 1.8417355 -0.04692916 -0.29867595 -0.6239001 0.5309478
0 0.23176742 0.18889037 -0.1190638 1.9109244 -0.06552054 -0.5193844 -0.2688645 1.0132512
14 -0.14684393 0.694856 0.42935997 0.21827234 -1.4623489 1.3708163 0.93206 -0.3341572
46 -0.2753194 0.29042694 0.90684104 -0.5896392 1.1003538 0.75945145 0.10307908 -0.4547426
30 0.39521235 0.03426516 0.3002507 2.0073032 -0.21708098 -0.49035758 -0.6877286 0.512517
35 0.7029103 0.25597832 -0.122135535 2.0089183 -1.0546293 1.0289159 0.54701084 -0.722684
33 0.3708346 0.030493448 -0.14248171 2.0023558 -0.98241305 0.46482888 0.10740481 0.29163396
22 -0.03803122 0.35192034 -0.16241977 1.686716 -1.154143 0.50357074 0.4220232 0.15468842
21 0.18826504 0.1200065 -0.10569371 2.0453496 -0.97527474 -0.029889602 -0.10116829 0.76161414
5 -0.69197255 0.63394356 0.48935083 -0.78730977 -0.21125518 1.1697097 1.3054003 0.1437384
37 0.12360544 0.11518854 0.08680609 2.1931477 -0.80125767 -0.4792505 -0.083383515 0.71294886
11 -0.28196883 0.3705631 0.9049006 -0.29964396 -0.6370101 1.4585444 0.6780009 -0.83970636
32 0.3045221 0.14872266 -0.08311284 2.2814713 -0.90399736 -0.16289103 -0.17945811 0.6131711
44 0.2140303 -0.4483482 0.5579142 0.73447746 0.80106604 0.002338511 -0.73466015 0.63556564
47 0.030877084 0.19175938 0.7842146 -0.5750715 1.2395943 1.5345824 0.46257615 -1.2411219
48 0.7067618 0.3498308 0.92431384 0.4955781 0.48418117 1.0418965 -0.07890071 -1.5233902
