50 8
16 -0.24585615 0.6413236 0.31914842 0.21581726 -0.77974033 -0.68707997 0.07720027 -0.50871783
46 -0.73880905 0.1501876 0.09836244 0.41083917 -0.00663934 -0.65696585 -0.08702243 -0.35227594
1 -0.49535638 0.44423467 -0.017882181 0.6501975 -0.3689945 -0.6076977 -0.065929495 -0.6995409
23 -0.34210485 0.43045956 0.21475689 0.26148486 -0.33778396 -0.0718565 0.045000117 0.07554574
41 -0.25202572 0.60132205 0.12313063 0.52378005 -1.09598 -0.49409738 -0.21561843 -0.73427486
42 -0.5766355 0.46101412 0.038883507 0.4638952 -0.43350062 -0.7517035 -0.00076829497 -0.64112836
28 -0.44044265 0.27911237 0.17887951 0.6203274 -0.77629167 -0.6448362 -0.20923549 -0.69337267
17 -0.38617155 0.5536828 0.07805995 0.55898005 -0.933318 -0.48826286 -0.24990053 -0.78162116
29 -0.5905594 0.37723222 0.0079830475 0.5849328 -0.62540567 -0.75586563 -0.24929743 -0.76613677
27 -0.49724838 0.3676695 -0.0023364497 0.6397575 -0.80392104 -0.7661465 -0.37639448 -0.78598636
38 -0.24699438 0.5890844 0.1402571 0.49336493 -0.98474973 -0.43856317 -0.21308051 -0.663991
4 -0.23125567 0.448691 0.37626263 0.40974128 -0.9276234 -0.334234 -0.14546916 -0.52521724
36 -0.5737648 0.3739998 -0.06877704 0.75524116 -0.6828801 -0.6861912 -0.17546393 -0.8887123
20 -0.43108234 0.4731783 0.30912906 0.33252206 -0.95208335 -0.62526655 -0.2905337 -0.81821996
49 -0.37129092 0.5533985 -0.05373352 0.65856653 -0.8729228 -0.38756675 -0.1774531 -0.687743
26 -0.6464985 0.0995017 0.47945735 0.13890538 0.24471505 -0.7292793 -0.30723286 -0.22639064
8 -0.612938 0.24591719 0.18845285 0.4192744 0.2094639 -0.73050004 -0.34323537 -0.45310527
48 -0.55226815 0.4374689 -0.093503185 0.70601493 -0.6383525 -1.1165062 -0.25729126 -1.1059724
45 -0.40630543 0.7029116 -0.07203019 0.5495866 -0.8273134 -0.8739539 -0.3477309 -1.0087519
44 -0.41630676 0.45217636 0.122190654 0.5122447 -0.85975474 -0.9416374 -0.3392003 -0.91322345
43 -0.6363886 0.3312703 -0.008070441 0.61650455 -0.7240997 -0.8907332 -0.13016395 -0.94280887
15 -0.114512816 0.23127705 0.108453125 0.45379192 0.92968386 0.5051995 0.14629833 1.376439
47 -0.3243567 0.7060043 -0.17932005 0.6771823 -0.93852293 -0.56402564 -0.38978043 -0.81974936
34 -0.22487153 0.610161 -0.080963396 0.7226117 -0.8373503 -0.47767988 -0.2739014 -0.63512784
39 -0.5942651 0.32379562 0.025786394 0.60887027 -0.83754736 -0.8450484 -0.23966615 -0.8676285
24 -0.13965052 0.24709375 0.39099374 0.14014648 1.1942282 0.7603688 -0.056268968 1.7370049
6 -0.79602855 0.09913414 0.11114533 0.7153469 -0.4789461 -0.99180686 -0.28693387 -0.9965752
40 -0.87494457 0.17378947 0.39593372 0.17738399 0.6025953 -0.8954251 -0.1814361 -0.5309704
10 0.1616829 0.3996681 0.4353959 0.107764125 0.4410074 0.7781167 0.05365274 1.6843667
31 -0.74245596 0.29094702 0.05498619 0.7176332 -0.59394217 -1.1105942 -0.28916058 -1.2358351
19 -0.24023707 0.05923983 0.51694113 0.20083822 1.0760529 0.6146029 -0.018774154 1.5448515
11 0.037783947 0.56891555 -0.02986641 0.50320745 -1.192803 0.23382321 -0.054588847 0.10977717
12 -0.22201373 -0.08571008 0.5979417 0.23611489 1.6574982 0.23118214 0.24898492 1.85897
5 0.27396342 0.660898 0.26377517 0.12607642 -0.60698164 0.8383432 0.046797086 1.0358933
18 -0.3069433 0.045866426 0.8636243 -0.21649005 1.4601935 0.57895863 0.13430989 1.983983
14 0.47967696 0.8274202 0.076885276 0.15569496 -0.45871758 1.047606 -0.19445078 1.4657028
22 -0.15374814 0.27663204 0.6921746 0.034808673 1.1344231 1.0295858 0.14484645 1.9301703
3 0.035410125 0.5006747 0.51878595 0.091832265 1.1203742 0.9726478 0.3657754 1.8757991
9 -0.15198068 0.7455121 -0.28807488 0.6288281 -1.442679 0.08929204 -0.22576387 -0.37171048
21 0.088671274 0.3750202 0.8686831 -0.22244088 0.92622966 1.123293 0.14101529 2.2314703
37 -0.024711663 0.106229804 0.98868614 -0.07128126 0.9547383 0.9755041 0.27783254 2.156704
7 -0.3086899 -0.021762513 0.7658686 -0.015110808 1.6771309 0.47502923 0.24867077 2.021873
13 -0.13431382 -4.3356267e-05 0.8309307 -0.027276546 1.2225841 0.78707254 0.1321657 2.1119852
35 -0.08387022 0.18706977 0.87744987 -0.10112361 1.1512808 0.9751089 0.19439712 2.172323
30 -0.37889025 -0.062791266 0.73906696 0.04575599 1.7566764 0.38618797 0.22697192 1.8547336
33 0.03602068 0.33611563 0.9514737 -0.2426643 1.1622353 1.1080811 0.18360485 2.2900236
32 -0.118681945 0.10556395 0.8516637 -0.05042991 1.157791 1.1042478 0.23819694 2.2050605
0 -0.10005808 0.20486426 0.6313828 0.11494495 1.3733118 0.57402885 0.25871098 1.7863108
25 0.5375053 0.71608746 0.09746364 0.1755697 -0.3346604 0.76811075 -0.59733045 1.3829641
2 -0.017223487 0.28482905 0.47234198 0.15901762 1.3026663 0.85772365 0.29424322 2.0581353
