50 8
49 0.038054183 -0.6108328 0.3303478 -0.33594745 0.7398521 1.2755023 0.41205153 -0.108282566
28 -0.26493803 -0.35239026 0.18785688 -0.34810486 1.125677 1.0164753 0.58797127 0.00564145
29 0.03533912 -0.46730894 -0.08920399 0.31011188 0.55764335 0.7525286 0.5004538 0.78914636
9 0.5189041 0.49532557 0.61244875 0.46934092 -0.97806597 0.86281615 0.1530596 0.16942589
8 -0.7187197 -0.35688287 0.022712814 -0.41052285 1.2195934 0.78148913 0.7753978 0.52513343
45 -0.28586572 -0.3490719 0.39322087 -0.4827979 1.320075 0.91704494 0.4801436 -0.33667275
41 0.21252151 -0.75198954 -0.054970104 0.12431883 1.0010453 1.2920913 0.5433547 0.03494036
6 -0.27878168 -0.45081383 -0.04562599 -0.12815219 1.3720019 0.9880018 0.7209833 0.10486395
40 -0.5582629 0.26120076 0.09768307 0.5046437 0.44278517 0.21504386 0.690724 0.6648058
46 -0.08006762 0.85589534 1.3884945 0.18342885 -0.29999265 -0.36754322 -0.73185605 -0.18088019
34 0.6758633 -0.46277654 0.09669691 0.3724781 -0.029616727 1.2368772 0.053995486 0.325571
1 -0.17272434 -0.3388751 0.71092707 -0.58987784 0.7375326 1.0842096 0.44035864 -0.5368949
42 -0.6622207 -0.01594752 0.92285216 -0.45583096 1.1577034 -0.1855924 -0.035835683 -0.06324009
31 -0.2699106 -0.6063033 0.029720573 -0.19804719 1.2624214 0.7965086 0.45029035 0.43322867
36 -0.11918401 -0.6813064 0.19846278 -0.2798666 0.94937146 1.354998 0.5674621 -0.18542157
27 -0.07190302 -0.3782592 0.02733522 -0.17712604 1.1046712 1.0618713 0.60986805 0.11891613
16 0.40138918 -0.60824305 -0.04329332 0.014087137 0.57538664 1.4600652 0.37848926 0.21540943
33 0.31841505 0.8160123 0.9705179 0.93963665 -0.67422247 -0.4141752 -0.7355435 0.41046703
20 0.39002395 -0.45084688 -0.012251979 0.23395886 0.65663695 1.3908063 0.45522532 -0.122719176
48 -0.19016285 -0.39760235 -0.41741657 0.06966103 1.0173618 1.2238983 0.9334531 0.67985344
11 0.6172532 0.1354028 0.7433891 -0.20235771 -0.67976505 1.5165262 -0.4616557 -0.41893068
38 0.393461 -0.5989781 -0.18748641 0.40814114 0.49680915 1.5079669 0.44470546 0.0859853
7 0.0282396 0.96376795 1.0545352 0.5723971 -0.5251476 -0.7537806 -0.68532765 0.74972385
44 -0.26967752 -0.76796204 0.017292432 -0.16910882 1.2874794 0.8934035 0.66830826 0.34367484
21 0.22040679 1.1381233 0.9337295 0.8725239 -0.86253834 -0.28594434 -0.63012207 0.35941714
39 -0.38606545 -0.6650059 -0.21203192 0.20121703 1.499409 0.66160214 0.7578286 0.5639713
24 -0.066590734 1.1622152 1.5331779 0.13777702 -0.3834404 -0.72456247 -0.9909351 -0.0049872925
17 -0.34537613 -0.08732945 0.98694503 -1.1046257 0.8517145 0.5914892 0.1512507 -0.23119201
13 -0.1573877 0.27416134 -0.30130374 1.2714177 0.049431194 0.0684435 0.34530404 1.3185229
26 -0.74822146 -0.40832424 0.11665422 -0.065459885 1.2903416 0.254173 0.78796244 0.6818146
22 0.124573976 0.7574745 1.1595705 0.76236314 -0.804351 -0.59425575 -1.0691103 0.6028297
5 0.55672604 0.9207827 1.0692312 0.8143894 -0.7496392 -0.10580572 -0.8986959 -0.08886485
43 -0.4659108 -0.5981569 0.21548188 -0.25783825 1.613815 0.5049403 0.7966078 0.20020768
19 -0.031991377 1.1841933 1.4342774 -0.029584212 -0.6185783 -0.45162055 -0.97794616 0.17742471
14 0.5528178 0.57437545 0.42133054 0.66690713 -1.1149517 0.93172354 -0.17328732 0.33206642
15 -0.102423675 1.0538194 1.6122584 0.012819177 -0.31085062 -0.69824445 -0.94212604 -0.1305766
3 -0.20805462 1.2538658 1.0550071 0.72367954 -0.3891848 -0.73369646 -0.6272705 0.45346895
10 -0.17361383 0.9958668 0.18136995 0.44696224 -0.52299386 0.62889045 0.6653861 0.59437424
32 -0.13904703 1.1907856 1.0327429 0.85499436 -0.42520368 -0.9254737 -0.6306198 0.62626624
18 0.0041148243 -0.47100043 -0.01510275 1.1384907 1.2238089 -0.6450345 -0.23955894 1.0806446
37 0.388247 0.2522979 1.0686563 1.020091 -0.860142 -0.4639885 -0.6501133 0.66734236
4 0.67107433 -0.2091737 0.025300533 0.4070847 -0.08350456 1.5951182 0.27344 -0.059711203
12 -0.66045296 1.2605422 1.178164 0.49794725 0.19439232 -1.1657671 -0.37851393 0.33419335
30 -0.48588455 0.7517688 0.88148016 0.66491216 0.5898263 -1.3533952 -0.5733977 0.8166388
35 -0.46261293 0.9646386 1.7336023 0.21826835 -0.4349943 -1.3242203 -0.91085684 0.6087006
23 0.10310179 0.62436897 1.5935915 -0.37272614 0.58049786 -0.24464323 -0.8740051 -1.0283707
2 -0.48233354 1.0999225 1.5678023 0.13717268 -0.5425496 -1.0684763 -0.60771924 0.5755492
25 0.9529617 -0.5918477 -0.2966909 1.1390945 -0.22639993 1.2133772 -0.17413989 0.68534726
0 -0.40856764 1.1308593 1.6631008 0.30362973 -0.7543833 -1.2237949 -1.0751202 0.6463834
47 -0.13568982 -0.82440877 0.21423058 -0.27624068 1.5545826 0.9424733 0.44570902 -0.17062153
