50 8
27 -0.39918068 0.34743762 0.0668758 0.40292647 -1.1592485 -0.33188993 -0.30566502 -0.68786067
10 -0.57217795 -0.5846326 0.55028826 0.6326045 0.049736004 -0.4344923 -0.23633738 -0.13591789
12 -0.18670803 0.17982237 0.6493143 0.5537982 0.62291664 -0.5395978 -0.112277865 0.31176665
26 -0.6075952 -0.6499353 0.7183553 0.28958648 0.14833216 -0.62907547 -0.467876 -0.2359606
20 -0.33798143 0.35695198 0.15129657 0.45514816 -1.1714088 -0.3563793 0.012711721 -0.51871455
24 -0.80161375 -0.66993445 0.34175304 0.589563 0.016762594 -0.5058059 -0.665543 -0.44284382
1 -0.21357252 0.7957314 0.11445078 0.5390304 -1.1580464 -0.19197518 0.14713538 -0.49088043
23 -0.4714036 0.05943947 0.42468253 0.41056916 0.38342792 -0.62144476 -0.5137365 -0.38928255
29 -0.51183796 -0.33605167 0.65507114 0.54168165 -0.3092609 -0.16018012 0.020139258 -0.12238777
17 -0.52985793 0.0423658 0.5284345 0.1567027 -1.2171215 -0.0701449 -0.026257748 -0.64401644
31 -0.17109336 -0.1059825 0.27765226 0.51053506 0.3051846 -0.971268 -0.85515255 -0.4756735
18 -0.47814646 -0.40051872 1.0479736 0.0937028 0.9687589 -0.66312975 -0.5588139 0.17585616
36 -0.43879429 0.56819534 -0.028409766 0.7548391 -1.3494169 0.00034853895 0.21872023 -0.45489457
6 -0.5187441 -0.4867765 0.46822995 0.4186054 -0.03015419 -0.77766657 -0.57355857 -0.5971663
45 -0.54757154 0.0413158 0.3634606 0.35547185 -1.1791072 -0.29945153 0.08131068 -0.8103495
43 0.16233045 1.3623556 0.45281115 0.22348753 -0.7456766 0.15181005 0.17695466 0.23615699
40 -0.34029862 -0.055575646 1.0148808 0.14677218 1.2679807 -0.26112905 -0.6631938 0.7715612
19 -0.5744294 -0.69143194 0.4658729 0.66199404 0.118626244 -0.650758 -0.4737116 -0.5374457
28 -0.3898267 0.0034433375 0.5999209 0.2539462 -1.5233221 0.2650832 0.19396742 -0.11826382
13 -0.29578876 -0.24793711 1.2305597 0.19654036 0.8863 -0.31624302 -0.15764146 0.5952579
16 -0.053801194 0.7142553 0.3031814 0.24184383 -1.4077653 -0.4117474 0.10124801 -0.5901108
2 -0.52414966 -0.65744656 1.163722 0.5387006 1.2026224 -0.00032395596 -0.3770221 0.664576
34 -0.05959511 1.2756981 -0.12212343 0.74071825 -1.0926155 0.23045905 0.045713983 -0.17100723
15 -0.72775996 -0.88867307 0.76094306 0.57220685 0.11897913 -0.59387386 -0.088165276 -0.22399424
44 0.054418877 0.6563541 0.0961209 0.257251 -0.6612326 -0.8477997 -0.5641286 -0.64136046
25 0.3890261 0.9242818 0.71297956 -0.019550221 -0.011953068 -0.04178084 -0.5753491 0.58128655
8 -0.57298625 -0.83285266 0.6919971 0.25753757 0.08813633 -0.93619174 -0.5944753 -0.37218717
4 0.105227195 1.4626573 0.07965985 0.63599426 -1.0949504 0.24847378 0.33696598 0.22537714
38 0.12100494 1.4102423 0.029560093 0.42769262 -1.1207423 0.11394506 -0.14806588 -0.24595173
48 0.5699496 1.5209386 0.105587706 0.4029287 -0.34180692 -0.29295996 -0.5015885 -0.03698123
14 0.18799329 1.2454103 0.42381138 0.45698598 0.15041997 0.5899429 -0.3987684 1.1207001
3 -0.33422 -0.33228156 1.3050274 0.0893687 1.1030897 -0.030557666 -0.5499699 0.6568155
21 -0.5622198 -0.51264864 1.5252597 -0.04008277 0.73106813 0.35141963 -0.22729811 1.0530007
7 -0.9369994 -0.99556154 0.50034463 0.51435953 0.36885828 -0.7166982 -0.71419275 -0.28274468
49 -0.42092273 0.17414604 0.55542564 0.16993795 -1.8180101 0.20159256 0.20868024 -0.5633329
9 -0.0540136 1.3996266 -0.25034118 0.71348935 -1.4722657 0.21908674 0.048427533 -0.12969813
0 -0.5801698 -0.8837008 1.2571201 0.17036013 1.1645817 -0.33797795 -0.68509936 0.6233746
41 0.41601273 1.8747113 0.09719725 0.18623865 -0.65449005 -0.15611638 -0.27709758 -0.0054283943
47 -0.13158895 1.26179 -0.13161655 0.6419605 -1.5086585 0.3007388 0.0026430583 -0.46950704
42 -0.98364186 -0.46575066 0.10837328 0.54118794 -0.7337385 -0.751902 -0.20379652 -1.0586954
5 -0.24737006 0.5359831 0.19197923 0.5693172 -1.1272416 0.54184115 -0.16817686 0.41578445
35 0.5051561 1.1002599 0.8635177 0.3860558 0.7755637 0.5481931 -0.44874838 1.725649
11 0.005595857 1.2058357 -0.17305158 0.523371 -1.8403212 0.18058765 -0.17696713 -0.20754902
39 0.14339952 1.300029 0.17139912 0.24029031 0.087107964 -0.35619816 -0.5815425 0.18593265
22 0.0050809607 0.28390634 0.9809536 0.41460237 1.3383085 -0.05389488 -0.50045264 1.0806019
37 -0.26128173 0.14274846 1.3819094 0.37776554 1.3398527 0.51044846 -0.006247889 1.4999089
32 0.37040845 1.2073001 0.66117555 0.66433996 1.7683649 0.1634464 -0.74891895 1.4300779
46 -0.015759347 0.5660069 0.57030135 0.32070947 -0.70337796 0.29603916 -0.06056887 0.5032275
33 0.05357769 0.27813083 1.3161907 0.20259596 1.7487845 0.02863256 -0.6538221 1.6216017
30 -0.34202066 0.009639018 1.2428386 0.50451964 1.4063398 0.57515556 -0.272976 1.3144274
