50 8
34 -0.19948785 0.8693421 -0.3509613 0.50340277 -0.0004793984 -0.105663165 -0.07498781 -0.5201363
43 -0.23628248 0.57223827 -0.05881639 0.4028176 0.09974773 -0.91412383 0.07957483 -0.99144715
1 -0.16994783 1.0122526 -0.21831086 0.36730912 -0.22309995 -0.12362986 0.16863632 -0.774379
28 -0.17409106 0.68240595 -0.23438022 0.45441294 -0.22035737 -0.82532346 -0.14237934 -1.2940253
36 -0.518976 1.0738881 -0.7378825 0.5137118 0.008182114 -0.25517008 -0.09474695 -1.2984282
12 0.18842341 0.152267 0.37244475 0.5340792 0.48175758 -0.63457304 -0.30332217 1.048429
27 -0.4031351 0.7327543 -0.26538295 0.46794114 -0.31136605 -0.45426747 -0.2066225 -1.3636233
23 -0.024028022 -0.10099675 0.7579563 0.6069174 0.20973073 -0.17952378 -0.31632668 0.9963948
17 -0.32095116 0.53271747 -0.14815177 0.42981458 0.1896446 -0.8811521 -0.2626594 -0.9880181
20 -0.3873028 0.83965605 0.4465279 0.11329686 -0.3711894 0.31787992 0.1406915 -0.03989222
7 -0.092152834 0.11930773 0.28553325 0.5379909 0.33073235 -0.44571906 -0.26699778 0.8546471
21 -0.3842535 0.10175493 0.8941829 0.63545823 -0.3069319 0.79891956 0.33727247 1.482216
41 -0.50641626 1.1560746 -0.3307747 0.2372586 -0.51085556 -0.2551181 0.09407081 -1.5786972
31 -0.22453609 0.6055715 -0.44154724 0.53037685 -0.11584164 -0.8682598 -0.49812025 -1.2394487
14 -0.23023845 0.8240655 0.13695389 0.45023757 -0.33946276 0.6575261 0.50586027 0.63493365
24 -0.15321936 -0.05190946 0.62591857 0.75878274 0.32574293 0.26165944 -0.2881035 1.566319
9 -0.3161957 1.253269 -0.057496604 0.14939733 -0.76306283 0.39449084 0.68569267 -0.36923409
49 -0.54317236 0.90679055 0.063192055 0.16386232 -0.50196934 -0.24697861 -0.052475657 -1.3300704
6 -0.39189643 0.64935595 -0.37072715 0.5684649 -0.17451054 -0.40950206 -0.29288805 -1.1035048
10 0.08289971 -0.16750339 0.7138849 0.8040582 0.24012733 -0.09897411 -0.1439741 1.3515153
39 -0.40379962 0.9235255 -0.6167673 0.48656812 -0.18146987 -0.6215929 -0.21457899 -1.5032583
42 -0.3745202 0.8315955 -0.40931618 0.31896707 -0.012323716 -0.93904585 -0.36025408 -1.3619835
38 -0.41665512 0.94377714 -0.4410288 0.4764572 -0.37977198 -0.3449591 0.018162843 -1.4295281
19 -0.013261164 -0.05561152 0.7703861 0.7494469 0.056065023 0.26704594 -0.029014032 1.4577998
48 -0.32001492 0.7881564 -0.30102995 0.45633522 -0.3900624 -0.64992166 -0.25212452 -1.5528361
4 -0.3455312 1.1356936 0.33199218 0.04655353 -0.77226967 0.1457722 0.8021171 -0.73303306
15 0.05319266 -0.118540354 1.0333256 0.58829516 0.13618782 0.04222939 -0.09398753 1.8385979
40 -0.4178846 1.0464383 -0.5555796 0.27838323 0.3280055 -0.75342363 -0.18088439 -1.2962545
30 0.12633447 -0.05859457 0.39106953 0.6039152 0.77905166 -0.8336503 -0.76734495 0.7559858
46 -0.45341635 0.9165133 -0.2817136 0.35344547 -0.3539687 -0.59662706 0.0032210506 -1.591116
16 -0.27337876 0.907378 0.459897 0.088628046 -0.96709865 0.067484826 0.6616575 -0.53582054
29 -0.45938066 0.8603214 0.14260072 0.1588994 -0.41378182 0.40926656 -0.03552171 0.41667008
26 0.14505251 0.109591514 0.36797687 0.37726647 0.50191593 -1.2700806 -0.7369401 -0.24008963
13 -0.24225478 -0.12220797 0.56788623 0.8804562 -0.07918138 0.37635812 0.019590126 1.2072306
25 -0.08885855 0.42093548 0.924085 0.38701573 -0.48164827 0.8696094 0.08137172 1.6615511
0 0.21127295 -0.1968548 1.0196906 0.6082618 0.51109004 -0.31389332 -0.20504357 1.7141607
47 -0.47083646 1.151625 -0.75398546 0.4770547 -0.46097037 -0.3816852 0.0063995086 -1.7047176
2 -0.048164807 -0.039934367 0.9257891 0.61176103 0.41869572 0.076207496 -0.14244898 1.6754876
18 -0.12762272 -0.24717551 0.758976 0.6886273 0.5797414 -0.11113202 -0.7220337 1.5004909
45 -0.18586348 0.90029323 -0.4918512 0.3729004 -0.051013257 -0.9537915 -0.37366024 -1.436764
8 0.064491004 0.22239375 -0.06872534 0.5682597 0.07180122 -1.1871958 -0.97409195 -0.936446
33 0.11879667 -0.00447186 1.0231271 0.5206273 0.18243733 -0.02127753 -0.12567362 1.8514704
3 -0.08075131 -0.15911882 0.6930244 0.9274388 0.102660544 0.525432 -0.23649697 1.825567
35 0.17060317 -0.24739793 0.7980857 0.7521007 0.54625905 -0.364224 -0.33288416 1.6497948
5 -0.04316616 -0.026535012 0.6832503 0.53777635 -0.21748547 -0.2969955 0.019065877 0.85073954
22 0.009338727 0.01861001 1.1474872 0.47076407 0.16220026 0.17469066 -0.15396075 1.804834
37 -0.13023098 0.0073097213 1.5742495 0.3300981 -0.26334146 0.5795528 0.12311528 1.8432183
32 0.14779319 -0.1536408 0.9776643 0.756143 0.41297323 -0.030657422 -0.017881876 2.0121827
44 -0.29732895 0.5947643 -0.2441616 0.42859316 -0.1347942 -0.8972185 -0.74212325 -1.5013723
11 -0.5726262 0.43468276 0.60588396 0.58706546 -1.1312318 1.1668127 0.57098925 0.5705604
