50 8
36 -0.30821624 0.6207536 1.182313 -0.5200644 0.54645413 0.6060802 0.2133893 0.2536386
23 0.5965273 0.024112668 0.61447954 0.75972015 0.5113382 0.3714969 -0.121832356 -0.71158946
1 -0.5588624 0.05752192 0.93909687 -0.2802988 0.6973769 0.78654206 0.35679784 0.6001864
42 -0.2266108 0.35055158 0.38804576 -0.22523475 0.92312056 0.33813587 0.06526199 1.0525916
43 -0.5631267 0.20808035 0.4955013 -0.18392308 0.5469705 0.5566817 0.46622017 1.234838
17 -0.24606359 0.4452828 1.0428436 -0.3284769 0.47730383 0.5433838 0.25613692 0.34330463
28 -0.5452179 0.5277824 0.37990627 -0.18510596 0.6107515 0.5081388 0.13217902 0.8946919
19 -0.6635536 1.0944563 0.22563429 0.40335238 -0.055107012 -0.64489675 -0.2852774 0.92236096
4 0.13972303 0.12384502 1.2198621 -0.21271372 -0.13282117 0.89961535 0.036219023 -0.11727473
46 -0.09850829 0.7084374 1.0300138 -0.41312084 0.15498883 0.2654383 0.014891905 0.5507451
40 -0.37310353 0.21343708 -0.010278382 0.62339723 0.792358 0.38210118 0.20594971 0.4289676
38 -0.2793518 0.41172877 0.44791585 -0.12195807 0.8719036 0.5156228 0.092675336 0.5536799
27 -0.5929755 0.6375587 1.0171171 -0.56661826 0.7222202 0.605581 0.07324954 0.38129747
25 0.8586603 -0.26941153 -0.028703425 0.23558885 0.50919473 0.6998661 -0.5111881 0.6080487
39 -0.39684826 -0.21741012 0.12427888 0.32680467 1.2428479 0.76639545 0.2917392 0.5800352
41 0.26906 0.035153683 0.8804267 0.026034614 0.91648954 0.8422874 0.09513948 -0.35459
45 -0.3087077 0.39680713 0.76679075 -0.35946906 0.57253313 0.62818813 0.24186309 0.693058
49 -0.6586167 0.5836844 1.2319261 -0.60119456 0.2892811 0.59301937 0.44236127 0.6836474
31 -0.5334869 0.255128 0.0029429584 0.030207932 0.9525079 0.45410138 0.1479578 1.2311453
26 -0.67930645 -0.05089929 0.09025833 0.36525062 0.75452304 0.4418579 0.37336448 1.0915829
44 -0.15555193 -0.2412126 0.31692976 -0.047546536 1.1027995 0.7611519 -0.023114463 0.7933515
18 0.55635655 -0.20405592 -0.81617796 1.6132579 0.033115886 0.019677794 -0.6259913 0.49491507
34 0.90070224 0.08051818 0.8377934 0.39720124 0.5460579 0.34629712 -0.10051242 -0.5486485
24 -0.13679546 0.5753245 0.45530322 0.94539934 0.43092257 -0.16079181 -0.067042924 -0.5546764
6 -0.6843058 0.5117702 0.3915972 -0.08292365 0.94276565 0.15548795 0.17964906 1.0273749
20 -0.8672961 0.27879047 0.5440354 -0.016155934 0.31070185 0.49000967 0.55301833 1.0998893
16 -0.14593108 0.060649343 1.1901586 -0.9097114 0.46228316 1.2245958 -0.014350411 0.62716275
14 1.0006726 -0.0077684717 0.74631864 1.1632103 -1.170641 0.43069232 -0.51341665 -0.9745465
8 -0.70261997 -0.12865032 -0.87366444 1.3003321 0.29279122 0.19850993 -0.14717856 1.1888596
48 0.404897 0.09507807 0.6084846 -0.010048594 0.8540115 0.6800662 0.22177826 0.18456322
5 0.5464126 1.2037886 1.1338036 -0.49064323 -1.2008996 -0.097531855 -0.30017337 0.65085346
9 1.2613075 0.29625586 1.348109 0.07385113 -0.7040465 0.4127988 -0.21120554 -0.56170565
7 0.67808723 0.6223004 -0.69350326 1.6608258 -0.43983874 -0.7442688 -0.4267044 0.5936457
21 1.0351416 0.2820412 -0.16752507 2.00453 -0.81640846 -0.28021327 -1.0678027 -0.8924484
29 -0.4468023 -0.3158949 -0.55393374 0.6460952 0.9078215 0.7775467 0.035341635 1.1379015
35 1.0889155 -0.062065948 -0.017056486 2.0154068 -0.9913876 0.034473278 -0.82116395 -1.0024858
47 -0.30708694 0.38587135 1.1547368 -0.584921 0.25511673 0.6718978 0.31681937 0.66820294
10 -0.8582666 1.0630077 -0.016645014 0.47063765 -0.5370115 -0.4737876 0.024291066 1.3806356
11 0.5928569 0.10627236 1.3535329 -0.47679824 -0.5372133 1.1238443 -0.42012393 -0.18164065
2 1.2719305 0.41465354 -0.17159458 1.9717185 -0.9651079 -0.4931044 -1.0444969 -0.69951105
33 1.024227 -0.15797739 0.10396964 1.7287974 -1.3847758 0.45493975 -0.7252995 -0.83607185
13 1.2032918 0.46937788 -0.71551883 2.1644268 -1.2579185 -0.5744943 -0.83596706 -0.027475633
12 0.7705736 0.9197891 0.006555581 1.8185388 -0.3758297 -0.9446402 -0.6128729 -0.7745457
30 1.1474324 -0.18194956 -0.93549645 1.8149831 0.020598447 -0.27756593 -1.0695595 0.27285013
22 1.4533962 -0.14465469 0.21193847 1.1661959 -1.4201711 0.40943363 -1.0696715 -0.28816417
0 1.1607714 0.6248623 -0.7325578 2.2551475 -1.4088774 -0.7597669 -0.9506759 -0.0020941352
32 1.6398408 -0.265037 -0.114362895 1.968226 -1.257818 0.46728674 -0.9949343 -1.0408342
3 1.0325118 0.8189047 0.025197173 1.9218758 -0.66467106 -1.047364 -0.8826777 -0.7479958
37 1.4963518 -0.307896 0.051334605 1.6680009 -1.8177766 0.26779833 -0.8592831 -0.24757409
15 -0.2665613 1.0264125 -0.42874867 2.0436904 -1.501259 -1.0058944 -0.2655692 0.36152008
