50 8
1 0.35077596 -0.39969304 0.6466626 -0.2538229 0.5763358 1.2289572 0.058659613 -0.18650083
20 -0.76831406 0.20739873 0.28339514 0.35882077 0.18175201 0.3175783 -0.13607123 0.6004485
28 -0.40681252 0.269515 0.28524715 -0.310386 0.46541795 1.1459529 0.19511393 0.4055104
42 -0.8131883 0.12743397 1.1657577 -0.21818377 0.7652149 -0.11767615 -0.205356 0.18868177
44 -0.5512568 -0.18743329 0.17925718 -0.27067313 0.5628769 1.4102002 0.32355353 0.31960216
6 -0.81688935 0.33679643 -0.09936593 0.22973016 0.32311222 1.0966613 0.5996361 0.43631604
10 -0.41924852 -0.13112672 0.6593257 1.125204 0.18656932 -0.7853644 -0.33180374 0.5324217
43 0.27069584 -0.11483654 0.22717904 -0.08706845 0.43505085 1.5788211 0.42204326 -0.12132192
18 -0.86788535 0.28458384 0.49426803 1.2368045 0.047146853 -0.8395693 -0.3330878 0.63084126
45 -0.9993983 0.034085914 1.1010401 -0.42884046 0.9016622 0.19067256 -0.058719523 0.07902574
29 0.05969658 0.4791142 -0.4448984 0.803104 -0.11110239 1.1178634 0.46106812 0.55129033
46 -0.8656707 0.1320954 1.1724108 -0.58577603 0.72883 0.3408008 0.00613173 0.16903417
17 -0.69021934 -0.06565379 0.9155896 -0.47080556 0.88105345 0.4923213 0.19327213 0.29186365
4 0.49133846 0.22438551 -0.14923938 0.2694014 -0.10360212 1.793394 0.37386602 0.015623923
24 -0.3319968 0.23200785 1.3604623 0.07222511 0.5440203 -0.6370387 -0.6187637 0.299445
16 -0.2518027 0.07955395 -0.16763967 -0.0048199506 0.305512 1.4947227 0.37791568 0.48347816
49 -0.11413456 -0.12449202 1.1886377 -0.43062377 0.8498846 0.55254114 0.024572674 -0.31492898
27 0.37114298 0.1164179 0.07784277 0.040480565 0.15671183 1.6898315 0.49707958 -0.039398737
26 -0.7247582 0.34352288 -0.3086249 0.7068779 -0.016896345 0.72735786 0.46164176 0.7511984
15 -0.7361747 0.17954636 1.3341997 0.14836341 0.77781934 -0.7362018 -0.36849937 0.22556892
3 -0.18467386 0.18096276 1.4767644 0.3383141 0.6417913 -1.0776246 -0.86244535 0.28646925
39 -0.2938506 0.30072027 0.019511443 -0.23770066 0.1563543 1.7733665 0.56213695 0.25926563
38 0.4799993 0.18674786 -0.26498872 0.590357 -0.11672008 1.6748841 0.6633293 -0.06826588
30 -0.6095751 0.34332561 0.32466963 1.5152433 -0.07712617 -0.8774516 -0.41535228 0.5878983
25 0.79963875 -0.16274402 -0.38787547 1.1915758 -0.41509634 0.92963 -0.010971798 0.50774616
0 -0.3138469 -0.047773283 1.0920279 0.7570812 0.5429166 -1.0390244 -0.9094896 0.34891146
40 -0.055755388 0.2429259 -0.5386399 0.80089617 -0.29911882 1.4646912 0.80557275 0.52525747
41 0.51947117 0.40199208 -0.34020218 0.8032991 -0.11377762 1.5204087 0.7193922 -0.05299488
2 -0.25698432 6.158692e-05 1.1938474 0.8294593 0.36653072 -1.0472744 -0.6350386 0.19306108
11 0.75098884 -0.39358956 1.10377 0.17257363 0.40909174 0.14064933 -0.8850813 -0.20410787
8 -0.90212005 0.35918155 -0.22749753 0.68370503 0.33934477 0.47287416 0.23716053 0.6572956
19 -0.25689366 0.14571342 1.3594286 0.2622261 0.678706 -0.9014105 -0.9206904 0.32706067
12 -0.673689 0.5414695 0.44222385 1.3097569 -0.018333983 -0.7914274 -0.3464738 0.4919417
23 -0.2938817 0.22937995 1.1311696 0.4110875 0.61465305 -0.5405785 -0.3286069 -0.033498526
5 0.5621136 -0.23216361 1.3790032 0.28652826 0.4678002 -0.28690383 -0.593424 -0.2582881
36 0.66935486 0.0836335 -0.0006223162 0.29409745 -0.03418618 1.6666882 0.53879976 -0.08785141
31 -0.5302354 0.52240145 -0.44022843 0.23517856 -0.20754123 1.6990697 0.764864 0.6526586
34 1.0366005 0.0071362522 -0.057614654 0.3739499 -0.058969837 1.7165487 0.26495084 -0.13362423
21 0.9476158 -0.28002322 0.71218336 1.2338053 -0.15188318 -0.4409885 -0.98939073 0.10552138
22 0.23408021 0.0381797 0.7914903 1.1251678 0.08903763 -0.8391139 -0.79346484 0.37601683
7 -0.57429045 0.25575066 0.20655042 1.4929297 0.0254882 -0.92018884 -0.4348115 0.88093066
37 -0.143446 -0.1331095 1.226664 0.9888642 0.31438407 -1.2745359 -0.8889801 0.38068515
33 0.6340977 0.1264821 0.7944744 1.8363378 -0.3326962 -1.2781181 -0.83943325 0.33411953
47 0.017188277 -0.21903786 0.3748125 -0.5439482 0.5604007 1.8262845 0.45521995 -0.062156495
13 -0.004541713 0.4220526 -0.38743016 1.7133446 -0.45056877 -0.072006434 -0.23568273 0.7018456
35 0.8196303 0.3528966 0.582966 1.6511065 -0.34186062 -0.86262697 -0.5629071 0.28670788
9 2.1574903 -0.635814 0.8235142 0.09461968 -0.35413662 1.4098194 -0.30059758 -0.19384907
14 1.6937679 -0.32893342 0.21241607 0.8063135 -0.6489431 0.96110815 -0.62233573 0.30479336
48 0.35928565 -0.00778869 0.044639345 0.0018155319 0.13894041 1.8032397 0.42004293 -0.0809008
32 0.5435856 0.5526645 0.53023845 1.8788253 -0.42257026 -0.9136875 -0.5111023 0.09909865
