50 8
43 -0.89966637 0.3999667 0.53327197 0.12609671 0.5868043 -0.30624315 0.7591859 0.28595418
46 -0.3603812 0.28088868 0.6750452 -0.045169562 -0.3691519 0.9827999 0.65282655 0.09185546
16 -0.458738 -0.4564557 0.72857785 -0.77210504 0.2228801 0.8697384 0.7973546 0.13889675
45 -0.6555277 -0.06402826 0.9020966 -1.0097257 -0.09827974 0.7169768 0.75588745 0.03981776
28 -1.0700519 0.20798302 0.78089404 -0.9872203 -0.018505322 0.58747923 0.5356301 0.30580863
27 -0.4212646 -0.32559475 0.6728967 -0.86279684 -0.10864472 1.0468241 0.8273278 0.37830475
38 -0.04390908 -0.20289434 0.5726593 -0.29567105 -0.42868534 1.4706411 1.0545738 0.28240693
41 -0.32129216 -0.11233011 0.5392194 -0.21615523 -0.13522495 1.1443596 1.0695556 0.29103926
29 0.027476316 -0.41917786 0.49247664 -0.53808075 0.14760025 1.3785261 0.9078861 0.24796823
20 -0.21056022 -0.24804068 0.62559915 -0.264706 -0.59461796 1.4710224 0.59350914 0.4197396
6 -0.6094945 0.4265775 0.5005117 -0.29613894 -0.31924558 1.2050759 0.92547613 0.37262514
48 0.16595618 0.0693766 0.5606509 -0.25330114 -0.5543986 1.3998003 0.72798514 0.3699425
4 -0.034294605 -0.28063622 0.82532376 -0.7905325 -0.33432147 1.0819377 0.088586256 0.21749264
40 -0.326366 -0.02240091 0.44849813 -0.17376769 0.10778368 0.7895965 1.2663721 0.4015059
36 -0.14391436 -0.29498395 0.7736239 -0.72528726 -0.14114256 1.2815017 0.7573514 -0.030647734
31 -0.8360985 0.39800474 0.631492 -0.40048528 -0.20127805 0.6978218 0.9679774 0.34956744
1 0.5198779 -0.37475428 0.6158876 -0.021879533 -0.16096993 0.9526879 -0.50963396 0.2840425
10 0.06841464 0.658907 0.36446723 0.6588731 -0.3521422 0.55564874 -0.045325063 0.74278754
34 0.14067225 -0.43526077 0.72556114 -0.73823285 -0.22455615 1.4074122 0.5573028 0.06893224
8 -0.07983165 -0.120540895 0.23252249 0.852499 -0.054168817 0.7016743 1.1727815 0.670004
39 -0.9746182 0.14357255 0.6616978 -0.9126234 0.105816625 0.67947686 1.1522766 0.32915354
26 -1.0064156 -0.042828653 0.41430408 0.25702825 0.10548976 0.4977039 1.2833759 0.55230695
13 0.5224842 0.37424597 -0.07236169 1.5234946 0.023616984 0.614812 0.6004934 0.9526071
44 -0.25527713 -0.3528096 0.32265642 -0.071367994 0.140537 1.0816989 1.3108996 0.56600106
15 0.29118085 0.108953 0.94297963 0.59305894 0.9414519 -1.4525613 -0.94932914 0.05081788
18 0.0066082017 -0.111279294 0.23710784 1.1925437 1.1183833 -0.82406616 0.19330938 0.6828319
42 -1.0613844 0.3924208 0.62099165 -0.41949326 0.7827903 -0.7116479 0.022823885 0.5198162
0 0.040227678 0.5639365 0.77350587 0.70543915 1.0208801 -1.4417568 -0.8353343 0.24409759
9 0.32944554 -0.15891793 0.7488238 -0.44135165 -0.49780104 1.1682734 0.42251942 0.17138724
25 0.87392765 -0.647528 0.543273 -0.31511664 0.4231726 1.0031476 0.03801368 0.09743844
17 -0.8990383 0.32214582 1.0329889 -1.4866732 0.24778028 0.013870145 0.28313172 -0.03205902
7 0.5873911 0.68545413 0.418188 1.4237645 0.7011571 -1.0289189 -0.57301176 0.68236905
19 1.1483269 0.44345912 0.71882933 1.1525742 0.70721114 -0.94830406 -1.5256991 0.24569066
5 0.30225635 0.4936456 1.2122447 -0.5833684 0.20123334 -0.6694203 -1.3323035 -0.22870705
49 -0.8339223 0.2562566 0.9789132 -0.9491491 0.9321204 -0.6539467 -0.7497746 -0.08876077
14 0.62491673 -0.06303979 0.7262452 -0.86145145 -0.17678237 1.2400708 -0.5476678 0.21518075
24 0.68614227 0.43976638 0.69802856 1.1724545 0.67281044 -1.0755244 -1.2212939 0.34880397
37 1.1417356 -0.6749905 0.9145415 0.23030792 1.034056 -1.1312546 -1.186446 0.24469662
11 0.6103514 -0.00535347 1.0622896 -1.0423527 0.11208167 0.3813596 -1.3068246 -0.12718832
3 1.1496081 0.5776012 0.48632842 1.743194 0.3948948 -0.7245214 -1.144067 0.46296912
47 -0.7059131 0.037373174 1.1247836 -0.61002445 1.1733617 -1.1804132 -0.32634443 -0.40233177
21 0.965508 0.0049866973 0.75390416 1.3471743 -0.33425874 0.3351151 -1.1112874 0.0011483644
35 0.24549508 0.31667244 0.85890484 1.0328467 1.2388556 -1.8299803 -0.7240432 0.08068033
30 0.233661 0.5066251 0.70621705 1.2147543 1.150167 -1.4918685 -0.5582501 0.08624149
12 0.47504926 0.2682826 0.2968324 2.043551 0.8424587 -0.94942874 -0.39545467 0.63483393
33 1.1991775 0.029319666 0.545672 1.5658247 1.0017693 -1.0089207 -0.98022634 0.25068817
2 0.16828942 0.7883724 0.54830134 1.4357566 0.5024622 -1.3294419 -0.57458156 0.6158586
22 0.5440054 -0.010023629 0.82844114 0.35195237 1.2627475 -1.3881966 -1.3441588 0.29320946
23 0.8155585 0.518824 0.8479392 0.7394346 0.09890028 -0.36236656 -1.1117003 -0.08461502
32 0.5909258 0.3685808 0.6315495 1.4073124 1.0872116 -1.3614817 -0.76079905 0.25779712
