50 8
46 -0.5684544 0.19459888 0.76741993 0.44768098 0.32681593 0.10858563 0.39735413 -0.20800132
23 -0.78960323 0.14087954 0.42722756 0.5715854 0.54028815 -0.37315738 0.31300113 -0.82302815
10 0.18165961 0.27588588 0.7386472 0.59341985 0.0339655 -0.019608531 -0.34679928 1.3620312
1 -0.38547748 0.9590734 -0.2649374 0.27399215 -0.04131901 0.23450826 0.2213625 -1.0308639
19 -0.6102777 -0.38422993 1.1164726 0.77007407 0.5544855 -0.014275998 -0.12141453 0.5756466
42 -0.8659506 0.2152117 0.25910267 0.51998526 0.4071987 -0.48593193 0.28001976 -0.8101035
49 -0.87139106 0.5988975 0.014720928 0.25973973 -0.058250893 0.20265488 0.062126663 -1.0835284
15 -0.32299525 -0.22820951 1.2087953 0.6497533 0.30731502 -0.24071625 -0.24713929 0.9748877
6 0.092758216 0.9870518 -0.6870553 0.59716696 -0.35158125 -0.51832175 -0.1871922 -0.9390017
17 -0.98213524 -0.29498264 0.6100476 0.7447013 0.6455601 -0.8250176 -0.11708361 -0.65457577
37 -0.35481066 0.23961793 1.0381529 0.3621265 -0.3960159 0.86598265 -0.12903468 1.6729308
5 -0.5338101 -0.100639716 1.2144272 0.58546066 0.6648029 0.0913394 0.5174698 0.4392951
27 -0.513121 0.9016261 -0.2566712 0.39745352 -0.07649282 0.12799369 0.55707973 -1.3502821
48 -0.057146724 0.9013634 -0.50132346 0.59175813 -0.087333195 -0.48113266 0.07280026 -1.243635
24 -0.5713079 -0.27172926 1.3092351 0.61545616 0.72564787 0.13598944 0.014755878 0.6888595
21 -0.3335628 0.12950103 0.86879814 0.4687671 0.021617813 0.097818114 -0.43744472 1.3650199
43 -0.23060304 0.88303035 -0.363294 0.40686604 0.0028446831 -0.6258579 0.0073363394 -1.456374
12 -0.09779416 -0.072052285 0.13951606 0.94805455 0.41863093 -1.183722 -0.5867987 0.2344923
34 -0.3756873 1.2773496 -0.33956897 0.08822687 -0.42683965 0.5264501 0.26715448 -1.3182511
28 -0.05215194 0.99959886 -0.2620552 0.40300584 -0.00081823894 -0.5348182 0.14683579 -1.6656806
0 -0.4752681 -0.50363225 1.4520363 0.77821404 0.7547093 -0.27971485 -0.36269644 1.1472552
36 -0.5665675 1.0059059 -0.28784364 0.29933244 0.06338473 0.23581553 0.56700075 -1.3673712
41 0.23954865 1.1865904 -0.70293045 0.44038057 -0.2765578 -0.46492124 -0.21209948 -1.2624937
30 -0.13341215 -0.3831698 1.0075965 0.97341245 0.5985401 -0.8284235 -0.56848454 1.0630347
38 -0.20917344 1.2662493 -0.49763203 0.2788749 -0.18936075 0.4049971 0.5479984 -1.1978573
13 0.05552587 0.07083572 0.8866629 0.6888153 -0.15816467 0.003817192 -0.26860327 1.4366727
4 -0.30457348 1.1661841 -0.2289716 0.07733779 -0.88147 0.9805133 0.32904044 -0.12064129
40 -0.25019482 0.87211514 -0.48903263 0.53346676 0.22111133 -0.9649026 0.10446631 -1.641525
3 -0.42068958 -0.23545158 1.2123197 0.5755891 0.6093289 -0.080755785 -0.5515334 1.1176746
9 -0.14963987 1.0999421 0.23397763 -0.06841038 -0.43974346 1.2253212 0.032004707 0.68306893
18 0.29865256 0.18114072 0.71616304 0.6729336 -0.40984663 -0.20895074 -0.6796999 1.9111632
11 -0.14721538 0.567317 0.7452274 0.20958918 -0.5150119 1.1525227 -0.2331529 1.5649561
33 -0.18153788 -0.0053287637 1.2350197 0.48665473 0.178568 -0.0020867966 -0.44029936 1.5698345
39 0.0495946 1.4545612 -0.7374594 0.18541747 -0.27780735 0.099515274 -0.13590272 -1.2219813
2 -0.3617419 -0.1638273 0.8684179 0.7117404 0.5764212 -0.22748835 -0.36942598 1.0301701
26 0.3085254 0.24398905 0.094721876 0.7486867 -0.24504888 -1.2997078 -0.8981556 0.4210504
31 0.108829655 0.8920063 -0.6279234 0.66395205 -0.008875227 -1.0443032 -0.23001365 -1.5838445
47 -0.6693585 0.6577403 -0.3552305 0.47870037 0.27074915 -0.37803957 0.106646396 -1.6340631
44 0.2184545 1.4666079 -0.884001 0.27506727 -0.5673762 -0.26188466 -0.1880455 -1.1068825
7 -0.19622615 -0.3513281 0.9072333 0.92983377 0.5360791 -0.7691773 -0.6184061 1.0871245
16 -0.02746778 1.1172633 0.24590217 -0.008746746 -0.28963336 0.66670495 0.29452083 -0.36129424
14 -0.516953 1.1887064 0.2045061 -0.2628961 -0.11714385 1.630514 0.16798462 0.3038994
32 0.46842986 0.2767865 0.94137675 0.57679194 -0.22829548 0.02764588 -0.432371 1.8029814
22 0.21355778 0.44358712 0.91380966 0.40588942 -0.3498299 0.7276518 -0.3534812 1.8264574
35 -0.24057598 -0.21563885 1.15104 0.7290497 0.26822424 -0.19225112 -0.38200346 1.6539172
25 0.39152995 1.249958 0.13487303 0.012815483 -1.2469004 1.1611419 -0.1302917 1.0417032
8 0.69686157 0.9370183 -0.5538759 0.552185 -1.0075868 -0.86920404 -0.9407884 0.30674574
20 0.28617167 1.1844178 0.06566955 -0.03485914 -0.8030939 0.89600617 -0.6059474 0.8905574
45 -0.14308684 1.1735998 -0.66430515 0.3313835 -0.22170573 -0.03755438 0.016552573 -1.080767
29 0.15596724 1.2471014 -0.47999597 0.23462114 -1.0526857 0.86420417 -0.0482567 0.24455805
