50 8
43 -0.18208344 0.015957756 0.5162858 -0.15141134 1.0441808 0.37412643 -0.06479063 0.2704667
1 -0.13249804 -0.15174557 0.60623974 -0.3182049 1.1167519 0.5697351 -0.07180296 0.018923016
42 -0.25923228 -0.13105665 0.6212471 -0.20338288 1.1509745 0.23927724 -0.30947214 0.24321754
25 0.12567513 0.041080147 0.7368229 0.4089029 0.51634467 0.1088142 -0.37444833 0.23895796
23 0.34773877 0.049466826 0.44078165 0.15646602 1.442481 0.18671973 -0.34620464 0.27787757
19 -0.17317063 -0.20574996 0.2695081 1.1397291 -0.6538857 0.075397864 -0.59672904 1.0729855
6 -0.53638864 0.61000913 0.24523143 0.26921034 1.0700624 0.3394376 0.51757836 0.043147914
28 -0.63598084 0.2503457 0.62582374 -0.8269939 0.28252837 1.0109677 0.25846946 0.36135775
24 -0.15011936 0.4493712 0.4623808 0.014248054 0.57316846 -0.14331041 -0.5923733 1.4674048
45 -0.5120501 0.011011467 0.83884424 -0.9749114 0.55971265 0.7564527 0.0915237 0.407078
36 0.054990362 -0.00156962 1.4310565 -0.2672542 0.31252852 0.5813311 0.4256655 -0.81095463
34 -0.31640127 0.11170322 1.1879842 -0.7856693 0.38644642 0.81817967 0.42166787 -0.2993799
29 -0.45512658 0.23662402 0.7638395 -1.1786227 0.8150945 0.71316165 -0.14686581 0.6786549
30 0.185713 -0.04006383 0.1950926 1.9746722 0.1523262 0.012180337 -0.39838505 -0.21442328
27 -0.5222354 0.3202682 0.98898304 -0.99313307 0.7110063 0.7077786 0.6429897 0.07100322
31 0.35619602 0.11210921 0.14571992 0.662044 1.459116 -0.055211768 -0.7310934 0.58519745
26 -0.3003563 0.14621472 0.18708766 -0.024879344 0.69239044 0.12949911 -0.029700829 1.2878766
39 0.6164158 -0.09583551 0.5487456 1.0088062 1.0769337 0.055232167 -0.0124823935 -0.3795422
8 -0.00609694 0.2750157 -0.2260801 1.5918045 0.5327068 -0.04835776 -0.3229755 0.6167645
40 0.43788928 0.4324003 0.1939346 1.1445603 0.9924305 -0.036464 -0.32631993 0.23759203
18 0.17398708 -0.5882104 0.08076755 1.4583077 -0.13942358 0.078892 -1.1169178 0.8416108
46 -0.60025585 0.17189601 1.0678041 -0.9311568 0.114921756 0.7898738 0.38778108 0.16828498
2 -0.05670442 -0.20640178 0.4188355 1.1814767 -0.3749777 -0.100100674 -0.9735454 0.87393665
15 0.20133807 0.311562 0.44063765 0.18628569 0.5426075 0.007866173 -1.0079242 1.1915425
16 -0.35542008 -0.03901355 0.67132545 -0.753974 0.47694492 0.8677408 0.07623151 0.3924744
41 -0.04941696 -0.41393977 1.0188704 0.41589782 -0.24837399 0.8560116 0.52936393 -0.94384164
20 -0.65208435 0.057890546 0.22918579 0.14548486 0.6098621 0.46712825 0.4075807 0.37886417
44 0.8201433 -0.2507976 0.7355448 0.9964925 0.6291861 0.31991696 0.014513356 -0.6667586
38 -0.050264385 0.43182728 0.42862746 0.33386937 1.4980886 0.5396415 0.5955855 -0.778914
17 -0.23307541 -0.13283348 0.89432 -1.1359993 0.22382902 0.8401109 -0.2613491 0.7784726
0 0.24979271 0.09869835 0.08591596 0.89350605 0.7180517 -0.23551133 -0.9747099 1.2665453
4 -0.43283504 0.36743933 0.772422 0.39658645 -0.5214507 1.0427109 0.86700284 -0.78320336
12 0.09586653 0.010202274 0.060514253 1.5496615 0.90926206 -0.43939507 -0.61270195 0.6250863
49 -0.65183884 -0.32086182 1.0463222 -1.2268304 0.12507898 0.87413394 0.18448393 0.4616385
9 -0.5934699 -0.2792095 1.1967276 -0.6934823 -1.186201 1.4605088 0.7190119 -0.22580133
48 0.19641623 0.39548996 0.4452176 0.57708687 1.0677543 0.6237416 0.7346934 -0.7643013
13 0.08059834 0.64263135 -0.35757387 1.7573057 0.073549606 0.18476288 -0.047376893 0.77608305
35 -0.31269646 -0.1332476 0.3280487 1.5406561 -1.2334634 0.58908963 0.596281 0.08534578
32 0.0014214163 -0.30933368 0.037309233 1.9022292 -1.1893066 0.49856684 0.4258118 0.42608604
3 0.23116519 -0.094948836 0.13272998 1.5618756 -0.3305977 -0.13608424 -1.1576173 1.1350662
47 -0.0778845 -0.24346812 1.4267151 -0.86153525 0.5170212 0.78454024 0.3150365 -0.54678226
5 -0.47800788 0.21166737 0.8759149 -1.2347775 0.084845334 0.9262622 0.37318256 0.84919846
22 -0.07316853 -0.8260189 0.0679255 1.9196388 -1.0417882 0.39686677 -0.3826493 0.4008987
21 -0.03575293 -0.5202554 -0.24693562 1.792898 -0.8008616 0.42282814 -0.8073528 0.991675
7 0.14653754 0.30507758 -0.46657974 1.1132327 0.767008 -0.21953572 -0.49098542 1.8695631
11 -0.41265914 -0.56883883 1.0998976 -0.21192214 -1.3680165 1.5133107 0.3239156 -0.5748147
14 -0.17980954 -0.29876658 1.1388304 0.062631175 -1.531109 1.0992864 0.42418423 -0.08978426
10 -1.0893188 0.5630641 -0.34046423 0.9793727 -0.13480717 0.49946028 0.15113744 0.7080872
33 -0.12515298 -0.50222075 0.099185266 1.7771746 -1.943271 0.8804413 0.6949045 0.45100552
37 0.079331785 -1.1448365 0.28856578 2.3107347 -1.5841316 0.035927337 -0.051126868 0.6868033
