50 8
39 0.09942696 -0.25070277 0.053259727 0.8494101 0.93958414 -0.014478225 0.22913754 0.104477204
43 -0.38162097 -0.6281948 0.25389054 -0.17532434 0.76701975 0.9634089 0.38370094 0.46111646
1 0.32914498 -0.6394086 0.26955277 0.13521335 0.69404316 1.2368029 -0.095635004 -0.19747078
23 0.31754008 0.096438125 0.90168107 0.50348544 0.32145762 -0.42824322 -0.7370294 -0.34601077
24 -0.056746658 -0.0893356 0.34636846 0.972753 0.41609362 -0.35423073 -0.66313946 0.19443457
28 -0.25259933 -0.054243274 0.49532235 -0.29028124 0.42646465 1.3877504 0.47054958 0.5427473
44 0.26459917 -0.9581066 -0.14888093 0.61840594 0.7687372 0.8058703 0.066161804 0.34095174
18 0.103400566 -0.25499195 -0.09978107 1.3382447 0.6063295 -0.7675254 -0.51929694 0.892724
29 -0.12965436 -0.4164689 0.09971562 0.5717973 0.79868144 0.7451797 0.39907175 0.040537238
17 -0.2839856 -0.24811772 0.71739596 -0.47114623 0.61251026 0.32022566 0.39861965 0.48229116
20 -0.4327129 -0.6448976 0.5776879 -0.49007234 0.27004394 0.912436 -0.017723868 0.81515557
31 0.051106296 -0.6480676 -0.13105842 0.69623226 0.96064883 0.2518883 0.11248783 0.4466332
45 -0.25655466 -0.4588551 0.5160666 -0.3532799 0.37996763 0.9375933 0.08005671 0.6472944
8 -0.52285236 -0.37119007 -0.13158107 0.79916316 0.71379983 0.16383024 0.3372185 0.90002847
7 -0.022629213 0.5187402 0.6439504 0.5716774 0.28257516 -0.97981185 -0.27196082 1.0153714
38 0.2751793 -0.42344654 0.48021942 -0.007976871 0.724938 1.3564475 0.44021592 -0.37701282
27 -0.20578131 -0.32509404 0.7424566 -0.7865746 0.5396487 1.4819158 0.37216133 0.17551662
15 -0.037333366 0.87605 1.2599446 0.40810677 -0.009756881 -0.7897902 -0.37148607 0.13486245
4 0.06548771 -0.00820161 1.0208895 -0.2865128 0.08488102 1.3700483 -0.21852449 -0.3534667
49 0.34380192 -0.28139517 0.94903755 -0.19640224 0.32430974 1.5319632 0.29204533 -0.7457337
42 -0.7223742 -0.57957524 0.07838101 0.15257671 0.7608793 -0.49661773 -0.13869876 1.313866
26 -0.66207534 -0.87771237 -0.09934821 0.32012665 0.754434 0.511487 0.5313695 0.9841477
36 -0.32537022 -0.32527274 0.6843134 -0.5658169 0.60364866 1.5693989 0.39740607 -0.13153762
11 0.12714884 -0.3109861 1.0476868 -0.5244568 0.10783469 1.2801307 -0.501907 -0.25946665
6 -0.7582693 -0.5117161 0.17805041 -0.07665392 0.88406813 0.27087447 0.46458986 0.8247046
25 0.09429029 -0.825106 0.37973008 0.1103285 0.45121962 0.8084355 -0.72936606 -0.010965524
14 0.43669793 0.3337659 1.3669145 0.02535885 -0.31001988 0.8844289 -0.718092 -0.61749864
35 0.1969864 0.34436867 1.10711 0.7206714 0.086102545 -1.2109885 -0.44869345 0.07969956
41 0.3514851 -0.78137887 0.5010671 0.13860016 0.61630523 1.2459013 0.29112816 -0.48275962
48 -0.2371164 -0.46478367 0.3541189 -0.4351978 0.5911173 1.2363703 0.2829958 0.6998282
34 0.49619275 -0.6068333 0.6933758 0.08584323 0.5579267 1.2773552 0.20910554 -0.841692
32 -0.06484028 0.2340301 0.24181776 1.3300812 0.6760432 -1.3910382 -0.50271904 0.68262094
19 0.027467882 0.6142888 0.6485504 0.67003155 0.38410228 -1.3268213 -0.38477135 0.9796099
16 0.13223323 -0.21693186 0.79587483 -0.6953023 0.34901553 1.6242266 0.1479747 0.18366672
10 -0.5917454 0.48751968 0.8160218 -0.3472732 0.034813527 -0.0017153815 -0.10345814 1.4046164
33 0.20351437 0.89555913 1.536168 0.28535438 -0.20934896 -0.9149486 -0.55731696 -0.011719212
46 0.29384953 1.2108207 1.5628382 -0.17878002 0.28104126 -0.18469347 -0.19826128 -0.7347846
12 0.0035707261 0.46762663 0.8724919 0.80286247 0.38002232 -1.5242072 -0.55852866 0.3653133
0 -0.053521413 0.8798691 1.2203041 0.6226248 -0.115341 -1.140816 -0.60808307 0.35986468
9 0.25839707 -0.03806383 1.404619 -0.84481996 -0.040798116 1.0754372 0.18524876 -0.1371313
47 0.20438215 -0.22727521 0.7965265 -0.10013328 0.33281085 1.6597368 0.73456955 -0.38339916
30 -0.10463514 -0.10923956 -0.052545693 1.3182307 0.8152376 -0.88002247 0.08306788 0.74185765
40 0.5451811 -0.33498675 -0.105025314 1.1661724 0.8558303 0.50061375 0.48947874 -0.0020192298
5 -0.073174834 0.9562815 1.8239653 -1.3000262 -0.10069896 0.73295593 0.17645815 0.08759079
2 0.39264077 0.3813316 0.8266908 1.3846798 0.2257921 -1.6949201 -0.45495093 0.2758901
13 -0.31013143 0.40936124 -0.02507389 0.6336553 0.736684 -0.2996615 0.44157603 1.4536462
22 0.35636756 0.26372096 1.0180931 1.1371603 0.041264176 -1.6266364 -0.66925 0.21698351
3 0.84317446 0.7162338 1.1181031 0.90652376 0.23157056 -1.0431432 -0.5373222 -0.38080665
37 0.4621081 0.76626754 1.0399641 1.2900784 0.09035023 -1.4841968 -0.3890549 0.0018484681
21 0.31269854 0.76261455 1.242316 0.8738534 0.0046352227 -1.542131 -0.8925696 0.12577844
