50 8
1 0.06953296 1.1574439 0.26863658 0.2992996 -0.46029764 -0.067476496 0.002926164 0.33111063
25 0.06047018 1.3083162 0.16256538 0.3765018 0.19032209 0.08929694 -0.349062 0.4012821
23 -0.01491202 0.84513026 0.16017209 0.4204072 -0.012042007 -0.58455384 -0.25762197 0.061279856
39 -0.16525358 0.26952288 0.6164793 0.5569599 0.925573 -0.40506366 0.20356186 0.7217806
24 0.047559045 1.0576123 -0.1201255 0.61872584 -0.28181055 -0.5869756 0.03550295 -0.10465121
31 -0.1897881 -0.29776907 0.34659627 0.9041788 0.25867683 -1.2954775 -0.008790182 -0.18938716
40 -0.029896073 0.8167083 0.36008817 0.46723104 0.64779466 -0.49143204 0.6728222 0.6566484
19 0.14643534 0.89316237 -0.07510936 0.617792 -0.32224974 -0.9686879 0.07609897 -0.2598868
44 0.07430222 0.66055167 0.50582105 0.30858395 0.70088094 -0.5411482 0.18265538 0.99437267
27 -0.8824037 0.4371473 0.3946811 0.4279748 -1.3683112 0.3659093 -0.74251854 -0.87544453
3 0.18798825 1.1430582 0.20822552 0.14883399 0.34620512 -0.89343274 0.49796936 0.67671156
16 -0.15188009 1.1474342 0.59814036 -0.2996599 -0.96025443 -0.108214885 -0.048511 0.24948694
42 -0.5645556 -0.4649949 0.85724455 0.3947828 0.120519064 -0.7682966 -0.4206719 0.16573404
12 0.34170604 1.0070337 -0.31204942 0.9288302 -0.20718564 -0.99536324 0.590083 -0.04107763
18 0.09069995 0.42092094 0.31392497 0.60126704 0.7041305 -0.9619326 0.5342897 0.8129091
46 -0.6847571 0.121727586 0.9352467 0.1580766 -0.5257006 0.31319544 -0.75947714 0.051043082
2 0.20801821 0.49502102 0.62271124 0.30077362 0.5637604 -0.8615833 0.48262766 0.827028
21 -0.15508825 1.4649851 0.15316533 0.20262925 -0.12892012 0.15301025 0.76127213 0.76021475
34 -0.33144253 1.5338705 0.15854922 0.5393031 -0.15089504 1.1747386 -0.07436841 0.4165177
28 -0.5699805 -0.4067312 0.65663356 0.8419312 -0.8609458 -0.288502 -0.7317369 -0.9202567
20 -0.26030436 0.888968 -0.12501864 0.5854515 -0.84078354 -0.4415586 -0.5819788 -0.5609967
41 -0.09505897 1.0127844 0.17851998 0.32028428 -0.35900104 -0.48799476 0.5155505 -0.03893643
29 -0.29530257 0.87009 0.54526573 -0.110635266 -0.81210274 -0.25102898 0.3389397 0.3246291
13 -0.025361404 0.24775037 0.10360832 0.9116258 -0.03284986 -1.0880021 0.67233264 -0.025221244
35 0.08247688 1.417866 0.6278472 0.19203399 0.05569726 0.6854534 0.52657914 0.8644434
8 0.25827423 0.8279543 -0.11364051 0.46741253 -0.31471914 -1.5373281 0.22619522 0.06302353
43 -0.9843705 -1.0939869 1.0129045 0.72318363 -0.06143647 -0.5603012 -0.41579384 -0.4352206
26 -0.56066304 -0.36774844 0.8013335 0.1265742 -0.37316352 -1.4244447 0.09198969 -0.43825325
4 -0.560311 1.4283267 -0.004754633 0.557835 -1.0989767 0.97213024 -0.11444504 -0.37720004
38 -0.31520092 1.4946584 -0.13697135 0.65555346 -0.5554821 0.5105643 0.07320218 -0.47498816
10 -0.38028207 -0.024969965 0.18300126 0.93084145 -0.757911 -0.8130231 -0.4334895 -1.0926002
45 -1.0734708 -0.6454031 1.4457546 0.22988378 0.069832295 0.53263605 -1.2526727 -0.061881874
30 0.14616972 0.5344671 0.53585607 0.51637024 1.1185727 -0.69287586 0.44087982 0.8140017
36 -0.64700633 1.021191 0.44689968 0.83956593 -0.14100586 1.6508273 0.006724315 -0.052707955
9 -1.3224959 0.639061 0.6201328 0.30111504 -1.0905585 1.4149905 -0.5522502 -0.3414903
14 -0.7703165 1.2816153 0.43749374 0.2336282 -0.7599717 1.3944004 -0.6941801 -0.2005908
0 -0.3948911 -0.98872894 1.4159689 0.4571 0.7902064 -0.7932103 -0.114763506 0.7433009
7 -0.061187033 -0.004986497 0.20232843 0.81105137 -0.27042165 -1.4547466 0.053737465 -0.71362466
32 -0.50995237 -0.011917781 1.2772886 0.3438162 0.99690175 0.4040616 0.42297223 0.9457577
6 -0.29395652 0.39189744 0.014687923 0.7419624 -1.0284674 -0.86320883 -0.121200524 -1.1093754
33 -0.29467514 1.2132562 0.86264074 0.1234594 0.35749197 1.0747331 0.5037043 0.8080608
5 -1.3784034 -0.68865925 1.1968675 0.64283746 -0.6861433 0.8972283 -0.770184 -0.64337945
22 -0.09409979 0.40371153 0.6383331 0.5468857 1.1975037 -0.27439612 0.20726213 1.0835558
11 -1.1894817 0.66108215 0.7689469 0.33940536 -0.6097998 1.7186222 -0.57389814 0.16417874
48 0.011524679 1.2556373 -0.35440043 0.8385754 -1.1091862 -0.15950611 -0.26931345 -0.6811138
49 -1.2462428 -0.083640344 1.0652161 0.27514574 -0.7742384 0.94764334 -1.112768 -0.5530169
15 -0.97618103 -1.2988449 1.3613886 0.5743599 0.05828428 -0.43197715 -0.816031 -0.38977996
37 0.2989102 0.43492702 0.63933146 0.594524 1.1519206 -0.8103324 1.1351099 1.1185955
17 -1.2924861 -1.1998494 1.3973489 0.34556264 -0.35582915 -0.1330014 -1.3710954 -0.63733727
47 -1.6780254 -1.3521719 1.727028 0.52514255 0.3640602 0.870014 -1.2497329 -0.25688943
