50 8
19 -0.39880684 0.13491853 0.84479696 0.19197161 -0.9952888 -0.86077964 -0.057009127 -0.117993966
4 0.05606265 0.85450035 0.007054526 0.9974517 -0.24168408 1.2503327 -0.24426453 -0.3124304
45 0.0046702893 0.19593368 0.8269902 0.35615134 -1.1046118 -0.052009705 0.41934198 -0.5077917
28 -0.5340586 0.22839507 0.5105537 0.5763661 -0.9405519 0.2388812 -0.11576464 -0.2830633
41 -0.12618738 1.0357008 0.034686327 0.5836465 0.5695828 0.8995251 -0.08149879 0.414318
25 0.054692894 1.0746458 -0.006353533 0.2417311 -0.024752414 0.6844807 -0.005263184 0.47300643
42 -0.24288246 0.507173 0.25122398 0.36736476 -0.7611897 -0.7155794 0.9777813 -0.6332909
10 -0.37056452 0.09303182 0.41043448 0.6427106 -1.1733735 -0.062999934 0.54935867 -0.4038041
43 -0.34287617 0.16872236 0.60418266 0.82237613 -0.2685525 -0.57333183 1.0897565 -0.73940414
1 0.2328351 1.0932976 -0.017048197 0.60111356 0.5966569 0.7945857 0.617057 0.30021146
39 -0.124216475 0.6957343 0.32281423 0.17693977 0.47949806 -0.52108705 0.062324785 1.1420894
23 -0.088266715 0.68666035 0.3142813 -0.20265244 0.06534412 0.109162465 0.33866695 1.5531954
9 -0.3316906 1.1695645 -0.32440236 0.6982078 0.26923084 1.1341604 0.25912997 -0.11454127
36 -0.30419207 0.67750394 0.004434743 0.9315392 -0.36937898 0.89251745 0.1913209 -0.5062332
18 -0.040113047 -0.16667834 1.0937699 0.25829738 -0.5815923 -1.6912457 0.97332996 0.21052241
16 -0.0590973 0.803883 0.43800908 0.5065238 -0.58645976 0.9750618 -0.34723413 -0.57027006
5 -0.18994069 0.3754851 0.3815688 0.6751969 -0.891437 0.9892695 -0.2800244 0.014843015
17 -0.37854004 0.34957168 0.7983948 0.4215316 -0.9393525 0.07839856 -0.067661636 -0.73942405
49 -0.36335933 0.64035255 0.35615453 0.75826615 -0.4532221 0.9661676 -0.35598382 -0.4844066
34 -0.008553982 1.3887887 -0.05673869 0.553719 0.6383357 1.1483978 -0.7203657 0.43119353
27 -0.8129356 0.40378016 0.005718655 0.9089627 -0.5766402 0.65573746 -0.028749017 -0.2529932
21 -0.5099678 0.92061645 0.14926004 0.36661384 0.61534774 0.55785674 -0.13417564 0.7399354
46 -0.008776913 1.1363052 -0.15979193 0.6520715 0.014120629 1.1874107 -0.09580641 0.02272298
6 -0.63136876 0.093579955 0.5724818 0.78326 -0.9889334 -0.41469455 0.37138957 -0.96276826
15 -0.67921436 0.46553326 0.6253355 0.02500401 -1.3869543 0.18670633 -1.0633192 -0.053909894
22 0.47168213 0.9457226 0.4284074 0.8178335 0.54298896 -0.14931777 0.2452045 -0.54618084
20 -0.15302297 0.44242734 0.27639145 1.1154549 -0.8162174 0.56891304 -0.038382877 -1.0784336
38 -0.19622609 1.3787767 -0.21768901 0.7154513 0.19496955 1.1777714 -0.64464885 -0.25606695
24 -0.7516644 0.88306713 0.07873432 0.03977143 -0.39563018 0.5665409 -0.74139845 0.598069
11 -0.032833815 1.042156 0.27346656 0.27467465 -0.06003138 1.2400281 -0.4874776 0.3116824
32 0.40212452 0.9480909 0.0370027 0.3987298 1.0104697 -1.1695037 0.8027184 0.94937164
37 0.22970009 0.270112 0.8870844 -0.011085317 -0.16661137 -0.7660478 1.1079254 0.5793269
26 -0.41811517 -0.085576504 0.8225985 0.42310226 -0.86156404 -1.355305 0.27965158 -0.057818636
14 -0.36490512 1.3944926 -0.15429984 0.46424747 0.30423105 1.4999614 -0.9987923 0.35013762
2 -0.08660151 0.8438128 0.05566188 0.17371489 0.14194217 0.5449476 -0.39094225 1.507171
31 0.044894557 0.17809354 0.8601553 0.16829872 -0.0012049599 -1.9168385 0.6713777 0.6270014
29 -0.21223624 0.43036646 0.6388239 -0.25140318 -0.34278777 -0.7090811 0.07500111 1.1555463
12 -0.50558287 0.120078966 0.7179994 -0.016558874 -0.7006905 -1.0536041 -0.2741895 0.9435572
7 -0.62564653 -0.2728579 1.0398597 0.23080401 -1.3147258 -1.1185066 0.13927525 -0.009375384
48 0.087614276 1.3116871 -0.35184014 0.692957 0.8923066 0.67116374 -0.44137698 1.0014665
8 -0.28094625 -0.17768268 0.76670724 0.6110371 -1.0399846 -1.899049 0.57030296 -0.39651623
33 0.26015118 1.2807299 -0.08105671 0.23358184 1.2563058 -0.4905368 0.007305467 1.369076
40 -0.1778734 0.41347647 0.9007451 -0.18045107 0.7086873 -1.7207285 0.5815089 1.2934706
30 0.027777022 0.19159979 0.7599787 0.41774866 0.19386931 -1.8250786 1.1204731 0.22268367
3 -0.3554843 0.25901353 0.96383107 -0.4246844 -0.8944786 -0.43241465 -0.8544573 1.3310682
13 -0.31901252 -0.15128084 0.6864727 0.67727965 -0.41020566 -1.5410124 1.3843944 -0.19217017
0 -0.74046826 0.115903944 0.96871305 -0.4876646 -1.2193588 -0.86476934 -0.5702618 0.82771283
44 0.52327657 0.29636967 0.6964459 0.59903556 -0.050061446 -1.8228782 1.3972226 -0.28678137
35 0.5757101 0.870678 0.43565166 0.41488916 1.1131935 -1.1244849 0.46884045 0.8534483
47 0.19454956 1.5291735 -0.61542916 0.45277792 1.2959232 0.76599425 0.73048884 1.2518371
