50 8
42 -0.14576836 0.34183624 0.68334025 -0.38480452 0.33428663 -0.1699956 0.17513937 0.62312907
39 0.12086442 0.010360748 0.34108007 0.61227524 0.8278639 0.21418309 -0.39068663 0.28061444
26 -0.49621814 0.35554183 0.31373772 -0.044930823 0.5868717 -0.23907404 -0.33462772 0.9341194
23 0.34390083 -0.1303894 0.343004 0.9463265 0.95596546 -0.07594431 -0.5098829 0.17622493
24 -0.19601503 0.5335055 0.22163464 0.33459827 0.6760433 -0.44626775 -0.36141327 0.8596314
6 -0.6285838 0.5898761 0.37260687 -0.17157131 0.47755027 -0.115401156 -0.3628125 0.94094837
43 -0.4908208 0.59783494 0.6496682 -0.5707964 0.13012366 0.20015134 0.35418403 0.7581705
19 0.04457695 0.39577973 0.531493 0.37099105 0.42742968 -0.54938096 -0.41168553 0.5488128
45 -0.29708952 0.2584784 0.9919916 -0.72713447 0.04776072 0.5694614 0.7339033 0.1865251
1 -0.33928913 -0.10649771 0.61720026 -0.5378076 0.6766627 0.51901996 -0.24384278 0.5129737
44 -0.25758553 0.060347226 0.6117159 -0.8217326 0.8756423 0.22785641 -0.17778938 0.58118296
41 -0.26519027 -0.07346446 0.9658209 -0.50683767 0.15253848 0.69629765 0.35933062 0.12780672
31 -0.29380894 0.4532979 0.11792902 0.38347644 0.8313909 -0.34767216 -0.49195817 0.8972295
28 -0.4482747 0.5338733 0.95239186 -0.6664925 -0.18663551 0.19947027 0.87803084 0.3976293
36 -0.49312544 0.41534993 0.8902116 -0.8566443 -0.023099473 0.49035916 0.8405816 0.4939767
20 -0.44776788 0.28365177 0.7854118 -0.89275163 0.2925344 0.4474559 0.4464359 0.5410062
40 0.12036066 -0.20789218 0.07817328 0.9313392 1.216647 -0.0038292143 -0.98946756 0.57478106
25 0.3782289 -0.5146919 0.8968907 -0.33420333 0.8378045 0.6963529 0.092255056 -0.20710337
16 -0.1886899 0.15418576 0.97079325 -0.76563007 0.017777048 0.5892788 0.82402736 0.2660072
4 -0.195361 -0.0129018165 1.0579641 -0.68544436 0.031611923 0.6715778 0.74720234 0.11402999
38 -0.17429583 -0.27763432 0.733278 -0.6751725 0.7404052 0.65071225 0.2628368 0.25761142
34 -0.1510582 -0.33943 1.2500912 -0.95556486 0.12626429 0.7497311 0.66676205 -0.057849947
18 0.27556682 -0.33047897 0.36300915 1.3353808 0.81164616 -0.2257999 -0.8623412 0.30832464
27 -0.3129826 0.36408055 1.0176191 -0.8874867 -0.15557532 0.41079456 1.0740961 0.41063115
17 -0.2386973 0.8579963 0.77141654 0.17551942 -0.46307257 -0.1682479 1.1598601 0.3547688
48 -0.00384215 -0.14483684 0.18746057 0.5495638 0.84783864 -0.3481698 -0.4935017 0.8655914
29 -0.39816475 -0.03943921 0.3601238 -0.3390298 1.2455444 0.1860896 -0.66276014 0.53320587
15 -0.41061896 1.209301 0.53156173 0.39877462 -0.3338952 -0.064471535 0.63411003 0.5781264
30 0.24144866 -0.19367877 0.3825415 1.3896126 0.71647954 -0.35600588 -0.84033954 0.30129915
49 -0.5132763 0.38080874 1.1324767 -0.55568177 -0.5477539 0.57334876 0.96588534 0.26927248
46 -0.18570778 -0.4199798 1.3172377 -1.0338036 0.22269544 0.73035187 0.55094475 -0.12134683
9 0.08728225 0.430946 1.343378 -0.47621444 -0.7728731 0.18222651 1.5367521 0.048943352
14 0.61451554 -0.57407266 1.4462404 0.5229803 -0.57844055 1.143384 1.0778792 -0.7540166
7 0.056812473 0.80470073 0.014079179 0.9522065 0.5882931 -0.8085838 -0.31690738 1.0264399
8 -0.5255936 0.21599358 0.04239654 0.09942214 1.0009469 -0.28199363 -0.7596395 1.2053955
12 -0.04316315 0.3898925 -0.030877141 1.2354208 0.96595305 -0.81321216 -0.8306389 0.8533803
0 0.37673354 -0.10677824 0.6374538 2.0435956 0.10245899 -0.052069984 -0.109619744 -0.35146597
2 0.45083123 -0.1343891 0.6165225 1.3854921 0.813127 -0.29094768 -0.9364892 -0.2921846
21 0.45103213 -0.53129655 0.63996035 2.3521824 0.15909363 -0.13855414 -0.428165 -0.26862094
10 -0.95066917 1.2518042 0.22318985 -0.14048919 -0.13652366 -0.114143096 0.3328821 1.3975708
13 -0.06507829 0.20821597 -0.05259614 1.3173759 0.6568516 -0.3700859 -0.82863724 1.0562236
3 0.6540666 0.042467803 0.60844404 1.8013936 0.47431704 -0.57760304 -0.80855787 -0.17132258
11 0.3479644 0.21809022 1.5321822 0.06319031 -0.9260161 0.4463961 1.3978019 -0.42329273
35 0.8149786 -1.2307382 0.9541114 1.3435175 0.41987476 0.20779131 -0.050265018 -0.5139621
5 0.39178768 0.6157091 1.2046803 0.4199991 -1.0186746 0.0025786005 1.7186956 -0.112040274
22 0.72372866 -0.8460021 1.0834986 1.962506 -0.256265 0.46933177 0.454589 -0.79161876
32 1.0087576 -0.7819195 0.63675076 2.0556588 0.74316007 -0.3139842 -0.2757259 -0.46749344
33 1.318983 -0.9527802 0.972166 2.3781488 0.2030491 0.23091723 0.45552003 -0.9867173
47 0.16634151 -0.780058 1.7483426 -0.13825351 -0.58268857 1.3856225 1.1749924 -0.9454401
37 1.4144528 -0.94869584 0.852111 2.6569953 0.36074913 -0.20385121 0.0074453843 -0.853182
