50 8
43 -0.010451084 -0.17697562 0.4087509 0.07838637 1.1362872 0.6251072 0.6003242 -0.26501396
28 -0.1141575 -0.21230413 0.3664306 0.32543266 0.5082688 0.696028 0.561383 0.0069928765
39 0.08237993 -0.24278459 0.858973 -0.009193183 0.8895996 -0.04829268 -0.4547568 -0.05255404
1 0.035654694 -0.4462431 0.41762218 -0.07245083 1.2740314 0.8801634 0.5446746 -0.16440295
25 0.5297813 -0.35742745 -0.54933184 1.0215104 0.6773786 0.52846074 -0.12116698 0.32315835
26 0.047239378 -0.37892032 0.92961514 -0.21672294 0.7684608 0.14974079 -0.118184194 0.55967647
45 -0.16321832 0.014961391 1.0341483 -0.2349044 0.84303796 0.5226861 0.33240566 -0.3799361
23 0.12774478 0.6358237 0.9448838 0.5488476 -0.11353854 -0.5406837 -0.91653365 0.15848334
40 0.47582582 -0.13876389 0.79520893 0.26140496 0.5465947 -0.35832837 -0.85171807 0.37708947
42 0.0034101456 -0.25604478 0.88590425 -0.3553948 1.1211234 0.42740354 0.24853182 0.06383724
36 -0.31211114 0.0132406475 0.60848695 0.19060914 0.53499144 0.761436 0.83822614 -0.3286202
17 -0.28973198 0.3222869 1.5298638 -0.37362707 0.48910564 -0.06939688 0.32494783 0.041088294
18 0.41880822 -0.09850253 0.12246181 1.2799196 -0.1814916 -0.6508967 -1.3105105 0.72621876
12 0.10330737 0.237383 0.47693455 0.76899904 0.23098579 -0.45518804 -0.96786886 0.09179235
6 0.27301222 -0.524617 0.69087064 0.054345503 0.8272883 0.200809 -0.23609535 0.20776883
19 0.34179696 -0.042811032 0.9007703 -0.0009423041 0.713465 -0.26954418 -0.49772912 0.43318096
27 -0.1472219 -0.020642756 0.93551946 -0.23271105 0.89705396 0.7107696 0.8864375 -0.33158287
38 -0.3404075 0.03942613 0.08883707 0.8787268 -0.064813904 1.0269916 0.91399145 -0.3730399
48 0.5476659 -0.518001 0.36046985 0.20653415 0.7393868 0.4876725 0.04826407 0.45679444
20 -0.42516392 -0.38231876 0.135453 0.43634948 0.49989858 0.8858431 0.8971684 0.09949925
34 -0.26982754 -0.16793005 0.7074115 -0.007786577 0.8199832 0.9317891 0.84657377 -0.5157484
31 0.2900241 -0.26862946 0.8790406 -0.012811859 0.8650813 -0.31832317 -0.87590826 0.3711673
49 -0.39229918 0.059326507 0.6854169 -0.027719118 0.68358403 0.8571822 1.0216138 -0.066413075
44 0.31186938 -0.7012657 0.3890348 0.3523094 0.9231241 0.13762517 -0.2804981 -0.13342814
16 -0.27547818 -0.027565915 0.7017263 -0.044650815 0.6411203 0.89257723 0.9069083 -0.104899034
4 -0.5668949 0.021589464 0.042233977 0.74526983 0.022397414 1.2865261 1.3204647 -0.1597031
2 0.16681479 0.55886865 0.5807167 0.8952137 -0.30631575 -0.52422976 -1.1318893 0.5106879
30 0.34084436 0.53314507 0.6142501 1.0677307 -0.2991185 -0.97442126 -1.3658705 0.704593
41 -0.4452546 0.0534803 0.80728334 -0.070164084 0.7744872 0.76995 0.99796444 -0.4560284
46 -0.742658 0.37918693 0.92062104 0.021842362 0.27960512 0.80590147 0.8927189 -0.42967802
24 0.14799328 0.32234395 0.53340524 0.93996596 -0.05600875 -0.8180826 -1.4910804 0.5628287
7 0.45024046 0.26842397 0.33300406 1.1042151 -0.2167763 -0.6512472 -1.2013328 0.85412484
10 0.1712894 -0.22334655 -0.4482437 1.3714836 -0.1394359 0.30933523 -0.18440345 0.6800944
47 -0.1426631 -0.16457032 0.8249896 -0.13727197 0.74046284 0.92962736 0.9444917 -0.2990447
14 -0.43194994 0.7596055 -0.25698858 1.3945025 -0.61164075 0.89237154 0.5629898 -0.19569612
22 0.104310356 0.20414731 0.2775404 1.4300175 -0.5100532 -0.8437806 -1.3541584 0.677311
5 -0.436903 0.3733582 0.625468 0.10831367 0.44170982 0.9404841 1.300757 -0.14774953
29 0.37072927 -0.722964 0.12203452 0.37856397 1.033748 0.19010694 -0.32118493 0.30599794
33 0.03296462 0.58338445 -0.18605377 1.9331146 -0.99739975 -0.17495622 -0.55562216 0.24463317
8 0.297018 -0.30239183 -0.39715865 1.2734501 0.025911188 0.201484 -0.6809413 0.67696387
11 -0.8875672 0.38522133 0.047439225 0.75337464 -0.12210482 1.3389883 1.3009517 -0.32948488
3 0.03304226 0.782125 0.51864415 1.3971982 -0.57783484 -1.0993779 -1.4290594 0.52592057
15 0.05836331 0.4451014 1.220905 0.10978436 0.076769926 -0.34893218 -0.7254863 0.29560658
0 0.043133214 0.8844637 0.49818325 1.1769868 -0.45100003 -0.89226866 -1.6457617 0.60109276
32 0.06740829 0.692728 0.026018988 1.7525176 -0.7808491 -0.5873076 -1.1921811 0.43246597
21 -0.18020724 0.58620673 0.12279953 1.7510421 -1.087298 -0.5639496 -1.270988 0.61706316
9 -0.6450202 0.09168068 0.62439793 0.33428732 0.07476972 1.2234936 1.6120236 -0.34625787
35 -0.3145405 0.80020905 0.12390244 1.662658 -1.0481584 -0.53304726 -0.9282097 0.6481879
13 -0.16971111 0.6462373 -0.79350054 2.198917 -0.9894299 0.1910723 -0.49845174 0.40574837
37 -0.030846639 0.675915 0.09194102 2.026072 -1.2788751 -0.66702056 -0.90313065 0.59391654
