50 8
28 0.11332692 0.13692978 0.49277753 0.81874424 -0.83266246 -0.24337202 0.18878767 -0.72762394
1 -0.3810684 0.71425986 0.24212535 0.59809875 -0.48349625 0.06537135 0.44156778 -1.2132651
49 -0.20973703 0.7116562 0.23775518 0.5917322 -0.54088473 0.3417779 0.22240372 -0.81642455
43 -0.43065673 1.1220523 -0.28980815 0.017581603 0.01695246 -0.97626793 0.14846727 -0.5001541
18 -0.13638614 0.5312263 0.18601418 0.21304573 0.046376884 -0.8480846 -0.6433664 1.148426
27 -0.16529885 0.6549072 -0.15852877 0.6004163 -0.7347836 -0.24808845 0.03549549 -1.1105969
6 -0.06818314 0.227449 -0.28276137 0.8750839 -0.79134464 -0.77071804 0.045920026 -0.53245944
26 -0.23521638 -0.16540736 0.1229894 0.74206704 -0.49318522 -1.449884 -0.92998886 0.3676058
25 0.10252068 0.745364 0.7745826 0.14300695 -0.33815733 0.81656843 -0.041927036 0.9765375
46 -0.001486973 0.71118075 -0.5566898 0.53689617 -0.9805889 -0.30100462 -0.017898388 -0.8256001
40 0.14564921 0.9109695 -0.55058753 0.27054626 -0.25217682 -1.0287036 -0.1275178 -0.052907467
34 -0.35887408 1.0366869 0.33996126 0.276797 -0.35023707 0.6041614 0.2711102 -0.80585724
38 -0.2561979 0.69607055 -0.11828186 0.48082122 -0.7609493 -0.32687962 0.022623023 -1.2997226
16 -0.1744493 0.87089413 0.37517083 0.11218522 -0.55725044 -0.13827622 0.4694062 -0.78987116
23 -0.3152554 0.001205159 0.92999375 0.9310267 -0.8807634 0.732538 0.057672486 -0.4799966
20 0.17990205 0.40213168 1.0545254 0.62129945 -0.45072106 0.5095245 -0.014069942 -0.45620415
36 -0.6178995 1.003642 0.35007733 0.32251886 -0.21065882 0.08985829 0.6850319 -1.2626334
29 -0.29245713 0.50806135 -0.1048022 0.49186796 -0.50054824 0.01661157 -0.6707068 0.543886
41 -0.4222005 1.017687 0.36323187 0.33141258 -0.2832215 0.45881256 0.563287 -0.8857319
19 0.52247953 -0.016430873 0.114485994 1.1869507 -0.6669012 0.028702395 -0.26155725 0.9390868
15 0.057611004 -0.20101456 0.077757075 1.0341191 -0.8172971 -0.5517517 -0.16079025 0.7347349
9 -0.45627093 1.3333969 0.65154195 -0.35310432 0.019655606 0.35492358 0.6003499 -0.118944936
47 -0.35110676 1.1318303 -0.15780228 0.30645028 -0.40067053 0.051787276 0.04206839 -1.306719
5 -0.50137746 1.111186 1.0964015 -0.11690686 0.14216416 0.6944039 0.8073901 0.11006088
21 -0.3987871 0.36618003 0.73340553 0.44921175 -0.08626791 0.39753604 0.017193526 1.5864469
10 0.9100107 0.33291987 0.027119864 0.9939347 -0.5455399 0.09178153 0.1425989 0.81452394
39 -0.34622192 1.2188863 -0.2426956 -0.15247191 -0.0900719 -0.9009589 0.08702694 -0.6691049
42 -0.016387034 0.99123454 -0.6047404 0.10617619 -0.51697254 -1.189932 -0.37652698 -0.9697953
31 0.102636695 0.39377025 -0.6786261 0.61460954 -0.41953066 -1.6088117 -0.9337799 0.124857046
14 -0.15085496 1.1227351 0.7630967 0.14265797 -0.13981654 1.3741491 0.5504875 0.46610442
8 0.060959447 -0.04365449 -0.26495707 0.8297516 -0.6197238 -1.5581275 -0.52453774 0.32155803
4 -0.5736276 0.3119528 1.1466898 0.7201022 -0.6814469 0.70622665 0.81395453 -1.0850332
22 -0.7238448 0.63420063 0.7912208 0.20487414 0.5199851 0.02413534 -0.46855724 1.3348696
48 -0.2707871 1.040784 -0.5665429 0.2965838 -0.43638924 -0.7859355 0.07125878 -1.3179193
17 -0.65654486 0.8586108 0.33081228 0.13800775 -0.1752687 -0.48970276 -0.13981804 -1.1105139
2 0.21441323 0.22547501 0.5022137 0.9341336 -0.4872717 0.91365814 0.026504045 1.6463125
24 -0.15756357 -0.22803389 0.78524387 1.1867206 -0.86986667 0.6165668 -0.13151246 0.10442189
7 0.101859584 -0.2419246 0.07432627 0.923984 -0.43394908 -1.0338352 -0.9294308 1.5374346
45 0.0133897215 0.5447047 -0.21547829 0.6242229 -0.57304895 -0.88443613 -0.108852595 -1.0212537
11 -0.4946921 1.2160363 0.72738326 -0.12268901 -0.19688855 0.9801074 0.25705403 -0.27555788
30 0.26450995 1.3853109 -0.48702943 -0.20866483 0.4902823 -1.2104653 -0.41308287 1.1184809
13 -0.0010163512 0.35505378 -0.11415842 0.6086394 0.0298818 -1.0286852 -0.053474706 1.4491471
35 -0.1593744 0.7459778 1.0807848 -0.078238666 0.677023 -0.59261125 0.05867777 1.631998
44 0.3872596 1.2920048 -0.5794344 -0.24048194 0.21804883 -1.6020693 -0.82132256 0.38436744
0 0.026394507 0.6463059 0.259818 0.08497432 0.052483357 -0.41599002 -1.2277774 1.7986627
32 -0.28398862 0.99730104 0.5879956 -0.036495686 0.89710504 -0.75875974 0.21751022 1.4235127
37 -0.59568906 0.7245178 1.4077976 -0.0673372 0.53910303 0.38214687 0.26447114 1.7426213
3 0.30504158 -0.06355542 0.6108536 0.92760026 -0.69935006 0.52998674 -0.6097968 1.5244259
12 0.46045938 -0.42484644 -0.12847304 1.411648 -0.91123384 -0.37736806 -0.9640125 1.5462118
33 -0.30407292 1.202266 1.2640122 -0.59238976 0.96941537 -0.18436943 -0.14995946 1.8556079
