50 8
43 -0.1782926 0.40070346 -0.025604976 0.5444774 -0.60354346 -0.97712755 0.16999422 -0.73052925
24 -0.41481832 0.07291775 0.011047605 0.66450566 -0.07466857 -0.87203234 -0.7627291 -0.00657124
19 -0.54584455 -0.0045529627 0.028012909 0.6787005 -0.29917693 -0.7384237 -0.5413653 -0.3535352
36 -0.22733544 0.29558063 0.3574395 0.4763855 -0.83449525 -0.32027486 -0.119033135 -1.1645211
28 -0.23662297 -0.089975595 0.7328771 0.19651555 -0.68219894 -0.5147054 0.032228652 -1.0331457
40 -0.41074237 0.7831035 0.19603422 0.11529875 0.2636995 -0.627831 -0.76887906 0.7343779
27 -0.37332296 0.2158367 0.4852285 0.14293145 -0.7819527 -0.57428783 -0.05998281 -1.2887542
6 -0.57531404 0.04307991 -0.30477548 0.9371491 -0.12668431 -1.0401816 -0.011750447 -0.14092097
1 -0.11168287 0.35289955 0.38290298 0.56992173 -0.771336 -0.06012659 -0.4324314 -0.7349296
31 -0.27806368 0.14456853 0.059281033 0.63720685 -0.3621697 -0.78783363 -0.66520095 -0.43760997
34 -0.2880412 0.25846326 0.9323412 0.3412511 -0.51646024 0.4703835 -0.49143144 -0.80404633
23 -0.5017375 0.20083669 0.15028062 0.19243786 -0.038011447 -0.92756605 -0.84655386 0.4426801
42 -0.54458857 -0.03606989 0.056731563 0.5244226 -0.34272504 -0.81385034 -0.59508926 -0.29945996
17 -0.47078025 0.0046540475 0.54815 0.2674979 -0.48372728 -0.58411354 0.13307226 -1.0148419
39 -0.37748635 0.17216586 0.6236493 0.10028376 -0.2843747 -0.34914073 -0.7625156 -0.31674165
45 -0.29032823 0.3030239 0.38022324 0.3259889 -0.7255089 -0.4376101 -0.42680573 -1.1961011
15 -0.18989092 0.67104053 0.81057495 -0.20413424 -0.8062886 -0.06794883 -0.15329194 -1.0055692
16 -0.052943446 0.39183563 0.6330681 0.13315767 -0.83182037 -0.3301776 0.40268537 -0.7542471
38 -0.32936743 0.22606114 0.45104745 0.3045947 -0.5894609 -0.4838847 -0.15469162 -0.9009873
4 -0.23910606 0.1433704 1.1149642 0.2883197 -0.68162894 0.497384 1.1381904 -0.27448767
26 -0.5945152 -0.16359022 -0.24175008 0.68044996 -0.06482007 -1.5003871 -0.22197406 -0.10053366
41 -0.28431046 0.11581879 0.22090556 0.64311576 -0.3918673 -0.5750684 -0.6312315 -0.7299665
18 -0.4936552 0.41459537 0.1947143 0.54932 0.64407146 -0.50335383 -0.6521987 1.6324596
25 -0.46941257 0.7554326 0.89408946 -0.13683671 0.109767124 0.3836729 -0.03583977 1.2361143
44 -0.14487803 0.14422204 -0.16429758 0.7389056 -0.52869606 -1.038785 -0.8028507 -0.33945858
49 -0.4106745 -0.07562262 0.9648369 0.35052994 -0.9252382 0.36962226 0.06533897 -1.2725917
29 -0.4615824 0.29825374 -0.29108715 0.51551324 0.119358785 -1.3718123 -0.6367127 0.56862205
13 -0.62519777 0.18252042 0.21339 0.717559 0.55902344 -0.48710215 0.52021545 1.3961533
9 -0.2756993 0.5986464 1.2350049 0.0769732 -0.73334074 0.9253265 1.4460104 -0.22818778
7 -0.35633087 0.36738786 -0.010695313 0.8915289 0.3007823 -0.51129144 0.5051247 1.4949025
12 -0.30160815 0.29022905 0.87113756 0.36638153 0.55023587 0.0074275546 0.089557834 1.717898
46 -0.11203116 0.479007 0.89855766 0.11781843 -0.86191237 0.2875355 0.2589668 -0.87132543
20 -0.3508783 0.0006490024 -0.011222503 0.67702633 -0.1582237 -1.0761565 0.019588921 -0.017291639
3 -0.42606646 0.61943287 1.3117436 -0.015355664 0.6026225 0.7031867 -0.05309273 1.6654625
11 -0.036705762 0.1281525 1.5244939 0.11515691 -0.93561333 1.0159379 0.59357464 -0.4009306
14 -0.074692085 1.0547637 1.4196337 -0.15028632 0.09823849 1.0387514 0.83274466 1.5684108
47 -0.03326847 0.8246866 0.51800907 0.2750534 -1.1926564 0.22889441 -0.13491166 -1.3049648
2 -0.31244174 0.62319714 1.2413651 0.1634236 0.41456762 0.7950681 0.14470339 1.7074361
48 -0.16191389 0.3390598 -0.0012635035 0.73640406 -0.9685258 -0.45008567 -0.042941988 -0.98897314
37 -0.3817816 0.2832173 1.2974501 0.155263 0.58420247 0.35446563 0.8794144 2.0136077
30 -0.31517696 0.84431404 -0.26484162 0.64054596 0.6580847 -1.023476 -0.48179257 1.5494064
10 -0.3225044 0.53115857 -0.034786202 0.65423715 -0.49075136 -0.7255415 1.6130968 -0.15163502
5 -0.22357294 0.13649791 1.1887293 0.3415216 -0.75642467 0.63885677 1.0051388 -0.75111395
0 -0.49745902 0.17120221 1.2135191 0.08462154 0.83061075 0.16128443 -0.14177339 2.1652286
21 -0.15310235 1.2022992 1.5630124 -0.2800058 0.39091206 0.9718262 0.9696279 1.68487
8 -0.5530137 -0.015899323 -0.49466854 1.0203 0.3547596 -1.6039481 -0.37759686 0.39503774
33 -0.36546865 0.765666 1.1390473 0.11537923 0.70184886 0.34638956 1.1545296 2.1063957
22 -0.31454122 0.56302804 1.137202 0.41802397 0.6711957 0.83996314 -0.20355597 2.2652686
32 -0.251117 0.6144768 1.0332863 0.5206228 0.5766015 0.7298994 0.43732348 2.2445042
35 -0.49317607 0.44448355 1.1909556 0.23171252 1.0240952 0.3808341 0.36936083 2.4968991
