50 8
12 -0.88428134 -0.10695408 -0.023586992 1.0490408 0.06968664 0.037944835 -0.07328184 0.16526337
24 -0.3351206 0.979025 -0.08436632 0.16106148 0.10067341 -0.19710492 -0.55251104 0.21336286
34 -0.3541814 0.89749956 -0.09685922 0.19051908 -0.26011205 0.31594977 -0.9301514 0.2371056
23 -0.34246144 0.6292396 1.0019825 0.0977735 0.4591921 -0.4515178 -0.022258544 -0.00011061119
19 -0.120816305 0.83976066 -0.23608696 0.40464136 -0.29813036 -0.62547034 -0.94995016 0.43010458
21 -0.6458116 0.64539766 -0.14965284 0.41986462 -0.15731795 0.5321505 -0.52864224 0.49242747
39 -0.46949187 0.6416396 -0.17348212 0.42039958 0.6939352 -0.081813395 -0.3082456 1.3127956
49 -0.48514283 0.82040995 -0.44936532 0.5335357 -0.4849009 0.78271437 -0.8486996 0.033108283
2 -0.45821795 0.2968184 0.7065923 0.50721264 1.1502442 -0.36406988 0.3465991 0.6816396
35 -0.3466303 0.77064973 0.12309843 0.501953 0.7480869 -0.024183607 0.29055148 0.8421358
46 -0.3224886 0.50346607 0.6033659 0.7261726 -0.8152665 -0.16380984 -0.13495895 -0.5911547
36 -0.81333816 0.29204646 0.41937324 0.8752545 -0.38518286 0.5539158 0.33577147 -0.7248147
40 -0.3940349 0.33479205 -0.18630065 0.64284724 0.52422893 -0.948601 -0.49994022 1.2406279
43 -0.79044974 0.2753633 -0.6030742 0.82875174 -0.7840191 -0.107937 -0.95924723 0.029512713
41 -0.49334094 0.85440737 -0.3831091 0.69968665 0.47708073 0.74612296 0.14878154 0.08822842
27 -1.0446119 -0.006076055 -0.12196907 1.0240144 -0.3372575 0.5136706 -0.19010961 -0.61400145
22 -0.64848965 0.72201145 0.46931177 0.3599758 0.60698634 1.0952469 0.31062186 -0.15750581
38 -0.60878223 0.058675636 0.9760821 0.6340298 0.8468306 -0.2787089 0.33487645 -0.24229397
33 -0.7877468 0.28345582 -0.38192806 0.817881 -0.30721882 0.58383316 -0.6687628 0.34179333
4 -0.7468716 0.5522417 0.49652618 0.72092485 -0.297444 1.2714502 0.38183996 -0.6625143
13 -0.742035 -0.42276943 0.066261746 1.3345128 0.2326702 -0.71010786 -0.16110748 0.39597115
25 -0.13038373 1.3838495 0.665278 -0.45013535 0.070002705 0.60379297 -0.587628 0.3621803
1 -0.12676337 1.2970109 0.84077185 -0.22164933 0.78838766 0.5284892 0.16371708 0.21410441
15 -0.5306595 -0.1419178 0.37259662 0.8942626 0.2819234 -1.1493459 -0.31486976 0.58065563
9 -0.46954316 1.0872924 -0.047132727 0.25515267 -0.77754533 1.175609 -0.63397884 0.09103991
3 -0.28760967 0.95331234 1.2027591 -0.16278999 1.1073596 0.3511628 0.30186677 -0.3165125
18 -0.093380824 0.50405836 0.6334836 0.21997264 0.6159644 -1.4705555 -0.60419315 0.5782584
45 -0.26654297 0.8070946 -0.34423992 0.5492474 -0.4578186 -0.16792625 -0.8893468 -0.3948564
28 -0.5436712 -0.3208681 0.92322904 1.1915727 -0.5997093 -0.73287964 -0.12460339 -1.1002055
14 -0.16541733 1.4042494 0.49383497 -0.22472513 -0.114107415 1.0720571 -0.5490526 -0.3409511
26 -0.5512035 -0.2802371 0.78001916 0.93455416 -0.7670526 -1.1466191 -0.66443104 -0.57229906
42 -0.21639192 1.0962604 0.21796852 -0.053478222 0.13063385 -0.8736062 -0.5926241 -0.59110606
31 0.023941528 0.5153153 -0.088812806 0.68770665 -0.06679038 -1.5936892 -0.90284425 0.32470238
44 0.05509724 0.91013175 -0.12362602 0.29573107 -0.3288554 -0.78388625 -1.1491172 0.944579
0 0.15696236 0.80388296 0.724906 0.093234316 0.98727906 -1.0810989 -0.3596083 0.36932528
17 -0.5453123 0.30116352 1.4560407 0.2614026 -0.055890817 -0.043101147 -0.03226202 -1.5300438
29 0.11144387 1.1426713 -0.1519222 0.3623753 -1.0469995 -0.54161865 -1.0159568 0.46697795
32 -0.4807539 0.5087539 0.2672073 0.5836208 0.9240644 0.317672 0.363832 1.123528
30 0.035779163 0.3859247 0.10315932 0.6668765 1.0332352 -1.6944245 -0.5676205 0.7455402
16 -0.07228889 1.6027277 0.37164983 -0.110289045 -0.43534344 0.7824451 -0.26798305 -0.5475508
5 -0.5410458 0.7025439 0.19574672 0.62562215 -1.0753051 0.6092488 -0.41376662 -1.0864317
7 -0.4144372 0.0778498 -0.26314774 1.1967504 -0.4312498 -0.71083677 -0.6128807 -0.2265836
47 -0.47270814 1.2107176 -0.20678979 0.15312348 0.069318414 1.4582851 -0.4156501 0.15289854
10 -0.82228637 -0.42468974 1.0930073 1.162416 0.0759418 -0.44005984 0.4186253 -1.3072649
8 -0.08061169 -0.07032082 0.87484926 1.0365459 0.6429282 -2.316334 0.122336395 -0.38237473
11 -0.8010412 0.73119956 0.67698467 0.32168698 -0.8740444 1.7221397 -0.07060959 -0.18838201
20 -0.55525523 -0.122592896 1.77622 0.66374254 0.23888934 -0.40225473 0.3189076 -1.7438841
48 -0.5266154 0.44057676 -0.50128603 1.0462233 -0.28357783 0.18596984 -0.22102877 0.48925865
37 -0.27271628 0.24663961 1.8331003 0.28706092 1.3061012 -0.69188976 0.7472596 -0.007275979
6 -0.66207594 -0.3827847 1.1572932 1.1496091 0.536449 -1.1083404 0.5468464 -1.5090915
