50 8
43 0.25206015 0.722332 -0.10612535 0.73894405 0.84588516 0.09761671 0.26418546 0.51843107
42 -0.50798476 -0.07158232 0.5086392 0.40803677 0.6707829 -0.43434155 0.2857761 0.9132077
24 0.67166924 0.5795377 0.16870242 0.6263148 0.46587545 0.61438733 -0.6438985 0.20245057
15 -0.2831163 0.019074386 0.3171947 0.6306789 1.0749702 -0.31267622 0.32113346 0.6293454
19 -0.009668164 0.15164983 0.37204763 0.6497483 0.99134994 -0.3034602 -0.69389236 0.651395
39 0.6732054 0.4182862 0.5643334 0.6830354 0.45584238 0.28741896 -0.78059924 0.16236943
18 0.14275502 -0.022822415 0.37294126 0.5890897 0.96859914 0.04080945 -0.59812677 0.5000763
23 0.75206316 0.49226502 0.45707428 0.6342209 0.26274195 0.8402136 -0.6735249 -0.11804145
25 -0.48956555 -0.69322944 1.1746914 0.097390495 0.366722 0.09664727 -0.7145167 0.4109232
26 -0.2695071 0.05511086 0.18037783 0.68724823 1.0573493 -0.23609416 0.031713832 0.71902984
28 -0.29297477 0.6128177 -0.0071307747 0.09938312 0.43976685 0.4929419 0.28992522 0.561693
45 -1.0301493 -0.6213388 1.1894916 -0.0626853 0.18392287 -0.21161132 0.24121241 0.6776694
0 0.4609425 0.22207421 0.28145477 0.7466824 1.0844885 -0.008735501 -0.614891 0.45128226
1 -0.3077188 -0.7134923 1.2683177 -0.042057566 0.050377995 0.6901437 -0.18443838 0.06814378
2 0.6762014 0.7395642 0.24076962 0.6670815 0.35273394 0.62778246 -0.7562114 0.07669127
27 -0.008327675 0.99083537 -0.01998174 -0.4857551 -0.47477224 1.2417535 0.9397224 0.5525437
49 -0.525385 0.3564237 0.776146 -0.4786122 -0.7077187 1.0154457 0.49010012 0.34437698
31 0.75026774 0.6461873 0.2610899 0.77108455 0.5547338 0.14834876 -0.664976 0.4231241
21 0.3326873 0.7570917 0.15935394 0.7325755 0.2501586 0.48649877 -0.25828463 0.20903255
7 0.57056034 0.7040292 -0.26973507 0.7215806 1.0947106 0.0966064 0.30154723 0.61936295
38 0.28005716 0.64018697 0.6741129 -0.47891185 -0.78381586 1.377732 -0.03834058 0.12951526
3 0.29873958 -0.0057119783 0.78499436 0.134516 0.30753613 0.57987845 -0.8309855 0.18650901
6 -0.3341567 0.6652188 -0.021828873 0.5475423 0.38314584 0.13762338 0.68654406 0.5762778
12 0.5380734 0.37894478 0.068259545 0.9271692 1.3968688 -0.1492782 -0.3897498 0.4524019
36 -0.76912075 0.538181 0.4502969 -0.38770026 -0.19285636 0.46914864 0.5696194 0.6527488
44 0.11613461 -0.39761797 0.9479674 0.7139338 0.89954734 -0.2617753 -0.7610425 0.33985007
40 1.1286924 0.7878569 0.14504814 0.74523556 0.2604895 0.7944281 -0.36591247 0.06490139
34 0.3005856 0.51219976 0.7834594 -0.57069105 -0.84219694 1.516128 -0.10449255 0.07896502
8 0.30785686 0.23380527 -0.0014896119 0.91797566 1.2619511 -0.13199888 -0.1261229 0.5960155
20 -1.1696658 -0.15769131 0.91019815 -0.6389459 -0.764108 0.7833921 0.8625844 0.6885147
4 -0.978754 0.20586547 0.78186715 -0.53525895 -0.7965134 0.862098 1.0283841 0.53854424
32 0.02913 -0.38552895 0.59683794 1.0753685 1.1996224 -0.35921243 -0.45330715 0.44468784
17 -0.8972679 0.43633294 0.40173054 -0.37364194 -0.10927755 0.25587225 1.0413365 0.8501159
14 -0.419245 -0.006104063 1.1705408 -0.5544971 -1.1230167 1.1883245 0.23025441 0.2789183
46 -0.78222084 0.82934856 0.47016966 -0.7015132 -0.6415599 0.77544034 0.9215072 0.5991772
29 0.10615515 0.50709796 0.74428487 -0.28758115 -0.6041963 1.1332575 -0.32578084 0.15144408
9 -0.5903651 0.49113977 0.81510967 -0.5975157 -1.1117634 0.9895969 1.2408586 0.5148534
13 0.48494336 0.47999865 0.086934246 1.0432186 1.2047665 -0.2829681 -0.39465973 0.5170898
16 -1.3097149 -0.18827645 0.8345151 -0.8349283 -0.65051514 0.85935414 0.798296 0.79510325
10 -1.2189828 0.6298626 -0.13395494 0.23159464 0.057569705 0.107860915 1.2148248 0.99728936
33 -0.802485 -1.2054976 1.2626624 0.4904366 0.5410383 -0.2844789 -0.018199591 0.5634045
11 -1.4440587 -0.68352264 1.3946885 -0.8271282 -0.6686913 0.6128771 0.518673 0.6301907
37 -1.2932897 -0.60454404 1.1790767 -0.10248583 0.03999536 -0.41426566 0.2712538 0.9539211
35 -0.15542294 -0.70918965 0.8661742 0.9630741 1.3937061 -0.82286835 -0.65599805 0.6638516
5 -1.0787717 -0.08802191 1.0752423 -0.5021967 -0.7021532 0.22731209 1.2880671 0.8808853
30 0.41924134 0.47712293 0.2540945 1.3095963 1.2647554 -0.5768552 -0.5466091 0.43849176
48 0.9306724 1.1555798 0.1617201 -0.33072942 -0.67370653 1.9236494 0.15395007 -0.081545025
22 -1.1112754 -0.9033986 1.251302 -0.18753213 0.2819716 0.019992571 0.20493959 0.5870357
41 0.86125803 1.0174551 0.08995463 -0.28431767 -0.4396128 1.8771898 0.3218107 -0.06258733
47 0.30323485 0.5547488 0.5972382 0.035708465 -0.9493516 1.6597546 0.7741705 -0.18658784
