50 8
43 -0.51924545 -0.014704717 0.5061462 -0.3277242 0.7139607 0.4846811 0.21642895 0.4182664
16 0.09879863 -0.5067237 0.44304585 -0.59800285 0.7151481 0.8127452 0.5418581 0.4718967
1 -0.09503468 -0.36051857 0.478032 -0.56788945 1.1599526 0.49551734 0.21070613 0.35965967
17 0.003976343 -0.30737022 0.6197994 -0.4867152 0.9252348 0.4096401 0.39988497 0.32311216
29 -0.11390549 -0.12779571 0.5161582 -0.51788425 1.1283492 0.58999264 0.15912116 0.15537657
40 -0.33949864 0.19144724 0.27428234 0.39734438 1.3943582 -0.4892322 -0.7282352 0.54389167
26 -0.45803547 -0.11486694 0.56246704 0.07561563 1.1789951 -0.41276795 -0.51709735 0.55441886
28 -0.6825936 -0.034499448 0.572307 -0.4358415 0.59129435 0.5567922 0.06387067 0.5587903
46 -0.3094115 0.037072346 0.72527146 -0.7407985 0.91343755 0.6071847 0.20735386 0.24677865
20 -0.98261416 -0.020763379 0.48798275 -0.48514444 0.40960357 0.7839446 0.5007026 0.543868
49 -0.5176493 -0.13813111 0.7044132 -0.5970484 0.16272233 0.9675616 0.5658321 0.48150966
48 -0.31421074 -0.014982992 0.49416482 -0.7655179 0.9436568 0.83628136 0.47688437 0.31857473
6 -0.6475031 -0.14275248 0.753381 -0.6098671 1.197163 0.06783922 -0.4710768 0.56293666
27 -0.47280595 0.065062486 0.5268201 -0.6706739 0.6356395 0.9285158 0.7466147 0.25700375
42 -0.6172845 -0.24215335 0.6375391 -0.6891732 1.3329754 0.20683864 -0.3577753 0.57916284
38 -0.70746976 0.111624844 0.5581878 -0.52593976 0.3796688 0.94386655 0.7169015 0.28095862
44 -0.41516855 -0.1389145 0.7146812 -0.92955565 1.1892903 0.6039176 0.1992412 0.27527878
18 -0.32503492 0.0748881 0.29219797 0.5510549 1.3609586 -0.7740395 -0.79402167 0.68219095
39 -0.077961795 0.072182946 0.44885242 0.49272767 1.1410079 -0.29362446 -0.61241484 0.19439554
12 0.45463568 0.006014982 0.3744405 1.4673576 0.24413764 -0.52430195 -0.29461628 0.26665166
25 0.64421076 0.19493867 0.35330313 1.0714643 -0.40146872 0.5134457 0.29646894 0.12653098
4 0.13666676 0.004001776 0.5953384 0.21300068 -0.83490545 1.4335608 1.0102743 0.10600263
19 0.23886281 0.27153355 0.6210352 0.7613527 0.6978931 -0.55849046 -0.44201535 0.242504
23 0.87127036 0.12624799 0.3734054 1.6454514 -0.06921027 -0.3752088 -0.44788796 0.32540566
41 0.07466988 0.007309403 0.54930043 0.23169282 -0.5948688 1.4855056 1.087051 -0.17442636
31 -0.82283676 0.01597025 0.53635323 -0.53912854 1.076972 0.20442687 -0.2809835 0.6943582
36 -0.56959224 -0.13683437 0.7856367 -0.697966 0.0823397 1.287922 1.0130612 0.08962374
34 -0.24828678 -0.17057826 0.52294 -0.54882234 -0.1609281 1.5538528 1.2265309 0.20688902
24 0.75650346 -0.019103238 0.7004595 1.2956256 0.19430959 -0.49711514 -0.9835537 0.27450177
8 -0.7828946 0.013149429 0.5135726 -0.38715586 1.2065655 0.095931925 -0.39018437 0.592268
45 -0.16823666 -0.14010443 0.5804742 -0.88362753 1.3657651 0.5571035 0.24832457 0.24245124
14 0.9696089 0.35557774 0.28482085 1.036751 -0.6784292 0.9402437 0.9390211 -0.04999155
7 0.206289 0.18571442 0.1459705 1.2971586 0.70400184 -0.866945 -0.5080711 0.69938797
2 1.0832489 0.061216954 0.43682882 1.8973799 0.10189855 -0.93521935 -0.70223135 0.4359793
30 -0.5677243 0.32800218 0.47534958 0.44149953 1.2274768 -0.6588816 -0.750677 0.45894635
13 0.377916 0.38135433 0.20389356 1.6191647 0.04112073 -0.25141847 -0.27531707 0.24060285
5 0.45317066 0.3820258 0.23762323 1.0603846 -0.9865425 0.8843849 1.2601148 0.18176796
47 -0.65834445 -0.21738528 0.86087847 -0.7243551 -0.09772483 1.2365642 0.82208765 0.28400895
3 1.0601531 0.124140285 0.40270075 1.7781876 0.32745785 -0.88366115 -0.8038465 0.42632762
11 0.08222035 -0.122996055 0.72395015 0.19178417 -0.99834925 1.6083456 0.78165835 0.058715608
37 1.2193099 -0.29421142 0.54681516 1.7897508 -0.31679368 -0.63956195 -0.44112462 0.48663267
33 0.73148197 0.41577202 0.28903374 2.2529147 -1.2828171 0.2670315 0.5662844 -0.004116554
10 -0.08166768 0.48633882 0.048803154 1.1323045 -0.8482138 0.63053006 0.65724194 0.68503404
15 -0.24358234 0.47012922 0.62509286 0.55510956 1.0880378 -0.5548114 -0.5867239 0.10212486
21 0.45803136 0.2929891 0.15611662 2.4786828 -0.953854 -0.07891724 -0.04448791 0.1861169
35 0.8310066 0.35684776 0.2710693 2.3199928 -1.3130006 0.07453642 0.7110718 0.16501993
32 0.6123788 0.6667362 0.24099909 2.2558143 -1.3327503 0.35951787 0.5800709 -0.03483008
9 0.6491404 -0.03268054 0.6335413 0.68187946 -1.3916981 1.486545 1.309757 0.029803684
22 0.735349 0.29697016 0.3508115 2.1641383 -1.5827895 0.35102433 0.58560044 0.2528871
0 0.5795997 0.19666028 0.5251197 1.3214144 0.92225206 -1.0498645 -1.0762869 0.3331565
