50 8
19 -0.3603651 0.13756979 0.39816117 0.5611876 0.23428787 -0.59002614 -0.71358776 0.67133373
43 -0.55407405 -0.095527105 0.459646 0.79439825 0.07710875 -0.54544115 0.31154492 -0.4992198
23 -0.14753063 1.0187428 0.46681795 -0.036633812 -0.0036048633 -0.29869115 -0.401508 0.8319378
40 -0.43403074 0.010004143 0.4444703 0.6283475 0.9622257 -0.4197819 -0.75603 0.7202737
26 -0.67081904 -0.4777256 0.581639 0.7993467 0.37458843 -1.040425 -0.3001791 -0.18065873
41 -0.407076 0.2303361 0.69357884 0.50261927 -0.13890721 0.275892 0.40424353 -0.6710421
39 -0.6253282 0.24363041 0.07605601 0.6801698 0.8122464 -0.39034304 -0.63367844 0.8603609
30 -0.41939962 -0.32267463 0.65314573 0.7598324 0.83680975 -0.71414506 -0.69394696 0.14973612
22 -0.45554608 0.3950736 0.12016462 0.74282086 0.7259134 0.16876882 -0.8210388 0.5193886
6 -0.6118316 -0.5276983 0.8779044 0.6422957 0.04926463 -0.8092578 -0.38389704 -0.60519344
2 -0.51834977 -0.29408902 0.865866 0.39482504 0.31705773 -0.8831052 -0.48715365 0.2164142
1 -0.28885028 0.7304104 0.28660402 0.43540835 0.20922153 0.6286045 -0.02151941 0.4963645
18 -0.49089628 -0.20993227 0.31061387 0.8776344 1.1128268 -0.68596864 -0.8282098 0.92770576
21 -0.24195695 0.6647693 0.34965792 0.27345622 0.41893318 0.009782057 -0.4656048 1.3011198
31 -0.38362297 0.096831486 0.12356094 1.0058832 0.86527485 -0.81817883 -0.55212384 0.4258682
45 0.056459818 0.9977626 0.35335144 0.47858018 -1.0651859 0.31383938 0.6070635 -0.0416875
24 -0.67850804 0.1277318 0.66662556 0.19374114 0.8424539 -0.514413 -0.8032458 0.35057974
25 0.20445493 1.4765384 0.19719441 0.24323665 -0.2643122 -0.0932594 0.03791299 0.67113537
16 -0.12445382 1.0526029 0.65981895 0.009262611 -0.51216966 -0.50724334 0.013292552 -0.48993054
37 -0.24858637 0.40014276 0.56503713 0.23267654 0.6543442 -0.02284152 -0.5607759 1.2577326
17 -0.9566276 -0.5994535 0.90712476 0.49848807 -0.24865735 0.3113927 -0.34725124 -0.9858227
27 -0.7466157 0.2596773 0.55237806 0.41580895 -0.76280606 0.423026 0.5238968 -0.89373803
46 -0.2672065 0.5694538 0.68003035 0.38103208 -1.0330985 0.5701355 0.44921887 -0.68033856
15 -0.79976475 -0.77308226 0.6631256 0.79239756 0.43108183 -0.97104996 -0.28386855 0.037696503
20 -0.26181027 0.18816034 0.7242258 0.6754962 -0.7940975 -0.5293607 0.44890198 -1.3030466
44 -0.18623175 0.4489309 -0.109144434 1.0005316 0.6914596 -0.48203996 -0.7682994 0.9505363
12 -0.3482808 -0.15813273 0.7341981 0.5417724 0.6894744 -0.8675636 -0.74465555 0.5888943
8 -0.4065709 -0.6706154 0.55830085 1.0514627 0.6298172 -1.2012618 -0.58300734 0.49421498
13 -0.5403406 -0.4378261 0.19591482 1.2539377 0.5177063 -0.32072544 -0.29172945 0.09497143
7 -0.7737238 -0.7386237 0.745503 0.7196554 0.49218535 -0.5051171 -0.4054908 -0.1002388
4 -0.24014413 1.2178376 0.43264702 0.14852986 -1.3024014 0.3012573 1.0632929 -0.5545331
35 -0.26551783 0.9646389 0.05777612 0.30499122 -0.14602979 0.72560203 -0.43245485 1.419811
36 -0.16294745 0.992824 0.39539054 0.3782953 -1.372696 0.2848901 0.8634916 -0.49137536
49 -0.20059286 0.2416938 1.2596937 0.18958998 -0.9680461 0.92851174 0.7219706 -1.014755
9 -0.44779217 0.9645473 0.67857975 -0.06542624 -1.2935785 0.9009756 0.99182 -0.3825196
29 -0.0742217 1.2603829 0.25936145 0.024531912 -0.4987462 -0.42607936 0.13074239 0.95527256
0 -0.692712 -0.2986933 0.63428426 0.49747825 1.0093133 -0.80383754 -0.7930674 0.61349094
10 -0.33428648 -0.71567106 0.88070047 1.0433117 -0.5052082 -0.2131706 1.0556707 -0.76169163
42 -0.77222604 0.5426015 -0.052618247 0.579363 0.15260793 -0.17470263 0.05629203 0.24802536
11 -0.211695 1.413005 0.48362207 -0.13131286 -1.1435707 1.0974413 0.5568055 0.20019887
3 -0.9376573 -0.09849096 0.7310765 0.100953616 0.98640245 -0.18134919 -0.87247086 0.38589418
14 -0.2936807 1.7677976 0.015212639 0.014953664 -0.665581 0.948187 0.6729647 0.52506685
38 0.06881242 2.2375085 0.47740373 -0.5526229 -0.7319875 0.3045481 0.31382546 0.2984637
5 -0.2704484 0.070479415 1.1001402 0.4179899 -0.8497337 1.4090961 0.9086465 -0.75284094
28 -0.369935 -0.46811306 1.2970259 0.6262382 -0.8055778 -0.22952093 1.0585692 -1.7101774
33 0.20581274 0.53949314 0.8947724 0.40801564 -0.03526932 1.1233826 0.61651605 0.37879652
32 -0.44655547 -0.087104104 0.13292801 0.97971106 1.0828106 0.13015479 -0.36092263 1.2651799
34 0.21470565 1.9848875 0.5659933 -0.37274542 -0.84972835 0.7238066 0.6036373 0.48792934
48 -0.27547157 0.8516855 -0.1650103 0.87276685 -0.13172291 0.114701495 -0.5308395 -0.024569606
47 -0.28086984 0.60748065 0.5218716 0.7656406 0.30554932 2.6153638 1.2812327 -0.42897332
