50 8
29 -0.5028613 0.40022597 0.29300836 0.3764119 -0.43105802 -0.4762032 -0.039374605 -0.5958219
38 -0.41671407 0.89182234 0.05155184 0.3917456 -1.240691 -0.15524907 -0.2895058 -1.0327986
41 -0.59005576 0.7807517 0.1187258 0.38620812 -1.3381995 -0.11414214 -0.0022034578 -1.1736356
43 -0.66747516 0.47037837 0.4634633 0.23423374 -0.95336974 -0.10403666 -0.2259786 -1.0832847
14 0.2525203 0.690492 0.36995777 -0.00026703553 0.29689234 0.89662635 0.06989872 1.4287733
20 -0.17552477 0.5403595 0.2778755 0.27921134 -0.32936057 0.15241465 -0.47302833 0.20012045
27 -0.7216308 0.514869 0.22754976 0.4175062 -0.9160094 -0.26449507 -0.16743375 -1.2550387
10 0.11992146 0.2707194 0.3201985 0.44097725 1.1447089 0.2955072 0.4735374 1.2240049
16 -0.64819235 0.58414865 0.364381 0.27475983 -0.917152 -0.19456017 -0.18434253 -1.2607054
7 0.08950672 0.21908072 0.39300603 0.3987873 1.2550412 0.11376286 0.24510676 1.157984
36 -0.68691725 0.604729 0.17115328 0.44017228 -0.99443734 -0.25705972 -0.034396175 -1.3967692
28 -0.5209934 0.52225 0.35053438 0.40045425 -0.81443787 -0.29798517 -0.18555288 -1.2056041
44 -0.5062686 0.68685925 0.19897118 0.45601514 -1.0247048 -0.37107673 -0.118955486 -1.2242945
30 -0.14926626 -0.028505733 0.56850845 0.35924187 1.5766621 -0.34658328 0.3218514 0.3662653
6 -0.66470677 0.32890603 0.22300732 0.6807271 -0.485191 -0.45297045 -0.029103592 -1.4549503
26 -0.5921487 0.024324024 0.66674113 0.2860116 0.16599107 -0.82250094 -0.17243344 -0.86838096
49 -0.64308214 0.34556046 0.52962834 0.33973694 -0.69886786 -0.1989884 -0.28565088 -1.2452207
21 0.020929195 0.24373361 0.60293806 0.08979661 0.98663723 0.74563736 -0.020965675 1.553104
1 -0.6133169 0.5083174 0.30937204 0.42102173 -0.75838333 -0.34966782 -0.08519213 -1.3502121
8 -0.34015214 0.28086665 0.4793349 0.45901352 -0.37859073 -0.58634496 -0.074636124 -0.83240825
40 -0.8073541 0.5048815 0.4098953 0.22029176 -0.7382268 -0.41441238 -0.026309129 -1.3943324
42 -0.8696573 0.35395667 0.21389067 0.43686756 -0.1545568 -0.7219759 -0.05819428 -1.4559782
15 -0.0043984917 -0.18642691 0.8115589 0.26859984 1.660953 -0.053552296 0.518539 1.2183287
45 -0.64042056 0.45299307 0.32354194 0.47097176 -0.8592588 -0.6258085 0.0060219187 -1.4932376
5 0.26899824 0.52948034 0.26089522 0.28156906 0.13392937 0.5281233 0.395241 1.2823504
9 0.14201069 0.8434057 0.06057916 0.28207615 -0.7572088 0.34933236 0.1693082 0.59898436
25 0.27416024 0.6981181 0.32579938 0.16899212 -0.6833917 0.403392 0.0660558 0.9534556
34 0.010126979 0.940412 0.032957826 0.3866039 -1.4077574 0.41447517 -0.12301427 -0.098176986
13 0.12874824 0.26055893 0.30936274 0.3920989 1.5545363 0.28899813 0.45355412 1.3509837
19 0.16605614 0.14123175 0.56552 0.29154554 1.6049163 0.26558623 0.48698312 1.4789244
18 -0.13217741 0.06042072 0.6103338 0.14089805 1.6421438 0.12961036 0.31862134 1.3295208
35 0.20932543 0.19408962 0.5369417 0.27491698 1.5791854 0.2949028 0.31331426 1.8079742
33 0.16577466 0.1208567 0.6265368 0.26291043 1.5758402 0.24632476 0.15981153 1.5639064
4 -0.035589416 0.8584523 0.27695054 0.11243237 -1.3384299 0.29672152 -0.08224179 0.32513428
22 0.17572871 0.16320507 0.505671 0.40471298 1.7476014 0.40429875 0.15529004 1.64051
31 -0.7428016 0.2899572 0.40454426 0.56418186 -0.57078224 -0.76573783 -0.13552673 -1.521363
39 -0.8787085 0.3185794 0.42703906 0.39879754 -0.70129323 -0.50158536 -0.27753937 -1.5370042
32 0.21319535 0.06700912 0.6274842 0.31356215 1.6833925 0.13185495 0.3737003 1.6339554
24 0.13472262 0.26996493 0.45635024 0.2799039 1.6165075 0.33745655 0.36587846 1.6095488
37 0.44621053 0.32561132 0.6228672 0.24527162 0.9867639 0.5847161 0.37435374 1.7640716
12 0.21402755 0.31337345 0.5219514 0.17368208 1.4552127 0.33518955 0.398177 1.7992942
2 0.21168798 0.16424441 0.65774405 0.181906 1.2434587 0.41245177 0.23627903 1.6141407
17 -0.80993146 0.065571874 0.55002713 0.46326235 -0.14694913 -0.7949581 -0.41070443 -1.401687
3 0.26282218 0.18245947 0.62573755 0.19820926 1.7679032 0.3187898 0.28646103 1.7693762
23 0.016812667 -0.21042101 0.8434321 0.29954964 1.7906861 -0.14525232 0.32432944 1.2000849
46 -0.6082308 0.68306625 0.2474488 0.4290313 -1.3012611 -0.19458815 -0.26002628 -1.3277239
47 -0.6640112 0.7628092 0.18749529 0.42670602 -1.4218879 -0.44414288 -0.24501505 -1.3554181
0 0.32599923 0.15759717 0.60824174 0.28190634 1.7170931 0.3225156 0.3816595 1.8651319
11 -0.19455789 0.7324206 0.1556715 0.47079998 -1.1964236 0.56021196 -0.57119036 -0.16757396
48 0.18919335 1.09776 -0.14118864 0.50756574 -1.1771231 0.09308272 -0.20185548 -0.082947
