50 8
40 -0.04334716 0.06854701 0.5989485 0.68519735 0.60076475 -0.7486027 -0.24021214 0.35899645
34 0.46550435 -0.1555293 0.66511023 0.011586801 0.5209052 0.72475195 -0.42012346 -0.12569481
30 -0.15532027 0.2726364 0.90147215 0.5546453 0.2994758 -0.9425172 0.372151 0.43592054
18 -0.25628108 -0.21491185 0.5070939 1.0270989 0.4673934 -0.92324734 0.1840506 0.7283343
43 0.25240412 0.50569063 0.36385584 -0.17247622 0.6478888 0.981618 0.26906717 0.2908784
24 0.4204182 -0.05898134 0.4379917 0.6938382 0.1655537 0.17879607 -0.84585947 0.22736618
27 0.0065903156 0.78159314 0.7787181 -0.8206911 0.45950848 1.3807844 0.6572049 0.22144449
23 0.6033124 -0.10127996 0.7310589 1.0214782 0.48583895 -0.8363611 -0.8971313 -0.36417547
39 -0.19467562 0.20593154 0.6468888 1.0488957 0.3735386 -0.8819755 -0.06919371 -0.0016092131
2 -0.23032704 0.32955247 0.7254418 1.0051926 0.36752996 -0.86455303 0.0038639219 -0.075814635
21 0.16877902 0.10757515 0.5414496 0.94330674 0.18020234 0.35967284 -0.79403275 -0.684261
19 -0.0022288566 0.11419369 0.45624885 0.84305114 0.3818088 -0.5051463 -0.45211002 0.39666814
31 -0.4292877 0.31225747 0.8187413 0.087672636 0.30288672 -0.5853663 0.6378067 1.1446056
38 -0.7322542 0.354997 0.55242634 0.343952 0.196836 -0.041906647 0.80607575 0.99192274
15 -0.5512469 0.3085692 0.38536158 0.8672953 -0.019049766 0.083226725 0.504251 0.64876175
6 -0.3821365 0.47726586 0.93084955 0.22624828 0.38838896 -0.774618 0.8440727 0.70314604
1 0.38980734 -0.24695152 0.24056013 1.2544869 0.10708039 0.6447903 -0.6691318 -0.39402997
25 0.5227823 -0.027137663 0.44717434 0.36668983 0.32442352 0.8735565 -0.5231854 -0.14581905
3 0.3108353 -0.06287836 0.39890674 1.0203835 0.46388194 -0.33589548 -0.85640216 -0.08801064
28 -0.13549729 0.5114617 0.510484 -0.5309869 0.30800042 1.5912384 0.30250964 0.49427873
35 0.3971781 -0.31858706 0.35528606 1.2416346 0.2592865 0.12703535 -1.0665606 -0.47678742
14 0.6548827 0.053532653 0.3945742 0.4042578 0.03801673 1.7901455 -0.76555103 -0.57947075
29 -0.05425924 0.8062995 1.09024 -0.37869728 0.95334244 -0.37574768 0.071685106 -0.46847457
12 -0.29834878 0.15464757 0.39406297 0.8597321 0.60074997 -0.880382 -0.3241009 0.63759875
26 -0.53327847 0.4010462 0.7102811 0.19905977 0.09478742 -0.15527433 1.0916135 1.1385977
13 -0.36426085 0.22075017 0.40834275 1.1354951 0.3024933 -0.79303 0.1468223 0.60860485
0 -0.14100993 0.35818958 0.5451876 0.8877043 0.69154054 -0.90650004 -0.024346074 0.08818736
4 0.029213635 0.1825791 0.3471832 -0.15215473 -0.09727386 2.1611304 -0.23332098 0.43851453
33 0.8137904 -0.87257934 0.23046494 1.1960152 0.19530147 1.2688348 -0.9626302 -0.6854823
45 -0.27753344 0.5068244 0.7104586 -0.45844635 0.15940823 1.6121112 0.3426363 0.19408482
49 0.26492938 0.37530187 0.52964556 -0.20629594 0.22145231 1.9241209 -0.1868739 -0.28220442
44 -0.4396504 -0.03563903 0.6745557 0.52290446 0.4472749 -0.7070563 0.5515679 0.91593695
42 -0.8993082 0.03403243 0.4655591 -0.16405468 0.46706805 0.48043254 0.3483027 1.1823503
37 0.051172324 -0.44481218 0.7714186 0.97731286 0.26566777 -0.9183755 -0.5893881 0.27471387
9 1.1570386 0.037269402 0.9251186 -0.26930588 0.05059679 1.8184533 -0.32640493 -0.7089398
41 0.6452668 0.32679576 0.979369 -0.6144622 0.38944128 1.7998048 0.19864827 -0.74335283
8 -0.539957 0.24029504 0.7361004 0.67775714 0.27925307 -1.0876578 0.58981186 1.0537689
48 0.18511593 -0.09452114 1.0224538 0.16283974 0.50050694 -0.64396036 0.0225652 0.24584988
11 0.6491652 -0.054382816 0.5367604 -0.18195933 0.096050456 2.234447 -0.60335594 -0.30382103
16 0.8620535 -0.18787646 0.8604075 -0.43873107 0.18958214 1.8132097 0.044367116 -0.21167183
36 0.18558082 0.07510317 0.28005877 -0.1666127 0.262488 2.1722584 -0.45107195 0.07536218
7 -0.1960269 0.1408347 0.7206962 0.6251775 0.3044181 -0.8380144 0.743517 0.907443
10 -0.8536046 0.35035795 0.3308272 0.6022163 -0.24100906 0.386768 1.3224654 1.5245676
5 0.15862522 0.7607584 0.6949164 -0.6453388 0.20689113 1.741811 0.5293197 0.20763081
47 0.6457711 0.26312014 0.71263576 -0.3332881 0.15252021 2.1915994 0.086729474 -0.55642694
32 0.056118872 -0.5511846 0.5859091 1.3977318 0.2235624 -0.44697022 -0.89753896 -0.38297752
17 0.29000762 0.13982603 0.89226407 -0.54022896 0.61419487 0.6634777 -0.09840884 0.11601515
20 -0.64100623 -0.19503418 0.41664568 -0.07243048 0.3573787 0.3860775 0.31449875 1.5813334
22 0.3984607 -0.4186986 0.32531595 0.8740025 0.4669605 0.8201336 -1.3190248 -0.71579677
46 0.21039219 0.7131609 1.6339768 -1.2128989 0.9754206 -0.21991262 -0.21441284 -0.7088629
