50 8
1 -0.3757404 0.90732396 -0.4485996 0.22150402 0.42450932 1.1203816 0.17551772 0.32078737
28 -0.4855405 1.0765679 -0.3620132 -0.096697725 0.20264363 1.0449872 0.28484303 0.4083385
24 -0.15670104 0.50790757 0.6314683 0.2067687 -0.3351076 -0.16239578 -0.7556555 1.0536563
6 -0.81892663 0.67178726 0.25538766 -0.14184389 0.32467353 0.61239636 1.2911294 0.00039552152
27 0.08068241 1.005508 -0.6217101 0.6766342 -0.33730444 0.8044208 0.8562537 0.40792537
15 -0.19773129 -0.38677377 1.6169561 0.30054992 0.13149132 -0.34408382 -0.7028445 0.596781
19 0.4619644 -0.371382 0.9864246 0.56837505 -0.5338812 -0.23678644 -0.49487802 1.0252153
49 -0.17553404 0.8112641 -0.097976945 0.021318566 0.1530609 1.0806141 -0.7014232 0.5875931
14 0.5368146 0.23486426 -0.35620645 0.5352589 -1.0014203 0.6033203 -0.17532374 1.2449298
46 -0.8608961 0.69781435 1.0616409 -0.423789 0.6399675 0.5014895 -0.8281498 0.24424797
34 0.52704173 0.81740445 -0.28432673 0.27030852 -0.18757954 1.3220593 -0.43447763 0.5227168
42 -1.0641255 0.70689166 0.99308914 -0.5607714 1.1228367 0.50079167 -0.03363622 0.009802552
3 -0.32247868 0.5717144 0.9066527 0.14447764 0.17387658 -0.3967192 -0.8058379 0.9387454
23 -0.1895071 1.0786179 0.401931 0.4695504 0.4836785 1.2032783 -0.13280171 -0.517898
26 -1.3235847 0.51959634 0.5856787 0.35072404 0.29937264 -0.6340881 0.45821932 0.60598975
18 -0.68525475 -0.53934705 1.2889858 0.47596845 0.7857538 -0.0594832 0.40546638 -0.00027176907
20 -0.20384642 0.44212312 -0.67717063 0.25230452 -0.5429328 0.53748596 0.16812842 1.2726535
13 0.47293976 0.026930233 0.13240519 1.3772786 0.24404413 -0.18742074 1.9198326 0.19155824
17 -0.6231939 -0.29283488 0.6623873 -0.62212515 0.41615316 -0.04844965 -0.546035 1.4016879
8 -0.8129895 0.730373 0.21300909 -0.13102071 0.033101093 0.5738749 1.452452 0.026917819
43 -0.46945766 0.16936037 0.97644025 -0.4190132 1.1085038 0.7945619 -0.07311927 0.045514315
31 -0.7621475 0.81000596 0.20874485 0.07265084 0.39642495 0.99851495 0.96320903 -0.3286829
21 0.5724574 -0.5780816 0.69443 0.8323256 -0.91812366 0.30623275 -0.36446938 0.7813099
41 0.26610488 0.4482542 -0.5424213 0.8677782 -0.25543314 0.9556937 1.3318578 0.20395014
0 -0.33556178 -0.6642972 1.6351534 0.40990135 0.4799081 -0.5693255 -0.2033534 0.5482167
4 0.39897358 0.46903408 -0.63924485 0.45689642 -0.6056643 0.9550887 0.71391374 0.7817124
12 -0.18005456 0.33983994 0.807916 1.5261576 0.25658974 -0.6605881 0.94836843 -0.06435122
40 -0.5653843 1.0577133 -0.0326451 0.08529486 0.27432635 1.3684558 0.73732215 -0.36206704
30 -0.61744255 -0.42413154 1.4866803 0.25266445 0.98308486 0.1905857 0.7798812 -0.35803354
29 0.37148288 0.81152266 -0.6761703 0.82642025 -0.41604656 0.9369196 0.670489 0.46076128
45 -1.0181805 0.6963598 0.9027314 -0.354381 0.88572806 0.52992034 -0.13619855 0.014072288
37 0.6070442 -1.0699275 0.85392445 0.4137566 -0.062567525 0.06070723 -0.39067605 1.1696097
11 0.686238 -0.33128774 -0.007403759 0.1664044 -0.43827152 0.7712131 -0.5684648 1.3011868
47 -0.27241784 -0.16795044 1.2170321 -0.15509391 0.51880205 0.584536 -1.0852301 0.42656067
36 -0.12749048 0.94079655 -0.46069026 -0.20442034 0.18557675 1.7377105 0.45474863 0.13272607
7 -0.08115978 -0.33394516 1.1484852 1.1132799 -0.6203679 -1.0029883 0.1786876 0.82705647
5 0.4590485 -0.3863952 0.34767023 0.37616768 0.0678932 0.027569884 -0.9203142 1.5004897
9 1.079679 0.3602583 -0.42894372 0.09196592 -0.8065394 0.9943742 -0.046908077 1.2758932
38 0.3037401 0.62778056 -0.642492 0.6380816 -0.0033390562 1.2996719 0.99098074 0.17019047
39 -0.6699285 0.7884574 0.41806874 -0.12510058 1.4438764 1.2554141 0.3967982 -0.48355672
44 -0.7333372 0.539482 0.28688166 0.10111317 0.74302614 0.72440964 1.1135108 -0.1679233
16 0.31830525 -0.174145 -0.25039217 -0.22462663 -0.27262518 0.59096617 0.2108872 1.4633839
33 0.78151476 -1.0645238 0.91303295 1.4157171 -0.098550536 0.18006894 0.25872776 0.26098168
22 0.418029 -1.0445344 1.0293683 0.47620234 0.1300233 -0.34053347 0.025139043 1.1053743
48 0.20244183 0.49699348 -0.16819836 0.10305107 -0.2757921 1.4942666 1.0841717 -0.0388987
35 0.43850148 -1.177924 1.6595182 0.29377648 0.59240663 -0.008502051 -0.5066965 0.64337325
25 1.3877614 -0.48758358 -0.2742277 1.3543991 -0.5183533 0.7685722 0.35887226 0.78393334
10 -0.40546235 0.28140804 -0.2526589 0.73042256 -0.85400224 -0.4392217 0.20341225 1.4534316
2 0.090397015 -0.81294596 1.8215374 1.066243 -0.27422816 -0.54864836 -0.05762548 0.2797175
32 0.14589621 -1.6630648 1.8075126 0.14767806 0.25835443 0.3173292 0.8306232 0.079442784
