50 8
19 -0.103740916 0.5242789 0.6545795 -0.109923534 0.40310815 0.34650484 0.13012373 0.17918244
39 0.038779486 -0.04228758 0.85603863 0.5194516 0.5998947 -0.016685538 0.31246802 0.10771319
24 -0.14404128 0.3455003 1.2705729 0.5118709 -0.029954948 0.21592681 -0.1495429 -0.60374475
2 0.36918387 0.3594052 0.4241241 0.7634767 -0.1652166 0.81328565 -0.51905996 0.74204123
38 0.80818915 0.60568714 0.5968146 0.567023 0.01602159 1.0728562 -0.3305603 0.16765834
43 -0.56769186 0.28183493 0.40727925 -0.76544356 0.46044168 0.67013246 1.1118153 -0.10665646
18 -0.18210572 -0.19818336 0.50117755 1.2982813 0.44090632 -0.03143192 -0.36651957 0.79354805
23 0.19792822 -0.06670743 1.0960053 0.47034922 0.5072022 0.1896218 -0.6563721 0.2317598
40 0.17878883 0.9478169 0.434867 1.4661759 -0.04601289 0.32784352 -0.09692447 0.013438931
41 -0.2735318 0.78196734 0.19189301 -0.27169013 0.33908004 1.0033349 0.74035645 -0.23808958
34 0.66152453 0.8840899 0.5493731 -0.20101446 -0.12926245 1.365466 -0.019407814 -0.018804649
1 -0.89025533 -0.07244917 0.87321573 -0.470923 0.3566212 0.046893675 1.0915264 -0.30134752
14 0.23882262 0.5257856 0.98233944 -0.7280426 -0.63654935 1.2320751 0.09425165 -0.059648823
3 -0.07974883 0.40885505 0.7551266 1.302485 0.38292864 -0.44730857 -0.23945992 0.4185974
30 0.4235128 0.07194169 0.53147453 1.4429352 0.7372379 -0.051861003 -0.4919589 0.81472814
36 -0.40424573 0.434687 1.0873771 -0.23329413 -0.42591944 0.45232448 0.46344453 -0.42171186
12 0.38325998 0.56798524 0.39303476 1.2817482 0.55114865 0.36721954 -0.31742963 0.29466027
28 -0.8921185 0.28679773 0.262362 -0.816145 0.10309303 0.4328005 0.7847021 0.69580466
15 -1.1028246 -0.36767572 0.57857704 -0.09524177 0.44369194 -0.52865183 0.748429 0.90115505
49 -0.29800978 -0.05794074 1.0631942 -1.1121043 0.27093926 0.57080346 0.9149466 -0.30342725
35 0.23243807 0.2964812 1.2006708 1.1005225 -0.19529511 0.062137485 -0.44878572 -0.025790887
44 0.2796552 -0.524312 0.86787045 1.1454191 0.36171108 0.015476995 -0.3264915 0.7353074
26 -0.8194034 0.26952574 0.4149345 -0.095950596 0.099827066 -0.4623904 0.77804506 1.0324999
27 0.011122788 0.8918271 0.23368019 -0.8647719 0.2651579 1.1204015 0.7936477 0.043581422
42 -0.99651855 -0.35321185 0.5501198 -0.16805816 0.4842885 -0.029623372 0.5425197 0.5776654
11 -0.37289393 -0.35989454 1.2648294 -0.83114487 -0.23582108 0.78175503 0.41559651 -0.26481077
13 0.10975927 0.95192695 -0.2537918 1.5184152 0.7817142 0.24748467 0.028756818 0.6394548
21 0.15722467 0.4994789 0.26573598 1.4052645 0.12953332 0.5905144 -0.44750533 0.4202199
6 -0.8807192 0.40723878 -0.3667584 0.20452124 0.39538977 0.3073246 0.39602697 1.3182878
8 -0.26859063 -0.2014882 0.09226313 1.0120543 0.37994125 0.012238998 -0.29538676 1.59372
31 0.4876627 0.5755019 0.4321543 0.9436434 0.6388614 0.16579513 -0.2746614 0.6087278
16 -0.4924489 -0.23403615 0.16312209 -1.1497005 0.24509208 0.86663127 0.69580394 1.1650723
5 -1.1327935 0.25206488 0.45939037 -1.1109372 0.15432408 0.65626764 1.183648 -0.103113115
33 -0.11588519 0.27522534 0.67680275 1.6165302 0.37559035 0.4433905 -0.36058003 -0.4542282
46 -0.5173676 0.5140278 0.51446855 -1.027579 0.056248732 1.1146874 0.63258773 -0.22965486
29 0.5310315 0.010816937 0.24556345 0.121289685 0.7895138 1.1533788 -0.41636264 0.6891705
32 0.31662464 0.38018027 1.0931827 1.5661522 0.039865468 0.111827515 -0.56977725 -0.16869168
9 -0.01750466 0.31416225 0.86901027 -1.3097547 -0.39565912 1.0900564 0.79865617 0.100076705
7 -0.6297415 0.44639638 -0.33297548 0.5086312 0.1361009 -0.287352 0.67362624 1.9128819
0 -0.32706302 -0.5284779 0.68572277 0.8318159 1.0636601 -0.3120541 -0.13188256 0.6233165
4 -0.6734675 0.5199381 0.08042119 -0.88601834 -0.70169353 1.2465755 0.4802378 0.82295734
45 -1.071867 -0.55052865 1.1762959 -0.39652112 0.29410174 -0.33507353 0.8800171 -0.05001495
10 -0.96803916 0.459165 -0.25964543 0.66867083 -0.013533726 -0.059588403 0.597658 1.2901248
17 -0.90795404 -0.026071828 0.4421878 -0.98160684 0.33394167 -0.20470808 1.0780559 1.1338686
22 -0.34212086 -0.24628645 1.3050491 1.2655414 -0.21368748 -0.42628217 -0.30203733 0.17185472
25 0.6428682 -0.35873464 0.38032818 0.41650087 0.51780367 1.3495879 -0.51914 0.6318567
47 -0.4090957 0.65144145 0.89546156 -1.1588967 -0.19475114 0.9612632 1.1562529 -0.71715426
37 0.045782175 -0.33727807 1.6022415 1.0225738 0.09807398 -0.34126356 -0.38093475 -0.10684566
48 0.6592945 0.6079289 0.593691 -0.05927735 -0.0008675347 0.92028576 0.00858721 0.3448998
20 -1.203532 -0.7346091 -0.18358138 -0.28021443 0.6277895 0.6219019 0.1796904 1.473376
