50 8
39 -0.34157965 0.55815244 0.41534477 0.5696884 0.56686753 0.7880956 0.18279351 -0.5391995
28 -0.22145492 0.2082229 0.66311204 -0.69766325 0.15891322 0.47215536 0.6955021 0.62713236
1 -0.23762274 0.21653226 0.7551066 -0.6861589 0.23135148 0.9411612 0.68794435 -0.1992723
43 -0.3056918 0.15819794 0.5120571 -0.08007514 0.6236701 0.86265785 0.41754076 -0.2147827
23 -0.1716137 1.1238059 0.8991701 -0.32692483 0.15118429 -0.086823165 0.4804866 0.21406767
36 -0.50233126 0.3148884 0.7105535 -0.5826274 0.1935534 0.6987235 0.44873148 0.22318722
40 -0.23691207 0.90583473 0.21444996 0.4783845 0.9103583 0.6938674 0.2551874 -0.35690618
42 -0.6086564 0.55246425 0.62475854 -0.545502 0.5322227 0.8692776 0.51498324 -0.10611208
27 -0.25298584 -0.24794129 0.8413965 -0.7793871 0.1455434 0.9961297 0.4741432 -0.009926166
34 0.6807045 -0.433668 0.7233678 -0.26865417 -0.3387412 1.1485213 -0.110764354 -0.061701782
26 -0.87207645 0.5367325 0.66007525 0.18176545 0.48943278 0.58472705 0.3731016 -0.41572312
16 -0.06233977 -0.42707607 0.8467617 -0.8996058 -0.116575085 0.665014 0.4994141 0.61198694
49 -0.13515793 -0.52574056 0.8771858 -0.8665742 -0.26005858 1.0128781 0.57443154 0.16132051
17 -0.29364792 0.46305853 0.86849076 -0.8473839 -0.048506826 -0.1760298 1.0346339 0.9778566
45 -0.40179482 0.22611818 0.78505063 -0.49004033 0.22697186 1.2412632 0.31858 -0.523544
41 -0.7897396 0.37926087 0.75650346 -0.65245634 0.47178614 1.0471526 0.48816463 -0.29618677
38 -0.16049726 -0.24143584 0.73819846 -0.07598129 -0.26911226 1.5593606 0.07430985 -0.71351796
14 1.0869497 -0.3137332 0.42244262 1.0077951 -0.55490047 -0.026419071 -0.33472562 1.013023
4 0.3253128 -0.8781135 0.50141305 -0.7035976 -0.23547873 1.1319648 0.4940051 0.70926565
10 0.12116341 0.09821004 0.6446481 0.88957626 -0.28727552 -0.8599853 0.4733413 1.1514773
9 0.9835581 -1.0320756 0.7786148 0.54453444 -0.5557826 -0.099276975 0.04519098 0.74488866
19 -0.2940432 1.357801 0.94949543 0.36382765 0.058232922 -1.1338698 0.24560726 0.8644615
5 0.7571526 -0.37465492 0.7909689 -0.37006876 -0.2864694 -0.22217396 0.5596632 1.1563993
7 0.16590999 0.7325646 0.4101834 1.2598351 0.27408808 -0.921835 0.2153495 1.0013103
8 -0.4772706 0.5017951 0.05539259 0.5483953 0.95560545 1.1922257 -0.23223655 -0.2352325
18 0.18891951 0.37747538 0.26674256 1.8683537 1.0588163 -0.12611319 -0.8507312 -0.11091384
44 0.14337963 -0.21417497 0.5639875 -0.17789944 0.39937449 1.6058679 -0.24276319 -0.68889517
6 -0.8395463 0.44597623 0.99536544 -0.7972878 0.49184874 0.17724025 0.6217328 0.18073486
25 0.9603537 -1.0160207 0.3438605 1.2657326 0.09529653 0.8932797 -0.8717786 -0.11350671
31 -0.8175895 0.70380217 0.5417145 -0.16804044 0.6459729 1.2293863 0.078954466 -0.55738443
21 0.4852948 0.34855953 0.42305318 1.5340377 -0.06993945 -1.0321318 -0.1575327 1.3653994
12 0.42389685 0.58083963 0.5066593 1.6779295 0.2002744 -0.90742415 -0.35874945 0.7940995
48 0.22341079 -0.20829754 0.57055897 -0.48541504 0.3227741 1.631962 -0.017400607 -0.47272342
15 -0.10606293 0.7029947 0.8129297 0.06215366 0.018642588 -0.91797394 0.70434904 1.1494097
0 0.25569972 0.7975308 0.5089229 1.5941559 0.269369 -1.191119 -0.15103118 0.9457072
3 0.48751116 0.71587276 0.51915663 1.4302697 0.14979622 -0.9771142 -0.36355993 0.9646849
22 0.95638514 -0.5015494 0.22402637 1.865851 -0.09784969 -0.21410197 -0.65243053 0.8801049
24 -0.13081898 1.153758 0.8804823 0.49713 -0.30953065 -0.96205825 0.44738296 0.80310494
30 0.3910774 0.48889303 0.4803425 1.8677772 0.9383153 -0.71314037 -0.6065996 0.069620125
35 0.7204348 0.2972693 0.049924064 1.8925214 0.6281031 -0.9117861 -0.25318286 1.3544548
37 1.3698999 -0.77987957 0.31455594 1.9268705 -0.2352536 -0.3631071 -0.58027905 0.9769932
47 -0.1342589 -0.3387429 0.791541 -0.7017715 -0.30661288 1.5080305 0.5771028 -0.34226435
2 0.29312733 0.70571905 0.68514836 1.3881298 -0.0010798475 -1.0075111 -0.35837817 0.7654566
20 -0.575156 -0.3967422 0.73308516 -0.5082218 -0.22438444 0.4496439 0.6864433 0.7981062
13 0.72007114 -0.29150486 0.14531754 1.8340094 0.57847005 -0.32572976 -0.88008165 0.83018816
33 0.8237552 0.028987028 0.21191591 1.8535007 0.20902616 -0.6715832 -0.19054593 1.0187795
32 0.9842699 0.29009712 0.13319418 1.8693708 0.07366988 -0.57624626 -0.19564587 0.9665335
46 -0.22129548 -0.060060557 0.8674251 -0.11220952 0.500215 0.7522988 -0.020871894 -0.5258409
11 0.7958788 -1.4816868 0.587732 -0.10172916 -0.64872706 1.4092811 -0.16264772 0.33676112
29 1.0961515 -1.2570862 0.44572553 0.28539225 0.697448 1.1116103 -0.8845836 -0.08721279
