50 8
19 -0.6417301 1.3551495 -1.2149156 -1.0982474 1.3941748 1.1738917 -0.24165583 -0.16486849
3 -0.84843063 1.4748845 -1.1159587 -0.7547023 1.1929773 1.2281027 -0.29088876 -0.44108707
24 -0.7883101 1.1282139 -1.0518433 -1.5142118 1.475623 0.9140064 -0.26608372 -0.1349673
21 -0.49719107 1.6628337 -1.3740044 -0.7740716 1.0066302 1.4071797 -0.376385 0.106757805
2 -0.5804386 1.4817501 -1.1507367 -0.44423774 1.054255 1.5332264 -0.4083053 -0.096980646
41 -0.052067433 -0.533547 1.5526893 -0.08908179 -0.56414306 -1.7514979 -0.80742925 1.3538238
28 0.32223213 -0.65067583 1.7702295 -0.5578434 -0.57387614 -1.7052087 -0.52002496 0.62491935
7 -0.7230247 1.0922232 -0.822597 -0.8494995 1.1978402 1.7400837 -0.5937448 -0.56836396
42 0.4139682 -1.0095667 2.1558657 0.117417105 -0.37153774 -0.7340481 -0.58739436 -0.44359875
14 -0.6709633 2.115712 -0.8709409 0.17124328 0.5773811 -0.065541424 0.77336705 0.89505565
31 0.5975108 -1.1516567 1.9410912 -0.08892163 -0.44135275 -0.98441344 -0.99265736 0.77079
36 0.032846652 -0.049987055 1.46794 -0.045407973 -0.7818838 -1.8866644 -0.25281718 0.40162048
38 -0.13745338 0.4879536 0.88867617 0.3011165 -0.7144406 -2.3781853 0.0071709733 1.5118651
37 0.23079635 1.3671911 -0.9092713 0.7659412 0.8027363 1.3922541 -0.101617165 -0.76426655
27 -0.059573736 -0.29857695 1.2902781 -0.20059921 -0.4108773 -1.6741971 -0.5503972 1.3754979
15 -0.6257691 1.2189826 -0.5068807 -0.9831247 1.301718 1.1648773 0.33645192 -1.6687988
6 1.0019258 -1.2491597 1.4169749 -0.56050885 0.44491887 -0.6661153 -0.38378567 0.87163305
40 0.23835224 -0.7599143 1.8336542 -0.06239696 -0.8380398 -1.1952453 -1.0476829 0.8026254
0 -0.2770112 1.049375 -0.47805876 -0.2853698 0.75224257 1.5641464 -0.46705005 -1.9801991
34 -0.104637176 0.8227332 0.09982014 0.05270072 -0.45637956 -2.0436535 -0.09311328 1.7183613
43 0.32987034 -0.7272299 1.9015666 0.048232194 -0.61426574 -1.471019 -0.48408562 -0.16627638
9 -0.29902908 1.7826723 -1.1595557 -0.12966917 0.6791155 -0.55264914 0.6495316 0.52007115
33 0.21174449 1.5602963 -0.8861014 1.2082359 0.35479298 1.4738678 -0.33816162 -0.4537136
10 -0.11731245 0.5283549 -0.64237374 -1.2571778 1.3397217 1.2854936 -0.42137012 0.5699531
39 0.29841506 -0.568107 1.2495872 -0.25429398 -0.423875 -1.9048018 -0.8144086 1.0228525
26 1.6633128 -1.2607999 1.8040724 0.49455148 -0.37988725 -0.45882264 -0.6811415 -0.39214045
1 -0.55314946 -0.013301713 0.855359 -1.4913005 0.17159753 -0.9037386 -0.2963965 0.82520926
5 -0.44129246 1.1201919 -0.055303093 -0.21887012 0.86190814 0.02495633 0.77614075 -1.6904879
17 0.4192505 -0.8948093 1.6847204 -0.56909746 0.29761782 -0.49513695 -0.029837156 -1.9829556
23 -0.7599672 0.8154068 -0.7298617 -1.8910645 1.5998602 0.8422555 -0.029731868 -0.07593567
11 -0.09397107 1.7265991 -0.9373679 0.47015584 0.4999414 -1.4287843 1.0089917 -0.035990123
12 -0.5687666 0.97083867 -0.757653 -0.628025 1.1517513 1.8573395 -0.71590686 -0.19537325
8 1.3172562 -1.1379788 0.78562546 0.3450355 0.41402096 1.1122447 -1.3565854 1.0808529
45 1.0161692 -1.4181122 2.102834 -0.11213241 -0.3355083 -0.8026597 -0.7673176 -0.44588307
20 0.33981115 0.44192567 -0.27469268 -0.4066799 1.0605685 -0.4823907 0.4668702 0.7347002
30 1.3695515 -0.089652255 0.6900163 1.5595977 -0.6894627 0.8887795 -1.0469707 -1.6119866
4 -0.31564602 1.1183113 0.11263532 0.30251515 0.061479565 -1.860843 0.70352817 1.0926769
44 1.0559499 -1.2765286 1.9040457 0.380227 -0.5487656 -0.2402412 -1.3868513 1.036367
18 1.1624609 -0.3946132 0.7313582 1.7288045 -0.13486795 1.6459589 -1.2568032 0.30660272
29 0.22434212 1.2840512 -0.8776569 0.30280244 0.83752835 0.0729718 0.48410207 1.0759015
32 0.2970758 1.7444417 -0.46866474 1.854447 -0.1669185 1.8765332 -0.4104664 -0.65316397
13 0.60877204 0.79104817 -0.7827186 0.7954819 0.5323346 1.7885004 -0.8927103 0.43739298
16 0.6166548 0.1901966 1.1423677 0.57393706 -0.009118795 -0.27141201 0.60679513 -1.4512769
35 0.7908682 1.4084263 -0.6655955 1.6598548 -0.20946768 1.5743014 -0.5586568 -1.4275055
25 0.86685175 1.3071694 -0.63063395 1.668118 -0.23853946 -0.7132694 0.1839065 0.7731149
47 0.36183912 -0.9461602 2.135209 -0.6416255 -0.38913053 -1.2925239 -0.39786533 -0.5372452
22 1.6154984 0.55978906 -0.105486654 2.4793823 -0.49339554 1.0415273 -0.80736053 -1.7355301
49 -0.015008545 0.25333965 0.8287659 -0.77207464 0.27462646 -1.129592 0.68062204 -1.8649348
46 0.14394894 -0.7476743 1.8513649 -0.43120843 -0.4355277 -1.9722067 -0.42886856 1.0703987
48 0.3766537 -0.700171 1.5110675 -0.28356862 -0.43267444 -1.7927809 -0.56988144 0.92081237
