50 8
36 -0.19300589 -0.19413243 0.9211862 -1.0112561 0.27421635 0.8260567 0.6236191 -0.37816826
20 -0.88907045 -0.61200935 0.39604872 -0.5666023 0.65064555 0.74812585 0.34479716 0.24492516
28 -0.26234344 0.018410278 0.7335484 -0.85280216 0.392656 0.87402177 0.5656988 -0.18603173
1 -0.45896995 -0.46386215 0.23808752 -0.37366912 0.9496475 0.59132284 0.4859378 0.2245482
10 0.18774946 0.028321572 0.32927275 1.1373821 0.30851254 -0.28810233 -0.10393297 0.63062173
13 0.24482186 0.006603945 0.14428744 1.1637172 0.6057757 -0.5968014 -0.40000278 0.9067241
40 -0.5065849 -0.4889318 0.031882618 0.1519061 0.9338284 0.62292176 0.6245279 0.71428025
27 -0.27250764 -0.10406631 0.63076276 -1.1265885 0.7513632 0.8995118 0.54086787 -0.17593686
25 0.30908385 0.2854201 0.29575107 0.51197755 0.43065923 -0.4238142 -0.93991387 0.4579139
48 -0.3650139 -0.34831017 0.42509925 -0.7745771 0.76992697 0.8454614 0.48814777 0.031237364
43 -0.58155143 -0.43289807 0.4595761 -0.85946006 0.84122735 0.93237317 0.46791512 -0.20240788
18 0.5387986 -0.0052348473 0.038277507 1.4868017 0.7343834 -0.70273054 -0.4396755 1.0036492
26 -0.8042192 -0.60614324 -0.018007567 0.4751795 0.9092365 0.18673943 0.13835737 0.86094517
31 -0.68710065 -0.4219178 0.30364275 -0.42481253 0.72764874 0.785121 0.49627176 0.2875762
16 -0.46307373 -0.23930308 0.6504868 -0.9257642 0.520314 0.8712257 0.31429052 -0.17275943
44 -0.6718032 -0.47456035 0.32368132 -0.50904274 0.82593995 0.606098 0.18557906 0.1955408
29 -0.029628541 0.04055554 0.1750564 0.16898951 0.8487863 -0.19678223 -0.4402635 0.39598608
6 -0.7146228 -0.638076 0.028597154 -0.010168101 1.0787177 0.50374275 0.2668439 0.4807237
17 -0.36040586 -0.11141455 0.7943872 -1.1051787 0.45227307 0.97010326 0.51195246 -0.22368778
39 -0.74908257 -0.40685242 0.27304384 -0.6587609 0.94950426 0.86339045 0.47947213 0.10496657
14 1.0434784 1.1078653 1.3407162 -0.18959275 -0.7482146 -0.090949774 -0.68352145 -0.525799
34 -0.23265404 -0.18820636 0.95057535 -1.1425402 0.16342673 1.0152048 0.2973168 -0.43583408
41 -0.22742914 0.11921482 1.0273776 -1.1974701 0.24922259 0.9721257 0.38861337 -0.7380694
38 -0.398984 -0.16071144 0.98178756 -1.118424 0.16680297 1.1287465 0.46140373 -0.53935134
12 0.45871642 0.09171674 0.11674064 1.566812 0.6600504 -0.8580876 -0.54947215 0.95153385
45 -0.7078431 -0.34486875 0.34034345 -0.8264285 0.9627902 0.81529635 0.62498397 0.16626358
7 0.72252864 0.051262427 0.25175124 1.4098177 0.56685007 -0.7321355 0.034716047 0.92133003
42 -0.6480608 -0.42350742 0.44149935 -1.0458881 0.8473888 0.9028312 0.6421991 0.079362914
19 0.49001318 0.39727822 0.42783722 1.3624333 0.15281442 -0.78933704 -1.0063717 0.6895416
21 0.7473705 0.47442627 0.71886265 1.3861237 -0.30674043 -0.61472094 -1.0831819 0.21812777
23 0.5934346 0.20000274 0.2890162 1.6200353 0.3806214 -0.7988574 -0.8459662 0.767546
8 -0.7800335 -0.7784429 -0.16251187 0.5742118 1.0137478 0.5333048 0.36420095 0.9365944
24 0.60399675 0.5535491 0.4622381 1.3655789 0.10757074 -0.79668075 -0.9825957 0.6136703
47 -0.33663535 -0.121071585 1.1034669 -1.275293 0.12577179 1.2551429 0.70381165 -0.69852144
15 0.87018365 0.7923736 0.82428193 1.1273892 -0.3193669 -0.6409342 -0.82829654 0.21824962
46 -0.32330522 0.024231719 0.96182 -1.1663259 0.21367413 0.78831947 -0.08238493 -0.70566547
9 0.7588064 0.626211 1.233402 -0.71942925 -0.30192482 0.37950528 -0.0002829183 -0.75663286
49 -0.47220153 -0.092889845 1.0421059 -1.0630702 0.011315152 1.0616411 0.33009425 -0.63197213
30 0.66127795 0.29804066 0.37814686 1.5911577 0.3444021 -0.79398865 -0.5997968 0.71847254
32 0.7920263 0.6153194 0.6411192 1.7580464 -0.24907497 -0.790828 -0.78975755 0.7035111
33 1.0308936 0.93356293 0.726482 1.4008623 -0.36918056 -0.75285894 -1.1116452 0.33163178
37 0.9737745 0.54492325 0.66545486 1.5586925 -0.09944585 -0.9554644 -1.036371 0.5340638
4 -0.32375902 0.36452758 0.9813142 -1.3785993 0.1797288 0.90724313 0.27516443 -0.45959532
2 0.74442357 0.6146368 0.7426798 1.650768 -0.3297004 -0.8202984 -1.1274542 0.48891684
22 0.87962973 0.63623846 0.9677646 1.5246048 -0.5417196 -0.7628351 -0.930784 0.39355046
35 1.0056268 0.76916116 0.91240555 1.4974742 -0.5110044 -0.9421997 -0.8957828 0.5083843
0 0.7899488 0.42979643 0.46567875 1.880329 0.10441576 -0.9588703 -1.0343446 0.7163306
11 -0.10123741 0.22475934 1.1738478 -1.41775 -0.09764379 0.9134621 -0.35043997 -1.071771
5 0.32394338 0.8686309 1.3390225 -1.2815303 -0.34809682 0.9450081 0.3185565 -0.8965476
3 1.0574683 0.5915243 0.77365774 1.5616348 -0.17874601 -0.8539246 -0.9807409 0.34870896
