50 8
46 0.09062924 0.802507 1.051554 0.5701496 0.03358585 -0.5552734 -0.9263183 -0.1287041
40 -1.0323124 0.5127082 0.18799973 0.50895804 0.4114735 1.0685444 0.7778787 0.1608564
16 -0.33495104 -0.58830845 0.42850265 -0.74634755 0.31332147 0.98925817 0.85205585 0.4835808
49 0.14919002 -0.11344877 1.0177 -0.7883097 -0.021560667 0.62608606 0.6968392 -0.1495202
45 0.19715917 -0.57937527 0.5980506 -1.1060958 -0.017912842 0.9817511 0.8699118 0.43484303
20 -0.25802243 -0.70195705 0.061570454 -0.34900215 0.410114 1.0210398 0.75270164 0.7563622
27 -0.02149497 -0.2835122 0.5702609 -0.6703079 0.25100267 0.81083035 0.8640133 0.3004931
36 -0.18419985 -0.2432681 0.7380749 -0.9333706 0.25925434 1.0552521 0.9628683 0.040753752
34 0.14905626 -0.45828468 0.94196284 -0.7209926 0.21268931 0.47805297 0.5679826 -0.05033934
1 0.053990692 -0.0019575066 0.75943995 -0.5322775 0.23568042 0.89143884 0.7025116 -0.16429609
4 -0.02013579 -0.50205153 0.32425153 -0.76968586 0.14936641 1.0731182 0.8100157 0.61603737
19 -0.32122496 0.8555298 0.54328924 1.1655903 0.3344843 -0.54091054 -0.9597263 0.283695
17 -0.25654754 -0.08044149 0.9682061 -0.737445 0.3164315 0.813048 0.6412291 -0.26585278
39 -0.3098938 -0.4254543 0.42196032 -0.66927844 0.32917508 1.2263952 1.1662936 0.3260622
15 -0.4806015 0.69676965 0.86361194 0.19584109 -0.018331643 0.5260029 0.33583716 -0.25686786
31 -0.3084547 -0.57641834 0.31579918 -0.6716742 0.35796413 1.1253479 0.9399279 0.5725509
38 -0.45390698 -0.53571254 0.31563342 -0.69406754 0.51646274 1.2893895 1.0957931 0.44103664
6 -0.15164688 -0.67327374 0.3653273 -0.58859247 0.30026138 1.0126555 0.8501465 0.43106726
29 1.3248265 -0.35929558 0.17429656 0.2271157 -0.032218758 -0.2741169 -0.34533194 0.8312699
5 0.6591498 0.767056 1.1882918 0.09769006 -0.2553277 -0.4862226 -0.7764045 -0.17986181
28 -0.5615921 -0.16681218 0.4830951 -0.9616433 0.41003877 1.3553742 1.0056851 0.32093734
41 -0.24845313 -0.54567623 0.2764407 -0.677782 0.402479 1.3819668 1.2623166 0.4448213
43 -0.3346986 -0.44210908 0.3332036 -0.7530195 0.6355599 1.3470161 0.9673709 0.22979294
26 -0.15128574 -0.97464466 -0.05650008 0.06204708 0.27137604 0.8765585 1.1305184 0.8679576
10 0.080443755 0.6218246 0.14595973 1.6689228 0.29287675 -0.47918507 -0.7918496 0.58144844
7 0.15506431 0.6900844 0.5465483 1.5230049 0.2653307 -0.8132019 -1.2601131 0.39733496
42 -0.6250536 -0.113392144 0.64001745 -0.56367934 0.53620994 1.0058912 0.77405775 0.027327163
14 0.8523824 0.7399839 0.8790081 0.5482779 -0.30660164 -0.87085867 -1.1909845 0.42272615
37 0.7314342 0.2878715 0.5569479 1.3026509 0.07217366 -1.0263399 -1.1551267 0.5554249
47 -0.07980867 -0.19951223 1.027827 -0.9389445 0.23439156 0.7668191 0.93973696 -0.28418213
21 0.54667294 0.5523966 0.6795471 1.2837354 -0.11256257 -0.9347633 -1.3583622 0.46152577
33 0.78939146 0.43956152 0.64908075 1.3738053 -0.041216407 -0.9337664 -1.1147182 0.32333538
32 0.70438975 0.40040696 0.47586828 1.379901 0.08103823 -0.946141 -1.0527662 0.6270355
9 1.0265138 -0.116261 0.98661506 -0.47677281 -0.520463 -0.19872697 -0.017932175 0.26660195
23 -0.24198005 0.85682285 0.62860525 1.4956222 0.48934978 -0.5521174 -1.3063931 -0.0029963925
3 0.6294862 0.956318 1.0613437 0.9620633 -0.022238223 -1.0677577 -1.1986599 -0.002435614
22 0.6699286 0.28562495 0.4766259 1.4948711 0.08790476 -1.0302143 -1.1193734 0.6041877
18 0.4650684 0.15162109 -0.25799936 1.8640999 0.27488634 -0.4873063 -0.9086668 1.1216959
8 -0.50056386 -0.5745148 -0.6561831 0.9372896 0.72542346 0.93840575 0.45062795 1.0826777
25 1.0462852 -1.0784438 -0.44921145 0.28073055 0.14262159 0.4624459 0.11197875 1.3235279
0 -0.5321548 1.1203377 0.880764 1.2940661 0.3274536 -0.72838885 -1.170898 -0.0033732192
13 0.20204835 0.50960565 0.16307762 1.6523986 0.1468633 -0.70013994 -1.2673105 0.85398597
11 1.5190064 -0.033006944 1.0534807 -0.62027967 -0.61217237 -0.32428288 -0.56286263 0.29522917
2 -0.17343347 0.8975649 0.7850689 1.5780649 0.23243031 -0.7362589 -1.3013878 0.0030722197
12 -0.34306115 0.97891647 0.42456007 1.7021033 0.59523237 -0.6085652 -1.1303711 0.264889
44 -0.22351044 -1.0973125 -0.1668734 0.026024815 0.49573117 1.0291381 1.1029714 0.8618929
48 0.65658444 -0.66636825 0.39526516 -1.0469654 0.07785076 1.1930854 1.1376839 0.44809675
24 -0.8221856 1.2776598 0.9772011 1.1414855 0.55637586 -0.4550237 -0.96648926 -0.36409834
35 1.0739095 0.31557038 0.55481046 1.1210214 -0.18422325 -1.2214383 -1.1846594 0.84593225
30 0.43311065 0.17037424 -0.054092273 1.879776 0.52924997 -0.6743535 -0.8303963 0.7155876
