50 8
43 -0.04864578 0.07241467 0.7907284 -0.5415322 0.37448218 0.52014625 0.91580117 0.86954767
41 0.3755197 0.32595378 1.1393467 0.017518613 -0.039885674 0.7884221 0.24807832 -0.15381816
19 0.102049485 -0.34935763 0.11966158 1.0487171 0.5620434 -0.43326998 -1.0417341 0.5728479
38 0.48628008 -0.022439072 0.80813324 0.6747354 0.023596099 0.76610655 -0.50949514 -0.3993359
25 0.59198606 -0.2715226 0.93018764 -0.06529988 0.36517462 0.44871065 -0.47347686 -0.13522707
29 0.25753692 -0.87346095 0.65766007 -0.39998356 0.57303876 -0.32363212 -1.1188842 0.5883975
24 0.6255964 -0.5637628 0.47742122 0.83556145 0.49655768 -0.26857033 -1.3519824 -0.021013409
12 -0.03135809 -0.48489478 0.111807995 1.0044558 0.6520399 -0.257552 -1.1202794 0.4719419
42 -0.7384774 -0.29131463 0.13414544 0.55588835 0.30503294 0.13359486 0.45058966 1.1780268
34 0.8593118 -0.50179905 1.1423062 -0.29667538 0.18732946 0.30352643 -1.058805 -0.31224823
39 0.058726497 0.20771685 0.40316856 1.6747508 -0.054563172 0.47662574 -0.10700696 -0.124506764
11 0.29892403 0.12268389 1.2578888 -0.65390176 -0.08409291 0.6374572 -0.097845554 0.18003424
21 0.41576642 0.23820576 0.7337016 0.92067575 -0.09304826 0.12620708 -0.8635784 -0.07155421
16 0.7269166 -0.53661877 0.89834857 -0.8652486 0.6701617 -0.06830161 -1.1197346 0.42753327
35 0.47723573 0.3776425 1.4292067 -0.3115005 -0.3786793 0.7926142 0.67051804 -0.086128
1 0.8738989 -0.1888534 1.0545018 0.13048905 0.22307663 0.5569785 -0.6150289 -0.4934957
36 0.021529473 0.12727931 1.2861493 -0.90145373 0.04371463 0.6685696 0.49959314 0.39435452
49 0.29850554 0.032433502 1.2803197 -1.2075378 0.20722812 0.3394264 0.1763806 0.60330784
23 0.39162004 -0.11411635 0.64765126 1.1009059 0.3713729 0.32430878 -1.1986666 -0.5688924
31 -0.49737594 -0.23905641 -0.20885038 1.4858159 0.416965 0.24820533 -0.1508699 0.77529156
48 0.4507401 -0.640085 0.9600468 -0.9635013 0.4976485 0.093053035 -0.43107608 0.5720127
44 -0.18430248 -0.24666856 0.16641793 1.5547332 0.19382389 0.39367357 -0.30829838 0.09740071
14 0.9874823 -0.2238934 1.2341852 -0.43454254 0.19973874 -0.10529096 -1.3200545 -0.14116526
20 0.16751084 -0.47016573 0.959287 -0.7867295 0.19504388 0.090515085 0.28284138 0.7815003
4 0.45344937 0.3473983 1.4659438 -0.8297287 -0.25697336 0.65758836 0.3735465 0.17383705
2 0.28522786 -0.41502988 0.55074507 1.023445 0.10540885 0.08466272 -1.0618225 -0.15053697
13 -0.54316443 0.1785373 0.32555798 0.4677095 0.05303925 0.5203907 1.06803 1.111561
33 -0.5270554 0.26368296 0.67307186 0.85296243 -0.32274202 0.99658155 1.3186532 0.31968346
3 0.47149584 0.008532781 0.60107285 1.2361058 0.2560415 -0.1071967 -1.2440708 -0.28387883
10 -0.5679477 0.13908786 0.68213433 -0.47009605 -0.116537094 0.19464608 1.264359 1.5808527
37 0.022589963 -0.2809808 0.3292992 1.167851 -0.18079613 0.031211594 -0.12526983 0.45606607
18 -0.29494122 -0.26963776 -0.25124693 2.031901 0.54933536 -0.088218436 -0.1804067 0.57335466
22 -0.22232318 0.3121046 0.84943116 0.11791376 -0.4191 0.817713 1.0294017 0.5999059
32 -0.17776954 0.22131401 0.44369236 1.8109325 -0.23620035 0.9413228 0.11949935 -0.3692053
27 0.656527 -0.19353455 1.1697241 -1.0531236 0.3008057 -0.014529799 0.021841386 0.6774504
40 0.25324747 -0.1341476 0.28530473 1.8636308 0.19912368 0.4135488 -0.7745102 -0.38882837
30 -0.43775368 -0.18835683 -0.08437013 1.9584113 0.19747153 -0.23703544 -0.052726023 0.6967498
46 0.51249754 -0.16753852 1.2659739 -0.68321747 0.3256148 0.20414796 -0.50216454 0.0059306934
6 -0.56667054 -0.6652323 0.22248438 -0.08365107 0.74890685 -0.8539613 -0.048270367 1.6148306
9 0.46937582 -0.22952795 1.3631183 -1.1690116 -0.040931553 -0.05048329 0.15397662 0.67647856
28 -0.49055487 0.31478113 0.94315964 -1.0471486 0.16370021 0.42714685 1.3932776 1.4605824
45 -0.2913439 0.13205318 0.6455004 -0.17020662 0.26547316 0.50641876 0.6504559 0.8305904
15 -0.6778966 0.32241964 0.40162203 1.0016444 -0.19954947 0.1832394 0.58808035 0.8243729
17 0.07887986 -0.083195776 0.38197145 0.13460371 0.6160744 -0.78277624 -0.6747459 1.1596898
26 -0.899551 -0.4505428 0.04567819 0.5981988 0.21380322 -0.29931274 0.58087707 1.5689647
5 -0.18748647 0.40230855 0.8421822 -0.62302953 -0.0060943877 0.5214285 1.0258464 1.2066554
7 -0.99328035 -0.3685168 -0.21896361 0.86736953 0.21540472 -0.45720986 0.61279863 1.9291538
0 -0.2738339 -0.42560008 -0.09604779 2.07005 0.44030672 -0.37273178 -0.79757124 0.31026763
47 0.43016347 0.3357076 1.177547 0.556871 -0.0910784 1.2004104 0.17305845 -0.8017923
8 -0.89063066 -0.22462833 -0.29600534 1.5719508 0.35219553 0.05858336 0.58506703 1.2281297
