50 8
6 -0.8327398 -0.040842056 0.46252114 0.53238255 -0.7960014 -0.6768536 -0.39759547 -0.67802733
15 -0.20069245 0.3184009 0.010260949 0.7742769 -0.19562806 -0.597929 0.02861025 -0.17823158
42 -0.41974 0.39491242 0.22806604 0.6009548 -0.6045414 -0.6355821 0.29134056 -0.7086822
23 -0.578731 0.20724615 0.2796185 0.28678244 0.23530765 -0.21238516 -0.23704113 0.4947005
29 -0.8478927 0.18138973 0.2253286 0.28746048 -0.1334789 -0.60856915 -0.19414596 -0.104769275
43 -0.51476353 0.20705226 0.37152332 0.7244981 -0.6245432 -0.78562427 -0.1061078 -0.9978904
26 -0.5091678 -0.17643408 0.12130259 0.7811121 -0.37804055 -0.92302054 -0.6020881 -0.19946092
1 -0.9792666 0.64054996 0.4521191 0.41591805 -0.53684986 0.04166674 0.1112736 -1.2120965
31 -0.68894583 -0.023565024 -0.114688754 0.5574941 0.33666977 -0.7556232 -0.64652824 0.43886238
18 -0.30113024 0.26282516 -0.24469702 0.4129432 0.79938036 -0.27358806 -0.56340015 1.4922695
24 -0.14061107 0.24720076 0.03203528 0.57868457 0.70331347 -0.2707452 -0.28385127 0.96521455
40 -0.2765866 0.29720667 -0.22674765 0.57711005 0.9471164 -0.22106555 -0.27824304 1.2487634
27 -0.77149165 0.43565375 0.7002624 0.41486257 -0.9837602 -0.029768405 -0.082967326 -1.1044078
45 -0.7560698 0.67839855 -0.00096172246 0.46397647 -0.0638386 -0.9120796 -0.14619626 -1.1392155
39 -1.0788165 0.3335922 -0.2766778 0.24732926 0.524148 -0.40694904 -0.44620115 0.42297605
28 -0.11674192 0.6201128 0.62020445 0.41743654 -0.9560802 -0.2849667 0.19742614 -0.8518152
17 -0.2065606 0.3594903 0.8930441 0.4669228 -1.1321193 -0.24139076 0.0625286 -0.895611
8 -0.20965615 0.032237187 -0.45519042 0.8903477 0.0814155 -1.2687961 -0.3741001 0.28124064
41 -1.0271822 0.6983125 0.5256814 0.20208281 -0.58600223 0.028807381 -0.051664338 -1.1298782
19 0.37478662 0.07458151 0.071652696 0.8881278 0.19147743 -0.33520338 -0.3464488 0.90017873
46 0.11006063 0.5425032 0.48013988 0.4934413 -1.1291 -0.21132816 0.16064113 -0.5532333
2 -0.005250317 0.39830315 -0.0826839 0.38278794 1.0119673 -0.08993652 -0.27731287 1.7438406
12 0.29091722 0.2203643 -0.21295653 0.735041 0.80490345 -0.46083674 -0.25281835 1.5411319
7 0.39124125 0.52379405 -0.2455522 0.46187428 0.6849402 -0.21069539 -0.29736257 1.7920094
34 -0.68348277 0.63604647 0.91835743 0.08743594 -0.732151 0.12423874 0.07981259 -0.8845449
20 -0.2568582 0.28948244 0.796724 0.52616584 -1.2614447 -0.31049162 -0.08466094 -1.0025536
16 -0.40804657 0.7382128 0.7996397 0.09331972 -0.93335235 -0.14974712 0.15222572 -0.8936988
36 -0.56516445 0.47271645 0.58155555 0.46560544 -0.9452681 -0.09392674 0.06292149 -0.9881364
49 -0.74462813 0.1985251 0.9017229 0.33906955 -0.9226588 -0.10766894 -0.09132273 -0.8895971
30 -0.2570238 0.79051113 -0.019172158 -0.026720474 0.9580049 0.2937071 -0.12590201 1.6449312
48 -0.42197356 0.29278466 -0.5112863 0.7039924 0.43384227 -0.8268416 -0.37169874 0.38912973
44 -1.0779166 0.10148247 0.34440437 0.0952531 -0.211314 -0.5494193 -0.64969575 -0.076984674
38 -0.6301311 0.8598942 0.7359629 0.016670723 -0.8031813 0.10371066 0.121263556 -0.94353944
11 -0.12393228 0.6907653 1.0969589 0.15366161 -1.380957 0.2991809 0.52458096 -0.7541664
22 0.10653299 0.6512741 0.03593459 0.28802678 1.0860273 0.34686008 0.010695252 1.8309593
4 -0.017241286 0.8295453 0.9611188 0.21797895 -1.2659758 0.4761857 0.69237137 -0.6976602
47 -0.68641853 0.2749288 0.38080418 0.8596749 -0.7354939 -0.55042195 0.06380484 -1.339844
0 -0.10491465 -0.09382517 -0.17356609 0.80632824 0.64480156 -0.8101597 -0.6709609 1.0511639
3 0.10622853 0.7637119 -0.24672651 0.1977187 1.1232423 0.10105613 0.10124347 1.9086941
13 -0.16937582 0.03395718 -0.069649465 0.4166213 0.63371307 0.24707606 -0.43403056 2.174867
21 0.39298117 0.7382575 0.19386527 0.07152748 0.6780066 0.64234513 0.17985901 2.275994
33 0.5590416 1.0548238 0.10491333 -0.06315913 0.8820958 0.44644487 0.2540976 2.2261612
32 0.1836953 0.9652661 0.05013843 0.009233853 1.0249465 0.7106546 0.33755395 2.2075045
9 -0.20345265 0.8868221 1.2264075 -0.019351797 -1.2907593 0.48706955 0.94910073 -0.83011466
25 -0.40560088 1.1125814 1.3020201 -0.9479578 -0.30438694 1.8101617 -0.06995554 1.0756235
35 -0.11772181 0.8274165 0.13513859 -0.067583665 1.0712633 0.5957416 0.23848955 1.9875722
10 0.5588001 0.26003122 -0.08522269 1.0327377 -0.56891507 -0.43196633 -0.018176239 0.2611798
5 0.31268352 0.33538464 0.8426512 0.8119332 -1.4294266 0.035898402 0.5777534 -0.6654716
37 -0.13713326 0.6742141 0.44964904 -0.17630021 1.0533757 0.9277715 -0.0016583187 2.3447835
14 0.56525195 1.2269331 0.5846412 0.07706623 0.3550241 1.7189121 0.34766784 1.475958
