50 8
19 -0.43309996 0.5709165 -0.40018514 0.43297362 -0.2123675 -0.5367834 -0.7061685 0.34399223
12 -0.44028845 0.6839348 -0.28674898 0.40357035 -0.10139235 -0.5862677 -0.14527425 0.5375436
24 -0.7909432 0.15377903 0.07456472 0.45490852 -0.11295505 -1.1357774 -0.81031775 -0.017863201
25 0.7688484 0.731585 0.45324576 0.05836187 0.44819403 0.6768448 -1.1473469 0.5259851
43 -0.043295894 0.39276686 0.6586081 0.391099 -0.07267559 -0.04343755 -0.73163205 -0.043449998
41 0.60549664 0.8155709 0.6056089 0.4486664 0.0036181079 0.4496821 -0.11068753 0.26828948
23 -0.017792134 0.6110501 -0.37793827 0.25810793 -0.14273843 -0.31205973 -0.86039823 0.63469535
29 -0.45626995 0.7773353 -0.54887587 0.39677685 -0.20788638 -0.34027758 -0.24975047 0.7168734
8 -1.2068822 0.86344695 -0.68810457 0.382329 -0.013680564 -0.8055526 -0.1912092 0.24106552
1 0.46457553 0.89267355 0.8952556 0.28493667 0.117718935 0.37468675 0.4155109 0.37240067
40 -0.9274421 0.54736483 -0.1708477 0.23522548 0.10929681 -0.99153924 -0.75231177 -0.20169409
30 -0.49126795 0.64247906 -0.5185267 0.33664584 -0.15373626 -0.63483 -0.5010234 0.6362222
31 -0.577622 0.33582214 -0.23866972 0.28031585 -0.02112663 -0.65287846 -1.3186115 0.15331548
16 0.7240968 0.6760999 1.0797079 -0.1024222 0.04877479 0.0074141943 -0.48463696 -0.07106255
35 0.639884 0.87155 0.679689 0.5364054 -0.14507063 0.58701134 0.51000565 0.70966697
13 -0.96963304 0.79608923 -0.6451013 0.39818245 0.011602115 -0.98715895 -0.26893693 0.210027
15 -0.83468074 0.24088112 0.05966379 0.18306462 -0.16747706 -1.1377542 -1.0494012 -0.17503981
6 -1.0516555 0.38601372 0.29668 0.43542778 -0.24455059 -1.2527884 -0.14586936 -0.43307444
21 -0.36644587 0.84742117 0.10150564 0.31790316 0.18538634 -0.3788797 0.66330385 0.8328337
2 -0.881168 0.411087 -0.31188563 0.22715758 -0.060861766 -0.98578906 -1.0444115 0.07942389
22 0.6273306 0.8885131 0.4457641 0.5144087 0.15327725 0.6168188 -0.034099415 0.56358117
18 -0.6836624 0.6530224 -0.7617514 0.37501016 -0.19389561 -0.7076445 -0.43224797 0.8222736
26 -0.6597506 0.29651213 0.36805603 0.19953275 -0.2086891 -1.1043261 -0.88330317 -0.5282817
27 -0.16121598 0.6019653 1.5417202 0.3527954 -0.3236775 -0.15659636 0.92121583 -0.2077056
20 0.010695181 0.6221407 0.9683636 0.23698328 0.03864386 -0.5599044 0.8027032 0.30751985
39 -0.6589042 0.5856111 -0.5066033 0.24311845 -0.031773485 -0.6284577 -0.95960915 0.33703446
32 0.057633277 0.71831936 -0.34524605 0.5012855 0.1265292 -0.2427957 -0.0018099922 1.1615055
4 0.779095 0.64306104 1.6485076 0.21736395 -0.30226415 0.59282047 0.17648645 0.010055391
33 0.13177302 0.83379585 0.08508873 0.42257568 0.043061983 -0.4441283 0.8968328 1.036785
0 -1.0444092 0.50849664 -0.464392 0.107170835 0.19763485 -0.92146516 -1.1810827 0.11599046
9 0.45689225 0.749824 1.5571039 0.26381657 -0.28422222 0.45308653 1.0079398 0.46034214
48 -0.5091795 0.5755549 -0.39813194 0.56816334 -0.3478021 -0.8921565 -0.2497804 0.27410513
28 0.32859167 0.17114986 1.7281576 0.07265701 -0.48527884 -0.36500862 -0.1766379 -0.301633
10 -0.7724895 0.5228356 0.6987161 0.45034012 -0.6032176 -0.8853331 0.6819844 -0.24678959
3 -0.6112542 0.83271974 -0.8542703 0.37801147 -0.15198947 -0.6152754 -0.28006604 0.7843264
34 1.0709753 0.6206031 1.2732861 0.2777434 0.09614782 0.65495276 -0.31138778 0.34219545
38 0.89565325 1.3326644 0.37764558 0.26661 0.26875532 0.88588256 0.5985108 0.9914043
7 -0.8121591 0.7651024 -0.5238184 0.4709415 -0.2133257 -0.86562866 -0.07411692 0.24452414
14 0.9504618 1.1202853 0.62188137 0.14508991 0.26244894 1.1424617 -0.014657699 0.885646
37 -0.260159 0.5624564 0.5057273 0.34085107 -0.43876755 -0.80914056 0.81537086 0.50913674
36 0.4764196 0.8767566 1.0284023 0.5541825 -0.27306423 0.7257702 0.52647614 0.24203813
11 0.5548309 0.64189494 1.4997292 0.23552577 -0.13785256 0.74928486 0.2526753 0.44838485
44 -0.075200744 0.52743155 -0.7343435 0.24865232 -0.006194399 -0.67166305 -1.6719408 0.30301642
49 -0.47803834 0.15004021 1.2186345 0.4884659 -0.31987023 -0.23905522 -0.830773 -0.87473226
45 0.049324725 0.24193814 0.9540587 -0.06292453 -0.06580175 -0.21697766 -1.8783184 -0.7899395
5 0.58144313 0.30127683 1.8014328 0.25395453 -0.12338231 0.03248848 0.048603058 -0.06653605
47 1.4440604 0.6615578 1.4435674 0.2349393 0.13821493 1.0444071 -0.55646616 0.3287514
17 -0.6201691 0.22558375 1.9235215 0.07791009 -0.48975465 -0.88395464 0.35888797 -0.9700613
42 0.021653136 0.3284043 1.6157601 -0.11831377 -0.2236511 0.6855516 -1.5411243 -0.81567466
46 0.95087886 0.85274184 0.45081726 0.6540405 -0.08312001 0.7757824 0.21480374 0.9748952
