50 8
43 -0.35288095 -0.33121043 0.48176277 -0.033269715 0.66207665 1.059115 0.69164854 -0.21486081
26 -1.0179775 0.6909442 0.11674282 0.38145468 0.40072826 -0.0026868202 0.2973354 0.42735046
1 -0.6231211 -0.084070764 0.25113505 0.13875727 0.9443081 0.74579746 0.73442537 -0.1442575
46 -0.7711613 0.48002914 0.7767585 -0.28381613 -0.31817707 0.70384353 0.043992564 0.13260394
42 -1.1877023 0.6712435 0.26352614 -0.1911392 0.81173337 0.18878001 0.3448124 0.21179228
17 -0.7865615 0.46635926 0.7541612 -0.5358085 0.3564206 0.4885799 0.43936896 0.012950882
48 -0.5989784 0.09446014 0.39168888 -0.39470938 0.9503913 0.6692013 0.5254137 0.12310951
15 -0.62270993 1.0435563 0.56438327 0.20168634 -0.5162114 0.24368562 0.022424627 0.30444247
19 0.3039184 0.7416353 0.6876639 0.6301118 -0.2732098 -0.6261507 -0.9531527 1.0588567
36 -0.49845555 -0.37084225 0.8842152 -0.52519417 0.31899327 1.1533655 0.8113412 -0.22881939
13 0.76181316 0.24848667 0.5204729 1.1880119 -0.19883788 -0.3071573 -0.9262599 0.9657401
8 -0.92922574 0.55076045 -0.21879345 0.5733145 0.69419223 0.28571302 0.45901072 0.41957307
45 -0.95185703 0.31981313 0.70801497 -0.52428544 0.6139924 0.8593752 0.5579873 -0.36636093
38 -0.5485642 -0.00017307917 0.52821517 -0.346257 0.52322304 1.0299604 1.0278888 -0.14385366
6 -1.2049537 0.61710995 0.21046041 -0.114781156 1.0288162 0.123271234 0.43603516 0.15677436
23 -0.68686044 0.8506913 0.08908237 0.82652485 0.4519044 -0.20930848 -0.4365691 0.37190285
12 0.41515395 0.2873008 0.74283797 0.8930973 -0.35840434 -0.4387883 -0.9015942 0.91300625
27 -0.769566 -0.048008617 0.58583975 -0.44242063 0.6172274 0.98306596 0.70232576 -0.14048038
41 -0.36786407 -0.41815645 0.79765815 -0.38980892 0.70875645 1.1532052 0.6808152 -0.4380299
2 0.9759874 0.46315053 0.9375601 0.84458065 -0.18017355 -0.57109934 -0.8083882 0.7513929
16 -0.10261177 -0.24834405 0.8822962 -0.61325794 0.5421108 0.8426367 0.6176574 0.017797172
25 0.81694305 0.019499838 0.55365 1.0686705 -0.07517813 0.13021983 -0.45220977 0.48242638
14 1.3357108 -0.71660477 1.1496934 0.34429628 -0.55164635 0.99429214 -0.426698 0.28821716
39 0.016224036 0.21140164 0.38555354 0.5354253 0.9545583 -0.16934952 -0.15733947 0.2823809
40 -0.15415865 0.8235905 -0.20353584 1.1643988 0.48183239 -0.4051102 -0.1982954 0.9024167
31 -0.7804652 0.99504167 -0.09621636 0.5715613 0.3370612 -0.2800004 0.07537356 0.87054235
49 -0.20181341 -0.82012296 1.1028205 -0.40676093 0.26682892 1.1258918 0.6672158 -0.25380442
24 -0.40226325 1.1224517 -0.07043518 0.8868869 0.24090037 -0.24899755 -0.15218447 0.69091386
29 0.9765666 -0.5964186 0.9284287 0.20687425 0.2330202 0.5306789 -0.08288652 0.35663626
20 -1.04587 -0.19607115 0.47750327 -0.25147444 0.39003468 0.8479237 0.64020425 0.09650329
28 -1.2175651 0.29657152 0.3025638 -0.349688 0.28996024 1.088808 0.7601412 0.047482457
44 -0.9626885 0.38627374 -0.00797046 0.087575756 1.2194412 0.17955184 0.40690744 0.3172018
18 0.107104465 0.78380233 0.05227123 1.2130679 0.36294857 -0.34109867 -0.6293737 0.7079635
3 0.5952661 0.70449215 0.5823433 0.8398545 0.20137934 -0.6253607 -0.7992838 0.83465284
34 1.343667 -1.1297039 1.2192174 0.03457051 0.57207483 0.7680892 0.07050691 -0.019617362
37 1.0317203 -0.12083741 0.78441507 1.0968182 -0.48540452 -0.12157186 -0.7170504 0.87805986
0 0.69801426 0.5045163 0.69495916 0.97431177 -0.29138526 -0.6062172 -0.9552631 1.0504156
9 0.93038183 -1.0090796 1.482023 -0.01023055 -0.027875097 0.86013466 0.021136696 -0.2428296
4 -0.12101481 -0.6830669 1.324606 -0.60758525 0.21563156 0.8543747 0.4114666 -0.18597429
10 -0.76107913 0.22605659 0.2540259 0.34098437 -0.4837908 0.56283355 0.39039555 0.6862841
11 -0.09173341 -0.82739866 1.2793157 -0.4244643 0.12750836 1.0269579 0.3180595 -0.25762954
30 -0.05156622 0.9993142 -0.0645794 1.3120722 0.3489184 -0.48623776 -0.40927973 0.70535624
7 0.7442539 0.46388498 0.26464114 1.4697982 -0.0054581766 -0.5327408 -0.71047926 1.045538
47 -1.3157097 0.45385647 0.41541186 -0.22513935 0.67388374 0.61652833 0.6889486 -0.21275441
21 0.89397657 -0.46522164 0.8935766 1.0938442 -1.2183384 0.4193153 -0.72845185 0.87028676
32 1.3431963 -0.025742028 0.59100825 1.3544009 -0.4565311 0.012208773 -0.42137402 0.8169236
33 1.6093814 -0.31109267 0.7550123 1.2604883 -0.5673092 0.48340678 -0.299355 0.46759477
22 1.5218235 -0.44612685 0.8884175 1.199295 -0.66455996 0.2585281 -0.64203143 0.72529656
35 1.3727875 -0.017766967 0.8080727 1.1294062 -0.2017544 -0.23756091 -0.6144847 0.7984439
5 -0.07208975 -0.3554685 1.1981434 -0.7313537 -0.16555072 1.2033211 0.95869833 -0.1305053
