50 8
25 0.026183795 1.2231272 0.33554003 0.03572642 -0.1806591 0.7679337 0.2303864 0.48673433
19 -0.8138092 -0.065840274 0.48600662 0.13765115 0.44047058 -0.11992143 -0.020463435 0.68830293
43 -0.013730084 0.33550286 0.34267157 0.87067354 -1.3945072 -0.18529518 0.4817284 -0.7400383
29 -0.57537574 0.2937275 0.18413037 0.26591888 0.0056004664 0.28694645 0.36232865 0.59101015
9 0.17054878 1.3740261 0.14691725 0.13966255 -0.878746 0.54241085 0.509918 0.30192524
18 -0.7077454 -0.50669163 0.44128293 0.36928123 0.96819425 -0.36693737 0.07362193 1.1852915
39 -0.64294285 -0.10676593 0.37356174 0.22485395 0.57523715 -0.27765307 -0.057339843 0.986995
1 0.14060923 0.6558704 0.010387493 1.0292752 -1.1160328 0.049741313 0.25495535 -0.5827486
23 -0.7387988 -0.015461434 0.64058095 0.09282507 0.6725849 0.080900095 -0.3638621 0.7594213
13 -0.6592693 -0.26876712 0.35224915 0.27060944 0.41538876 -0.5304536 0.35395682 0.88704646
26 -1.0497922 -0.66641647 0.41635874 0.59658325 0.26475662 -0.90646243 -0.5514716 0.1321603
2 -0.80437243 -0.55446386 0.5321982 0.27861142 1.1246539 -0.15184103 0.1908303 1.2805755
46 -0.12922221 0.45250568 0.23007819 0.48743254 -0.08117315 0.44782972 -0.2881378 0.4745726
12 -0.69411635 -0.42335638 0.47653311 0.33005682 0.9655882 -0.00060943194 0.095940724 1.2971339
30 -0.4893932 -0.6054314 0.5524706 0.46226844 0.82896096 -0.65052795 0.29599977 1.1763164
34 0.35588464 1.46762 0.348028 0.37256536 -0.862092 1.2977245 0.28885165 0.005252637
15 -0.7330186 -0.8607193 0.46677843 0.6275521 0.37683725 -1.3606951 0.06384264 0.5628686
7 -0.66640353 -0.32466415 0.2726705 0.35324514 0.4592554 -1.1705327 -0.18515287 0.8968482
24 -1.0112038 -0.72909904 0.14711675 0.75687045 0.45174178 -1.2398566 -0.39344588 0.35861945
40 -0.54867595 -0.36619312 0.8326939 0.3285082 1.0743108 -0.09638213 -0.3959914 1.0022126
4 -0.22319868 1.3617123 0.13196757 0.47069275 -1.090941 0.6428786 0.09568488 -0.76727134
20 -0.22207612 1.0288843 -0.07000087 0.68045425 -0.8808074 -0.30600175 -0.16157216 -0.69699645
41 -0.22055128 0.920288 -0.050353833 0.6700447 -0.47688785 0.95660204 -0.1056586 -0.15458247
16 0.10705116 1.5274858 0.23609066 0.2929992 -1.0873872 0.73957354 0.0049178717 -0.30245134
6 -0.487486 0.014379255 0.3357217 0.7234734 -0.14429362 -0.13678178 -0.3036734 -0.15972474
31 -0.752424 -0.7988657 0.11173768 1.0852311 0.19716813 -0.5078244 0.32860902 0.17841566
21 -0.3989159 0.17479272 0.7253 -0.039314743 0.8850632 -0.2744629 0.0050905505 1.1515567
49 0.08507434 1.1652262 0.13108517 0.75237584 -1.3352787 0.8277945 0.13766082 -0.7020635
14 0.32573602 1.1314135 0.13274553 0.3896209 -0.6923767 -0.11663463 -0.0032457625 0.24553207
0 -0.67532337 -0.79615533 0.48512837 0.38457277 1.1175792 -0.54384357 0.4620086 1.544166
38 -0.05755193 1.5454229 0.1575951 0.5580496 -0.9345055 0.6999982 -0.17702116 -0.7620812
33 -0.31790724 0.45451877 0.7654743 -0.17057961 1.2165774 0.19060308 0.1704939 1.4277654
3 -0.64561224 -0.2879004 0.6480558 0.12638701 1.1486557 -0.20879266 0.33835524 1.3469487
8 -0.92974603 -0.53585184 0.1056533 0.5782157 0.5720929 -1.3197215 -0.17253064 0.5950333
17 -0.72401273 -0.06447813 0.29494044 0.8218468 -1.3867251 -0.5342748 -0.15082838 -0.949417
28 -0.38537508 -0.6516158 0.32560912 0.9772681 -0.9165678 -1.5418352 -0.0032589063 -0.34536138
32 -0.5333857 0.08349684 0.58281493 -0.04630639 1.2237965 -0.007844325 0.5626308 1.5102776
36 0.14367086 1.5049108 0.27437186 0.52364624 -1.0748762 0.8140691 0.003848363 -0.5628405
44 0.31582487 1.0909815 0.40821123 0.6251547 -1.2757767 0.72994363 0.16021849 -0.38054267
11 0.18326809 1.2906102 0.0073304805 0.593415 -1.4573743 0.24341418 0.028318327 -0.411505
5 0.17694403 0.46275872 0.106313415 0.8277383 -1.4040494 -0.8284327 0.32675666 -0.3959511
27 0.052324656 1.3537859 0.22503461 0.5981556 -1.0348444 1.1313823 -0.23305914 -0.525711
35 -0.05904549 0.55218947 0.42728865 0.20318933 0.9857048 0.15284096 0.32355514 1.1313603
45 0.27453643 1.2000178 0.2919791 0.7236572 -1.4504762 0.32864082 0.22865003 -0.74645793
37 -0.42348793 -0.13684021 1.0637461 -0.14541632 0.8937045 0.0025218104 0.14287385 1.3716714
22 -0.4677786 -0.18957293 0.8092142 0.2716836 1.2692527 -0.06615281 -0.099860944 1.1467276
48 0.41895843 1.5329531 0.009634367 0.7978706 -0.73887765 1.1254356 -0.53200346 -0.23928505
47 -0.13658391 0.85366887 -0.24398088 0.98434365 -1.2378743 0.19792515 0.29206455 -0.6992324
10 -0.12895407 0.042037822 0.36643553 0.7659605 -0.97932905 -1.3357161 -0.071540326 -0.44186714
42 -0.58975464 -0.2596937 -0.34010452 1.3381014 -1.2139856 -1.0479528 0.053073563 -0.82867515
