50 8
28 -0.3301623 -0.13234937 0.41892228 -0.554844 0.54262674 1.2585663 0.51050365 0.34146193
20 -0.06971336 -0.25401548 0.53324866 -0.25717008 0.48447734 1.0539652 0.32308483 0.1828279
1 -0.54239905 -0.15527394 0.5768448 -0.5767722 0.59724104 1.1591952 0.6792366 0.29666558
45 0.25190413 -0.1713299 0.612051 -0.37856048 0.84249043 1.2604264 0.141106 -0.036437236
16 0.047981165 -0.09901435 0.5527157 -0.531517 0.7901463 1.0193388 0.1767571 0.37778497
10 -0.27207354 0.4729512 0.41420987 0.5608198 -0.110007286 -0.71305245 -0.48460335 1.0207758
27 0.07150385 -0.36753988 -0.1472656 0.055493686 0.55093014 1.525113 0.94828403 0.06194379
2 -0.34650692 0.4912004 0.5088774 0.9814741 -0.28517625 -1.0008045 -0.4297837 0.8274974
31 -0.9264755 0.19171923 0.02706046 0.36201352 -0.15330932 0.43929487 0.4914749 0.48381224
43 -0.12320277 -0.2783912 0.32405573 -0.26018995 0.6848754 1.4841665 0.52414846 -0.05664634
41 0.1487975 -0.41845828 -0.046447363 0.21967854 0.65881187 1.4980311 0.6417378 -0.26314095
25 0.7764693 -0.03570586 -0.27375677 1.151179 0.36062938 0.2493443 -0.68042743 0.010588745
4 0.29621288 -0.2415759 0.10023598 -0.06831807 0.46567783 1.5130101 0.42478436 0.08229403
29 0.3079601 -0.24875486 0.30784172 -0.37894177 0.76275295 1.4510533 0.3521153 0.14023046
49 0.0037704122 -0.4572272 0.5872828 -0.35972384 0.93211466 1.3539678 0.09974204 -0.14180598
17 -0.6797059 0.01822594 0.85141456 -0.8063775 0.6932452 0.58866495 0.2808798 0.7085575
46 -0.2892481 -0.054332875 1.1192104 -0.6363812 0.90706545 0.5821688 -0.5231871 0.16399914
44 -0.1878758 -0.091732696 0.7435466 -0.5754613 0.7181146 1.0939903 0.5183453 0.22813156
14 0.9534402 -0.098850615 0.004616506 0.09861421 0.5978347 1.5531268 0.11966816 -0.14617194
40 0.04272675 0.2562786 -0.73497266 1.6368397 -0.9460554 0.01754229 0.4569029 0.6293263
11 0.15257522 -0.2737593 0.4649071 -0.5376724 0.61932105 1.3997144 0.17738953 0.22358824
0 -0.25292492 0.45891866 0.7958611 0.6635272 0.012398694 -1.2837833 -0.98136854 1.0690087
7 -0.27075765 0.591399 0.025423957 1.2648778 -0.32766473 -1.0376352 -0.24985068 1.0167977
9 0.34516644 -0.46460372 0.26309785 -0.11552794 0.47764775 1.4608899 0.57724863 0.080152385
15 -0.5218913 0.2119072 1.3564148 -0.40441433 0.6422749 -0.027920106 -0.4878511 0.30076146
47 0.041616287 -0.45306584 0.6640518 -0.49563593 0.9114857 1.5853277 0.29362333 -0.21095808
23 0.25564268 0.5812929 0.45422375 1.2068883 -0.09707461 -1.0823376 -0.9946148 0.7293131
19 -0.38068876 0.08603257 1.1760913 -0.22061138 0.6161038 -0.13775814 -0.88844347 0.38875154
30 -0.20879956 0.57841575 -0.32134283 1.8629364 -0.6988454 -0.8205873 -0.17938861 0.64586174
34 0.52706426 -0.46207336 0.17714338 -0.06312654 0.7429684 1.7532897 0.26782778 -0.28681493
13 -0.016147723 0.6787918 -0.018094387 1.543289 -0.64732075 -0.9821537 -0.42572963 0.8660024
5 0.14844027 -0.22972158 0.8725716 -0.7738166 0.9056138 1.1619552 -0.1031092 0.2580871
18 -0.003301971 0.49999478 0.051515266 1.6915486 -0.66015583 -1.0180146 -0.56213313 0.75961316
39 -0.1770453 0.06799375 -0.47340328 0.79867184 -0.12036942 0.81905293 1.0783597 0.25164035
36 -0.05893748 -0.18234007 -0.120098285 0.16813889 0.5493382 1.6772608 0.8605227 -0.30215764
38 0.458612 -0.2183575 0.0064611197 0.20781946 0.5774933 1.6431584 0.41775897 -0.4080763
24 -0.13444367 0.41695422 0.56392026 1.1069663 -0.19355293 -1.2023878 -0.9850942 0.8792663
42 -0.8772863 0.089241825 0.9246775 -0.55091935 0.47902566 0.16669331 -0.02952521 0.74026406
12 0.24140438 0.5348977 0.042083718 1.7282963 -0.2756814 -0.85970366 -0.86124545 0.38454917
37 0.5531759 0.36860406 0.47694787 1.4035646 -0.16298588 -1.3116547 -1.0957842 0.86983734
33 0.48313162 0.28618747 0.04442987 1.8140996 -0.305156 -0.90201026 -1.1394622 0.44871977
3 0.53292996 0.5483355 0.44303143 1.4268124 -0.18340246 -1.2045323 -1.3420854 0.6950564
48 1.2676718 0.16368596 -0.68968254 0.9314492 0.17667136 1.2366971 0.30789185 -0.10462186
6 -0.93166417 -0.07648666 0.3557675 0.6008883 -0.26835743 0.1731397 0.536691 0.22582561
32 0.50841475 0.5567169 -0.030484417 1.8540831 -0.3763286 -0.9772519 -1.1554798 0.53475887
35 0.5077908 0.59113806 0.04670224 1.7355244 -0.32296816 -0.9361921 -0.8755829 0.6080517
21 0.3948949 0.31392074 -0.3039382 2.0943205 -0.43552184 -0.76276034 -0.87244654 0.4034396
26 -1.053453 0.26389846 -0.049374074 0.8694233 -0.6782066 -0.29656142 0.4211863 0.8851551
8 -1.0754737 0.11083972 0.2272533 0.71982205 -0.19409448 -0.021203613 0.6322968 0.33820647
22 0.2087411 0.6487407 0.17826779 1.7661232 -0.6069976 -1.3584502 -1.2481145 0.94809955
