50 8
1 -0.31851184 -0.21723618 0.5775625 -1.1755279 0.0043151993 0.14375898 -0.8559435 -0.06905425
41 -0.17308417 -0.77265334 -0.12190719 -0.82102174 -0.38635474 0.6568773 -0.90478814 -0.40881246
6 -0.14715512 -0.36813435 0.43343964 -1.0741706 -0.47682238 -0.40764022 0.4505695 -0.09317424
29 -0.07873967 -0.25258562 0.75028026 -1.2815588 -0.28263238 -0.4367424 -0.3490002 -0.21420681
36 -0.086487666 -1.3987001 -0.53459513 0.40223712 -0.010197415 0.8509281 0.2877855 -0.2858601
28 -0.26661834 -1.1579577 0.19042793 -0.13731663 -1.192 0.13109958 0.33674487 0.030906582
19 0.24225374 -0.16433902 0.7385489 -1.2931817 0.1708979 -0.76294243 0.27122855 -0.16644804
39 0.25217998 0.10958359 0.98108923 -0.91601014 1.2387419 -0.06750628 -0.11809384 -0.08914675
49 -0.64192516 -1.0710338 -0.114931256 -0.062222954 -0.6097574 0.62639403 -0.14211673 0.19412066
24 -0.11480256 -0.35236853 0.8080951 -0.815797 0.32504383 -0.4389976 -0.2933329 0.42767748
34 -0.49849534 -1.0739658 -0.42481706 -0.08638775 0.015665237 0.80064267 -0.3355042 -0.51753026
10 -0.22253238 -1.0542929 0.0447328 0.3475619 -0.2356428 -0.029847851 1.5127211 0.58903664
42 -0.1053688 -0.40860307 0.6201142 -1.0632253 -0.7426044 -0.4776832 0.42407992 0.35056567
26 -0.17688878 -0.27887914 0.75687367 -0.89601225 -0.074448206 -0.30079472 0.02557215 0.06943864
31 0.34415802 -0.078295805 0.7212258 -1.4458592 0.32550082 -0.67590517 0.053512253 -0.54200405
43 -0.8064965 -1.029188 0.105274856 0.0440744 -0.5639081 0.35560128 0.12966965 0.46120808
18 0.3051202 0.21877235 0.9365545 -1.4491812 0.5881731 -0.43304777 0.30517963 0.05320745
9 -0.61741745 -1.1247765 -0.053138338 0.8910389 0.4755868 1.2599012 0.23625988 0.19332223
21 0.042245977 -0.9526656 0.20806561 0.8091506 1.303521 0.4043735 0.83072877 0.14549118
40 0.26891187 0.08423619 0.948548 -0.7490706 1.2746402 -0.15275551 0.34033987 -0.29298854
23 -0.015542859 -0.011800649 1.0213827 -1.3332127 0.1973704 -0.5957632 -0.34753227 -0.075723484
25 0.13984816 -0.6038288 0.31663772 -0.34226412 0.96674377 0.33133692 -0.6332411 -0.5401833
44 0.44718474 -0.27522123 1.1646614 -1.0218344 0.111415684 -0.5152257 -0.28954774 -0.16009006
45 0.0036616703 -0.64903116 0.6124158 -0.826575 -0.60836416 0.055027697 -0.584189 0.043322634
16 -0.2663316 -0.9614882 -0.08472128 -0.62179434 -0.51094335 0.51389736 -0.85138637 -0.37066326
8 0.39459053 -0.12946069 0.9312646 -1.2715274 -0.12625477 -0.754619 0.66038495 0.0013351059
27 -0.6544022 -1.0986435 -0.17459032 -0.5803731 -1.1635414 0.35826516 -0.63542867 -0.12327541
13 0.31275144 -0.10139569 0.743567 -1.0315083 0.18789601 -0.67952865 1.1595477 -0.20408796
17 -0.7376861 -0.85577697 -0.10188295 -0.46580476 -0.9611162 0.5256544 0.057696894 -0.033983868
12 0.22369637 -0.0038891318 1.0494231 -0.9631656 0.6987217 -0.97369903 0.82511383 -0.16576293
7 0.46858203 -0.15529023 0.739779 -1.1551898 0.19392192 -1.1035154 1.3411771 -0.09944442
14 -0.39830458 -1.5435435 -0.41820386 0.89769775 0.07396073 1.2761817 0.0404413 0.03610829
2 0.29007807 -0.083081715 1.1000495 -0.7286081 0.9898255 -0.42753148 -0.015784774 -0.250621
15 0.039006494 -0.6520353 0.4110173 -0.7025831 -0.6078283 -0.60230756 1.0620902 0.33299786
30 0.19216903 0.023751268 0.7902211 -0.35139322 1.6997167 0.1371262 0.7216597 0.37229353
4 -0.45150387 -1.4434531 -0.32467645 0.82638246 -0.030975118 1.0005261 0.3435333 0.028900458
20 -0.46259838 -1.3292525 -0.043476697 -0.006517191 -1.1777692 0.086344354 0.3523529 0.39354807
38 0.008769979 -1.1198766 -0.3658816 -0.40759626 -0.18827288 0.5456274 -0.5387629 -1.1098653
5 -0.6165906 -1.1629282 -0.41569284 0.8557647 0.41946417 1.204675 0.960658 0.3258641
0 -0.05297679 0.08092536 0.9973873 -0.22621149 1.5323792 -0.3681714 1.3777496 -0.07454432
46 -0.6908826 -0.33879006 0.25665787 -1.2002958 -0.11268569 0.08490654 -1.0076228 -0.17127739
11 -0.5275173 -1.1230723 -0.10669012 0.42489728 0.22337012 1.3185911 -0.68048364 -0.14166857
3 0.38373455 0.11824284 1.2176683 -1.2167746 0.76723653 -0.9584386 0.37586486 -0.32544422
32 -0.010285075 -0.5731118 0.28202742 0.9964439 1.8090446 1.37368 1.193362 0.1882356
37 -0.39679977 -0.33579123 -0.024616672 0.23169625 2.1482093 0.8088788 0.5926109 -0.020823378
35 -0.4404564 -0.4516724 0.20191664 0.7634515 1.9507082 1.3579704 0.38681883 -0.566897
47 -0.76593924 -0.9773967 -0.3038552 -0.48771775 -0.5340944 0.7107733 -0.6420061 0.72823274
33 -0.2928879 -0.9587124 -0.27703056 1.2437729 1.7702433 1.5315682 1.1733835 0.075047895
22 -0.30315867 -0.8287207 -0.19859686 1.0296761 1.6905416 1.5503076 1.0496022 -0.05118276
48 -0.82209396 -0.64710116 -0.14302039 0.7259854 1.4172971 0.98626775 1.0118212 0.040792525
