50 8
1 -0.75666195 -0.09832086 1.4148778 -1.1140574 0.71665305 -0.75757766 0.16252512 -0.24411838
2 0.38619182 0.7806518 -1.3044956 0.3979838 0.44042638 2.2203245 -0.6466701 -1.626684
36 -0.68779093 0.7446429 1.3734199 -0.6995171 0.24233249 -1.4210911 0.3044033 -0.1319209
28 -0.5406099 -0.21431425 1.4790084 -0.9282958 0.48888892 -1.2705736 -0.1020814 0.035859462
27 -0.05397396 -0.38016084 1.2791684 -1.1501212 0.4011839 -1.3642249 -0.28709504 0.7927482
14 -0.04504753 2.2706068 -0.47395766 0.5668183 -0.3850398 -0.79350096 -0.29888177 0.5230303
21 0.44227254 1.5620748 -1.4766418 0.72475064 -0.06381626 1.187251 -0.9302417 -0.16480924
33 0.97446114 1.340877 -1.2889476 1.387294 -0.3807153 1.339917 -0.8215195 -0.7382446
0 0.54191405 0.16161045 -1.0721442 0.47138667 0.5093482 1.8938328 -0.46486965 -2.4204652
11 -0.68187046 1.3728008 1.0118114 -0.2682887 0.320107 -1.6206597 0.21072267 0.44715402
41 -0.19594145 0.8110439 0.9809746 -0.58365965 -0.29377535 -1.8656099 -0.42392364 1.0040653
18 1.1982096 -0.5138824 0.016489163 1.4189193 0.014921348 1.8386537 -0.48746955 -1.3875942
24 0.2664692 -0.04465098 -1.7189739 -0.6685955 1.3150879 1.9530708 -0.7099291 -1.6198088
38 0.09293224 1.6088872 0.20244735 0.042231925 -0.55743396 -1.8085012 -0.48246363 1.0086361
32 0.93910545 1.2412217 -0.91034245 1.6873888 -0.17751585 1.5134758 -0.681018 -0.3900155
3 0.0018754625 0.30137965 -1.804787 -0.36707035 1.2143536 1.8274864 -0.9378652 -1.5980357
43 -0.21903233 -0.5200166 1.9161699 -0.6862123 0.2333974 -0.9698518 0.03576249 0.040273484
4 -0.19713394 1.006137 0.45751983 -0.6641295 0.4768908 -1.7195196 -0.15473038 1.2264302
6 0.77886075 -1.5476885 1.1592797 -1.030196 0.9681235 -0.3635361 -0.26408792 0.9930369
25 0.45315185 1.8458116 -0.48402736 0.5361317 -0.8039429 -1.0096984 -0.5750897 0.7198198
7 0.68687934 0.64517343 -1.458416 0.34423813 0.7291819 1.7738916 -0.6700579 -0.5668997
13 0.9754187 0.819903 -0.8063059 1.6964189 -0.10586354 1.263714 -0.86405486 0.08998021
42 -0.4718383 -0.7363698 1.9861459 -0.37675455 0.43726003 -0.7289298 0.04569514 -0.57585055
12 0.50805616 0.47200063 -1.8487829 0.12537594 0.89951557 1.8427023 -0.9735221 -0.79612654
15 0.12171714 -0.316049 -0.3850831 -0.73845905 0.9002608 1.8916988 0.008481355 -2.4614637
34 0.25861785 1.3918697 0.3219884 -0.17394018 -0.46761593 -1.4986647 -0.297412 1.1682296
19 -0.3377282 -0.40171018 -1.1177524 -1.3493183 1.6957427 1.5063227 -0.43879095 -1.4605712
35 1.2847153 0.6741506 -0.459974 1.8310032 -0.57160306 1.4730886 -0.6802808 -0.8334027
9 -0.26096547 2.0406125 0.11246858 -0.015172845 -0.00822561 -1.4099456 -0.0400783 0.9154953
30 1.9061013 -0.3048652 0.047216717 1.4794828 -0.7987421 1.4958259 -0.5653475 -0.8538235
23 0.017998496 0.7779703 -1.6044964 -0.5687034 1.0129298 1.6625851 -0.51118416 -1.2347043
17 -0.828844 -0.6107137 1.5631796 -0.8625857 0.7248426 -0.8543774 0.077294536 -0.9992148
39 -0.014826686 -0.89315575 1.8341507 -0.8071795 0.2084547 -1.1291785 -0.12195088 0.0038831772
37 0.99730796 1.3572611 -1.1433002 1.2618566 -0.41257098 0.7909339 -0.6820248 -0.6382412
16 -0.4020845 1.3422203 0.93738484 -0.48665017 -0.14778319 -1.5580007 0.020115754 0.7328442
31 0.60097235 -1.4021848 1.7786175 -0.3458807 0.06146412 -0.3921035 -0.34209305 0.30974928
20 0.5324971 -0.88931817 0.4832087 -1.018102 1.2014104 -0.7170461 -0.5005853 1.6557356
8 1.47972 -1.8537275 0.853877 0.15715872 0.3192866 0.6318091 -0.8499818 0.9671733
10 1.0507915 -0.60716075 -0.5088615 -0.9872683 1.1310081 0.8232526 -0.4796347 1.2247039
26 1.6328694 -1.4530661 -0.05344245 0.31037685 0.43830603 1.2515086 -0.77549547 0.12509891
47 -0.49767467 -0.19384025 1.9290705 -0.8475234 0.023803169 -1.4183528 -0.00900351 -0.25460407
45 -0.5485178 -0.04239085 1.9716969 -0.47536546 0.116429046 -1.1591532 0.15167592 -0.37070772
40 0.69812626 -0.8865753 1.5215702 -0.24034524 -0.06308872 -0.81212574 -0.47731286 1.0101669
49 -0.7298187 1.0571884 1.4017711 -0.24541704 -0.12031182 -1.6839919 0.07927098 0.09317727
29 0.4884345 0.80397683 0.5471977 0.3890723 -0.37480652 -1.1534951 -0.3915281 0.96435034
22 0.7961332 0.015011843 -0.23388307 1.4484893 -0.26692107 1.7040209 -0.6420885 -1.8477442
46 -0.46865836 -0.6541932 2.1805072 -1.0120538 0.387074 -0.9922023 0.14588846 -0.1919924
5 -1.3337532 1.2662956 1.1142726 -0.70310795 0.44763756 -0.8566165 0.38109434 -0.5592408
44 0.76329076 -0.7962414 1.7846004 1.1957531 -0.57197326 0.32373044 -0.12074006 -0.7793301
48 -0.30905503 -0.2923724 0.536297 -1.201069 0.7678932 -0.7055642 -0.17303805 -0.20807837
