50 8
19 -0.404085 0.22048862 0.57486755 -0.18150243 0.5670481 0.40791228 0.16835652 0.648872
43 -0.24488647 0.41759878 0.24550381 -0.13794766 0.48026967 0.8408505 0.8226078 0.5594828
6 -0.53587085 -0.16141504 0.28904164 0.11258541 0.45385405 0.5010739 0.51082635 0.9031474
12 -0.046872206 -0.29197064 0.24734905 1.4787321 0.3566809 -0.34948102 -0.23188245 0.29095834
24 0.070313 0.642789 0.7801551 -0.2680192 0.34081426 0.59817964 0.27165055 0.14472957
25 0.66456544 -0.44756377 0.8928502 1.017511 0.38035813 -0.06649288 -0.9626876 -0.81290424
36 -0.2334787 0.72533524 0.2399144 0.19867426 0.30216837 0.7348507 0.7165561 0.26370946
23 0.955991 0.61732256 0.50255364 0.45549512 0.19882986 0.7321991 0.16532572 -0.47706395
39 0.5450725 0.3689944 -0.16819213 1.8078874 0.032728788 0.28060636 -0.19470233 0.19464047
45 -0.40465266 0.19974098 1.2204206 -0.68336594 0.41301808 0.5406255 0.26063782 -0.26404306
27 -0.022033917 0.7193906 0.55421317 -0.8575986 0.6145445 1.0730528 0.75117767 0.48653504
20 -0.2839778 0.12580249 1.0042585 -0.76334417 0.5377943 0.5647844 0.4982413 0.2814522
17 -0.39914384 -0.10139221 0.48296487 -0.023714317 0.4562107 0.48599255 0.41423687 0.6796327
44 -0.21777897 -0.14298171 1.1684921 -0.4461112 0.7610024 0.0005565028 -0.1550399 0.121881865
4 -0.2443815 0.41593996 0.9687641 -0.586801 0.46309486 0.732685 0.21014316 -0.25205204
42 -0.80751616 -0.7047186 0.8432132 -0.17197582 0.8784681 -0.04191473 -0.26483566 0.6022313
9 -0.0066836234 0.040808663 1.5932337 -0.92520154 0.252695 0.61070263 0.5133562 -0.58581007
1 0.2896665 0.359961 0.792301 -0.71800566 0.5684463 1.1441803 0.3624984 -0.31532413
31 0.31068468 0.51155347 0.014742784 0.5745337 0.032748874 0.5965829 1.1643696 1.1007249
28 -0.72221404 0.39338157 0.48493487 -0.68071604 0.5974298 0.9823276 0.5921341 0.61042583
49 -0.22579782 -0.2328684 1.2965415 -0.6312978 0.43990305 0.6268972 0.02757443 -0.5595375
40 0.5052847 0.44038343 -0.4682818 2.038025 0.045228727 0.37603053 -0.22462316 0.37811032
48 -0.60360163 0.16465741 0.6259606 -0.103418134 0.5713983 0.39065847 0.12697488 0.23710354
41 0.13284831 0.36542735 0.5100209 -0.11562055 0.40409848 0.84832495 0.7319754 -0.1323158
26 -0.61470175 0.03222818 0.25213733 0.111747645 0.26317015 0.67160934 0.8371922 0.7612498
38 0.49067995 0.9177517 0.4308287 -0.28247088 0.4284324 1.0144349 0.5675583 0.02101678
5 -0.6835982 0.059700612 1.0984957 -0.59074783 0.59817886 0.411155 0.12255287 -0.11229284
2 0.4888243 0.1050724 -0.104109354 1.8556638 -0.032838743 0.27817702 -0.31411797 0.14713535
10 -1.0728258 0.25604558 0.34766242 0.063334234 0.31728283 0.35853446 0.6299067 0.99759316
13 0.07519137 0.22728497 -0.3669119 1.5484232 0.20896582 0.33042336 -0.049002945 0.8077435
7 0.1252404 0.04320221 -0.08001001 1.2948036 0.19711557 -0.08300872 0.60111487 1.2464046
8 -0.4451096 -0.23162845 0.009882681 0.5972799 0.21083161 0.39058012 0.7682915 1.3886105
34 1.1944683 0.20887479 1.0048985 -0.25203684 0.35366645 0.8382805 0.20082878 -0.71440685
0 -0.109855264 -0.66192746 0.34368983 1.9441949 0.13884221 -0.5740925 -0.5949133 0.25934705
16 0.14468956 -0.065332405 1.0004456 -0.7352948 0.7382925 0.7936948 -0.08525514 -0.28719696
3 1.0622277 0.22810815 0.3880704 1.946033 0.038786232 -0.17002413 -0.66443324 -0.57590556
18 0.060894128 -0.3509453 -0.26831257 2.2045453 0.28904998 -0.25974602 -0.50898427 0.5895725
46 -0.67550975 -0.36394554 1.4444064 -0.05395491 0.85302913 -0.35983935 -1.4119488 -0.61516845
14 0.9462155 0.7781895 0.95112973 0.3403839 0.12805378 0.5484176 -0.5871771 -0.8486532
35 0.66001505 -0.19200799 0.40381542 2.3473773 -0.051169097 -0.70545787 -0.55044353 0.1043651
29 -0.10637506 0.63571286 0.18988408 -0.40492284 0.6911041 1.2387311 0.3658302 0.16233024
11 -0.32028046 0.04013912 1.2999716 -0.7086455 0.52303714 0.8817446 -0.51233965 -0.9919283
15 -0.75248504 -0.6709079 0.9454482 0.13020606 0.19056489 0.102427796 0.06274299 0.47003856
47 -0.5170379 -0.24410838 1.1696564 -0.52708775 0.57840055 0.51728755 -0.023542987 -0.59319913
21 0.7604128 0.017693648 0.02637974 2.6676977 -0.11123571 -0.32321456 -0.8754811 -0.14976418
30 0.2605289 0.13943356 -0.32409716 2.4118626 0.24007012 -0.31413287 -0.43729833 0.46188214
22 0.30816647 -0.6797609 0.6357492 1.8820269 0.3612568 -0.70751166 -1.2191558 -0.237395
33 0.75164235 -0.5124777 0.36572334 2.6278095 -0.02700293 -0.5509686 -0.9380149 -0.5644532
37 1.1707022 -0.5369987 0.4986023 2.768009 -0.10476868 -0.7440987 -0.8009943 -0.49791688
32 1.0924046 -0.14232558 0.090982676 2.9967818 -0.06221727 -0.5905644 -0.9262109 -0.25885096
