50 8
1 -0.38054013 0.008716305 0.66703653 -0.41368192 0.6953709 0.6232385 0.5968535 -0.07629024
43 -0.51253194 0.16463272 0.64645004 -0.51329726 0.63152593 0.9509029 0.5799163 -0.035296902
17 -0.341088 -0.03969317 0.72910184 -0.4761891 0.60056084 0.61386436 0.3632629 0.042287875
36 -0.57125515 0.27339008 0.87009895 -0.6705931 0.56253713 0.68433046 0.7189541 -0.057007723
45 -0.37842008 0.11092473 0.8481955 -0.73001754 0.4420742 1.1165265 0.4943249 -0.14024383
27 -0.49368286 0.23921254 0.85219985 -0.87565696 0.64134234 0.89099115 0.9375767 -0.011288791
28 -0.5400989 0.44396377 0.7832347 -0.5379994 0.19025567 0.75835055 0.3014123 0.29355586
26 -0.92467797 -0.3148225 0.54242283 -0.11333044 0.9120111 0.36503646 0.82339233 0.14937244
31 -0.36601183 -0.5411908 0.4444824 -0.22777417 0.9495888 0.8131104 0.40319484 -0.08292111
24 0.21840788 0.24167293 -0.021380994 1.3755689 0.16710308 -0.65043014 -0.49480763 0.8041031
41 -0.463892 0.33062628 0.8215668 -0.78199476 0.3672781 1.2089343 0.4972941 -0.08542765
16 -0.13820903 -0.01942884 0.8376742 -0.4787082 0.17330396 0.9023749 0.17176749 0.16763139
29 -0.27618372 -0.36505282 0.44780216 0.00919514 1.0177933 0.17738329 0.52061397 -0.07134079
14 1.1446515 0.95457786 0.33136398 0.7297691 -0.8050074 0.57313055 -0.95180196 0.26008502
9 -0.13489752 0.7008602 1.0630577 -0.5585137 -0.3303579 0.5900415 0.2570312 0.30284023
6 -0.9363337 -0.28649172 0.6503518 -0.20825662 0.95704246 0.12921248 0.7699651 0.1279849
23 0.3938719 -0.03694688 0.06836818 1.400976 0.6191548 -1.004166 -0.10895066 0.1823826
18 0.971432 -0.15633042 -0.144905 1.5467768 0.57061964 -0.6021383 -0.38095236 0.06063078
30 0.77951497 -0.14110722 -0.02265971 1.6452318 0.50529474 -0.9109376 -0.27761117 0.090801954
20 -0.34233442 0.2613439 0.83840984 -0.24833861 -0.008750017 0.12086361 0.86350536 0.68868655
47 -0.32315198 0.2835942 0.8893355 -0.726847 0.008655995 1.2619842 0.19497605 0.17792661
5 -0.25371405 1.1956271 0.85973525 -0.12895668 -0.5220975 0.08999339 0.3803892 0.61789155
8 -0.672591 -0.54010534 0.28946835 0.45279142 0.99527353 -0.27273738 0.7387308 0.3741339
42 -0.8067812 -0.37646973 0.4921971 0.027916484 1.1795458 -0.26057422 0.8316706 0.15209544
34 -0.012237935 0.32869422 1.0073898 -0.9271552 0.11234866 1.4164289 -0.19781563 -0.24589369
39 -0.2277418 -0.524996 0.5057097 -0.095983274 0.8951961 0.61971885 0.3246219 -0.19277674
4 -0.41871744 1.0113356 1.0607053 -0.8465832 -0.4591452 1.0688947 0.08407276 0.47447303
7 0.49898627 -0.07789193 -0.106820025 1.5207647 0.34245676 -0.8527328 -0.017771225 0.83715755
48 0.20202565 -0.16626003 0.79967844 -0.6557351 0.59693307 1.1518589 0.21927176 -0.543344
49 -0.5362868 0.35073125 0.9919967 -0.88866293 0.14622968 1.3013638 0.19970016 -0.020742489
46 -0.44115645 0.09157031 0.775472 -0.7342231 0.75438577 1.135365 0.37006533 -0.37350577
38 0.11183251 0.37254456 0.9768581 -0.70737755 -0.032105543 1.3730519 0.03555955 -0.26682296
25 0.92832637 0.44260043 -0.012839953 0.7045528 0.0024003447 1.0158324 -1.23693 -0.26981813
19 0.49751493 0.7579221 0.059348103 1.5438907 -0.22885461 -0.7744715 -1.132194 0.8962646
13 0.8335959 0.2134785 0.03610606 1.7124187 0.15766168 -1.0261588 -0.9081818 0.4405039
15 0.62423205 0.930803 0.14991814 1.5896286 -0.523231 -0.7792457 -0.83385813 0.80310273
44 -0.1870532 -0.8372842 0.7086241 -0.492579 1.050745 1.0013837 0.6220605 -0.47539207
40 0.09469169 -0.84948933 -0.014704928 0.68441904 1.1849836 0.20973778 0.4471818 -0.14399938
21 0.9663516 0.52689046 0.0728631 1.6561472 -0.4430982 -0.35858378 -1.2862322 0.59617716
11 -0.25068897 0.356891 1.0652404 -0.9028429 -0.24023996 1.4997089 -0.26107472 0.1461583
3 1.2112763 0.3209819 0.019326633 1.9192145 -0.050845597 -0.92107326 -1.4072882 0.3858462
0 0.7115305 0.44533348 -0.029726934 1.8422537 -0.19806722 -1.0267187 -1.1425353 0.94916284
10 -0.45526275 0.27277997 0.38945746 0.70723957 -0.008604072 -0.67749226 0.7655042 1.1647587
22 1.2451386 0.14603215 -0.025289536 1.9518936 0.014992093 -0.90488 -1.1234543 0.42722672
12 0.67573684 0.040238664 -0.19077669 2.0164635 0.43356377 -1.2253667 -0.5870099 0.6585036
2 1.35956 0.42307532 0.017918188 2.1046584 -0.43609816 -0.80016506 -1.1837308 0.5870282
37 1.1517684 0.18095863 0.07348778 1.8180017 -0.07613691 -0.8220766 -1.2348858 0.4490864
33 1.1497446 0.38778552 -0.0117954 2.061506 -0.24748439 -0.7921391 -1.3257232 0.44555122
35 1.1684623 0.42671597 -0.07904693 2.034929 -0.2730414 -0.93175334 -1.0579094 0.64571923
32 1.5177298 0.5113888 0.014545273 2.01309 -0.39617565 -0.7284399 -1.3391693 0.39880133
