50 8
1 -0.40631562 -0.010324094 0.45609728 0.098980315 -0.1157698 -0.67952734 -0.13466851 -0.97980416
42 -0.78141034 -0.4940022 0.6243026 -0.24212831 0.21970072 -0.8781088 -0.023002392 -0.6360701
20 -0.08691058 1.157858 0.011780813 0.13942474 -0.36559698 -0.18118706 -0.47929147 -0.9463964
16 -0.26712927 0.31152144 0.69294184 -0.28500643 -0.73583335 -0.37950322 0.18833204 -1.3423045
17 -0.7725287 -0.6023068 0.7156046 -0.2075683 -0.107224725 -0.62512547 -0.2726769 -0.528608
36 -0.23988305 0.7756955 0.080253676 0.20301244 -0.76413596 -0.4430552 -0.08440419 -1.2633685
6 -0.41992304 0.28175008 0.23597795 0.15402427 -0.34957466 -0.7818563 -0.15310283 -1.5122738
10 -0.19387038 0.7314411 0.38812208 0.21946926 0.1842849 0.19835487 -0.16613616 0.89033145
38 -0.15474232 0.8185234 0.07768275 0.148254 -0.8213042 -0.45206714 0.016014863 -1.3771408
28 -0.27715513 0.19282992 0.31629333 0.23627041 -0.3152659 -0.90480113 -0.013425188 -1.4199377
34 -0.14958294 1.1705022 0.19236486 -0.22775958 -0.8542065 -0.080734305 -0.1611203 -1.0430456
4 -0.093793556 1.09543 -0.17290206 0.30158925 -0.79870296 -0.55526143 0.062034547 -1.3083913
49 -0.23408079 0.44548616 0.44141543 0.020669337 -0.66225004 -0.36350572 -0.14171574 -1.551439
26 -0.42105666 0.10654079 0.13098718 0.48187038 0.07228293 -0.99853945 -0.062714055 -1.3949431
19 -0.6870386 -0.76876897 1.1287894 0.46397695 0.47941694 0.27687705 0.10894881 1.5382401
23 -0.71518207 -0.60783637 0.864048 -0.14622284 0.27014732 -0.45655748 -0.068020076 0.38798684
8 -0.10029367 0.61274225 -0.38828546 1.0027329 0.37489542 -1.130286 -0.17693187 -0.99684095
0 -0.5004378 -0.49498123 1.0269933 0.35095915 0.43408045 0.101947255 0.09173894 1.5518558
24 -0.525898 -0.16158128 0.8486659 0.27124208 0.567141 0.16515644 -0.107962444 1.5089203
27 -0.4008523 0.39402258 0.12682278 0.21637149 -0.37723318 -0.8269182 -0.17603454 -1.6836126
3 -0.46372566 -0.13113692 1.0247089 0.19627383 0.18238272 0.37306416 0.20440304 1.7616124
31 -0.37676483 0.39194754 0.09023937 0.1928896 -0.34380254 -0.90484434 -0.1495016 -1.7066257
43 -0.33885536 0.5598954 0.20274389 0.10401205 -0.45598936 -0.7978163 -0.125374 -1.7137318
18 -0.4515325 -0.12422898 0.6750274 0.6683135 0.5627762 0.13756908 0.23475502 1.4516333
33 -0.2207848 0.66515535 0.55570495 0.20831154 0.042841 0.49197716 0.020660091 2.0419555
48 -0.067286685 1.3304948 -0.23755078 0.18547076 -0.4509703 -0.59526867 -0.23263328 -1.3482708
15 -0.63858837 -0.7681341 1.062084 0.47193936 0.28781584 0.16406369 0.28901774 1.4519784
22 -0.48357025 -0.28693607 1.0193514 0.2614395 -0.124884985 0.535714 0.025249518 1.7529337
39 -0.25217193 0.8111726 -0.06348322 0.16282742 -0.3738646 -0.8675275 -0.34544134 -1.795537
47 -0.4923111 0.25623128 0.21678619 0.068565816 -0.40708837 -0.86885434 -0.15843095 -1.6997145
45 -0.36121398 0.5665421 0.109189324 0.10644551 -0.4003028 -0.9594404 -0.28812444 -2.0867624
41 -0.2457331 1.0982841 -0.24415365 0.36863905 -0.6031365 -0.7286976 -0.08173214 -1.6762246
44 -0.23289141 0.7123515 -0.06012225 0.30800778 -0.49068254 -0.9485946 -0.17624809 -1.6797287
14 -0.13697338 0.9129506 0.44258755 0.20823346 -0.0166982 0.6323188 -0.26867473 1.8558034
9 0.13976854 1.345465 -0.10969284 0.30433437 -0.69843453 0.052772377 -0.02239433 0.20297155
40 -0.15759562 1.1030619 -0.23048666 0.58915114 0.13178325 -0.7808239 -0.045931444 -1.4484345
7 -0.31251094 0.33830044 0.42586213 0.73518693 0.63374245 0.22408025 0.02957761 1.8883394
5 -0.37004882 0.064861774 0.9433208 -0.038409114 -0.51889086 0.6467486 0.19713306 1.5312328
37 -0.29015312 0.0799398 0.9849465 0.055769693 -0.3873348 0.6509892 0.13669814 1.8704187
35 -0.62414885 -0.41622826 0.9922319 0.15281245 0.07441714 0.3413272 0.12324041 1.8784287
11 -0.3629823 0.7701876 0.60907066 -0.61050963 -0.8085576 0.65572417 -0.4452714 0.67806774
21 -0.476347 0.017534612 0.70607203 0.5153481 0.9184338 0.18897453 -0.17444324 1.9510715
46 -0.93428606 -1.1274198 1.1300758 -0.07991872 0.20705396 -0.30759093 0.040614076 0.5314541
30 -0.7106248 -0.83113885 1.1108656 0.42012835 0.6399177 0.05507822 0.103278354 1.2772181
25 0.045769207 1.2930794 0.10787136 -0.16912836 -0.8800749 0.2580697 -0.539083 0.7119551
29 -0.30002773 0.5437197 0.45919377 0.06499357 -0.65100634 0.563321 0.20862931 1.3164086
2 -0.55583805 -0.0041696103 0.6921404 0.4608689 0.59068 0.25858665 0.0037990063 2.0172532
32 -0.25005215 0.7871429 0.30451676 0.7072528 0.26610157 0.63435376 0.16560932 2.146538
12 -0.21299252 0.12291511 -0.060075466 1.4615734 0.83274704 -0.4458674 0.3946775 1.5731251
13 -0.042763844 0.84952027 -0.30561367 1.501111 0.6176145 -0.19440937 0.43945715 1.6317352
