50 8
39 -0.4824461 0.44507843 0.3609847 0.17015445 0.12970695 -0.7733537 -0.6443743 -0.49345478
43 -0.02690405 0.21557724 0.3524915 0.53958684 -0.53973407 -0.6320834 -0.032714024 -0.58513594
31 -0.31146517 0.2725086 0.20049381 0.46305925 0.07593538 -0.9307686 -0.36969134 -0.60586977
15 -0.37041792 0.38809332 0.35000235 0.630431 0.041967668 -0.28295293 0.06602067 -0.8360638
23 -0.23396802 0.44278046 0.38687813 0.2958809 -0.3321258 -0.5673877 -0.39002317 -0.6427836
16 -0.11908954 0.767007 0.6232843 -0.18384972 -0.18098408 -0.5406405 -0.55095935 -0.6784233
19 -0.8288184 0.12575936 0.5331399 0.43159986 0.6616408 -0.56429595 -0.13186936 -0.34305865
45 -0.010748262 0.5123396 -0.039327025 0.7472432 -0.35728794 -0.66085756 -0.28878102 -0.76558375
24 -0.2954692 0.3042264 -0.042538185 0.5490841 -0.29040557 -1.1254741 -0.25121155 -0.6320228
17 -0.2476556 0.509416 0.7624328 0.2969847 -0.28479195 0.26189357 -0.36214092 -0.899353
27 -0.10839737 0.10500439 0.018905662 0.8173381 -1.0162832 -0.7875269 0.11427904 -0.5335575
1 0.30601162 0.8550461 0.0413284 0.6068082 -0.8619911 -0.2826874 -0.55388355 -0.9470265
48 0.0034728902 0.42605704 -0.005654175 0.6050452 -0.661133 -0.8906841 -0.24876599 -0.895842
6 -0.42582992 0.14020693 0.013233017 0.8606435 -0.56009233 -0.7170704 0.24473403 -0.71069854
26 -0.7611976 0.24770099 0.14837071 0.4752922 0.4957617 -1.0533252 -0.01148536 -0.68899906
28 0.07341552 0.21724309 0.17841475 0.6183595 -0.62479365 -0.90403914 0.2047752 -0.3259725
41 0.29453674 0.61527544 0.18686697 0.23289874 -0.8723475 -0.8336479 -0.5607721 -0.35800803
8 -0.65917116 0.29648218 0.15952799 0.5154377 0.45407504 -0.99020886 0.311804 -0.3187063
29 -0.30344376 0.32981148 0.38020995 0.16227536 -0.2774528 -0.8986548 -0.42930448 -0.6301814
36 0.27384478 0.44999906 0.30832338 0.670969 -1.1537107 -0.16426821 0.1476273 -0.26802292
20 0.04341922 0.306764 -0.16834351 0.51309127 -0.8589179 -1.3750715 -0.49489686 -0.50579375
42 -0.5353692 0.38281637 0.37555498 0.6177918 0.15364425 -0.23135628 0.14308453 -0.8900038
2 -0.028320985 0.9537132 1.2672963 -0.41892454 1.150584 -0.030161547 -0.47196472 0.8314747
44 -0.07835358 0.44180524 -0.078517646 0.6054977 -0.5424203 -0.8810886 -0.7740688 -1.2404338
10 -0.06318413 -0.16867323 0.27448702 1.2210758 -0.25369895 -0.3873962 0.84451836 0.8830654
46 -0.254938 0.26584107 1.0865055 0.5660701 0.31862244 0.55409986 0.5607039 1.0963329
34 0.46246204 0.5195977 0.3446316 0.42297518 -1.2276942 -0.32344407 -0.71738833 -0.51097924
40 -0.8742737 0.52293575 0.47666323 0.08855214 1.1769382 -0.8787498 0.08956625 -0.13983369
13 -0.10160099 -0.056420136 0.5344012 0.9514255 -0.22139059 -0.16512771 0.7056993 1.0853904
12 -0.41553742 0.09523891 0.5885337 0.40877688 0.68041384 -0.8679347 0.5169205 1.1100812
25 0.07156135 0.3046196 0.3379614 0.4258443 -0.3696738 -0.56929463 -0.7981163 0.34359205
9 0.8263836 0.53327173 0.8312248 0.42582566 -0.9871741 0.23526461 0.061365705 1.0917726
5 0.18635926 0.10573942 0.9079894 1.0241133 -0.4141479 0.7218665 0.7596855 1.1448953
38 0.5112954 0.69700587 0.34937182 0.20589377 -0.99307495 -0.48859823 -0.8260153 -0.17085329
3 -0.20992675 0.6361519 1.4356406 0.04725642 1.1788249 0.6733466 -0.22537126 0.9217735
4 0.6035453 0.56594175 0.45670736 0.20597926 -1.392702 -0.4908784 -0.49358806 -0.14008518
18 -0.6977278 0.47042 0.9887611 0.107734084 1.2928108 -0.22825447 0.056552295 1.1661357
49 -0.0051234523 0.2686145 1.2415035 0.38324907 -0.6179201 0.95388883 -0.19773701 -0.38492146
33 0.07247367 0.42216152 1.5818825 -0.051739328 0.31897464 0.43031684 0.4014318 1.7801279
7 -1.0640637 -0.050323214 0.16390534 1.0821248 0.9255307 -0.66619587 1.0706534 0.34198833
14 1.1643494 0.7096778 1.1554232 0.21473698 -0.89933234 0.42001152 -0.116121836 1.7215152
11 0.7653697 0.5121722 1.107519 0.37113371 -1.0490205 0.83941 -0.82077277 0.6801702
32 -0.054998543 0.40530616 1.6610761 0.02911191 0.472269 0.6550489 0.3908341 2.0701401
0 -0.7018457 0.22137205 1.1981403 0.26062223 1.5041571 0.12563382 0.15859148 1.0933646
30 -0.28602368 0.790833 1.2535977 0.32306165 1.692001 0.8831622 -0.42297962 0.7429957
22 0.18526806 0.29498568 1.6890956 0.19577278 0.20802167 0.7473135 0.2869234 2.1894946
47 -0.27318913 0.8738622 0.3030771 0.8014054 0.38417295 0.5173561 -0.52751166 -0.8233243
21 -0.3130763 0.090681635 1.4672016 0.40464437 0.7077733 0.5446629 0.6686476 1.7475228
35 -0.32470387 0.16312052 1.474008 0.3024316 0.64484435 0.542405 0.3348768 2.1340396
37 0.21075395 0.47521713 1.9299332 0.23398532 0.28795105 1.5152144 0.09094749 1.5927768
