50 8
19 0.13229364 0.40334195 0.28363547 -0.08058181 1.152691 -0.35766536 -0.20020552 0.573568
1 -0.45544836 -0.09056389 0.6941754 -0.5303155 1.0851144 0.42395356 0.21971418 0.10440523
17 -0.40478817 0.14968017 0.6506709 -0.3481062 0.523375 -0.07019004 -0.16221301 0.6234435
6 -0.82087004 0.38612127 0.54321176 0.039143473 0.115235426 -0.14494088 0.7360963 1.3306503
23 0.64076465 0.18255448 0.20178626 -0.15386264 1.3703818 -0.16071345 -0.50798535 0.3684658
43 -0.57249737 0.09018905 0.36313072 -0.7425954 1.2569258 0.5322792 0.67735946 0.38471216
49 -0.4863155 -0.27273875 0.69444615 -0.787967 0.87469274 0.69451624 0.23857795 0.22473252
16 -0.20018926 0.045467403 0.5970563 -0.5059136 0.6072243 0.10743791 -0.38530076 0.4914797
28 -0.84533745 0.37602216 0.13071606 -0.029820602 0.5496429 0.577133 0.77103364 0.85986525
31 0.39095324 0.45293093 -0.20746708 0.16380566 0.82176787 -0.118960105 -0.18708254 1.1392577
26 -0.20635925 0.40676188 0.24881865 0.3584125 0.1303841 -0.28225634 0.105348006 1.3994853
18 0.43710116 0.7099793 0.049462654 1.1364611 0.054464363 -0.12945454 -0.7093466 0.8470291
27 -0.94751483 0.2124056 0.57080466 -0.7892227 0.93830484 0.5047764 0.83708924 0.45803723
30 0.615754 0.7915782 0.02925507 1.1589895 -0.05499762 -0.044973884 -0.94155186 0.80126125
40 0.62775093 0.7262498 -0.29016036 0.35824865 0.81369865 0.21166116 0.1998871 0.9763062
42 -0.72669274 0.5265691 0.5308498 -0.23200582 0.540889 -0.41111547 0.13610539 0.9043988
36 -0.78878516 -0.3074914 0.8190494 -0.68649787 0.45560515 1.0670543 0.25075167 0.09318488
38 0.1954472 -0.43839508 0.50528795 -0.31818837 1.196462 0.92467475 -0.18566692 -0.23227793
25 0.8917023 0.0582661 0.48387405 0.6318119 0.31018445 0.4021372 -1.3303831 -0.001996724
24 -0.008156554 0.75605255 0.13980097 0.80137146 0.18046099 -0.55698204 -0.2604379 1.2423062
37 0.094609134 0.55188173 0.9345127 0.71569496 -0.25788158 -0.1626446 -0.29006657 0.5656089
3 0.61264765 0.610982 0.3278159 1.3127925 0.07014808 0.16647208 -0.90107 0.25150612
15 0.1429745 0.8459219 0.40260136 0.9844007 -0.46853313 -0.022719115 -0.06518835 1.1061394
34 0.20027064 -0.5234619 0.4964793 -0.8104069 1.1818132 1.1925569 -0.18907544 -0.21969342
7 0.295962 0.8139477 -0.11211535 0.5967341 0.020882383 0.07775939 0.48290783 1.5824392
2 0.7384466 0.4436286 0.8638592 0.7742529 -0.00762151 -0.10377204 -1.1239616 0.115116425
39 -0.062039953 0.28534755 0.15264282 -0.18050236 1.4790165 0.4179363 0.46471798 0.21146137
21 0.48000067 0.003323361 0.5069064 0.4124615 -0.29785362 1.0608059 -1.147124 0.07737868
9 -0.5653105 -0.24698758 1.370971 -0.22279033 -0.14363734 1.1970214 0.26451603 -0.19957149
12 0.42897448 0.98492634 0.10206677 1.3204263 0.0081316475 0.023721127 -0.09111198 0.84901214
48 0.12655367 0.52739805 -0.31794736 -0.21175946 1.6080735 0.36820132 0.65431535 0.62810934
14 -0.16177307 -0.3085923 1.0213289 -0.37575656 0.54330677 0.99569744 -0.73440266 -0.62590617
0 0.46859756 0.7921114 0.38888723 1.300876 0.026425116 -0.45691025 -0.9492361 0.6207369
5 -0.9749676 0.07089288 1.1735145 -0.38284782 -0.54162365 1.1183426 0.16492705 0.1873753
46 -1.0944797 0.01038485 1.2043025 -0.53564095 0.02887643 0.32512364 -0.19476742 0.21836041
10 -1.3005297 0.34810868 0.51300657 -0.19500026 -0.29196036 -0.1396629 0.33998278 1.5428809
44 0.7363378 -0.33928743 0.26999784 0.21971714 1.2532941 0.7281062 -0.64971715 -0.23781067
41 -0.4264095 -0.01472602 0.10963627 -0.57531285 1.7444944 0.75124437 0.72416085 0.11420613
4 -0.7135807 0.078151226 1.0634264 -0.498505 -0.086017266 1.4689746 0.227498 -0.26915175
47 -0.68871695 -0.5689576 0.88541 -0.6906943 0.6592126 1.0822669 0.35857344 0.047745652
20 -1.0195392 -0.278893 0.97734374 -0.739244 0.09450417 0.26964012 0.28937766 0.851851
29 0.5035237 0.30390263 -0.27083114 0.007905667 1.579411 0.15817808 -0.5348672 0.2899268
8 -0.3123218 0.6784022 -0.031073187 0.54684526 -0.042405 -0.1665447 0.3202957 1.6734117
45 -0.39229703 -0.07657026 0.74510884 -0.3825003 0.70619285 0.3699315 -0.53629375 -0.047038864
32 0.7763638 0.46056026 0.48523793 1.1139609 -0.60379314 0.79120123 -1.788148 -0.08876829
22 0.28249934 -0.10218342 0.8423819 0.8880612 -1.0577201 1.0276444 -1.4471338 0.20981407
11 -0.1363514 -0.42684272 1.1355053 -0.13212696 -0.07923961 1.729995 -1.0401217 -0.9098303
33 0.16833298 0.06277434 0.9458478 1.106436 -1.0009923 0.99303985 -1.2659082 -0.004055014
13 0.16014113 1.0694513 0.09904476 1.5044041 -0.64777935 0.371848 -0.108320475 1.0405033
35 1.109538 0.49411535 0.5351399 1.5331882 -0.6768839 0.41869625 -1.69111 0.2444984
