50 8
29 -0.59501183 0.7625754 0.20625342 0.011698146 -0.5151014 0.67336756 0.6273531 0.6346383
28 -0.549005 -0.11028123 0.75826514 0.84087783 -0.26208264 -0.3969798 -0.1505343 -0.4658759
23 0.09166673 0.5329395 0.80793834 0.19305496 0.21611954 -0.7517477 0.31230873 0.27987975
1 -0.28135198 1.0013269 0.13750622 0.67817104 -0.39345878 -0.47670093 0.025180608 -0.7633675
43 -0.5318237 0.18647958 0.48262843 0.90655714 -0.4936759 -0.46453214 -0.027521307 -0.56931806
16 -0.3343779 0.9664399 0.14367346 0.45752528 -0.38469395 -0.19214235 0.010459868 -0.33235586
41 -0.21542953 1.2860729 -0.36410224 0.7599184 -0.49138492 0.4105419 -0.36571535 -0.51598483
6 -0.44148597 0.03857235 0.8167193 0.8569076 -0.20070165 -1.0167701 -0.36036077 -0.751663
25 0.13776773 1.4002035 -0.01959469 -0.0824732 -0.13763386 0.75990236 0.34995538 0.8294489
26 -0.19823974 0.18235412 0.99100316 0.47630322 0.07035935 -1.445468 0.18076035 -0.1624693
34 -0.2170324 0.93873584 -0.25286335 0.77428216 -0.5784119 1.0714482 -0.029715657 -0.1932934
4 -0.67072487 0.51172316 -0.11480615 0.8743106 -0.8866191 0.68876344 0.16389099 -0.1414087
38 -0.21540739 0.8017387 0.1573972 0.78731316 -0.6709544 -0.26012433 -0.1773485 -0.57984287
36 -0.75530577 0.77088606 -0.006385785 0.88927484 -0.56222844 -0.19096747 -0.1083342 -1.0081319
48 0.26354232 0.878439 0.0873143 0.84165967 -0.37478366 -0.027370708 -0.10758209 -0.37197465
42 -0.48964167 0.6022429 0.5889156 0.58227 -0.255296 -1.2211668 -0.04313095 -0.751984
46 -0.18053772 0.7880454 0.086585015 0.9924034 -0.3674015 -0.8513838 -0.09902869 -0.70476735
18 0.34543446 0.3773616 0.97752184 -0.036056373 0.5928844 -0.2882904 0.2744568 1.1338668
19 0.38722283 0.1478067 0.9308358 0.083934486 0.75208884 0.5112025 0.112299174 1.3045102
40 0.2139152 1.031513 0.4986664 -0.020047244 0.34741122 -0.7798651 0.40283394 0.54208034
49 -0.99848753 0.44053417 0.064345665 1.0121533 -0.48909926 0.57338244 -0.56293523 -1.1961666
20 -0.4542639 0.04540514 0.9492434 0.583052 0.039384216 -1.04894 -0.5181988 -0.41049042
39 -0.51413894 0.8416666 -0.07926356 0.8680656 -0.57910615 -0.04726241 -0.27317128 -0.64479476
24 0.061018467 -0.2954158 1.3353529 0.27917743 1.0452008 -0.70264024 0.014924314 0.75634235
27 -0.67123884 0.6826958 -0.015168218 0.9576303 -0.60787725 -0.58726734 -0.24841352 -0.7385801
13 0.3238222 0.16253838 0.92405957 0.04566653 0.51748466 -0.36887655 0.7778066 1.5888846
12 0.36954644 -0.082345255 1.143231 0.026723837 0.79593563 0.3591088 0.20383048 1.593053
30 0.60580724 0.41924986 0.9497427 -0.055060897 0.8176978 -0.04039762 0.45958173 1.4926323
21 0.13547462 0.37347656 0.8268946 -0.11934497 0.4243996 1.0078388 0.27493837 1.223297
11 -0.37727004 1.0511829 -0.42679983 0.68815243 -0.76850986 1.4232793 -0.024004288 0.07087177
14 -0.6718868 0.6761066 -0.4210278 0.6349895 -0.37803498 1.9168226 0.07782113 0.67844397
31 -0.04801971 1.1546514 0.1701883 0.73624045 -0.32517615 -1.1617085 -0.09863085 -0.9077465
9 -0.8567509 0.37901616 -0.20475337 0.86227083 -0.74325246 1.2103969 0.27482092 0.053504337
33 -0.00478347 0.9371193 -0.020165369 0.1422545 -0.0003539385 1.7672898 0.32320336 1.1140027
15 -0.74446416 -0.5452244 1.3960179 0.35774323 0.6407811 -0.94781744 0.13227001 0.08900958
45 -0.63508785 0.46888173 0.25037092 0.97141206 -0.22729293 -0.72210383 -0.3739301 -0.8434292
44 0.087879315 1.0070786 0.36960918 0.53738374 -0.07475328 -0.91666645 -0.41059393 -0.5626597
37 0.40686592 0.47567192 0.71917343 -0.0432903 0.51471263 1.3868018 0.15627196 1.302932
32 -0.049979437 0.6445892 0.25819522 0.08186568 0.26382586 1.5926435 0.30209178 1.212446
17 -1.1850042 -0.66817176 1.1557901 0.77994365 -0.1998361 -0.7273015 -0.20243634 -0.545478
35 -0.15449074 0.49283653 0.21383356 0.2453658 0.16654234 1.7996897 -0.40489095 1.0244433
5 -0.9029186 -0.28255606 0.38233644 0.7644662 -0.23713386 1.2320977 -0.51456046 0.4278621
22 -0.12913682 0.32035762 0.39899957 0.29389656 0.23878305 1.9699044 -0.18191329 0.8141493
7 -0.34015113 -0.6470201 1.6340113 0.06883185 0.9899071 -0.74280024 0.07248637 0.9602009
8 0.3472323 0.61146724 0.5369456 0.5713376 0.43206707 -1.358547 -0.14302845 0.29154232
3 0.7091631 0.23593304 1.2035193 -0.14013816 1.0812877 0.5414035 0.042986825 1.4017235
10 -0.48839888 -0.74416476 1.4082822 0.6122355 0.26299763 -0.8096575 0.1541813 0.1992336
2 0.6129771 0.21140881 1.0878853 -0.06499975 1.0337023 0.30281442 0.019646766 1.5421746
0 -0.10498555 -0.65692174 1.6279538 0.084615074 1.365106 -0.585479 -0.21889405 1.288623
47 -0.80525273 0.6082198 -0.58613646 1.0808501 -0.73843277 1.6533405 0.023415476 -0.07855024
