50 8
1 0.12611258 0.38165665 0.49473494 0.30769083 0.44449627 1.0407975 0.07565824 0.003663405
38 -0.0799271 0.7234132 0.54801583 0.18356322 0.4022511 1.2271864 0.2765527 0.06811876
23 0.2816527 -0.07294205 0.2405164 0.30097884 0.8119978 -0.052121118 -0.5385646 0.16124701
43 -0.38162714 0.9640457 0.3213123 0.26097402 0.3088101 0.87162685 0.31518382 0.28514493
36 0.15326269 0.5132936 0.8896634 -0.0013909637 0.1576099 0.93621016 0.24014598 0.1858708
39 -0.20003384 0.75900733 0.2840474 0.0999692 0.7571958 1.217498 0.038277384 0.1430586
16 0.4949007 -0.12558419 0.82331693 0.12718314 0.45135525 0.9057627 0.061976388 0.0529617
25 0.80913025 -0.6085257 0.82142186 0.16376252 0.5924375 0.27249044 -0.5968597 -0.059412252
31 -0.35214993 0.68339807 0.26766622 -0.051254354 0.6885026 0.97381604 -0.15399523 0.4783357
42 -0.4018105 0.24268244 0.36453903 0.05468209 0.83550394 0.41146183 0.06433625 0.45968014
15 0.24850823 -0.16495092 0.791816 0.11930764 0.4134926 0.3945823 0.019253107 0.2272433
28 -0.5537616 1.0644081 0.403493 0.097976305 0.02098531 0.7295611 0.5266935 0.7072084
26 -0.4908555 0.24894613 -0.16988392 0.5578162 0.5407523 -0.5756064 -0.10525478 0.737823
27 0.20025441 0.52218896 0.7303472 -0.07145844 0.46059093 1.262902 0.2248609 0.1444797
49 0.13277563 0.39398676 1.056421 -0.078134075 -0.024074415 1.3329004 0.43143633 0.23744732
44 -0.5894868 0.7423682 0.28321135 0.13275647 0.79682064 0.92731434 -0.044526935 0.13387968
24 0.41396916 -0.48639634 0.1016367 0.35990795 0.9389566 -0.9917656 -1.0711119 0.34088635
17 -0.11745883 0.26281115 0.66004336 0.13276482 0.44432095 0.68104136 0.21013136 0.20877384
40 -0.17907357 0.34701377 0.36299556 0.22388063 0.7032422 0.8924866 0.07430809 0.18364365
6 -0.8216837 0.99522847 0.059085578 0.21679842 0.59246665 0.6186282 0.20351699 0.5249651
45 -0.14793342 0.82953745 0.44422507 0.13233143 0.38040963 1.26256 0.23241268 0.16937332
47 0.12099266 0.3162488 0.7375833 0.07937431 0.6505974 1.2698108 0.14485256 -0.15274404
34 0.5687643 -0.17365114 0.9465612 -0.00028858506 0.73911583 1.5459785 -0.19756043 -0.32925454
20 -0.43485534 1.0389243 0.1610175 0.17639942 0.14292279 0.8955121 0.4695453 0.7025331
48 0.09686934 0.6230874 0.416723 -0.031171938 0.63870233 1.3166007 -0.21918382 0.17015588
41 -0.030278979 0.60860574 0.68387604 0.10913377 0.50471157 1.3578961 0.06991048 -0.185577
4 -0.6255019 1.2206669 0.5663341 0.14519332 -0.12252699 0.84003335 0.38525847 0.4047462
8 -0.8863956 0.5437338 -0.56282914 0.73195314 0.9443561 -0.4083343 -0.32940567 0.51104695
19 0.41783637 -0.83932644 0.02959488 0.8967374 0.5003582 -1.658046 -1.0591979 0.44309416
29 0.29194015 0.11296077 1.2431247 0.053948436 0.28245714 1.3785553 0.3332658 -0.3005462
18 -0.019119753 -0.44148928 -0.4422965 1.0779928 0.5855292 -2.1192515 -1.1620134 0.7527751
14 1.1444163 0.038557902 0.9287318 0.36675465 -0.6450873 0.6119051 -0.11538845 0.09123214
46 -0.68579435 1.1844445 0.65931636 0.032997552 0.2293628 1.1640819 0.46160126 0.23982763
12 0.18272077 -0.47600678 -0.07006556 1.1910567 0.2760013 -2.0641081 -0.91514844 0.44225195
13 -0.8751808 0.80000764 -0.70868254 0.51923823 0.7942075 -0.87081474 -0.35424793 1.0864048
10 -0.780407 0.7979421 -0.58906406 1.3030769 -0.65084827 -1.1923374 0.19534385 1.1625607
5 0.46609426 0.3983864 0.595126 0.8277937 -1.2470843 -0.31520385 0.42743438 0.6000705
11 1.1393322 -0.3249328 1.401218 0.20946002 -0.59294134 0.92850566 -0.19719203 -0.13652056
2 0.601077 -0.93054813 0.116788425 1.4118397 -0.24350394 -2.1918716 -1.0301827 0.42941198
3 0.78232604 -0.8828646 -0.12737687 1.3595306 -0.12830256 -2.1803937 -1.0975407 0.61801803
7 -0.14208081 -0.077369474 -0.49474034 1.4331688 -0.40675166 -2.5972135 -0.4216882 1.2682726
21 0.9847202 -1.2781776 0.38786417 1.4596797 -0.40412232 -1.761508 -0.8956068 0.14660464
0 0.6385944 -0.85876346 -0.2979686 1.3069186 0.2328907 -2.3417912 -1.2637765 0.66644436
33 0.33867303 -0.93464684 0.16504423 1.6359543 -0.7007012 -2.3739965 -0.48990297 0.674138
30 0.20565085 -0.6765241 -0.20132175 1.2640847 0.29658908 -2.2096238 -1.0374305 0.47504947
37 0.83416027 -1.1638621 0.25320867 1.4419258 -0.378639 -2.3056889 -0.3931809 0.6616014
32 0.35489842 -0.7884126 0.020771196 1.5176092 -0.3975393 -2.6872027 -0.7870405 0.7726091
9 1.180967 -0.28512323 1.4474151 0.5951168 -1.2378141 0.3431444 0.36168775 -0.020764573
22 0.5855991 -0.76567185 -0.085554674 1.6351353 -0.67136604 -2.7377357 -0.7275887 0.94441456
35 0.62122506 -0.796282 0.09688677 1.3914919 -0.5069443 -2.5251122 -0.9477769 0.7017269
