50 8
1 -0.15046376 0.47178116 0.10126695 0.29418728 -0.5588516 -0.52243805 0.10396887 -0.94373775
23 -0.5892016 0.12077607 0.29798135 0.3738756 0.08362445 -0.93777364 -0.16909346 0.03343128
25 -0.08209853 0.9358428 0.6928336 0.119212955 -0.151113 0.07226064 -0.15195926 0.3582197
22 -0.27156925 0.58761704 1.1737026 0.16324331 0.12067757 0.62018716 0.08825091 0.3346602
28 -0.30294725 -0.114929624 0.28365234 0.46306106 -0.6223029 -0.24955858 0.11014441 -1.3733778
43 -0.46917194 0.04614486 -0.09398587 0.5644851 -0.6077925 -0.43888596 0.18669936 -1.234668
24 -0.5913757 0.24073063 0.50549996 0.56146294 0.57655215 -0.8088452 -0.31933486 0.9239552
40 -0.6498633 -0.13984957 -0.27725157 0.80674744 0.18430124 -1.2903103 -0.54987144 -0.31735966
26 -0.5809883 -0.18134546 -0.12838842 0.6349737 0.02583015 -1.3031979 -0.4766549 -0.53676647
49 -0.3521344 0.050585445 0.36979866 0.46489322 -0.7468344 0.31965837 0.32157433 -1.4787781
18 -0.55916065 0.28525126 0.08911553 0.74409133 0.32346603 -1.1048096 -0.2658383 0.9477381
19 -0.32318303 0.5161745 1.0880042 0.40177485 0.5371031 0.088216275 -0.16389911 1.0881543
10 -0.26995215 0.17210324 0.6096397 0.76029587 0.25651652 -0.7084905 -0.025981644 1.1307805
31 -0.60270107 -0.31550562 -0.24529673 0.941754 0.06596432 -1.0375707 -0.4400963 -0.5807804
27 -0.35737684 0.18054333 0.017826341 0.33668923 -0.7382486 -0.3700331 -0.028913066 -1.6201966
30 -0.49153405 0.107170954 0.33689576 0.5969438 0.16108245 -0.7446426 -0.20381477 0.39347002
29 -0.44895923 0.5010202 0.24747369 0.22794189 0.09355349 -1.2120278 -0.059824504 0.52927816
36 -0.1989662 0.5821156 0.40744135 0.25629887 -0.7093416 0.6839919 0.2611561 -1.4014132
42 -0.4162951 -0.034750972 -0.28664646 0.6665543 -0.5649277 -0.8187113 -0.14763081 -1.2557579
46 -0.19651549 -0.032357533 0.4000542 0.62470174 -0.5009136 -0.35560527 0.21593678 -0.32284248
44 -0.21396233 0.43022242 -0.14673783 0.35299113 -0.57436436 -0.40669334 -0.450875 -1.5197651
39 -0.56891185 0.35609907 -0.2682808 0.43820912 -0.16064315 -0.8554619 -0.4263706 -0.73648244
38 0.062324043 1.0342278 0.18267298 0.15981309 -0.53165984 0.15238537 -0.1857806 -1.0040936
6 -0.4651611 -0.29959702 -0.120865114 0.6901007 -0.26669413 -1.2210498 -0.3376 -0.74329054
2 -0.3741891 0.3113316 0.7995593 0.75325716 0.5703118 -0.405847 -0.1148957 1.3362958
8 -0.7442361 -0.1539435 -0.24313532 0.6394299 -0.12161246 -1.1419913 -0.36323774 -0.6283618
16 0.032016147 0.69273245 0.7486817 0.05464727 -0.8201947 0.7649873 0.37324095 -1.3087611
20 0.029000591 0.83815074 0.51713073 0.08818139 -0.3818983 0.12954468 -0.06854029 -0.7068508
45 -0.24849416 0.32659197 0.36655506 0.37215677 -0.45327905 0.29365686 0.08544562 -1.427268
4 0.029282944 0.7488257 0.891489 0.092603505 -0.75542474 0.8650085 0.5340746 -0.8432522
17 -0.5015658 0.06856843 0.55459607 0.3506823 -0.06535888 0.047277614 -0.14675218 -0.8341903
0 -0.33089423 0.22288 0.87071484 0.52005184 0.2790067 -0.70738566 -0.008841006 1.3067878
9 -0.06462119 0.8277067 1.0949346 0.119269766 -0.5291511 1.0619361 0.6031587 -0.067493685
21 -0.21231285 0.72181916 1.3365624 0.26738426 0.31006834 0.55383176 0.28188315 1.1164186
15 -0.43361518 -0.5831283 0.60640895 0.9631663 0.1815115 -1.0411184 0.0077248495 0.79072434
33 -0.2625148 0.486044 1.434101 0.31607217 0.35804418 0.27979386 0.27126396 1.315939
41 -0.29254267 0.7382633 0.06599357 0.2863037 -0.5036371 0.3323883 0.004083192 -1.4031793
32 -0.27888042 0.68982273 0.8675439 0.40499663 0.42471656 -0.3591329 -0.12839325 1.4539549
47 -0.5375312 0.29998523 -0.14953224 0.49854934 -0.7086025 0.21106383 0.012251129 -1.8183187
35 -0.17513523 0.63514924 0.9744921 0.3369144 0.45190346 -0.71492946 -0.0846204 1.6270725
34 0.036815822 0.86769265 0.6272588 0.28872883 -0.5482837 1.1181959 0.049098156 -1.2160652
14 0.19195057 1.3081874 1.239601 0.14092366 -0.22795993 1.3062669 0.390524 0.539516
12 -0.2863433 -0.2315603 0.44983658 1.2460498 0.31650132 -0.73827684 -0.26806328 1.1274627
7 -0.2982932 0.046569467 0.5177695 1.0211558 0.5383607 -0.73475397 -0.41547278 1.1930548
37 -0.10829245 0.6633978 1.4538212 0.048078425 0.25945693 0.09923406 0.14451411 1.1521474
11 0.11155789 0.86937124 1.0366514 0.19303513 -0.7464803 1.4703803 0.3221496 -0.693838
13 -0.37315723 -0.21040799 1.2106833 0.9229427 0.32718208 0.21926598 0.37454042 1.1934263
3 -0.10953381 0.69337255 1.3528527 0.34437117 0.36842954 0.2671899 0.22998324 1.43519
5 0.41187018 0.9620627 1.0920963 0.30459058 -0.76008564 1.2314771 0.5619183 -0.20442083
48 -0.26916248 0.6501193 -0.61413264 0.5147877 -0.5704941 -0.892024 -0.2545792 -1.2124764
