50 8
19 0.008169769 0.29241282 0.76196694 0.3207129 0.67738324 0.30348423 -0.08970617 0.46381274
26 -0.3745284 0.35624918 0.3728814 0.30744913 0.80251557 0.31603318 -0.07350286 0.95047337
24 -0.16103303 0.29672417 0.7520774 0.23584227 1.0715747 0.3167402 -0.15830238 0.41705433
23 0.099089645 0.39021847 0.7937251 -0.21901976 0.4330964 0.7198812 0.20391122 0.06270068
43 -0.859416 -0.54315025 0.41412243 0.23605338 -0.26038942 0.11203551 0.92003816 0.5875813
1 0.053642146 0.097990386 0.7703718 -0.34218696 -0.030460488 1.0095718 0.44767454 -0.31649238
48 0.11191532 0.3650756 0.6226893 -0.27031943 -0.31034335 0.9463303 0.48928604 0.0018006797
28 -0.94128704 -0.0035179353 0.77054185 -0.95198935 0.20264393 0.7104608 0.38541445 0.5221862
18 0.22407925 -0.12541826 0.025967075 1.3269218 0.42664528 0.15963405 0.04289965 0.96559185
6 -0.3303217 -0.40159076 0.15724783 0.69386953 0.7094746 0.09178273 0.18038978 1.0854354
39 0.5425323 0.7524892 0.15788941 1.3072454 0.068129085 0.5293057 -0.02783159 0.40299222
2 0.35138088 0.32487065 0.8660297 0.45433462 0.91863257 0.25751707 -0.16452378 0.27022734
21 -0.108048856 -0.38696095 -0.008745543 1.1670837 0.49173376 0.26995865 0.6243529 0.36428085
27 -0.287106 0.5962149 0.7549855 -0.79194105 0.28276592 0.92684877 0.44405273 0.0956865
40 0.30846354 0.20080543 0.06597906 1.3441257 0.2419514 0.31789812 -0.049051724 0.7877197
15 -0.8541343 -0.26832274 0.098507375 0.21653774 0.47023746 0.27856076 0.6523317 0.8598956
10 -0.7858341 -0.028019477 0.31278425 -0.11224322 0.23098388 0.3653599 0.39029548 0.9862763
17 -0.4720187 -0.47024173 0.559521 -0.42069954 0.5472663 0.4798246 0.5211603 0.6180467
12 0.13765462 0.35866812 0.6168454 0.7148395 0.9023695 0.0824461 0.15136534 0.4273235
20 -1.0427728 -0.30964887 0.49648166 -0.21879292 -0.10012487 0.4265458 0.17656295 0.92648745
36 -0.8683653 -0.22625557 0.71211016 -1.1182543 0.051050168 0.8318656 0.98285306 0.12158043
25 0.68696934 0.3240325 0.82031024 0.5456657 0.19025636 0.8533426 -0.9518361 0.3211001
8 -0.13829508 0.18594705 -0.16706201 1.2810003 0.28756055 0.2638219 -0.11596383 1.2743344
38 -0.5427618 0.37401503 0.5560373 -0.4683468 0.24955566 0.76465064 0.5574693 0.20324878
31 0.71747357 0.61660665 0.43356013 1.2297337 0.65499735 0.52902806 -0.6116246 0.42830896
42 -1.2738785 -0.7974926 0.4008072 0.017036231 -0.047372416 -0.050823435 0.3073194 1.4629022
14 0.18138476 0.026690722 1.2442821 -0.37151733 -0.8544933 0.9111307 0.3654846 -0.5524051
3 0.8811509 0.20580387 0.9740609 0.7831712 0.5975003 0.40980366 -0.25876155 -0.124517426
41 0.8646589 0.919596 0.7938371 0.33350533 0.94751924 0.99838495 -0.31615734 -0.37224454
9 -0.0011260202 -0.13065149 1.0435674 -0.39306173 -0.94231933 0.8527824 1.0486878 -0.68026316
7 0.21505885 -0.07252431 -0.07425406 1.1546916 0.79432094 0.20988958 0.25024796 0.9663102
16 0.29830253 0.08812127 0.72875684 -0.33672592 0.16140093 1.0372432 -0.06661326 0.14860111
4 -0.22598061 0.344863 1.1367795 -0.6680265 -0.9165837 1.0121623 0.44911778 -0.44231176
29 0.7139141 0.20113516 0.43408054 1.1905 1.0227033 0.3534422 -0.5281364 0.58628947
35 1.0353668 0.2290363 0.37547117 1.1208448 0.17593995 0.492769 0.63328755 -0.20439361
0 0.27030918 -0.20375864 0.25734755 1.1448505 1.0370059 0.23546116 -0.17446674 0.66355306
37 0.36161342 -0.9482701 0.48497048 0.90886843 -0.31726936 0.37326038 0.71996 -0.122711696
30 0.24609335 -0.011594501 0.1988632 1.8776233 -0.39195472 -0.048635196 0.22216296 0.5803192
34 -0.12297617 0.19095975 1.2843544 -1.1968732 0.06966991 0.9148999 0.55416006 -0.2634946
45 -0.8606285 -0.4476357 0.90023595 -0.7498269 -0.26072514 0.61752456 0.49334797 0.31063235
13 0.05797707 -0.21656811 0.044937864 1.6691658 -0.14343837 -0.019302662 0.235813 0.8549235
5 -0.68030167 -0.42473698 0.6478489 -0.64535326 -0.64775705 0.5881867 1.4022682 0.051017813
22 0.54181165 -0.25186354 0.20099747 1.2336904 -1.2581319 0.872522 0.35205355 -0.07681184
49 -0.92045045 -0.45119792 0.8151301 -0.8011542 -1.0129167 0.9483941 1.2631028 -0.44206697
32 0.12087823 -0.33971104 -0.082553685 1.5850781 -1.0442367 0.31206316 1.0149558 0.19449836
33 0.68612224 -0.38254046 -0.0303418 1.5780947 -1.2736213 0.972823 0.7960378 -0.5678547
11 0.06564669 -0.98507893 1.2136729 -0.5151608 -1.4740741 1.2674382 0.75208926 -0.9938366
46 0.81714916 0.85191274 1.2530662 0.70045865 -1.0208069 0.65161294 -0.17054033 -0.5708685
47 -0.7908326 -0.7997421 0.78785104 -0.4138196 -1.167657 0.93648565 0.97038877 -0.3953822
44 -0.7604056 -0.63110155 0.47887003 0.5642382 -0.4012954 0.20379867 -0.33344114 1.1269819
