50 8
1 -0.28703517 0.57529247 0.18619765 0.698884 -0.0645051 -0.28188705 0.3049943 -0.5660872
28 -0.37752718 0.56101376 0.15119606 0.76896197 0.12287397 -0.39198762 0.1976297 -0.8575962
27 -0.20367695 0.8996291 -0.376297 1.0147432 -0.5434429 -0.1721538 -0.35432786 -0.5594883
43 -0.3356647 0.5235065 0.32333556 0.6772734 -0.49650508 -0.36227167 0.305237 -0.7793852
13 0.28056577 0.90523255 -0.7600202 0.83825845 0.07009841 -0.6824751 0.021215767 0.8510504
38 0.28532198 1.2204295 -0.35606834 0.95805186 -0.8448816 0.10450349 -0.29732752 -0.07337522
41 -0.2604682 1.0548648 -0.34470585 0.9735509 -0.57038665 -0.08560498 -0.13886556 -0.70096165
44 0.044885416 1.0143325 -0.4469596 0.81874543 -0.4766532 -0.33916885 -0.08151241 0.18204512
12 -0.51820624 0.00439009 -0.006201878 0.31806982 0.6716869 -0.97836363 0.337381 0.7866676
42 -1.1194664 -0.11450748 0.7635373 0.0791578 0.39878216 -0.61861944 0.31167588 -0.5647443
36 -0.18631658 0.9898342 -0.34445918 0.9145929 -0.2971535 -0.48233372 0.037108205 -0.6840254
20 0.0713775 1.0204536 -0.19933906 0.9651062 -0.60487497 0.12003991 -0.26092523 -0.3758691
6 -0.3909554 0.74731374 -0.27296445 0.93190837 -0.25017127 -0.3984414 -0.05311489 -0.7089911
5 -0.5962352 -0.6417977 1.8779924 -0.17377962 0.27901843 0.28909075 -0.008973589 0.346575
31 -0.25270545 0.6581662 -0.4398501 0.9736493 0.04505554 -0.8428411 -0.15851639 -0.576113
45 -0.32664546 0.6490672 0.16155936 0.7459991 -0.52411157 -0.14816527 0.14532167 -0.58872545
4 0.29531774 0.97294116 -0.22928037 0.98561454 -0.89890003 0.12226083 -0.101761274 0.11220261
34 0.24971847 1.2909725 -0.28113145 0.90028965 -0.6701931 0.17755048 -0.48878947 -0.24372908
46 -0.81531537 -0.4798641 1.6392281 -0.09409738 -0.085831426 0.16305166 -0.29964367 -0.14959781
49 -0.28389618 0.39574218 0.85739565 0.5378711 -0.49265766 0.60660464 -0.63047457 -0.73052156
40 -0.32842326 1.0314001 -0.3139553 0.8300036 -0.23616323 -0.43219 0.058926657 -0.80552286
39 -0.61234844 0.7290133 -0.23063369 0.8584674 -0.39052886 -0.6006668 0.2584314 -0.8594512
26 -0.5070523 0.5152581 -0.3691817 0.8081557 0.071695715 -1.1777871 -0.016729916 -0.5754355
18 -0.4692324 -0.27418673 0.5231822 0.116524614 1.1641946 -0.08680949 0.0981593 1.5344481
16 0.19942221 0.7598133 0.6019093 0.39285767 -0.92955136 0.37418166 0.0408473 0.34039417
17 -1.2553287 -0.531742 1.1820408 -0.017431522 0.18503988 -0.36958334 -0.012934613 -0.43115735
8 -0.033381265 0.9176985 -0.5771753 0.7098735 -0.50316703 -1.167936 -0.17076594 0.06950774
10 -0.2322526 0.8078412 -0.37475413 0.7506823 0.17572561 -0.97397166 0.65922725 -0.23582785
19 -0.7133006 -0.6904271 1.1344047 -0.045583077 1.1023728 -0.36706814 -0.09587413 0.8723374
9 0.49576584 0.87907416 0.43388054 0.68286175 -0.8185208 0.91022426 -0.42954728 0.48138535
21 0.027836336 -0.21484277 0.91335654 -0.1428345 1.3426422 -0.062065385 -0.37549442 1.9456242
30 -0.7689568 -0.701481 1.6047106 -0.16707234 1.193731 0.090858616 -0.035095286 0.5620812
23 -0.6962359 -0.52362686 0.94498783 0.010997321 0.80322975 -0.96377814 0.26269948 0.3038693
32 0.089956366 -0.19736469 1.1477572 -0.06743052 0.93732303 0.1964995 0.05307783 1.9651963
7 -1.0945698 -0.6137273 0.6315552 -0.06355887 1.3587397 -0.8262946 -0.018521938 0.83125895
14 0.44816414 0.8415403 0.48453382 0.47450253 -0.4778971 1.2231134 -0.508839 1.12454
0 -0.48403582 -0.5847398 1.372886 -0.18676332 1.0290674 -0.12599567 0.25062662 1.3606306
48 0.20145315 1.003101 -0.115017645 1.0160909 -0.86318994 -0.4462185 -0.16771491 -0.7841924
15 -0.70984185 -0.7574711 1.7008871 -0.1781548 0.84561545 0.08992638 0.3340043 0.81712526
47 -0.94149035 0.15582156 0.41594952 0.75428087 -0.06188987 -0.23024483 0.096583046 -1.3292361
37 0.102979474 -0.2423795 1.3860745 -0.09918939 0.032372523 0.6214014 -0.5296275 1.7357587
33 0.030690797 -0.19888505 1.0019417 -0.2418594 0.9822816 -0.1762893 -0.23140632 2.1241148
24 -1.2397695 -1.1266396 1.3279997 -0.20932561 1.2165197 -0.8218333 0.101562135 0.55356956
35 -0.7188492 -0.8157958 1.49883 -0.33972058 1.2811891 -0.22907403 -0.10054899 1.3113993
25 0.9190918 0.9916119 0.30431187 0.5099217 -0.8816932 0.8902234 -0.7915443 1.5254191
11 0.32656208 0.62230855 1.2121629 0.41787186 -1.1873144 1.2013621 -0.6590855 -0.04188759
29 0.36478287 0.90928656 0.08483601 0.43792504 -1.2295351 0.2719698 0.079538696 1.3085487
3 -0.82978076 -0.80841726 1.3967402 -0.30430058 1.28196 -0.34027696 0.08407463 1.3251387
2 -0.72601074 -0.8111497 1.4555597 -0.22869149 1.4574316 -0.3484425 0.301055 1.2430199
22 -0.03954277 -0.6478119 1.5815684 -0.055776346 0.5087082 0.66237235 -0.5176389 1.9446365
