50 8
16 -1.0423007 0.45626742 0.24097303 0.0725514 0.6263479 0.8223629 -0.5356711 0.23650722
9 0.36492696 0.33681476 0.9211394 0.7586767 -0.88692546 0.44329825 -0.30362412 -0.14885947
28 -0.8109486 0.48191732 0.119496234 0.00222752 0.52440083 0.8172075 0.09993166 0.6320698
30 -0.4189701 -0.36151668 0.5503233 -0.029965715 1.2964102 -0.24059382 -0.06723816 0.690833
49 -0.4761199 0.38334343 1.3362247 -0.49296787 0.5348798 0.014063845 -0.39043474 -0.37458903
36 -0.32660797 0.37084505 0.06188307 1.0854855 -0.67526335 1.2382833 -0.093339294 0.057581384
39 -0.59282047 -0.21675617 -0.40029997 0.8083633 0.80403906 1.0463781 0.382378 0.52293146
5 0.33507255 0.13155723 1.5395571 -0.08159566 -0.016108204 -0.08662921 -0.46371418 -0.51871943
35 -0.00021104832 -0.4917514 1.118667 -0.49626705 1.0073999 -0.1556145 0.4248567 0.058838274
6 -0.95592374 0.33676726 -0.052084234 0.1123061 0.7014012 1.0098047 0.015025522 0.48120448
1 -0.4388571 0.38671434 0.94577664 -0.37422413 0.53669554 0.65767586 -0.1342404 -0.52531743
40 -0.5490606 0.050346296 -0.60827726 0.9658727 0.29838917 1.5118339 0.5528621 0.5995797
43 -0.9890857 0.0452378 0.31059363 -0.14214931 1.4818475 0.15375894 0.06579682 0.4757161
23 0.048945464 0.559612 1.3133049 0.060464405 0.102586195 0.15676554 -0.54117185 -0.6716665
42 -0.86617434 0.013657771 0.81492925 -0.7216891 1.1618528 0.12165305 0.08626062 0.3034209
41 -0.37176257 -0.07748715 -0.5836483 1.1874492 0.5317811 1.1662092 0.1728326 0.7201838
17 -0.5376947 0.004955802 1.4535615 -1.0227458 1.3455124 -0.16000694 -0.10807906 -0.3619964
15 0.18464527 -0.058371134 1.9958421 -0.85235256 0.20595728 -0.29372898 0.0450183 -0.6704384
2 0.6456092 -0.6797645 1.8549018 -0.5023959 0.1040307 -0.5175413 0.2578923 -0.16685623
19 0.538376 0.10312592 1.7908528 0.12494507 -0.4637689 -0.4770071 -0.7063183 -0.28069982
14 0.91703546 -0.32732913 0.86762947 1.179946 -1.1055663 0.18989702 0.010914603 0.22648308
13 0.098854795 0.034211695 -0.18901196 1.6156574 -0.59947807 0.718991 0.030006338 0.8392755
18 -0.9585991 -0.020761348 0.03543531 -0.13440096 1.0274827 0.34716666 0.53191084 1.0603048
0 0.35047024 -0.37322673 1.6296517 -0.5271609 0.18462554 -0.18404773 0.20075318 -0.27556658
21 0.80614597 -0.13054135 1.5070313 0.48300928 -0.79522777 -0.30011213 -0.04241702 -0.11716332
10 -0.158546 0.89998674 0.89323807 0.4054996 -0.8172469 0.15674497 0.30125147 0.18154502
45 -0.5296763 -0.17456168 1.2816125 -0.7627747 1.005493 0.3553969 0.084410734 -0.7354727
38 -0.03315171 0.019038197 -0.45429477 1.547529 -0.21419382 0.97143406 0.19067292 0.8462564
32 0.5409582 -0.55188936 0.11996335 1.1964234 -0.5054314 0.69351983 0.43228447 0.6519611
26 -1.1834047 0.31071708 -0.1635045 0.23141763 0.9820935 0.26649228 0.8423678 1.1372141
11 0.21631463 -0.23274359 0.581813 0.8479657 -1.0983639 1.3917311 -0.42039615 -0.38926753
24 0.22385637 0.5256968 1.5129205 0.062080003 -0.30500054 -0.25912508 -0.45798382 -0.24446703
20 -0.39016366 0.39908534 -0.5648692 1.6690375 -0.21519688 1.0902674 -0.54280937 0.855636
8 -0.9154294 0.5576559 -0.5491098 0.6782192 0.75591743 0.13249752 1.0182301 1.9330697
37 0.86463505 -0.6430334 1.4257262 0.85286295 -0.7311219 -0.19212003 -0.38924724 -0.31414008
12 0.54832643 -0.013415055 0.5473197 0.9835176 -0.6033622 -0.048439704 0.75889367 0.6812036
44 -0.665935 -0.5624459 -0.01502765 -0.09205218 1.4499148 0.8486959 0.3538113 0.46805024
3 0.50079334 0.13503592 1.9342284 -0.1091601 -0.15616962 -1.0311556 -0.3266607 -0.0729459
34 0.5757624 -0.23461471 -0.13012795 1.6954478 -0.8433676 0.8896226 -0.28171182 0.9210737
31 -0.5460312 -0.14074552 -0.4868396 0.7430316 0.7705104 0.7436766 0.4383512 1.2090222
27 -0.4031677 0.15542947 -0.8618929 1.2447017 0.43671945 1.28718 0.6760118 1.0616149
25 0.44712764 -0.40384924 -0.14837073 1.5121211 -0.73744524 1.5198251 -0.15301903 0.23814932
33 1.0566857 -0.54872906 1.4495546 0.7021562 -0.56844807 -0.6563264 0.5590526 0.034958243
4 -0.1890891 0.537372 -0.35384938 1.3821039 -0.26565146 1.2141391 -0.3108316 0.54810137
47 -0.07748663 -0.51459634 1.1689184 -0.60117847 1.2931739 -0.30629033 0.21774124 0.0816054
29 0.42041585 0.11749049 0.49452004 1.1245766 -1.2250535 1.3233837 -0.16576771 -0.3514089
22 0.13447446 -1.079998 0.8758119 0.32720065 0.027402177 0.6012396 -0.71375394 -0.15975404
7 1.1576345 -0.1953954 1.4477373 0.20105733 -0.42297336 -0.7774359 0.86666864 0.6550911
46 -0.54341406 -0.33758572 1.3583065 -0.7044346 1.1546996 -0.16379076 -0.4411634 -0.30845213
48 -0.8971134 1.0672667 -0.049837984 -0.30522022 1.0404999 -0.13845824 1.5089543 1.8731565
