50 8
43 -0.30488202 0.35597813 0.61026376 -0.16208825 0.8517108 -0.09804456 -0.00018073397 0.35524878
28 -0.8444991 0.37647718 0.34262836 -0.26430166 0.6192052 0.13952608 0.20966864 0.57253313
1 -0.728458 0.25486094 0.46215573 -0.95408857 0.7224793 0.14525254 0.56389445 0.08827814
27 -0.8264532 0.5289993 0.36898923 -0.5242576 0.63836294 0.083895676 0.26563495 0.384428
36 -0.6196187 0.32757065 0.48604292 -0.76256925 0.46429613 0.3181326 0.6356745 -0.22628874
24 0.4159999 0.33995032 0.8305896 0.47198558 0.413572 -0.12557395 -0.07418353 0.19970444
6 -0.18540154 0.352802 0.6782834 0.22050071 1.0159919 -0.33108076 -0.27591974 0.47017902
38 -0.7155916 0.39552942 0.28241172 -0.583185 0.03941779 0.58202845 0.7268288 0.22326541
17 -0.7622266 0.5420555 0.36625195 -0.56531924 0.6332766 0.18756986 0.22280091 0.3392781
31 0.06707693 0.44777367 0.6839643 0.41611713 1.3913999 -0.6283143 -0.46772662 0.856994
26 -0.4114253 0.32423884 0.5696035 0.2850248 1.0710537 -0.40192494 -0.21082136 0.7933386
42 -0.37053353 0.3572352 0.63536435 -0.12475626 1.2513636 -0.29347935 -0.3017392 0.52349377
45 -0.7953484 0.87729007 0.3297654 -0.54049265 0.6084043 0.047425188 0.35239974 0.10992149
20 -1.0285728 0.23664749 0.31305277 -0.85839915 0.2927014 0.49658227 0.6072778 0.44510484
19 0.24407269 0.23624186 0.8527525 0.71403426 0.92711353 -0.45138314 -0.38393292 0.53701085
49 -0.5610904 -0.012051989 0.551021 -1.1260359 0.08288003 0.7051706 0.79344726 -0.019712832
40 0.6718135 0.082206644 0.8978031 1.5732601 0.82690096 -0.19614571 -0.50558823 0.18134655
16 -0.49952912 -2.6938014e-05 0.38044715 -1.0225741 0.09411573 0.7044968 1.0516832 0.19801757
10 -0.67775726 0.4841875 0.40811563 0.47956407 0.39860758 -0.2854397 0.05829169 1.0308821
41 -0.6991646 0.21838346 0.3713544 -0.89179283 -0.47169107 1.033534 0.98509187 0.008364786
44 -0.17791972 -0.009712833 0.6907384 0.4104053 1.2983404 -0.311994 -0.4320782 0.7506292
34 -0.3954008 -0.21578243 0.6819992 -0.7459475 -0.42272675 0.94991267 0.7660772 -0.18397981
8 -0.32264096 0.5617877 0.49277073 0.6303837 1.0831875 -0.376585 -0.43469787 0.8940114
18 0.79354876 0.052196518 1.0389786 1.6498857 0.48568597 -0.116018355 -0.56669384 0.1708053
9 -0.18887834 0.020299478 0.73251015 -0.6272438 -0.90777045 1.0659238 0.9246267 -0.42676234
13 0.26906815 0.27064016 0.6900908 1.3695313 0.2654907 0.20807722 -0.49598104 0.5123611
46 -0.67575514 0.53256774 0.46031702 -0.30948246 -0.14214061 0.4538026 0.30745053 0.27809536
39 0.24836758 0.8725311 0.67349386 0.50964737 0.22175348 -0.18943031 0.020043137 0.15027626
11 -0.66035044 0.009148568 0.5228317 -1.2566105 -0.4939598 1.147675 1.0482733 -0.31228703
12 0.3613745 0.5422262 0.8413809 1.5933694 0.34769055 -0.28141803 -0.5662637 0.3983275
30 0.50117594 0.22184967 0.8350437 1.357241 0.41222158 -0.2228866 -0.082906105 0.08793788
14 -0.15578768 -0.0070994426 0.75321835 -0.6185489 -1.1740618 1.2716078 1.0235611 -0.60351354
5 -0.35080704 0.69975424 0.29145384 -0.94573754 -0.47916055 0.8715371 1.0424651 0.0783147
4 -0.6924812 0.52012855 0.3582393 -0.82478637 -0.7471818 1.1088593 0.9466049 -0.17566621
22 0.090340175 -0.449441 0.8724396 0.113789566 -0.9850012 1.159023 0.90163493 -0.7765006
7 0.102746576 0.6600554 0.6177507 1.1594616 0.8590035 -0.5405355 -0.5307332 1.0678447
15 -0.041340545 0.5844809 0.6203615 1.3003083 0.5850633 -0.45451206 -0.4985324 1.0770593
48 -0.050957404 0.2397469 0.5490719 -0.2501268 -1.194235 1.0039743 1.1554471 -0.19436379
33 0.36255574 -0.5988736 0.87208575 0.44334024 -1.0628641 1.2532808 1.0556699 -0.93319654
23 0.94174075 -0.010174399 1.1727607 0.81242174 0.16034818 0.19653456 -0.124961905 -0.6580909
25 0.20653698 0.11505062 0.763842 -0.36730474 -1.3939722 1.3962457 1.1238277 -0.6786279
32 0.733086 -0.35182658 0.963321 0.92352295 -0.9898001 0.93182445 0.7092807 -0.7511705
37 0.93745667 -0.6788797 1.1394088 1.2098451 -0.82363206 0.5616591 0.5109192 -0.2149719
35 1.1707845 -0.53726834 1.2361808 1.3978456 -0.8430089 0.5165938 0.37609443 -0.461294
21 1.0905596 -0.6222959 1.1489463 1.8470982 -1.219033 0.7599947 0.41980562 -0.17591546
47 -0.3731842 -0.095371425 0.59609836 -1.0600232 0.7284875 0.5650503 0.5643452 -0.3716162
0 0.60432607 0.12034737 0.96115565 1.7207487 0.543961 -0.0013376115 -0.6985887 0.11966837
29 -0.16555974 0.14035064 0.5534791 -0.7612915 0.07191945 0.7799842 0.81854934 -0.50811905
3 0.83963317 -0.019618317 1.0174723 1.7234669 0.83425766 -0.22838835 -0.613253 0.12755239
2 1.0901448 -0.15295936 1.110253 2.0354054 -0.89663345 0.41133207 -0.04825015 0.076092124
