50 8
43 -0.62137157 0.059298653 0.5635979 0.70336425 -0.9676164 -0.7250033 -0.12663458 -0.8822097
1 -0.35260138 0.023031933 0.4698366 1.0391619 -0.074329026 -0.08258089 0.47665083 -0.7004166
48 -0.42428777 0.26994574 0.25208008 0.87483037 -0.788462 -0.5149389 0.07915448 -0.7865576
42 -0.62735915 0.23024203 0.27902982 0.7502365 -1.0317206 -0.40295318 0.10336611 -0.81048673
45 -0.5186512 0.22620998 0.20823494 0.80787 -0.5885468 -0.99410117 -0.5886551 -0.6080177
27 -0.7638453 0.38573506 0.24001104 0.5925083 -1.2119045 -0.44997215 -0.029834026 -0.9615087
28 -0.5273352 0.11790496 0.4975536 0.80325425 -0.5701014 -0.40499362 0.14467737 -0.8648011
20 -0.4727621 0.16738626 0.5693605 0.4697041 -0.8138004 -0.8512282 -0.4895066 -0.47772002
41 -0.5690129 0.30031776 0.5745351 0.556707 -0.87682176 -0.11888513 0.41708362 -1.006902
49 -0.6799316 0.13813302 0.42322677 0.8169198 -0.7227194 -0.053957116 0.47629046 -0.9375725
15 -0.61952955 0.2190156 0.15922983 0.8065791 0.4426052 -0.23437962 0.33100462 -0.7059247
26 -0.35681507 -0.0023825231 0.54078156 0.72534275 0.06307768 -0.8442726 -0.5225771 -0.31207916
9 -0.2384497 0.5336996 0.10213796 0.6035335 -0.47054195 0.63837355 0.83555305 -0.20740494
46 -0.42412415 0.091001906 0.24107419 0.9880016 -0.048929993 -0.25196242 0.008329007 -0.52298456
16 -0.61006486 0.5859985 0.36147624 0.21389689 -1.2319425 -0.39098355 0.0462985 -0.73303545
6 -0.6572596 0.18985686 0.24332857 0.64458907 -0.5395063 -0.89411694 -0.55401695 -0.5562039
17 -0.66237897 0.21057454 0.5070176 0.7660525 -0.8474725 -0.3439724 0.21063237 -1.1254007
4 -0.52304727 0.045637228 0.82670015 0.6706115 -0.8003931 -0.03084141 0.5119166 -0.9587554
10 -0.32381216 0.3775257 0.009331716 0.81567234 0.36562213 -0.13759753 0.049101435 -0.30013293
47 -0.6935229 0.17240725 0.47961602 0.9083666 -0.90925705 -0.047854237 0.17822756 -1.1843809
36 -0.67949885 0.2349962 0.32204652 0.8795108 -1.0112128 -0.20358825 0.47257343 -1.1847713
5 -0.31890377 0.11127631 0.50447464 1.1096485 0.20100258 0.2247875 0.63622314 -0.9292894
13 0.045360904 0.5676693 0.19855604 -0.07544684 0.7984751 -0.021168172 -0.12273597 1.6197151
24 -0.039660014 0.5451532 0.18614325 0.6245675 1.7068499 0.79145235 0.49597326 0.40318868
23 -0.20951392 0.3667571 0.35646692 0.5369476 1.4390169 0.40281695 0.27400762 0.30745935
14 -0.032689944 0.9063615 0.09476526 0.018851664 0.6961864 1.4472327 1.143497 0.8718355
19 -0.023318486 0.62915695 0.19622879 0.3437829 1.693552 0.852383 0.5576664 0.84445757
31 -0.2597459 0.44025943 0.36397102 -0.049754005 -0.7363608 -1.1648409 -0.848225 0.50004154
25 -0.20193772 0.8926832 0.27301517 -0.6324772 -0.77389187 0.5456152 0.025559349 1.2659311
44 -0.40070584 0.36098066 0.4227879 0.061641335 -0.732382 -1.1944866 -0.985622 0.15908724
7 0.22196287 0.8014897 0.2276283 -0.2780629 1.105541 0.25254112 -0.12966265 2.0570877
11 -0.54958487 -0.00021085363 0.52062446 1.0428594 -0.4759042 0.4939211 0.5522835 -0.7795558
34 -0.46407768 0.4043298 0.5956302 0.457202 -1.222142 0.177919 0.25895464 -0.77400243
29 -0.18725933 0.6166177 0.26941174 -0.41244182 -0.9565702 -0.8923361 -0.66289943 1.0852803
18 -0.014610174 0.96439606 0.13054869 -0.76022327 0.4722464 -0.2724829 -0.83082694 2.0885563
21 0.26247525 0.7472671 0.32635266 -0.14898452 1.4124146 0.5738629 0.20817907 1.8812255
39 -0.26696754 0.46231288 0.43022338 -0.027918737 -1.2210035 -0.9184018 -0.75264066 0.3968957
33 0.17679173 0.7354638 0.2685992 -0.13217962 1.493184 0.6261254 0.32758906 1.7305927
38 -0.57130724 0.4582823 0.4394596 0.5192614 -1.0595889 -0.20576951 0.44255894 -1.1006211
3 0.21744516 0.78510135 0.35166115 -0.15911123 1.3915018 0.7204419 0.32474378 1.7283546
0 0.2093527 0.837587 0.08885424 -0.067978956 1.5582743 0.6652903 0.13026167 1.9126048
2 0.11897992 0.6088748 0.27393776 -0.081743926 1.3059328 0.62851393 0.41750568 1.7454919
40 0.0047527757 0.91919035 0.2064644 -0.7677094 0.51569784 -0.20314114 -0.77973783 2.2314851
35 0.3396797 0.7070403 0.30787477 0.00056645024 1.7553924 0.49521166 0.35000926 2.0201254
37 0.19237785 1.033503 0.32654846 -0.449672 1.2783643 0.725899 0.3568526 1.7584137
22 0.07223303 0.6821435 0.3427686 -0.0947975 1.6676496 0.42093256 0.11240775 1.493909
8 -0.32470962 0.53968066 0.1752529 -0.21360585 -0.44178018 -1.4950001 -0.9288282 0.64147437
32 0.25876737 0.79629374 0.26122293 -0.1871238 1.585643 0.59897673 0.1264093 2.1253088
12 0.30752194 0.91842383 -0.0053913584 -0.12920527 1.4839889 0.42404264 0.37658978 2.0697408
30 -0.00046611027 1.0799232 -0.20337436 -0.5842493 0.5831512 -0.2736221 -0.85756576 2.084282
