50 8
28 -0.13721663 0.40712413 0.29235464 -0.25439256 0.33971685 0.6912196 0.28610528 0.6208958
21 -0.12389096 0.33489 1.0574582 0.32427436 -0.027057609 -0.07322816 -0.37935263 0.057660583
43 -0.2673081 -0.09378793 -0.021842673 -0.42407733 0.55942863 0.6600891 0.6543852 1.059724
23 0.253105 0.62417006 1.2189782 0.32453334 0.25576824 0.024927814 -0.653063 -0.38472718
27 0.11308841 0.50788975 0.38772324 -0.23373233 0.3109764 1.1916677 0.66500795 0.2937986
49 0.16677673 -0.013520081 0.66459435 -0.8042928 0.30284208 1.0855266 0.35744733 0.21201631
46 -0.34511817 0.39629665 0.3657003 -1.2919184 -0.074177645 0.33839133 0.5205357 0.8635613
19 -0.10435054 0.9558678 1.0995111 -0.9656094 -0.5442073 -0.45374608 -0.28526405 0.29634598
40 -0.03735276 -0.010998582 0.7111742 1.4738556 0.36548787 0.19535398 0.3389076 0.26378196
31 0.0043986207 -0.23870459 0.48800918 1.1097804 0.6049101 0.23266594 0.35500777 0.4735026
1 0.21508808 0.089999944 0.60195535 -1.0980142 0.33442774 1.3329002 0.13652645 0.21661554
29 0.4050355 -0.114940114 0.24985324 -0.4334464 0.8283393 1.1545649 0.3922587 0.431785
39 0.1657472 -0.09757989 0.34953487 1.07098 0.88505894 0.76188064 0.5180976 0.27558714
2 -0.018347079 0.12727015 1.4214046 1.4181039 0.19571325 -0.28046408 -0.36663878 -0.41482195
25 0.8387356 0.1600548 0.8456619 -0.7070619 0.44433472 0.48937696 -0.37443325 0.08883553
36 0.3781455 -0.0816857 0.7541214 -0.47313827 0.5373417 1.0689443 0.32561195 -0.059750706
38 0.44526285 0.19040802 0.5477189 0.4522645 0.5609519 1.1782924 0.28925505 0.07430798
48 0.33357164 -0.16263904 0.30889463 -0.7761855 0.6741757 1.2177595 0.3951182 0.5177582
9 0.36766687 0.71831393 0.8983284 -1.1798395 -0.3002412 1.0816765 0.5427729 0.04631125
41 0.35901496 0.29063478 0.48880252 -0.10732516 0.5904282 1.2498041 0.22760099 0.08212369
24 -0.3562021 0.5380353 1.0880549 0.61245227 0.15054844 -1.2055025 -0.7206929 0.21317151
14 0.38009015 0.21627373 0.8001733 -0.87531734 0.09358576 1.4015763 0.12520479 0.0526267
34 0.38644317 0.09360697 0.6939358 -0.9835872 0.21990217 1.2738111 0.44465604 0.16265868
47 0.21375355 -0.21128447 0.34509116 -0.6784458 0.5705238 1.4493046 0.5197942 0.43082187
6 -0.4677173 -0.05317548 0.16570783 0.55724865 0.44151303 -0.54213685 0.43344766 1.169683
5 0.08125859 0.69768935 0.433976 -1.3717209 -0.076737694 0.01883591 0.33356902 0.8290656
4 0.32629144 0.64702725 0.64582276 -0.7780982 0.06907299 1.1181798 0.21059532 0.14964996
20 -0.37885508 0.17502955 0.18623018 -1.1693649 0.038499977 0.8769431 0.40326813 1.0603794
16 0.10506786 -0.18162934 0.22293964 -1.3119035 0.40230644 1.049402 0.4515877 0.84570324
7 -0.57331085 0.289099 0.45970857 0.8337816 0.21605393 -0.731814 0.11181975 0.8920244
12 -0.4277123 0.35733494 0.9196022 1.0034893 0.30386403 -1.3505499 -0.6788772 0.47104737
3 -0.30009508 0.5292161 1.0252888 0.9013581 0.05812321 -1.6297921 -0.5601301 0.47908387
18 -0.50698185 -0.12365559 0.49416175 1.4982466 0.67186826 -1.5281827 -0.3637495 1.0086445
11 0.5422178 0.09647845 0.7775262 -1.7375464 0.13200444 0.96143746 0.032718193 0.25858915
15 -0.7170284 0.40636396 0.6342983 -0.08445178 -0.20689346 -1.5063304 0.1865976 1.0980867
13 0.087448455 0.46996638 0.57128954 1.3118787 0.36941463 -0.38028517 -0.22178508 0.53669626
30 -0.2216546 0.009741945 0.82278067 1.3146927 0.4747308 -1.2153926 -0.2707868 0.52600765
42 -0.1768046 -0.59102345 0.39645368 -0.13925995 0.6288986 -0.52301055 0.14281297 0.92086214
22 -0.04749562 0.16389215 1.7097464 0.3923228 0.023594812 -1.0267333 -1.0918313 -0.448222
17 -0.36857376 -0.15902609 0.10867354 -1.0694278 0.27032462 0.27235818 0.49269393 1.2260171
33 0.3118773 0.82504994 1.7192332 0.30453077 -0.14262928 -0.48328903 -0.9629357 -0.71458924
8 -0.3889056 -0.17282005 0.12767541 1.6420407 0.74847 -0.18789656 0.42331386 0.9742623
10 -1.0368168 0.4870929 0.2897923 -0.19665608 -0.46687624 -0.6574815 0.44482642 1.4493432
45 -0.3147209 -0.84322566 0.12359814 -1.1109524 0.5902421 0.040497303 0.6601239 1.2897851
26 -0.8524066 -0.5151201 0.37869447 0.11698013 0.2076458 -1.1585928 0.2471664 1.3794752
35 0.032788653 0.3449871 1.6213286 0.61602604 -0.0831864 -1.4750105 -0.716426 -0.20112327
0 -0.31651998 0.3204339 1.3810581 0.57904756 0.10466473 -1.8272277 -0.79107845 0.1846057
44 -0.01910111 -1.3590332 0.095008634 0.6309066 1.1993251 0.14996852 0.2709783 1.0525236
37 0.07348452 -0.07468515 1.6966754 0.8460003 0.22472976 -1.3895984 -0.73383844 -0.361508
32 0.043105073 0.7293965 1.7175502 1.5819616 -0.01697986 -1.0968536 -0.65763986 -0.5962938
