50 8
26 -0.9525022 -0.06550634 0.36171556 0.73090076 -0.43441945 -0.87442845 -0.5339923 -0.44767165
39 -0.8349973 0.24524872 0.05075134 0.63426936 0.28549045 -0.81066406 -0.50298136 -0.20301749
27 -0.220512 0.5393596 0.56265265 0.73590916 -0.42833912 0.37277365 0.4462258 -0.6737868
23 -0.26633224 0.9933424 0.10412345 0.385477 -0.067259006 -0.28039488 -0.21468861 -0.8873764
43 -0.30571765 0.57290596 0.56596375 0.66496384 -0.19730392 0.40942425 0.6642321 -0.602107
31 -0.80937606 0.08160498 -0.042541973 0.9045834 0.05505014 -0.85021186 -0.6023513 -0.22419024
1 0.08123663 1.1402591 0.2970606 0.5865337 -0.13975853 0.46977827 0.09650537 -1.1787721
15 -0.83638865 -0.06111094 0.18412799 0.9326619 0.490944 -0.40190685 -0.30012134 0.1368571
44 -0.8175794 -0.12503365 0.44030145 0.87120306 -0.31064042 -0.72655094 -0.30608496 -0.44879186
24 -0.14903504 0.7350035 -0.005378091 0.7039026 0.32650647 -0.15657224 -0.28550273 -0.24803065
13 -1.0120538 -0.1985662 0.13327312 0.57464516 0.05208013 -1.0353618 -0.44839966 1.1207099
42 -0.759783 0.04922882 0.5231742 0.7301199 -0.5961681 -0.8928963 0.017515175 -0.8008386
18 -1.080159 -0.119868726 0.14186041 0.44762418 0.05565848 -0.943142 -0.4328751 1.0733887
34 0.7169424 1.5242562 0.5350046 0.23174205 -0.04082586 0.86656064 0.46343723 -0.23429456
6 -1.0503049 0.002534092 0.1401899 0.70810205 -0.4942588 -1.1464143 -0.34636155 -0.4807997
36 0.024874214 0.7488212 0.55677164 0.7360649 -0.41389933 0.77457154 0.3285976 -0.612855
10 -0.50810736 -0.23733106 0.908144 0.79362726 -0.45264527 -0.13916695 0.74132174 0.40706274
25 -0.1225013 1.3331139 0.14658137 -0.46294448 0.17112589 -1.0146192 -0.71769196 0.20233418
19 -1.0696738 -0.3067999 0.12950444 0.8143655 0.06779409 -0.76599044 -0.69454837 0.8372263
4 0.45657504 1.0689428 0.76647663 0.27819037 -0.5974034 0.4790419 0.681325 -0.31123796
2 -1.0502802 0.1164475 -0.144333 0.3830539 0.5041484 -1.0724276 -0.59396607 1.2093822
29 -0.69326174 0.43098775 -0.021038152 0.4361058 -0.26747426 -0.9166181 -0.5800528 -0.046600074
41 0.57235724 1.3259096 0.62948817 0.3640395 0.16409902 1.2651687 0.7311679 0.025721949
49 -0.25745302 0.63030773 0.60642475 0.6441168 -0.60619307 0.3524351 0.46039057 -0.90528953
3 -0.48095492 0.67571485 -0.05343216 -0.016632657 0.76945776 -0.5922398 -0.5671452 1.6756282
17 -0.5622635 0.09476218 0.6704212 1.0503546 -0.7727751 0.051538546 0.17761965 -1.197446
12 -0.4012354 0.5191166 -0.16658875 0.46221778 0.6181807 -0.06999894 -0.124114804 1.3916245
46 -0.28759858 0.5119764 0.5189596 0.58924663 -0.65692466 -0.118490726 0.51852286 -0.6340885
9 0.3947948 1.0641248 0.675524 0.30593523 -0.59379566 0.65535116 0.8517184 -0.0843496
45 -0.76533926 -0.179986 0.64403814 0.9761899 -0.33833316 -0.46354958 -0.00543004 -0.59874886
14 0.5167243 1.8005314 0.2425919 -0.20217718 0.4734373 0.71787155 -0.08643363 0.31136966
5 0.27405962 0.6446841 0.6660172 0.6610814 -0.22437322 0.8776124 0.813356 0.48554718
28 0.033955935 0.471726 0.7773299 0.7734586 -0.4575021 0.5856673 0.5444578 -0.3654451
40 -1.1058757 0.30551222 -0.105288915 0.19202013 0.6793223 -1.3040109 -0.7448849 0.68021804
21 0.0005313166 0.88413584 0.35568646 0.09809989 0.43309498 0.53967804 0.33165455 1.5561633
0 -0.830845 0.22748108 0.022727493 0.19922656 0.509617 -0.9639067 -0.50337535 1.3984009
47 0.35704252 1.4801677 0.41751572 0.18500812 -0.058171112 0.81220955 0.43607548 -0.4719132
20 -0.481334 0.08530369 0.8511408 0.65343696 -0.921018 -0.4328943 0.24317269 -0.60409826
38 0.41131663 1.5178652 0.06789851 0.19261073 0.3562524 0.6818771 -0.16857238 0.17743972
32 -0.06396899 0.6185647 0.044060316 0.23707053 0.16567372 -0.4821245 -0.044887647 1.5165389
30 -1.1865963 -0.06829106 -0.10378226 0.5829232 0.24369135 -1.3649527 -0.77545106 0.54139686
22 -0.37381566 0.16835405 0.16341211 0.67072684 0.44098893 -0.48819554 -0.42587823 0.98818475
35 0.54844856 1.2712649 0.41127965 0.0025698512 0.3768445 0.6619943 0.21589425 1.293939
33 0.46613076 1.6428305 0.47857365 -0.59270734 0.34396324 0.25280342 0.106339574 1.1315657
7 -0.9353908 -0.2010098 -0.021477887 0.76529944 0.05015167 -0.95133835 -0.35634252 1.0026121
16 0.44273585 1.6296582 0.42778987 -0.14448763 -0.6737443 -0.056781374 0.33218956 -0.84349275
11 0.9523173 1.6475929 0.5975767 -0.03689228 -0.41654578 1.1248772 0.37300113 0.61829716
48 0.56163627 1.615171 -0.23043288 0.5391526 -0.113534145 0.6365113 -0.02525182 -0.5909713
8 -1.0967252 -0.46117422 0.30965838 0.8604432 -0.42436743 -1.2764465 -0.30217096 0.24628145
37 -0.21333486 0.53463596 0.47846055 -0.18640304 0.5983241 -0.5573125 -0.032591432 2.0114348
