50 8
26 -0.6234454 -0.006104865 -0.12232829 0.6496293 0.5385959 -0.17743179 -0.34629714 0.010823299
16 -0.09951437 0.73281056 0.070073485 0.3838741 -0.6351753 0.10552016 -0.18033463 -0.46849763
25 -0.2125325 0.5600051 0.4023339 -0.041360326 0.03089048 0.16142397 -0.5639828 0.147703
20 -0.10948768 0.36192858 -0.18866475 0.9057088 -0.8928046 -0.37098143 -0.29700437 -0.8172324
27 -0.26540542 0.3498476 -0.28226268 0.9040012 -0.95214635 -0.22109573 -0.25445578 -0.7240361
1 -0.12861553 0.5632604 -0.06737644 0.7050423 -0.8116794 0.07926729 -0.22266254 -0.7633203
36 -0.15332432 0.5794836 -0.18675335 0.7492986 -1.013623 -0.06446595 -0.1904334 -0.7059984
18 -0.683839 0.0012322589 0.44910032 0.17745878 1.589416 0.121473186 -0.58018243 0.6854883
45 -0.2285831 0.5359147 -0.4180288 0.89432734 -1.0556067 -0.1342905 -0.28878808 -0.86596906
41 -0.06478023 0.5942613 -0.06996025 0.7958387 -1.3283876 -0.10061731 0.025600675 -0.76827
19 -0.6086167 -0.0869774 0.8591408 0.0045952625 1.6857893 0.22978099 -0.39841217 0.7521974
17 0.039269317 0.6620785 0.19611628 0.49021503 -1.1933666 -0.37619796 0.007040049 -0.69485164
39 -0.54522324 0.35202363 -0.8620508 1.0416929 -0.45324472 -0.086024694 -0.7338262 -0.4818457
30 -0.5396701 0.024394136 0.6622889 0.102195606 1.6639001 0.08313527 -0.46524543 0.7505607
47 -0.26596734 0.6761887 -0.40186727 0.8278783 -1.3025109 -0.008793399 -0.26423118 -0.8928427
34 0.108686626 0.9911551 -0.17186865 0.7415415 -1.3331878 -0.085926026 -0.059812963 -0.72943807
46 -0.38443682 0.3075519 0.3011523 0.54286146 -1.3289008 -0.053590424 0.28767112 -0.5525072
28 0.13730049 0.67088604 0.43455282 0.43725458 -1.4674402 -0.15087096 -0.0031290653 -0.8100555
29 -0.340595 0.36504287 -0.68695915 1.020373 -0.3662601 -0.3952848 -0.54964024 -0.30019668
24 -0.6328905 -0.07871198 0.91042876 -0.07714264 1.3809198 0.2827086 -0.44769484 0.7082428
49 -0.25853813 0.3204552 0.086313315 0.68536574 -1.4287118 -0.02682967 -0.081791736 -0.92902833
43 -0.15430407 0.8348756 -0.15803164 0.6346451 -1.3704839 -0.16492988 0.031763386 -0.75019187
15 -0.42705423 -0.046660956 1.3946066 -0.2914004 1.0129142 -0.0486157 -0.051467475 0.82074726
40 -0.4851169 0.34160802 0.26169693 0.26675197 1.630771 -0.14810865 -0.36625573 0.8314541
6 -0.5854986 -0.12094616 -0.47813353 0.8573328 0.46934432 -0.43533725 -0.79860234 -0.21574731
42 -0.5382516 0.26459983 -0.4175244 0.7358319 0.27492362 0.041847594 -0.44589642 -0.5373497
23 -0.58703625 -0.10750163 1.3826867 -0.2527661 1.15708 0.18779267 -0.012233111 0.910199
31 -0.4112414 0.102366626 -0.62926286 1.0227805 0.17029066 -0.33420873 -0.7050265 -0.38501903
10 -0.05276739 0.5173674 0.88986677 0.20175317 -0.44349512 -0.5198239 0.8270065 0.28029814
44 -0.1610314 0.55875546 -0.6271298 0.8860408 -0.6106891 -0.121110514 -0.75438845 -0.7570659
13 -0.68601954 -0.32578132 1.0592501 0.1063993 1.5975728 -0.07397721 -0.09729962 1.0392151
4 0.062558666 0.73027706 0.5178394 0.4168524 -1.9543443 -0.09024385 0.31855842 -0.78700656
14 -0.0014574621 0.7768437 0.26159465 0.4901857 -1.5270901 0.053985935 0.12508069 -0.7027978
11 -0.26110655 0.52560216 0.10446946 0.5973677 -2.001229 0.059395526 0.04359479 -0.96734047
7 -0.45047516 0.08372128 0.5257084 0.2836412 1.323794 -0.241085 -0.20381343 0.86648864
9 -0.14211302 0.6213778 0.120022945 0.65420467 -1.8238786 -0.19569172 0.26756236 -0.74113375
21 -0.52953446 0.115177326 1.3710881 -0.32210794 1.5861917 0.12184369 -0.16617365 1.3074266
0 -0.37123853 -0.0007144381 1.6001706 -0.4150345 1.4059703 0.20849688 -0.21482567 1.1753948
2 -0.42423582 0.21102709 1.5679727 -0.38764077 1.5658364 0.23694246 0.11208567 1.1826037
12 -0.28751978 0.19272423 1.634377 -0.42560095 1.3229327 -0.044954058 0.05343939 1.3780763
5 0.030631697 0.5484895 0.66955453 0.45422912 -1.6696118 -0.107771456 0.5204039 -0.44298407
3 -0.48985043 0.073968366 1.5420414 -0.42410508 1.3589678 0.22053683 -0.06412096 1.0218518
38 0.11164133 0.8171726 0.24355726 0.48798 -1.7101481 -0.061674133 -0.0015561787 -0.866826
48 0.11057869 0.63301754 -0.18872863 0.6522605 -0.13503438 -0.6737821 -0.3958772 -0.13896911
33 -0.50370896 0.006609192 1.8773041 -0.5661612 1.0927184 -0.06878174 0.42075154 1.1323137
22 -0.40013638 -0.22831029 2.0197678 -0.48077026 1.3858818 0.19552223 0.083940305 1.1136756
37 -0.5261276 -0.041691568 1.8919243 -0.5542378 1.9195194 0.25828364 -0.09825816 1.2894431
8 -0.5831529 0.15168647 -1.110029 1.1016266 0.57785666 -0.5309674 -1.0082641 -0.12061178
32 -0.6101769 0.026736649 1.6693909 -0.47992927 1.8093331 0.5474921 0.014585786 1.3510569
35 -0.60437244 0.026347434 1.8868991 -0.55699176 1.7111186 0.3280362 0.15554366 1.3215843
