50 8
25 -0.19892491 -0.6388739 1.0590812 -0.03702004 0.20478477 0.702724 0.49716544 -0.12292522
43 0.10255481 0.46531335 -0.25514683 -0.1112667 1.1882027 0.4449162 0.30238575 0.20307116
1 0.21261257 0.36888677 0.307542 -0.47967055 0.8120055 0.85279244 0.37703025 -0.038132213
28 -0.2943304 0.68878293 -0.008016954 0.077310584 0.5788779 -0.16493656 -0.18867426 1.0420301
39 0.22127466 0.5413019 -0.36961356 0.8525444 0.2122626 0.29681823 0.57371867 0.4864828
23 -0.030868892 0.75963503 0.49212044 -0.49044526 1.1666164 0.1561423 -0.7224843 0.49054226
31 -0.43527147 -0.09277249 0.20138705 1.1508442 -0.19533473 -0.19903871 -0.0012317699 1.0154172
26 -0.6639938 0.1774574 -0.23083939 1.0027215 0.09191184 -0.43517807 0.12729117 1.2024139
42 -0.55330247 0.19984587 0.4792617 0.044236 0.41898775 -0.39224437 -0.24250583 1.0907559
10 -0.28064278 0.40122247 0.14838658 0.71515954 0.5250681 -0.47606736 -0.30256027 1.0461603
46 -0.1973689 0.54268 0.7370828 -0.25548944 0.105128564 0.57112473 0.13517691 0.27406156
36 -0.026955351 0.36916763 0.041685943 -0.6460846 0.58764696 1.2673068 1.0506228 -0.27728137
20 -0.72991204 -0.18770936 0.80098975 -0.57198143 0.4183263 0.645305 0.2887372 0.081554614
18 -0.28658637 -0.17538221 0.28837672 1.4887803 -0.04793574 -0.27413866 -0.33322462 0.99187005
48 0.24373664 0.12199712 0.37977996 -0.40404436 0.6935383 1.0326025 0.66978496 -0.26686966
33 -0.009844079 -0.47395223 0.19588642 0.792107 -0.028718645 1.2301257 1.1457342 -0.5066092
41 -0.37658286 -0.038643453 0.014288558 -0.09775472 0.67940885 0.9462877 0.80460125 -0.2589368
16 0.0042401897 0.44190323 0.39816144 -1.1268952 0.8541029 1.1738282 0.7727647 -0.28964633
44 -0.39688563 -0.37778533 0.51077056 0.67348814 0.11108499 -0.22327185 -0.2300285 1.0586357
27 0.26228938 -0.44252962 0.85833037 -0.42878336 0.69504434 1.3329195 1.009846 -0.79455876
19 -0.012180316 0.65992117 0.6530061 0.09464155 0.82349557 -0.3962134 -1.1883996 1.155278
40 -0.22181791 0.026652325 0.03429875 1.5762988 -0.688176 0.015218166 0.290864 0.9779752
17 -0.17306784 0.4633993 -0.14790508 -0.48086292 0.4409267 0.6151364 0.73129433 0.47525772
7 -0.13601102 0.6192326 -0.20190772 0.63493395 0.43960515 -0.60676914 -0.52687716 1.6586806
34 0.25631437 0.34022334 0.3805784 -0.91652894 0.6786045 1.2918781 0.9965588 -0.3553306
6 -0.7457851 -0.49559548 0.9738888 0.7431743 8.124551e-05 -0.17796609 -0.12165759 0.54248875
38 -0.006462247 0.34070763 0.322743 -0.8746285 0.63897645 1.3301712 1.0038402 -0.42026126
8 -0.5094213 -0.09553982 0.32003087 1.195269 0.07666869 -0.5403258 -0.53795105 1.2854497
4 -0.31805208 0.1806432 0.54334855 -0.80923706 0.6537013 0.78360456 0.57046753 -0.013363051
13 -0.3742854 0.13327374 0.20944172 0.9349003 0.29005626 -0.5282239 -0.6138165 1.3298115
2 -0.43276837 1.0138829 0.050909165 0.0052819503 0.42967635 -0.36818162 -0.6765448 1.4903702
47 0.32890394 0.16486602 0.389244 -0.56337243 0.6223776 1.3577987 0.93926203 -0.47550863
14 0.23042029 0.40354633 0.26235285 -0.80843765 0.65779483 1.4030272 1.1432599 -0.4849016
15 -0.44704467 0.9691389 0.15404592 0.13603517 0.20332778 -0.5219426 -0.75341326 1.7376983
29 0.32121584 -0.50307053 1.244167 -0.46748683 1.0569654 0.8562871 0.4855116 -0.6797988
24 -0.009013386 1.1471325 0.13479057 -0.43995064 0.90255255 0.23232846 -0.96552694 0.9562156
9 0.20610702 -0.6215887 0.8029163 -0.1654647 0.28313205 1.3443688 1.3207824 -0.7047666
30 0.0012850795 0.12506679 -0.1279486 1.9954213 0.010314412 -0.1447107 0.025026845 0.6197066
12 0.12840116 0.5833628 0.09600707 0.99105686 0.49550724 -0.5064193 -1.0343343 1.4311694
49 0.17687055 0.28300604 0.4536223 -1.0688407 0.8621879 1.2446634 0.8847718 -0.32366747
45 -0.16841647 -0.20781478 0.80529433 -0.4878284 0.41704535 1.0275404 0.6466539 -0.30849415
37 -0.29987994 -0.99322563 0.2667509 1.5354519 -0.19440557 -0.0772689 0.9975891 0.43656856
35 -0.1968157 -0.7980524 1.3764964 1.2385437 -0.4072903 0.25371626 -0.08891133 0.15910812
0 -0.12857042 0.56754297 -0.04214535 0.7702538 0.45458946 -0.3918564 -0.75864494 1.3519348
11 0.034727823 0.36950216 0.25448546 -0.92113364 0.38686973 1.8119016 1.2000428 -0.6096484
21 -0.14614971 -0.40913597 0.24581395 2.1974216 -0.52330494 0.11342186 -0.23136999 0.7432918
22 -0.074604936 -0.98707825 0.19790564 1.9213339 -0.17440273 0.2864875 0.7512582 0.13340315
5 0.15200688 0.83515066 -0.14626709 -0.5280945 0.14032418 0.9641378 1.1007354 0.24804199
3 0.52233464 0.882611 0.065862805 0.8166853 0.9320942 -0.45466965 -1.0842394 1.1485003
32 -0.28493747 -0.18274504 -0.4487934 1.964041 -0.97423196 0.21054687 1.4094219 0.64922255
