50 8
36 -0.46223426 0.06452796 -0.007166734 -0.0790414 0.48507038 1.0004956 0.8483181 0.78959256
20 -0.18038404 0.46338633 -0.27362755 0.66318303 0.2214779 0.8928516 0.7580907 0.8780075
4 -0.08484294 0.39996603 -0.35895652 0.52390575 0.389396 0.83853155 0.840381 0.97243905
29 0.4900796 0.13067695 -0.1857469 0.50667596 0.43755686 0.6361897 0.52401114 0.6402706
46 0.3530517 0.92263514 0.70870435 0.10891771 -0.0018025661 0.69179815 -0.09113422 0.725698
1 0.16038677 1.0512613 -0.17489366 0.8784702 0.09422093 0.63466954 0.31073526 0.93895733
14 0.90113807 0.50714946 0.74761236 0.36506793 -0.23232658 1.1919739 -0.19954015 0.2330417
31 -0.22778736 0.13640851 -0.5789949 0.6160021 0.38616884 0.8253202 0.72275347 1.0738838
41 0.02044168 0.3166146 -0.58486825 0.7275691 0.5127519 0.8742082 0.73653746 0.78235996
38 0.115592614 0.38685596 -0.54697806 0.7989157 0.41323698 0.7999083 0.8986203 0.86802137
40 -0.0343192 0.19112661 -0.50043887 0.5908822 0.5535072 0.59995544 0.8747882 0.8712696
49 0.1706937 0.7669568 0.73827577 -0.18067853 0.024053281 0.9786032 0.22976813 0.75009465
39 -0.3104532 0.045211185 -0.2638713 0.7056415 0.43305412 0.6494841 0.84645325 0.39179298
9 0.29049763 0.3834566 0.35755035 0.016235692 -0.020613423 1.2454858 0.5558633 0.8681186
25 0.509344 -0.89167243 0.0030369516 0.15397556 0.7219706 0.83202404 0.06854819 -0.14182325
45 -1.0005435 0.15720442 -0.29684266 0.2520274 0.6057613 0.68347806 1.1235938 0.86922973
44 -0.6544301 -0.47705704 -0.5467253 0.626148 0.7746714 0.107502304 0.9498817 0.6650283
28 -0.5517165 0.5671693 -0.4794795 0.6792352 0.41096875 0.67491996 0.86300683 1.0188857
26 -0.99482644 -0.33885798 -0.5626969 0.866571 0.7085151 -0.11630212 0.78885895 0.672655
27 -0.076014966 0.65365523 -0.4191932 0.503326 0.5055546 0.7667341 0.7567071 1.0165073
43 -0.6307523 0.3870303 -0.38497135 0.60053843 0.48048493 0.59043664 0.97538203 0.89431065
0 -0.32296872 -0.75630206 1.6740893 -0.19672678 0.6463735 -0.57574093 -0.97441006 -0.8204283
21 0.50557303 -0.19321306 1.405579 0.35480645 0.18451211 -0.16328508 -1.2163146 -0.5121469
6 -0.3896493 0.26419297 -0.9332821 1.0324498 0.74555343 0.31747183 0.8119509 0.92896235
48 0.29780793 -0.036790792 -0.63718545 0.6467777 0.49573871 0.9201203 0.7932432 0.8816145
34 0.15048616 0.07842955 -0.08307413 0.08676738 0.31397626 1.1271604 0.8345156 0.93392044
8 -0.7117141 0.055978484 -0.7135205 1.4326105 0.44823298 -0.31621984 0.45550433 0.87600917
37 0.6642237 -1.1067846 1.4565831 -0.19859263 0.5159607 -0.13634895 -0.9012223 -0.5885064
13 0.11554751 -0.028402448 -0.27511376 1.1415337 0.6832414 -0.5312344 -0.23789075 0.30562502
15 -0.3568071 -0.4862764 1.9251167 -0.02458399 0.39638558 -0.71785694 -1.095173 -0.800552
18 -0.08585872 -1.3327442 0.5373607 0.8756465 0.9884277 -0.9865507 -0.6992258 -1.0635123
47 -0.86165357 -0.6272319 1.1418239 -0.29690695 0.6625143 0.034913234 0.049594555 -0.52868235
10 -0.27672732 0.88810325 0.10307193 1.5461092 -0.1817231 -0.19745563 -0.3067234 0.5824379
16 -0.42333025 -1.202521 0.57073665 -0.8378431 0.73604715 0.9664544 0.215142 0.13859305
19 0.8413062 0.1320191 1.414255 0.5323324 0.20389777 -0.52175283 -1.5041482 -0.3581322
42 -0.84003985 -1.1167318 0.29000774 -0.16378649 1.1968114 -0.32865098 0.1916843 -0.11936538
11 0.4526352 -0.22893295 1.6547111 -0.78820634 0.23764054 0.91490513 -0.6232212 -0.3191861
33 0.59074515 -0.68299615 1.4797742 0.65337914 0.26242006 -0.4786644 -1.1748592 -1.0455587
7 0.11080286 -0.17110315 1.076984 0.8909714 0.5084819 -1.3822901 -1.1502699 -0.37192005
5 0.40639314 -0.24909915 1.8321681 -1.0186094 0.32712096 0.7134048 -0.5671052 -0.23761673
24 0.9501415 0.5607569 1.6150122 0.41357705 -0.033670142 -0.33502495 -1.623135 -0.084898435
30 -0.43502897 -1.7065421 0.72539246 0.49304804 1.1554832 -1.0574585 -0.5323082 -1.0654936
12 0.29722932 -0.8416213 0.8458976 1.076328 0.9215726 -1.4282583 -1.3945073 -1.0028732
22 0.114137605 -0.9255554 1.6409036 -0.30268335 0.6627305 -0.38297182 -1.1189896 -0.73911554
17 -0.687983 -0.077549525 0.4314491 -0.5617523 0.42257625 0.6380532 0.5655851 1.0549589
23 0.97965795 0.48378888 1.3409055 1.1143371 -0.09480749 -0.53308064 -1.3665828 -0.57620275
35 0.03580306 -1.3488829 1.6742197 -0.26017478 0.8324611 -0.74795073 -0.9810662 -0.9090047
2 0.20790446 -0.6819069 1.7014108 0.5235101 0.47745693 -0.9760315 -1.371414 -1.0992986
3 1.2709471 0.73712695 1.2051258 1.0142052 -0.058067147 -0.56718636 -1.4802214 -0.050151
32 0.037129708 -1.4781932 1.2847252 0.40454784 1.0157931 -1.1929291 -1.1505734 -1.2793539
