50 8
24 0.4170398 0.06588552 0.91729647 0.05282805 0.024693944 0.32810166 -0.36681813 -0.15154918
19 0.5269449 0.05220882 0.7515441 0.90298957 0.5074229 -0.5065108 -0.829221 0.40715837
39 -0.33015692 0.28538537 0.311376 0.8385766 0.2524945 -0.15691529 -0.10745707 0.7955022
42 -0.7299427 0.1919324 0.4109353 0.122762606 0.3307973 -0.33990178 -0.3282887 0.7926324
43 -0.90109473 0.6163315 0.37148657 -0.2215129 0.11824351 0.47691128 0.60524374 0.343807
27 -0.56254244 0.6072106 0.70910233 -0.8770973 0.12010175 0.8542151 0.7124599 -0.24764743
16 -0.16616407 -0.063328974 0.7539486 -0.66041255 0.13837154 0.68036497 0.13515966 0.12975903
20 -1.0842296 0.36766592 0.5169173 -0.8635593 -0.04782841 0.5891359 0.8390417 0.4743466
0 -0.0372262 -0.051829476 0.7057424 0.7830424 0.42786193 -0.72352976 -0.81631035 0.5851676
26 -0.98825747 0.18097112 0.192402 0.28471017 0.13536222 -0.19882691 -0.14522628 1.1930348
6 -0.9321925 0.23759185 0.2213731 0.025916627 -0.010617235 0.1431875 0.028686482 1.099276
3 0.47077054 0.12609392 0.64785403 1.4034734 0.49350214 -0.47896606 -0.8746831 0.27805388
15 0.11115719 -0.1936374 0.65468335 1.2700068 0.14054993 -0.70507437 -0.8789885 0.7790388
44 -0.0217582 0.20518251 0.12682709 0.5658998 0.38023716 0.8623808 -0.09235073 0.5518252
18 0.16593142 0.0040830187 0.4396036 1.3121582 0.42665488 -0.49063092 -0.92113006 0.8853498
45 -0.95704395 0.62787503 0.47967133 -0.80869627 0.16149494 0.882426 0.6600517 0.02828843
1 -0.17395043 0.107914664 0.6265603 -0.32678303 0.11224238 1.2013628 0.28035635 -0.39276758
25 0.13442248 -0.28462276 0.6494984 0.062258754 0.41594476 0.36613506 -0.44667011 0.237866
23 0.7478871 -0.1216733 1.0629822 0.6174951 0.3932194 -0.4918462 -0.6708255 -0.009288928
34 0.24460892 0.23346376 1.065464 -0.69897205 -0.08716207 0.93965745 0.2105275 -0.7560966
41 -0.52456564 0.44798815 0.7772769 -0.8868786 -0.009839192 1.1559111 0.78918386 -0.4871056
40 0.5710798 0.20404005 0.4612646 1.5144458 0.14445801 -0.024453001 -0.7918822 0.60480565
2 0.13517404 -0.29836497 0.9612052 0.8106927 0.31280804 -0.6339456 -0.7613187 0.14112616
4 -0.5470308 0.7197653 0.696109 -0.74164504 -0.0006092498 1.0341398 0.7771735 -0.3918912
21 0.38153473 -0.45782372 0.75443524 1.158334 0.4469147 -0.22198641 -1.0758111 0.24225023
28 -0.8945046 0.58315 0.51761895 -0.7449601 -0.08514224 1.0925156 0.88460445 0.021530142
31 0.013177123 0.1807627 0.17553398 0.7992857 0.10849448 -0.03769119 -0.46046704 1.4035288
9 -0.7522256 0.35873887 0.7583291 -1.0739013 -0.023764638 0.88185775 0.9528307 -0.09114258
36 -0.4332371 0.36109862 0.72045684 -0.86566776 -0.0016568846 1.2750812 0.67481 -0.43075487
47 -0.832396 0.4053014 0.5945861 -0.82620186 -0.062936515 1.1651717 0.8373649 -0.19869067
30 0.7056524 0.0008948434 0.8854666 1.4883 0.33726466 -0.5280798 -1.2417601 0.04537076
14 -0.32066885 0.2618531 0.9868601 -0.9354499 -0.2052387 1.0100464 0.39503518 -0.6209686
8 -0.1304289 -0.045493994 0.1294854 1.2112106 0.33977512 -0.2727913 -0.776023 1.4071101
10 -1.0547948 0.5311953 0.0352136 0.045847073 -0.12079072 0.4380322 0.29245532 1.1596216
12 0.25489992 -0.10008807 0.5712719 1.2632034 0.39409688 -0.38327795 -1.0935416 0.5187404
38 -0.48749217 0.59110844 0.6694678 -0.61198235 -0.0702532 1.1323456 0.8295413 -0.2684239
46 -0.7374995 0.161338 0.8175894 -0.9244475 0.054743607 0.35192442 0.49377626 0.10108229
5 -0.6230836 0.54881096 0.86139184 -1.2510531 -0.23360883 0.98602366 1.0474862 -0.20209329
33 1.2305092 -0.61580235 1.4153038 0.6941226 0.29209018 0.06661261 -0.6510814 -0.75952196
49 -0.25462276 0.3910728 1.1364055 -0.92993975 -0.15433839 0.9623303 0.7560914 -0.8558194
32 0.8829727 -0.21888977 0.9018893 1.254033 0.4461577 -0.61058325 -1.0733322 0.35968423
29 -0.79908633 0.68623626 0.4300241 -0.3763238 0.3748987 0.71370816 0.49479476 -0.13144645
17 -1.0502561 0.20123991 0.4172096 -1.0073828 -0.07246501 0.175401 0.308491 1.1753776
11 -0.48554635 0.14771327 1.0167923 -1.3599342 -0.12595107 1.3079994 0.55445397 -0.7359317
13 -0.34928313 0.22790702 -0.19917823 1.4737086 0.19085693 -0.08733554 -0.6209881 1.7342335
7 -0.12786113 0.124864265 0.031866916 1.3527697 -0.06308751 -0.22433792 -0.41047347 1.8634012
35 1.1175686 -0.66117334 1.3278525 0.90707904 0.36372903 -0.41332087 -0.8741099 -0.20818439
22 1.1929855 -0.4744448 1.3005462 1.019914 0.16425543 -0.5323523 -1.1097128 -0.1024374
37 1.3725648 -0.9344967 1.4502782 1.0401188 0.4096524 -0.71956307 -1.2834748 -0.018108916
48 1.1360427 -0.41018686 1.2102776 0.36677283 0.3529073 0.7109327 -0.11634165 -0.90470254
