50 8
19 -0.15296027 -0.014292611 0.65331054 0.21839185 0.7101447 -0.09099964 -0.35402748 0.3473392
2 -0.030725418 0.090030685 0.63950413 0.8809284 0.0755597 0.41625062 -0.49396908 0.01886743
39 0.28570157 0.5419079 0.5201741 0.9205351 0.21231134 0.576562 -0.42199922 -0.34578863
18 -0.28822982 0.25156432 0.2729751 1.3953917 0.7571613 -0.06887066 -0.5555027 0.4934519
1 0.6199909 -0.45504874 0.7881469 -0.52366513 0.27635327 0.7125512 0.24120536 -0.022028023
43 0.011496729 -0.16666223 0.6503315 -0.39599302 0.58277255 0.294986 0.2797405 0.38490975
42 -0.4986198 -0.21548331 0.57908934 0.0642287 1.0205085 -0.08193996 -0.5375631 0.34546864
24 -0.24495573 -0.36239415 0.6434167 0.31439552 0.60988 -0.053647585 -0.5696999 0.57195973
26 -0.46478257 -0.060826056 0.6496072 0.22422154 0.7390524 -0.34579557 0.49787667 0.74954385
25 -0.07698832 -0.37555555 0.7746958 -0.24981412 0.053803075 1.0889835 -0.52940154 -0.36484435
12 -0.05791385 -0.17069173 0.60310507 0.8909655 0.45827705 0.35447335 -0.9006257 -0.20407113
23 -0.25823948 0.27825606 0.6731497 0.3807162 0.8374313 -0.09843234 -1.1529526 -0.15364572
40 -0.27348137 0.20450626 0.26814795 1.4592278 0.75791925 0.066705555 -0.79658026 0.25666672
28 0.07937531 0.0033298936 0.9057334 -1.4278083 0.4355642 0.3286612 0.68386346 0.61549455
35 0.4117466 0.58226997 0.90150934 0.48318723 -0.45455047 0.20252958 0.12277761 0.3271899
22 0.42698625 0.5835978 0.7708992 0.7069447 -0.19551536 0.21480559 -0.20561676 0.13212323
31 -0.27482224 -0.0038756644 0.36261764 0.8995993 1.0459967 0.12730286 -1.2944254 -0.009194213
34 0.5976348 -0.5067453 0.7516812 -0.6371844 0.12527867 1.0524291 0.33975074 -0.031526476
0 -0.4149203 0.26088658 0.31493694 1.5440409 0.67360216 -0.03999169 -0.7581657 0.36303517
20 -0.49824485 0.13218535 0.9371736 -0.5490557 0.26037496 -0.00039630316 0.13225548 0.57052904
30 -0.20477471 0.33909363 0.42240494 1.3820746 0.6446475 -0.008090468 -0.58886707 0.11817665
3 0.23120745 0.45595205 0.53579557 1.3568075 0.46651763 0.002332653 -0.97512305 -0.095451064
16 0.23573922 -0.68203574 0.95908946 -1.1153159 0.35509712 0.4821089 0.35364905 0.42636412
13 -0.6147273 0.55127406 0.5141847 0.9361905 0.43718764 -0.07036353 -0.6380504 0.5140294
7 -0.6597107 0.49125868 0.6634853 0.83206284 0.35021502 -0.42680126 -0.16306014 0.7922667
21 -0.1572613 0.3158086 0.5247891 1.2845138 -0.13689917 0.63113576 -0.50854343 0.016372215
32 -0.41773754 0.533707 0.51386106 1.3470972 0.33751655 -0.008054326 -0.58780503 0.3261665
41 0.9740178 0.48732835 0.6095119 -0.47593838 -0.04892268 1.1022614 1.4384086 0.061755165
15 -0.9032792 0.47053266 0.75436467 -0.16148594 0.6577422 -0.09276557 -0.3107767 0.25588173
38 0.28022736 -0.28374714 0.9481173 -0.50570464 -0.5782934 1.421592 0.32157108 -0.23429105
46 0.10222386 0.53731835 0.37194252 0.1100132 0.6239448 0.6661018 0.28776994 -0.047641918
27 0.38388613 0.4477446 0.9502613 -0.89154553 0.065420486 0.08952322 1.1312757 0.7411852
6 -0.72436243 0.96392506 0.95503265 0.06888511 0.24906425 -0.6150539 0.31544614 0.71572596
8 -0.8510863 0.15198149 0.6696969 0.7990435 0.58387035 -0.23983477 -0.72746444 0.39405867
36 0.45271552 -0.19523169 1.0724026 -1.465774 0.14320931 0.72038215 0.7363982 0.04912078
4 0.81034803 0.06115989 1.2073542 -1.075673 -0.46997586 0.58077556 1.3192106 0.36300644
44 0.10708992 -0.31794724 0.71856487 -0.104062855 0.8897526 -0.057133917 -0.7341997 0.11178432
45 -0.31436637 -0.6596959 0.81533784 -1.0449581 1.1018215 0.2196479 -0.23083088 0.04517164
9 0.42405525 -0.25422445 1.1942761 -0.9701653 -0.40634122 0.62380856 1.2752026 0.3803826
49 0.7353629 -0.5163028 0.4227649 -0.9571248 0.5622013 1.3787206 1.1976252 0.1784682
33 -0.36537138 0.8930649 0.42797956 1.678158 0.25057778 0.10900656 -0.6139918 0.06053161
29 0.4742644 -0.64905494 0.62714756 -0.34584653 0.956078 0.7499934 -0.7225611 -0.66246116
17 0.18139121 -0.07671825 0.7580792 -1.0917628 0.7517975 0.16115084 0.89809537 0.58295035
48 0.95032233 -0.09407105 0.559134 0.13979891 -0.1297834 1.1366847 0.92784405 0.032690946
10 -0.4712336 0.7362128 1.1233262 -0.31439745 -0.5746224 -0.18870167 1.0347966 1.2309415
14 1.4295721 0.18171607 0.72885567 -0.8178947 -0.30313882 1.784709 0.7619764 -0.47218585
37 -0.1840393 0.6779247 0.522968 1.8891742 -0.23575337 -0.05750922 -0.041732974 0.6963781
5 0.69832367 0.220654 0.6067466 -0.713592 0.1149822 0.93449837 1.8171508 0.51639825
11 1.14696 -0.18118098 0.79561234 -1.1662331 -0.20294066 1.8566496 0.7404431 -0.44766274
47 1.9991742 -0.33867183 0.3378449 0.18251431 -0.19366531 2.0981734 1.4620245 -0.5761307
