50 8
42 -0.24584374 0.644415 0.115653396 0.7577357 -0.5284782 -0.50564927 0.74395895 -0.5055213
43 -0.06290533 0.43536207 0.4781934 0.2624821 -0.8757909 -0.7723559 0.012764246 -0.5646477
20 -0.035580583 0.9866319 0.33546147 0.45520443 0.06856902 0.29036942 0.37534395 0.01346299
23 -0.14313108 0.37632242 0.66761947 0.08245681 -0.6174803 -0.48162127 0.24528426 -0.20813696
1 0.60837203 1.1114918 0.23614657 0.42052585 -0.724634 0.28448486 0.34837466 -0.36905602
17 -0.3474039 0.4531244 0.74964577 0.7320869 -0.37382302 -0.05306979 0.5417774 -0.8107555
49 0.31872723 0.8840749 0.33320904 0.6881053 -0.5527618 0.36097527 0.5478477 -0.37462503
18 -1.0219711 -0.1936555 0.73797804 -0.19590329 0.42375156 -0.33600482 -0.08795952 1.6899792
13 -0.8070515 0.0031201423 0.61550903 0.049520068 0.5298826 0.049603585 -0.15205891 1.7407006
6 -0.6820598 0.029070022 0.38423565 0.4785494 -0.6847939 -1.1440177 -0.15665106 -0.3106582
10 -0.35195428 0.6016595 0.4359092 0.82758385 0.7638078 0.0850356 0.67180055 0.4392274
27 -0.26697585 0.5967515 0.117881395 0.36658052 -1.1244726 -0.7333038 0.04906596 -0.6497476
40 -1.1397955 -0.3817665 0.79009646 0.07610018 -0.33662298 -0.93765736 -0.5093727 0.3849256
46 0.009179252 0.6899491 0.13129385 0.55407673 -0.8365703 -0.34060866 0.030130634 -0.47465438
24 -0.2726124 0.69816595 0.72495496 0.7890609 1.0923609 0.7542513 0.49552378 0.73885477
31 -0.61926067 -0.17423713 0.42525443 0.5020353 -0.6652736 -1.1526982 -0.6748767 -0.014483824
19 -0.17672943 0.8053516 0.519615 0.526067 0.8164501 0.9965439 0.25470147 1.1886185
28 0.5873068 1.0739193 0.25637206 0.20676473 -1.0605079 -0.30506054 0.42549405 -0.70733064
45 0.065340996 0.5976614 0.09905203 0.12867652 -1.3459249 -0.9418252 -0.39470237 -0.53775424
41 0.43511838 0.959464 0.14202692 -0.0057103867 -1.184687 -0.5915293 -0.23732525 -0.5412173
44 -0.05531662 0.2973359 0.1439931 0.42858574 -0.89576924 -1.0518917 -0.34730053 -0.20147066
15 -0.3333842 0.6929029 0.5020587 0.9854519 0.9101834 0.73243606 0.5803614 0.6954456
39 -0.8032812 -0.27637556 0.55129457 0.1453267 -0.2537836 -0.8819797 -0.8552542 0.8275591
7 -0.84818965 0.28126726 0.059494346 1.0840919 0.4028132 -0.4510785 0.49051744 0.46414614
14 0.39464632 1.2668076 0.43277973 -0.31672344 0.38000232 0.965783 0.17944385 1.2249869
3 -0.5925054 0.4256763 0.6578232 0.4356888 0.9126658 0.3974631 0.15017176 1.1141409
34 0.6670824 1.215577 0.2586115 0.4519292 -0.6046814 0.2091763 0.31124365 -0.5510996
36 0.19694154 1.0953566 0.07338295 0.55238837 -0.955239 0.05975397 0.22630668 -0.8199955
2 -0.783929 -0.06372143 0.8054504 0.32944888 0.5900611 -0.1451116 0.07021439 1.0796477
9 0.65590245 1.3471181 0.29181498 0.14106669 -0.08176068 0.6838277 0.5169607 0.3235243
26 -0.894057 -0.23945303 0.5487991 0.6282612 -0.6411742 -1.1743501 -0.5941991 -0.35245615
21 -0.53995174 0.32749003 0.7299697 0.21010134 0.8564523 0.5308784 0.110961795 1.6019102
22 -0.3280136 0.5253339 0.81910336 0.3931395 1.0805272 0.9881465 0.17104313 1.52779
25 0.38583463 0.7719241 0.2697816 -1.015567 -0.55533737 -0.086713694 -1.321511 1.5881741
38 0.5854477 0.85675174 0.46053734 -0.35338947 -1.1504434 -0.4781061 -0.43737274 -0.2802634
4 1.0336004 1.1973019 0.3052187 0.26194713 -1.0622787 0.17847478 0.1483822 -0.57647324
8 -0.82477677 -0.35561925 0.5377943 0.65543425 -0.43829128 -1.0966563 -0.5396175 0.1481428
5 0.61438686 1.254063 0.2867249 0.83989245 0.043988194 0.7155992 0.8110332 -0.14854021
0 -0.3394153 0.6820408 0.7097967 0.38654423 1.1515528 0.80292463 0.3810563 1.3901013
35 -0.16254921 0.32456708 0.704419 -0.27096906 0.5860648 0.31522402 -0.39005888 2.0193155
47 0.39917108 0.86096096 0.41891542 -0.07099892 -1.2954546 -0.11461257 -0.29836988 -0.5694211
16 0.2913662 0.5530728 0.36648616 -0.1554717 -1.1929216 -0.89575344 -0.08773295 -0.24608095
29 -0.97868866 -0.0675029 0.18924125 0.07374796 -0.1664216 -1.0186831 -0.027397353 1.0396641
12 -1.2738595 -0.35178354 0.3118104 0.7469231 0.42517364 -0.45748425 0.5935408 1.4299868
11 1.0473368 1.3508701 0.39402398 -0.14251241 -1.3395064 0.5224204 -0.2748664 -0.49683616
48 -0.23945893 -0.12109872 0.5010491 0.2730663 -1.0136268 -0.98011804 -0.5772243 -0.001035837
33 -0.040836703 0.5053033 0.8017651 0.037080567 0.9302028 0.75218594 -0.064853966 1.8169181
30 -0.4967327 0.09028717 0.6263666 -0.6270333 -0.16200407 -0.65978193 -1.1407104 1.3333111
32 -0.021280764 0.46203518 1.0085737 -0.42785296 0.83687544 0.833462 -0.010506161 2.082416
37 -0.1211508 0.14538698 0.9626811 -0.37282032 0.7094397 0.56275344 -0.56377935 2.3724036
