50 8
24 -0.15244769 0.32684422 0.31061003 0.34551778 0.5011983 0.13012664 0.15114117 0.57269377
6 -0.09330703 0.288675 -0.094449654 0.8600485 0.35835996 0.2768532 0.37920275 0.8086585
23 -0.37033743 0.2667327 0.34643555 0.2506486 0.7433894 0.1351647 0.1703439 0.47066814
28 -0.58313847 0.6542742 0.45971477 -0.29557374 0.1914775 0.69869244 0.29129392 0.39754733
42 -0.65024465 0.3038721 0.14894062 0.21639326 0.5421286 0.24712807 0.039183892 0.8433783
26 -0.3165421 0.2844629 -0.06561507 0.52015245 0.37755397 0.39578986 0.6455508 0.7869478
43 -0.44434625 0.45377457 -0.07344192 0.18089724 0.3973368 0.5126599 0.7707104 0.85792863
31 -0.23185185 0.21125849 -0.23199001 0.9331375 0.39821637 0.1451306 0.09517288 1.1499506
1 -0.36257347 0.63369274 0.5972976 -0.27367893 0.16303392 0.8665325 0.55552953 -0.021235252
39 0.35922888 -0.08106117 0.42000863 1.263145 0.31458127 -0.34088 -0.59848815 0.63044107
15 -0.69105613 0.39267153 0.2856417 0.03914713 0.27945054 0.27347034 0.40054145 0.74295443
4 -0.28008223 0.24436247 1.2012421 -0.5556356 -0.24196538 0.6787209 0.3187395 -0.21604103
29 -0.4729015 0.5182221 0.77724683 -0.75996125 0.22847615 0.7351968 0.6406152 0.1381715
36 -0.33068252 0.23160705 1.0523477 -0.7307198 -0.0141006885 0.7989894 0.5370598 -0.118632264
25 -0.31646377 -0.108627535 1.1030327 -0.46759877 0.29116458 0.74209964 -0.19249396 -0.18845747
17 -0.9277733 0.43009484 0.2921098 -0.54997516 0.36706853 0.8471996 0.5595129 0.63472545
27 -0.14008915 0.8275955 0.5043705 -0.65699536 -0.06704637 0.99623936 0.87314326 0.28258067
19 0.7942141 -0.19569403 0.57434607 1.1999458 0.32501915 -0.51116115 -0.72528017 0.6570964
44 -0.24295336 0.008310582 0.21467486 0.42044476 0.9964968 -0.1819156 0.5522329 0.694669
16 -0.49236152 0.7330004 0.62426245 -0.8432018 0.27880588 0.9328425 0.55701685 0.19456735
45 -0.77155435 0.4734803 0.3447626 -0.3532008 0.5644095 0.55635864 0.4901327 0.53746206
48 0.80182683 0.29390556 0.2634051 0.3823721 -0.21848245 0.7270897 0.598659 0.39908573
18 0.461844 -0.26470923 0.30886227 1.6081778 0.5083435 -0.549073 -0.78966755 0.8601281
20 -1.1075583 0.6261791 0.17598449 -0.3237645 0.32257894 0.6834364 0.6430846 0.7078623
11 -0.023789586 -0.054608937 1.5232894 -0.7722651 -0.2985879 1.0470767 -0.23552181 -0.5481878
49 -0.89652246 0.3125941 0.9272519 -0.8873176 0.24244988 0.9110158 0.5952022 -0.046594847
12 0.4630323 -0.17508791 0.38650426 1.3009579 0.49249762 -0.6430369 -0.6542409 0.8885398
40 0.2879278 0.07002041 -0.101848975 1.5032266 0.576204 -0.6285053 -0.052129284 1.1663592
41 0.76098 -0.056103222 1.2112954 -0.20467226 -0.031644307 0.76331586 0.20545648 -0.49600646
7 0.503208 0.2258426 -0.15482354 1.271438 0.4513073 -0.36728546 0.35616398 1.1114742
3 0.56284666 -0.23452727 0.47695884 1.2862871 0.3425039 -0.6999116 -0.5306708 0.8307342
34 0.050871123 -0.22374098 1.7526596 -1.1856165 -0.32542288 1.1428207 -0.20045674 -0.6028848
8 -0.007942922 0.36260244 -0.4032082 1.2422533 0.22985956 -0.07422133 0.2753715 1.321257
46 -0.782494 0.45681357 0.91806996 -0.9246967 0.16066103 0.8256333 0.4584519 0.066716254
35 1.5704266 -0.6995966 1.603005 0.5206353 -0.34940365 -0.43999264 -0.33943874 -0.16980375
21 0.85542816 -0.6662497 0.59332466 1.570199 0.23724975 -0.60011256 -0.5481314 0.65828687
32 1.529927 -0.6853578 1.5019037 0.7233977 -0.24553932 -0.5139968 -0.42308494 -0.10764071
5 -0.34749946 0.4984527 1.0436368 -1.2063601 -0.42672992 1.0947459 0.84808975 -0.0035859232
22 1.207903 -0.93681324 1.5862628 0.46712968 0.025305187 -0.5048989 -0.5223601 -0.08050401
38 0.3283751 0.03188358 1.1723161 -0.115191825 -0.7249205 1.0166507 0.089131705 -0.36490554
13 0.8260252 0.062364522 0.14521773 1.4049913 0.046078175 -0.30032307 -0.3677957 0.9528885
9 -0.0034091393 -0.13898224 1.8138934 -0.8445087 -0.6943075 1.1048167 -0.100701414 -0.78749174
2 0.71685064 -0.90727293 1.0318451 1.3235147 0.41375458 -0.92578393 -0.6941388 0.3815565
10 -0.16851208 0.54945487 -0.111159444 0.77359706 -0.22408153 0.25315875 0.4337622 1.0131063
30 0.91681343 -0.24212426 0.71667105 1.4852744 0.19524238 -0.5983176 -0.67634153 0.42011133
33 1.2382183 -0.89271003 1.7557048 0.33794594 -0.2712918 -0.50057304 -0.2690627 -0.18051352
47 -0.2981084 0.251181 1.1115217 -0.74927235 -0.0016653163 0.9881289 0.5638328 -0.3339103
0 0.9462384 -1.075945 0.882237 1.5512455 0.24023645 -0.75523245 -0.9750092 0.5585131
14 0.330984 -0.23465036 1.9518639 -0.8837458 -0.5999283 0.7557669 -0.7098051 -0.5798714
37 1.0218581 -0.960587 1.0004393 1.6484085 0.20276165 -0.78394556 -1.2694042 0.52933663
