50 8
24 -0.27887896 -0.032620654 0.8518415 -0.38015082 0.026289323 -0.1470891 0.280186 -0.11828828
43 -0.36642638 0.060980834 1.0522966 -0.40026033 -0.23937081 -0.5215648 0.37523115 -0.29118848
44 0.16534473 0.3154875 0.28327918 -0.43025073 0.71624196 -0.17806885 0.8482745 0.30857673
26 0.018675676 -0.22570065 1.0558426 -0.3522739 -0.022204615 -0.22748171 0.39834386 -0.23169254
23 0.082829006 -0.007139831 0.76436543 -0.3079203 0.5263845 -0.14170116 0.40376046 0.10930474
13 0.33757025 -0.27754468 1.0125393 -0.0421163 0.82002366 -0.13365678 0.81935704 0.11680328
39 0.4091685 -0.09518981 0.79360807 -0.14859632 1.0146868 -0.09423918 0.87005776 0.40894488
40 0.34353024 -0.18075015 0.87298405 -0.03255282 0.9913468 -0.043539446 0.96696305 0.3244781
8 0.11348751 -0.26148513 1.3597165 0.19072707 0.6153861 0.08520858 1.047484 0.14940587
29 -0.4101357 0.31100306 0.35022286 -0.41546726 0.092953786 0.044638887 0.3563701 -0.25894505
0 0.2809207 -0.31640968 0.9857807 -0.13958669 0.606999 -0.03543333 0.74468535 0.16575697
6 0.14251137 -0.33506596 1.346314 -0.2548231 -0.07298324 -0.15004572 0.82043225 -0.028777393
42 -0.23704813 -0.07795086 0.55171955 -0.50995916 -0.058036245 -0.24960689 0.45760998 -0.07194512
45 -0.6102899 -0.21370666 -0.02045236 -1.1624378 -0.7767481 0.044239335 -0.3235363 -0.36695862
30 0.34834862 0.010459013 0.60060734 -0.14723653 1.0772302 0.03742145 0.9274873 0.50800383
18 0.46382847 -0.19062991 0.6910974 -0.20776682 0.9097898 -0.06552709 1.2725339 0.5101543
12 0.35505104 -0.19362065 0.7069164 0.021803048 1.2205462 0.14427766 1.0248959 0.3993314
19 0.2619558 -0.134327 0.9199354 -0.049485885 0.71349895 -0.14161584 1.1077404 0.12632868
31 0.47203577 -0.015804231 1.2770681 -0.15827917 0.65606344 -0.3254546 0.9138567 0.19378547
2 0.362534 -0.298686 0.89196473 0.04672678 1.0150647 0.06190259 1.1602681 0.31969422
7 0.088122405 0.028477846 1.3801957 0.05596164 0.44346723 -0.32555526 0.8752868 -0.09451737
20 -1.0744562 -0.07795766 0.52283984 -0.78344136 -0.9279586 -0.16250394 -0.5195795 -0.7897723
36 -0.8994571 -0.12930992 -0.39065823 -1.0391437 -0.5846845 0.3991198 -0.6989852 -0.90055984
27 -0.81303704 -0.023214811 0.37702298 -0.97132623 -0.7756979 -0.15333495 -0.5995741 -0.5835657
21 0.30832592 -0.19041753 0.6666302 0.14935237 1.2750949 0.006123652 0.90949774 0.016292479
49 -1.1587948 -0.43356788 -0.22090492 -1.0142237 -0.76830125 0.3980409 -1.0440023 -0.9830878
16 -0.85556287 -0.38344765 -0.47715122 -1.257686 -0.6208852 0.50394124 -0.968472 -0.6527631
17 -1.2071666 0.054177646 0.13535129 -0.68875724 -0.7099155 0.1820217 -0.46076566 -0.9516988
41 -1.2380472 0.06382174 -0.40559858 -1.2661765 -0.836527 0.19776154 -0.96774083 -0.7322657
15 0.17895077 0.09086207 1.1151806 -0.25663212 0.46588492 -0.34753466 0.82378834 0.3808825
28 -1.158563 0.11003367 -0.15408137 -1.0765588 -0.832285 0.33717695 -0.93148404 -0.9671302
1 -1.1659733 -0.07190857 -0.8020415 -1.120869 -0.32415813 0.23344135 -1.1100713 -0.99390286
22 0.3485976 0.11477198 0.47360024 -0.19297028 1.2215239 -0.11914279 1.0215348 0.6932039
35 -0.44740912 -0.0838584 -1.1508341 -0.16051306 1.4592447 0.8943888 0.40799236 -0.015495586
4 -1.4038515 0.086250894 -0.9748066 -1.0245522 -0.27198443 0.4895938 -1.2040277 -1.1704664
34 -1.1987159 -0.33554375 -0.92182714 -1.1579303 -0.37030712 0.7055401 -1.3124022 -1.1213549
38 -0.6396871 -0.09453869 -1.5352998 -1.4036962 0.2571275 0.46839234 -1.1186488 -0.7136815
46 -1.2014234 -0.27324894 -0.808782 -1.0428123 -0.35961866 0.44882336 -0.9526525 -1.0162088
3 0.48360598 -0.09869721 0.89167446 0.09886559 1.225651 -0.027835552 0.89834243 -0.002505354
33 0.27746177 -0.10166523 0.3905975 0.20094013 1.5704322 0.30005956 1.1735532 0.3527413
10 -1.1786479 -0.29782695 0.43794987 -0.6505314 -1.0403041 -0.00017776391 -0.22042717 -0.76625925
5 -1.4365396 0.06731248 -1.1116947 -1.25578 -0.43919808 0.42180887 -1.1612513 -0.9743094
9 -1.2335274 -0.19308418 -0.8840548 -1.1690677 -0.4325804 0.5383686 -1.181797 -1.0161767
25 -0.48494777 -0.20713784 -1.4759382 -1.3999734 0.5290526 0.34706295 -0.9977456 -0.07688794
14 -0.98317254 0.16783684 -1.2302954 -1.2418214 0.15643808 0.3632968 -1.0965385 -0.55028534
37 0.015732177 0.15469266 -0.010669819 0.16411725 1.8324935 0.060230292 1.1459409 0.49744704
11 -1.0867379 -0.012446567 -1.2132306 -1.4406875 -0.23953243 0.23827684 -1.3119804 -0.83519584
32 0.43626896 -0.035411507 -0.97919285 -0.3677318 2.0921922 0.6264997 0.8131931 0.8379726
48 -0.30728328 0.32727897 -0.78641266 -0.45846754 1.0192354 0.28445002 0.8688772 0.5150408
47 -0.7250604 -0.17080456 -1.7794118 -1.1233793 0.69290775 1.086995 -0.7080427 -0.11851008
