50 8
23 0.1409263 0.5860187 0.18586242 0.2586155 0.3433141 -0.13400836 -0.15645352 0.7232541
1 -0.20603782 -0.32535005 1.2288278 -0.46484187 0.34140268 0.16209327 -0.18877164 -0.16100186
48 -0.12918259 0.6593175 -0.0772863 -0.050508313 0.5918286 0.47296518 -0.037050657 0.7508799
25 0.25018314 -0.2184272 0.05355594 0.5397312 0.71175116 -0.020964405 -0.77910286 0.750562
43 -0.21124677 0.47173408 1.0243899 -0.74346143 0.27929845 0.3271692 0.23034813 -0.15626347
8 0.06441838 0.57936 -0.11701748 0.90224147 0.2977666 -0.17282164 -0.011840914 1.1996948
31 0.32737604 0.54332536 -0.14869986 1.0758147 0.11602646 -0.058261734 -0.31039864 1.1786916
39 0.14553033 -0.5597993 0.7364322 1.12267 0.33032355 -0.22979335 -0.51805717 0.2798774
40 0.52837425 0.12989227 -0.09474319 1.3371785 0.4009909 -0.06648462 -0.44561285 1.0113635
4 -0.2338832 0.47775635 1.3232102 -1.122952 0.06808603 0.40183464 0.16187431 -0.32180282
28 -0.701331 1.2292867 0.19558114 -0.61902905 0.15452902 0.42335373 0.32760552 0.7590015
26 -0.42515495 1.0272721 -0.23322043 0.16609105 0.09979824 0.17761576 0.087231696 1.3755102
46 -0.15712425 0.7877577 0.6993388 -0.9627191 0.32539093 0.53036976 -0.26932934 -0.11259101
12 0.4832553 0.09475433 -0.053251844 1.5758982 0.5525452 -0.07231082 -0.25372946 0.7796327
24 0.57887024 0.7121402 -0.36175254 1.2013429 0.33321643 0.22586785 -0.6184663 0.9590732
19 0.06324404 1.2391917 -0.45005134 0.6519666 0.2595252 -0.26983616 -0.114070065 1.3504195
18 0.25652125 -0.13585936 0.18423748 1.547414 0.2635515 -0.32253814 -0.3645558 0.995543
41 -0.07788044 0.55362076 -0.11107689 -0.36931106 1.0783077 0.5956343 -0.3820765 0.3302551
10 -0.85005313 1.0732232 0.73490363 -0.7253705 -0.18315537 0.33977133 0.5784923 0.5460581
6 -0.53910875 1.4187214 0.36504576 -0.669826 -0.06094307 0.53560215 0.599488 0.6529364
16 0.04924297 0.4014086 0.3852502 -0.9137329 0.63687897 0.4138121 -0.60379374 0.25425676
35 0.2810018 -0.8066821 0.84167016 1.0096841 0.52089417 -0.27944124 -0.5409406 0.14067614
20 -0.53472596 0.8152212 0.7101163 -0.6561341 -0.14131771 0.25376266 0.5447079 0.67296124
36 -0.115701064 0.94439805 0.7860155 -1.245169 0.5400612 0.67575073 0.081027254 -0.36316806
34 0.36524555 -0.023934027 0.89900863 -0.5631524 0.7806684 0.7377299 -0.58871883 -0.73495555
13 -0.009061505 1.1230936 -0.30679706 0.6232756 0.2620523 0.0365685 0.2759805 1.2312768
27 -0.052347787 0.8114466 1.0576793 -1.4260653 0.28642136 0.6227473 0.34474176 -0.21623535
30 0.13968213 -0.633699 0.59209645 1.2523099 0.5432466 -0.48225743 -0.4945494 0.4418919
9 0.07218774 0.05886192 1.511973 -0.93990237 0.13288668 0.57017297 0.06354295 -0.57230675
45 -0.47047377 0.56555814 1.065979 -0.961634 -0.025104735 0.14568135 0.19588938 0.16682553
49 0.042567324 0.046401564 1.5812738 -0.93438464 0.18269397 0.66539884 0.17873731 -0.7253176
22 -0.11616594 -0.69654566 1.4329102 -0.046345867 0.2940349 -0.34643766 -0.2669675 -0.17495683
29 0.22414854 0.16111808 0.40180114 -0.3961923 1.020009 0.2586203 -0.63937634 -0.15544976
2 0.74238086 -0.16295241 0.19224177 1.3217132 0.47314155 0.03437067 -0.71171445 0.51416224
5 -0.26383203 0.70773405 1.3553238 -1.1863458 0.04642203 0.5465927 0.511145 -0.38433284
32 0.55662745 -1.0204153 1.1809251 0.9366134 0.5842213 -0.13169652 -0.6304961 -0.42379737
14 0.29227403 -0.60752195 1.5205877 -0.7634636 0.5240995 0.5465681 -0.7966033 -0.9440562
21 0.6883412 -0.72949094 0.5870557 1.1945583 0.85713875 0.021052772 -0.9245795 -0.22494555
17 -0.2286656 0.69020486 0.91834027 -1.4459757 0.40598217 0.5668303 -0.050906356 -0.1662969
7 0.23954943 1.5154173 -0.33942714 0.8785899 -0.03756061 -0.0093011055 0.38852277 1.2664117
42 -0.5657873 -0.5036443 0.2288281 0.35336083 0.83759993 -0.7283322 -0.46275395 1.1491796
33 0.39929572 -1.0088267 1.7471125 0.35103604 0.4312739 0.16910245 -0.36947504 -1.0041146
44 -0.35323966 -1.1804938 0.92612606 0.8774534 0.46656775 -0.64919835 -0.3457847 0.6751075
3 0.5305459 0.050274212 -0.09335887 1.6972045 0.46132848 -0.23131044 -0.634723 0.90840536
38 -0.42167896 1.0125748 0.78865063 -0.74914783 0.09734931 0.5803255 0.429609 0.002798058
0 0.44065064 0.45583096 -0.3908881 1.5779456 0.5005637 -0.038581427 -0.31280303 1.1899481
37 0.46055523 -1.1717696 0.9471395 1.6011827 0.29651442 -0.47982514 -0.44193193 0.46982563
11 -0.022427889 -0.36520275 1.7881638 -1.2137965 0.32508805 0.5839406 -0.36007854 -0.98254395
47 -0.22833763 0.09194372 1.6721232 -0.8946025 0.07216505 0.5222465 0.36692443 -0.66348946
15 0.5146744 0.97270095 -0.5394756 2.075529 0.111527234 0.0055219885 -0.09704354 1.3805984
