50 8
1 -0.2820904 0.71426356 -0.15795892 0.6434366 -0.7352331 -0.2657557 0.12137756 -0.8381927
8 -0.8806786 -0.045921307 0.63081867 0.14596778 -0.11143722 -1.1300896 0.15343459 -0.41139162
39 -0.5931909 0.103013456 -0.23983322 1.1940104 0.030782878 -0.6860984 -0.47996336 0.4706277
41 -0.032452982 0.73800945 -0.08992614 0.7798564 -0.671385 -0.45700324 -0.063801154 -0.6201132
23 -0.47779825 0.060768344 0.9413741 0.2925969 0.5788235 -0.39652094 -0.37620017 0.48503777
28 0.16868797 0.7426532 0.12408035 0.75581336 -1.1819606 -0.3464103 0.062403157 -0.991955
31 -0.82831055 0.042825732 -0.073417455 0.83120036 -0.10770393 -0.7694344 -0.17023154 -0.57040834
34 0.37800017 1.0306284 -0.46288684 1.2387909 -0.5428778 -0.19991401 -0.22687168 0.46120661
17 -0.8072967 0.09742487 0.6688282 0.07250959 -0.38007432 -0.32123578 0.11757489 -0.8453153
18 -1.2491745 -0.19459161 0.8627447 -0.012119215 0.93317175 -0.0149417445 0.18327485 0.28157586
29 -0.7968302 0.16934423 0.32296184 0.28339085 -0.1166467 -0.90329427 0.3026974 -0.09627085
43 -0.31321007 0.719794 -0.34999916 0.7965158 -0.8586384 -0.49002263 -0.006506677 -0.45103946
44 -0.22386199 0.5787835 -0.30177954 1.0026048 -0.8630004 -0.70223266 -0.26682928 -0.4070177
6 -0.74084985 0.19126928 0.061577592 0.57923967 -0.480216 -0.7343064 0.05107307 -0.91477454
40 -1.1691211 -0.25064105 0.5821504 0.26544133 0.5294458 -0.48175624 0.1634974 -0.23296894
7 -1.1076955 -0.0423505 0.88582706 -0.05097055 0.9202719 -0.058744553 0.04835006 0.618218
42 -0.6862613 0.5329515 0.17598444 0.13144624 -0.45091256 -0.45478645 0.5267158 -1.2665641
46 0.06706882 0.773033 -0.039912283 0.7496552 -1.2537856 -0.07279125 0.42133227 -0.858364
13 -0.77480274 -0.061504185 0.3207521 0.6712787 0.3665317 -0.4621818 0.11503796 0.73812443
27 -0.14482406 0.73018885 -0.192518 0.79889476 -1.2179359 -0.4821835 0.036205593 -1.1051112
26 -1.0779728 -0.10392392 0.68436235 0.054669637 -0.1569399 -0.5521445 0.16361357 -1.1290599
36 0.120956816 0.8617682 -0.42541778 1.1087507 -1.1390655 -0.061945263 0.27173454 -0.6190051
20 0.57176995 1.1888158 0.2866142 0.44666794 -0.6959441 -0.38004375 -0.14820541 -0.63895774
30 -1.0772861 0.0082221525 0.8571942 -0.04538001 1.3614708 0.3113767 0.32616845 0.5829284
38 0.03876857 0.85234636 -0.52615815 1.1824826 -0.85498184 -0.6266293 -0.13742805 -0.739973
4 0.53917736 1.0968813 0.14770953 0.71850723 -1.3512919 0.119682334 0.065785974 -0.3519342
21 -0.5698256 0.19973232 1.071054 0.1422253 1.1638844 0.68097377 -0.18345962 1.2217294
49 0.30405954 0.8444596 0.016710833 1.0065119 -1.0884441 0.29272988 -0.3007477 -0.76001114
16 -0.16680846 1.1093655 0.40671033 -0.29503813 -0.5065796 -0.33660412 0.60314864 -1.2368481
35 0.08973052 0.4136132 0.8181539 0.6252992 0.54532385 0.6812139 -0.0810373 1.3774428
45 -0.20962603 0.95734024 -0.40456998 0.6748056 -0.998323 -0.24532701 0.2834728 -1.3117269
12 -0.98966247 -0.09920022 0.87557274 0.043084864 1.1212505 -0.29682562 0.5001072 0.42317387
14 0.3796003 1.255561 0.5039606 0.26267624 0.24606195 0.93804497 -0.082310654 0.94478434
48 -0.44862646 0.270163 -0.43195543 1.2775308 -0.49935266 -0.5338198 -0.22814885 -0.14208351
9 0.63657653 1.514627 -0.050676364 0.6287177 -0.740913 1.1440613 0.06686159 0.87480813
10 -0.8470436 0.2623077 0.74067736 -0.20898631 0.47062206 -0.1574221 0.49636823 -0.7549107
0 -0.95685494 0.21046683 1.27757 -0.46975532 1.4514271 0.38740832 0.3408714 0.78039145
19 -1.2031264 -0.15977022 1.1126266 -0.2714289 0.8741009 -0.12211616 0.118819736 -0.3204403
24 -1.1633121 -0.0983704 1.0647379 -0.19297531 0.9514585 0.27486557 -0.10657163 -0.22693416
11 0.7350401 1.3652449 -0.011433091 0.8622553 -1.306133 0.9980968 -0.118695274 0.39378557
2 -0.696979 0.17668508 1.1082076 -0.0056415317 1.4212217 0.44283688 0.19615188 1.4683154
3 -0.92373824 0.11124492 1.0968691 -0.17755455 1.5040172 0.54198104 0.32003546 1.1046307
15 -0.8435062 -0.032591496 1.4508574 -0.3657369 0.8738318 0.40874347 0.13111271 0.13672459
22 0.51118773 0.6320479 0.96296686 0.7160358 0.7141272 1.1481869 0.044194497 1.5857271
47 0.2543336 1.0777301 -0.21403697 0.9395932 -0.618484 0.974057 -0.18845768 -0.03285136
32 -0.3421185 0.2980132 1.1009275 0.19594508 1.2531309 0.74260247 0.07595135 1.5323368
5 0.3234677 1.4343331 0.2845712 0.14185451 -0.2610107 1.4470347 0.3808207 0.32766047
25 0.5261503 1.2532846 0.35601884 0.4259798 -0.2648136 0.20889385 -0.5468803 0.9806655
37 0.3375933 0.7426868 1.2179908 0.1379681 0.73879653 1.2377336 0.46167564 1.4674276
33 0.5086478 1.0394204 0.89185107 0.33772773 0.8323688 0.949789 -0.19330978 1.4831465
