50 8
41 -0.19770429 -0.5902577 0.3337557 -0.035362363 0.18544324 1.0217342 0.41296524 0.22189805
1 -0.30048347 0.017075287 0.5413785 -0.17985445 0.16561843 0.9288856 0.43452513 0.23096853
20 -0.38244593 -0.5538054 0.5129493 -0.29915798 0.19932881 1.0824608 0.27484512 0.28760102
10 -0.268767 0.4233492 0.51949406 0.22157806 -0.095199384 0.72530454 0.48964095 0.24427637
43 -0.7476696 0.022310045 0.8379385 -0.43220952 0.24988812 0.9269465 0.66142285 0.25051844
27 -0.4613717 -0.17952111 0.63431114 -0.3409207 0.27937907 1.0125558 0.56334645 0.31590074
28 -0.5640691 -0.34709316 0.8464989 -0.6962024 0.43201238 1.0630096 0.4720764 0.13557123
23 0.11509266 1.0483646 0.7832733 0.19033124 0.16117445 0.18872534 0.27418333 -0.16961543
45 -0.4957017 -0.09501945 0.94450337 -0.6032748 0.28673634 0.90481085 0.4885852 -0.013717999
4 -0.5739228 -0.5221172 0.6254161 -0.53570694 0.2984302 1.1818597 0.44692466 0.24129678
36 -0.3370455 -0.2646408 0.75766623 -0.629935 0.37350374 0.9209805 0.17832161 0.17663097
38 -0.22073588 -1.1531743 0.25937656 0.018132532 0.27343565 0.91285944 0.27866688 0.45758972
6 -0.7509047 -0.14605963 0.93747926 0.037482053 0.28890297 0.34349895 0.81215256 0.12405427
48 -0.4058826 -0.2756514 0.53925997 -0.20033878 0.24661285 1.113572 0.6325747 0.12410734
49 -0.26180786 0.05282172 0.958139 -0.80907744 0.18820402 0.88079613 0.30763385 0.3224732
42 -0.6496703 -0.008220374 0.89443344 -0.5342445 0.154504 0.89778847 0.59586304 0.37314308
39 -0.53731734 0.17752592 0.78705335 -0.08906452 0.1669287 0.7071975 0.7264234 0.16459537
17 -0.17740464 0.19685307 0.76415926 -0.6010424 0.029911911 0.9750702 0.34958956 0.4543074
26 -0.8186021 -0.048723053 0.77376103 0.5337959 0.30075988 0.0111396685 0.64811486 0.24130926
44 -0.60364264 -0.51102257 0.7900059 -0.65899557 0.32229015 1.1390667 0.50052744 0.2450495
34 -0.3107951 -1.1223813 0.36692515 -0.11350787 0.21497463 0.88561434 0.24516307 0.47808066
47 -0.39563254 -0.18484773 0.8189012 -0.7492452 0.037350286 1.2840141 0.6004077 0.30377507
11 0.3643248 -1.0432117 -0.07102631 -0.3059082 0.10115074 1.375858 -0.61391675 0.45080715
13 0.6551377 0.4130056 0.06331678 1.7547469 0.2242198 -0.7403933 -0.65210605 0.143614
16 -0.046787158 -0.8373203 0.13821521 -0.36535028 0.10630892 1.5978439 0.12399003 0.38747984
31 -0.85823214 0.22240551 0.7688564 -0.09669292 0.08957997 1.0650923 1.1292552 0.10790015
40 -0.5223498 0.19035393 0.52908194 0.65350777 0.14342308 0.17670901 0.5501417 0.26785997
8 -0.85232633 -0.09134917 0.55694115 0.62303764 0.055200916 0.31947193 0.768909 0.4542492
14 1.3133596 -0.14062613 -0.2681259 0.7776496 0.04582826 0.34954748 -1.1716398 0.13534896
7 0.53659016 1.1437476 0.772241 1.5024297 0.4727838 -1.4695765 -0.047396637 0.013398768
12 0.121053666 0.88353837 0.65140074 1.5610437 0.44934505 -1.1711859 0.26167768 -0.05388636
9 0.25048983 -0.5014718 0.61632186 -0.8203661 0.05586564 1.1876683 -0.105869636 0.27906623
3 1.2138362 0.87153953 0.5063269 1.7602137 0.41674516 -1.4870589 -0.85839516 -0.083508454
19 1.5207494 0.7978203 0.29151335 1.2795963 0.0566013 -0.94428676 -1.1545454 0.35322797
5 0.6761794 0.6210834 0.7469704 -0.57987815 -0.06596203 0.851956 -0.00039963305 -0.038525548
21 1.431456 0.47858703 0.04521047 1.8573693 0.010967591 -0.9618239 -1.1117048 0.115961745
46 -0.51426476 -0.071094684 0.9068046 -0.95344883 0.33005297 1.1787113 0.10648163 0.113148645
33 1.4625205 0.2996229 -0.022176698 2.0459902 0.14847085 -1.0155749 -1.3255222 0.009822027
15 1.2023612 1.378373 0.50002754 1.3446753 0.04805923 -0.8337851 -0.8092732 -0.21011586
2 1.1021312 0.73381895 0.40096867 1.8024063 0.15709285 -1.2707635 -0.7479022 -0.0014223844
22 1.7326182 -0.12762849 -0.0127588315 1.5068153 0.31257915 -0.89663994 -1.7608864 0.1276241
30 0.72374827 0.5175075 0.4182804 2.0232227 0.58167505 -1.4953165 -0.74649495 -0.26955852
25 0.9539694 -1.3629597 -0.119544305 0.378038 0.40948647 0.22418652 -1.5710218 0.34360483
0 1.0451231 1.1079192 0.4562831 1.8125764 0.4082675 -1.3618772 -0.89921063 -0.25206643
18 0.8208155 0.2170777 0.18503003 2.0494137 0.5159242 -1.2830995 -0.9837624 -0.1434516
37 1.408266 -0.19311517 -0.13004254 1.969025 0.3127377 -1.0054891 -1.3817754 0.24368873
32 1.3572097 0.22865722 0.14999707 2.15845 0.45095405 -1.5014533 -1.2775104 -0.07595131
29 1.358996 -1.3486266 -0.29103622 0.24199201 0.56478876 0.41934985 -1.9149681 0.0744012
35 1.6290039 -0.2682971 -0.071278706 1.5537732 0.29961163 -0.7919229 -1.6025573 0.006153651
24 0.9565172 1.396404 0.6810172 0.8228949 0.09431309 -0.68122834 -0.5319861 -0.05699154
