50 8
43 -0.70366895 -0.6358405 0.7416443 0.0072084665 -0.23762602 0.23508616 -0.22207241 0.008703643
28 -0.72992 -0.7484352 0.78590405 0.23470478 -0.6447184 0.46851507 -0.27099195 0.020299504
23 -0.9607365 -0.36426002 0.881911 -0.09308052 0.16414428 0.11418714 -0.3189741 0.17404884
31 -0.7214519 -0.2779817 0.8955732 -0.14390586 0.88423616 -0.030546792 -0.23741017 0.035266623
26 0.17646651 -0.32400247 1.4213557 -0.32936975 0.20473526 0.20380116 0.9501409 0.04348924
1 -1.0086493 -0.67201006 0.88374466 0.31355026 -0.11853663 0.19382857 -0.7381324 -0.25395688
7 0.3466128 -0.29466105 0.068768024 -0.40613553 1.0370078 -0.060039636 1.392289 0.000630219
29 -0.45540512 -0.14849481 1.2225467 -0.42089432 0.20394322 0.16089614 0.47465736 0.13659877
15 0.0848268 -0.5205643 -0.14461063 -0.58549106 -0.5443016 0.18271752 1.5735931 0.28179812
18 0.49405658 -0.3389859 0.28259793 -0.7129226 0.7489996 0.14366294 1.4556366 0.11904461
19 0.44904825 -0.45616704 -0.08841572 -0.633024 0.5640926 -0.10082168 1.5458108 -0.031349074
6 -0.26166502 -0.34224725 1.6270995 -0.40110368 -0.3901586 0.47377992 0.5101495 0.21918742
40 -0.76500154 -0.13072239 0.7140373 -0.5825617 1.2914526 -0.08579334 -0.33038518 0.066860974
49 -1.2891202 -0.95685554 -0.058404773 0.25249657 -0.9150637 0.44636214 -0.8390362 0.026943555
20 -0.5810279 -0.6201358 0.56343555 0.07146088 -1.1583587 0.5232767 0.47730336 -0.08890739
36 -1.2176392 -0.76464576 0.31572428 0.5634547 -0.5666613 0.3398285 -0.6496878 -0.24150133
27 -1.1967518 -0.7328986 0.7927142 0.5442631 -0.086789176 0.12478682 -0.9394587 -0.24238822
17 -0.3944162 -0.5756087 0.7536847 -0.0676275 -1.2424362 0.74461037 0.6847329 -0.13966672
25 -0.05789636 -0.6679029 -0.6925588 -0.53029114 0.38866994 -0.13291287 0.77419025 0.14843838
2 0.049457263 -0.48450908 -0.6498568 -0.08607453 1.6026748 -0.28790775 0.6542078 -0.24312215
39 -0.93101054 -0.2424845 1.0874965 0.16672012 0.91531026 -0.20788726 -0.44562975 0.1399507
8 0.13931601 -0.22882563 0.90698487 -0.5264652 0.4696046 0.15162872 1.1147407 0.265899
34 -1.3119459 -0.87631774 0.06047227 0.7495043 0.28586057 0.09909495 -1.2428713 -0.16776082
48 -1.0824809 -0.55801076 0.5425751 0.5946912 0.8741912 -0.16655757 -0.94046175 -0.16616903
30 0.4443971 -0.47610268 0.33061945 -0.2669561 0.44403905 0.23207709 1.3812046 0.2729408
16 -0.77192646 -0.63514555 0.9299047 0.08357099 -1.1166246 0.522054 0.066569604 -0.09331744
38 -1.1778814 -0.8451426 0.26966333 0.61297333 -0.08201324 -0.0024632895 -0.9474838 -0.54005164
45 -0.41219908 -0.8977115 0.90444267 0.06026901 -1.3952726 0.52821726 0.25353983 0.08420961
12 0.17061658 -0.5792563 -0.6513661 -0.27245647 1.3725687 -0.1561109 0.8126339 0.18990792
44 -1.0125413 -0.52779937 1.1286159 0.29509482 0.14691658 -0.002468444 -0.66149753 -0.3247046
13 0.4100733 -0.108791955 0.18868662 -0.60249645 1.0949477 -0.15975402 1.7366239 0.048536226
24 0.13055195 -0.3254276 -0.29411253 -0.44221315 1.3060019 -0.12366711 1.058739 0.051860373
41 -1.3585846 -0.881195 -0.42027044 0.7415406 0.5934258 -0.07789397 -1.3496588 -0.37479937
4 -1.0546361 -1.1578851 -0.35108346 0.45926568 -1.1023388 0.39407605 -0.60493 -0.13673416
10 -0.039785482 -0.50221497 0.27833858 -0.09810628 -0.63823885 0.28313845 1.2918066 -0.049094878
0 0.54143435 -0.4138932 -0.18004635 -0.77147657 0.45797905 -0.017833207 1.8014452 0.14827514
35 0.15843053 -0.5484161 -1.3398925 -0.60809195 0.9721535 0.093792476 1.1963258 -0.07756137
37 0.3758341 -0.3383294 -0.7797326 -0.848808 0.89746106 0.0010758082 1.802814 0.24582788
42 0.07352144 -0.67586964 1.0507237 -0.20990327 -0.98155874 0.3139496 1.0803822 0.300699
9 -1.4016391 -1.0523226 -0.3782646 0.454248 -0.7188281 0.14286019 -1.0336256 -0.17390823
33 0.059652932 -0.47101903 -1.6725724 -0.70527095 0.97291416 0.07233781 1.3407176 -0.13037336
14 -1.0381848 -0.9316272 -1.8594999 0.550725 0.3082735 -0.26394165 -0.26765424 -0.07630883
21 0.008790673 -0.44676545 -1.1866434 -0.3272572 1.280924 -0.23344296 1.1180906 0.11761141
22 0.3554934 -0.5891319 -1.0455763 -0.6595765 0.43389645 0.21263279 1.5847648 0.25633278
5 -0.20792331 -1.2423482 -1.5207275 0.81601185 -1.3399142 0.53253573 0.9627819 -0.2691536
32 0.19863568 -0.54862434 -1.6001327 -0.80070084 1.2044175 -0.10296028 1.3906367 -0.014960024
46 -1.1890975 -0.74425167 -0.73913974 0.9590757 0.9747723 -0.30890134 -0.836151 -0.3422436
3 0.40863246 -0.25840983 -0.46472558 -0.46792534 1.6939253 -0.30482015 1.4119792 -0.19560654
47 -1.3817874 -0.78134483 0.14991122 0.53760636 0.4424124 0.09340898 -1.3701448 -0.18893284
11 -1.0125324 -1.0077039 -0.13636623 0.47287208 -1.7629344 0.42336944 -0.00052957016 -0.48929882
