50 8
1 -0.45731747 -0.3378135 0.41668746 0.05396787 0.52999526 0.86348593 0.50706375 -0.25079352
43 -0.51107717 -0.37532803 0.67122763 -0.34159148 0.45918173 0.72568285 0.5014237 -0.12474989
16 -0.32916823 -0.57449067 0.42610127 -0.47761956 0.7421385 0.9768232 0.3018313 -0.25949982
48 0.047230184 -0.25505954 0.50545925 -0.16548954 0.43028885 0.6799675 -0.2800194 -0.1455716
29 -0.00055964023 -0.18165478 0.33660448 0.2152257 0.64184767 0.2840355 -0.54797965 0.18131806
27 -0.69016427 -0.29811668 0.73578596 -0.72683805 0.5029722 0.98688304 0.6279308 -0.23398665
38 -0.61320764 -0.35662085 0.49385676 -0.33024982 0.58394355 1.0997704 0.6059814 -0.35956296
15 0.481755 0.42921004 0.73398405 0.9491966 -0.26012975 -0.30506802 0.07452201 0.8046982
39 -0.23710528 -0.35518488 0.24569027 0.11110387 0.7248457 1.0524514 0.27844855 -0.5330328
34 -0.10831924 -0.3456154 0.75978243 -0.7681918 0.57265776 0.5368368 -0.66401285 -0.17305434
4 -0.59563166 -0.03524123 1.0856702 -1.0790056 0.15390745 0.91064763 0.2441554 -0.14248294
36 -0.83503133 -0.34551477 0.6533358 -0.5023322 0.45409286 1.0442181 0.3729033 -0.36445493
31 -0.67231166 -0.48808718 0.033789463 0.13448179 0.84626335 1.4084028 0.32134077 -0.5339755
18 0.6040674 -0.024228577 -0.078942254 1.7999011 0.5636899 -0.15241243 -0.1256821 0.44491878
9 0.5158542 0.10119884 1.3731484 -0.31634954 -0.53991604 -0.34138408 0.06309043 0.77657247
49 -0.5232353 -0.32534733 0.977219 -0.6234136 0.14637728 0.5024619 0.30978084 0.11694793
14 0.5300258 0.28658372 1.1788827 0.31645486 -0.27043492 -0.6172395 -1.0329864 0.54339135
6 -0.4279219 -0.47016594 0.23949412 0.04669944 0.7070472 1.1074514 0.63865775 -0.38528737
28 -0.76941884 -0.07482298 0.8219502 -0.62859285 0.13315065 1.0610708 0.63586414 -0.069387645
10 -0.12148676 0.100630134 0.7808371 0.6337873 -0.26259923 -0.3013415 -0.091822095 0.9903705
13 0.920816 0.06731316 0.21044724 1.4043533 0.4979611 -0.48003462 -0.7003913 0.67165154
42 -0.6884856 -0.390961 0.5209852 -0.18336202 0.3956551 0.9066928 0.91368103 0.013751594
2 1.0661293 0.2723093 0.6266197 1.194081 0.03947891 -0.60414237 -1.2302508 0.5864207
19 0.8778638 0.5199257 0.88858104 0.8115931 -0.11100059 -0.6787663 -0.5403887 0.9359594
44 -0.29208663 -0.7687365 0.16158462 0.03577237 0.9322698 1.1287898 0.25122115 -0.74444675
26 -0.73841363 -0.4396376 0.33082312 -0.12249202 0.49016154 1.1879078 0.5600203 -0.16150503
40 -0.35720983 -0.27171567 -0.12180619 0.5436162 0.75590944 1.2154169 0.36811623 -0.2484896
20 -0.57327086 -0.39610153 0.8434194 -0.35952502 0.17024432 0.13014251 0.22590584 0.6601884
12 0.6057815 0.23893286 0.35278916 1.1734061 0.31789833 -0.24253786 -0.6024922 0.31438357
45 -0.7445007 -0.14111765 0.48942018 -0.04884389 0.36864176 1.1263818 0.67878217 -0.37680823
5 -0.12571886 0.29853702 1.1784914 -0.4094886 -0.30950728 0.32034934 0.86405194 0.50363773
41 -0.65048695 -0.45038813 0.28868014 -0.18513694 0.7523933 1.3089962 0.36025536 -0.5776617
17 -0.5179341 -0.29728702 0.4802189 -0.32463655 0.5643006 1.0929911 0.756963 -0.23669481
24 0.8498417 0.50276613 0.6879153 1.2056357 -0.039369907 -0.6974815 -0.7109605 0.98379964
23 0.13358897 -0.04439411 0.60127145 0.21246901 0.4358042 0.12752083 -0.44639045 -0.03437041
25 1.0515139 -0.14660788 0.48289576 0.58324873 0.4532339 -0.29559305 -0.9469802 0.32206255
21 0.8783189 0.25434887 0.6570804 1.0069636 0.046665188 -0.5530662 -1.0524691 0.5572873
7 0.9220407 0.29293194 0.48288336 1.4031464 0.107774995 -0.53172773 -0.14653157 0.8709209
3 1.1054065 0.4769278 0.56228536 1.3393586 0.037925713 -0.65348405 -0.6853717 0.97707856
30 0.512028 0.25285187 0.023387946 1.795556 0.3713482 0.2060148 0.29265916 -0.046956316
0 1.1118408 0.43264902 0.6573563 1.3401897 -0.068657465 -0.7329795 -0.5146012 0.9558483
46 -0.25675482 -0.115946434 0.8339644 -0.074644245 0.14505292 0.31789076 0.07283139 -0.018795958
33 1.1231956 0.42665192 0.43169016 1.7799404 0.05685852 -0.7419909 -0.6599277 0.84813845
47 -0.4584286 -0.27952015 0.9354039 -0.9192742 0.24301106 1.0588937 0.15066054 -0.43778324
35 1.0536247 0.18768445 0.7551451 1.1363131 0.033887275 -0.8766932 -1.0040581 0.8288086
37 1.1308057 0.20752284 0.8442983 0.95044625 -0.042315852 -0.9453932 -0.58019567 1.0813195
11 -0.47498623 -0.27029675 1.1697004 -1.1150606 0.10356361 0.69360596 -0.16374664 -0.194392
32 0.97153896 0.31672478 0.49229455 1.3708127 0.16239055 -0.62096334 -0.9014473 0.65869343
22 0.9420061 0.22985464 0.90251034 1.0354942 -0.13368133 -0.9190928 -0.46507558 0.924162
8 -0.5585246 -0.23295878 -0.18372148 0.82151407 0.77803266 0.9472563 0.15744145 -0.029304054
