50 8
1 -0.00313521 0.98751193 0.26326594 0.4614553 0.21113946 0.10546263 -0.27162904 0.06024894
49 -0.2370764 -0.22580218 1.0448582 -0.04816212 -0.7293615 0.8212974 -0.20181721 0.6151815
9 0.06813833 0.43806028 0.93084586 -0.05456815 -0.35227033 0.84217703 -0.5253317 0.432285
4 -0.09411724 1.0464023 -0.06246609 0.6475354 -0.39931616 -0.08802973 -0.59085244 -0.8815327
21 -0.52830005 -0.39047137 1.2958598 0.022037363 0.2198361 0.73521656 0.2019805 1.2183561
20 -0.21837892 1.0747447 -0.13567175 0.5699647 -0.21537939 -0.6298553 -0.5310733 -0.5872546
45 -0.109996796 0.71476525 0.15630746 0.61380774 -0.41456047 -0.4012553 -0.68668216 -1.087625
18 -0.8787668 -0.2571521 0.61208546 0.14692059 0.22193469 -0.45832872 1.0603727 0.7769723
8 -0.4395935 0.6294805 -0.053900328 0.45147353 -0.18640812 -1.1885204 -0.039273575 -0.5069526
36 -0.004011498 0.92471963 0.11867266 0.58561224 -0.37328514 -0.11941994 -0.65309024 -0.80755985
40 -0.29187542 0.8596952 -0.15907703 0.47823018 -0.24109608 -0.6681063 0.51564986 -0.5030218
23 -0.65846294 -0.5973604 1.065112 0.046461336 -0.12132626 0.26558316 0.896087 1.0195416
28 -0.10711071 0.43674374 0.42385474 0.4655943 -0.45890105 -0.4314751 -0.5724533 -1.065946
27 -0.29585427 0.6210649 0.3153854 0.49018592 -0.16323268 -0.31957245 -0.8101612 -1.1819761
43 -0.2804631 0.57356066 0.19456947 0.43273425 -0.17176422 -0.87215066 -0.11895631 -0.9200971
37 -0.17976642 0.2246924 1.0022897 0.0033738075 -0.102515966 1.1907829 0.14986704 1.2319291
47 -0.010335864 1.2346414 0.06605786 0.5699266 -0.19874497 0.08900452 -0.87690616 -0.9673511
34 -0.018116161 1.1193961 0.24889508 0.5446476 -0.12395678 0.48145694 -1.0440459 -0.6618346
19 -0.64921004 -0.5187845 1.0747374 0.11175314 -0.03881534 0.44178286 0.7828093 1.044832
6 -0.5341802 0.5337434 0.029341616 0.56384695 -0.050341956 -0.79602486 0.021583185 -0.9611424
24 -0.72254854 -0.29421315 0.94252586 0.120788 0.17663543 0.5222704 0.7182527 1.0397995
41 -0.019519283 0.976532 -0.065375015 0.71995497 -0.5292877 -0.21398807 -0.8281531 -0.94111717
42 -0.4139492 0.35226077 0.14843316 0.36603123 -0.5017839 -0.97467345 0.17911103 -1.0770127
38 -0.038563915 1.2686042 -0.017776182 0.5396825 -0.27663073 -0.054449353 -1.053311 -0.7675123
44 -0.16165704 0.94825107 -0.069923714 0.46844256 -0.38399765 -0.8216041 -0.38101494 -0.70223725
22 -0.52119863 -0.26825744 1.1808857 0.1039865 0.1849923 1.0662197 0.5231274 1.1953715
13 -0.72545713 -0.054603476 0.2669595 0.46541956 0.12127524 -0.65115494 1.0707164 0.3643458
46 -0.5195296 -0.78444946 1.3634684 -0.14395693 -0.248015 0.15417685 0.88003844 0.9396187
31 -0.33032405 1.0631943 -0.21621978 0.5962946 -0.18246925 -0.9800415 -0.23658276 -0.9601457
15 -0.5977195 -0.91786003 1.4185762 -0.0018696128 -0.23193951 0.43411738 0.5038797 0.996973
3 -0.727846 -0.38174492 0.944329 0.00038711305 0.024791587 0.12757906 1.0325751 0.9929038
14 0.18262199 1.1065202 0.435752 0.30268312 -0.024749963 1.2581065 -0.4408975 1.0425528
39 -0.09351022 1.3844676 -0.3948833 0.7337853 -0.27796742 -0.8303689 -0.3650406 -0.87810385
10 -0.33342716 0.3971708 0.0066691395 0.63420796 -0.042254634 -0.7052924 1.0723213 0.09754671
17 -0.07423524 0.0019771322 0.5459669 0.16060825 -1.2126653 0.10703456 -0.14740081 -0.013609841
5 0.018734835 -0.111995615 0.96722287 0.16957662 -0.8738908 1.0053122 -0.28267723 0.23892435
26 -0.5589712 0.15946051 0.33345687 0.43376336 -0.19832195 -1.2172539 -0.110071465 -1.2801535
2 -0.6655394 -0.4092297 1.1141729 -0.050588038 0.1052155 0.46915215 1.0180207 1.2420683
33 -0.40255997 -0.102915846 1.0143343 -0.08445082 -0.13470925 0.67700654 0.72366786 1.2055602
16 0.28240654 1.3453293 0.1614599 0.33252233 -0.5387199 0.29430667 -1.060299 -0.33434862
30 -0.727469 -0.6685571 1.145997 -0.026637152 -0.0024762533 -0.0543551 1.1507522 0.7348188
25 0.14572772 1.6792372 0.07668547 0.07565273 -0.2088373 0.48327535 -1.0983019 0.4555631
48 -0.17955591 0.7991843 -0.14532676 0.58453554 -0.6710993 -1.2507766 -0.35795867 -1.3489954
7 -0.6844767 -0.139339 0.4191152 0.25508472 -0.1210498 -0.45091245 1.1102251 1.2137991
0 -0.61653876 -0.7829432 1.4186225 -0.099577956 -0.07645076 0.3202143 1.011922 1.234382
32 -0.50284976 -0.34279197 0.958105 0.028690558 -0.2122258 0.51526153 1.1001947 1.3746405
12 -0.69606614 -0.46750772 0.6141186 0.26312277 -0.056854405 -0.86790675 1.4256494 0.622658
29 -0.12228781 1.3588727 -0.26183206 0.6133984 -0.06957998 0.21818423 -0.52725905 0.20149878
35 -0.4743843 -0.50553864 1.3107764 -0.05414469 -0.08442654 0.6640226 0.6347536 1.4557824
11 0.15617363 1.0271521 0.46963793 0.2952658 -0.47232163 1.082426 -1.4762634 0.21322441
