50 8
43 -0.20071132 0.37158346 -0.26342857 0.6975952 -0.4368584 -1.0726291 -0.17478108 -0.36983147
45 -0.36412543 0.6209543 -0.1842645 0.5592702 -0.8879767 -0.4164495 -0.049095064 -0.5426387
1 -0.05916292 1.0287378 -0.40851685 0.5124031 -0.9587947 -0.2363106 -0.032440085 -0.42852098
27 -0.16077498 0.8692664 -0.38839352 0.6698634 -0.8835025 0.05681388 0.16502649 -0.603814
44 0.06318486 0.5577048 -0.49859065 0.7296432 -0.5354401 -1.0735904 -0.24917416 -0.2786457
16 -0.04131531 0.9918153 -0.14510547 0.4567701 -1.1933624 -0.25040996 -0.15215875 -0.39609388
49 -0.43749648 0.65706354 -0.052771438 0.60622805 -0.9633475 0.29313126 -0.14220074 -0.6525974
31 -0.025650555 0.45400771 -0.42696324 0.7717742 -0.0951794 -0.81716734 -0.016357623 -0.31193805
28 -0.27671903 0.064591475 0.29137704 0.6639984 -0.4122358 -1.2232665 -0.574519 -0.5349234
19 -0.72503746 -0.3848495 0.6438264 0.7514333 0.50845677 -0.47856373 -0.7992231 -0.4509323
36 -0.090703055 1.015911 -0.55676764 0.57387656 -0.76240885 0.12669548 0.26918265 -0.3464574
40 -0.046810333 0.6448544 0.050175484 0.4475795 1.170541 -0.119045354 0.0010228795 0.31708682
26 -0.71579695 -0.38039106 0.47482052 0.70416903 0.5833786 -1.0739605 -0.27312914 -0.2973086
24 -0.6791047 0.32528037 0.08413911 0.31213433 0.2511597 -0.36970514 -0.75657636 0.03711941
17 -0.7425763 0.1208067 0.19070153 0.48801374 -0.47984833 -0.84112257 -0.48906323 -0.6072758
20 -0.19880025 0.023404542 -0.017879365 0.8876914 -0.6099198 -1.0170915 -0.4587053 -0.42484158
42 -0.7716309 0.107391946 0.21640542 0.5246463 -0.2816873 -0.92287415 -0.2301177 -0.5820763
39 -0.15572257 0.57167125 -0.6097681 0.7898902 -0.46026838 -0.43462092 0.0020390449 -0.51056826
47 -0.014341667 0.9452331 -0.29496408 0.6506631 -1.4191506 -0.042341217 0.23600641 -0.29928288
23 -0.6993372 0.8493966 0.443917 -0.05265923 0.29995883 0.35775164 0.006769882 0.45191732
14 -0.26838207 1.4871985 0.021809679 -0.01752421 -0.29856125 1.3190124 0.082933046 0.90463006
41 0.044830233 1.1783998 -0.6608506 0.65288234 -0.98248035 0.23510034 0.43892485 -0.41630477
18 -0.3200477 0.14317411 0.7698901 0.5020053 1.6412753 0.22711083 -0.14776364 0.8617974
34 0.07591646 1.3987981 -0.4660997 0.34800732 -0.77762204 0.29615647 0.24134226 -0.0544461
38 0.21203725 1.5166256 -0.6940477 0.435516 -0.42171708 0.5173804 0.36773157 -0.10212089
6 -0.4342328 -0.39602804 0.254794 0.94257444 0.14435278 -1.2210641 -0.01207136 -0.395371
15 -0.6819883 -0.30096734 1.1436344 0.4723608 1.2223129 -0.10820709 -0.5375704 0.85988224
25 -0.011405091 1.2646 -0.7142764 0.34909052 -1.1817864 -0.34170344 -0.04151977 -0.1876925
29 -0.19332787 1.1660163 -0.21865472 0.37213376 -0.9656541 0.37788516 0.12582156 -0.30565605
12 -0.4861005 0.09259989 0.50303334 0.43509787 1.2247385 -0.0034987675 -0.41190052 1.0767951
13 -0.61287403 -0.50983185 0.19564165 1.0625409 1.5454084 -0.20431979 0.46010834 0.5740108
4 0.008917827 0.5315605 -0.30878744 1.0074111 -1.1263255 -0.19529018 0.3930096 -0.43607193
7 -1.0070648 -0.5819327 0.7242359 0.6221187 1.0481588 -0.9067786 -0.6458237 -0.22209752
9 -0.10200486 1.5579183 -0.17346083 0.17969725 -0.651049 1.4296829 0.71865785 0.9906403
5 -0.37479982 0.1930652 0.75955564 0.56333613 -1.0583991 0.025028571 -0.1537876 0.3661011
11 0.13365594 1.0750602 0.079975635 0.41633293 -0.9747984 0.67824185 -0.3247476 0.4717577
3 -0.7055753 0.2204066 1.1200515 0.28232476 1.1982927 0.8766904 0.046754133 1.1764352
8 -0.3278781 -0.50531775 0.051351715 1.0716622 0.8806842 -1.5296017 0.009737236 -0.20170793
21 -0.41927767 0.50012976 0.9770274 0.09923942 1.6921663 0.57613325 -0.35427657 1.4130565
2 -0.6775092 0.04117573 1.103318 0.33256373 2.1139226 0.43007404 -0.12663256 1.3058966
46 -0.81384826 -0.43386278 0.6412767 0.6776273 -0.39651734 -0.8836612 -0.5399243 -0.08786835
0 -0.4113899 0.1235924 1.210855 0.3778457 1.8532162 0.37082154 -0.29657015 1.1833483
48 0.29283413 1.4267156 -0.7397193 0.58597594 -1.117707 0.12069823 0.21042085 -0.36068538
10 -0.30699804 -0.3182529 0.1892796 1.0259676 0.14713246 -1.1786026 -0.34787616 -0.7408815
33 -0.38472152 0.5097878 0.9913706 0.34790605 1.8187022 1.1413047 0.32904074 1.4243425
35 -0.13816865 0.7715412 0.84588075 0.284916 1.249045 1.2500085 0.31655225 1.775674
32 -0.16732852 0.46627286 1.069748 0.5416453 1.82517 1.2937183 0.6963468 1.9437271
30 0.014409621 0.13534251 0.5579546 0.8521111 2.214462 0.35861886 0.58777577 1.0676466
37 -0.70699686 0.33490622 0.9886668 0.45188093 1.1825277 1.4862299 0.8216615 1.4689345
22 -0.42433718 0.19594306 1.3069686 0.67748255 1.5082881 1.6581576 0.6955232 1.7500516
