50 8
43 -0.10582431 0.3553301 0.3164257 0.61373824 -0.22212647 -0.7599245 0.029201237 -0.67122376
1 -0.22113742 0.96059126 0.06774372 0.35175171 -0.7520612 0.05421746 0.03580598 -1.1831564
18 -0.08278866 -0.22571789 0.783192 0.6438697 0.72724956 -0.16445284 -0.30533284 1.2598763
28 -0.41145185 0.4518068 0.056644812 0.5847149 -0.5118971 -0.2751811 -0.3030934 -1.1990056
36 -0.30453056 0.6763962 -0.06034666 0.63266784 -0.5570437 -0.20500565 0.08617648 -1.0040735
27 -0.61482203 0.6887098 -0.11988698 0.48437035 -0.56137145 -0.21443835 -0.20947291 -1.3059919
31 -0.2963715 0.21153206 0.15813361 0.76739025 -0.2554798 -0.802496 0.00067018153 -0.5461905
44 -0.2852889 0.12050372 0.3028617 0.698617 -0.35614133 -1.1416091 -0.12456865 -0.6133694
29 -0.18131125 0.48941958 0.0950288 0.58029073 -0.52515095 -0.98767745 -0.04683882 -0.67357993
16 0.14540613 0.42636034 0.40777236 0.42513803 -0.29295507 -1.0620469 -0.1149344 -0.39932042
34 -0.3497544 1.2375149 -0.24312715 0.2662468 -0.8335721 0.1821868 0.028626272 -1.274293
26 0.057948135 -0.032374464 0.6495212 0.66522545 0.17843607 -1.0795784 -0.0547963 -0.037460387
6 -0.1388419 -0.06086326 0.63130534 0.68586874 -0.15539242 -1.1342843 0.0837812 -0.18207383
17 -0.45580176 0.44087076 0.113651305 0.5284674 -0.58365256 -0.58377767 -0.24710047 -1.3500562
49 -0.34226513 0.6550357 0.11524689 0.55403227 -0.5518594 0.4652387 -0.15146777 -1.3470339
40 -0.5820745 0.1446449 0.3170325 0.6396414 0.054957367 -1.2012905 0.14398052 -0.36990073
8 0.077371776 -0.17153047 0.52455324 0.9367751 -0.16227452 -1.2771368 0.004796897 -0.46633944
48 -0.20048928 0.7482622 -0.18423894 0.5434176 -0.4258429 -0.62058085 -0.100502945 -1.0566417
13 0.011562065 -0.22231582 0.6692569 0.7859457 0.69179875 -0.25450337 -0.2649575 1.0325847
45 -0.5763677 0.18165864 0.27053064 0.723364 -0.03404939 -0.75830066 0.019808214 -1.0317658
14 -0.07064371 1.353464 -0.16035713 -0.31086573 -0.17389058 0.97614217 -0.89575684 0.49649426
24 0.036054872 0.012642119 0.52308846 0.61493784 0.9187661 -0.03605327 -0.44917655 1.3691299
41 -0.04230633 0.8596208 -0.067994356 0.40728018 -0.35692465 -0.3495465 -0.048714716 -0.7170384
25 0.34793678 0.7610541 0.25636232 -0.01295979 -0.24655823 0.29378015 -0.7163547 1.1459423
39 -0.48356923 0.39804798 -0.045985937 0.67603314 -0.2416821 -0.85010314 0.019316971 -0.6826309
7 0.09498144 -0.09455734 0.7459584 0.596962 1.0299019 0.10459156 -0.53226846 1.7067343
42 -0.5947231 0.2068492 0.2531044 0.67396677 -0.09825369 -0.806057 0.037406612 -0.8576942
20 -0.32977957 0.4445209 0.25509772 0.38185185 -0.27354607 -1.0912087 -0.33101866 -0.9773402
10 0.15153068 0.43864703 0.32659152 0.43660757 0.30574274 0.6664098 -0.46428746 0.9715876
4 -0.19042629 1.1196675 -0.10304119 0.15360907 -0.8043248 0.122130446 -0.14337483 -0.7949436
3 0.25125375 0.5837752 0.6637806 0.2099863 0.7695834 1.3173836 -0.6194253 1.560795
37 0.22640724 0.40942243 0.7626097 0.29725212 0.63598967 1.2276227 -0.58445495 1.4460993
5 -0.3241465 1.348085 -0.08879136 -0.14521334 -0.7594183 1.0908934 -0.25884536 -0.09116184
21 0.25939924 0.9287756 0.63558435 -0.087154366 0.61136657 1.1947509 -0.46002507 1.7001202
33 0.26406175 0.80641556 0.5896059 0.007489604 0.5534943 1.246057 -0.5364289 1.7832267
19 0.35768947 -0.11783571 0.9057051 0.644272 0.82141805 0.4173944 -0.47788665 2.0137186
9 -0.3156365 1.4832057 -0.16876157 -0.30738574 -0.7945407 0.97029465 -0.39111048 0.17687392
30 -0.02613856 -0.47123533 0.7328723 0.9882858 0.85646176 -0.59668165 -0.15029566 0.7938179
22 0.20762251 0.58154577 0.58363014 0.24640872 0.7660682 1.247073 -0.5893643 1.5999992
15 0.070372045 0.36674026 0.6046179 0.31063086 0.3376623 0.17427598 -0.30755466 0.6317026
47 -0.8637766 0.74379295 -0.11447531 0.5291517 -0.803944 0.82900655 -0.1311286 -1.5000103
32 0.19814405 0.4219323 0.7852356 0.20408048 0.6326277 0.72115684 -0.44159836 2.165549
0 0.33660635 0.09437044 1.0642254 0.36669344 0.8387259 0.5645818 -0.4359128 1.9178088
46 -0.12611148 0.7765078 0.13177635 0.46814314 -0.52520424 0.36596945 -0.036058668 -0.8915283
12 0.42130107 0.1150506 0.81677717 0.41881707 0.7114154 0.10709135 -0.4502824 2.3783326
23 -0.02677961 0.33628878 0.94108063 0.01696242 0.62305 0.75743693 -0.66397196 2.063609
35 0.04014821 0.3965998 0.92193025 -0.043552756 0.79909235 0.82123435 -0.78592956 2.0361142
2 0.23414826 0.153813 0.94376516 0.49425766 0.9214878 0.9313836 -0.36196697 1.8811773
38 -0.29694292 1.5803674 -0.40611574 0.03253508 -0.88458836 0.38043827 0.020327652 -0.891199
11 -0.43759856 1.427437 -0.18533237 -0.21402675 -0.6427692 1.582854 -0.5154266 0.2525399
