50 8
14 0.6704137 0.7467207 0.7968432 0.44181058 -0.5884464 0.359602 -0.7026679 -0.17832787
25 0.81592655 0.46232858 0.4025623 1.2410345 -0.06058111 -0.106582336 -0.52931637 0.053012878
28 -0.59340936 0.2137263 0.48749068 -0.606578 0.043545593 1.1321582 0.6330261 0.02490165
36 -0.57294613 0.16174717 0.5331119 -0.59069777 0.14215921 1.1708866 0.81927025 -0.10162434
24 0.28346178 0.86582196 0.66238374 1.0153294 -0.4026012 -0.7839348 -1.1553441 0.4929769
6 -0.81883717 -0.23012179 -0.01195167 0.110505484 0.44329724 0.8486245 0.984294 0.26033098
45 -0.69304574 0.04063647 0.44585204 -0.529225 0.21043389 1.2351948 0.925761 -0.07125655
41 -0.6246322 0.09587605 0.511601 -0.73733705 0.118110254 1.2553823 0.70207316 0.0018167737
43 -0.2260281 0.10027744 0.51398754 -0.5542034 0.20920733 1.3144825 0.75758153 -0.11697808
1 0.034598358 -0.11018576 0.66122216 -0.36369517 0.18451083 1.0031523 0.5526964 -0.03478944
18 0.111647874 -0.020629413 0.080885425 1.4893153 0.5396538 -0.74732685 -0.7107553 0.7880731
19 0.34896484 0.34517935 0.30220932 1.4735456 0.19182953 -0.73141193 -0.9783052 0.53817606
4 -0.4178439 0.26280773 0.59615576 -0.5470283 -0.18033221 1.1116625 0.33780426 -0.06448037
20 -0.7646192 -0.21557891 0.35753465 -0.2188986 0.47184312 0.6876888 0.6583783 0.25432706
47 -0.5093274 -0.120167956 0.29632396 -0.3237269 0.36832225 1.2910087 0.94793683 -0.0015246199
17 -0.3175862 0.45870024 1.1179409 -1.1146357 -0.21587726 0.4684272 0.104799606 0.44430357
31 -0.45925903 -0.2560683 0.21594135 -0.20703816 0.43830678 0.98401 0.8123747 0.29453245
49 -0.5067646 0.18317676 0.7043918 -0.8945271 0.048747934 1.3452004 0.5701743 -0.15477157
27 -0.6014666 -0.00040974782 0.67987424 -0.8922617 0.19952458 1.1940182 0.7825671 0.08973048
26 -0.9414688 -0.057496432 0.16807711 0.04189157 0.266993 -0.08090256 0.4278894 0.95999396
44 -0.3158293 -0.7140861 0.11420771 0.08061225 0.9301922 1.2853683 1.0352228 -0.066523775
16 -0.24209216 0.35436025 0.9490164 -1.0214357 -0.3591987 1.0608333 0.05253798 0.19089063
15 0.2967004 0.829646 0.5164325 1.2209228 -0.40649524 -0.8709844 -1.178576 0.7491301
13 0.3635872 -0.0017115462 -0.16812582 1.9287239 0.5465102 -0.24705996 -0.5274279 0.10078947
7 -0.21819171 0.35573286 0.15720883 1.2820009 0.24513777 -1.1163679 -0.8732593 1.0960017
38 -0.3140409 -0.14874977 0.5626723 -0.48350707 0.3705149 1.4086093 0.821154 -0.3655251
12 0.29849452 0.2542491 0.3341877 1.7047312 0.3200782 -1.0975293 -0.94703066 0.5881022
40 -0.36902168 -0.4856656 -0.43619433 0.7965923 0.6109982 1.0814389 0.89995044 0.22411953
34 0.003471925 -0.16873626 0.45656964 -0.3243987 0.32134658 1.5929893 0.8083928 -0.33969247
39 -0.42296946 -0.57657146 0.11652738 0.09591006 0.94391525 1.3067333 1.1727022 -0.26211798
5 -0.3178608 0.7201467 1.0789849 -0.99452585 -0.46032336 0.28638756 -0.066963546 0.5062377
11 -0.22888672 0.41139337 1.1372286 -0.80975425 -0.44943127 0.7787796 -0.33664033 -0.12269741
42 -0.6452762 0.22390552 0.9017112 -0.79042846 0.015096177 -0.050611965 -0.16712557 0.82120544
9 -0.25446412 0.20800126 0.86468345 -0.8716604 -0.1749633 1.2879335 0.7702627 -0.124936335
10 -0.3708605 0.32823557 0.15621975 0.98423564 0.1084475 -0.85715485 -0.27604836 1.0948027
0 -0.035395574 0.7610456 0.40975887 1.1570784 -0.2525174 -0.8463549 -1.2477119 0.66816497
29 -0.690887 -0.2838755 -0.014701108 0.24478455 0.7404868 0.78208876 1.0482136 0.12829232
35 0.9486774 0.5120244 0.31234577 1.8014631 -0.15930614 -0.79464394 -0.8966792 0.63784826
23 0.82726586 0.5052684 0.4619349 1.9352967 0.088172905 -0.86090827 -1.3656429 0.2012929
22 0.94106144 0.6682403 0.6516159 1.4689821 -0.3254987 -0.74560857 -1.1911916 0.42271128
3 0.6220671 0.29298553 0.48807308 1.7125746 0.443454 -1.1338683 -1.0995858 0.5798903
37 0.6783609 0.4168688 0.49254525 1.835132 0.049835954 -0.93004644 -1.282595 0.35654834
32 0.9134975 0.63310957 0.3517955 1.8065245 -0.18088874 -0.6863309 -1.036536 0.3463
21 0.7164092 0.34722757 0.383589 1.9016235 -0.015540886 -0.9880558 -1.2618697 0.61363786
48 -0.24032423 -0.41051605 0.28945315 -0.26491874 0.54272807 1.5145591 0.9270607 -0.22996826
2 0.5465156 0.52307504 0.36597872 2.0180838 -0.11630201 -1.010046 -1.2249833 0.43067458
30 0.43676287 0.25133502 0.18962875 2.1325576 0.3405191 -1.0228784 -0.9399362 0.5102501
33 0.9091143 0.65800923 0.57242924 1.7286477 -0.28988454 -0.7437531 -1.3399725 0.3306613
46 -0.056885432 0.5521223 1.0642439 -0.587861 -0.26089326 0.8374091 -0.44132075 -0.40624812
8 -0.8323747 -0.35421097 -0.7206287 1.4117329 0.731994 -0.23677705 0.5939876 1.0797918
