50 8
39 0.60243595 -0.10468476 0.5504729 1.1504942 0.3564434 -0.534696 -0.5302128 0.045155697
19 0.16652477 0.14362913 0.4017982 0.4936923 0.46579152 -0.8277459 -0.74468434 1.0021086
40 0.39860392 0.009995927 0.23690172 1.1721357 0.4065286 -0.5303086 -0.51718026 0.63208616
26 -0.79303443 0.20225464 0.2766934 0.13546287 0.36051935 -0.20501564 -0.17736822 1.4742467
15 -0.6035626 0.44601688 0.40369496 0.56061214 -0.019730348 -0.43952984 -0.23949192 1.2934111
1 0.2515979 -0.5233789 0.9888363 -0.27655712 0.32687423 0.7662369 -0.1556649 -0.39890724
23 -0.04208927 0.29956755 0.67446965 1.0540917 0.16833287 -0.6236399 -0.7448625 0.13934045
6 -0.83246756 0.10687833 0.33822772 0.016220622 0.5750558 -0.351459 -0.38102865 1.3241098
34 0.910151 -0.45925456 1.139858 -0.23500988 0.32279608 0.7044911 -0.11903527 -0.7383519
24 0.010878729 0.05077557 0.53269386 0.6842224 0.41922098 -0.85764045 -0.7314811 0.6808877
2 0.66455233 -0.13291433 0.6564345 1.2212987 0.010373638 -0.17048173 -0.49513268 -0.25707793
44 -0.087191485 -0.18916568 0.31782764 0.9658496 0.29675058 -0.27333695 -0.3162028 0.66936815
43 -0.41502652 0.3455299 0.21228303 -0.46553874 0.8923131 0.57907504 0.28298673 1.0413624
14 0.35411587 -0.07822862 1.1931779 -0.15416427 -0.07415556 1.2195036 0.14563642 -0.83017516
31 -0.483608 0.28639334 0.54867935 1.076769 -0.28947255 -0.40702403 -0.5414449 0.74278724
30 0.42230442 -0.21969853 0.18953349 1.629985 0.35733414 -0.7085403 -0.55531925 0.594488
25 0.95132047 -0.35583797 0.7137506 0.33963555 0.24059626 0.6610732 -0.3425755 -0.46166587
12 0.014242098 -0.051198337 -0.00045276745 1.2616012 0.41504234 -0.32423216 -0.34711376 0.9148274
18 0.0146900825 -0.24671458 0.3227895 1.2219913 0.046958942 -0.6093842 -0.5962392 0.9332881
17 -0.36777878 0.37337792 0.57553506 -1.0438868 0.46382487 0.9539578 0.118135326 0.8669808
9 0.22434804 0.025939213 1.195943 -0.5320922 -0.16538548 1.5115525 0.6889367 -0.45564654
38 0.68885136 -0.47401744 0.8510112 0.69792235 0.21901199 0.9294143 0.0027410681 -0.99150455
42 -0.42391917 0.38384262 0.34004658 0.5208956 0.0091369115 -0.5386749 -0.4111259 1.4825274
16 0.6814984 0.13250539 0.90605307 -1.0161982 0.79683506 0.41752154 -0.47309184 -0.026310958
37 0.33288476 -0.3517855 0.23890588 1.811416 0.031739302 -0.544293 -0.5291248 0.5275479
49 -0.42868644 0.28191915 0.94614774 -1.0625049 0.51467997 0.8873514 -0.034226373 0.16673861
8 -0.2966609 0.09764415 0.011782159 0.8719837 0.13845213 -0.0541353 -0.45270404 1.2733
41 0.16858512 0.18833514 0.60123235 -0.41274595 0.9645607 1.0138596 0.6565177 -0.15145941
27 -0.1698938 0.69309753 0.6162187 -0.91312635 0.52172077 1.0078988 0.6572764 0.6601518
29 0.088330105 0.06296647 1.0556144 -0.09406345 0.33261344 -0.12240353 -0.5915368 -0.23380056
4 -0.44757807 0.5467752 0.9564391 -0.87621874 0.2512166 1.4303403 0.96356094 0.023349464
11 0.14574373 -0.21228062 1.1788986 -0.5965956 0.17519635 1.3988512 0.16647914 -0.7176499
21 0.79941785 -0.4675098 0.47033843 1.1976577 0.3320583 0.08379434 -0.49027315 -0.33350632
32 1.1770924 -0.21694337 0.7757325 1.3700091 -0.026066292 0.37270278 0.027391229 -0.87879294
0 -0.09909143 -0.15734874 0.25273794 1.5730078 0.40140545 -0.92656773 -0.79556197 0.6600654
36 -0.31524098 0.37460834 1.1066463 -0.8873559 0.43931693 1.2091358 0.7703832 -0.19469193
28 -0.63237035 0.80863494 0.34125456 -0.6816423 0.5708865 0.85036767 0.7874025 1.197243
33 1.0619678 -0.5303254 0.9132129 0.84832484 0.40933865 0.5328259 0.075208776 -1.1437479
3 1.0520344 -0.4473593 0.51070976 1.4677836 0.40006542 -0.40397325 -0.6045196 -0.3426115
20 -1.1016308 0.3945095 0.6878503 -0.9834227 0.39081165 0.64922494 0.5019883 1.1450398
5 -0.093408585 0.45186174 0.60254437 -1.0939243 0.54486006 1.0993589 0.5209137 0.7796877
22 1.1285685 -0.71707165 0.8296914 1.0334233 0.24853669 -0.08900441 -0.31404874 -0.57316047
13 -0.71479696 0.44753784 -0.026787065 0.8867337 0.27620664 -0.38545367 -0.3260896 1.5959485
46 -0.16799952 0.8326098 0.7834355 -0.7422576 0.40916803 1.0730973 0.3682715 0.16970225
35 1.0260624 -0.21025223 0.77297926 1.0683606 0.12394848 0.6754379 0.20932458 -0.9370235
7 -0.48925942 0.32344568 0.018485807 0.9552038 -0.09372909 -0.37128958 0.026814695 1.7929211
10 -1.0298234 0.72288966 0.16209291 -0.1858724 0.18813524 0.73498815 0.5828042 1.6023128
47 0.46119988 -0.49647355 1.1659191 -0.16977581 0.06564558 1.182416 0.42292038 -0.70858085
45 -0.47904578 0.35790393 1.4534873 -0.837248 -0.025916273 0.8146028 0.28772277 -0.3467436
48 0.83662504 -0.483987 0.57569396 -0.7322994 1.209553 -0.32402906 -0.4878541 0.635543
