50 8
36 -0.44468996 -0.033257466 0.36048982 -0.63737226 0.55733067 1.0720555 0.5576486 0.4028416
49 -0.31992692 0.0818983 1.0894006 -0.40509164 -0.3289558 0.3791871 0.10948105 0.87586325
28 -0.7835537 0.09257711 0.5977517 -1.0040818 0.309335 0.9082324 0.6415271 0.9448563
18 -0.14893079 0.11167349 0.120759144 1.4034547 0.81716305 -0.49633577 -0.5777425 0.21262594
43 -0.63269883 0.2793939 0.66583115 -0.7814409 0.5917909 0.7647474 0.58621615 0.35708734
6 -0.8909627 0.12270213 0.6614289 -0.81404895 0.9156577 0.5793833 0.5080571 0.3663006
25 0.9251 -0.711587 -0.42638487 0.94187033 0.7363166 0.92243415 -0.16972207 -0.14938502
45 -1.3358667 0.27587977 0.57890403 -0.25978282 0.88491786 0.061901815 0.2231239 0.55877656
12 0.59360564 -0.2945859 -0.41248825 1.5547217 0.9513897 0.11097892 -0.21498667 -0.04484137
17 -0.59760654 0.48650527 1.2488415 -0.6712038 0.10603873 -0.13671595 0.12661111 1.0300069
16 -0.0017586793 0.029786456 0.61874336 -0.77005076 -0.14833385 1.1652946 0.2984618 0.6980834
1 -0.7751967 0.5637895 0.90146434 -0.014882616 0.17635658 -0.03868649 0.3972452 0.6451884
19 0.21201201 0.40239796 0.8646276 0.97762007 0.31909528 -0.85464144 -0.58167756 0.5078553
39 -0.6477243 -0.033804726 0.06298986 -0.16747415 1.3158526 0.88828963 0.47621432 -0.3130689
38 -0.66365904 0.46374336 0.12540737 -0.4248521 0.55292284 1.2014878 0.70403016 0.24547835
42 -1.2259127 0.29383358 0.8256252 -0.40363327 0.9564688 0.08812898 0.3058494 0.23599574
20 -0.64943945 0.42436287 0.79924935 -0.2384542 -0.002296639 0.09143216 0.28157723 1.0649765
10 -0.33102614 0.6618884 0.622327 0.6508132 -0.51440173 -0.13503848 0.21545577 1.1619676
21 1.2380618 -0.31905448 0.34811786 1.4344927 -0.42545575 0.21639585 -0.9202951 0.41351855
8 -0.8931966 0.055032745 -0.20884468 0.15913236 1.3316238 0.55535924 0.4185734 0.14889927
26 -1.0991827 -0.04309405 0.12839435 -0.41110843 0.7429631 1.1939284 0.7530877 0.229704
41 0.28150132 -0.6048113 0.025421666 -0.5025286 0.53587687 1.819618 0.3098372 -0.16911186
24 0.59583515 0.5792598 0.7596636 1.4724276 -0.16343583 -0.69985515 -0.5877272 0.47116038
31 -0.6688231 -0.3272098 -0.48938212 -0.113216646 1.2646693 1.2195046 0.386814 0.16110097
29 -0.17083204 0.17635782 0.45452225 -0.1010239 0.11235978 0.85998464 0.21498837 0.27991492
14 1.6546987 -0.35329968 0.5305716 0.61446255 -0.71906143 0.8135238 -0.6920179 0.45146093
30 -0.56063646 0.09883937 -0.06935282 1.130239 1.0685363 0.09833479 -0.32021868 -0.28725147
34 0.74954706 -0.59202355 0.04894872 -0.5832207 0.3869888 1.554817 0.2785344 0.30250636
4 0.24224783 0.17351907 0.8432759 -0.92228526 -0.31763783 1.3525085 0.40185326 0.49860153
15 0.09786533 0.89199597 0.8816856 1.4232858 -0.13980348 -0.81457096 -0.47225738 0.49428156
13 0.022451218 -0.018156774 -0.3324083 1.6295376 1.0870309 0.13595474 -0.47271866 -0.4322613
23 1.0073389 0.2730663 0.5671326 1.7624425 0.011758476 -0.38900477 -0.69477487 -0.02532341
5 0.45485228 0.6639158 1.1802009 -0.14591901 -0.69373006 0.13302413 0.11603758 0.9825782
27 -0.034236327 0.34407127 1.0677118 -0.9620894 -0.25413203 0.82625633 0.33487642 0.78365517
33 1.3038282 -0.30265316 -0.048153434 1.7739735 0.1733268 0.21516265 -0.6689824 -0.0476653
37 1.33322 -0.15446475 0.4806666 1.5025206 0.12304006 -0.51564664 -0.6838411 0.46238652
9 1.0277911 -0.06654947 1.0443027 -0.86310804 -0.595756 1.1035924 0.13846198 0.68432206
40 -0.8068212 -0.25370434 -0.37985888 0.20488773 1.5468948 1.2063768 0.496867 -0.62428665
0 0.99652743 0.35709777 0.7805972 1.9301 -0.16516812 -0.84471226 -0.96965766 0.27932495
7 0.2104295 0.068821386 -0.12467805 1.4526929 0.97025615 -0.56838334 -0.16335504 0.4435905
46 -0.80847263 0.35819662 0.96093255 -0.79315215 0.4326619 0.52288127 0.27038193 0.42922276
3 0.7988968 0.17559043 0.37393332 1.8829736 0.24852699 -0.64689296 -0.7529111 0.24269079
11 1.0682318 -0.25753543 0.95187306 -0.41244414 -0.8151877 1.2226124 -0.40476534 0.49854487
32 1.1128935 -0.054867133 0.002361797 2.07996 0.5666789 -0.3066371 -0.7361256 -0.13006897
2 0.8067109 -0.09540271 0.37236777 1.9384736 0.42310447 -0.38289046 -0.81324565 -0.30151418
22 1.0694792 -0.056803588 0.61495644 1.5744362 0.0033811054 -0.45377675 -1.0262691 0.28384438
47 -0.44362083 0.018210368 0.7378187 -0.68135035 -0.31798226 1.4405475 0.33680362 0.37902892
44 -1.1720071 -0.26083997 0.029806584 -0.026038373 1.7339104 0.52899534 0.35517302 -0.26574135
35 1.4950529 -0.36176232 0.10639535 1.6606569 0.20356242 0.36126328 -0.6421595 -0.31703433
48 -0.96370965 -0.08154886 -0.06008121 -0.63223815 1.4461145 0.97773695 0.35011712 0.14834392
