50 8
23 0.028855013 0.2663217 0.020137412 1.2498187 0.20427747 -0.47690266 -0.4707545 0.30511865
4 -0.19912383 0.23983204 0.7056088 -0.4704622 0.54009277 0.91586995 -0.05136577 0.016280139
28 -0.3390859 0.23326857 0.5955492 -0.63003325 0.73404527 1.1491461 0.2460283 0.33895203
46 -0.5781157 0.10427692 0.7349615 -0.62273806 0.78547895 0.8651584 0.043977167 0.16596562
29 -0.26510873 0.10429515 0.44738045 -0.11229183 0.74591804 0.8181011 -0.20186073 -0.18498763
48 -0.0798343 0.02434423 0.29046458 0.108092204 0.6540451 0.6537422 -0.18205717 0.041940253
38 -0.29226345 0.25423652 0.740797 -0.5694177 0.63194114 1.0463555 0.21016225 0.028521087
14 0.96453243 0.61081517 0.34496257 1.0867368 -0.5188517 -0.012492481 -0.24222365 -0.11287981
44 -0.6174916 -0.29079947 0.6541792 -0.5398089 1.0057179 0.6768932 0.010710233 0.28294387
1 -0.023263691 0.18212064 0.69538873 -0.46439162 0.4779563 1.0194595 0.28214863 0.09253042
40 -0.63582206 -0.43298647 0.6187003 -0.5007691 1.0528404 0.5648491 0.058728866 0.5664492
27 0.17008507 0.20537111 0.9769142 -0.8027968 0.40582463 1.1055598 0.3360977 -0.05648807
41 -0.41526085 -0.13279732 0.65578175 -0.75882983 1.0560051 1.249845 0.024004783 0.081056446
49 0.31644627 0.3524848 0.9893825 -0.71129787 0.0729457 1.3467314 0.41657707 -0.09021563
36 0.21884106 0.32526964 1.0253184 -0.75638855 0.31294483 0.9551021 0.40671715 0.030008111
16 -0.15728259 0.033142325 0.74461263 -0.70474845 0.68264675 1.0221995 0.051839318 0.21560502
25 -0.28030843 -0.020769529 0.16896199 0.41104057 0.5789248 0.21321715 -0.35999623 0.39669955
20 0.34068635 0.22708064 0.5049847 0.25058845 -0.051246457 0.91852564 0.15878706 -0.11128256
31 -0.6495894 -0.26131454 0.7126236 -0.6476308 0.996 0.5909609 0.04492218 0.53194356
43 -0.38461027 -0.07542698 0.79886305 -0.7516689 0.9151237 0.91511536 0.2610038 0.28422788
24 0.76823896 0.55303997 0.23461905 1.3001922 -0.40721014 -0.15328231 -0.075811476 -0.057421304
8 -0.8413038 -0.3992482 0.3985907 0.08110485 0.8382966 0.35161436 -0.08788644 0.52522385
6 -0.3597099 -0.16118763 0.62390286 -0.4774894 0.8882542 0.7710662 0.023616105 0.2103576
18 -0.2133248 0.08943361 0.13972805 1.351717 0.3242913 -1.1746775 -0.63816595 0.5857467
34 0.49025336 0.08273514 0.743446 -0.53850865 0.3616365 1.1825863 -0.011398283 -0.08754521
45 -0.36237735 0.20921531 0.91125035 -0.88243717 0.72001594 1.1778795 0.32916674 0.02417761
39 -0.5242642 -0.07518204 0.75765836 -0.8501608 0.9205941 1.2109177 0.12127641 0.16526496
7 0.51331747 0.36808932 0.10969828 1.7366533 -0.23990244 -0.95216274 -0.26523933 0.37831926
19 0.74677354 0.43190062 0.10380273 1.5262393 -0.24712159 -0.78143257 -0.44624588 0.2879321
42 -0.64603066 -0.317093 0.7170028 -0.77399623 1.1432104 0.5565557 -0.06442188 0.5238895
13 0.0073189964 0.5190296 0.007012337 1.5030373 0.19388041 -1.0272057 -0.4534604 0.36528307
10 0.03067425 0.55920917 0.044399146 1.3891509 -0.06301444 -0.6415058 -0.23396227 0.50905144
47 -0.2416809 -0.014950453 0.7689115 -0.8077863 0.83052516 1.2538013 0.103822604 0.08620086
30 -0.2550338 -0.055023745 0.25294685 0.730747 0.7136618 -1.0906003 -0.65113735 0.68594974
15 0.8065177 0.4248414 0.23472397 1.9013647 -0.58465266 -0.9466482 -0.30016237 0.1644712
17 0.024344914 -0.036618583 0.9866752 -0.9095038 0.5262678 0.85076433 0.16957575 0.35200888
26 -0.9146416 -0.5350117 0.4443229 -0.23949322 1.143277 0.24675836 -0.2386447 0.74595404
37 0.37458327 -0.022473764 0.26329544 1.8536054 -0.18851356 -1.243443 -0.27748358 0.39285585
22 0.51676357 0.0395492 0.30787742 1.8296946 -0.32660085 -1.1787436 -0.43142894 0.32047394
2 0.51506835 0.21165824 0.2886189 1.7809653 -0.41178742 -1.0623964 -0.43323335 0.18945345
9 1.07267 0.5520665 0.8487331 0.46741357 -0.6531022 0.33822888 0.39013746 -0.29926565
33 0.78235847 0.22964445 0.1767302 2.1944027 -0.6009654 -1.0433726 -0.27049682 0.20321637
5 1.2294713 0.7715797 0.43457308 0.9081139 -0.6108861 -0.159683 -0.08086563 0.030806765
12 0.6462771 0.4947437 0.013712796 1.9641466 -0.16905712 -0.8583965 -0.54578865 -0.06787748
35 0.563353 0.17114076 0.26098165 1.7944187 -0.33614144 -1.2789476 -0.47894648 0.45798564
21 0.97788155 0.49600744 0.2768456 1.969443 -0.7450608 -0.9147083 -0.39391938 0.15303808
3 0.45705566 0.40039223 -0.016006777 1.9512888 -0.10236238 -1.1783504 -0.6285888 0.27739924
32 0.6775646 0.08678728 0.3630928 1.9024998 -0.5343892 -0.99291945 -0.20909698 0.12420385
0 0.60378325 0.31511578 0.0747472 1.9989374 -0.37829635 -1.1465943 -0.5543042 0.363775
11 0.963346 0.29463363 0.9971938 -0.6513501 -0.14201786 1.4301717 0.23240526 -0.33373037
