50 8
15 -0.11363084 0.9897004 0.16320403 0.26896074 -0.038355783 -1.0466181 -0.12924145 1.27135
19 0.3179249 0.80480844 0.16627724 0.42159966 -0.047676973 -1.1493583 -0.31953293 1.0003994
24 -0.6316603 0.06018388 0.8803183 -0.014664094 0.5360623 0.3620712 0.034606103 0.064137965
17 -0.39721414 0.0664508 1.1294575 -0.13096617 0.5514007 0.60114866 0.28816533 -0.23116542
1 -0.5217237 -0.029361948 1.0781109 0.014201313 0.48649567 0.56547165 0.24949606 -0.14773215
27 -0.2500183 0.01989134 1.188238 -0.41497743 0.78899425 0.37298462 0.32461813 -0.09550028
43 -0.7600739 0.217163 0.95399034 0.010591121 0.5738191 0.50599086 0.1925792 -0.105026424
44 -0.69789547 -0.33436233 0.58789206 0.3417753 0.64757544 0.85868925 0.17327079 0.10304188
46 -0.5938504 0.74337983 0.9279934 -0.1891925 0.18565246 -0.43767208 -0.114606336 0.3865371
28 -0.89248 -0.15015122 0.9073726 0.04024162 0.67623144 0.6906741 0.25751302 0.024364615
4 -0.06642374 0.020929497 1.3209668 -0.13491176 0.4254023 0.75693154 0.1967245 -0.5353158
49 -0.2858036 -0.020468114 1.2765515 -0.3105742 0.61490834 0.42540783 0.27509958 -0.24179651
31 -0.7916563 -0.3698373 0.046916377 1.0613132 0.07992123 0.69646996 -0.12293759 0.55155224
23 -0.36687297 -0.1872322 0.95052624 -0.046948973 0.78983647 0.8012558 0.3264479 -0.17735417
20 -0.5169519 0.11405346 1.3106961 -0.383279 0.54324615 0.4453881 0.44873235 -0.020276034
42 -0.8765963 0.08886804 0.9740763 -0.060069446 0.544183 0.3665297 0.20459357 0.14537919
41 0.034618888 -0.47327265 0.94781053 0.3464852 0.5968034 1.1418566 0.11501635 -0.6968996
38 -0.53825533 -0.036811605 1.1511817 0.1528145 0.4147507 0.9577698 0.3972445 -0.43137848
47 -0.53408146 -0.33172423 0.75789803 0.26215017 0.598374 1.0476052 0.16260399 -0.17656519
39 -0.7704171 -0.2886475 0.72139347 0.4317053 0.5460218 0.9788734 0.119636446 -0.18886182
16 0.4218835 -0.6008204 1.0549356 0.11679067 0.5963653 0.90735036 0.15545961 -0.53626245
29 1.4189149 0.44422784 -0.29386413 0.94896966 0.11203619 -0.63025093 -0.6633387 0.40544438
45 -0.9997231 0.29942054 1.2859614 -0.45470873 0.5017672 0.12506548 0.4842708 0.31970796
36 -0.28610525 -0.2093617 1.2730267 0.08472675 0.5292051 1.1007177 0.26399532 -0.6880742
6 -0.7949504 -0.17097957 0.91562176 0.16372325 0.40536767 0.76706207 0.050434023 -0.032289777
9 1.5790738 0.50716764 0.9493741 0.17472768 -0.10464257 -0.31070238 -0.23066796 -0.3042147
18 0.110387996 0.33947617 -0.8011803 1.5834281 -0.11461712 -0.75529224 -0.7674881 1.1434944
34 0.30460253 -0.5966091 0.9756723 0.34448138 0.3943718 1.1681939 0.11250116 -0.50822496
10 -0.91011614 0.6069714 0.96514237 -0.03916872 -0.010971687 -0.39095128 0.20670718 0.65515035
8 -1.1355021 -0.13649447 0.2107059 0.45850557 0.51923853 0.21397151 -0.014858183 0.7765733
12 0.6355977 0.29415548 -0.7209877 1.2071748 0.22644648 -0.8432306 -0.6497197 1.0974344
5 0.5779992 0.97091186 1.0726085 -0.30098227 0.093357764 -0.60390115 0.17516485 0.14819017
26 -0.6938621 -0.7457249 0.2733472 0.72586006 0.59345126 1.1294304 0.11435291 0.20155272
37 1.3591948 0.5980461 -0.3270357 0.8811321 -0.036378276 -1.4495658 -0.567588 1.1514438
22 0.99367267 0.3030202 -0.37947774 1.1929082 -0.18085058 -1.124405 -0.8428221 0.9449688
48 0.35238707 0.5493835 0.28574213 0.09149336 0.37643534 -0.39537406 -0.2852449 0.62043554
30 0.34117952 0.48744765 -1.0360044 1.5618343 0.05339761 -0.8488489 -0.7184297 1.2092893
0 1.2481203 0.37784013 -0.43577108 0.9457713 0.11455857 -1.2464467 -0.666168 1.0700909
3 1.2211698 0.68553805 -0.268359 0.8323349 -0.02914165 -1.3383694 -0.65230787 1.0404148
2 1.3401144 0.26137823 -0.47441283 0.96297705 0.17029886 -1.013584 -0.5262249 1.039044
7 0.64215887 0.6210938 -0.86189646 1.3288974 0.033797245 -0.8995836 -0.6114947 1.3795754
32 1.4314193 0.444609 -0.7975488 1.4255916 -0.06938458 -1.024349 -0.90554816 0.9464794
21 1.2631413 0.2423107 -0.47561377 1.2861885 -0.1256977 -1.2628412 -0.94563365 0.9606227
35 1.3653706 0.5385387 -0.46718782 1.0655842 0.033763736 -1.3188311 -0.78051734 1.0188469
33 1.4085401 0.49948797 -0.53254247 1.117972 -0.029601023 -1.2307584 -0.68812686 0.9987567
25 1.6197773 -0.08955322 -0.722349 1.5390433 0.15644673 0.614929 -0.7211418 0.09727743
13 0.5699766 0.81371456 -0.98215914 1.3287021 0.026551055 -0.90476793 -0.56193113 1.4849688
14 2.1032176 0.4192642 0.3895499 0.9094989 -0.4336789 -0.1787123 -0.62209076 -0.35886547
40 -0.14947498 -0.6411634 -0.85075057 1.8744538 0.12248214 0.9312307 -0.25456616 0.65854645
11 0.5398028 0.045741078 1.5592096 -0.41112545 0.5068195 0.47216246 0.021233147 -0.7575857
