50 8
1 -0.22064203 0.51063997 0.6678435 0.025450025 0.019463537 0.5703813 0.47442654 -0.07816286
28 -0.70251364 0.5645923 0.32534823 -0.24360207 0.0858077 0.9137886 0.71514815 0.26289272
43 -0.7053762 0.29176137 0.21552669 0.142713 0.1881977 0.9452805 0.5932511 0.10437155
17 -0.49995187 -0.016729228 0.6723092 -0.16736703 -0.13598096 0.600967 0.63952905 0.3124276
49 -0.06850009 0.42616257 0.91912585 -0.5940942 -0.2834937 0.8343173 0.30283496 0.20296054
6 -0.8978599 -0.35397312 0.15871829 0.41630203 0.104769886 0.6465532 0.799082 0.35670018
16 -0.34326926 -0.09135121 0.37238598 0.0038881889 -0.37987822 1.2069111 0.625695 0.16279115
40 -0.93921345 -0.16723904 -0.039090622 0.47970015 0.26625627 0.6429438 0.8293477 0.37274233
5 1.0332977 0.91522163 0.8191696 0.13887428 -0.37475073 -0.15793847 -0.49801624 0.46716183
36 -0.4027901 0.18987674 0.3725517 -0.035124082 -0.29232082 1.1986576 0.8662798 0.036458597
31 -0.9486439 -0.39868638 0.031703804 0.44524196 -0.030285325 0.95110464 0.9644912 0.2859745
47 -0.57462543 0.05852483 0.4076298 -0.067515634 -0.23769848 1.144376 0.7990951 0.14848314
27 -0.48056653 0.009970345 0.40822005 -0.010691334 -0.054430895 1.1530205 0.86328626 0.035638284
20 -0.5775505 -0.0043413946 0.31751204 0.016511528 -0.0686718 0.9362271 0.67071813 0.29069468
45 -0.75296676 -0.26888174 0.31282416 0.44461837 -0.3577358 1.0892172 0.98833454 -0.12931281
19 0.93094224 0.7729266 0.7211396 0.416212 0.24927709 -0.5405376 -1.2504427 0.7415143
15 0.77826273 0.8927448 0.6536781 0.38466448 0.23713581 -0.70879596 -0.8998465 0.8126718
41 -0.5205032 0.026769985 0.1770987 0.35223055 -0.12195051 1.3143417 0.7974731 -0.16216788
4 0.10742036 0.02734136 0.918576 -0.57841855 -0.5254131 1.1417537 0.25372422 0.2190242
26 -1.0222169 -0.4095329 0.117236584 0.77194715 0.10152627 0.2184291 1.0148885 0.3026477
23 -0.04705507 0.88934284 0.83243567 0.23273996 0.6406651 0.009394788 -0.14606723 -0.15838303
38 -0.4402348 0.12228341 0.5683502 0.06454422 -0.2809326 1.183161 0.9724817 -0.21078688
10 0.06389305 1.1010264 0.23133391 0.77932096 0.58648807 -0.48457417 -0.35517815 0.4159938
39 -0.90004134 0.42649615 0.24723794 0.25868082 -0.07596695 0.9180521 0.92348266 -0.090020716
8 -1.1783705 -0.7182188 -0.18075198 0.7571006 0.27579802 0.28942823 0.8233659 0.7044544
34 -0.36478454 -0.013687619 0.5896999 -0.24743849 -0.2414179 1.0241553 0.73538905 0.2301894
42 -1.0399777 -0.38820273 0.1611312 0.44954515 -0.008817171 0.87201726 1.2240498 0.13197298
29 -0.13271414 0.22417378 0.33025202 0.9287049 0.69824976 -0.18604422 -0.25766557 0.13778368
48 -0.019260213 0.576805 0.6954938 -0.45435402 -0.22261053 1.0800176 0.42290503 0.077100515
7 0.7929963 0.30694637 0.44294432 1.036065 0.52964985 -0.70589006 -1.0316447 0.67151016
14 1.2034116 0.6225969 0.695229 0.3660622 -0.009484992 -0.12864915 -1.0842353 0.61827517
24 0.57145566 1.4260427 0.70433056 -0.15155336 0.5137727 -0.3788237 -1.0610507 0.767883
9 0.72342837 0.38363996 1.2744508 -0.5192721 -0.67442054 0.5858906 -0.022517284 0.11364642
44 -0.71389186 -1.0179676 -0.13810357 0.9861427 0.16246694 0.79612166 0.6028587 0.27311367
0 0.88319093 0.052832533 0.45870662 0.73184645 0.5038822 -1.0308816 -1.1434158 1.3670803
13 0.88891935 0.339762 0.35637158 1.1580088 0.73423463 -0.91385454 -1.1199156 0.79170465
46 -0.408791 0.725572 0.79185283 0.24642238 -0.16120629 0.6178293 0.44669542 -0.49135044
12 0.39291862 0.5020193 0.9662069 0.4585531 0.67698 -0.5227508 -0.78240085 0.22141925
18 0.09925797 -0.1870936 -0.07414076 1.7533926 0.67907465 -0.69036025 -0.5302401 0.431974
25 1.1656457 -0.1048199 0.48592874 1.0272965 -0.063637845 -0.535034 -0.89621824 0.7471155
3 0.90860945 0.5059527 0.5346084 0.75236577 0.5636485 -1.0064217 -1.3126674 1.0659187
21 0.9598756 0.46047014 0.5922867 1.0641805 0.46762496 -0.8471465 -1.6392299 0.7643675
2 1.2926167 0.3440197 0.80750716 0.9575692 0.4511438 -1.0059347 -1.5939211 0.78606963
33 1.18285 0.15839638 0.44034833 0.9192349 0.31165168 -0.8987279 -1.2558419 1.1766489
37 0.98610747 -0.15638609 0.65148425 1.0651981 0.36188865 -1.2808691 -1.2256593 1.1964133
30 -0.36548564 -0.5216692 -0.3572461 2.0418735 0.07257755 -0.24817815 0.23927703 0.16351768
11 0.3687595 -0.060265712 0.9448773 -0.6112984 -0.820986 1.2590572 -0.05147291 0.3229141
32 1.0321896 -0.5133808 0.63248074 1.3630799 0.19909815 -1.1992896 -1.045726 0.9937022
22 1.1145852 -0.25946817 0.6685569 1.0708866 0.27856895 -1.1709259 -1.3697457 1.1863477
35 1.0757143 -0.27969307 0.49236393 1.0911294 0.17847621 -1.1640064 -1.0884805 1.2843901
