50 8
43 -0.10485364 0.14206603 1.0510371 -0.019680887 0.8810245 -0.12299832 0.20904455 0.15171534
42 0.07703728 -0.36157987 0.99960124 0.064596795 0.91790754 -0.15914214 -0.031338647 0.12955928
20 -0.92141724 0.2331053 0.47963265 -0.43359512 0.15547544 0.32271075 0.4700759 0.7784928
28 -0.97524464 -0.03812957 0.31288463 -0.7423666 0.1841237 0.48958135 0.027016649 0.9230098
15 -0.85104585 0.6068071 1.115282 0.0061347433 0.3436767 -0.35035542 -0.022174813 0.47529122
46 -0.6963121 0.37785864 0.17562799 0.11806749 -0.058045663 0.58280754 0.036731727 0.8157118
40 0.3057057 0.4394129 0.11656439 1.6968931 0.22225493 0.5392155 -0.044506203 0.10287245
36 -0.8403691 -0.25274768 0.7899468 -0.8403743 0.555007 0.5423502 0.19534501 0.35171485
25 0.6202307 -1.1108216 -0.1546437 0.74825794 0.4622553 0.92501146 0.23993385 0.3098274
6 -0.09306889 0.7108096 0.8691305 0.11425927 0.7404477 0.09401927 0.19326802 0.23968342
19 -0.6473167 0.9239782 0.7339002 0.14634898 0.42679307 -0.5189496 -0.15098129 0.8235702
31 -0.42836913 0.3144561 0.5210272 0.9247888 0.82838523 -0.68858266 -0.42614603 0.36769027
49 -0.623438 0.2771007 0.49775404 -0.8260486 0.39072046 0.9050884 0.37214413 0.5774525
1 -0.34876204 0.009639199 0.84649724 -0.3744114 0.7002086 0.32599783 -0.21333568 0.2728145
18 -0.024341965 -0.67874074 0.5638087 1.536247 0.6838099 -0.82073164 -0.16530189 0.2234409
26 -0.40308204 0.17843981 0.8359138 0.73308265 0.56888 -0.54247826 0.027199984 0.2943563
29 -0.32174796 -0.24995427 -0.24527673 0.21749249 -0.30917552 0.9937803 0.4893464 1.0222956
12 -0.35725912 0.889295 -0.004255772 1.4616103 0.19627249 -0.10971791 0.24497415 0.58032346
45 0.10975156 -1.3717455 1.1395862 -0.23974454 0.8840942 -0.25579005 0.20208035 0.2001509
17 -0.9374098 0.2134993 0.6588802 -1.0417907 0.84773135 0.10511858 0.3507961 0.63121367
24 -0.4075502 0.11084836 1.228598 -0.43407938 0.7956098 -0.226304 -0.23109627 0.3160111
10 -0.8320574 0.683381 0.82265437 -0.19528155 0.21088113 -0.08043874 0.41743588 0.7061735
16 -0.63576096 -0.13710849 0.26893872 -0.83700925 0.50856495 0.5235078 0.2960371 0.8543266
13 0.13741948 0.383247 0.6944758 1.4892224 0.56988364 -0.16339053 -0.13121077 -0.06669393
39 0.21821672 0.20251693 0.87626344 0.79425585 0.86581707 -0.021150138 -0.1595598 -0.10168843
0 -0.14941286 -0.39593023 -0.006701266 0.9623741 0.48699903 -0.44224268 -0.06567739 0.81799614
27 -0.3651864 0.4647139 0.6125384 -1.0972173 0.4834713 1.0622003 0.32378012 0.6235253
34 -0.21060877 -0.10419888 -0.029085055 -0.4071364 -0.0028833712 1.2431531 0.04726808 0.8887515
8 -0.18486014 0.6839914 0.30620065 1.5092196 0.18181111 0.004766161 0.036747213 0.31375903
5 -0.57556075 -0.20597365 0.69949144 -1.2149975 0.79196006 0.28924558 0.3799874 0.70845014
38 -0.1020778 0.52040255 -0.18492426 0.1433558 -0.34422526 1.8637991 0.2647759 0.65713
21 -0.21275744 -0.23242213 -0.83793205 1.6486065 -0.19409531 0.86372775 -0.22652288 0.6881916
23 -0.11656553 0.89007664 0.88724715 0.12387588 0.69990283 0.2981171 -0.28422728 0.15249775
2 -0.10403936 -0.33657026 -0.14217447 1.6493181 0.0970563 -0.10112153 -0.087266386 0.6195619
30 0.58303356 -0.6516405 0.5667295 1.4823358 1.1623547 -0.60874456 -0.3310534 -0.05052437
41 0.32448357 0.16964398 -0.7488537 0.9406975 0.2789583 1.7364013 0.062964566 0.27462307
7 -0.58567166 0.8403514 0.12222604 1.3266292 0.17759813 -0.7781411 0.21926795 0.95685965
11 -0.25808245 -0.9385263 0.07740561 -0.5609003 0.13426544 1.3875548 -0.006502644 0.5912386
44 0.516737 -1.0956893 0.63702375 0.990525 1.1202947 -0.30384776 -0.19417955 -0.093824565
14 0.17314848 -0.8716545 -0.31688982 -0.20174973 -0.2678471 1.7940382 0.165038 0.8744536
9 -0.2661772 -0.08976777 0.23940335 -0.4909705 -0.4868586 1.6474285 0.76087743 0.81874746
4 -0.22919592 0.023755886 0.2797437 -0.73106265 -0.18377826 1.7073364 0.20548211 0.72656065
32 0.6856083 -0.9174055 0.40277246 1.3083187 0.9914614 -0.38870516 -0.2238137 0.1834959
3 -0.018857677 0.72902685 0.18018779 1.1716853 0.523254 -0.4653196 -0.18701729 0.7578678
48 0.013792573 0.7633997 -0.38562056 0.2982446 -0.17326413 1.617212 0.19032715 0.8035124
35 0.67058265 -1.1278986 0.34010264 1.7315536 0.5262417 -0.050856605 -0.23070917 0.094186075
22 0.07260698 -1.5823646 0.30866173 0.8231262 0.9587811 -0.32622835 -0.9097248 0.2311543
33 0.7223007 -2.090366 -0.42168877 1.7671295 0.60241836 0.13247131 -0.40809655 0.39839742
37 0.8145357 -1.8510852 -0.49801734 1.9694039 0.1626864 0.40891904 -0.45187518 0.55749357
47 0.14083248 0.45395866 1.5189346 -0.062081777 0.27064365 0.8025905 0.5809321 -0.23220487
