50 8
34 -0.12342885 0.2622908 0.6241892 -0.2986987 0.9391218 0.70446676 0.041884653 -0.41448143
23 0.16134702 0.12799428 0.7020284 -0.15126066 0.594942 0.64884174 -0.30145958 -0.53361565
16 0.05917495 -0.3972208 0.8082935 -0.48160517 0.23726708 0.19908686 0.0507904 0.28755662
24 0.36595997 -0.004291783 0.7457164 0.085215844 0.29123953 -0.3665188 -1.184687 -0.062436324
15 -0.027060334 0.09838582 0.9063008 -0.28111297 0.35515654 0.60008836 0.018949296 -0.36197495
25 0.39229435 0.3692433 0.08774609 0.9874764 0.7671189 -0.074761786 -0.59340495 0.061977956
43 -0.40965804 -0.3184159 0.9383133 -0.6955488 0.21530916 0.737999 0.8241455 0.2824616
38 -0.42423573 -0.44108602 0.7729564 -0.3288973 0.050478864 0.8684799 1.0457875 0.42945
4 -0.25634953 -0.5528891 1.037821 -0.85853505 0.026450636 0.47742575 0.3958793 0.4024977
14 0.39944583 0.2531384 0.74512535 0.10327674 0.44829962 -0.19757314 -0.92933017 -0.2561389
40 -0.103379354 0.1790174 -0.08344602 0.92000145 0.8294552 0.6174258 0.5460083 0.24894765
49 -0.5492364 -0.19317116 0.9721713 -0.9393913 0.5428177 0.8198318 0.5144613 0.0053198263
1 -0.29929677 0.0117805675 0.83122116 -0.60620075 0.6722585 0.9202511 0.42463064 -0.30173525
28 -0.49265435 0.05115727 0.7743209 -0.6564934 0.7781279 0.6466933 0.36160493 -0.019846484
27 -0.40091798 -0.37681416 1.0921968 -1.0409976 0.3704906 0.518899 0.4950564 0.13660453
36 -0.41439947 -0.1334213 1.2154232 -1.1454717 0.4897201 0.52785784 0.065227516 -0.23228729
19 0.6007162 0.42119104 0.36284673 0.88976127 0.8174298 -0.7465096 -1.0995722 -0.19528662
45 -0.6208487 0.15932344 1.1101341 -0.59519255 0.24928689 0.8783265 0.82761276 -0.06347912
29 0.6191414 -0.19845098 0.109685056 1.2444448 0.25067505 -0.6444865 -0.61670476 0.61934316
41 -0.46874708 -0.007819153 0.91402984 -0.6442249 0.5826138 0.9627158 0.41801003 -0.3741035
42 -0.55534726 -0.09481444 1.0065416 -0.92567974 0.5873967 0.96442074 0.6436941 -0.14361823
20 0.20794411 -0.9771886 0.8825541 -0.5276763 -0.19826417 -0.14686894 -0.38741145 0.6124074
2 0.78141254 0.2713951 0.22665854 1.1080247 0.73352706 -0.74023616 -1.0722574 -0.014456023
44 -0.48332953 0.0031767834 0.37335193 0.06701146 0.6930055 1.1253345 1.2844676 0.12003893
13 0.6967996 0.21254264 -0.05389351 1.6630304 0.38168854 -0.5690765 -0.6289634 0.6263571
46 -0.43791014 0.06851112 1.1727257 -0.9111353 0.42396995 0.66983604 0.23887326 -0.19750819
12 0.5208229 0.5786464 0.039454427 1.3523928 0.96757674 -0.48979828 -1.0049602 -0.12667699
3 0.62971437 0.36524454 0.22870655 1.2489109 0.6495087 -0.84716535 -1.2133149 0.048527636
37 0.6844075 -0.38820276 0.14894864 1.4290802 -0.0022707938 -0.839625 -0.7696654 0.8582018
39 -0.29316035 0.3674156 0.6052418 -0.15269339 1.0501374 0.99411255 0.6188559 -0.60694104
32 0.7724269 0.15839145 -0.073379345 1.727629 0.50646615 -0.69722855 -0.8616987 0.49418682
18 0.47162655 -0.33070835 -0.13989668 2.024445 -0.13547097 -0.51441085 -0.32645252 1.0110607
31 -0.51296985 -0.12822317 0.53505623 -0.28136295 0.48500243 1.4578431 1.218625 0.14790009
17 -0.18741682 -0.60095793 0.4612186 -0.18450283 0.36842713 0.7937584 1.1171985 0.51927334
0 0.5374642 0.15674213 0.07048304 1.5643952 0.36393085 -0.5542584 -0.6918909 0.3199123
11 -0.127932 -0.6837401 1.03064 -1.0268095 0.25098246 0.5936127 -0.10791809 0.05965153
33 0.80912584 -0.0038023312 0.25666732 1.2285805 0.29005483 -0.7875177 -1.5528623 0.40624225
22 0.7717162 -0.2595199 0.28871542 0.9836782 0.16891478 -0.99298936 -1.2184017 0.70655805
21 0.7287365 0.02245246 0.12005946 1.585306 0.24615714 -0.63961196 -1.253964 0.26519573
10 0.44288135 -0.5761518 0.10178545 1.3938022 -0.3047327 -0.6920138 -0.5253188 1.3640997
5 0.28153926 -0.4022169 1.2141918 -0.7773979 -0.24377823 0.03917603 -0.38773733 0.31027812
35 0.7069995 0.3818111 0.09775772 1.4911276 0.65887165 -0.8172777 -1.0300329 0.14488767
48 -0.5749513 -0.0055756867 0.81151336 -0.4066703 0.5186661 1.2050986 0.9648819 -0.20778187
30 0.3377146 0.19557336 -0.10403154 2.1865866 -0.23546451 -0.2634401 -0.08524088 1.0470902
7 0.8092017 -0.033543438 -0.20312336 1.9792144 0.23369893 -0.6169302 -0.6241283 0.82915574
26 -0.43857765 -0.5441196 -0.011285477 1.6612879 -0.5686507 0.16322538 0.77468675 1.454236
9 0.2280493 -0.79608774 1.3730749 -0.97719 -0.19351563 -0.384882 -0.37508902 0.18881103
47 -0.58755046 -0.017678306 0.8519628 -0.47830507 0.47369263 1.485051 1.0343746 -0.28701052
8 -0.39849558 -0.5474761 -0.047444414 1.8874097 -0.80324566 0.110742696 1.0811229 1.7904853
6 -0.2742378 -1.1649121 0.742621 0.55870354 -1.4925789 -0.044500586 0.028501224 1.7639623
