50 8
23 0.06867175 0.482025 -0.09438494 0.522925 0.0681727 -0.7596686 0.08944531 -0.48601413
16 -0.5130372 0.17189701 0.3180378 0.52615064 -0.24329826 -0.5317086 -0.11759159 -0.86156124
24 -0.25245947 0.14131187 0.09382293 0.6285379 0.48910818 -0.1901084 0.0036468687 -0.084881686
34 -0.6869091 0.17132697 0.47321266 0.38861963 -0.10808954 -0.53065854 -0.31298858 -1.0108607
28 -0.32139578 -0.05988779 0.22746657 0.6750453 -0.382248 -0.8422238 -0.19737634 -1.2435958
36 -0.6812863 0.08369084 0.04929545 0.6047087 -0.11366316 -0.54371876 -0.38703486 -1.2141473
27 -0.4492297 0.1709573 0.084878094 0.5152443 -0.2158535 -0.73153436 -0.45996848 -1.0212781
6 -0.15072022 0.35150433 -0.23272158 0.5907921 -0.28500172 -0.88368624 -0.34920874 -1.0161134
45 -0.49159878 0.2966442 -0.083743475 0.4528501 -0.20946647 -0.7100383 -0.5762897 -1.1338875
40 -0.41384816 0.6109652 -0.11040083 0.27566248 -0.1761368 -0.76512545 -0.5760728 -0.95832205
39 -0.30036142 0.5447731 -0.3086114 0.4317843 -0.19178738 -0.78786814 -0.5779094 -0.9816375
42 -0.24715719 0.47204435 -0.33934027 0.48680937 -0.32031834 -0.89305806 -0.3800153 -1.017425
41 -0.5030811 0.37207976 0.042843204 0.41356847 -0.28549236 -0.6611473 -0.5002594 -0.99204046
12 0.04228231 0.100980796 0.08625947 0.72495306 0.02967144 -0.1368215 0.43981874 0.9644976
43 -0.6976117 -0.23421887 0.40297753 0.5899543 -0.0822784 -0.6827227 -0.31528854 -1.2211308
31 -0.27112648 0.47005263 -0.27030954 0.49055532 -0.27359337 -0.97148925 -0.48006198 -1.2950801
4 -0.7306174 -0.22113237 0.51489973 0.567134 -0.3595158 -0.6681105 -0.31827027 -1.1635528
38 -0.26075485 0.8185989 -0.1434966 0.19088726 -0.1655095 -1.0049766 -0.48419747 -1.085607
46 -0.5620175 0.07219476 0.005356746 0.5172722 -0.43130562 -0.653555 -0.5373537 -0.9244005
1 -0.17630053 0.3593819 -0.13527001 0.5406723 -0.12999165 -0.87057793 -0.38266632 -1.0113225
29 0.41496775 0.97358286 -0.33950767 0.22776446 -0.452157 -0.6889305 -0.095338345 0.66197884
49 -0.736125 -0.31348598 0.29794845 0.70774627 -0.31322256 -0.4844809 -0.4549846 -1.193671
26 0.40175095 0.6834557 -0.13057692 0.3279307 -0.15969971 -1.1810887 -0.27055237 -0.3401382
44 -0.19565213 0.7496843 -0.38476893 0.2821574 -0.21639319 -0.9453267 -0.73515296 -0.956798
20 -0.09029861 0.39404106 -0.12937203 0.3260211 -0.1523082 -0.9988429 -0.5683242 -0.4417486
17 -0.7593464 -0.42342633 0.40891987 0.6579431 0.23126164 -0.44186366 -0.21146613 -0.7595162
19 0.009027527 0.18046726 0.25835013 0.8424331 0.29359126 0.53544 0.50045455 1.3254607
48 -0.4358008 0.3454421 -0.051688172 0.42018753 -0.3854616 -0.8639131 -0.6747281 -1.2950858
15 0.08842742 0.31597838 0.0833334 0.7972163 0.52713543 0.35202363 0.4523136 1.330457
9 -1.0479916 -0.4402219 0.44008294 0.8062248 0.12361141 0.66190284 -0.24553767 0.25976273
47 -0.7449074 -0.021728732 -0.016531179 0.6018935 -0.18585922 -0.7425883 -0.63510466 -1.500075
14 -0.6356027 0.12862541 0.32858992 0.6104107 0.21079978 0.7264121 0.10489119 1.4343209
7 0.119242296 0.6621992 0.1962445 0.5352225 0.28861624 0.5403934 0.22821824 2.1457896
10 0.49845853 0.6413884 -0.10076771 0.81587255 0.25154576 0.24524103 0.46034932 1.1147594
8 0.33463597 0.78723186 0.053066522 0.1872541 -0.39868522 -0.9618193 -0.1558848 0.2272647
25 -0.122730836 0.5413879 -0.018673351 0.45045477 -0.37793085 0.37371445 -0.2573115 1.537049
3 0.2459071 0.7853014 0.24895512 0.54695624 0.33478191 0.4504352 0.42560208 1.8202125
21 -0.21894509 0.25579703 0.64852166 0.652765 0.58597404 0.8086284 0.4076244 2.146588
2 -0.099097736 0.11401177 0.5470978 0.903964 0.46245655 0.6491359 0.6712528 1.629193
0 -0.06472496 0.32029396 0.6483859 0.6747644 0.4995398 0.6950168 0.32051003 2.0159888
13 0.014239393 0.41350904 0.39546138 0.7038357 0.24221382 0.6132244 0.57218075 2.1818304
33 -0.33831146 0.09554495 0.8532412 0.7101328 0.4811629 0.881881 0.48083073 2.2747676
11 -1.3239398 -0.6472685 0.7769234 0.65133154 -0.09665292 0.3591387 -0.5312793 -0.34663358
5 -0.4504813 -0.54155964 0.56992334 1.1601061 0.20974056 0.83225113 0.35384598 0.95152545
22 -0.45312464 -0.10701361 0.81471145 0.7966089 0.30438924 0.9743716 0.36763927 2.1469195
35 -0.42336106 0.026613353 0.88846034 0.6908211 0.24189205 0.89449626 0.42395377 2.021852
18 0.4150023 0.8738303 0.147327 0.5450444 -0.058797147 0.28672928 0.5594908 1.8257508
32 -0.2699392 0.40938944 0.7024493 0.6493644 0.34788793 0.95986176 0.51034015 2.327443
37 -0.014309051 0.5327752 0.56394947 0.5972909 0.53059596 0.72867125 0.47740468 2.3029497
30 0.69572544 1.1398538 -0.14096947 0.5725482 0.13080756 0.4393417 0.4636466 2.231548
