50 8
16 -0.43590814 0.27860495 0.29192802 0.169241 -0.71463794 -0.115810856 -0.05213553 -0.7576761
1 -0.33705696 0.67173463 0.0879266 0.5558225 -0.43420178 0.4372112 -0.033693917 -0.35298496
13 0.61699194 0.50689954 0.25143927 1.0888513 0.13171886 -0.83102906 0.66957945 0.4231793
6 -0.25535074 0.15002513 0.07508162 0.6671526 -0.46245933 -0.7466759 0.42271376 -1.1599157
27 -0.47684664 0.654557 -0.4490473 0.78940463 -1.1588576 0.06601686 0.18613078 -1.1842333
36 -0.4767476 0.21366116 -0.08755564 0.8080643 -0.7242291 -0.08702203 0.36506292 -0.9513258
4 -0.4102643 0.71083385 -0.30566958 0.69539833 -0.92314947 0.13939357 0.15179963 -1.038028
10 0.30883318 1.0912913 0.029908678 0.9012973 0.088232644 -0.10364607 0.6513467 0.07439613
20 -0.22751723 0.7648851 -0.25719044 0.7185802 -0.8813915 -0.0022681954 0.049981292 -0.8101148
26 0.029551188 -0.6635319 1.2746824 0.19431753 0.47013876 -1.5055041 0.041370194 0.35189515
34 -0.1949596 0.8173786 -0.30294046 0.8386358 -0.522886 -0.22502983 0.29462916 -1.1470697
43 -0.4476606 0.1373249 -0.087466136 0.8115263 -0.61090654 -0.5900957 0.6494602 -1.5407376
46 -0.6106207 -0.00537209 1.0011723 -0.091337085 0.20673195 0.19139722 -0.18483791 0.63719505
14 -0.53393734 0.99600095 0.06754205 0.33264324 -0.35453397 1.0268389 -0.2848395 0.124175034
28 -0.39198273 0.3376606 -0.15812181 0.7536338 -0.7922974 -0.28116965 0.3543171 -1.2660958
9 -0.62517893 0.9045509 -0.21769564 0.60306334 -0.57744473 0.7056963 0.39280385 -0.9113422
15 -0.46780768 -0.32942542 1.5101722 -0.25636226 0.6078146 -0.33813602 -0.4478002 1.1772286
38 -0.5905247 0.80829877 -0.22010046 0.38675544 -1.0968266 0.47443727 -0.13077521 -1.0570135
8 0.0071825483 0.31088692 -0.114194006 0.837121 -0.88501817 -0.69609946 0.47275412 -1.136626
48 -0.28817344 0.719312 -0.36426526 0.8347908 -0.88021994 -0.15098877 0.25235772 -1.0784609
19 -0.23893215 0.41322652 1.1553209 0.009299684 0.6087234 0.5548709 -0.47405425 1.4867626
31 -0.13647895 0.31578842 -0.23809579 0.9104799 -0.8655754 -0.62763476 0.2710413 -1.1631603
40 -0.24600601 0.80073035 -0.24689957 0.74364686 -0.70955926 -0.08592057 0.41604248 -1.0811887
5 -0.47823253 0.48979482 0.7944126 0.08401791 0.42563596 0.49248537 -0.34786817 1.250329
18 0.25543213 -0.22711879 1.1130246 0.15961747 0.05107444 -1.0848125 -0.14849673 1.1992604
25 -0.105878025 0.29140833 0.76726764 -0.1214355 -0.6045961 -0.027143292 -0.6222869 0.8735989
22 -0.4391376 -0.49611768 1.4746675 -0.025780674 0.51767313 -0.030377144 -0.62172085 1.1128182
24 -0.01065928 0.58797854 0.97471565 0.18961303 0.8774498 -0.14656067 -0.31082612 1.5326076
49 -0.95948434 0.05436593 0.14652134 0.37337855 -0.73212564 0.6350666 -0.11656752 -1.0681422
35 -0.44342628 -0.14620581 1.4716072 -0.26853597 0.5436046 -0.11411622 -0.4994993 1.3951524
42 -0.59407616 -0.61169004 0.7647471 0.07158968 -0.24942596 -1.0746175 -0.043449856 -0.48738122
44 0.19910775 0.33059707 -0.102686904 0.8933888 -0.8711179 -0.793664 0.33493403 -0.90401065
37 -0.5058975 0.061616596 1.121269 -0.21171683 -0.14481856 0.6986061 -0.68851066 0.9729559
45 -0.70840526 -0.5020133 0.679769 -0.14847532 -0.68078977 -0.68628985 -0.6056291 -0.46264336
41 -0.3083592 0.6797623 -0.43932822 0.9681454 -0.85344505 -0.18115336 0.35119563 -1.3215852
17 -0.98816997 -0.672782 1.0495375 -0.36039168 -0.015418512 -0.70483875 -0.4704061 -0.81571203
23 0.11400269 0.3862443 1.1689218 0.08942597 0.72819465 -0.44324258 -0.041345548 1.4913125
2 -0.0840017 0.10728997 1.5310241 -0.08731921 0.92449534 -0.28544137 -0.14754522 1.6150488
0 -0.0077758166 0.08095839 1.4785922 0.07356887 0.910559 -0.31270307 -0.061326798 1.5853188
33 0.1687528 0.5872751 1.1904258 -0.08765488 0.6253998 -0.4877222 -0.36326084 1.4492325
21 -0.19262433 0.82331055 0.591682 0.3956624 0.50908506 0.5381015 -0.1855689 1.3034884
39 -0.32869887 0.55700624 -0.35474053 0.7258817 -0.9550172 -0.5283918 0.3759103 -1.4530529
3 0.109635435 0.42293683 1.2494354 0.17631896 0.953675 -0.075621426 0.054267574 1.3883827
29 -0.70504004 0.7859873 -0.17644775 0.14021887 -1.386875 0.84460145 -0.61203426 -0.29391515
30 -0.33671424 -0.71843153 1.541961 -0.1049289 0.46958154 -0.7059779 -0.41299778 0.82644165
11 -1.0572706 -0.12062774 0.63325655 -0.05245114 -0.77934194 1.2673516 -0.7020923 0.27311668
7 0.24549739 0.37463915 1.3001387 0.09769828 0.81734145 -0.6388979 -0.09372304 1.7862875
32 -0.033904675 0.10441067 1.509716 -0.13402735 0.9124665 -0.57724494 -0.12977012 1.5108988
12 0.3846552 0.027616011 1.228279 0.3227305 0.70086604 -1.1322836 0.04022857 1.4365875
47 -0.5556796 0.06543293 0.059966296 0.84448516 -0.21244013 -0.3258111 0.64528894 -1.5596992
