50 8
20 -0.5230652 0.3868357 0.65742725 -0.086674474 0.3185072 0.75358105 -0.16841638 0.33733803
36 -0.5482652 0.32264858 1.2646608 -0.45934653 0.4411613 0.6186221 -0.17597678 -0.049832426
1 -0.3480465 0.5905365 1.011958 -0.2027638 0.4448903 0.27751195 -0.7048382 0.19822054
43 -0.092131555 0.35399905 0.12439178 0.19573842 0.6554942 1.112397 0.5740859 -0.07660949
49 -0.04112831 0.5463865 1.0844944 -0.20266505 -0.09471132 0.494063 -0.22015789 0.30026278
9 0.6995874 0.26912975 0.79812485 0.23497966 -0.6535306 0.46225572 -0.33410206 0.62017703
6 -0.7421292 0.4773564 0.6679575 -0.019342408 0.73014766 0.79955643 0.5722699 -0.23092265
4 -0.23106878 0.4666689 0.41770342 0.021248344 0.38435876 1.1781427 0.4745242 -0.07877901
40 0.2467063 0.6908869 -0.018249976 0.3964089 -0.12387541 1.3967493 0.38790983 0.19071917
21 0.9580787 -0.27282086 -0.07839764 1.4694577 -0.3233285 -0.18193382 -0.57067543 0.79387873
31 -0.3382116 0.5419107 0.091372125 0.32730222 0.29931375 1.0212319 0.5141337 0.28250206
19 0.5124203 0.16285858 1.0771444 0.32086468 0.5983631 -1.0762458 -1.27501 0.4624488
17 -0.50694144 0.11721439 1.2565439 -0.34145388 1.0871798 -0.14010653 -0.057014853 -0.07580331
38 -0.021986216 0.90363777 0.21722865 0.2479987 -0.05010295 1.1659515 0.37755707 0.18438901
41 0.11465739 0.82188916 0.17403786 0.24748167 0.028152239 1.409455 0.6392371 -0.07783335
11 1.0316545 -0.2410291 1.3638422 -0.34214368 0.014419221 -0.19846942 -1.2373576 0.5701728
5 0.8471366 0.19321506 1.1867708 0.04944641 0.4465512 -0.8751538 -0.71234596 0.46413982
39 -0.49441785 0.7020003 0.07201319 0.4613854 0.61771667 1.1184157 0.7151253 -0.31403285
27 -0.34657103 0.810471 0.24935581 -0.1579015 0.3641523 1.3864294 0.4881594 0.155917
48 0.21739703 0.630041 0.43130085 0.087523796 -0.3134912 1.3970244 0.103587255 0.17627802
42 -0.17746603 -0.47353905 1.4052801 -0.19305314 1.1497283 -0.7339429 -0.3567237 0.0977314
13 0.4574109 -0.42971712 -0.782402 1.5319351 -0.03594112 0.9270359 0.017355083 0.6017107
24 -0.15128917 0.7246508 1.1174504 0.20661712 0.70205295 -0.7630097 -0.97167844 0.085951254
46 -0.4241068 0.05427195 1.178328 -0.29616964 0.8605695 -0.18375023 -0.49865615 0.22269198
34 0.60250616 0.28958943 -0.28837863 0.5761054 -0.40437305 1.6751918 0.6043886 0.45588332
14 0.8871521 0.5034029 0.75290364 0.2728244 -0.84155357 0.35739213 -0.4014583 0.87587863
23 -0.36052886 0.855644 1.0932348 -0.014845889 0.82868665 -0.55191875 -0.8435524 0.089331344
25 1.5718466 -0.39699832 0.08788228 0.61470616 -0.5231963 0.63702136 -0.30081952 0.8996398
18 0.8850308 -0.8295702 0.21556035 0.91721606 0.8001071 -0.5228888 -0.18772455 0.40843847
12 0.05180378 -0.8730287 -0.6320262 1.8402916 0.5225947 0.24223259 0.5004265 0.25407198
26 -0.39235532 -0.08783641 0.50514454 -0.04661408 0.9194374 0.8947164 0.39179564 -0.17996916
28 -0.32383925 0.8790993 -0.014115953 0.29432914 0.47600543 1.26979 0.50915605 -0.06454746
47 -0.766407 0.59962016 0.86828196 -0.10877811 0.51310146 0.6347619 -0.2168756 -0.06155448
29 1.0590956 0.4219261 0.1149847 0.27993932 -0.21287769 0.7327535 -0.07763765 0.72306293
44 -0.22182617 -0.32219785 0.63701946 -0.21980143 0.61473066 1.5169201 0.53275025 -0.3893416
16 0.39267653 -0.1119099 0.989786 -0.8382871 0.5748425 0.8348258 -0.25629166 0.27810404
8 -0.4731583 -0.0166785 -0.4741337 0.85580224 0.544754 1.3346907 1.078672 0.14348489
10 -0.6239221 0.18173224 0.076979056 0.8380574 0.23369247 0.19120769 0.32343018 0.7599539
45 -0.37331507 -0.029484272 1.5560752 -0.7117374 0.93351394 0.026369784 0.059594918 -0.081383765
15 0.21353664 -0.8078208 1.4097004 0.76508874 0.75921816 -1.5835181 -0.47894162 0.21068388
33 1.2670227 -1.0146154 0.43129048 1.5728937 -0.34557 -0.922398 -0.59108746 0.92578065
22 1.1649914 -1.0386435 1.0655276 0.8342091 0.2028344 -1.2034233 -1.0880312 0.7248972
37 1.4013785 -1.4596688 0.85498977 0.9555866 -0.13960467 -0.9225403 -0.91352904 0.97769827
7 0.17077968 -0.5361525 -0.3745184 1.7714041 0.78264177 -0.9102476 0.42064014 0.7280234
3 0.18292288 0.18417487 0.16824773 1.559862 0.71953773 -1.5740075 -0.17586622 0.728395
2 0.39677724 -0.957779 0.09583872 1.8700109 0.4064788 -0.9725133 -0.06764592 0.4620046
35 0.7878099 -1.6225588 0.9892926 1.2308557 0.41771638 -1.5859337 -0.8103892 0.8011007
0 0.40651196 -1.6292304 0.57286066 1.5084283 0.7614489 -1.4798641 -0.4641766 0.6711595
30 1.6800077 -1.2401377 0.012036613 1.9424928 0.33657843 -1.0745575 -0.27355328 0.47256118
32 1.8675255 -0.44831306 0.09242815 1.6109929 -0.207 -1.0014578 -0.28451803 0.94755834
