50 8
1 -0.3698832 0.23238005 0.8591835 -0.26720807 0.6313643 0.6468746 0.47139284 -0.15037176
23 0.2630554 -0.09477956 1.0604217 0.3646368 -0.046410996 -0.46969107 -0.36116263 -0.04891933
29 -0.108067095 0.19619448 0.4794743 0.1151304 0.3703004 0.44897342 0.19616918 0.37307563
45 -0.25522935 0.094577864 0.69803953 -0.12497186 0.29451564 1.1280388 0.8020325 -0.28435174
42 -0.4588782 0.11157884 0.5570055 -0.16731831 0.654603 1.0917132 0.6103393 -0.029675605
43 -0.23939292 0.11011437 0.8484284 -0.27811876 0.6852589 0.8925055 0.54602116 -0.3002617
19 -0.15244663 0.42637002 1.0153565 -0.18151386 0.042702705 -0.85744697 -0.19010441 0.8604812
4 -0.39457846 0.3736518 0.97419065 -0.21971422 0.37320957 0.5783907 0.18883222 -0.11423136
14 0.39724153 0.010117146 1.0514557 0.6929966 -0.3635106 -0.3943813 -0.9483143 -0.033277575
38 -0.020494701 -0.10597936 0.57223785 0.10818543 0.35318196 1.2100608 0.61672366 -0.39073947
41 -0.42493427 0.21515127 0.4799508 -0.12327324 0.5447563 1.2094879 0.98414385 -0.15320638
20 -0.5391347 0.12029314 1.0954208 -0.38792837 0.22789177 0.24628912 0.333086 0.13414595
11 -0.38127387 0.036384165 1.341136 -0.67832434 0.29411346 0.35325024 0.24955809 0.038338717
27 -0.37751928 0.24122955 0.83755416 -0.403493 0.595449 0.80456614 0.51295435 -0.004154171
36 -0.3753595 0.25803563 0.93779373 -0.3012627 0.5043821 0.8823966 0.36870798 -0.2780279
44 0.23601967 -0.18245885 -0.14597459 0.6113313 0.05255454 1.2077911 0.78887314 0.30516604
16 -0.18804409 0.017680595 1.3523016 -0.48643047 -0.07245987 0.16878559 0.24059448 0.0020456982
24 0.117679216 0.06625493 0.94272166 0.320978 0.098212205 -0.81816566 -0.8395857 0.66018844
28 -0.7330312 0.39441368 0.4439079 -0.1558466 0.49527887 1.1494306 0.8491754 0.12057571
26 -0.34821203 0.31242934 -0.052414432 0.37856403 0.53112835 0.408308 0.8820383 0.5827414
6 -0.50596374 0.18806489 0.27707362 0.014721706 0.6659642 1.0233514 1.0088445 0.075853944
46 -0.6032181 0.50290334 1.048298 -0.4213408 0.23640348 0.1786265 0.22068195 0.23635802
49 -0.5133387 0.23939748 1.3432239 -0.80434966 0.5977577 0.6416405 0.22510166 -0.092269056
48 0.054024752 -0.072329395 0.42691702 -0.0073690354 0.15173507 1.3818744 0.98274577 -0.22421573
25 0.96501935 -0.30189914 0.010889171 1.5764364 -0.22504047 -0.014360697 -0.64123136 0.35506952
39 -0.017847134 0.068078496 -0.025295055 0.6060682 0.045928217 1.3045712 0.8865039 -0.08232815
47 -0.19311474 -0.1855634 1.1101844 -0.41331607 0.49270847 1.2781991 0.4631313 -0.5670378
34 0.2619072 -0.31103754 0.8182803 -0.005187902 0.49745536 1.4069599 0.30197796 -0.6281615
12 0.9661939 -0.20696425 0.023399144 1.9045291 -0.30834496 -0.51844496 -0.6614436 0.2219063
30 0.8706533 -0.08610153 -0.28527808 1.8795305 -0.36362886 -0.6617486 -0.2653153 0.7631496
17 -0.51854837 0.28024316 1.0841398 -0.8457008 0.5703601 0.002002257 0.6095685 0.5738321
18 0.76668614 0.010946644 -0.5626483 1.8378356 -0.03704775 -0.23068811 -0.3029764 0.889603
5 -0.66249114 0.4623725 1.0483327 -0.71255 0.46725947 0.21983741 0.7351175 0.31005213
9 -0.3227491 -0.03876932 1.390741 -0.55760676 -0.1553216 0.03569254 0.43714648 0.08571999
15 0.23142321 0.35537177 0.5937023 1.0402647 -0.49710828 -1.4292891 -0.4541589 0.82616466
31 0.26538727 0.1175059 -0.5474794 0.79235464 0.41144863 1.4363478 0.837842 0.38897514
3 0.6893781 0.08457068 0.3721115 1.2918527 -0.075360104 -1.5586308 -1.0038085 1.1142702
21 0.4894258 -0.016307328 0.54587483 1.5267166 -0.6218536 -1.5023474 -1.0042115 0.86301017
40 0.3055231 0.17212646 -0.59693587 0.97854644 0.4835876 1.3586719 0.7630601 0.20514542
10 -0.3998884 0.48329526 0.26402518 0.5007433 -0.14654745 -0.91825354 0.33209765 1.1684585
0 0.4878465 0.067506246 -0.008997381 1.543641 -0.33417624 -1.3485068 -0.5931402 1.2445921
7 0.65897584 0.15079986 -0.38340673 1.6788422 -0.066221215 -0.8265963 -0.19346271 1.0979866
8 0.008651998 0.3867516 -0.52264726 0.7664696 0.8230243 1.2308651 0.68858105 0.35970253
2 0.99562967 -0.340727 0.6251394 1.4503368 -0.8810385 -1.3920982 -0.8931659 0.7864661
32 0.93811184 -0.09170061 0.072739795 1.8977942 -0.788211 -0.9937466 -0.634065 0.7735937
13 0.8915557 0.05851287 -0.46801552 2.3114996 -0.10440516 -0.5443156 -0.7049123 0.5399344
35 1.0532348 -0.1565806 0.087421894 1.8760791 -0.540305 -1.0631856 -0.83366627 0.82750607
33 0.76258624 -0.2657746 0.38424826 1.7668688 -0.8078419 -1.4777191 -0.75150436 0.8315171
37 0.9079498 -0.2087468 -0.036526166 2.0129619 -0.59204865 -1.3934871 -0.82747006 1.2155384
22 1.0095826 -0.28522024 0.17122486 1.8766096 -0.71713614 -1.3753713 -0.9337095 1.0696189
