50 8
43 -0.9084589 0.43676847 0.13229996 0.17209142 -0.39612642 -0.43977597 0.07395195 -0.93846065
45 0.12571912 1.0587995 0.20101042 0.20068438 -1.0851486 -0.79707915 0.01186724 -0.6489073
38 0.24400988 1.0648996 -0.07204291 0.4695255 -1.0147868 -1.0522465 -0.25031343 0.11735094
42 -0.6455776 0.6402554 0.0035121518 0.23190331 -0.014541662 -0.12033211 -0.15741934 -1.1071116
1 -0.2945727 0.72037613 0.20007947 0.23928575 -0.5381319 -0.5314508 0.0182512 -0.58455336
23 -1.0660201 0.31859997 0.30838364 -0.053120818 0.3976238 -0.14278588 0.07616879 -0.7999283
10 -0.60465956 0.08853162 0.87256205 0.30083245 0.8845563 0.64385015 0.06603868 0.69199204
39 -0.51354724 0.936722 -0.41338518 0.26804408 -0.52274203 -0.8319822 -0.31043148 -0.8304784
28 -0.32511207 0.4800623 0.59445757 0.25182444 -1.0492084 -0.71473825 0.273174 -0.6904774
14 0.09839494 0.10273061 1.423112 0.0706811 0.11170145 0.23488744 -0.213087 0.88358223
16 0.04121301 0.9291665 0.41322428 -0.0073544183 -1.0601571 -0.7595495 -0.13404834 -0.66680694
26 -0.55673546 0.8497486 -0.24265711 0.34197855 -0.12690167 -0.41157457 0.059606995 -0.6076937
20 -0.1161908 0.59864795 0.2498206 0.33359364 -0.8013043 -1.103012 -0.21725237 -0.04638868
27 0.013996865 0.6440832 0.27977833 0.45779544 -1.2961323 -0.8513302 -0.27167553 -0.4463993
30 -0.900866 0.68953127 -0.17559959 0.3461593 1.4326487 0.87323916 -0.16251154 0.4301992
18 -0.9259188 0.79347247 -0.21709678 0.042305674 1.4580858 0.5942218 -0.26625445 0.77471346
4 0.15992908 0.17500931 1.0546288 0.45030868 -1.1364634 -0.46626353 -0.15223554 0.12692928
29 -0.111388445 1.2268364 -0.49844122 0.40323886 -0.32659024 -0.5041902 -0.27507678 -0.10630315
17 -0.9765157 -0.20090428 0.8671082 0.09447878 -0.17621846 -0.054776024 -0.20532694 -1.2943554
36 -0.21718137 0.6494916 0.22044407 0.5235204 -1.0365754 -0.606213 0.13747549 -0.58953154
40 -0.81040627 1.0129678 -0.54229295 0.08868915 0.8648102 -0.18950681 -0.049324002 0.48637938
6 -0.36776575 0.9780571 -0.42343062 0.49237043 -0.8537914 -0.6623649 -0.12467504 -0.94371563
48 0.27990773 1.1598401 -0.33957547 0.6863058 -0.96186125 -0.7813754 -0.40049478 -0.43110278
41 0.23437272 1.0156249 0.07145851 0.41337493 -0.9079286 -0.9042568 -0.07164331 0.033737157
8 -0.3933277 1.2290081 -0.64489937 0.31854036 0.04967781 -0.8310948 0.0220593 -0.19430132
33 -0.18371966 0.07588183 1.2745754 0.11177849 0.7799806 0.68338466 -0.35356084 1.376089
0 -0.9250027 0.05079478 0.88655126 0.020280711 1.2904967 0.7164144 -0.097017206 0.6724978
19 -0.8151764 -0.0021647643 0.9687928 0.12128181 1.472104 1.0841411 -0.21218453 0.84498453
31 -0.7511332 0.928667 -0.5550678 0.342059 -0.18785825 -0.8946236 0.003096427 -0.6467386
34 0.70911777 0.7890154 0.6420905 0.5356188 -1.3207363 -0.5416025 -0.32956004 0.29059532
44 0.06695484 1.1299788 -0.39216286 0.59845805 -1.0611303 -1.1027435 -0.32534674 -0.44541606
25 0.5525148 1.1027812 0.30771425 0.11391288 -0.5585763 -0.29907507 -0.5057591 1.0069648
15 -1.3768765 0.11920941 0.47365895 0.0046466016 1.5606705 0.8991796 0.013020048 -0.072209634
9 0.5313012 0.27398518 1.4524045 0.22033913 -1.0518355 -0.10444944 -0.064682186 0.7595491
32 -0.0698497 0.23550509 0.9982518 0.44840306 0.9523802 0.69781107 -0.15991563 1.7094814
46 0.021251827 -0.3200532 1.4415348 0.6113739 -0.73117423 0.37629318 -0.24249417 0.49261972
21 -0.4864304 0.4833263 0.5215597 0.19375518 1.6011827 0.7211266 -0.2814911 1.4330927
35 0.072639346 0.25347555 0.83461773 0.42569444 0.49865913 0.3374857 -0.4895404 1.5475886
2 -0.64641964 0.36300066 0.43819788 0.37550882 1.4902011 0.9986961 -0.20868704 1.0569477
13 -0.9163328 0.45238805 0.094511695 0.36030957 1.7352812 0.57028574 -0.20212139 1.3983207
5 -0.3354162 -0.50453955 1.7245517 0.43470824 -0.2817853 0.6232839 -0.058985382 -0.071754724
11 0.0077393427 -0.13074335 1.439844 0.28849307 -1.315211 -0.019650538 -0.36835763 -0.5068837
7 -1.1807733 0.40253165 -0.17304547 0.5350216 1.5325384 0.5628618 0.04569809 -0.08379459
24 -0.7463466 0.17336188 0.70150274 0.23402296 1.6441082 0.9811323 -0.31148678 1.0632739
37 -0.6534185 0.22285162 0.4738554 0.3315326 1.309927 0.983883 -0.46084177 0.99093056
49 -0.5476882 -0.033054885 0.80997217 0.35363054 -0.8532353 0.1633081 -0.41839534 -1.4204218
22 -0.39263505 -0.076924406 1.0250821 0.47939038 1.1655234 0.8788803 -0.46561587 1.3687259
3 -0.889141 0.15938227 0.5871151 0.30031574 1.7121276 1.0154265 -0.21334654 0.9736118
47 -0.81378734 0.49810946 0.21457085 -0.13824639 -0.006945815 -0.11668761 -0.35232008 -0.91119283
12 -1.0188081 0.35827184 -0.0016176281 0.5865079 1.916429 0.9652771 -0.22768387 0.7070066
