50 8
19 0.2762883 0.30213434 0.5925383 -0.46779022 0.57083184 0.4345438 -0.28422415 0.46486077
43 -0.29273355 0.39896107 0.5691599 -0.635947 0.48716503 0.5617076 0.24482511 0.42510113
39 0.15530568 0.28854555 0.6939533 0.22305016 0.40005964 0.39058143 -0.05581846 0.039256416
1 -0.051784504 0.2283816 0.92787504 -1.0337042 0.6852451 0.52867407 -0.0049899267 0.038043946
38 0.65237343 0.48490554 0.6654171 -0.28756586 0.3834012 1.0600438 -0.16721138 -0.76147413
40 0.35700318 -0.10269883 -0.24165714 1.5340635 0.13593538 0.549034 0.009305837 1.0030917
16 0.6072013 -0.16874819 1.1192749 -0.6541702 0.6945509 0.27678153 -0.4094558 -0.19032332
18 0.5350875 -0.39276668 0.25451747 1.6951662 -0.1456353 -0.0219577 -0.040871575 0.99661624
28 -0.78076226 0.43739942 0.26545954 -0.5844323 0.26068947 0.74413794 0.4259002 0.814552
44 -0.2735734 -0.07427011 0.22723338 0.34575835 0.42256418 0.25028923 0.28842488 1.1301916
25 0.9691117 -0.19670154 0.5389341 0.8204476 -0.12590231 0.5211736 -0.09434403 -0.1369737
27 -0.6680928 0.20869732 0.9859064 -1.2057563 0.53878886 0.52236426 0.2668051 0.18897493
42 -0.6589759 -0.08869503 0.47345528 0.06651143 0.29549745 0.29071212 0.39214328 0.8578562
36 -0.601392 0.3464813 1.011215 -1.2720027 0.21613108 0.7588219 0.233032 -0.1376454
41 -0.19244191 0.40575594 0.5967982 -0.7997308 0.12814145 1.0407532 0.0933546 -0.13277964
34 0.607803 0.27492356 1.0464972 -0.5291247 0.6615471 0.5551699 -0.41725025 -0.52408147
4 -0.7482477 0.38835338 0.7618217 -1.1962521 -0.44954407 1.1207174 0.2946655 -0.035571545
31 -0.016696628 0.29712462 0.10666436 0.35495457 0.42262644 0.6081462 -0.081628524 0.7296529
29 0.90111446 0.007455995 0.577932 1.000107 0.911413 -0.06110533 -0.43911904 0.3918687
12 0.7125668 -0.32026082 0.008562575 1.7241682 -0.22680086 0.5797413 0.0029461407 0.48944965
17 -0.40881115 -0.16996932 0.96957684 -0.28739306 -0.16240849 0.2847341 -0.10266325 0.33659202
23 0.72927886 -0.15241385 0.7640309 0.39045292 1.0996207 0.034274876 -0.49072844 0.19349024
6 -0.73447835 0.06738545 0.20625634 -0.38983038 0.5071742 0.3321747 0.55854505 1.3780099
15 0.63224703 -0.2664721 0.25660118 1.0208262 0.7819859 -0.2537976 0.14240977 1.2191895
45 -0.7035149 0.0898008 0.6121409 -0.69728225 0.106309906 0.48146793 0.33888656 0.75856256
24 0.5274855 -0.01965749 0.75970966 0.3437954 1.1437453 -0.19176176 -0.60104674 0.6156383
26 -0.6375459 -0.2434284 0.11275717 0.29400903 0.24351776 0.2386642 0.7021811 1.3803289
10 -1.0640823 0.11549874 0.2827889 -0.3999785 -0.49682933 0.68570334 0.8066982 1.0733433
14 0.9507402 0.3420779 0.85281855 0.12508543 -0.9441003 1.0544676 -0.33719203 -0.90784067
2 1.3258116 -0.44115186 0.7777728 1.7278296 -0.46026307 0.25000316 -0.36677313 -0.29369608
3 1.2582666 -0.14080486 0.6170923 1.4931964 0.32955596 -0.005631699 -0.53329706 0.15876795
11 0.3583687 0.36306584 1.1559188 -1.3378288 0.5057277 0.78697675 -0.24162461 -0.5590588
0 0.82681066 -0.35057178 0.4326439 1.7899594 -0.26552734 0.11337792 -0.17770629 0.45049208
48 0.24596356 0.542504 0.439839 -0.74818957 0.39453232 1.2942663 0.020550186 -0.49201465
13 -0.41325334 0.0052197212 -0.26565236 0.98150706 -0.46716172 0.72165525 0.46436095 1.2416102
30 0.18051623 -0.5238436 0.22934821 1.7509655 -0.80982506 0.17398302 0.28343675 1.0003818
9 -0.24726522 0.30621514 1.154692 -1.6018747 0.59915274 0.6928311 0.23971605 -0.281593
49 -0.09318905 0.46190208 1.180025 -1.3431001 0.19023758 0.8007237 0.14157286 -0.5204526
5 -0.14360264 0.102274366 0.7966388 -0.99829185 -1.0789595 0.9620476 0.4513544 -0.012703191
20 -1.3463285 0.1676094 0.33084175 -0.8563062 0.23416956 0.40628126 0.82311517 1.476921
47 -0.23094474 0.38860545 0.97323287 -1.1854175 0.06780224 0.8041037 0.27804914 -0.22498359
46 -0.29492962 0.564513 1.1971878 -1.4290153 0.34741163 0.70391154 0.08429914 -0.3580595
21 1.1795746 -0.6997332 0.40894613 1.8441577 -1.0210211 0.6572506 -0.37088794 -0.12742609
33 0.7914296 -0.40580222 0.2628576 1.8597318 -1.5324024 0.8963073 0.10056871 -0.05813845
22 0.08276735 -0.7503079 0.46188724 1.2835405 -1.8925953 0.929528 0.12599444 -0.014918446
8 -0.6296321 -0.25496638 -0.26364955 1.27744 0.1947808 0.18399172 0.33878902 1.8893714
7 0.012466948 -0.052269667 0.00502202 0.46202832 0.33066887 -0.03813322 0.465927 1.7527907
32 0.9682891 -0.42923594 0.13239668 2.274513 -1.6541014 0.8068903 0.10230486 0.16051297
35 0.6569336 0.025417764 0.1758143 1.3459258 -1.5482075 1.223464 0.17038569 -0.30991697
37 0.91695935 -0.61585146 0.6508057 1.8483436 -1.8726584 0.39079937 0.26164216 0.06828511
