50 8
24 -0.5503734 0.02934037 0.56749755 0.4315446 -0.08194761 -0.34079885 -0.08929329 -0.387057
43 0.0182239 0.65542704 0.060697634 0.49602115 -0.72192717 -0.5866808 0.32261717 -0.2634416
23 -0.54757863 0.5034736 0.8841842 0.42148352 0.040397182 0.6616448 0.117977254 0.21799447
28 0.13080965 0.2880345 0.19740601 0.55017793 -0.93820566 -0.45233282 0.3675317 -0.64989996
49 -0.6717591 0.06424039 0.92570406 0.6556512 -0.100657724 1.154387 0.10841591 -0.0053434186
19 -0.12400865 0.16348937 0.008862486 0.6064037 -0.7307669 -0.679368 0.17927128 -0.7584962
18 -0.40861943 -0.15375702 0.22725025 0.33577192 0.14797562 -1.6036903 0.42359015 0.054131985
2 -0.7074673 0.31556585 0.8616885 -0.03421681 0.10076951 -0.38694054 0.32629767 0.61680907
40 -0.6820798 0.1943072 0.5447837 0.13783306 0.6148556 -1.109883 0.2816808 0.34213784
17 -0.485895 -0.08951875 0.43780962 0.5967071 -0.14098151 -0.089377955 -0.06480972 -1.0428104
12 -0.50273174 0.22271015 0.2952676 0.28721026 0.14722134 -1.2547659 0.14427744 0.17694956
48 -0.025603117 0.77921873 0.5210798 0.5582365 -0.5492524 -0.061761633 -0.39097294 -0.07898112
6 -0.1732447 0.31949833 0.28786388 0.33602932 -0.709609 -0.70143235 0.13468572 -0.36268649
20 -0.060562346 0.48257977 0.40189362 0.9860018 -0.6866267 0.6507361 -0.48479083 -0.7038565
39 -0.8544722 0.32586154 0.5762587 0.22733304 0.43611076 -0.45186126 0.084160015 0.34345272
26 -0.10294089 0.17516944 -0.008177185 0.4984583 -0.7018661 -1.5052098 -0.1327456 -0.34663063
45 -0.012362748 0.11996405 -0.14560801 0.9585072 -0.7859644 0.074711025 0.56029356 -1.1276067
29 -0.6459047 0.54114264 0.8556293 -0.22826165 -0.19231035 -0.61869335 0.14248012 0.5348485
42 -0.27261057 -0.08628585 -0.33504832 0.763022 -0.51097304 -0.82940394 0.8052952 -0.7707579
15 -0.2884605 -0.08825785 -0.15615001 0.5589855 -0.49017125 -1.1816707 0.42422885 -0.7791786
41 -0.42112994 0.5939206 0.91723204 0.6834321 0.49294826 0.74058765 -0.011489648 0.43757832
0 -0.42021024 0.15741211 0.25426865 0.12598298 0.033181988 -1.4781824 0.5863989 0.095312685
36 -0.13142133 0.30256593 0.3404342 0.9306103 -0.8918185 1.0824385 0.33543244 -0.6997057
34 -0.4193327 0.6132073 0.8888971 0.61847854 -0.015824188 1.1759055 0.24225558 0.2689492
37 -0.56696653 -0.4866008 0.93261236 0.6518779 0.28535977 0.5874274 0.4718141 -0.41849917
27 0.08499405 0.7913187 0.36713964 0.7264006 -0.9518411 0.64700603 0.06033122 -0.6027044
1 -0.4887061 0.6449469 0.80262536 0.7051491 -0.112419546 1.2996207 0.058316953 0.034153488
10 0.31035095 0.16340162 -0.32100594 0.99623156 -1.3490932 -0.28637186 0.68106234 -0.9793358
16 -0.17455369 0.81064874 0.87640965 0.5387716 -0.51020783 0.997882 -0.11695532 0.0071185664
38 -0.26807237 0.5395522 0.39730737 1.1096601 -0.45503458 1.3739617 0.058283053 -0.35356733
4 -0.1483139 0.77303684 0.5258929 0.9126545 -0.78142107 1.3904179 0.07738268 -0.11212138
44 -0.117097326 -0.04425128 0.02339454 0.55995184 -0.16813104 -1.5980257 0.41476983 -0.0032718582
7 -0.54708356 0.01054348 0.02972958 0.23140977 -0.015340256 -1.9601278 -0.012695774 -0.40806797
21 -0.91100436 0.3720684 1.2433727 0.0023430206 0.6950455 -0.22563319 -0.3529215 0.63914204
25 -0.22986655 0.44661617 0.29122373 0.59093136 -0.5073004 -0.47581947 -0.31272268 -0.09738391
46 0.02366277 0.5942654 0.11019765 1.07238 -0.8750115 0.7912508 0.26006022 -0.2699683
31 -0.18769391 -0.30098873 -0.040127296 0.546218 -0.406619 -1.8116637 0.23404463 -0.47881496
3 -0.8431175 0.20928451 1.165385 0.13161537 0.95865655 -0.10345305 -0.015216442 0.38265088
13 -0.0853714 -0.17601861 -0.3162161 0.608138 -0.6116614 -1.8571378 0.53675437 -0.53793097
8 0.07177536 0.29118165 -0.37846997 0.5212212 -0.722857 -1.7353604 0.5138259 -0.5233553
35 -0.60422873 0.7226005 1.26652 0.35398552 0.8578296 0.58447194 0.082739994 1.2447532
14 -0.7649418 0.5764055 1.0132552 0.6459566 0.65383387 1.3380775 0.25775802 0.5789548
11 -0.6767087 0.28473032 1.2398959 0.84713084 0.43189383 1.8501275 0.30532527 0.47651324
22 -0.48292136 -0.2563698 0.7989452 0.9678942 0.51934963 0.38865447 0.030496912 0.2445256
30 -0.20381747 0.31683376 -0.12025306 0.474724 0.08863947 -1.8048059 0.4674493 0.1925867
9 -0.49287692 0.926838 0.8624074 0.72022885 -0.24257047 2.0124104 0.4659521 0.25758407
5 0.14220375 0.47177076 0.18904947 1.4963068 -0.7252298 1.4347713 0.031655304 -0.83072364
32 -0.22875373 -0.0059330347 0.052397553 0.49181533 0.30133477 -2.0328364 0.5256672 0.59996265
33 -0.89470166 0.14600351 0.7624007 0.2301743 1.49085 -0.9766691 0.42583907 0.85349303
47 -0.27044088 0.534631 0.6440369 1.2361051 -0.22713342 1.7601383 -0.16431151 -0.4239022
