50 8
28 -0.49025005 -0.10231646 0.6925031 -0.59156466 0.45356607 0.67442244 0.4871897 -0.14084154
25 0.39182046 0.25063312 0.7186629 0.23605487 0.46682414 0.44292924 -0.122010365 0.025231255
42 -0.53241867 -0.20021008 0.5159492 -1.0940483 0.85807055 0.41165382 0.39070088 0.4950195
24 -0.27515444 -0.0027145045 0.63794976 0.46363664 0.072638765 -0.055897318 -0.7832042 0.6940959
43 -0.43514344 -0.16361725 0.01275648 -0.5436272 0.8018183 0.5900334 0.58191425 0.76081026
27 -0.14298241 -0.12808777 0.65607595 -0.9142742 0.4852474 1.0266281 0.58215404 -0.15414083
7 0.016959425 0.14227419 0.19915974 0.9276909 -0.08703863 -0.020916397 -0.29002127 1.288238
16 -0.038402755 -0.22711961 0.75149786 -0.7616972 0.6594508 0.9684365 0.33641094 -0.368095
19 -0.106746584 -0.008365081 0.6672261 -0.87065506 0.69234806 0.53969413 0.49637306 0.2042309
26 -0.9269151 0.023168486 0.05256961 -0.8295667 0.089344166 0.5926144 1.0029504 1.1397531
49 -0.42259997 -0.17313075 0.55318946 -0.97633755 0.95438653 0.9949067 0.42613524 -0.2862663
20 -0.5928213 -0.29213655 0.59535223 -0.25755376 0.27658623 0.49000326 0.2392685 0.12694046
41 -0.2770737 -0.14212465 0.6852254 -0.68997186 0.65448034 1.0203989 0.37524346 -0.44485858
1 -0.210567 -0.0017939033 0.40092653 -0.8768782 0.7104905 1.1720371 0.90202695 -0.110299334
12 -0.32684815 -0.029449614 0.8281643 1.4199301 -0.42337647 -0.013817179 -0.63725567 0.18121037
23 0.3262753 -0.114290155 1.3391113 0.121415265 0.42285806 0.3773404 -0.23680645 -0.76900554
13 -0.030022912 0.072643846 0.21868743 1.149072 -0.19166839 0.0052211354 -0.08517221 1.0957804
4 -0.08840091 -0.36745518 0.9722693 -0.63771665 0.28865162 1.0508376 0.24392386 -0.66574425
40 0.091223925 0.3744449 0.123366974 1.121759 -0.20880924 0.033540726 0.013474192 1.2576096
36 -0.16673672 -0.23311085 0.9996915 -0.68642944 0.5516116 1.0316538 0.23543826 -0.7882279
9 0.09310781 -0.73321754 1.407887 0.14549059 -0.3704403 0.5669551 -0.07444173 -0.76618755
15 -0.29462057 0.5132125 -0.074293986 0.16041085 0.0032453516 0.34078267 0.4128211 1.4367154
46 -0.46305656 -0.19232401 1.413069 0.22199121 -0.5801901 0.32941142 -0.15281262 -0.58344877
38 0.11863916 -0.04230576 0.6906785 -0.32651928 0.4930636 0.8371095 0.2045428 -0.2400335
10 -1.1637037 -0.09143452 0.8268621 0.22714137 -0.5736171 0.16073507 -0.021481052 0.25812522
45 -0.6196346 -0.09289594 0.57424974 -1.0773766 0.5327421 0.58288234 0.6194064 0.34508482
17 -0.50625205 -0.31729293 0.39195824 -0.99803454 0.6085189 0.76672435 0.5244168 0.35867772
33 0.252004 -0.35619134 0.7003208 1.7455331 -0.2489604 0.095924824 -0.3516303 0.031057082
44 -0.24874294 0.028250692 -0.25141394 -0.44750988 0.90707606 0.3355623 0.29276842 1.4430151
6 -0.70222896 -0.009084538 0.11369906 -0.9914565 0.32455888 0.7614087 0.7262864 0.8722995
18 0.024311645 0.3193837 0.15833215 1.2225083 -0.055543937 -0.18079993 -0.3193058 1.374306
29 -0.35674205 0.30225667 -0.21137673 -0.35535243 0.9332559 0.44984874 0.31561726 1.180564
32 0.18793021 -0.35004413 0.8055291 1.6304709 -0.42041183 -0.045689598 -0.7885218 0.27358326
39 0.4081426 0.6539835 -0.03507141 1.1951967 0.36805654 -0.01290034 0.16745237 1.3970227
22 0.11270252 -0.27721757 1.137806 1.7280296 -0.5916042 0.017672308 -0.62168854 -0.27335784
35 0.23833507 -0.20282845 0.820866 1.6103837 -0.51308894 -0.10632874 -0.6262729 0.4409278
0 0.11818515 0.06820089 0.5035849 1.5226645 0.12506205 -0.39674842 -0.9129643 0.93845075
48 0.06683904 0.184312 0.44706786 0.067640446 0.5612679 0.3522405 0.02330564 0.43165618
2 -0.008540536 0.39719355 0.5775419 1.4884148 -0.3161977 -0.3748435 -0.4584118 1.0463165
11 -0.0112169925 -0.58102083 1.1908463 -0.5975522 0.5736826 1.026731 -0.030828206 -1.1595389
34 0.8150197 -0.28491682 1.1780332 -0.10552549 0.66562593 0.6174768 -0.23436174 -0.6724099
14 0.6007907 -0.2543922 1.5144635 1.0729619 -0.032381512 0.46004778 -0.37647772 -1.2306603
3 0.5297934 -0.13573709 0.9079422 1.6584066 0.27013817 -0.28032815 -0.9031695 0.11367346
31 -0.50457436 0.074871145 -0.7236748 -0.19561948 0.4285662 0.61536264 0.48655096 1.929314
8 -0.4690828 0.3545345 -0.5580305 0.08388937 0.053008344 0.5093255 0.4997161 1.9488285
5 -0.20088868 -0.79200417 0.9028969 -0.8737237 0.15000033 1.1858475 0.5012543 -0.58663946
21 0.10038401 -0.34391448 0.66700774 2.017137 -0.72758585 -0.013983877 -0.9626932 0.53760284
30 0.32144594 0.5359988 -0.029331353 1.4490654 -0.2504929 -0.07728677 -0.057710826 1.698941
37 -0.025773684 -0.27341425 0.7619323 1.9856939 -0.7049623 -0.19924818 -0.4852397 0.4555251
47 0.14060988 -0.9215886 1.2007371 -0.70379025 0.86411893 1.1284654 0.051500835 -1.3183917
