50 8
20 0.14335413 0.5861364 0.33240652 0.018372402 0.8338215 0.70534736 0.26361334 -0.1659501
26 -0.54647315 0.118124805 0.6142965 -0.10581714 0.57486 0.00258506 0.32309932 1.2261908
19 0.17197244 -0.5700679 1.2183971 0.59413147 0.019832311 -0.2042204 -0.23024572 0.579362
1 -0.3022393 0.15921661 0.68650484 -0.14919169 1.0692021 0.77966696 0.47111344 -0.4055616
36 0.22448862 1.0093793 0.09592206 -0.02727296 0.7559117 1.1429706 0.08295353 -0.5732125
28 0.0065093087 1.1811199 -0.120592356 -0.08428061 0.7211823 0.6671652 0.06407073 0.42278382
43 0.4032175 0.9187605 0.19498318 -0.34582537 1.1048388 0.8883784 0.11736255 -0.008264164
23 -0.2119412 0.032392886 0.52054 0.17531773 0.32902095 0.19995241 0.1887101 0.75828034
29 0.11196902 0.941397 -0.38723287 0.42169195 0.49059096 0.7175245 0.023495032 0.19747758
24 -0.004062264 -0.81031924 1.1554188 0.46510822 -0.13214855 -0.027035845 -0.2968363 0.80567366
31 -0.79116386 1.4062271 -0.5689653 -0.22695987 0.5084563 0.89177346 0.20257673 0.8350217
16 0.05257625 -0.06263579 0.5282608 -0.33371708 0.8024018 0.90478903 0.25283158 0.11838872
18 -0.48991457 -0.8596799 0.62773895 1.2024835 -0.03964698 -0.26657394 -0.5429145 0.81773734
3 0.2244759 -0.9671737 0.9904838 0.75349575 -0.32788774 0.048800956 -0.105354644 0.6883644
4 0.75696933 1.1054618 0.16948271 0.07904224 0.5966209 0.96857196 0.16816676 -0.49858782
42 -0.4670599 -0.29487044 0.9428136 -0.2839694 0.6198168 0.3418885 0.018024264 0.6794371
34 0.48946443 1.0995071 -0.19086574 0.28411445 -0.26689574 1.2583783 0.34129062 -0.39024118
6 -0.40726155 1.1045069 0.2548331 -0.49185604 1.3387607 0.31969026 -0.03268938 0.7451535
17 -0.10115831 -0.8016693 1.1536841 0.4368525 0.5841084 -0.15342487 -0.14773886 0.62870514
27 0.11040791 1.3253368 -0.15221143 -0.15135966 0.9602664 0.88192505 0.13255401 0.020993842
45 -0.36894405 -0.21415775 1.092027 -0.29388806 0.73469234 0.33202997 0.42531404 0.40117648
5 0.8303101 -0.9887489 1.1932701 0.40151507 0.50942093 0.20019734 0.2114454 0.16289756
44 -0.24576703 1.2002902 -0.28325287 -0.22680305 0.99722964 0.8557383 -0.12824553 0.38328347
13 0.1057584 0.49870846 0.0030860447 1.0030156 -0.2622931 -0.06385038 -0.32771966 0.814963
48 0.03715337 1.3012414 -0.41108596 -0.20129615 0.56228113 1.146603 0.3285302 0.19966525
46 -0.5061776 1.4706767 -0.58146894 0.13895126 0.5846588 1.0060726 0.06585882 0.056290377
38 0.79228115 1.2475581 -0.25609198 0.20596296 0.10199028 1.4442016 0.4406353 -0.71515083
25 0.8100728 0.43373644 -0.059260808 0.9894502 -1.0091352 0.8239665 -0.42639616 0.02635757
10 -0.17840394 0.31435138 0.21481434 0.27637398 0.6587107 0.16233134 0.32394227 0.73996973
15 -0.2587122 -1.3546796 1.3908153 0.8256936 -0.39469448 -0.16207775 -0.107042044 0.6806128
49 0.41799814 -0.55094755 0.85306543 -0.022814628 0.7976688 1.0110099 0.3566936 -0.6274175
8 -0.5308977 1.117725 -0.07707266 -0.15840964 0.4774148 0.35303083 0.2454355 1.099535
14 0.9216001 -0.21529195 -0.017388666 1.3516599 -0.8888686 0.83531654 -0.096903756 -0.2811208
21 -0.28022704 -0.71401423 0.5320716 1.3033897 -0.6333355 -0.11376076 -0.3286284 0.8360011
11 0.6849422 -0.8379741 0.63215864 0.8894872 -0.3969409 1.2145113 -0.40305594 -1.0484493
7 -0.21830177 0.059924297 0.49519336 0.58035743 0.60737693 -0.6314787 -0.039648704 1.4821584
40 -0.3106417 1.4790435 -0.7223012 0.11196952 -0.30598897 1.2402284 0.41989774 0.401024
12 -0.39649272 0.56755704 -0.041366205 1.0336893 0.22465934 0.029208427 -0.37689993 0.38557568
9 1.1011994 0.55429757 0.6521307 -0.27251196 0.52295345 1.1845331 0.7132368 -0.6921681
39 -0.49369097 1.2935764 -0.46620876 0.0034280862 0.10833402 1.068368 0.3093235 0.3422366
41 0.65124315 1.3738137 -0.6915637 0.45843711 0.06779037 1.5353115 0.36893946 -0.6733559
30 -0.508445 -0.6246214 0.46988907 1.1121825 -0.76277936 0.0143949585 -0.50817955 0.957281
47 -0.3068169 -1.1915798 1.4652599 0.26077345 0.9970363 0.2608398 0.058849547 -0.33497372
0 -0.5962633 -1.2592885 1.1469631 1.0673287 -0.6759521 -0.17636889 -0.2425324 0.8638678
33 0.06778942 -1.5265819 0.9443393 1.7269621 -1.3781812 0.060669895 -0.087508984 0.43269017
2 -0.34570917 -0.6610032 0.84698945 1.2606378 -1.044944 -0.17061767 -0.24080314 0.8016716
37 -0.05051129 -1.2748699 0.92685896 1.573939 -1.5202721 0.3404293 0.04378406 0.064579606
22 -0.3111995 -1.1702383 0.7782709 1.3393848 -1.1969221 0.10006532 -0.16566335 0.7807233
32 0.23803996 -1.183776 0.78586 1.760564 -1.6683087 0.26945192 -0.21595806 0.19739214
35 0.014325437 -1.1035128 0.94463557 1.0891831 -1.4648373 0.29487708 0.21902727 0.68586123
