50 8
28 -0.54694134 0.13182855 0.44514227 -0.028011918 0.66078734 0.65063316 -0.21193305 0.38908947
1 -0.30746487 -0.029401451 0.60357875 -0.1716837 0.8731513 0.7619562 -0.32913622 0.18651803
47 -0.15826735 -0.17529435 0.7639996 -0.061458264 0.509033 0.12144164 -0.07809807 0.45266986
6 -0.6952065 0.016873779 0.8532122 -0.06599686 0.8309267 -0.0080485195 -0.38936418 0.16500655
16 -0.21400198 -0.47394526 0.6937657 -0.65675104 0.92874634 0.34596407 -0.06311157 0.62994945
42 -0.6287001 -0.25073025 0.6953598 -0.3479065 0.8222298 -0.38611266 -0.57631105 0.6012597
29 -0.5907134 0.19369687 0.71136814 -0.24858771 0.7950532 -0.22217661 -0.5627445 0.47968516
31 -0.23219636 0.012572771 0.92057276 -0.13926545 0.5560742 0.93428415 0.13680762 0.14075617
17 -0.496093 -0.37793478 0.2167417 -0.28616336 0.76438475 0.16952942 -0.03682807 0.8623958
43 -0.5190338 -0.25261718 0.79802096 -0.34423774 0.85299546 0.684395 0.066461444 0.30228803
15 -0.65683925 0.10242889 0.8343693 -0.22199483 0.6205831 -0.50100213 -0.5433366 0.552643
24 -0.23840895 0.4727991 0.25421798 0.5821538 0.11414155 -0.73624045 -0.86697125 0.7647091
34 0.45360368 -0.2573456 0.8471509 -0.20396644 0.61038226 1.0580891 0.6071293 0.2429986
23 -0.27243882 0.2026936 0.11372778 0.19737796 0.6303674 -0.16071038 -1.0307121 0.6296903
46 -0.095301226 -0.040075865 0.9040747 -0.15978052 0.3854533 -0.11704764 -0.20802626 0.53206694
19 -0.17668854 0.55954456 0.339208 0.4046129 0.4464337 -0.75409055 -0.99545854 0.6056179
49 0.1637813 -0.27350974 0.5214448 0.15628177 0.45733905 1.4806316 0.67360556 0.25100857
36 -0.086726144 -0.1942559 0.9996825 -0.1881473 0.5186053 1.1307747 0.60248876 0.16191617
20 -0.49841097 0.09142773 0.5825672 -0.41921356 0.9133099 0.42238334 -0.2502451 0.46664494
26 -0.61276627 0.07122402 0.22628267 0.71059996 0.12572351 -0.6275259 -0.4474469 0.7299473
27 0.03249501 -0.087147616 0.96940184 -0.03760767 0.64583033 1.2560122 0.53786117 -0.020678554
10 -0.29072335 0.34016627 -0.053612474 0.81633234 -0.059679005 -0.52091825 -0.6105464 0.9288612
25 0.6639431 -0.25957912 0.39903182 0.2565649 0.2964547 0.87421304 0.50022304 0.48540622
45 -0.516775 0.20335324 1.0436504 -0.27858332 0.8733468 1.1606413 0.11684585 -0.11094813
2 -0.030375281 0.62051344 0.81247276 0.44231972 0.00849182 -0.97849333 -0.9824 0.54832214
39 -0.6384685 -0.13694878 1.0882522 -0.15753996 0.7102181 1.0422844 0.50141907 0.00048275394
44 -0.14504957 -0.35174388 0.860549 0.3285464 0.5661446 0.9896124 0.4265258 -0.07326461
3 0.88664544 0.3840246 0.09641909 1.1908287 -0.055539787 -0.9897209 -0.77540904 0.6905967
4 0.414804 0.31768027 0.7663279 0.21091667 0.28669867 1.1014669 0.48191035 0.17395803
18 -0.020063037 0.051165886 -0.045351896 1.1688414 -0.07250325 -1.3139205 -0.64834213 0.9744929
37 0.25915444 -0.01394196 -0.47976127 1.5402759 -0.3094897 -0.77591634 -0.46287325 1.1107666
38 -0.2077088 -0.08439584 0.6277464 -0.15555416 0.42879987 1.4605229 0.8154016 0.42367446
8 -0.61758846 0.040311933 -0.37891948 0.82451344 0.083632745 -0.23974098 -0.66207033 1.0332514
22 0.6464878 -0.24251416 0.42503673 0.9732083 -0.123380624 -1.1257755 -0.500795 0.7456242
0 0.12218625 0.28917745 0.15018567 0.92673576 -0.00080304616 -1.3532138 -0.74372274 0.92079985
5 0.4981546 0.5433097 -0.46154618 1.0574577 0.109779194 0.14924568 -0.02210382 0.8231335
48 0.18865442 -0.10659073 0.6465314 -0.15252544 0.52265596 1.4091628 0.7257752 0.35147765
11 0.71616834 -0.3677862 0.8643064 -0.29380652 0.5171427 1.702538 0.6362427 0.18926293
12 0.6310336 0.38500014 -0.2487251 1.8133535 -0.48062965 -0.80816436 -0.20444995 0.8102491
21 0.4005509 -0.05104853 -0.91059285 1.9609914 -0.2849719 -0.7518902 -0.6605739 1.1446041
14 1.4920058 0.21549831 -0.48312065 1.7252145 -0.82596254 1.2089223 0.927005 0.7836557
13 0.46618143 0.13330953 -0.9865095 2.0871954 -0.2903266 -0.30862057 -0.09965218 0.9919515
7 0.43909764 0.14694746 -0.64577764 1.5771333 -0.34989336 -1.0726199 -0.6369348 1.3150518
30 0.29682428 0.1402083 0.59399414 0.85583454 0.15106094 -0.7577446 -0.11176904 0.38705325
32 0.9698792 -0.06412958 -0.38262558 1.5289543 -0.5243704 -0.78433526 0.4668989 1.2569457
40 0.0064332434 -0.034166634 0.17645633 0.50943637 -0.039179884 0.9512146 0.51192075 0.68097633
9 1.418318 0.05867332 0.8624948 0.34437084 -0.18654284 1.2501023 0.83939654 0.31128743
41 0.5435392 -0.3130174 0.1338661 0.42415977 0.37651834 1.7458146 1.1619852 0.4072726
33 0.99536437 0.055330757 -0.57296014 2.3116226 -0.78010833 -0.35682863 0.43022487 0.9533506
35 0.9727873 0.07495609 -0.24536256 1.9837924 -1.044624 -1.0645543 0.103719495 1.2970376
