50 8
23 0.10388724 0.26275045 0.47401646 0.81482464 0.44147176 0.25375476 -0.5574201 0.058081415
40 -0.047812555 0.3872814 0.21525262 1.0918814 0.83487135 0.44113144 -0.31745955 -0.16570197
19 0.5285313 0.14149715 0.57790303 0.4343729 0.61028695 -0.015078344 -0.18909529 0.5086772
12 0.34764114 0.3613745 0.77560246 0.5048699 0.21705647 -0.08130287 -0.56488836 0.039864507
26 -0.25153807 0.27627486 0.15562642 0.9791471 1.2142622 0.41558453 0.37568346 -0.14421938
27 -0.36673272 0.35485247 0.6928779 -0.044550613 0.62329215 0.53474784 0.98264176 -0.05836101
25 0.53339434 -0.2331851 0.6353009 1.0032221 -0.45418006 -0.017922875 -0.80480856 0.41473067
43 -0.42853642 0.20020325 0.9410679 -0.26657435 0.6774369 0.64951265 0.9391766 -0.2069664
18 0.5571766 0.03175715 0.33025983 1.4057207 0.41037515 -0.10689735 -1.11725 0.21770123
1 -0.2709766 0.29599062 0.80389917 -0.31871915 0.2817683 0.67085975 0.87587416 0.14391969
34 -0.36800814 0.048623748 0.90890723 -0.054773483 0.12763076 0.6033122 0.7809273 -0.20625752
30 0.3689558 0.058706995 0.27008802 1.5755183 0.5275521 -0.095813215 -0.9892755 0.038181897
29 -0.5287084 0.3494203 0.33012867 0.701727 1.2769035 0.49414492 -0.10818325 -0.040099878
31 -0.5295121 0.26299807 0.3568247 0.6330658 1.1055853 0.8093052 0.0047501437 -0.21898
36 -0.62888485 0.4761334 1.0182358 -0.5997078 0.091937624 0.42984998 0.9263942 0.16160007
15 0.19346319 0.787822 0.7407705 -0.19222392 0.089005224 -0.09429435 0.70322496 0.39072224
39 -0.33636138 0.105248526 0.5046517 0.88261366 0.96722233 0.45435125 -0.28114125 -0.37875643
41 -0.43693766 0.015686363 0.6592348 0.47852823 0.8396586 0.7364972 0.4756951 -0.5098648
42 -0.5100019 0.25803566 0.78482425 0.16495426 0.8770045 0.41449007 0.045837097 -0.1655783
13 0.5636593 0.041237224 0.2307922 1.5026528 0.32714227 -0.20426929 -0.8743308 0.36538428
16 -0.19998196 0.14687909 1.028263 -0.50205564 -0.2755221 0.65684825 0.55244863 0.2879426
28 -0.6617251 0.85720676 0.544268 -0.3405156 0.36000025 0.3228082 1.164041 0.5289752
6 -0.4434656 0.20985211 0.53120303 0.59749115 0.93667465 0.5283725 0.38240257 -0.418776
38 -0.56880665 0.49600253 0.45224094 0.26334718 0.28464422 0.4800192 1.3824958 -0.091255486
45 -0.62075305 0.3754485 1.1036438 -0.3582037 0.3051084 0.57060593 0.5160758 -0.29491615
0 0.5484149 0.15499993 0.6132944 0.7658017 -0.27570024 -0.40299156 -1.1111157 0.89511824
14 0.6477651 -0.046701837 1.1081643 -0.028859483 -1.3222919 -0.021263031 -0.12585013 0.6578512
48 -0.27571002 -0.2750297 0.6315995 0.65564305 1.0590867 0.8605199 0.00077227637 -0.49224362
2 0.79884696 -0.06086593 0.5921804 0.88288873 -0.6247309 -0.4973351 -0.7923055 1.0154625
20 -0.7206126 0.64686245 0.6731238 -0.2605535 -0.4690828 -0.20197044 1.0153388 0.8586316
8 -0.18121827 0.13244489 -0.084329225 1.3539056 0.8787699 0.546119 -0.024026653 0.10289609
7 0.6062106 0.3887579 0.33494768 1.0654176 0.3214098 -0.54105455 -0.9311924 0.82022756
49 -0.6577092 0.74303865 1.2817266 -1.0083156 -1.1211874 0.28938308 0.70401186 0.5484547
33 0.83053106 0.09563839 0.31259194 1.2592354 -1.1501075 -0.20389567 -0.54128563 0.8011669
3 0.6933212 0.16345999 0.90190494 0.32752514 -0.45449215 -0.6007217 -1.0405358 1.0562454
44 0.37599745 -0.38580668 0.5564812 1.0455179 0.916042 0.37487575 -0.5032379 -0.21252163
24 0.44590026 0.21044071 0.5692115 0.62752736 -0.81176585 -0.50910133 -1.0409969 1.3736434
4 -0.19411114 0.2809662 0.95358604 -0.28411666 -0.9891516 0.095362075 1.1110924 0.46788636
9 0.45320013 0.21461004 1.2439141 -0.23795374 -1.4710771 -0.3221322 0.87231785 0.29371592
35 1.0207086 -0.14974336 0.39931878 1.2972066 -0.8288014 -0.48110506 -0.78386074 0.98353934
17 -0.31555915 0.4777439 0.99447715 -0.5046391 1.067864 0.48532853 0.42901596 -0.04260406
21 0.84433657 -0.13265802 0.51227367 1.1676443 -0.7216191 -0.40331408 -1.2275232 0.97370386
46 -0.739436 0.33626416 1.0128092 -0.06676889 0.850128 0.8005437 0.26536658 -0.7286393
32 0.8435208 -0.015406004 0.3124525 1.4368715 -0.7485052 -0.3090461 -1.0581886 0.86269194
37 0.94020635 -0.16680276 0.5394602 0.7982736 -1.4023764 -0.56420815 0.03393974 1.3309877
10 -0.6509998 0.721858 0.3133564 0.46925297 -0.97828466 -0.34845096 0.6836374 0.9393043
22 0.8389299 -0.31302938 0.32683256 1.3723379 -0.93773305 -0.20051989 -0.7509768 0.9745002
5 -0.31939885 0.5565437 1.1306261 -0.9371849 -0.8705984 0.19598588 1.4185367 0.6584158
11 -0.09320043 0.15845148 1.4963248 -1.082897 -0.8840362 0.41246432 0.6905249 0.43249908
47 -0.29963186 -0.32838017 1.0137516 -0.29242405 -0.30121982 1.0108902 0.9537189 -0.025312712
