50 8
19 -0.3944894 0.82734865 0.3400132 0.36995375 0.3784537 -0.6871201 -0.5054425 0.967957
1 0.09941711 0.02078615 0.6702015 0.06751467 1.3672531 0.6644343 0.14490749 -0.40924743
43 -0.76781434 0.14206897 0.11872068 -0.16806377 0.47282827 0.70837873 0.8957268 0.20826556
36 -0.06310573 -0.14366832 0.72812885 -0.03139383 1.4955543 0.7054077 0.2637452 -0.48541838
42 -0.8320499 0.021755688 0.285724 -0.2955508 0.18518819 0.76218975 1.0865194 0.42165613
41 0.034604114 -0.1586728 0.299951 0.013172731 1.6145867 1.0223714 0.60901284 -0.68419784
4 -0.32673684 0.14150628 0.4901607 -0.42777643 1.2753128 0.9222617 0.6056919 -0.14309074
46 -0.06607453 0.71737754 0.56617165 0.37445942 0.7903562 -0.2418154 -0.3228367 -0.02357565
14 0.4015514 0.6304256 0.97037697 0.29846597 1.5796134 -0.00037566412 -0.6711143 -0.5298739
40 -0.22835544 0.48972628 -0.15416892 1.1566436 -0.98507464 0.055003386 0.39920184 0.46240646
15 -0.54392266 0.9732275 0.034670494 0.87044364 -1.0790117 -0.2318932 0.26963517 0.5604012
27 -0.4914108 0.38113418 0.34919074 -0.5982452 1.288954 0.3993871 0.7599372 0.28753152
49 -0.17961878 0.16337852 0.69230956 -0.48934445 1.5871372 0.28603482 0.32743672 0.2966959
13 0.17899618 0.4041706 0.51876044 1.465743 -0.58811855 -0.5358407 -0.7423379 0.67916584
38 -0.6402057 -0.074546136 0.3690365 -0.55562073 0.73788506 0.9721272 1.0538778 0.3386763
24 -0.0069196816 0.88658553 1.0141635 0.9176191 0.034762762 -0.7476968 -0.8771775 0.10672847
10 -0.8159629 0.9353622 0.4909648 0.24727643 -0.094740845 -0.48952204 -0.048040833 0.4993274
39 -0.5009833 -0.31532934 -0.25971153 0.14720367 0.277093 1.3796575 1.23917 -0.02155437
26 -0.73306906 0.1163943 -0.51621914 0.5727784 -0.71241605 0.7812655 0.9911508 0.55375344
16 -0.19094622 -0.0745715 0.019664383 -0.34732422 1.4362803 0.6010108 0.64719373 0.59517837
18 0.23420116 0.1426201 -0.24423371 1.4699594 -0.90571725 -0.060316887 -0.07625579 1.080924
0 -0.2250432 0.68097794 0.43320763 1.1724259 -1.0394851 -0.48011512 -0.34602004 0.8362154
6 -1.2069142 0.18463922 -0.43355107 0.21623214 -0.62732667 0.417316 0.95118433 1.135544
28 -0.5951865 0.22228718 0.38213593 -0.5730505 1.4306873 0.5953273 0.73584276 0.064929046
2 -0.0424672 0.7774022 0.6550765 1.2691808 -0.97218925 -0.57614785 -0.568073 0.67390704
9 -0.06329105 0.25485304 1.2090503 -0.3546288 1.6819923 0.37217456 0.12633422 -0.5419535
17 -1.0823047 -0.09354314 -0.0060806572 -0.29526696 -0.022387382 1.0980854 1.3166033 0.40747106
7 -0.3373225 0.48165223 -0.011591353 0.7901999 -0.72282106 -0.46620467 0.16853236 1.4362566
20 -0.6278921 -0.116132185 0.08443787 -0.08250981 0.77209324 0.5419131 0.52660084 0.58063155
34 0.2142103 -0.29321048 0.386959 -0.216935 1.8636715 0.7946842 0.238422 0.2142199
22 1.0145667 0.41576627 0.50056845 1.5284085 0.689575 -0.115328014 -0.8325821 -0.6024497
45 -0.46054962 0.007813478 0.26466337 -0.23222642 0.8845886 1.2276897 1.1239309 -0.52158177
21 -0.08299016 0.7571841 0.6056177 1.3547093 -0.69792724 -0.7503742 -0.8108999 0.6203574
12 0.14542927 0.6767076 0.24912634 1.6578948 -0.62214 -0.59383786 -0.63237673 0.23372902
33 0.8649994 0.46022323 0.33857703 1.5738555 0.57989836 -0.5197002 -0.8338218 -0.14939858
35 1.0354964 0.35990757 0.9748231 1.1762614 0.5909594 0.073502615 -0.6526794 -0.6102257
47 0.042320635 -0.028060285 0.15881547 0.2687151 0.9770383 1.277985 0.91778916 -0.9967446
23 0.23849389 0.6736188 0.4330754 1.6566814 -0.6867951 -0.47899505 -0.7349311 0.16366057
25 1.0970932 -0.49253267 0.2501728 0.7650591 1.6379007 0.9299715 -0.1814688 -0.2576234
32 0.63128734 0.31226206 0.36056492 1.9391866 -0.5245976 -0.18751638 -0.70967686 -0.085299954
44 0.32446685 -0.6787892 -0.35248697 0.7442556 0.5041109 1.3424422 0.8933189 -0.083469726
8 -0.9588106 0.56263906 -0.3122672 0.5415592 -1.0353765 -0.12056224 0.7580474 1.1466473
11 0.021902183 -0.18546642 0.95603913 -0.11898612 1.7958629 0.6888744 -0.09320115 -0.43257806
3 0.4109307 0.6566567 0.71871364 1.3847369 -0.20082583 -0.74168444 -0.95890254 0.44530848
31 -0.8132429 0.14063808 -0.251544 0.34174097 -0.8679088 0.85401154 1.1311524 0.64736503
5 -0.34532872 0.5087806 0.47965804 -0.44100875 1.4156235 0.5118981 0.6753732 -0.3943402
30 -0.4361187 0.5806247 -0.12755035 1.1646782 -1.4199556 -0.03812338 0.59321994 0.63375074
37 0.34328017 0.48624486 0.8821235 1.6336468 -0.49324715 -0.8759198 -0.9629925 0.4158141
29 -0.49410692 -0.13479224 -0.15140201 0.010307574 0.98883843 0.062478356 0.2758891 1.2079588
48 1.0561305 -0.299283 0.5418559 1.6198515 -0.23687291 0.7900855 -0.24215074 -0.4795779
