50 8
1 -0.26748663 0.743216 -0.04801985 0.5651835 -0.06206825 -0.11288862 0.29324976 -1.0137931
6 -0.64480215 0.47344768 -0.20132598 0.7845321 -0.6400041 -0.36689293 0.6710153 -0.8102255
23 -0.6949058 0.2780474 -0.34236902 0.8706143 0.31149402 -0.26123008 0.033966374 0.6331821
14 0.5393328 0.7384966 1.0396999 -0.25208476 0.12922777 -0.2231159 -0.49974543 1.0866928
12 -0.10265896 0.21945606 -0.2813313 0.92316985 0.33298433 -0.2865226 -0.34164974 0.82487667
31 -0.74795693 0.1612549 -0.58861506 1.1563557 0.090890095 -0.11262301 0.00046146236 -0.7882805
27 -0.82282925 0.21875909 0.019058097 0.53620094 -0.88077736 -0.6343526 0.4919689 -1.2526649
43 -0.67188907 0.24292804 0.19479398 0.38652495 -0.7693086 -0.64522994 0.5518072 -1.04767
36 -0.47654834 0.55418015 -0.26893443 0.62648386 -0.5510848 -0.4909841 0.4391657 -1.2893356
19 0.36732486 0.304601 0.9490212 0.405658 0.45657936 0.12294533 -0.6151827 1.5113935
40 -1.1850991 0.16151524 -0.67735636 1.1442554 0.26490808 -0.0578529 0.083232485 -0.5078471
28 -0.5762349 0.13118827 0.06173724 0.62432665 -0.75390124 -0.57686776 0.39917922 -1.3198549
13 -0.18911518 -0.02322289 0.42231455 0.773118 0.6273729 0.021764599 -0.77933806 1.8696645
41 -0.62152636 0.41547078 -0.28992617 0.72250384 -0.76141596 -0.4963311 0.52829397 -1.3019079
38 -0.31073385 0.42354572 0.01599953 0.2995866 -0.6465409 -0.6825905 0.16099359 -1.4918712
49 -0.16466843 0.4542935 0.56469834 -0.00036154155 -0.6199254 -0.37000763 -0.07842315 -1.7018278
34 -0.37003392 0.6446069 0.23915252 0.15086025 -0.5323392 -0.47030216 0.27875537 -1.5149556
15 0.5635018 0.44072235 1.1123283 0.1991792 0.73381525 0.0025928246 -0.67985886 1.5130299
0 0.6645796 0.46569166 1.1017666 0.09421291 0.8356464 -0.11844288 -0.7638625 1.4227636
17 -0.42712763 0.476977 0.08437929 0.3447197 -0.51961887 -0.5324157 0.34415692 -1.6925312
26 -0.5186872 -0.20980525 0.25501248 0.37003127 0.22316611 -0.5438298 -0.6517486 0.40410504
46 0.09677515 0.024188321 0.45724875 0.28889346 -0.7156474 -0.6650085 -0.1503792 -0.7616455
42 -0.980102 0.24471898 -0.45323527 0.8750081 -0.34760177 -0.30994564 0.19645183 -1.4680333
18 -0.09672824 0.20772244 0.41584828 0.8444992 0.8715132 0.28154075 -0.76472867 1.8127112
44 -0.6448967 0.18337592 -0.61780393 1.0115641 -0.18940005 -0.23340516 -0.23081785 -1.1309029
48 -0.5976338 0.3573236 -0.4933972 0.83447766 -0.8036501 -0.4509736 0.16453648 -1.5881635
4 -0.008447201 0.5308466 0.76878005 -0.3770335 -0.77002174 -0.98543125 0.31179276 -1.0868717
39 -1.0035942 0.16417874 -0.51846826 0.99690104 -0.37980357 -0.227686 0.12679258 -1.471651
25 0.3986069 0.60008925 1.0091842 -0.2513261 0.112862304 -0.34165803 -0.7274832 1.4086031
10 0.11346952 0.31707284 0.31166536 0.5579163 -0.28452525 -0.5774405 0.35477912 0.65759605
3 0.5627752 0.63640714 0.67533475 0.24356227 1.1699002 0.11771712 -1.0672309 1.4911896
47 -0.28219974 0.44295624 -0.04256618 0.4464592 -0.4680033 -0.45038688 0.058527846 -1.8732612
24 0.46032396 0.49301973 0.7235628 0.22705239 0.81182224 0.0075873258 -1.0849161 1.6945643
29 -0.309163 0.32006398 0.050122827 0.45674473 -0.29040352 -0.39051363 -0.19068232 0.99947786
21 0.55736697 0.524167 1.1693747 -0.08507864 0.9881832 -0.08844304 -0.9366095 1.5093306
7 -0.34085953 0.020066943 -0.024015581 0.98666847 0.5965672 -0.020666808 -0.77744365 1.7017653
9 -0.21189505 0.49672547 0.86769545 -0.21045013 -0.6996159 -0.70630723 0.51136166 -0.94520926
30 0.09634087 0.089528576 0.32490465 0.79730105 0.7761324 0.19145373 -1.1476805 1.3847125
11 0.9393575 0.4211114 1.4373503 -0.49209097 -1.0253885 -0.18931714 -0.9085683 -0.08384901
45 -0.6426891 0.5737647 -0.4953789 0.75759095 -0.5970826 -0.39362377 0.38804173 -1.8682108
8 -0.9379279 0.091414586 -0.6491189 1.317597 0.6325952 -0.108048424 0.005141374 0.60343325
35 0.92050403 0.5756361 1.3627372 -0.32554817 0.79732233 -0.18237536 -1.3399073 1.5951378
33 0.8044195 0.64049834 1.0754516 -0.1410444 0.6905728 -0.06770526 -1.1705792 1.2544215
2 0.49109077 0.53706163 0.6751943 0.4115234 0.9492271 0.048943326 -0.7604971 1.661798
37 0.41155443 0.34249094 1.2064632 0.041906662 0.71002245 -0.0045940117 -0.97379464 1.6964387
16 0.12625232 0.8457463 0.8205602 -0.41945568 -0.93107855 -0.7875095 0.5182919 -0.69025594
5 0.88500327 0.419687 1.2284725 -0.11280343 -0.5548818 -0.3088786 -0.3791382 0.15432525
22 0.8424454 0.52229017 1.4582077 -0.5302683 0.50975096 -0.29698262 -1.3041555 1.409035
32 0.58191305 0.50118047 0.8638945 0.29524973 0.8014832 0.11339906 -1.038581 1.7778692
20 -0.93441886 0.1370533 0.39891747 -0.043407246 -0.5867083 -0.88948214 0.2933926 -0.6162402
