50 8
23 0.016429635 -0.26391903 0.9295743 -0.97301596 0.49376675 -0.19387494 0.047586683 0.45110515
26 -0.15044303 -0.62468755 0.8178189 -0.88294226 0.26254025 0.0114014745 0.07369532 0.15625872
1 -0.018811211 0.21524051 0.5539501 -0.8031031 0.6991557 -0.32999355 -0.67093813 0.06620677
28 -0.10465752 0.35872728 0.8105195 -0.60988 0.5464633 0.103415765 -0.81037366 -0.32220858
43 -0.5858974 0.27475032 -0.035760242 -0.016975034 0.52385074 0.2870526 -0.7701761 -0.7745449
49 -0.42759985 0.57455057 -0.08933554 -0.07561184 0.84448355 -0.33170515 -1.2413448 -0.59952366
16 -0.47409508 0.31675318 0.10395199 -0.16194382 0.614338 -0.08907021 -1.1162741 -0.65856004
36 -0.30578482 0.5027879 0.22715177 -0.4337388 0.6561149 -0.46310344 -1.2692645 -0.6076006
27 -0.43845883 0.51413983 0.29636663 -0.3774743 0.6146303 -0.5401537 -1.2401783 -0.58136004
40 -0.008265119 -0.29288247 0.9319036 -1.0526216 0.41048938 -0.40083125 0.079142466 0.38808775
17 -0.34643146 0.52575564 0.60746497 -0.47971857 0.48751825 -0.33033502 -1.180143 -0.68731
19 -0.1496462 -1.0605973 0.91226023 -0.69762754 0.1267771 0.19351862 0.98165524 0.10879878
20 -0.4399858 0.188004 0.25692922 -0.199253 0.48425403 -0.24537857 -0.7279719 -0.7219374
41 -0.21302962 0.4982159 0.23632085 -0.32902488 0.8718344 -0.3680793 -1.2206712 -0.29582947
10 -0.31052288 -0.7095071 0.11541289 -0.23018157 0.4452389 -0.045407165 1.258078 -0.051630504
8 0.10296178 -0.18638352 1.0281117 -1.0664092 0.4710159 -0.067609645 -0.2892461 0.27899063
25 -0.5483868 -0.5380881 -0.5693486 0.47848764 0.70982575 0.20357859 0.7287446 -0.42672193
42 -0.07343977 0.25311112 0.77396506 -0.6645182 0.64937204 -0.199018 -0.8548057 -0.032034718
7 0.021730823 -0.9712958 -0.044909734 -0.09837168 0.60061395 0.50041986 1.6446998 -0.07362075
6 -0.06003273 0.26255172 0.8934079 -0.93661696 0.5186303 -0.12047803 -1.0217345 -0.018903645
15 -0.6135381 -0.92840487 0.63240445 -0.43241182 0.068107344 0.12515509 1.2346767 0.026882576
21 -0.6606534 -0.6986094 -0.74341226 0.27344376 0.66877526 0.24080679 1.3947248 -0.084330074
39 -0.10219768 0.030793097 1.1413059 -0.6407713 0.5005983 -0.34464988 -0.38087374 0.109428644
4 -0.565232 0.3583105 0.096926995 0.21972534 0.6227841 0.08868689 -1.2750201 -1.0994164
38 -0.16822757 0.56271434 0.52390003 -0.47238508 0.7017119 -0.48769337 -1.1842124 -0.4777262
44 -0.09477071 0.43337917 0.5818141 -0.7180146 0.67267644 -0.5474644 -1.0035857 -0.19285785
2 -0.30415732 -0.9944304 0.30754876 -0.31423026 0.4978348 0.34002557 1.7234042 0.49892718
34 -0.34568518 0.6578145 -0.2860298 0.296034 0.9404562 0.18668564 -1.1897031 -0.94000506
18 -0.2951325 -1.0590858 -0.12505157 -0.42979363 0.50866234 0.37332386 1.642605 0.4001806
31 0.22690722 0.13485529 1.3200465 -1.1839744 0.43665203 -0.40506947 -0.6575755 0.077730365
3 -0.30319798 -0.9382357 0.0567067 -0.03567088 0.566451 0.6930484 1.7805225 0.21675044
37 -0.3113435 -1.0021825 -0.48339483 0.013498416 0.6524415 0.68237984 1.6856778 0.06835405
45 -0.15649907 0.42420396 0.38025835 -0.6778056 0.73774767 -0.33912307 -1.5037528 -0.29211363
24 -0.3811397 -0.8750956 0.31102407 -0.5850289 0.37876624 0.0107632335 1.4722701 0.5020416
0 -0.3080484 -0.92876434 -0.1754204 -0.09084497 0.5358255 0.6384729 1.9370854 0.035893235
5 -0.77401894 0.0407362 -0.8389896 0.674746 0.6578282 0.3826307 0.075176485 -1.0228059
12 -0.14445294 -0.9422608 0.20655446 -0.45981616 0.6393442 0.14531475 1.5907243 0.7294888
29 -0.5062783 0.42615536 -0.61231816 0.4008831 0.6957775 0.22815064 -0.13121434 -1.163949
22 -0.77456653 -0.89734083 -0.83028626 0.26134083 0.57588 0.6631137 1.8213736 -0.079441756
30 -0.09576268 -1.0014508 0.03987072 -0.64281726 0.6952005 0.17475039 1.9411602 0.95227325
9 -0.5208234 0.25286704 -0.82321346 0.9029273 0.93156546 0.43904203 -0.31571943 -1.1575072
14 -0.74077266 0.07471269 -1.3980819 0.96953154 1.018219 0.11254595 0.7303598 -0.7359315
46 -0.25049192 0.55475307 0.6815266 -0.5070625 0.74396217 -0.6826288 -1.4094051 -0.21076086
32 -0.48775855 -1.0032692 -0.40707764 0.2535522 0.5462124 0.7459783 1.9714212 -0.1751831
13 -0.52178615 -0.9770079 -0.6131003 0.18159792 0.592389 0.466847 2.096418 -0.12511043
35 -0.5239976 -1.2749261 -0.48885533 0.33178988 0.42626095 0.93974376 2.0574322 -0.35336593
11 -0.59492755 0.5907389 -0.5621109 0.11026685 0.70470726 0.10567875 -1.3178433 -1.1223627
33 -0.9122359 -0.91362077 -0.92048955 0.5390603 0.47573337 0.55804276 1.7581309 -0.55380553
47 -0.17429289 0.6335003 0.27320862 -0.456782 0.9010405 -0.5432093 -1.2448584 -0.1778697
48 0.048474852 0.69488454 0.37583026 -0.2689222 1.0352681 -0.18776958 -0.62936884 0.013530762
