50 8
43 -0.3518595 0.19557087 0.19501562 0.5730334 -0.61539495 -0.6790833 0.23159783 -0.3621837
49 -0.7168133 0.429617 0.038054 0.7939982 -0.5068077 -0.27049738 0.37409306 -0.43062207
36 -0.53354704 0.60588866 -0.026718538 0.52344686 -0.6781839 -0.55912256 0.31215364 -0.65239626
41 -0.65836036 0.9587796 -0.2710614 0.7154502 -0.52768356 -0.08125914 0.43989712 -0.52014756
23 -0.34539333 0.13127153 -0.21830247 1.0953803 -0.08574734 -0.27085453 0.10464198 0.4069145
6 -0.3079177 0.7151877 0.12000788 0.19613668 -0.7574401 -0.9773523 -0.16764583 -1.2117888
10 0.13591748 0.1765661 0.24093348 0.78567815 0.05325849 -0.12105933 -0.17954387 0.78396475
27 -0.38820535 0.5620012 -0.051596947 0.4471603 -0.67144215 -0.90402234 -0.10359412 -0.966093
24 0.11853471 -0.00828741 0.50790304 0.84550446 0.56622076 0.047240674 -0.66272473 1.2145656
28 -0.565978 0.44176498 0.3198122 0.33132303 -0.63998455 -0.8601303 -0.014454551 -1.0602447
31 -0.2763082 0.37092364 -0.14730373 0.59207475 -0.28605977 -1.0959119 -0.28737453 -0.71478075
46 -0.4518056 -0.025259044 -0.006978373 0.7577652 -0.36491317 -0.84683645 0.07785362 -0.174567
12 -0.04786565 -0.36383808 0.1651147 0.65809476 0.16930339 -1.3521303 -0.5638762 0.16778617
48 -0.29773116 0.99311334 -0.03496951 0.21466085 -0.6643765 -0.61927813 0.027489638 -0.87445784
19 0.086323634 0.08841704 0.5637549 0.7225919 0.29309276 0.18484716 -0.48770344 1.2546003
40 -0.41742197 0.5425111 -0.009891238 0.27284104 -0.4208212 -1.1876935 -0.1389184 -0.88848716
14 0.10641363 1.0470963 -0.062865995 0.7310225 -0.33249024 0.6386345 0.54950136 0.73667675
1 -0.17821029 0.7281226 -0.7865065 0.92312825 -0.6738572 -0.5730624 0.5341308 -0.26396295
17 -0.42810297 0.24013044 0.4474532 0.3018492 -0.29350635 -0.90406734 -0.21641111 -0.6402279
21 -0.23010911 0.17624938 -0.27325195 1.3984196 0.33196488 0.24896069 0.046900533 1.0515591
4 -0.37473056 0.879913 0.46625552 0.12268847 -0.93045574 -0.22229517 0.40838546 -0.64708996
9 -0.60809964 1.0298834 -0.50605655 0.74711525 -0.81919724 0.054782834 0.7996088 -0.18880586
39 -0.5504757 1.0660629 -0.0362256 0.15499108 -0.5972692 -0.6361268 -0.007266744 -1.0131673
38 -0.40523437 1.3966018 -0.5109977 0.32474375 -0.788929 -0.38851312 0.31585062 -0.84884197
8 0.11343822 0.44602385 0.16892274 0.09469094 -0.30749625 -1.213657 -0.46637598 -0.30831206
20 -0.2862415 0.9279899 0.06233033 0.40379047 -0.89437217 0.04435771 0.41926667 -0.27380285
13 0.07078253 0.5224132 0.097072415 0.7295672 -0.04354502 0.21717767 0.21888788 1.0801609
42 -0.18337522 0.36673164 1.0145278 -0.50268286 -0.2012107 -1.242982 -0.87293285 -0.596544
5 0.083892755 0.2825134 0.6377026 0.4720665 -0.11377908 0.1342412 -0.16232108 0.905568
34 -0.4695218 0.98674774 -0.8175114 1.0501454 -0.37992984 -0.07086021 0.5051591 -0.11657808
15 0.24204227 -0.5471779 0.9785495 0.6523109 0.5962876 -0.44519225 -0.62855756 1.4925799
26 -0.24599992 -0.47203788 0.86069936 0.27667296 0.03706558 -1.2541968 -0.7797919 -0.058777787
16 0.13694748 0.94532114 0.5925317 -0.30190715 -0.49007758 -0.8944425 -0.11689387 -0.6590304
7 -0.18019986 -0.26035926 -0.18275489 0.9087609 0.057796154 -0.99791175 -0.47025183 0.3322145
29 -0.28861567 0.7536173 -0.6588156 0.94022954 -0.61275405 -0.101555355 0.4317745 0.047015823
2 -0.21241641 0.073353276 0.20222796 0.93360436 0.40041673 0.00160953 -0.29534984 1.0471555
11 0.08275903 0.7191778 0.7580541 0.4548822 -0.18947147 0.9298366 -0.13503142 1.0222819
45 -0.017542388 0.9523378 0.6786613 -0.46587527 -0.89475036 -0.9577502 -0.2014294 -1.0716258
0 0.2923338 -0.4760244 1.3011885 0.5555618 0.75107217 -0.16310443 -0.8934259 1.6486917
3 0.1837193 -0.16060922 0.8110156 0.82411164 0.7292659 0.33772215 -0.6310191 1.9536155
44 0.10242327 1.2078029 0.6834093 -0.6123022 -1.0137904 -0.8163871 -0.16946863 -1.0626023
33 0.4171704 0.44629675 1.2413669 0.18649712 0.3939184 0.61890167 -0.36422792 1.907427
47 -0.52998775 0.76569426 -0.089232296 0.51927596 -0.7615642 -0.41521704 0.38893133 -0.73620844
25 0.26582596 1.3828261 0.717441 -0.08681331 -0.5195999 0.92886055 0.15667962 0.961407
18 0.52419657 0.3216111 1.8456713 -0.44196513 0.21268007 0.17049395 -1.1265482 1.2209411
35 0.27378204 -0.06643631 1.3164159 0.37187603 0.38820332 0.3156556 -0.5949596 1.8342435
30 0.39784133 -0.50300026 1.7368084 0.1578656 0.6394455 -0.36583427 -1.3721997 1.1528352
37 0.3635967 0.18026383 1.4592675 0.37147886 0.556314 0.81792617 -0.5348626 2.194997
22 0.45147657 0.23961976 1.6133287 0.23185568 0.48001292 0.77028716 -0.69333833 1.9516867
32 0.47523937 0.15803415 1.7344297 0.16225724 0.7727152 0.4890126 -0.6951724 1.9485228
