50 8
39 -0.08757225 0.33743092 0.10309898 0.85892826 0.74746466 0.2098631 0.4990043 0.16512637
6 -0.41067046 0.24768683 0.3984743 0.51870847 0.97774816 -0.3653978 0.32820058 0.7877327
19 0.20959872 0.5363478 -0.15219095 1.3207501 0.6814919 0.11441437 -0.15090467 0.114620514
1 -0.39571956 0.49661726 0.82229984 -0.3774448 0.49385086 0.51997316 1.2577081 0.111427054
40 0.25896057 0.71563905 -0.40833995 1.5897334 0.42946902 0.657521 -0.046504457 -0.22968972
43 -0.37579453 0.35026106 0.27938005 0.44461477 0.8873142 0.13210925 1.1330638 0.2625954
24 0.31631553 0.3399086 0.21203092 0.7271652 0.5982082 0.21364036 -0.14569981 0.13013092
15 -0.15336792 -0.062156357 1.0617687 -0.11560173 0.32673636 -0.14261158 0.045767188 0.81972766
2 0.55731404 0.1517401 0.26073307 1.2218543 0.14258462 0.30163303 -0.6047116 -0.17781779
12 0.31141585 0.32052833 -0.031649277 1.4723651 0.4756873 0.21819583 -0.58888745 -0.16363828
23 -0.021126231 0.73861855 -0.15294711 0.8400775 0.859501 0.6630264 0.42372262 -0.33361888
31 -0.14898969 0.11662818 0.30956966 0.69862676 0.7919327 -0.30211508 0.114245825 0.8465883
36 0.020728147 0.27259555 1.1382772 -0.7736843 0.46513757 0.54762024 0.60741353 0.05534073
34 0.3460541 0.319422 0.72122276 -0.33048457 0.45148984 1.2145362 0.56173956 -0.8067491
8 -0.1193107 -0.051183436 0.0803263 1.4554856 0.59409493 -0.3137268 -0.29447952 0.7657733
49 -0.082039386 0.33180735 1.3050457 -0.89312 0.060159646 0.9419587 0.62697035 -0.17651218
28 -0.59426355 0.5970516 0.8332156 -0.22700512 0.06851598 1.0574571 1.3705368 -0.2529211
29 0.284682 0.030200442 1.0134425 -0.18216738 0.63917077 -0.43835682 -0.7056325 0.835356
18 0.26049003 -0.084791645 0.32149535 1.2640377 0.6453946 -0.72026753 -0.9381136 0.94147295
21 0.59016186 0.085066944 0.2162834 1.3621213 -0.08071289 0.82725525 -0.63273495 -0.6803997
38 0.646501 0.6595339 0.6012007 -0.10078102 0.13642436 1.3543822 0.371031 -1.0759553
26 -0.4752075 -0.16063732 0.5948262 0.9843363 0.43793082 -0.76608336 0.41375485 1.1811817
20 -0.349595 0.009782533 1.216762 -0.30164537 -0.017855242 0.28734124 0.94082457 0.48556843
41 0.5548333 0.46886373 0.70482934 -0.2255646 0.19072711 1.2913526 0.43809202 -0.94446164
0 0.44382986 0.10016467 -0.039427634 1.4899092 0.4815015 0.2710922 -0.75720733 -0.08509299
44 -0.1756476 -0.44068578 0.8239248 0.2609469 0.92936635 -0.72663605 0.2837687 0.98729426
16 0.10108199 -0.20747487 1.462545 -0.9180687 0.35721034 0.21951197 0.27694535 0.50500166
32 0.40592766 0.40082642 0.32553723 1.1971546 -0.26740587 0.7302283 -0.76091045 -0.42123452
27 -0.09649256 0.5038866 0.5740447 -0.28512293 0.75055945 0.7624191 1.1433682 -0.27901843
3 0.83019644 -0.18838577 0.76222575 0.50461715 0.33773676 -0.11639079 -1.2926303 0.2741839
46 0.1515439 0.44398105 0.44349506 0.5907862 -0.021221813 1.1394746 0.17896684 -0.86935484
22 0.07621213 -0.1425342 1.1158621 0.4288502 0.13185678 -0.74983156 -0.6684782 1.0180608
45 -0.13653749 -0.4900417 1.5153837 -0.33061203 0.39905664 -0.799635 -0.15853932 1.1976086
25 0.8293279 0.3096367 1.0356036 -0.2756706 -0.18175954 0.7830433 -1.0183254 -0.051034126
17 -0.23446395 -0.27915207 1.2868607 -0.5524507 0.57839984 -0.28350917 0.6960735 1.0074482
13 0.4916319 0.22269289 0.20003939 1.3010118 0.39095604 -0.12605788 -1.1844158 0.33141738
7 0.2514044 0.027919635 -0.026554422 1.5538182 0.55675864 -0.27800184 -0.19535659 0.5431089
42 -0.4037454 -0.37281713 1.0030499 0.07405555 0.8166217 -0.7294322 0.636347 1.0152911
14 0.94394714 0.48555312 1.0659964 -0.40839306 -0.4836452 1.4162414 -0.5015645 -0.67451084
35 0.34823102 0.530927 0.13243993 0.9110064 0.10114186 1.1547805 -0.073969066 -0.7354244
9 0.44790205 -0.13072369 1.7472723 -1.0030253 -0.4738273 0.86635923 0.33967853 0.00078732555
33 0.3383386 0.329827 -0.06753049 1.7709986 0.17789803 0.30174875 -0.7610774 -0.16420938
48 0.22329354 0.73535764 -0.064828165 0.7527781 0.35435486 1.207877 0.6678162 -0.6382558
30 -0.35437506 0.12179382 0.32802936 1.4699875 0.41993243 -0.83209485 -0.005718758 0.8614304
37 0.51807415 -0.21828577 0.7681983 1.0470276 0.011532854 -0.7443059 -1.0986898 0.97585714
4 0.24347915 0.2951462 1.4945067 -1.0281905 -0.22693482 0.95478016 0.40320906 -0.035839215
10 -0.80648637 0.07740135 0.85194117 0.683986 -0.10460332 -0.26573622 0.98093843 0.96191853
47 0.14021794 0.76263154 -0.103730485 0.9385089 0.20699428 1.5360265 0.55380005 -1.0421587
5 -0.13846266 -0.20336471 1.678573 -0.90743446 0.04714101 0.029272148 0.54156387 0.76993716
11 0.5350403 -0.43253908 1.9034647 -1.2116704 -0.023635542 0.28889593 -0.5506032 0.36086318
