50 8
23 0.4582208 0.8713157 0.13807717 0.8893527 0.24842463 0.4348508 -0.6229636 0.100321576
43 -0.12716705 0.72348267 0.16823149 0.4584489 0.16435686 0.8930664 0.39541888 -0.1658015
1 -0.044211775 0.82589066 0.17117497 0.76041925 -0.2022213 0.81585443 -0.7520303 0.15375917
49 -0.5603341 0.46179858 0.6482781 0.00057188387 0.04273638 0.5354188 -0.6644531 0.25097653
46 -0.721824 0.8062342 0.62150514 0.16283482 -0.1250529 0.55366915 -0.4961536 0.03254594
6 -0.76084226 0.74925995 0.36976156 0.31157684 -0.20850566 1.0678856 0.12005066 -0.40845287
36 -0.52474976 1.2509779 0.07670916 0.41462785 -0.04024847 1.1555244 -0.10388961 -0.25825223
27 0.3012503 0.8004522 0.047014844 0.72072035 0.19250137 0.8234678 0.066869885 -0.14468496
9 0.48253918 0.9193699 0.3006486 0.5782595 -0.2468521 0.77871364 -0.7065226 0.122610256
28 -0.5489873 1.0983428 0.01254698 0.6297453 0.15290153 0.9628416 -0.24020903 -0.067639895
14 0.052407112 0.5933962 0.5942833 0.4867262 -0.24680702 0.3922372 -1.1237656 0.19760491
31 0.12918116 1.2437391 -0.06433877 0.70008564 -0.09179761 1.0522654 0.037937637 0.09660562
20 -0.62159777 0.27237615 0.5656976 0.77203923 -0.22424938 0.3123351 -1.1672066 0.30528826
39 -0.21881624 1.2156056 -0.09971675 0.72589403 -0.07463228 1.2194135 0.16019882 -0.19537266
4 -0.8740434 0.6613268 0.40924853 0.71513027 -0.076474786 0.67307144 -0.47222558 -0.39811265
10 -0.09184401 0.8555603 0.21339396 0.7695798 0.09562585 0.40705147 -0.12690951 0.44012517
45 -1.1349589 -0.43080914 0.94044083 -0.16697396 0.21351114 0.5576999 -0.29862463 -0.49806502
8 0.12901756 0.724305 0.22614184 0.25019136 0.27873975 0.9046131 0.7280288 -0.34428647
21 1.0812151 0.02838146 0.34814787 0.73713934 0.28787225 0.17042291 -0.5216182 0.54051614
29 -0.22569059 0.726404 0.060505945 1.0165219 -0.03522641 0.88936 -0.28481716 -0.31029546
44 -1.0634189 -0.13557127 0.48227128 0.37358803 0.5668963 0.72109014 0.7677519 -0.8956313
38 -0.721948 1.0867594 0.06792641 0.797426 -0.34334463 1.1991737 0.10863399 -0.3813315
41 0.46596935 0.8330588 -0.28707403 1.1958641 0.21933591 1.0723776 0.27547592 -0.48981094
16 -1.3267766 -0.49978155 0.9218195 -0.21677262 0.27449048 0.4639837 -0.14718229 -0.14107628
48 -0.1469284 1.2436535 -0.010721246 0.66322607 -0.27810726 1.3787048 0.066486485 -0.4426521
12 1.3452609 -0.03456838 0.630022 0.1989941 0.48445258 -0.14284231 0.50870675 0.80477196
42 -0.9052192 -1.2568688 1.2452669 -0.36880183 0.85274345 -0.068416856 0.59376484 -0.08920259
11 -0.20682198 -0.44853336 1.0290825 -0.12681064 0.12749757 -0.06435611 -1.3237549 0.82123107
34 0.9433167 0.827241 -0.07857404 1.0904746 0.07390319 0.82723266 -0.20797329 -0.15689602
17 -0.9626417 -1.1715288 1.4440249 -0.6707904 0.54625964 0.012632283 -0.07147099 0.17109063
37 -0.34889263 -1.5401466 1.5662237 -0.17446032 0.4072305 -0.46627373 -0.4296587 0.43079206
5 0.23252882 -1.0937594 1.4182793 -0.64010525 0.5544557 -0.46565813 -0.32618946 1.0823405
13 0.8717847 0.06542576 -0.08681412 0.90178424 1.0161291 0.5119834 0.8248227 -0.3070883
40 -0.0628253 0.9719531 -0.08613146 0.90800214 -0.23207524 1.4633765 0.5845621 -0.6933913
25 -0.7318822 -1.5239611 1.4520706 -0.22237982 0.30810955 -0.17117785 -0.13747558 0.20128724
26 -0.6180286 -0.20918572 0.8123395 -0.35633767 0.6725996 0.2813077 1.2978189 0.04021604
24 1.2496712 0.8101313 0.45296746 0.45161447 0.099508926 -0.064081624 -0.7102424 1.0652294
15 0.75612587 -1.5243758 1.6299591 -0.5521241 0.527597 -0.69708246 -0.3613713 1.102978
30 -0.6577076 -1.3890129 1.4680669 -0.41698295 0.47569132 0.052038174 1.6671526 -0.31740296
18 -0.49164987 -1.8386396 1.5452627 -0.5444111 0.6959797 -0.1482868 0.7168411 0.13296215
0 0.3947261 -1.8700268 1.276944 -0.23269437 1.3922654 -0.70597816 0.0096354345 0.6432507
19 0.8069155 0.5099251 0.51537406 0.21698174 0.6347413 -0.3169661 -1.4456706 1.3124294
3 1.5481292 0.05113394 0.8378117 0.2310315 0.30093148 -0.53330076 -0.589486 1.4385524
33 0.86504054 -1.8879417 1.4512571 -0.28449902 1.0128582 -0.5628725 0.82613975 0.28263626
7 1.3148298 -0.0639735 0.56087 0.049043946 0.8279748 -0.2576953 0.074321754 1.1686939
32 0.79469043 -1.9031471 1.5447613 -0.5003516 0.96824 -0.43670917 1.6461514 0.18796365
35 -0.31620595 -1.9716964 1.9707772 -0.73527884 0.8096178 -0.7516496 0.65795684 0.45069486
22 -0.51197886 -1.9568143 1.6966096 -0.54439694 0.863825 -0.5332835 0.291838 0.30365017
2 2.3670459 0.123208374 0.664151 0.23803668 0.34708884 -0.36156583 0.8640433 1.4035519
47 -0.28501648 0.5694833 -0.064586475 0.9940369 0.22836708 1.067468 -0.62345916 -0.5564731
