50 8
34 1.125366 -0.1427913 0.9375952 -0.24522749 -0.2567597 0.15214035 -0.050507184 -0.61005795
40 -0.1963519 0.824714 0.69426167 0.88672096 -0.13832106 -0.14448358 -0.5279757 0.9651374
39 -0.27156153 0.47182763 0.46439582 0.119477235 1.1176356 -0.21766575 -0.975824 0.15965782
43 -0.7278542 -0.3911905 0.55066735 -0.13948162 0.7864681 0.7458471 0.5373473 -0.3820234
24 0.7181655 0.33453095 0.6193478 0.4297842 0.5900144 -0.4300659 -1.3077954 0.11584945
23 0.010183653 0.16762055 0.5165824 0.2949771 0.7438476 -0.06774608 -0.9423542 -0.24226828
1 -0.07924538 -0.39282155 0.5675413 -0.33863845 0.87933767 0.6524013 0.24352601 -0.8743431
38 -0.42794997 -0.066743165 0.68631274 -0.20333222 0.42385045 0.49926725 0.29200166 -0.25861397
45 -0.49731627 -0.43940926 0.60898054 -0.7002801 1.0827307 0.72246814 0.42588198 -0.864066
44 -0.9632793 -0.26372766 0.44987547 0.09764933 1.19023 0.29040965 -0.30179334 -0.18968496
41 -0.41179824 -0.46389776 0.5984837 -0.31918016 0.4097943 1.132991 0.7719043 -0.4659261
28 -1.2704104 -0.11692199 0.60441643 -0.08960722 0.35906842 0.8821878 0.6049374 0.03207207
12 0.040361367 0.7260913 0.7764437 1.3085201 -0.44413185 -0.2926242 -0.48964354 0.8506618
16 -0.044371348 -0.4532611 0.62960213 -0.60408616 0.8096013 0.6132973 0.12069681 -0.5882201
15 -0.4517177 -0.01107976 0.554441 -0.49672034 0.8449508 0.68121904 0.27614808 -0.6594289
26 -1.069842 -0.20434605 0.6058839 0.03788613 0.6995794 0.35307673 0.011809534 0.024338512
36 0.07529984 -0.45426738 0.6985923 -0.83985174 0.7186415 0.750637 0.4901039 -1.0383686
27 -0.4481843 -0.22926575 0.68259335 -0.9122745 0.49003044 1.1674142 1.1443084 -0.3532461
25 0.6610624 0.34820777 0.8036837 0.6267647 -0.13520761 -0.33704212 -0.6924644 0.49852747
18 -0.22131296 0.3519613 0.4589911 1.2678238 0.6885021 -0.32740673 -1.261038 0.4231495
17 -0.46373734 -0.6045217 0.57035625 -0.8672221 1.4566994 0.49399343 -0.0046799444 -0.7975666
31 -1.0900002 0.38232973 0.46543357 0.5777001 0.64834267 0.1453807 -0.69201314 0.5342074
29 0.041464318 0.40055 0.50387824 0.7192642 0.88123083 -0.50669557 -1.4387243 0.027817443
13 -0.52055186 0.6362898 0.7438806 0.6934459 -0.20795575 0.055038597 0.11581065 1.2840178
6 -1.3650216 -0.020694178 0.4557783 0.20611514 0.68209356 0.6276849 -0.011586139 0.2329635
42 -0.9834901 -0.30138075 0.43179157 -0.38998747 1.3994969 0.49699783 -0.09502125 -0.38543525
49 0.03783643 -0.63602024 0.7597677 -1.0765474 0.65489686 0.80634725 0.4660324 -1.0243243
20 -1.2362418 -0.41328734 0.64215434 -0.10599951 0.19600719 1.032302 0.7264563 0.22315812
46 -0.55355966 -0.40388706 0.61281455 -0.87849414 1.0367993 0.8549227 0.6822536 -0.69693506
3 1.1355722 0.57339084 0.9088142 0.83043724 -0.109816425 -0.72993743 -0.8554112 0.4949782
0 1.1597058 0.3861228 0.9681455 0.5811582 -0.3582172 -0.59152806 -0.7050952 0.5013943
7 -0.32583785 0.87807685 0.77163744 0.6794651 -0.447358 0.12855287 0.27884242 1.2298874
14 1.7584289 0.22495082 0.9814364 -0.055286832 -0.31700626 -0.17317298 -0.33902043 -0.3721079
19 0.7650297 0.52238 0.8372161 1.3133165 -0.2326299 -0.70000476 -1.0523964 0.8081013
30 -0.04814502 0.7389257 0.77157384 1.3795686 -0.11959028 -0.6614242 -1.0688474 0.9603978
4 0.37378478 -0.16516052 1.0309236 -1.152404 -0.4008098 0.9230536 1.1743803 -0.4428532
48 0.30322745 -0.5041045 0.81820923 -1.0121119 0.26212722 1.0515251 0.9774935 -0.7533238
9 1.3125544 -0.29641286 1.1310661 -0.61443067 -0.73708725 0.47832024 0.90609103 -0.30850932
32 1.0080076 0.55152017 1.0079591 1.037506 -0.8096281 -0.44645146 -0.5278308 0.71269464
37 1.2974876 0.5357762 1.104226 1.0810089 -0.90567815 -0.61079973 -0.5692505 0.84215665
33 1.0413644 0.6201048 1.0039388 1.2595038 -1.1539769 -0.13193569 -0.09508172 0.7942809
5 0.17588267 -0.13690054 0.701633 -0.76820624 0.3154214 1.0055548 1.0244232 -0.66899645
35 1.2777529 0.6461908 1.0944275 1.0033504 -0.92455417 -0.6522514 -0.7969539 0.69441015
22 1.0849674 0.58223134 1.0306481 1.0280135 -1.14899 -0.120366536 -0.03524789 0.801651
2 0.90255165 0.7859305 0.96887976 0.9965047 -0.49935588 -0.8052075 -1.1997916 0.6213066
10 -0.9979073 0.23569344 0.7818123 0.36560428 -0.5228396 0.73755026 1.1143992 0.8324041
8 -1.6819947 0.38769314 0.33501887 1.0578831 0.5962332 0.48037896 -0.26200986 0.80684525
21 1.1456239 0.5820113 1.0594381 0.95212615 -1.3199011 -0.13383254 -0.23842181 0.58143365
11 0.5600762 -0.6774101 0.8646575 -1.1964401 0.189113 1.0113405 0.48823333 -1.3252523
47 0.20850629 -0.6901191 0.82024825 -1.3343716 0.5408743 1.0059706 0.72375274 -1.0700932
