50 8
23 -0.64731234 0.22026329 0.6830834 0.23213641 0.18099426 0.047957063 -0.460764 0.019675922
45 0.0798275 0.3316004 0.8563908 0.21761163 -0.30795097 -0.26330966 -0.6266203 -0.25148162
44 -0.43207106 0.07344004 0.7685182 -0.32781583 0.41341764 -1.1594099 -0.5305249 0.877631
43 -0.24344704 0.13051282 0.66967326 0.21227609 -0.24542578 -0.64685553 0.43420228 0.38902363
42 -0.7412806 -0.55968136 0.8347157 0.042841878 -0.14319028 -0.79936165 -0.012006274 0.3596975
28 -0.21126887 -0.3674364 0.65819746 1.002215 -1.1237308 0.6763752 0.24436922 -0.14838246
1 -0.15015718 0.61159295 0.6138317 0.850839 -0.19716753 0.96696645 -0.075804144 -0.23110397
34 0.036888864 0.66946924 0.55384403 0.9197537 -0.34252733 1.0945548 -0.06719194 -0.0053304587
18 -0.3814643 0.012520497 1.0359052 -0.55592924 0.4481439 -0.8693961 -0.42536306 1.0596747
19 -0.95792085 -0.6856126 0.8843672 0.25257155 0.17734458 -0.3079585 -0.80943197 -0.08421837
24 -1.0902616 -0.14125206 0.704947 0.44362774 0.6719833 0.06781905 -0.5553485 -0.26552692
20 -0.5819529 0.171803 0.32593378 1.1333777 -0.23893377 0.4495675 -0.6049504 -0.68630224
39 -0.053845223 0.834438 0.6590681 -0.05907695 0.3309856 -0.62606835 -0.8447483 0.13691878
22 -0.06536438 0.83776057 0.7688787 0.04622259 0.35025945 -0.25451952 -0.40446684 0.06465568
36 -0.21822806 0.5571792 0.42495516 1.0753802 -0.7043031 0.78072 0.17584844 -0.5626688
0 -0.7439519 -0.44812316 0.91212445 0.009687794 0.27416536 -0.43264815 -0.50423414 0.41773257
40 -0.11289773 0.58664584 0.6515005 -0.24946843 0.23935434 -0.8510896 0.29915848 1.2238655
21 -0.19428626 0.8792782 0.78301406 -0.26425293 0.9473587 -0.6551707 -0.5731768 0.55814743
41 0.3334091 0.98602325 0.33768973 0.87971056 -0.8224042 0.2735815 0.8702416 0.11492942
2 -0.7580048 0.14939193 0.72239286 0.31677163 0.55281377 0.07724272 -0.5865841 -0.06417839
6 -1.0474977 -0.62147063 0.28170705 0.7515673 -0.39984253 -0.34945422 0.1792663 0.41644454
15 -1.3547989 -0.7330084 0.49808666 0.7699005 -0.034378022 0.17499858 -0.5022537 -0.2688332
25 0.44540948 1.3722113 0.6461573 0.31473303 0.21524547 0.66133964 -0.5663358 0.4216444
17 -0.47737247 -0.4737356 0.7089714 0.9169206 -0.87755966 0.17174622 -0.16563463 -0.7163579
38 -0.09672107 0.9997037 0.25990942 1.1554914 -0.2276902 0.9266417 -0.25951216 -0.4832794
46 0.2715836 0.7115716 0.14907008 1.2423319 -1.1301032 0.4735273 0.5987637 0.054700762
7 -1.1500862 -0.5924696 0.44533926 0.123283125 -0.12593395 -1.5693891 -0.44466734 -0.012471309
49 -0.07628989 0.41242227 0.4857047 1.0816222 -1.0388683 0.9565246 0.18189618 -0.3450049
3 -1.0217489 0.04096181 0.7982297 -0.08654669 1.0695963 -0.5481182 -0.80487335 0.15308487
14 -0.009969817 0.8620726 0.16827263 1.3591655 -0.3158324 1.1075491 -0.7391846 -0.32006508
26 -0.49322528 -0.54685986 0.851243 -0.32101282 -0.46815547 -1.2685974 0.6306933 1.2678388
29 -0.9055157 -0.14670941 0.75880325 -0.30268258 0.36045703 -1.1703767 -0.28592935 0.50853854
27 -0.3327871 0.017574605 0.21203172 1.4661835 -0.879595 0.79202914 -0.06658156 -0.27764004
31 0.13971844 0.37529674 0.52742827 0.2774267 -0.6410769 -1.157975 0.3105913 0.16324148
13 -0.3151097 0.003310027 0.9082121 -0.48300982 -0.09718582 -1.2786386 0.83262837 1.2931892
30 0.09624051 0.3996171 1.055889 -0.57980055 0.1061744 -1.2625326 0.2343702 0.91130936
16 -0.15864964 0.26709673 0.9656434 -0.10797993 -0.23527312 -0.65433294 -0.5502794 -0.341064
48 0.37673694 0.89898884 -0.004455354 1.5088391 -1.1492734 0.40869045 0.23869602 -0.34671125
35 0.508651 1.9003593 0.46296343 0.105282806 0.45680296 -0.20162962 -0.006111775 0.54122007
12 -0.91814864 -0.58051974 0.781329 -0.08851569 0.46477345 -1.3026752 -0.25092304 0.6720945
11 0.2645913 0.9016509 0.15702169 1.5814912 -1.151493 1.4043615 0.43457368 -0.0798806
4 -0.37072554 0.06807515 0.1498374 1.7615176 -1.0908834 0.9470391 0.26521295 -0.6932028
10 -1.2763678 -1.114162 0.44689775 0.8723603 -0.5790489 -0.05881174 0.2190178 0.26693913
9 -0.053966273 0.5063153 0.021161538 1.8178862 -1.358801 1.1144648 0.65536237 -0.33507457
32 0.33761525 1.5898101 0.5772596 -0.46860367 0.3394456 -1.2931112 0.54215497 1.0110109
33 -0.0880614 1.2370722 0.91954046 -0.8385878 0.5576654 -1.3748146 0.30342564 0.61336344
8 -0.36806887 -0.13393894 0.5294538 -0.11521129 -0.6134013 -1.8058147 0.5778495 0.8007175
5 -0.42075545 -0.6337782 0.28470775 1.6453843 -1.361163 0.7992991 0.31106895 -0.12318904
37 -0.17470875 0.6744513 1.0097197 -0.68331194 0.37444136 -1.5061942 0.90373516 0.81024754
47 0.95755213 2.0241559 -0.07835593 1.0491563 -0.57803833 0.38357392 0.54680747 0.6376322
