50 8
17 -0.636075 0.08610337 0.83153677 0.41413635 -0.51987106 -0.646696 -0.061372034 -0.8552937
23 -0.61279017 0.24950407 0.3661948 0.12952569 0.22284071 -0.47311425 -0.27039993 0.1729825
26 -0.5250959 0.05572024 0.35483685 0.652643 -0.10573261 -0.910313 -0.16832279 -0.61383307
1 -0.4680452 0.7779702 0.2416827 0.46284494 0.09319599 -0.65554225 0.1057047 -0.8090881
41 -0.5442706 1.096746 0.42147207 0.29500467 0.07485022 0.014710389 -0.1769241 -0.8933794
38 -0.49318382 0.8172637 0.5922583 0.4284873 -0.5764968 -0.19469774 -0.030120237 -1.1039923
42 -0.67919606 0.19692042 0.2394086 0.5650078 -0.2897528 -1.1253409 0.34168777 -0.6468215
36 -0.64859426 0.8401881 0.5359368 0.49687722 -0.49498963 0.21334188 -0.088456094 -1.0548075
34 -0.62895167 0.6029228 0.99868 0.42219946 -0.050516028 0.7017629 -0.1821817 -0.87356776
43 -0.6438557 0.28537002 0.6388832 0.6251798 -0.5466921 -0.45746884 0.082782015 -1.0416178
45 -0.3823177 1.2270858 0.25196847 0.3794498 0.088720344 -0.042738516 -0.30237314 -0.9300965
27 -0.65817654 0.16687217 0.8019248 0.6566992 -0.7195734 -0.12215391 -0.20811506 -1.0623016
18 -0.010579223 0.46952486 -0.51320046 0.35228467 0.6771447 -0.39717007 0.11045335 1.7454175
47 -0.6242172 0.76140445 0.23112436 0.5502382 -0.039919946 -0.4658477 -0.33554247 -1.0520605
40 -0.70621294 0.74484885 0.008762792 0.05614297 0.8024041 -0.78903496 -0.5489028 -0.16645746
28 -0.668417 0.7340521 0.3913282 0.3147905 -0.29930505 -0.74208176 -0.19175252 -1.0653886
39 -0.7728493 0.67726195 0.1668154 0.16795054 0.3759129 -0.7053782 -0.3574144 -0.50599504
10 0.3511199 -0.097981885 0.46291918 0.877818 -0.7691098 -0.38972062 0.6006591 0.35777998
49 -0.45861724 0.32402155 1.0746907 0.5258099 -0.72024566 0.6008892 -0.068200804 -0.67737544
5 0.38170448 0.4335762 0.46595207 0.7640041 -1.3796619 0.5704582 1.0423595 0.3975176
7 0.3725486 -0.3887519 0.07523581 0.58877915 -0.16276962 -0.36434296 -0.17458174 2.013635
16 -0.26198357 1.2819066 0.6069941 -0.006440041 -0.2514465 0.46729267 -0.19020562 -0.48642296
6 -0.68288904 0.4342482 0.23857021 0.7279408 -0.30242944 -0.62651163 -0.042737283 -1.0899128
31 -0.6773428 0.8426052 -0.0014750035 0.43703797 0.43107152 -0.84823006 -0.3890778 -0.9144439
8 -0.51531744 -0.086855166 -0.15894683 0.58012545 0.37538353 -1.4395852 -0.19983067 0.12702149
29 -0.4919454 1.2486618 0.09740902 0.041426536 0.36826554 0.23756306 -0.26417 -0.09711241
44 -0.4475335 0.8391681 0.021999205 0.41784438 0.14609261 -0.87812006 -0.49582028 -0.82223976
4 -0.4998098 0.41944125 1.3281897 0.35859913 -0.79945105 0.8257185 0.23741281 -0.73814666
21 0.075172916 -0.42571297 0.65430737 0.2861426 0.39886317 0.426349 -0.07527054 2.2150207
48 -0.3473996 0.7471952 -0.33605427 0.91807646 -0.23138908 -1.0069631 -0.11608699 -0.9727463
33 0.41174346 -0.07900522 0.5511532 0.3455166 0.1581982 0.74728936 0.078998744 2.2526557
12 0.10502046 -0.0037901618 -0.2970762 0.5212312 0.68085104 -0.34500673 -0.12559414 1.9210466
20 -0.3835389 0.07159188 0.70823896 0.72800595 -0.5200687 -0.57933336 0.018042289 -0.8575678
13 0.31026757 0.016641984 -0.2343259 0.67879164 0.12991521 0.0068746223 0.43832678 2.0049295
9 0.087461025 0.70129037 0.839364 0.6556096 -1.0599138 1.1567916 0.5902083 -0.19784568
14 0.48511237 1.1177827 0.64102966 0.07582768 -0.57360166 1.2907292 -0.26358882 0.8125751
46 -0.13966082 -0.4663325 0.31129682 0.4554576 -0.22280173 -0.550012 -0.02067762 1.2650813
25 0.20361389 1.2716371 0.20346479 -0.06989084 0.28390408 1.2850654 -0.2469762 1.4265441
3 0.28314486 -0.044501044 -0.23922418 0.4365186 0.4071701 -0.30995408 0.0781573 2.4015064
30 0.25682327 0.21037097 -0.20979927 0.3223078 0.77074784 -0.25998136 0.1131896 2.264726
15 0.23783147 -0.36189586 0.11926052 0.45053542 -0.11362696 -0.5651364 0.27273926 1.942878
0 0.51259947 -0.08366893 0.10482666 0.3742441 0.4491223 -0.13278165 0.056922663 2.5450146
24 0.023546442 -0.4498872 -0.16518414 0.37102345 0.69946736 -0.8731187 -0.44538242 2.1772552
19 -0.09715852 -0.69067436 -0.13653986 0.6089609 0.31760353 -0.80664885 -0.23212238 1.9776062
11 -0.14039864 1.0712602 0.9555613 0.10530311 -0.57194513 1.2822912 -0.4495306 -0.22762461
35 0.33367553 -0.45846525 0.74182874 0.54002565 -0.12497227 0.95360225 0.24692497 2.273275
32 0.31432977 -0.23373194 0.28418303 0.24756742 0.4223218 0.10289084 0.17900343 2.7334778
37 0.3394151 -0.21669461 0.63189447 0.39397424 0.31265414 0.7572334 0.18330787 2.460735
22 0.2783399 -0.55855256 0.6596736 0.57396036 0.07461494 1.0105782 -0.1061319 2.522139
2 0.1663322 -0.063896894 -0.34222186 0.38444328 1.0031153 -0.84691364 -0.21453096 2.2692907
