50 8
1 -1.2052178 -0.015577346 0.36532107 0.057807613 0.24653421 -0.47030064 0.36041543 0.55549014
45 -1.2614304 0.13552462 0.33663127 -0.048077192 0.1334933 -0.31642264 0.37683207 0.5705599
43 -0.105809376 -0.16013424 0.47708702 -0.41430047 -0.99448436 0.12097795 0.6362987 0.13739167
27 -1.259205 -0.1607061 0.036551394 0.31515658 0.39480722 -0.31628934 0.2954057 0.63815624
23 -0.5155601 0.04538613 0.22147591 -0.2956288 -0.51353043 0.5184896 0.75373566 -0.020290354
42 -0.9308195 0.23634198 0.7612204 -0.15761209 -0.33404854 -0.062455665 0.6002703 0.3436671
19 -0.87190694 -0.0038297926 0.029327901 -0.106987335 -0.8238178 0.8051837 0.78361046 -0.7945397
26 -0.255751 0.23889618 0.5855139 -0.6208024 -0.8092667 -0.108649984 0.8116127 0.2869025
24 -0.5289214 -0.1509814 -0.037192717 -0.17997083 -0.61995095 0.70628524 0.81548685 -0.5666223
18 0.6786458 -0.62692875 -0.30091214 -0.9937972 -0.60535616 0.28689957 0.86731166 -0.2835902
40 0.8925555 -0.5507568 0.05208516 -1.1374084 -0.6716186 0.31941655 1.0441532 -0.27869272
28 -1.4115797 0.21895753 0.22922018 0.23717986 -0.08315388 -0.06559246 0.3072103 0.7904553
29 -0.39710197 -0.1456686 -0.7265935 -0.65421844 -0.16260901 -0.21268535 0.13800466 0.98626816
12 0.76118433 -0.6794974 -0.6134439 -1.0178534 -0.7647892 0.40439993 0.77469873 -0.19306429
39 0.11162351 -0.2742552 0.15285896 -0.65515465 -0.14739935 -0.2443478 0.5464714 0.783934
17 -1.5246675 0.42818457 0.5222969 0.08353279 0.044036787 -0.21034658 0.56212866 0.42331368
15 -1.3188335 0.20431662 0.6098267 0.21749139 -0.31586635 0.31875703 0.7734371 -0.33628452
49 -1.4280821 -0.44217914 -0.3174434 0.77368706 0.5105917 0.24379663 0.18941535 0.3874616
5 -1.2834929 -0.40862545 0.26938632 0.748323 0.1584938 0.042868 0.31368914 0.2494162
41 -0.37460637 -0.91442597 -0.30913058 -0.036908463 0.74425864 -0.5667479 -0.070415854 1.2118504
16 -1.107425 -0.39299098 -0.22768956 0.45009097 0.3977662 -0.22804211 0.07422699 0.9721314
20 -1.339236 -0.51404387 0.50918144 0.56530184 0.65150046 -0.69535655 0.049287558 0.8775823
14 -0.11701528 -1.8288147 -0.983579 0.7845695 0.75954 0.48211032 0.05012133 0.015254699
31 -0.057504695 0.23477629 0.33338282 -0.96683496 -0.7170713 -0.5787271 0.6812794 0.6563627
34 -0.44590092 -1.00532 -1.0162964 0.40784353 0.5463763 -0.0598788 -0.025601791 0.84823745
36 -1.3762364 -0.27887583 0.33239084 0.47075927 0.82105654 -0.40295988 0.31501138 0.7003795
7 0.8313058 -1.0273038 -0.08064371 -0.5680832 -0.82062596 0.51199293 0.85540396 -0.5998373
0 0.04588437 -0.43636808 -0.24685629 -0.4661107 -0.9628895 0.998904 1.0835643 -1.2080985
13 1.1346334 -1.0950859 -0.17996785 -1.0276356 -0.4835845 -0.68755895 0.47008768 0.45674568
38 -0.3845881 -0.7402403 -0.08557377 -0.06143005 0.9991382 -0.864738 0.045372352 1.4879212
44 0.53262186 -0.64660585 0.53748 -0.5005095 0.1408863 -0.97852904 0.5446975 1.1258112
6 -0.37859705 0.092022024 0.8282444 -0.55017626 -0.35623404 -0.8729099 0.6566222 0.62032807
4 -1.0192034 -0.9069953 0.022838732 0.6515108 0.93870723 -0.5453145 -0.04899454 1.0495512
8 0.735299 -0.54311097 0.3537595 -1.048901 -0.6316107 -0.8889027 0.55604005 0.6316654
11 -1.5477725 -0.7211125 -0.1932898 1.1214504 0.5348581 -0.013951563 -0.12729482 0.75620383
22 -0.17032573 -0.7648769 -0.5009826 0.019785393 -0.28628382 1.1681248 0.84862006 -0.93337065
10 -0.42872986 -0.15579386 1.0702095 -0.186747 -0.5200427 -0.93450105 0.54045135 0.54568875
3 0.36988842 -0.68442094 -1.0170779 -0.5794649 -0.7907957 1.1293905 0.765774 -0.60548323
21 1.2054718 -1.4749213 -1.0432105 -0.7144456 -0.51417786 0.31740627 0.585767 -0.24053614
35 0.80882585 -0.8463374 -1.0076818 -0.75653446 -0.7158068 0.9039297 0.9733731 -0.62777007
47 -1.6186296 -0.473581 0.34315944 0.99073625 0.6506943 -0.3908168 0.08811322 0.8077967
2 0.18686719 -1.0260419 -1.531067 -0.28954828 -0.5551749 1.4685297 0.5709797 -0.77035195
46 -1.3119184 -0.67550653 0.26285207 0.9529915 0.578614 0.1356931 0.47559193 -0.19741873
30 1.3553487 -1.1473521 -0.37323323 -1.084667 -0.80628127 0.32335502 0.7040933 -0.04750659
37 0.65904534 -1.1496437 -1.1333432 -0.40593186 -1.0728695 1.1819628 0.6542297 -0.7911267
9 -1.2238121 -1.0888574 -0.30616543 1.1644535 0.98007923 -0.32120726 -0.21838818 1.1019115
25 -0.34555757 -1.333574 -0.5362902 0.5302409 1.285667 -0.33354947 0.15919362 0.72514564
32 1.594583 -1.4757509 -0.98058516 -1.025358 -0.5889128 0.74729186 1.0197753 -0.8110799
33 1.194707 -1.6880678 -0.96772015 -0.40339357 -0.46580052 0.9998468 0.8405305 -0.8542142
48 0.8126791 -0.4151774 0.68938583 -1.2530617 -0.24539152 -1.092189 0.6571357 0.9959352
