50 8
28 -0.4241357 0.30121437 0.76996034 -0.13423558 0.47095272 0.2795376 -0.8777703 -0.15587382
1 0.050062694 -0.08295216 0.46695232 0.19157483 0.59177285 0.9014953 -0.92438823 -0.24336244
36 -0.22568539 -0.00030984473 0.7944929 -0.21391338 0.27315784 1.026998 -0.15813676 -0.33391705
39 0.34538612 0.2208308 1.0888764 0.2146272 0.7792216 -0.7413746 -0.8183473 0.108356856
8 -0.30026382 0.26993337 0.33915713 1.0186543 0.61189085 -0.34993514 -0.7278392 0.51914626
43 -0.031001331 0.31823322 1.1444495 0.033445466 0.7131476 -0.6598258 -0.9351352 -0.06781882
31 -0.24191268 0.2745286 0.22096354 0.5410232 0.6852237 0.07967692 -1.052418 0.39520374
23 0.3136325 0.037333217 0.7568466 0.2585393 0.83696526 -0.084436215 -1.1734557 -0.032043174
3 -0.25470644 0.3922913 0.7710422 0.26074228 0.42317465 -0.8710422 0.45835653 0.8936783
40 -0.28237343 0.2121917 0.4731578 0.74824417 0.73146164 -1.1061804 -0.24459742 1.0675559
42 -0.36521646 0.16829577 1.0573559 -0.38506672 0.79983836 -0.6388941 -1.0146526 0.106913894
20 -0.6590613 0.32965836 0.24861288 0.053743124 -0.059224747 1.3715585 0.31196 0.2018143
45 -0.29619235 0.08782757 1.3937536 -0.4455807 0.26349667 0.22889064 -0.43776923 -0.45691642
17 0.026635902 0.015517893 1.1950418 -0.24523596 0.5448957 0.13943444 -1.0656624 -0.35527393
15 -0.35010627 0.22549981 1.2675574 -0.4452099 0.6118623 -0.5797238 -0.8611478 0.004062611
24 0.11495582 0.2125384 0.8330407 0.27525896 0.82255924 -0.7184055 -0.9604002 0.34464762
16 0.39132556 -0.3254929 0.73671424 -0.17726777 0.7253208 0.85495883 -0.8137553 -0.34425935
19 0.18104567 0.26477417 0.67590314 0.21648596 0.82958823 -0.47026408 -1.0902226 0.33014673
49 -0.5704426 -0.16648504 1.1350735 -0.84461063 0.13651764 0.9485373 0.3793077 -0.33386576
18 0.029067514 0.2550959 0.54024875 0.63988113 0.8861036 -1.1243504 -0.36612207 0.8601407
26 0.045200467 0.07475365 -0.14662756 0.94322413 0.8053267 0.51952547 -1.0596124 0.38744345
46 -0.43565342 0.34711316 1.232413 -0.2784099 0.50738096 -1.1453692 0.23452258 0.55988157
25 0.6883903 -0.030285507 0.17018737 0.04236571 0.6798213 1.0698402 0.08216821 0.16625905
44 0.19161081 0.106512226 0.61938936 0.10444078 0.8630546 0.21282163 -1.1621444 -0.120515846
0 -0.55397487 0.080708206 0.85738665 -0.15097871 0.80933225 -1.3598535 0.16822068 1.0630019
38 -0.1667495 0.29173437 0.020330189 0.2803305 0.050550386 1.6819046 0.34387118 0.14413504
41 0.32541475 0.11244371 0.05118057 0.35595617 0.3639209 1.6809826 0.1403771 -0.114568345
27 -0.8228102 0.23708205 0.39876217 -0.41794366 0.061215587 0.96874 1.4493465 0.44982994
29 0.17179087 0.06738496 -0.07768628 0.14822257 0.17119984 1.72874 1.3074244 0.4361999
4 -0.13994482 0.14375663 0.33590338 -0.15830143 0.031122547 2.001468 0.18965168 -0.31406528
30 -0.02762599 0.1754151 0.48896405 0.8197149 0.8455647 -0.9459489 -0.2882377 0.7844582
2 -0.3183712 0.33180887 0.3913433 0.44817507 0.13191566 -0.2469794 1.2559603 1.1442064
7 -0.08750536 0.7049438 -0.56381696 1.0741621 0.40904692 0.09576681 1.2611983 1.5558794
34 0.43352067 -0.11457918 0.46178138 -0.561885 0.14574875 1.4821028 1.2935061 0.30524004
5 -0.673933 0.19990215 0.92182577 -0.59788465 0.031602025 1.1031787 0.43285787 -0.3131409
47 -0.006010665 -0.045865223 1.2189771 -0.4965807 0.29512426 0.7300496 0.12883654 -0.4995793
14 0.48928627 0.18767522 0.30612445 0.08040157 0.19732557 1.7921939 0.050553106 -0.23392676
13 -0.047645383 0.5492795 -0.87945664 1.358442 0.50353 0.74861777 0.8410147 1.2357135
21 -0.21224184 0.011224105 -0.013107969 0.26568675 -0.15991652 1.1843195 1.9993209 1.1684303
6 -0.20851699 0.4198561 -0.4157321 0.8146462 0.46959835 1.2522054 -0.34714463 0.323765
12 0.16644406 0.29134718 -0.1629632 1.2274717 0.7314413 -0.24450831 0.037033338 1.0102859
9 0.055244666 0.04211523 0.3720064 -0.29368085 -0.08969276 1.6208906 1.6308007 0.3745099
11 0.032591242 0.103730366 0.7331139 -0.83298886 -0.07795491 1.9253467 0.76619935 -0.30408016
33 0.004103983 0.6041247 0.021455454 0.6834621 0.28222185 -0.41794708 1.9675971 1.6350578
37 -0.019934 0.17952624 0.80631053 0.2621973 0.1801919 -0.7277003 1.9337488 1.2242329
22 0.1082224 0.028936882 0.93490916 0.09744524 0.95187676 -1.7127737 0.46301547 1.2452494
32 -0.1416891 0.5893721 0.40602568 0.49869162 0.4297655 -1.1848285 1.0949808 1.5753411
10 -1.1788396 0.84566605 -0.4905576 0.7677009 -0.15116318 1.3548764 0.2639084 0.7213914
35 -0.2558119 0.089916445 0.64111847 0.40010673 0.65310323 -1.450038 0.69337314 1.5201386
48 0.09891764 0.17511894 -0.12535356 0.5333282 0.2573616 1.7388523 0.011895467 0.08012745
