50 8
23 0.88922536 0.072272524 0.67455566 1.0922489 0.50425327 -0.31455728 -0.3239701 -0.611461
1 0.040841896 -0.45539683 0.55809253 -0.065995805 0.3313098 0.54093146 0.29893956 -1.1353484
19 0.6044226 0.16839693 0.32887483 1.2751864 0.46085125 -0.09347895 -0.66067845 0.7142772
24 0.3422679 0.31830034 0.49912634 1.0740565 0.51469266 -0.19021977 -0.5728156 0.71461433
40 0.651337 0.13916123 0.4392613 1.2874988 0.37993792 -0.13073197 -0.7638965 0.97306526
31 0.2119047 0.3716098 0.46667442 0.91809416 0.40782508 -0.030354528 -0.5054946 0.97944343
35 0.8287572 0.058706645 0.48040983 1.2833264 0.29255643 -0.13297565 -0.36836314 -0.24767353
26 -0.47417808 0.3116393 0.3456842 0.110695444 0.28111285 0.54761034 0.027016683 1.2508355
45 -0.009729845 0.056495287 0.55504245 0.19982526 0.24001987 0.3506352 0.26961514 -0.3267215
25 0.2712165 -0.35652468 0.4197571 0.38804567 0.14826398 0.46056283 -0.58722156 -0.06642076
39 0.637653 0.18329072 0.8356456 1.0082068 0.52727234 -0.4456951 -0.35263678 -0.68113923
30 0.29117322 0.364084 0.69041455 1.3606673 0.1626835 -0.32291302 -0.76689655 0.6624559
43 0.1867864 -0.3126465 -0.038447864 0.418034 0.43757832 0.7634002 0.44484425 0.1382061
42 -0.48566386 -0.32342476 0.9116262 -0.39442033 0.57130086 0.18243606 0.21405518 0.4209057
13 0.54365176 0.37361112 0.28496087 1.1713023 0.29779062 0.11076944 -0.6439263 1.3098683
2 0.7940903 0.5006979 0.25254005 1.3541199 0.25935084 0.020512948 -0.5585978 0.8413937
0 0.6303831 0.33753324 0.3119071 1.2150755 0.7110526 -0.14227816 -0.5863611 1.0098183
41 -0.43429428 -0.57051593 0.48116508 -0.3273204 0.124375515 0.93518853 0.2638701 -0.9542064
18 0.5214931 0.21749067 0.50279963 1.3650186 0.4082963 -0.2922216 -0.8397879 0.8760426
12 0.60467786 0.26675922 0.43282342 1.2143025 0.5852339 -0.21508852 -0.62576187 0.76164114
28 -0.8894351 -0.13110134 0.35766992 -0.7988878 0.042467374 1.3426979 0.7093149 -0.29462108
48 0.5672019 0.31554437 0.38592213 0.74013805 0.5903784 0.03813507 -0.36852583 0.56575525
17 -0.66873896 -0.28924575 0.71944 -0.8890359 0.26148796 0.9311867 0.8497145 -0.65048766
7 0.22434504 0.493418 0.2553544 0.5150557 0.4021766 0.35608783 0.007777208 1.4987665
21 0.2585499 -0.44333038 -0.14272052 1.1457629 -0.15522751 0.7851466 0.10600428 0.0012435567
37 0.9351311 -0.073425815 0.59939873 1.5317554 0.4281719 -0.40143526 -0.46007344 0.46654338
32 1.337451 0.22018245 0.33595547 1.5031203 0.6471486 -0.18304105 -0.10517806 -0.056278445
3 0.7711982 0.21400376 0.49293908 1.4046065 0.46473303 -0.32037863 -0.42829654 0.007259693
27 -0.8945027 -0.09593462 0.6605926 -1.0702688 0.037728768 1.1711135 0.7517776 -0.527695
38 -0.11768095 -0.64300793 0.49085367 -0.57095844 -0.06762282 1.1614456 0.3439407 -1.0636069
44 0.5446035 0.052079964 0.5228452 1.3566148 0.4018372 -0.27665773 -0.79709816 0.7644265
29 -0.9012755 -0.069763 0.41037577 -0.9127542 0.15531968 1.1996285 0.22599488 0.39464587
34 -0.40102136 -0.2947668 0.63714844 -1.0158415 0.07041439 1.2398279 0.57345694 -1.1886423
49 -0.6566805 -0.20997284 0.68498266 -0.6836902 0.042174157 1.0133628 0.5522542 -1.3787324
9 -0.6491511 -0.29579678 0.67155445 -1.0696021 0.016847437 1.2748841 0.9110591 -0.77440846
15 0.38139388 0.41021976 0.39321116 1.2332624 0.3268028 -0.10275828 0.08244907 0.53638315
46 -1.0976667 0.09471655 0.71528536 -0.99942344 -0.24248299 1.2646961 0.41238385 -0.64058226
36 -1.2076294 0.07770547 0.6174127 -1.1388354 -0.098263696 1.321378 0.6856588 -0.33929065
14 -0.4463306 -0.22248255 0.44417182 -0.80200183 -0.107561715 1.448858 0.65105546 -1.3447702
20 -1.2574892 -0.18620312 0.52189815 -0.8578457 -0.09391824 1.2641073 0.34835285 -0.11024206
10 -1.0700402 0.27210796 -0.12689844 -0.59592235 -0.0957342 1.6920917 0.49796683 1.0981984
4 -0.90920985 -0.2676041 0.728203 -1.1800368 -0.19825633 1.3280522 0.32366455 -0.6428231
5 -0.36332867 -0.14516766 0.3749354 -0.76303667 0.25667384 1.2137498 1.0892942 -0.5785193
33 1.119219 0.054238178 0.11615033 1.3492861 0.33559048 0.17893954 -0.48924384 -0.28905174
11 -0.2850635 -0.42124036 0.2909074 -0.56628555 0.25552636 1.2632464 0.53948617 -1.6548018
6 -0.936761 0.3365419 0.6480412 -0.98421216 0.12329922 0.94699365 0.20362803 0.8942513
8 -0.46929362 0.6113315 0.6582577 0.11616028 0.25621846 0.18861617 -0.5714329 1.7518946
16 -0.970169 0.06291801 0.515355 -1.1408299 0.043454677 1.4114555 0.29878634 -0.57548255
47 -0.24929409 -0.5452501 0.42840183 0.37367767 -0.0036094445 0.6376793 0.40424412 -1.8236643
22 0.49321702 0.06753524 0.8971103 1.2307644 0.6577638 -0.6987342 -0.88224643 -0.093449056
