50 8
44 0.08384917 0.117416464 0.35024694 0.34870276 -0.065427944 -1.0089592 -0.42052048 -0.025900798
39 -0.55556625 0.09503087 0.35285 0.04575701 -0.071099445 -0.7556526 -0.6086107 -0.55599886
28 -0.1444932 0.20629865 0.97702 -0.25723282 -0.41142455 -0.33545417 -0.12101436 -0.9004597
40 -0.3619672 0.55049825 0.30862507 -0.075153835 -0.23217869 -0.7166977 -0.3947863 -0.49752828
17 -0.26209864 0.60635346 0.91513777 -0.29170674 -0.71295017 0.019099275 -0.014833023 -1.1045685
3 -0.19673942 -0.29756543 0.61085033 0.33626294 0.677309 -0.60431135 -0.45667928 0.83920276
42 -0.3918059 0.21302536 0.3789695 0.15747227 -0.16272333 -0.8544672 -0.38826543 -0.933218
43 -0.42586046 0.2425532 0.766443 0.04687545 -0.5072821 -0.3290395 -0.07337001 -1.2047131
26 -0.2006754 -0.418438 0.53047305 0.27017882 0.48752484 -0.9116216 -0.6957094 0.27074292
20 0.030005725 0.38944718 0.6783697 0.22565605 -0.07923744 -0.2305783 -0.12547243 -0.3795483
6 -0.4665322 -0.53642607 0.5603994 0.33297843 -0.14071576 -1.0958728 -0.4436297 -0.30543646
18 -0.316781 -0.17449337 0.49772558 0.44773543 1.1106842 -0.370529 -0.4859546 1.3315334
29 -0.13476738 0.00920363 0.41374183 0.5608897 0.53625834 -0.35938188 -0.3556317 1.5894023
31 -0.34083787 0.15156661 0.21328154 0.374858 0.01874753 -0.88987577 -0.51776564 -0.42039052
34 -0.14947005 1.0428342 0.74176455 0.008955801 -0.8496206 0.31648058 0.19565058 -0.8846204
19 -0.41935948 -0.63812757 0.5023451 0.41332075 0.32470694 -1.1138045 -0.6126435 0.26030418
27 -0.3057792 0.7648534 0.9829 -0.25529388 -0.8516977 0.37724018 0.06272536 -1.2380453
24 -0.50485754 -0.4943433 0.4218223 0.33527312 0.7656982 -0.9146017 -0.7038075 0.6931175
1 -0.14973933 0.7240492 0.6891444 -0.09477982 -0.79254633 -0.2637357 -0.054074902 -1.26046
45 -0.039777555 0.1564709 0.3509671 0.43072587 -0.008115503 -1.0400537 -0.36012855 -0.79911023
15 -0.24251163 -0.3601221 0.49227467 0.26427212 0.085826315 -1.2203366 -0.41583008 -0.015127514
16 0.047220837 0.9747797 0.78088766 -0.21745765 -0.7501581 -0.0753914 0.22613874 -0.6645667
0 -0.31710336 -0.26106474 0.48082703 0.2048671 0.76232886 -0.7457562 -0.65563583 0.690819
23 -0.5802648 -0.05902126 0.50402224 0.106849834 -0.40721676 -0.9218804 -0.377004 -1.1640968
38 -0.116228946 1.2595717 0.56791735 0.103039965 -1.2078125 0.255708 0.2010858 -0.9014895
49 -0.38636628 0.9971434 0.7428504 0.18420109 -0.8493316 0.61977494 0.05209335 -1.397351
9 -0.2151268 1.598964 0.49904 0.24792562 -0.7922558 0.97361004 0.33552215 -0.006942566
8 -0.24657163 -0.59530866 0.64424837 -0.012965861 0.39376888 -1.2533125 -0.7247747 0.33610755
7 -0.40157184 -0.49074247 0.37261087 0.7759369 0.5111621 -0.74946356 -0.53492147 0.8792604
46 -0.26710275 0.28251737 0.8255522 -0.04460657 -0.98334736 -0.43606266 0.09108669 -0.95407337
14 0.05996721 1.6989764 0.7376762 -0.050855517 0.1323584 1.5374339 0.11081482 1.0120468
13 -0.2678828 0.10262465 0.30236802 0.8018445 1.1871032 -0.123505406 -0.41820705 1.4453456
36 -0.3842098 1.2225133 0.5811753 0.30593204 -0.9273362 0.764965 0.1134204 -1.073565
25 0.12297839 1.4100726 0.7034175 -0.0154886 -0.18782274 1.2434815 0.002764843 1.4247322
12 -0.19820458 -0.43383962 0.50818926 0.3791271 0.585235 -1.0213412 -0.47383457 0.6539264
21 -0.15848753 0.24492326 0.62340677 0.43284693 1.1263875 0.32336533 -0.28425357 1.8498763
2 -0.22430936 0.254201 0.36284152 0.5281542 1.041498 -0.21675092 -0.37403864 1.3752156
41 -0.43979704 1.4418575 0.46876043 0.5739719 -0.819021 1.0405611 0.2952148 -0.83582455
22 -0.27146718 0.42010498 0.39172933 0.612532 1.3064586 0.44265947 -0.46856484 1.5757825
4 -0.06068551 1.5564085 0.6149558 0.45082098 -1.0691681 0.8480899 0.4675448 -0.78558964
10 -0.19106154 -0.4878139 0.63274705 0.5525463 0.71552455 -0.6255755 -0.39027554 1.1032923
11 -0.34512863 1.4899065 0.7750245 0.08203256 -1.4154682 1.0335402 0.396395 -0.9831652
47 -0.13026126 1.1507808 0.66107553 0.14126574 -0.7284641 0.4094586 -0.03749638 -1.4426346
33 -0.067808166 0.7930974 0.6412034 0.39321578 0.8766782 0.88352215 -0.1128158 2.0884326
5 0.0708055 1.0761812 0.8822347 -0.10892672 -0.8365443 0.5207604 0.43493938 0.22623527
37 -0.010339798 0.75778174 0.5523371 0.60352635 0.87706584 0.75489557 -0.1335958 1.894789
48 0.14317542 1.9116032 0.44372013 0.45006886 -0.79155606 1.033729 0.19362026 -0.7289858
30 -0.26328444 0.53331435 0.06843466 0.74399155 1.214578 0.008038516 -0.5904426 0.9854524
32 -0.0030073398 0.8846835 0.38820547 0.6484394 0.6668136 0.76064813 -0.11389184 2.2460306
35 0.11407097 1.5066721 0.5269958 -0.078511626 0.6407208 1.1008615 -0.11540756 2.0937192
