50 8
43 -0.6781563 0.17373116 0.80471635 0.6193741 -0.33728802 -0.33218318 -0.01032616 -0.36217764
46 -0.46431386 0.2541585 0.69257486 0.577935 -0.23143737 -0.20582098 -0.1754389 -0.088155806
41 -0.95052195 0.36960724 -0.032068588 0.5028955 0.1291035 -0.4440453 -0.30794162 -0.5479712
28 -0.99417704 0.28944677 0.52924323 0.51155144 -0.24697377 -0.5434714 -0.18275742 -0.79609853
39 -1.1089085 0.21076365 -0.42292088 0.34402794 0.26040235 -0.36918667 -0.23352745 0.13504112
23 -0.47906232 0.47748807 -0.05028963 0.043324847 0.4642948 -0.21839787 0.08181104 0.6242218
24 0.058074027 0.61778915 -0.13261811 0.052492898 1.003166 0.06585319 0.23919785 1.0575465
49 -0.51357067 0.39167148 0.7546155 0.7459011 -0.7767969 -0.17839074 -0.4141535 -0.25027946
42 -1.232191 0.46097144 -0.24849601 0.52313733 -0.111923434 -0.46292055 -0.21457271 -0.66652673
36 -0.55507797 0.47372112 0.6286841 0.608943 -0.5851787 -0.4315809 0.053050015 -0.34742427
38 -0.48856786 0.55454504 0.5680477 0.65248746 -0.49619532 -0.34245813 -0.41211414 -0.48596904
31 -1.2137625 -0.03177584 -0.28026393 0.5651469 0.40987957 -0.6130853 0.17163308 -0.29556447
18 -0.61670285 0.26023364 -0.38921514 -0.047385283 1.3812752 0.06878553 0.27569234 0.8080698
6 -1.1238984 0.21734752 -0.23868662 0.5617579 0.07079646 -0.5631092 -0.057552066 -0.29521936
4 0.2423611 0.68124646 1.0570492 0.5855803 -0.7505426 -0.054058317 -0.010528073 0.33073083
45 -0.9754778 0.36039492 0.17344931 0.7574382 -0.25879627 -0.362259 -0.2836389 -0.71513087
17 -0.5202439 0.3132415 0.8578927 0.5980748 -0.4597812 -0.32624993 -0.41333404 -0.41109568
26 -1.1394999 0.11905098 -0.058106955 0.5651654 0.14867097 -0.6610285 -0.21241215 -0.5397042
34 -0.2960333 0.69024503 0.5401149 0.8083065 -0.7192269 -0.15423866 -0.6527331 -0.32325467
27 -0.77080524 0.38066724 0.5101099 0.8512949 -0.60626316 -0.32051748 -0.6116754 -0.6887007
44 -0.96657866 0.46580282 0.09684305 0.47704974 -0.08931536 -0.46761632 -0.36377627 -0.6861589
1 -0.8539083 0.63118714 0.19126113 0.6692516 -0.53978163 -0.4642642 -0.3602237 -0.74228513
40 -0.38951954 0.5588935 -0.5461055 -0.32346448 1.5407565 -0.06793994 0.6306169 1.0885693
29 -1.3573195 0.23592238 -0.12564254 0.6628781 -0.40191674 -0.5700908 -0.29053938 -0.5156661
7 0.06506533 0.5524026 0.028390346 -0.18214664 1.2203573 -0.014504697 0.44347787 1.1456825
16 -0.80447066 0.4952819 0.3604837 0.6634293 -0.5934392 -0.54648274 -0.29119846 -0.6189919
12 -0.13230012 0.48097354 -0.22619292 -0.19780041 1.3995376 0.021343088 0.49836525 1.2083627
19 -0.11796417 0.24186137 0.16168131 0.27372643 0.9703605 0.18693914 0.35956636 0.8598242
15 -0.4646122 0.19571415 0.385697 0.124464124 0.6648736 -0.098914444 0.1594576 0.29303983
33 0.921424 0.64177144 0.77039224 -0.2543102 1.3267436 0.22928005 0.09301139 1.5374228
8 -1.2558128 -0.026851838 -0.3511269 0.3745581 0.5474006 -0.6283707 0.03968408 -0.09102784
20 -0.5917356 0.46225294 0.6413545 0.74512345 -0.6299296 -0.37054947 -0.48814258 -0.57189566
9 0.48680264 0.9787706 0.8859225 0.52895546 -0.9085879 -0.0020771625 0.039528795 0.61947334
10 0.13559367 0.72720766 0.50989294 0.3482742 -0.18394257 0.12723866 0.5221862 0.847509
13 -0.16138653 0.4048362 0.026565105 -0.24214585 1.2003127 -0.05194708 0.87733096 1.2708833
21 0.2935912 0.40951812 0.36372274 -0.2813067 1.4563297 0.27081817 0.439672 1.5839136
32 0.75195616 0.43535694 0.6725075 -0.05316966 1.349734 0.36798736 0.3055103 1.6399709
2 0.1400244 0.55200255 -0.16243312 -0.18697187 1.4137664 0.1509416 0.62633806 1.5595273
22 0.81342506 0.57453424 0.42963305 -0.07857639 1.3159847 0.30633467 0.05124879 1.7750077
35 0.5092385 0.44562963 0.43072692 -0.015217961 1.0106736 0.33456957 0.09248776 1.6754627
3 0.34507808 0.77668774 -0.17664066 -0.17457609 1.5055591 0.32700825 0.4926055 1.5202066
5 0.93399495 0.954386 0.872684 0.42558327 0.020253757 0.4352758 0.47298104 1.1746856
0 0.4819397 0.45269012 0.42461133 -0.30866587 1.3887055 0.26970357 0.46481365 1.8199928
14 1.1807112 0.8176332 1.1190709 0.0964654 0.51483214 0.5596328 -0.05817624 1.5387106
37 0.63341534 0.4684822 0.66169095 -0.20062648 1.1415715 0.2670277 0.3175243 1.7037573
11 -0.22679976 0.44193107 1.0283767 0.7883944 -0.8414101 0.067394115 -0.6243465 -0.1239138
30 -0.10733803 0.5737658 -0.4627109 -0.29477498 1.6671951 -0.026769722 0.7212037 1.3617198
25 -0.13176893 1.0884587 0.07622505 0.11666464 -0.7440062 -0.050495006 -0.416514 0.7887767
47 -0.72687614 0.7076431 0.32887962 0.73622435 -0.73443246 -0.26372698 -0.9594279 -0.6760039
48 -0.0582911 0.6341016 0.6201387 0.8750755 -0.6762105 -0.3121337 -0.92139727 -0.30258057
