50 8
43 -0.66369474 0.31475934 0.40087202 -0.4653526 0.3490707 0.38733995 0.11865067 0.4815961
2 0.2744292 0.54892343 0.5943587 0.1861611 0.2603676 0.49268013 -0.43199003 -0.032129668
19 -0.119902134 0.17187406 1.1389076 0.7079282 0.30062613 -0.025710108 -0.27039105 0.48243353
23 0.16343884 0.1472186 1.0138416 0.26052156 0.37262264 0.23311146 0.114227876 -0.06260646
8 -0.6347367 0.38179675 0.6588014 0.27151844 0.35086912 0.12824762 -0.3914236 0.7682346
45 -0.13403186 -0.20350592 1.1647284 -0.15145782 0.1434777 0.1921319 0.52306336 0.16237707
18 -0.01904523 5.1525232e-05 1.232477 0.9592815 0.52910984 0.049183674 -0.29495025 0.3590879
27 -0.21432282 0.18888508 0.15143314 -1.0542091 0.401495 0.463415 0.8095544 0.96861
15 -0.29917866 -0.27013 1.1064585 -0.107404545 0.24656148 0.16243649 0.5192089 0.44183
39 0.034856364 0.39422268 0.9267012 0.77042925 0.34763658 0.25717255 -0.5583133 0.04325887
42 -0.44249693 -0.10686892 1.132163 -0.0028544033 0.51410645 -0.037709076 0.11078244 0.57106704
24 0.06834617 0.45033723 0.6102322 0.35664418 0.52119046 0.29650694 -0.49781382 0.4109991
31 -0.47212708 0.4430359 0.5353325 0.31393492 0.6517683 0.10085128 -0.64264923 1.036442
25 0.26893884 0.43187797 0.23624794 -0.5069744 0.30827266 0.7592904 0.0061590327 0.07828192
12 -0.46897224 0.5941885 0.673846 0.6321964 0.39341184 0.2514866 -0.8939703 0.31764567
40 -0.12291331 0.7288495 0.7315523 0.7702139 0.25006732 0.31915388 -0.7922274 -0.11034435
21 -0.44875187 0.5606805 0.6454348 0.73706526 0.3093996 0.3170609 -0.90796995 0.42504168
1 0.6520086 -0.22855546 1.2142193 0.69370186 0.22421698 0.44328287 0.47570556 -0.27871373
0 0.27645987 -0.16027506 1.3069494 0.9425323 0.73986596 0.05288598 -0.22736476 0.28491992
44 -0.010133613 -0.03349828 1.1881715 0.9609025 0.57930505 0.15456314 -0.3676121 0.23493846
30 -0.028600989 0.49391347 1.0000094 0.97703344 0.58764946 -0.062494285 -0.38803998 0.20611988
26 -0.64614946 0.19630179 0.7612951 0.6701884 0.45493302 -0.055592764 -0.2668555 1.2405599
49 0.10943123 0.3784245 0.06801068 -0.98745716 -0.46281 1.1757501 1.1260464 -0.267237
20 -0.34186137 0.30871463 -0.20629787 -1.4122263 -0.21388316 0.9494441 1.17196 0.7210266
32 0.026491344 0.13450225 1.3955338 1.0764894 0.47574025 -0.0034736209 -0.4656678 -0.094723836
28 -0.331451 0.61820835 -0.18232164 -0.9280269 -0.17038079 0.97624254 0.90635777 0.041498818
33 0.4562948 0.25485566 0.67194086 0.7925022 -0.14271733 0.9625433 0.03829753 -0.7024843
17 -0.23263386 -0.2988673 0.9712674 -0.5629749 0.1875752 0.15635732 0.8635579 0.76021093
46 -0.8769908 1.2193521 -0.016621828 -0.16239846 0.24795799 0.3941116 -0.7683641 0.44502032
35 0.38627064 0.21478547 1.2109779 0.73603785 0.3488286 0.26158282 -0.4043768 -0.31897905
37 0.59565043 -0.08448955 1.27725 0.9820121 0.21868184 0.23615073 0.15024821 -0.023680741
48 0.018107373 1.1338553 -0.44119838 -0.633168 -0.42162 1.2273115 0.22370796 -0.22237788
13 -0.19684121 0.7539195 0.25947315 0.6160614 0.62260336 0.22766855 -0.7472376 0.9004411
3 0.7487847 0.327694 0.65113616 0.46700072 0.13715485 0.8149755 0.111605056 -0.60636145
4 0.12154677 0.5478976 -0.04161924 -1.2173976 -0.47947854 1.1708149 0.7187628 -0.17285988
6 -1.0623188 0.7044033 0.04767867 -0.24715693 0.45566377 0.12333529 0.042416103 1.3615248
38 -0.09971393 0.9992604 -0.6993245 -1.0760901 -0.5816915 1.4301217 0.5920937 0.16819128
41 -0.3801359 1.3949096 -0.7100391 -0.37442398 0.10996872 1.098586 -0.3134042 0.10054522
22 0.29736137 -0.07701529 1.3904645 0.55366594 0.47452787 0.18590641 -0.61406773 -0.11952821
16 0.14310235 0.43459883 -0.23155928 -1.1859614 -0.16666241 1.3390431 0.7429216 -0.120014586
34 0.4773183 0.7595039 -0.25715742 -1.0971345 -0.5894722 1.6210132 0.42995217 -0.73263615
10 -0.7633202 0.18606174 0.23215424 -0.545368 0.027778337 0.12744583 0.7443635 1.8696365
7 -0.6697176 0.22158659 0.28845415 0.22495636 0.40060577 0.060689002 0.33202928 1.7921772
36 0.1138138 0.84708965 -0.36443877 -1.6635538 -0.5389449 1.4547005 1.1038243 -0.5909975
5 0.7010378 0.25166717 0.19301447 -0.7776554 -0.34623054 1.1297836 1.4736922 -0.34158048
11 0.7463339 0.3190911 0.14304858 -1.063881 -0.8194292 1.5451481 1.0790652 -0.75498617
29 -0.50805616 1.1959467 -0.56101215 -1.0908473 0.23258331 0.801682 0.17598931 0.39559996
14 0.40346426 0.95725363 -0.4763553 -1.4219314 -0.8535212 1.8051633 0.8715842 -0.9730176
9 0.59493715 0.75751895 -0.42489955 -1.536182 -0.53679585 1.4969589 1.2188978 -0.3104031
47 0.3618368 1.1744049 -1.0786293 -0.80447495 -0.57741714 2.0556357 0.44961253 -0.52406776
