50 8
23 -0.25514483 0.42357454 0.9323154 -0.2854878 0.42874563 0.28677845 -0.6470708 -0.09933099
43 -0.05065368 0.3149496 0.25406286 0.35801527 1.1687738 0.2639096 0.7624685 0.2235982
34 -0.37593943 -0.071964316 1.2448738 -0.36509803 0.49413985 0.83506024 -0.16648862 -0.39564052
19 0.05631663 0.63244075 0.45930177 0.28994036 -0.007833326 -0.6296757 -1.2369351 0.86150765
25 0.2764333 0.14222756 0.84323436 0.60296535 0.42515978 0.82472485 -0.4554288 -0.6276958
39 0.30007726 0.66054 -0.10131893 0.74385655 1.2441814 0.02940533 0.6515871 0.3247296
35 0.028463937 0.102908686 0.5704905 0.88908476 0.2518958 0.47972575 0.025641954 -0.16971754
38 -0.23456313 0.16781116 0.96091354 -0.31457862 0.85871506 0.3587383 -0.013228805 -0.13160108
6 -0.19587813 0.7853081 0.12541813 0.3395705 0.6206279 -0.5251837 0.30575767 0.72467715
1 -0.76523215 -0.0646886 0.9927732 -0.26849926 0.51191306 0.4501561 0.64179194 0.04284214
42 -0.1619686 0.6068416 0.38972378 -0.015758121 0.80032986 -0.449753 0.7978124 0.8687697
14 -0.37877193 0.058930203 1.1563936 0.29257905 -0.35082227 0.74627155 -0.5923198 -0.4452393
49 -0.76311105 0.13186222 1.0956577 -0.52822924 0.8619224 0.67324764 0.5648403 -0.42763108
16 -0.26263726 0.18910712 0.9758048 -0.52643484 1.0875437 0.69477886 0.6101191 -0.16206168
20 -1.25546 -0.114049405 0.92102593 -0.103835136 -0.41051796 0.49909332 0.29120803 0.3547604
45 -0.78527844 0.2798801 0.73677504 -0.08354284 0.37201363 0.9305553 1.0926749 -0.14535022
27 -0.47797075 0.17498803 1.0358657 -0.4636996 0.88466597 0.5471048 0.44949803 -0.23351002
9 -0.5879821 0.08093558 1.4994458 -0.13718638 -0.48512486 0.7790609 -0.17030914 -0.39520353
36 -0.5587046 -0.026697071 1.0875987 -0.0025116855 0.56466967 0.6796736 0.69134694 -0.42942804
24 -0.5495556 0.25973168 0.9700125 -0.067256495 -0.500862 -0.06155536 -0.9175048 0.53466195
40 0.50171566 0.88447165 -0.50494844 0.84570014 1.0367019 -0.103821315 -0.26656213 0.7908915
29 0.2457763 0.74229026 -0.19225357 0.72890896 0.90738064 -0.7381534 -0.77823293 0.8502554
26 0.029741364 0.6206826 -0.29098862 0.82072234 0.8785947 -0.5056805 0.8648978 1.1474649
41 -0.37696064 0.10374911 0.915589 -0.22801138 0.9833426 1.0632875 0.5001356 -0.53254026
11 -0.4058195 0.00062968995 1.1730618 0.04922749 -0.020208364 1.0438312 0.46465835 -0.3084524
28 -0.6585784 0.34012356 0.438411 -0.04617264 0.42073533 0.4612831 1.0824986 0.54847866
4 -0.68571717 -0.05682162 1.3318073 -0.023446433 -0.3077193 1.1806283 0.4835426 -0.46982774
13 0.8682077 0.4835747 0.00961995 1.3487457 0.24550495 0.09809415 -1.0996798 0.51195323
17 -0.7235965 0.08250292 0.668978 -0.21826167 0.52519417 0.5295824 0.79962826 0.38363153
46 -0.26945785 0.55048877 0.54516464 -0.017504565 0.7715972 -0.09494152 0.3436249 0.29058045
48 0.12278548 0.55237633 0.12326979 0.20192152 1.1448523 0.16425605 0.0010625728 0.37647346
31 0.41855505 0.81011605 -0.4666285 0.85535187 0.97424245 -0.6559884 -0.6998724 1.134913
5 -0.7107329 0.1904111 0.90520084 0.23660636 -0.84787357 1.3146745 0.69778574 0.10747903
30 0.53494906 0.7459935 -0.23812403 1.1796101 0.7814922 -0.4791455 0.507711 0.8724568
18 0.3810704 0.78084147 -0.35745832 1.3071606 0.19934927 -0.57471764 -0.87517047 1.05349
2 -0.463604 0.6782815 0.02515496 0.7429461 -0.927496 -0.31340882 -1.2084152 1.311055
3 -0.169828 0.41939247 0.47481376 0.7784332 -0.67863464 -0.13018464 -1.9460099 0.46665058
22 -0.37482578 -0.32817817 0.93523645 1.0637921 -1.0508704 0.95081365 -0.98242867 -0.1588932
15 -0.5038542 0.7944913 0.07523639 0.46814218 -0.4174574 -0.006238077 -0.34854886 0.8845639
8 0.1711525 0.95344114 -0.5920986 1.1311734 0.48353916 -0.6337259 -0.354126 1.216332
12 0.122973 0.58539563 -0.32728234 1.1407483 0.061944723 -0.4503913 -1.6659682 1.0297539
21 -0.7286603 0.2153255 0.09485673 1.156129 -1.0922942 0.67887 -1.4539495 0.4601545
7 0.22410274 0.7559957 -0.45631048 0.91288126 0.031781066 -0.8364694 -0.9766998 1.8858407
44 1.0329796 0.26291093 -0.0549343 1.0892336 1.8811309 -0.6054833 -0.16551019 0.4454555
37 -0.24798635 -0.26949295 0.7921749 1.214833 -1.1415242 0.046846237 -0.45771462 0.72476625
47 -0.07314409 0.06908254 0.49554756 0.20454308 1.17851 0.12154178 1.2762077 0.4408534
10 -1.2158846 0.6210531 0.05481221 0.6222718 -1.3595836 0.16521797 -0.7404772 1.0597607
33 -0.29056382 -0.44368085 0.7284078 1.554925 -0.9514577 0.7443839 -0.92714965 -0.11840594
0 0.018519526 0.78614974 -0.32101527 0.8841839 -0.08523301 -0.6652436 -1.1982019 1.440618
32 0.96976566 0.59576195 -0.06687138 1.7717649 0.2964599 0.21877153 -0.76007456 0.046996944
