50 8
38 -0.03909882 -0.17258893 0.90815324 -0.4435395 0.36434853 0.6984666 0.2788867 -0.2185353
24 -0.2648083 0.60724837 1.1704136 0.059278183 0.06299842 -0.4442394 -0.14916211 0.05374347
41 0.0373853 -0.6768255 0.5056268 -0.5062398 0.83628803 1.0745177 0.19390705 -0.006905823
6 -0.70317143 -0.21817943 0.5860005 -0.37756783 1.0083567 0.87310135 0.31850642 0.07131072
26 -1.0340456 -0.00042357165 0.48435274 0.21776311 0.781708 0.23600611 0.47861275 0.3399947
31 -0.77963495 -0.1264257 0.8157429 -0.45848307 1.1250931 0.54875606 0.25475428 -0.028212355
34 -0.4235134 -0.13070245 1.0388639 -0.5548395 0.74411976 0.503673 0.072260104 -0.2656261
43 -0.43061486 -0.10798614 1.0536445 -0.631847 0.77114177 0.46813384 0.24015185 -0.24348255
27 -0.2494259 -0.03482918 1.1128832 -0.80868345 0.5547075 0.6894459 0.34739235 -0.2696759
42 -0.49862453 -0.079681486 1.2964001 -0.68496734 0.5628008 0.2655604 0.2774826 -0.39976794
23 -0.55566293 0.63865316 1.2056385 0.18409295 0.3189535 -0.42329934 -0.045485575 -0.13345158
1 -0.6836466 -0.15255304 0.99717486 -0.47286007 0.8611375 0.5824637 0.22884043 -0.27609703
49 0.3394185 -0.4957084 0.8887996 -0.52789944 0.06644165 0.59177995 0.27502954 -0.09299835
40 -1.1034393 0.29907307 0.50404066 0.35323897 0.9562188 0.33322215 0.3031736 0.15659477
44 -0.3954339 -0.55954105 0.77003056 -0.6436094 1.0643628 0.92470586 0.1618411 -0.23180105
36 -0.7804136 0.17136931 1.3944952 -0.53418875 0.557519 0.13221446 0.38497737 -0.42214233
39 -0.86018884 -0.13131014 0.91659963 -0.5220494 1.145849 0.7859982 0.15327835 -0.25917256
28 -0.7288021 0.03320219 0.87143916 -0.47666472 1.0347675 0.6225617 0.1766603 -0.13689198
16 -0.047825806 -0.6966467 0.4257335 -0.5375722 1.0301738 1.1519073 -0.1695224 0.10594926
17 -0.47033685 -0.10755903 1.1729677 -0.8727423 0.6190817 0.6327092 0.401436 -0.28870064
20 -0.2695992 -0.7010782 0.5160681 -0.4805372 0.9430976 0.8080114 0.18930668 0.2025608
12 -0.37668574 0.46631026 0.65457904 1.0497713 0.20441717 -0.7824005 0.004098695 0.27772194
4 0.39713952 -0.63931334 0.7378194 -0.93012613 0.10503108 1.1780578 0.19396995 0.15387776
19 0.009876783 1.1238513 1.0184548 0.6787881 -0.38968727 -0.6914752 0.028901853 0.21111532
8 -1.0865029 0.079232946 0.16280642 0.2774502 1.0805854 0.49563667 0.44816318 0.58284557
2 -0.07743252 0.9121076 1.1001965 0.7549573 -0.38982803 -0.8105842 0.08698741 0.028430846
48 -0.30075574 -0.6629987 0.4380967 -0.45837834 1.1723983 1.0086021 0.03622133 0.051363107
45 0.20549968 -0.3370996 1.314835 -0.8706545 0.20738602 0.6473146 0.3210164 -0.52570647
7 0.5757035 0.36024523 0.0772699 1.6346883 -0.62721425 -0.61600834 0.044693395 1.007108
13 0.80468386 0.14491479 -0.34623522 1.7220112 -0.10712655 -0.25477916 -0.50383884 1.1827102
15 0.60324883 0.75841117 0.49556732 1.4123918 -1.1192415 -0.59602064 0.27534634 0.7272307
46 -0.6474698 0.032800358 1.37154 -0.8673846 0.5597309 0.5197428 0.33198515 -0.4014101
10 -0.33912858 0.028171618 -0.27649987 1.4780786 0.36318237 -0.14940484 -0.05463261 1.078909
30 0.08775439 0.6724196 0.44164982 1.8801663 -0.41922674 -1.1898034 -0.21037625 0.70278484
29 -0.23716089 -0.7314078 -0.39526215 0.64767987 1.1168963 0.5431633 -0.23745173 0.9365907
35 0.697583 0.6137767 0.111407205 1.7417648 -0.98321897 -0.58902824 0.22727446 1.0278202
33 0.84350777 0.44337046 0.03582044 1.6939338 -1.0395962 -0.3651524 0.28685427 0.99260473
21 1.0838375 0.1799098 -0.05181394 1.9167665 -1.159833 -0.45066926 0.09600542 0.9682062
32 1.2005278 0.23920293 0.13385828 1.4988151 -1.2383908 -0.33920774 0.27907157 0.88628495
47 -0.1337937 -0.4728034 1.247 -1.1542357 0.58460563 1.0013204 0.35486054 -0.5050821
0 0.5466549 0.68563545 0.3598525 1.7559807 -0.87456 -0.9903494 0.13259149 0.8971098
22 1.5282269 -0.15618615 -0.07835536 1.685146 -1.1108922 -0.45498377 -0.2640804 1.1823896
37 1.6015846 -0.4290976 -0.38532996 1.7083493 -0.80458486 -0.20137107 -0.17000082 1.3275503
14 2.0811348 -0.6787708 -0.08064119 1.0538591 -0.7954947 0.24582398 -0.5508588 0.74475586
3 0.82837796 0.793929 0.58270425 1.7613475 -1.0951594 -1.1478586 -0.039296422 0.6740847
9 2.2202296 -0.8848017 0.2281917 0.45773035 -0.659366 0.27372783 -0.30228674 0.28915417
5 1.7622219 -0.043793175 -0.07381114 1.3198193 -0.92454886 -0.07452876 -0.28369406 0.9528224
18 0.9523976 -0.15293758 -0.49420628 2.0637243 -0.055541757 -0.41875413 -0.7767794 1.2825626
25 1.577737 -1.4132028 -0.6714399 0.43742463 0.37358928 1.2653363 -0.34848347 0.83407
11 1.5171862 -0.8228105 0.5745921 -0.5379972 -0.4349544 1.3650043 -0.1929993 -0.1273228
