50 8
19 -0.48211917 0.43336716 0.7433974 0.25738806 0.103163965 -1.0345036 -0.31498265 0.48739687
25 0.41004646 0.02556413 0.6870484 0.22917198 -0.5722588 0.6904523 -0.56185913 0.1323753
28 -0.25915137 0.36603358 0.7443203 -0.39866003 0.57910734 1.0044199 0.93383414 0.22256537
26 -0.4886984 0.43952906 0.419338 0.51844597 0.5632707 -0.82625 -0.08903318 0.4782804
24 -0.45822132 0.6553683 0.7239719 0.51838684 -0.2222612 -0.92471963 -0.17287803 0.30912587
18 0.23095204 0.6619569 -0.14866006 1.0050452 0.76227164 -0.8084245 -0.6687398 0.62595713
5 0.14870737 0.19167137 1.3141514 -0.32002226 -0.42235523 0.072974876 0.298507 -0.018893715
10 -0.17207304 0.4701708 0.31353503 0.7192386 0.004776335 -0.9133981 -0.24756035 0.69590163
16 0.16412498 -0.44390067 1.0678066 -0.30367017 0.0051847594 0.8956617 0.062382556 0.09588763
45 -0.3294772 -0.07573304 1.1325983 -0.459943 0.3998258 0.6883985 0.74221236 0.12563813
23 0.008648516 0.5425913 0.44576505 0.68973064 0.3764634 -1.1155976 -0.96000266 0.32405725
13 0.23960036 0.33824152 -0.045979712 1.051544 0.28673595 -0.62091815 -0.7811252 0.6363054
21 -0.26975304 0.5912873 0.41857776 0.98312956 -0.9620702 -0.7491283 -0.84009606 0.5460998
2 -0.006971873 0.6426119 0.2496757 1.0964202 0.1034794 -1.0370215 -0.92692024 0.3852992
4 -0.09428918 -0.057729747 1.1349355 -0.3632361 -0.20409606 1.3360518 0.29099566 -0.12676726
46 0.023787988 0.5287651 0.9716178 0.096859306 -0.9549786 -0.12454304 -0.34445047 0.14827368
15 -0.5566586 0.71544045 0.7535921 0.36266562 -0.20877588 -1.0783783 0.09838807 0.49400383
30 0.257965 0.73339415 0.08999598 1.1222221 0.4104941 -1.0760363 -0.7837634 0.4127394
49 -0.025491681 -0.2958219 1.0905236 -0.30322647 -0.005098262 1.5049539 0.553041 -0.067640096
42 -0.2672528 -0.36735886 0.81680304 -0.13279615 0.5799464 -0.036315452 0.4205736 0.53168446
43 -0.011044442 -0.24935874 0.7740024 -0.3438483 0.88680375 1.1400254 0.8768581 0.2803907
0 0.0833247 0.6863644 0.2233025 1.0866113 -0.08147496 -1.2537532 -0.7973441 0.5753884
1 0.3032155 0.09786038 0.59043396 -0.16881889 0.6536631 1.1906686 0.4780322 0.10803998
12 -0.09872498 0.6206956 0.28376636 0.97794694 -0.007784272 -1.1837149 -0.96545625 0.5276884
36 0.025651867 -0.039136156 0.8714842 -0.41735205 0.17961189 1.4345447 0.6486043 0.1754158
14 0.58554626 0.5513641 0.8946824 0.24656905 -1.552829 0.39306024 -0.46777058 0.12029084
7 0.14482422 0.4482757 -0.10057894 1.0524755 0.21395476 -0.8703373 -0.796668 0.91394114
17 -0.5144442 0.15111975 0.6118939 -0.3048226 0.642509 -0.17487018 0.5287554 0.7958319
27 -0.11343803 -0.026685836 0.7665369 -0.41537985 0.78518933 0.92857265 0.8987997 0.36648485
33 -0.20420982 0.77181953 0.5479641 0.9938382 -1.2816564 -0.6327353 -0.97554594 0.31173584
22 -0.2386998 0.4660793 0.5110216 0.82239425 -0.75327027 -0.99244744 -0.9314376 0.6431229
20 -0.0021627496 -0.54085314 0.6993491 0.08327642 0.14840887 0.74171287 -0.02809963 0.3479061
41 0.09917304 -0.10965184 0.5808499 -0.09706871 0.33136436 1.7200576 0.93023986 0.2473558
47 -0.08869722 -0.074060805 0.9098061 -0.099529974 0.041294936 1.4287751 0.76078135 -0.009423004
3 0.055299364 1.0289125 0.124971956 1.09006 -0.09078511 -0.71212065 -0.9430051 0.24834538
9 0.60348785 0.09232947 1.3925061 -0.44294178 -1.0599165 1.1428334 0.384356 -0.12836464
38 0.6404146 -0.37306103 0.35133612 0.28561518 0.49883074 1.6250333 -0.124420516 0.065039255
37 0.046304297 0.6896184 0.19147167 1.1009245 -0.24792412 -1.2065755 -1.028633 0.6276865
35 -0.3127167 0.572615 0.73694414 0.7235477 -0.8269797 -1.0970105 -0.76980764 0.40422377
29 0.3218916 -0.0475512 -0.088941656 0.942523 0.19508454 0.27791598 -0.8283071 0.56119096
44 0.2726329 -0.25964507 0.20880702 0.0829536 1.1869322 1.0721608 0.7822768 0.5818244
40 -0.12319405 0.73595387 -0.5933651 0.9966466 0.7189347 0.49042985 0.5375112 0.83913004
6 0.028592376 -0.14323874 0.124690205 0.39501226 1.5187297 0.51585615 0.48860824 0.39471418
31 0.5186458 -0.26928154 0.3205035 -0.2204322 1.1110715 1.1600596 0.1898901 0.5587572
34 0.60692656 -0.48016092 0.6712225 -0.064530246 0.018638657 1.7870808 0.23766975 0.24395713
32 0.071393184 1.0115546 0.110212736 1.0817353 0.08585346 -1.2558693 -0.6485799 0.5543139
8 0.09037238 0.39199197 -0.59229165 1.0272639 1.4036019 -0.18580867 -0.40969926 0.87136006
11 0.37367898 -0.5619954 1.236787 -0.43512237 -0.75426596 1.461775 -0.035545904 0.09767078
39 0.33712867 0.05361837 0.13383389 0.22483473 1.0589353 1.404029 1.0941207 0.40379497
48 0.27659404 0.12265488 0.4767083 -0.21186876 0.37775636 1.4146719 1.024885 0.45429236
