50 8
40 -0.011038522 0.42885318 0.0020820715 0.49687347 0.22430477 0.140944 0.17051555 1.3093215
31 -0.19783367 0.15129285 0.3268772 -0.10376884 0.523187 0.4535349 0.20325124 0.77421504
43 -0.5205858 0.1822769 0.57791567 -0.47748572 0.6351311 0.7407485 0.5693273 0.19527432
1 -0.51708454 0.17198348 0.6549419 -0.43015727 0.55420756 1.0240084 0.5668639 -0.1187946
45 -0.5162673 0.4481079 0.64970934 -0.4293217 0.37895083 0.719295 0.68297046 0.32724193
23 -0.32369187 0.3201955 0.36833373 -0.29886216 0.5492809 0.7310547 0.39698327 0.54497826
28 -0.5148583 0.4228615 0.7774412 -0.36352897 0.23913243 0.89359456 0.5478946 -0.22209169
39 0.31824657 -0.091827184 0.059586618 0.6608877 0.67321193 -0.27090454 -0.54369193 0.8299612
16 -0.41111368 0.24342155 0.6290706 -0.37530625 0.3647007 0.93037885 0.28914806 0.12997204
46 -0.58208907 0.44254935 0.741328 -0.43310714 0.2276748 0.9137105 0.45715117 -0.06640182
49 -0.50195485 -0.04467487 1.1108316 -0.45323533 0.2811977 0.6736155 0.46356767 -0.547697
42 -0.59646595 0.16923799 0.7023222 -0.42474177 0.33464542 0.8155435 0.53730536 0.26801533
36 -0.6705924 0.15059091 0.8037656 -0.3969964 0.48648039 0.62053543 0.54611707 -0.07221326
25 0.56021446 -0.07070609 0.14394338 0.6692489 0.5654266 -0.25471896 -0.7562186 0.58077157
41 -0.18100621 0.059477855 0.5696018 -0.31427863 0.64391994 0.9764087 0.42096546 -0.19207059
19 -0.02874635 0.39013812 0.25316438 0.3291695 0.2765971 -0.07458647 0.27055183 0.9937218
26 -0.54584855 0.25796375 0.4294476 -0.31614345 0.42907408 0.76558894 0.70156896 0.71412534
38 0.031079268 -0.11165025 0.5963598 -0.393629 0.6633864 0.90278953 0.33966428 -0.1314888
27 -0.5801189 0.1941841 0.7189076 -0.6650772 0.55937475 1.2499022 0.6778225 -0.2273123
20 -0.6214243 0.25861177 0.5116956 -0.35240898 0.37636927 0.9530879 0.6139324 0.39398837
8 -0.11507647 0.09049636 0.15080315 0.50361055 0.49570194 -0.17337878 0.11907812 1.0329107
17 -0.60144734 0.22340986 0.8668335 -0.34180245 0.22244543 0.7205177 0.6056097 -0.116023906
44 0.0106140645 -0.014160584 0.28250235 -0.30631042 0.83874506 0.70383424 0.1885217 0.5558867
34 0.1964728 -0.23445475 0.8293906 -0.167841 0.33172476 0.76073796 -0.0030656022 -0.6088691
6 -0.50506264 -0.012420358 0.28484213 -0.62740475 0.8759823 0.9301914 0.4491668 0.8490366
24 0.62076026 0.19220938 0.3181082 1.3917096 -0.017391175 -1.0525852 -0.731917 0.8287843
47 -0.6143241 0.33463353 0.8322165 -0.38382187 0.22859286 1.0544449 0.68632233 -0.31162345
12 0.947822 -0.08888201 0.15562014 1.3208932 0.5094281 -0.8168956 -1.2160721 0.39537224
15 -0.34581056 0.5865152 0.6359668 0.43755284 -0.466545 0.04168978 0.34543958 0.65445846
10 -0.52603424 0.5797535 0.61267006 -0.02183621 -0.06359211 0.46460465 0.6210661 0.5822017
3 0.81681967 0.08594542 0.33088416 1.5123594 0.057737783 -1.0489957 -0.9402807 0.51455855
4 -0.45301878 0.22687584 1.1565343 -0.6135205 0.1408648 1.1791321 0.67294484 -0.79408216
7 0.84095544 0.17478734 0.32648456 1.3466846 0.026172142 -1.095871 -0.8192565 0.79905033
18 1.0522071 0.0008118722 -0.018233193 1.7235818 0.28323075 -1.0603418 -1.2119045 0.87252617
48 -0.10767865 0.13483952 0.27631897 -0.5290888 0.8518769 1.2396528 0.18074207 0.2599695
0 0.86420214 0.01793591 0.22645997 1.623482 0.18409845 -1.2189221 -0.952865 0.7214573
9 0.43523946 -0.20237133 1.4236468 0.036941577 -0.2996992 0.38076887 0.20341061 -1.4033983
37 1.0096966 0.01907464 0.27755076 1.7331378 0.16233814 -1.415278 -0.95754683 0.74606675
30 0.94172275 0.13748167 0.023846071 1.6839724 0.27294567 -1.1259694 -1.1530123 0.95829004
2 1.0611303 -0.009521229 0.6504056 1.7378535 -0.31429148 -1.3239684 -1.1021987 0.12371801
11 -0.18739226 -0.073295146 1.3839936 -0.41928437 -0.17234719 1.1406384 0.24531285 -1.255949
5 -0.15925936 0.3989043 1.463904 -0.067363456 -0.69871676 0.58820367 0.8529885 -0.99518126
14 1.099535 -0.11511907 0.9303864 0.9982642 -0.20686334 0.039999135 -1.0376408 -1.3565826
21 1.2376053 -0.23621024 0.4583178 1.7632899 -0.028078612 -0.9391326 -1.3596412 -0.07888523
33 0.9627094 -0.14462675 0.7586002 1.8469049 -0.3335188 -0.9913552 -1.0917788 -0.60492474
13 1.1520829 -0.060998894 0.4094889 1.8132071 0.06486764 -1.2550604 -1.1280475 0.23453465
22 1.1181726 -0.2770443 0.57956785 1.7981126 -0.13612063 -1.1150479 -1.2445552 -0.122638874
29 0.3589312 -0.069683164 0.011193548 0.7547656 0.7639497 -0.4670089 -0.46648145 0.9371249
35 1.3729887 -0.32241687 0.445694 1.9279019 0.14606631 -1.3052721 -1.3685036 0.00947539
32 1.4094958 -0.13623059 0.31894606 1.9375288 0.07627011 -1.356358 -1.2599447 0.26372182
