50 8
4 0.12834685 -0.5055019 0.63115543 -0.3481179 -0.32298395 1.2852927 0.18079494 -0.033819247
20 -0.20234357 -0.6881836 0.42115062 -0.3577148 -0.11538778 1.3521734 0.26120412 0.22702529
8 -1.0024331 -0.39251015 0.26647806 -0.09661874 0.67305505 0.52820826 0.25442567 0.69464636
49 -0.9029865 0.04240969 0.6443858 -0.41815084 0.40433103 0.85669285 0.2973289 0.3348308
41 -0.22935311 -0.8238899 0.4467503 -0.3030067 -0.09184995 1.4749317 0.22999217 0.11206283
16 -0.2880637 -0.63719535 0.5041728 -0.47868633 0.26627225 1.3860414 0.3086917 0.27316633
38 -0.4081687 -0.43275562 0.6513526 -0.6172095 0.04470683 1.5590013 0.44486532 0.14068556
36 -0.521951 -0.21420869 0.71664095 -0.23284131 0.23909268 1.083359 0.40200037 0.035969846
27 -0.4047192 -0.50285524 0.60759795 -0.7335015 -0.08306969 1.4118531 0.20286661 0.21538009
9 0.82873046 0.5827035 0.5618942 0.57659644 -0.53899914 0.20194423 -0.45241672 -0.22208843
17 -0.82463604 -0.1479442 0.6753246 -0.46285534 0.5263819 0.45301515 0.15608324 0.5461811
42 -1.0036968 -0.2579217 0.47253218 -0.22981986 0.88675267 0.35084775 0.2340496 0.6421681
26 -1.0928124 -0.5418909 0.45972428 -0.4392214 0.72431844 0.9160399 0.5561748 0.7368609
28 -0.9873199 -0.20813192 0.5975814 -0.5924512 0.3473914 1.2605487 0.47386506 0.37723297
39 -0.5057884 -0.6296219 0.6344493 -0.58952075 0.20554955 1.4833847 0.5739287 0.26000324
47 -0.7416876 -0.43102103 0.49268198 -0.30858174 0.40123257 0.92436194 0.37739617 0.41832954
44 -0.6458676 -0.3884067 0.78454053 -0.6399764 0.44337675 1.2890142 0.65668863 0.24497905
6 -0.820096 -0.33415437 0.6701024 -0.5950231 0.62523687 0.96833575 0.38021114 0.44641694
43 -0.7391502 -0.5415821 0.5038502 -0.628615 0.4598618 1.2134204 0.3625018 0.5125115
22 0.8888169 0.333128 0.15678771 1.1828531 -0.18008228 -0.7763737 -1.2065264 0.29644966
45 -0.7755572 -0.2740988 0.81904775 -0.81424016 0.46965316 1.3129295 0.5538402 0.2881996
46 -0.9334733 -0.13314062 0.53249687 -0.49998698 0.52711904 0.897832 0.24113774 0.46864316
1 0.30941623 0.04907381 0.64240646 0.5487599 -0.1692946 0.5138772 0.026259901 -0.3706126
34 0.4998761 -0.60110134 0.5927345 -0.5260846 -0.4474437 1.3390322 -0.07384603 -0.08247996
5 0.41505292 0.6628602 0.53189373 0.91558176 -0.0138313575 -0.6639618 -0.60049635 0.07871834
40 -0.5220902 -0.6150453 0.550989 -0.6714107 0.32163653 1.1927258 0.32386094 0.4967965
37 1.0837766 0.20527346 0.11062657 1.4646611 -0.2318659 -0.7892347 -0.9669358 0.24453972
0 0.043388072 0.86237043 0.15348049 1.3283921 0.31153908 -1.0896819 -0.81707877 0.49316567
31 -0.7473781 -0.46590593 0.602564 -0.79163873 0.18676639 1.397583 0.39668563 0.46612892
13 0.98219997 0.43318057 0.1214663 1.4177381 0.0026124103 -1.0029579 -1.0506805 0.32424617
10 0.53769517 0.68039113 0.2525521 1.2734224 -0.2724397 -0.8534265 -1.01461 0.19883445
48 -0.26041362 -0.77912116 0.46490332 -0.5584142 0.012445898 1.5198328 0.24087623 0.28016508
11 0.7754638 -0.20504092 0.36542165 -0.22193135 -0.951491 0.675424 -0.7849709 0.027268063
32 0.8213707 0.45830286 0.19045861 1.4106194 -0.19713284 -1.1466254 -1.1560166 0.4171657
29 0.8916468 0.00089677045 0.26928592 -0.01841864 -0.70826435 0.6332933 -0.6649562 0.09183476
21 1.0602762 0.55292714 0.17285483 1.5423838 -0.41240025 -0.82446975 -1.2816995 0.007149811
14 1.2863636 0.68123174 0.3020013 1.1644228 -0.6678812 -0.32693458 -1.0428215 -0.19533256
33 0.8594967 0.3534033 0.15225163 1.5941212 -0.069421194 -0.93165165 -0.99328446 0.18853013
25 0.49474272 -0.3165275 0.21775757 -0.40319943 -0.28384596 0.98440933 -0.4115605 0.24435641
19 0.6168642 0.8936357 0.267525 1.132653 -0.4192257 -0.95980436 -1.3825698 0.25992328
3 0.88835186 0.8063083 0.35307464 1.3433317 -0.4071972 -1.2016749 -1.3450882 0.23263419
24 0.5790457 0.96968794 0.29856578 1.2922283 -0.37953943 -1.1787018 -1.3203557 0.33481237
23 0.902968 0.9963823 0.5450361 1.3597964 -0.34968624 -0.8299064 -1.0301415 -0.20677146
35 0.78242785 0.51026434 0.23675181 1.3969263 -0.0040722503 -1.4247932 -1.2777092 0.50939023
7 0.7065327 1.0110153 0.23845752 1.305673 0.21019094 -1.3513434 -1.0123465 0.65328425
15 0.17098954 1.0171674 0.32687527 1.4875829 0.2466068 -1.127454 -0.6864159 0.32539597
30 -1.0645794 0.38228607 0.18396984 0.70191216 0.7012399 -0.54438466 -0.13098249 0.6796968
18 -0.17558159 0.69922084 0.06837108 1.323096 0.6003422 -1.2156706 -0.7284603 0.72504574
2 0.68225545 0.6845761 0.32058764 1.3826854 -0.3298801 -1.2406988 -1.3279461 0.30120158
12 0.8267134 0.7514442 0.2265931 1.5453149 -0.07767076 -1.2238377 -1.2331866 0.33038956
