50 8
23 -0.29319176 0.4128247 0.99467325 -0.1409169 0.7284698 0.069700226 0.25010607 -0.11057174
16 -0.052737735 0.002020936 0.9817565 -0.58786213 0.233196 0.23740786 0.5363982 0.17537987
26 -0.6444351 0.37762967 0.901501 -0.6815118 0.40599245 0.12186034 0.6725966 0.24743827
6 -0.68613917 0.48224252 0.15741934 -0.39479125 0.7867061 0.8945542 0.56665367 -0.12313244
12 -0.32625765 0.55764836 0.3782011 0.40040052 0.41130602 0.31661057 0.012007654 0.21811736
24 0.18143113 0.6272181 1.0106239 0.3535711 -0.12905842 -0.45911598 -0.049552068 0.68327624
8 -0.70238936 0.43409058 0.21202306 -0.2536281 0.46362182 0.83358604 0.5118873 0.00815582
28 -0.9309981 0.80328 0.36718333 -0.35836112 0.6849041 0.40956962 0.3824996 0.28211448
17 -0.43692043 0.1834781 1.2177899 -0.53886473 0.7033069 0.0073542623 0.5057106 -0.11133227
1 -0.48590884 0.31380042 0.8703785 -0.5060979 0.84228295 0.24534385 0.64256006 -0.12325056
27 -0.739678 0.22151515 0.008022459 -0.4926487 0.8041009 1.1400018 0.61697304 -0.09625327
42 -0.49296403 0.26110032 1.0464592 -0.5860749 0.824519 0.13141449 0.5835673 -0.09654649
19 0.26182458 0.6113263 1.0574856 0.40853542 -0.3753707 -0.4120172 -0.14539123 0.74442655
36 -0.94559383 0.27828524 0.09677008 -0.5319527 0.8410894 1.0757519 0.68510044 -0.16969374
34 -0.6510807 0.18178183 -0.10072481 -0.4138378 0.5447623 1.1864481 0.5035268 0.05589617
43 -0.8061103 0.41428626 0.2480966 -0.8304037 0.9352869 0.83320755 0.8774381 -0.0790979
49 -0.28715575 0.29519966 1.438036 -0.3413472 0.39643893 -0.15795174 0.47685918 -0.14064416
15 0.61525285 0.38510612 1.3650976 0.33519956 -0.5773346 -0.4896916 0.08601541 0.55224466
46 -0.09603684 0.14912273 1.3472866 -0.19260639 0.4865999 -0.054120008 0.30069864 -0.17816861
45 -0.7098093 0.47791457 0.83561945 -0.6808599 0.58221966 0.3895611 0.6514922 -0.11239387
4 -0.26376456 -0.16637786 -0.6774429 -0.04088997 0.6957103 1.5506974 0.30374488 0.2508917
40 -0.9383725 0.5404733 0.14427164 -0.56149906 0.85259366 0.93105304 0.6979256 -0.097913794
38 -0.6938301 0.06648116 0.043675758 -0.42106527 0.6393973 1.3493327 0.70324206 -0.35589057
39 -0.9593143 0.61166763 0.3844036 -0.63034385 1.0300272 0.6460723 0.78339213 -0.18131267
31 -0.90920466 0.635617 0.079844184 -0.24882455 0.5286212 0.84301496 0.48568895 0.08229396
29 0.16883895 -0.17801717 -0.6563486 0.72030777 0.4616192 1.6080102 0.00047607647 -0.082602486
21 0.79161376 -0.05597551 0.41783842 0.99511284 -0.7333063 0.06303326 -0.4630467 1.263447
48 -0.7488871 0.7709251 0.6196345 -0.3574008 0.742042 0.41217822 0.52434283 -0.17004882
41 -0.66013527 0.13923463 -0.26269057 -0.07066512 0.7989687 1.3531156 0.39147574 -0.14067893
2 0.8380199 0.1993564 1.2135398 0.6059923 -0.89051026 -0.5711749 -0.20817293 1.1304077
33 1.1760662 -0.30789956 0.3361269 1.3318719 -0.7250567 0.24397357 -0.43472308 1.007837
30 0.70467913 0.19187212 1.6957552 0.38559538 -0.33065772 -0.80466187 -0.041320536 0.57662016
5 1.3355553 0.023777248 0.98950756 0.77265877 -0.7525102 -0.3508264 -0.15263051 0.9828931
13 0.54470575 0.020779448 -0.9079953 1.2816615 0.020896433 1.1488127 -0.3684304 0.8716569
44 -0.7063972 0.05694039 -0.18030465 -0.06910117 0.97707736 1.4709506 0.41444537 -0.46492603
0 0.8522023 0.11465728 1.3236201 0.59514266 -0.7935381 -0.50237054 -0.17299 0.85172486
18 1.2935132 -0.417619 1.2552798 1.0281836 -0.54670346 -0.33266577 -0.399035 0.6952055
22 1.3109721 -0.625471 0.557376 1.1580107 -0.7852275 0.15495084 -0.45898664 1.0586934
37 1.467643 -0.7452482 0.39618525 1.363513 -0.7330848 0.33450955 -0.37265164 0.95182925
3 0.77953047 0.28098047 0.64985895 1.0973308 -0.6731483 -0.24026068 -0.452869 1.1403877
7 0.9842552 0.16979557 0.33520424 1.4040718 -0.54243106 -0.13543035 -0.5717941 1.3236886
20 -0.21003045 0.05251692 -1.0870953 0.5240815 0.7057046 1.5237162 0.09758637 0.53638154
9 0.8219386 -0.4960688 -0.4762424 1.1400865 -0.27493024 1.4195036 -0.25204614 0.28392965
47 -0.042205352 0.21299239 1.6079117 -0.509419 0.2854034 -0.3354553 0.4747152 0.03366175
32 1.4331026 -0.5330966 0.6794438 1.2694086 -0.8337435 0.057658374 -0.4612375 1.0368954
14 1.0415485 -0.330922 -0.56971306 1.4251541 -0.50609314 1.1263604 -0.4402511 0.81754255
25 0.59391505 -0.07024274 -1.0385922 0.80098885 0.2150599 1.6178128 -0.18197937 0.54756147
10 -0.17880216 0.5528792 -0.095150724 1.2070851 -0.40844417 0.26137564 -0.33586362 1.0680511
35 1.0850271 -0.022118933 1.4213154 1.0915906 -0.86174995 -0.59621763 -0.38328725 0.7858581
11 1.3271364 -0.6495555 -0.6326824 1.5421152 -0.6487527 1.3580048 -0.70512366 0.8662583
