50 8
1 0.16317047 0.4907754 0.5457538 0.13459891 0.36479354 1.0196471 0.5297151 -0.024654657
43 -0.24538824 0.60085064 0.29041186 -0.17726798 0.6318159 0.8563437 0.6727469 0.37639976
36 -0.2022377 0.52148336 0.60142154 0.0045509827 0.14685896 0.9245612 0.6704017 0.13579898
25 0.7600469 0.42204332 -0.147183 0.8341813 0.5404361 0.47559786 -0.7027917 0.25348154
23 0.18185246 0.13389735 0.62140226 0.24984059 0.8601134 0.08741822 -0.5758722 0.26095873
38 0.052154332 0.44504368 0.53178746 0.21147716 0.2895315 1.3464869 0.622445 -0.1432499
27 -0.4456093 0.39374664 0.65352213 -0.21035275 0.032073144 0.8964326 1.0548049 0.42432904
34 0.32484704 0.46569645 0.8714882 -0.068046525 -0.20518638 1.1169515 0.87042934 -0.019157276
41 0.13606957 0.43021804 0.52394307 0.16449514 0.14967333 1.2214704 0.76514643 -0.03805515
17 -0.47656736 0.20624979 0.87424767 -0.39270192 0.12107131 0.4961283 0.6308847 0.63359284
29 0.41980603 0.73258406 -0.28170335 0.5367343 0.2772485 0.38762292 -0.2729318 0.5566662
8 0.09333319 0.3844835 0.29237515 -0.049928978 0.7985439 0.5409814 -0.7466245 0.6136104
31 0.08508497 0.6652407 0.2197403 -0.006690257 0.9951345 0.8029809 -0.37250963 0.24084856
28 -0.9519603 0.3155526 0.62884253 -0.49210063 0.10477576 0.6853333 0.73125124 0.8722218
49 -0.36022025 0.5176688 0.5253233 -0.11333952 -0.2176894 0.6887306 0.9608591 0.5202029
45 -0.24601327 0.38166454 0.80051756 -0.27006453 0.3793762 0.9398101 0.37227467 0.25263938
6 -0.2803631 0.31804088 0.65465 -0.37786436 0.4481257 0.8892371 0.5850008 0.46332863
20 -0.3996378 0.3962691 0.4099434 -0.26305044 0.31034422 0.8007351 0.23465133 0.6859595
16 -0.26466492 0.21349356 0.417747 -0.20853956 0.6136266 1.0341498 0.15838741 0.50477886
15 -0.55655986 -0.18535867 1.0730156 -0.16931893 0.3117625 -0.18158998 0.27336487 0.6843058
24 0.26858726 0.0587713 0.5045181 0.4700511 0.7055324 -0.52622306 -0.5198383 0.48777315
4 -0.696105 0.24078059 0.7773428 -0.10875425 -0.41886955 0.5880141 0.7150744 0.6365676
19 -0.0019896785 -0.030776737 0.08257027 1.0688876 0.37303337 -1.2500219 -0.9352525 0.98281467
26 -0.27106845 0.049098823 0.65086335 -0.22145419 0.51683646 0.8110434 0.37433445 0.49550205
9 -0.30718893 0.33779162 0.70821196 0.0042774603 -1.0176586 0.40356532 1.1824018 0.739684
10 -0.36937842 0.23133697 -0.1672677 0.783977 -0.36712682 -0.44914696 0.14876175 1.1029917
18 0.62210375 -0.17589988 0.13598707 1.3800236 0.48480007 -1.1416785 -1.0374689 0.64945656
40 1.0782444 0.8086809 -0.30745086 1.1832947 0.7288091 0.62026775 -0.7227457 -0.2572541
46 -0.6229831 0.23324071 0.72027296 -0.19419318 0.025473205 0.69678146 0.5169305 0.56647885
14 0.47844684 0.5253066 -0.23482391 1.5596967 -1.1890959 -0.32193807 0.4861752 0.4717615
12 0.8090195 0.018997466 -0.13635567 1.6439005 0.16294801 -1.0790932 -0.91748893 0.6274476
2 0.5390752 -0.14096706 0.4728126 1.4211162 0.24311543 -1.4118384 -0.8198482 0.430194
42 -0.78756917 -0.093466595 0.64099365 -0.16627662 0.7153379 -0.4151781 -0.46468043 1.0960678
21 -0.0021881147 -0.14721234 -0.089931294 1.7353562 -0.7568863 -1.3144597 -0.2644169 1.0239557
7 0.12640035 -0.22866295 0.26236185 0.65483075 0.36533964 -1.1968783 -0.2710304 1.1173489
48 0.7032854 0.98921156 0.30451748 0.079479955 -0.18389274 1.0963924 0.8688896 0.0122088725
39 0.6832325 0.7142458 0.527348 0.28514022 0.59558064 1.1470165 -0.012487203 -0.4362744
3 0.49357387 0.009692953 0.2665997 1.4220858 0.24517162 -1.4864525 -1.125752 0.66373366
11 -0.5143468 0.39379856 0.50260854 0.1728468 -0.9128013 0.39560273 0.81582516 0.7600059
30 0.70719975 0.028100036 0.27724823 1.464784 0.92904127 -1.0007644 -1.2097093 0.097430184
33 0.20109876 -0.20900327 0.18530603 1.8406118 -0.5033355 -1.6197002 -0.5022668 0.73667616
32 0.7076798 0.24457334 -0.060603455 1.8587722 -0.20004223 -1.3717587 -0.8763751 0.52558
44 1.153957 0.49999768 0.20529903 0.77491206 0.6563407 0.99804294 0.025266053 -0.4524259
13 0.80750984 0.20205463 -0.12782185 0.930896 0.4286615 -0.51813745 -0.5270807 0.6999951
0 -0.12167384 -0.31669608 0.38794366 1.3648922 0.4487542 -1.5499207 -0.9296431 0.77582633
35 0.7176385 0.011601742 0.42446297 1.621952 -0.41131467 -1.5011852 -0.9129811 0.52828085
47 -0.5527234 0.18792105 0.8999998 0.09097386 -0.01327713 0.6453027 1.283579 0.10029612
5 -0.5808844 0.24606349 0.5322121 0.32431805 -1.0574002 -0.27605397 1.4185978 0.9271862
37 0.71884316 -0.17911533 0.40515947 1.870148 -0.38523462 -1.7666465 -0.7890957 0.5939757
22 0.46861288 -0.39466012 0.52742445 1.6709125 0.073471256 -2.0644114 -1.1151383 0.7614063
