50 8
23 0.9477376 0.08020553 0.3646068 0.54891324 0.59420073 -0.12344871 -0.1011736 -0.21603872
28 -0.63937867 -0.004026844 0.7128026 0.3012414 0.72072226 0.8747815 0.67518365 0.031011933
31 -0.17522845 0.07766526 0.4228622 0.8232804 0.15215869 0.65714306 0.66751254 0.2744077
6 -0.54203385 0.050447464 0.36234623 0.9771331 -0.19289532 0.5147363 0.33988726 0.348692
26 -0.22717218 -0.20583546 0.1628175 1.3229982 -0.034673665 0.2793824 0.41205138 0.23416181
29 -0.5041589 0.0047191414 0.5182513 0.50454694 0.56750655 0.5388039 0.35959098 -0.026391735
20 -0.5220711 0.42441645 0.90228784 -0.15330365 0.5543838 0.77197146 0.48103732 0.10660464
36 -0.48779184 0.31941858 1.0611085 -0.12088549 0.79357016 1.0307527 0.775162 -0.25405273
44 -0.35915664 -0.15728118 0.57515377 0.5682896 0.70063996 0.84588534 0.66797 -0.051997747
43 -0.4251321 -0.30509225 0.8278419 0.2179088 0.86796534 0.85931045 0.7044212 0.06555077
27 -0.36002624 0.16693318 0.8031589 0.434172 0.47184628 1.0545387 0.96180385 -0.05313458
1 0.15511191 0.2715663 0.964236 0.041796584 0.7261724 0.8273251 0.7876236 -0.35083222
45 -0.5810182 0.09996714 0.92762494 -0.10543694 0.5757494 0.89377046 0.4644989 0.20778492
18 0.34788167 -0.27682444 -0.08999605 1.1065444 -0.0862843 -0.8028755 -1.1706556 0.57134944
49 -0.72655505 0.07019755 1.2588649 -0.35868606 0.49973896 1.0937586 0.8522697 0.3734725
46 -1.0445359 0.46251297 0.55821544 -0.10860066 0.010779089 -0.3840863 -1.0067143 0.52458465
15 -1.1122777 0.39188942 0.9023713 0.05401382 -0.516546 0.23624222 -0.16298872 0.6670393
4 -0.14898412 0.83786356 1.1368239 -0.61127865 0.45459938 0.5918989 0.2963644 -0.022812631
16 -0.87061745 0.01561296 0.9945026 -0.19753616 0.3471067 0.9015149 0.3950628 0.6003101
19 0.32815224 -0.0021509707 0.008907688 0.8434518 -0.19489282 -1.0646175 -1.368375 0.6773886
40 1.0842943 -0.13269405 0.010228406 1.4351145 0.1379886 0.25539395 0.43315277 0.07120817
24 0.51550466 0.014263619 -0.05378184 1.0739759 -0.20108396 -0.6166819 -0.94195056 0.44362983
25 1.4033747 0.4895953 0.17991939 0.33670262 0.5857349 -0.036272418 -0.4191685 -0.12966885
8 0.16674408 -0.24262315 -0.2517934 1.4335518 -0.2784825 0.2171977 -0.37088695 0.7256071
41 0.20415881 0.10625062 0.7759563 0.41025186 0.95168316 1.0355508 1.0564181 -0.5000858
7 0.041920487 -0.24359964 0.07484113 0.9668044 -0.5574889 -0.8859289 -1.0834785 1.1739463
17 -1.1120614 -0.057748944 1.0359215 -0.30781356 0.5209999 0.8489702 0.3811795 0.5453512
34 0.3232562 0.07065066 1.178773 -0.053674165 0.87823015 0.690473 0.7307147 -0.5542063
42 -0.9611584 -0.23099495 0.99013996 -0.014953805 0.33963475 0.8393318 0.50546986 0.5996951
38 0.57766134 0.3899798 0.9854939 0.08847971 0.71255165 0.6450496 0.802478 -0.5746184
39 -0.029334636 0.07281328 0.7314185 0.44483054 0.90850306 1.0464815 1.0438379 -0.43063983
10 0.33324286 0.27642176 0.058332756 0.91598004 -0.361707 -0.5259313 -0.7774358 0.5297944
33 0.73821896 0.7599015 -0.2275128 0.69903016 -0.1068381 -0.8849926 -1.5284594 0.4110458
47 -0.9456769 -0.06627584 1.1143881 -0.20941563 0.31988397 0.9647281 0.45151582 0.4818341
12 0.6091457 0.45250732 -0.27619904 1.1139156 0.05184638 -1.22419 -1.4101794 0.14439906
2 0.7614954 0.51655287 -0.08366294 0.74972606 -0.23531424 -1.1331615 -1.5550567 0.38639268
13 0.7391264 0.013794529 -0.32741752 1.5480225 -0.20024593 -0.9317019 -0.9046805 0.4036945
3 0.42712364 0.34680793 -0.04150502 0.7421428 -0.3232146 -1.0916815 -1.5376464 0.6383178
14 0.72473276 1.2713733 0.27000389 -0.24630046 0.05592196 -0.68556386 -1.3706247 0.31608808
37 0.59517354 0.11444009 0.23824403 0.6871467 -0.359865 -1.4060776 -1.3969958 0.6847277
32 0.69192207 0.5623149 -0.25710505 1.144697 -0.2071306 -1.1265445 -1.2559198 0.31952795
21 0.85727596 0.47628868 -0.3644888 1.2795086 -0.3393678 -1.243979 -1.4635831 0.4731309
11 -0.78674394 0.643181 1.1264238 -0.8355733 0.70670563 0.6380515 -0.27874416 -0.06340024
5 -1.2871829 1.0547541 0.82458967 -0.9318179 0.21724395 0.39237776 -0.84473497 0.6762321
22 0.6851467 0.56106174 0.04327509 0.65523875 -0.44900116 -1.1545434 -1.5199485 0.6922853
35 1.042282 0.24529897 -0.17293271 1.3106778 -0.35038868 -1.3522716 -1.2585113 0.31376788
9 0.3677004 0.67323524 1.3324192 -0.736084 0.81358165 0.76245093 0.5091885 -0.30273777
30 0.46240437 0.06013278 -0.4350301 1.6263183 -0.29702976 -1.0054785 -1.1139818 0.52695525
0 0.3550007 0.2940755 0.34386727 0.3626356 -0.5147416 -1.3260695 -1.6936185 0.7459956
48 0.52446675 0.50196886 0.7661276 0.22610402 1.1769772 1.0104678 1.2073834 -0.7299772
