50 8
12 -0.13046469 -1.2297796 0.48313528 -0.93192863 1.449788 1.0816286 -1.1589935 -1.5262574
18 1.55842 -0.778129 0.3076571 0.4050916 0.9955121 0.7508548 -0.88009566 -0.28610978
0 0.21553081 -1.2694284 0.23503748 -1.7039571 1.5105247 1.348724 -1.3024255 -2.3077245
2 -0.095724665 -1.1522396 0.23730339 -1.030464 1.6578941 1.2601063 -0.9327212 -2.0040884
3 0.07324147 -1.077754 -0.08659546 -1.0989912 1.6406199 1.1429372 -1.1539519 -2.324912
40 1.0042365 -1.1770123 0.54002565 0.07022459 1.0848783 0.57124823 -1.0875857 -0.56398475
15 -0.30117667 -1.0615506 -0.15830374 -1.3869382 2.0522056 1.5276287 -0.88750154 -2.053391
19 -0.13284634 -1.2131518 0.63568646 -0.7520719 1.212844 0.5851448 -0.81339544 -1.4090844
26 0.8516287 -1.1380619 0.9806478 -0.118901394 0.60436505 -0.6196217 -0.51879406 0.7270075
31 0.9795995 -1.1269518 0.41753718 -0.25962266 1.1026528 0.39145735 -1.1924855 -0.22379693
4 -1.5396769 2.2215378 -0.01584566 -0.7455717 -0.7863898 -1.7576122 0.67672986 0.3484863
9 -1.12988 2.299105 -0.5512642 -0.624073 0.030723624 -1.1283127 1.8668958 0.32410383
14 -1.2008013 2.9341788 -0.9450184 -0.41222346 -0.05943494 -0.4886809 1.2528687 0.7410535
36 -1.052229 2.3969228 -0.49992356 -0.27606785 -0.37361887 -1.5578996 1.2096814 0.63927585
11 -0.8984704 3.3616877 -1.0405072 -0.5233929 -0.38754472 -0.38805634 1.5768442 -0.09741531
7 0.5437142 -1.09937 0.4089171 -1.0320061 1.1470335 0.77954197 -1.3813105 -0.334797
24 -0.0063062455 -0.89804846 0.73143053 -0.33486533 0.8726018 0.76687044 -0.93889874 -1.6807972
6 -0.069697455 -1.2698873 1.3730019 -0.14111318 0.5269292 -1.4140446 0.25301814 0.20841514
27 -0.9584993 0.08476727 1.3176494 -0.6259045 -0.35256234 -1.7470894 0.58409286 0.9408006
5 -0.8052623 2.794375 0.28390443 -0.20833698 -0.6132307 -0.34138462 2.3737202 0.4046392
20 -1.24271 0.5877455 0.40772206 0.03865405 0.13590267 -2.1688726 0.8775726 0.7615034
16 -0.93016785 1.2036705 -0.4872377 -0.99397135 0.18450081 -1.5343953 -0.031258408 1.742352
29 0.36704007 -0.6963851 -0.041490685 -0.48750836 1.1589938 -0.7566894 -0.42352223 0.94775033
38 -1.6978892 2.3022878 -0.68949026 -0.4499905 -0.07457527 -1.5099527 0.8906822 0.6297685
34 -1.143747 2.6517096 -1.3496965 -0.9098625 0.02740846 -0.7556296 0.36171684 1.0108869
10 -0.37983814 -0.8606059 1.9718788 -0.06637206 -0.18604876 -1.2897812 0.5084601 0.19087374
8 1.6485987 -1.0001127 0.81427586 0.029698795 0.4520521 0.56958395 -1.9121094 1.3045045
30 2.2951467 -0.26650882 0.55770516 0.99617493 0.0854457 0.7963427 -1.8054655 0.98429626
13 1.5350593 -0.48202202 0.31525293 1.2089229 0.7267067 0.44373614 -1.3758928 0.90325636
28 -0.86688507 0.64118606 1.234406 0.23510459 -0.7677327 -1.903286 0.8121108 0.07003863
39 0.9371141 -0.07195508 0.26625314 1.0933524 0.6594095 0.71532536 -0.6483211 -0.42674872
41 -1.0638658 2.1919851 -0.86795884 0.0064231204 -0.014914398 -1.0827029 0.50071365 0.79093367
21 0.064081356 -0.5765083 0.38812566 -0.57550055 1.0409635 1.4701257 -0.9797591 -1.8887029
1 -0.43483752 0.6194 0.94488746 0.022525512 -0.48444578 0.07525856 0.10647348 -0.98934495
25 -0.03698058 1.2973696 -1.3802676 -0.24243763 0.48122782 -1.3521965 -0.35779104 0.8083644
43 -0.72883976 1.4055636 0.28982586 -0.03850704 -0.39563707 -0.9741653 0.50961185 0.5134897
32 2.0871046 0.35373825 0.5484533 1.6080756 -0.009569094 1.7770921 -1.8506781 1.028546
23 0.6000769 -0.63030976 0.49370283 -0.26296654 0.88002425 1.223754 -0.8495899 -1.3441522
22 2.38401 0.562712 0.52852076 2.3018935 -0.11241636 0.8281353 -0.17909355 -0.31900272
37 2.029786 -0.29679444 0.6578922 1.7752255 0.44241196 0.7336045 -0.7253762 -0.20283017
35 1.6863192 0.85461795 0.43752098 2.1935232 -0.17024091 1.2191131 -0.7635354 -0.2660848
17 -0.4398706 0.71075994 0.47279632 -0.6650474 -0.06431134 -1.5963442 1.0066497 1.1239831
33 1.5092318 1.7718138 0.20080602 1.549309 -0.68528855 1.6905727 -0.80764914 0.75154674
49 -1.036076 2.9918628 -0.09187569 -1.100789 -0.89920706 -0.63740486 1.6101516 0.24853253
47 -0.04408938 3.3523614 -0.34196594 0.2638952 -0.84973896 0.23223461 1.7332354 0.124641754
42 1.3746068 -0.44460264 1.2373441 1.5802152 0.12862904 -0.025709232 -0.06482312 0.20409004
44 2.6536524 0.32816318 -0.14630838 2.5707972 0.70405984 0.3926285 0.24400973 -0.65976983
45 1.3916689 2.6949453 -0.14071995 0.6390016 -0.98577535 0.06732556 1.8435937 -0.2462388
46 -1.3841593 2.1412473 -0.23140855 -0.5491818 -0.3818713 -1.4298047 1.1825912 0.40667915
48 -1.0058748 0.32542974 0.16765617 -0.26071298 0.3328527 -0.6846507 -0.1331285 -0.37867767
