50 8
1 -0.44839746 -0.20768505 0.6070437 -0.2697584 0.7220316 0.6615145 0.2613886 0.049088076
36 -0.6203969 0.0026843126 0.65571934 -0.35226664 0.4899207 0.8544934 0.34750688 -0.08561569
10 0.34616828 0.6405051 0.3869983 0.7883867 -0.64282185 -0.19149622 -0.18754928 0.6059766
16 -0.1707888 -0.009456177 0.60136896 -0.4303918 0.4369418 0.9342314 0.3924691 0.16431129
6 -0.51297176 -0.44470447 0.5524168 -0.15656863 1.2275349 0.3923277 0.13502955 0.022912461
44 -0.38009977 -0.63235563 0.41900507 -0.17851338 1.5167227 0.6612768 0.22028512 0.11835973
28 -0.6334398 -0.041768163 0.94277614 -0.6958868 0.21919554 0.77769196 0.40632677 0.045965422
49 -0.66993403 -0.22240785 0.9892264 -0.731126 0.30782866 0.75233835 0.4765873 -0.0017973462
43 -0.27691755 -0.49784225 0.39901277 -0.20580466 1.5546353 0.6398254 0.21914731 0.07693402
20 -0.50118995 -0.16982736 0.8815603 -0.6024073 0.6026847 0.7559938 0.3968966 -0.18042837
47 -0.52248937 -0.4528519 1.0198084 -0.7358329 0.41663724 1.0741656 0.3831786 -0.16461673
38 -0.396887 -0.5371472 0.95121163 -0.5342835 0.57207143 1.0359809 0.3508419 -0.35154274
18 0.4092276 0.3255908 -0.1670343 1.4329493 0.5243668 -0.2664182 -0.53321856 0.5085507
34 -0.49076146 -0.55251944 0.98327416 -0.7001044 0.41709918 1.130778 0.33991686 -0.16265869
41 -0.47981134 -0.10135763 0.9012663 -0.8250219 0.5857312 0.971932 0.51238567 -0.114107534
42 -0.53576404 -0.330278 0.5425024 -0.4024814 1.0949346 0.79161847 0.28282794 0.06035392
45 -0.46662185 -0.297382 0.62746924 -0.49540687 1.0777855 1.1116717 0.508624 -0.24004205
19 0.43806472 0.77601284 0.44726682 0.94038606 -0.4035555 -0.7540633 -0.2828163 0.5428455
27 -0.5621664 -0.114687 0.84320563 -0.84525007 0.7188863 0.95200413 0.5239673 -0.102521434
46 -0.6416429 -0.24303608 0.90997905 -0.7418969 0.69211966 0.8379528 0.20753612 -0.076889165
25 0.5511335 0.6868125 0.14244513 0.6714066 -0.0278666 0.56085706 -0.14801691 0.10226556
31 -0.2513014 -0.5741025 0.23661114 -0.013924256 1.4911708 0.66244394 0.0863434 0.33970585
40 -0.33149612 -0.5564002 0.23464806 -0.14278679 1.6489044 0.87348884 0.2080037 0.11379699
30 0.41711935 0.8090474 -0.2256459 1.7342342 0.53649926 -0.700269 -0.5860778 0.39454108
8 -0.23279345 -0.22031921 -0.23054235 0.9930744 1.1806334 0.31840473 -0.30735302 0.3772447
29 -0.293818 -0.5701881 0.17487058 0.21615775 1.5042579 0.6679449 0.034780137 0.14021577
22 0.5519968 0.404618 0.43339777 1.7124187 -0.90294707 -0.91837174 -0.66270995 0.6735756
24 0.63780636 1.002669 0.5440134 1.2482126 -1.0891205 -0.8784285 -0.42164817 0.5937152
5 0.6004945 1.052968 0.8695793 0.1845209 -1.275001 0.05466829 0.019337859 0.34645265
23 0.6841105 0.7077921 0.4339412 1.25355 -0.79906166 -0.50966024 -0.51646096 0.50219464
26 -0.3914498 -0.60583365 0.07603757 0.5885862 1.3328359 0.07580236 -0.053178687 0.48285496
35 0.76219 0.7062332 0.39271513 1.7192154 -0.67802906 -1.1896614 -0.5350889 0.6754668
7 0.7401584 0.6626737 -0.047946703 1.9582728 0.2063618 -1.1299944 -0.54797 0.54296017
15 0.7516261 0.88639206 0.25654322 1.5152669 -0.746314 -0.7759671 -0.30889177 0.7204524
9 0.2368397 0.49719685 1.2007818 -0.53416103 -0.8410283 0.45466995 0.4928214 -0.09260855
39 -0.4548336 -0.2260283 0.5306021 -0.41370437 1.3441713 0.8081985 0.3804222 -0.09332431
4 -0.28309318 0.082050495 1.2987452 -1.105771 -0.323765 0.86894083 0.51250225 -0.027735662
17 -0.32675228 0.18942119 1.1697836 -0.7540736 -0.31436646 0.15363485 0.24806002 0.32566515
48 -0.5196657 -0.37969083 0.6336397 -0.69876283 1.1993622 1.0110284 0.40841886 0.013898656
37 0.6537776 0.80504066 0.5029616 1.7010934 -1.0616393 -1.0872424 -0.5359546 0.6361185
11 0.056057677 0.37943292 1.259408 -0.6352322 -0.8065159 0.6327738 0.33677927 -0.14916165
21 0.8068604 0.66069716 0.32007122 1.7600054 -0.9226272 -0.83793396 -0.65599376 0.7427845
33 0.6286733 0.81448466 0.17772126 2.0059888 -0.7847443 -0.9837383 -0.6181829 0.66802937
13 0.08119721 0.47305202 -0.45022807 1.7085646 1.0008582 -0.33667347 -0.5484384 0.34020722
14 0.40962565 1.4154836 0.63792217 0.69134116 -1.1723001 -0.015747866 -0.11285072 -0.08535277
3 0.95409185 0.95123976 -0.095912196 2.1928809 -0.33996978 -0.9259272 -0.7636423 0.66456634
32 0.6886845 0.57262844 0.27499303 1.8846071 -0.6980888 -0.94859785 -0.54982257 0.5919845
2 0.67664623 1.0017225 0.37307325 1.7726659 -1.3294564 -0.66772383 -0.51945716 0.62883425
12 0.86973524 0.9617113 0.11772692 1.8868636 -0.2818334 -1.0385166 -0.6849797 0.48762956
0 0.86354554 1.4098712 0.10869084 1.760057 -1.0225395 -0.8215712 -0.35579088 0.80052155
