50 8
23 0.009156847 -0.0137238605 0.10625256 0.22671324 1.3196924 0.21539697 -0.11770383 0.69202954
43 -0.8471069 0.5092838 0.47036994 -0.36327922 0.72222203 0.328911 0.28222346 0.37136889
24 -0.48418954 0.54919124 0.38002527 0.7863013 0.66225314 -0.2932184 -0.5719428 0.6392224
19 -0.113228604 0.4122061 0.32919967 0.8380914 0.7238772 -0.13620482 -0.64899546 0.68360037
40 0.35097644 -0.042933963 -0.20535007 1.0845685 1.0464524 0.35247457 -0.23990123 0.6748599
39 -0.60559344 1.0541382 0.21023092 0.39343366 0.50859165 0.3237802 -0.03162996 0.34223405
1 0.23150054 -0.72850966 0.3967971 -0.20828027 1.1024854 0.737813 0.20972195 0.15070453
28 -1.1067165 0.93444216 0.19714601 -0.4130961 0.6852976 0.4096716 0.27006143 0.8223013
42 -0.8906493 0.58307475 0.50863254 -0.59289134 0.81552136 0.330373 0.4933049 0.49455667
6 -0.2472531 0.48394254 0.26345748 0.46157524 0.9920521 -0.08250087 -0.21825413 0.7908714
29 0.39610574 -0.99871963 0.5758713 0.3288048 0.9714465 0.3807223 -0.27309096 -0.07652062
25 0.65456474 -0.72145456 0.48474643 0.45609358 0.65554386 0.7010669 -0.4525751 0.022529235
4 -0.6129975 -0.2946506 0.7919118 -0.8047096 0.53721267 0.6283603 0.4664437 0.31509277
8 -0.24282272 0.2462713 -0.36695117 1.517428 0.89045614 0.09863521 -0.22652946 0.58745223
26 -0.59275675 0.1911071 0.0040641516 0.26395205 0.8858432 0.38228032 -0.09895059 0.6237421
34 0.19464262 -0.58069927 1.1995653 -0.4280424 0.18206981 0.61509085 0.35461465 -0.014679179
36 -0.6327542 -0.21979779 0.55341756 -0.6848092 0.72234994 0.777135 0.7503628 -0.06288222
31 -0.6101186 0.8448596 -0.16274963 1.2073206 0.5165467 0.11483854 -0.46466598 0.566706
27 -0.46631023 -0.057112437 0.53796554 -0.682461 0.8041871 0.6336099 0.76904696 0.4651632
18 0.028144617 0.020797675 -0.14503875 1.5114486 0.76813287 0.18440846 -0.7923193 0.2951817
44 -0.31108788 0.2534184 0.44573382 -0.62275076 1.4915935 0.09156862 -0.14964251 0.8465658
20 -0.30470613 0.18555544 0.419466 -0.06944674 0.8493759 0.23827653 0.38555261 0.8491714
16 -0.06513074 -0.49597865 0.69241095 -0.6980847 0.5109708 1.1275146 0.41537073 -0.14392875
49 -0.50429016 0.045611348 1.1406467 -0.98191994 0.24461186 0.73710483 0.85141575 -0.09393483
30 0.5136738 -0.9604587 0.68044776 0.8749452 0.7647908 0.026492694 -0.72196716 -0.069780916
7 -0.32486054 1.1807446 0.3113879 1.5154545 0.19408573 -0.33011073 -0.32633805 0.70096785
12 -0.35438046 0.83244574 0.2822772 1.7461829 0.30059165 -0.46154338 -0.66519755 0.4011895
13 0.4786568 0.038065154 0.058007803 1.7768077 0.5143318 0.029654326 -0.51399314 0.5606636
41 -0.110499166 -0.30851394 0.5970211 -0.7923892 1.1613746 0.6021372 0.4922303 0.37135807
38 -0.06773245 -0.59878427 0.87478346 -0.74040544 0.5864141 0.768711 0.5204084 0.22299995
17 -1.1570996 0.12369381 0.96609807 -1.342015 0.5150751 0.70310587 0.84408194 -0.05494903
35 0.7371921 -0.38949248 0.8663394 1.0296377 -0.69686717 1.0266649 0.22962594 -0.3058859
14 0.39072132 -0.662836 1.5328263 -0.4176727 -0.6571272 1.2081836 0.24023205 -0.6372507
11 -0.1886008 -0.7905495 1.2469269 -1.0550969 -0.15538196 1.3845757 0.15656438 -0.5434754
46 -0.98968107 0.07293896 1.225399 0.0035754002 -0.6782591 0.5464874 -0.041541766 -0.6766595
5 -0.5006818 0.45833743 1.3026762 -0.33468562 -0.96073234 1.079589 0.9252572 -0.32282797
15 -1.1264985 1.2588443 0.5733894 0.62443066 -0.4645585 0.29601693 0.47685182 0.08254835
10 -0.7619526 0.6786349 0.16437949 0.9184931 0.3445956 -0.04087725 0.21016523 0.680186
48 0.3132403 -0.49749422 0.24911427 -0.09042121 1.2467222 0.506809 -0.57244205 0.70866954
45 -1.1300547 1.1845428 1.0032184 -0.4551056 0.0320294 0.31130305 0.76863164 -0.30561537
3 0.024953993 0.7104493 0.4665811 2.1846008 -0.14280151 -0.48641342 -0.8802099 0.38565332
2 -0.11418314 0.2901824 0.55679196 1.7269253 -0.47963265 0.14294365 -0.67491513 -0.17872775
9 0.24875534 -0.5464307 1.4349144 0.069507636 -0.8510081 1.1340739 0.2996396 -0.8199989
21 -0.10446521 0.09008619 0.55807287 1.7877377 -1.1818221 0.83318144 -0.20991564 -0.4526105
22 0.6227557 -0.9011149 1.0328524 0.7684072 0.2072281 0.22305258 -1.1995367 -0.3388639
47 -0.5652341 -0.38663146 0.98291594 -0.2782893 -0.3183081 1.1013765 0.685072 -0.8588953
32 0.9589602 -0.95270354 0.66709375 1.9933462 -0.3757443 0.5143162 -0.70154995 -0.45178342
33 0.23309836 -0.7598121 0.7104497 1.97451 -1.1904336 0.99561214 -0.033045612 -1.1221746
37 0.57405883 -1.1238632 1.4251535 1.499686 -1.3366902 0.7323488 0.33258703 -1.0374186
0 -0.58222073 1.1603444 0.41160572 1.753805 -0.76750153 0.28462932 -0.5562295 -0.26119128
