50 8
19 0.07137143 0.10026112 0.029153153 0.46143138 0.8022169 -0.10026054 -0.6879616 0.99873734
34 0.67561615 0.39475003 0.7038432 -0.4971531 0.98664564 0.39792198 -0.42493314 -0.07593769
28 -0.30737168 0.19391821 0.62164766 0.088465005 0.7114527 0.16100341 0.19785409 1.1231472
38 0.5805474 0.41533256 -0.0109955715 0.53092 1.1957077 0.39922842 0.060012896 0.5818111
25 0.06782681 0.22155713 -0.0019048982 0.57865536 0.55950606 0.27088374 -1.0620489 0.43441686
2 0.04811868 0.0681459 -0.0110780895 0.95030344 0.19325235 -0.16223836 -1.1940593 0.5448575
48 0.61680675 0.40197903 0.52332133 0.32360372 0.92367357 0.5063248 0.23294416 -0.31190583
40 0.16891555 0.32063547 0.0486488 1.7585636 -0.30265102 0.19746439 -0.46089938 0.08287807
12 0.31403807 0.5988619 -0.19578111 1.1917644 0.47395217 0.20631726 -1.1460966 -0.16178903
39 -0.19511591 0.29334083 0.37360126 1.0659392 -0.22977969 0.25894794 -0.18709272 0.794937
43 -0.044222493 0.28074625 0.69564515 -0.0006372026 0.79566914 0.2731648 0.41410738 0.9231506
24 0.046789885 0.05037424 0.21762842 0.28228796 0.46188793 -0.18439388 -1.1605679 0.77740824
13 0.016835248 0.69062907 0.066792324 1.1705744 0.23404564 0.1784304 -0.1850286 0.89157736
18 -0.27180678 -0.38399667 0.08528031 1.2523736 -0.26015496 0.00451083 -1.1018512 0.5327556
22 -0.06553967 -0.18498941 1.0437359 0.7023364 -0.45469975 0.62503546 0.0023905062 -0.54138523
42 -0.86708456 -0.2740913 1.0388744 -0.0060243933 0.11162807 -0.22896598 -0.28604934 0.90442294
30 0.03289112 0.322618 0.07043063 1.2937988 -0.09684499 -0.038131516 -1.0333521 0.16721168
20 -0.074756265 -0.09628807 0.97706145 -0.36589882 0.9851335 -0.1275826 0.60160124 0.97214335
7 -0.30514434 0.03687142 0.15683724 0.42739353 0.5423288 0.0089742 -0.53735757 1.5254153
41 0.71473926 0.31535763 0.32724765 0.33977616 1.1199888 0.5103063 0.13284762 -0.24528083
14 1.1750067 -0.040006023 0.9078733 -0.2304569 0.7400507 0.349105 -0.4935035 -1.2776424
8 -0.42297232 0.060155563 -0.13118441 0.7782963 0.66676605 -0.021046998 -0.860237 1.1878058
29 0.005363288 -0.33492598 0.092529766 0.2943323 1.0386585 -0.37900433 -0.9202547 0.600544
16 0.49737635 -0.23723543 0.84004337 -0.88949025 1.1773106 0.06854496 -0.5229695 0.14304265
3 0.28251156 -0.38281795 0.21084224 0.9958347 0.08542081 -0.15189552 -1.4503001 -0.66724706
26 -0.82143897 -0.36326927 0.6914244 0.5533527 0.10970711 -0.1931387 0.21999384 1.529002
27 0.11070806 -0.12201568 1.3047144 -0.60165703 0.82847816 0.085051775 0.78899 0.6517975
1 0.20643592 -0.097824425 1.3893055 -0.45129895 0.71437556 0.3553887 0.6550121 -0.32015505
9 0.8329929 -0.051476352 1.5170714 -0.7381575 0.77282536 0.039661184 0.5190082 -0.46002936
0 -0.2607556 -0.47503588 0.17129175 0.9206871 -0.106022164 -0.005935374 -1.3367438 0.25551727
21 0.54741484 0.12244445 0.06064053 1.2845236 0.122170985 0.60875297 -0.88125414 -0.844472
15 -0.8358978 -0.3138279 1.0526792 0.3667531 -0.5749644 0.13404812 -0.17051789 0.999681
4 0.65791607 0.47151256 1.1082973 -0.36612073 1.0700535 0.2797734 0.9324028 0.15984096
31 -0.34245268 0.26513332 0.2959554 0.9493157 -0.29691944 0.18907876 -0.61185306 1.0993078
49 -0.19121818 -0.4190934 1.8481296 -0.6687902 0.27531132 0.19912168 0.8609385 0.025064759
6 -0.10836665 -0.24821305 0.61682487 0.14712472 0.78559977 -0.059170876 0.28498974 0.9440511
10 -0.35694042 0.2824167 1.2378626 0.2286778 -0.15717635 0.29837853 1.1434242 1.4498748
23 1.0972034 0.64144444 0.9182222 0.6247563 0.24174976 0.40568855 -0.0025910954 -1.5413975
44 -0.44323507 0.30717677 0.19426301 0.9976445 0.012433807 -0.009698852 -0.46214357 1.2809925
33 0.8510967 -0.877319 0.9019869 0.8174202 -0.15777585 0.5028712 -0.2576811 -1.6416217
11 0.5547324 -0.69411653 1.6498566 -0.40729958 0.031939633 0.60839397 0.22003758 -1.1847262
36 0.38754243 0.6894623 1.4615874 -0.39217713 0.5824691 0.57696503 1.160487 0.008803002
17 -0.48299104 -1.1871647 1.5126765 -0.7953355 0.4309084 0.19638914 0.36005405 0.57735837
35 0.8963783 -0.041512936 0.5693407 1.1866806 0.014478551 0.11421389 -0.5986759 -1.6323127
5 0.08165372 -0.31511894 2.0012999 -0.5746879 -0.11069729 0.27071357 0.95904183 -0.056241192
46 -0.14648074 -1.0921232 0.6546079 -0.2372193 0.7497048 -0.21038434 -1.3533823 -0.48161215
37 0.23009887 -1.3055739 1.104686 0.94452745 -0.4544838 -0.25765318 -0.48819205 -1.4467608
32 0.49037117 -0.32229507 0.45901123 1.421673 -0.50639075 0.34166545 -0.81647736 -1.1176609
45 -0.81591266 -0.10242774 1.7022054 -0.12468903 -0.21478808 0.26758465 1.0105157 0.8075682
47 0.7320434 -0.7436777 1.636562 0.18412068 -0.101164274 0.5094014 0.23811303 -2.047916
