50 8
29 0.6058745 0.20442855 0.28600034 0.484545 -0.072680734 0.85301113 0.39701992 0.22223116
10 -0.12214395 0.036733903 0.31203216 0.66302717 -0.11088199 -0.35757026 -0.7549329 0.9247113
20 -0.042447563 0.1308318 0.10764429 0.28006002 -0.024665743 0.69142026 0.50801075 0.54367495
1 -0.56747425 -0.0914369 0.87070215 -0.5833436 0.49229452 0.84280735 0.61593986 -0.18260652
24 0.094936475 0.06671251 0.5970471 0.6974789 -0.039257355 -0.74702203 -1.0818169 0.84522337
19 0.23283225 0.09608343 0.5159711 0.8421789 0.003448152 -0.59871715 -1.0557966 0.8505414
14 0.7658259 0.36543828 0.14733306 1.0247878 -0.18336141 0.6654238 -0.09434618 0.24583405
9 0.5767546 0.09910268 0.32665622 0.5731653 -0.08224221 0.83194727 0.57880545 0.20364486
4 0.028660025 0.34365788 0.46577176 -0.20393023 0.010896396 1.2620271 0.8971704 -0.02409786
17 -0.7874661 -0.1568436 0.8258261 -0.72825986 0.5101526 0.5496261 0.72210497 0.13516735
37 -0.012423501 -0.17631559 0.48139298 0.9481626 -0.12232688 -1.0207987 -1.0547739 1.1906226
16 -0.6718451 -0.39548475 0.59437144 -0.3884561 0.33019483 0.20121257 0.1705125 0.5972897
26 -1.1462033 -0.44711146 0.6286754 -0.30817753 0.3001733 -0.4452832 -0.26796716 0.8461311
6 -0.33022678 0.06938331 0.85387963 -0.6665446 0.44481575 1.2022967 0.8368479 -0.3542675
8 -0.36209968 -0.019725446 0.21218441 -0.1019604 -0.007935863 0.7198631 0.27716208 0.5702516
5 -0.20042287 0.11928977 0.4588503 0.45482776 0.07027071 -0.49948275 -0.9316041 0.8580096
38 -0.22712947 0.30304885 0.3881043 -0.23247127 0.23056392 1.6521126 1.2851001 -0.21881829
31 -0.566705 0.26870805 0.5084647 -0.46760613 0.17819916 1.4494821 1.1769879 -0.20290118
18 -0.4113413 -0.30942008 1.020967 0.19466244 0.3875814 -0.97328705 -1.0378873 0.6818104
23 -0.6317649 -0.08100258 0.8303027 0.27188286 0.16747627 -0.69798434 -0.6666876 0.49192443
3 0.1703889 0.24795346 0.51196545 1.0144314 -0.084069505 -0.6998062 -1.1342566 0.748793
41 -0.51053005 0.2488923 0.4344306 -0.3345307 0.3426682 1.6719904 1.2800603 -0.3679956
45 -0.66520596 -0.03614142 0.9388795 -0.7268075 0.45835745 0.92735857 0.88697356 -0.32295397
36 -0.36853635 0.25713825 0.42868578 -0.24263524 0.21867855 1.512891 1.3169777 -0.25439957
48 -0.022039544 0.40204915 0.23575297 -0.075958624 0.05399072 1.7225707 1.1668413 -0.16925777
44 -0.33864617 0.1043954 0.39416197 -0.27701727 0.10838019 1.5312953 1.2604803 -0.12780458
15 -0.6516073 -0.12624729 1.162444 0.06097732 0.34007585 -1.0359663 -1.00155 0.4550098
12 0.27210525 0.22516917 0.42132756 0.92722625 -0.057574943 -0.6926148 -1.1183124 0.9639799
25 0.19309232 0.119822875 0.2852335 0.75193036 -0.052185398 -0.47050694 -1.1763579 1.0431113
28 -0.3661078 0.22663642 0.48512918 -0.47460654 0.3679921 1.5544337 1.0525864 -0.23016432
11 0.36040547 0.095179625 0.46721882 0.9235895 -0.24316362 -0.3512406 -1.2237129 0.7851468
2 0.27787712 0.16077444 0.42613733 1.3270339 -0.3827101 -0.79564416 -1.0775409 0.883004
49 -0.3632697 0.3371297 0.41497493 -0.18498354 0.31995583 1.4925267 1.1129968 -0.33205655
34 0.5345065 0.2626216 0.36784214 0.23490986 0.12969117 1.6213601 0.88990015 -0.2911629
21 0.358006 0.28834474 0.17019467 1.2273142 -0.48599467 -0.29248908 -0.7188982 0.8714044
0 -0.09175641 -0.1693114 0.8294859 0.62236035 0.34246418 -1.0178579 -1.3649143 0.7554535
47 -0.11499457 0.23452234 0.4228123 0.11671676 0.24006015 1.451428 1.1718233 -0.45681807
42 -1.0281785 -0.3611132 1.1727102 -0.52822787 0.63380486 -0.16896749 -0.01586795 -0.016081538
22 -0.26304743 -0.24079873 1.0523218 0.55871993 0.23791538 -1.2078048 -1.2854552 0.64164394
7 0.3780558 0.24302037 0.3860958 1.0720419 -0.24590911 -0.6506971 -0.94285166 0.94958603
33 0.27015632 -0.041578595 0.37264645 1.325006 -0.22330262 -0.8535924 -1.0248803 1.0504944
32 0.40680546 0.28790975 0.43729332 1.2125068 -0.5113844 -0.7538133 -1.0329101 1.0109799
35 -0.2621536 -0.22400516 0.94522333 0.63035005 0.19553724 -1.3071846 -1.3419632 0.9054643
13 0.8649225 0.47491437 -0.24199246 1.5430928 -0.24169661 0.19827093 -0.5042828 0.87168235
27 -0.40965804 0.32363364 0.22428428 -0.2685044 0.21980491 1.7056146 1.3736814 -0.14621077
39 -0.19481699 0.2868937 0.35505924 0.02282541 0.10447934 1.552738 1.4853821 -0.2739983
46 -0.8211214 -0.0034276457 1.0439094 0.00763741 0.2993442 -0.91670614 -0.88616896 0.47047958
30 -0.25245485 -0.14002775 0.7952792 0.73220646 0.077179536 -1.047678 -1.1871237 0.736992
43 -0.45092052 0.1657887 0.64840746 -0.41767964 0.34293807 1.5306215 1.4780316 -0.43885314
40 0.14345731 0.5377262 0.30657673 0.095730506 -0.0967069 1.7283754 1.4077003 -0.33822635
