50 8
10 -0.12573454 0.43093827 0.7341851 0.2988293 0.05300606 -1.3965816 -0.04273694 0.052196488
23 -0.25983137 0.19334011 0.73077494 0.2932863 0.028642034 -0.74722147 -0.03395606 -0.02529151
18 -0.25314707 0.37792426 0.6045023 0.35840932 -0.15807326 -1.4933584 -0.06180731 0.08500108
1 -0.14148046 1.2864265 -0.46409377 0.5057149 -0.327939 0.38899133 0.09113353 -0.30569488
6 -0.33565715 0.814572 -0.14692722 0.34904397 0.07609732 -0.5370801 -0.25288656 -0.8919643
36 -0.5193377 0.7313756 -0.51441526 0.65048355 -0.26419216 1.1014123 0.095918775 -0.5855064
16 0.23510613 1.1760334 0.35734215 0.19755962 -0.66017944 -0.41339782 0.08607494 -0.11577681
20 0.123970084 0.5489154 0.7091743 0.25213057 -0.22160383 0.2777077 -0.10821173 -0.08313168
19 -0.30586424 -0.41749 1.2754399 0.3641361 0.0073214388 -1.0523133 0.13554083 0.097676136
17 0.027304923 0.9265117 0.37445948 0.22526617 -0.39163214 -0.7367598 -0.29232717 -0.11183768
26 -0.48722428 0.67203397 -0.056783866 0.30764452 0.05305341 -0.7925769 -0.4349372 -0.71833503
45 -0.06393802 1.2886549 -0.32905796 0.34880266 -0.36352494 -0.21384797 -0.010989909 -0.6864647
15 -0.24832805 0.071039885 1.0613557 0.30920509 0.07374064 -1.3712119 -0.08701159 0.4184901
29 -0.41614825 1.1202958 -0.41916203 0.44030723 -0.5803014 0.023272175 0.08351965 -0.30218455
12 -0.27978817 0.21510503 0.63812864 0.4549594 0.040628675 -1.412266 -0.0042509255 0.06690602
14 -0.5030054 -0.027451336 0.5381685 0.62461007 -0.06450052 1.596531 -0.03345506 0.8597898
24 -0.5395845 0.06467008 0.6296244 0.3008387 0.42713436 -1.2123944 0.06361079 -0.2036702
30 -0.10443203 -0.25916108 1.3307748 0.41725108 0.4637548 -1.0918605 -0.16010953 0.32379997
2 -0.20442426 0.6113825 0.5097823 0.27286193 0.40747952 -1.6114254 -0.22423808 -0.0835894
21 0.07755907 0.060864624 1.3771497 0.34103563 0.30296016 -0.7947868 0.0070161223 0.7733927
25 0.15622734 0.050283305 1.1981608 0.45514852 -0.065903395 -0.03729653 -0.20478344 0.70782876
27 -1.0157229 0.42562392 -0.49914017 0.5232206 -0.09816104 1.3262258 0.16207509 -0.6585546
0 0.1663851 0.0800883 1.1677566 0.5766003 0.58320266 -1.2564259 -0.2555049 0.56021905
4 0.14695443 0.6561996 0.66440207 0.43921992 -0.8553847 0.45855165 0.46289626 0.7746542
13 -0.1746309 -0.21933305 1.1663114 0.45065558 0.18248971 -1.3635027 0.019618027 0.26857233
3 -0.28191057 -0.7371241 1.6522064 0.30559808 0.6170559 -0.7079777 0.040406793 0.09558491
11 -0.31966645 0.28592816 0.45034307 0.6397388 -0.70644045 1.8361568 0.08729057 1.0716016
7 -0.3096014 0.09155611 0.9858274 0.26504666 0.40892515 -1.5993617 -0.10824118 0.1066472
43 -1.1784056 0.48112008 -0.6973809 0.54678434 -0.051102463 1.5325367 0.08582257 -0.89852375
42 -0.43539387 0.9299262 -0.014179887 0.2168966 -0.2391999 -1.2354382 0.044480667 -0.4309308
22 0.12216059 -0.39085904 1.8335009 0.33706018 0.49537593 -0.2382214 0.17767069 0.7987591
9 -0.45676616 1.4226218 -0.71654195 0.47975802 -0.64817744 1.1891801 0.22805734 -0.072441526
28 -0.6329465 0.23781054 -0.0014712765 0.4805381 -0.30334383 1.9503107 -0.05217376 -0.7850344
33 0.1611007 -0.17318456 1.6912097 0.33434945 0.4509368 -0.67742026 0.014738792 0.9125443
32 -0.17874907 -0.45192575 1.4571368 0.3848216 0.6141741 -0.94425315 -0.0044808285 0.3154684
39 -1.0544237 0.7539309 -1.0846015 0.7092629 0.027894337 1.1229292 -0.27491546 -1.111566
35 0.07464893 -0.15571752 1.5719489 0.38831756 0.34385845 -1.3087212 -0.15278973 0.6936455
8 -0.31958976 0.8358009 -0.1815643 0.37355667 -0.7202665 -0.70206517 -0.42397588 -0.855037
31 -1.0663283 0.58447754 -0.99084353 0.73974985 0.17975725 1.0933913 -0.23554786 -1.1651721
44 -0.07045175 1.5533125 -0.3970876 0.30184388 -0.8141289 -0.007971304 -0.18683887 -0.39995372
37 0.03695419 -0.91477305 2.1275978 0.49046037 0.6193366 0.23720448 0.17641383 1.1227096
5 0.35708624 0.48218057 1.219298 0.43231943 -0.49911568 -0.07628414 0.33231592 1.3828757
48 -0.9183981 -0.5880432 0.046113487 0.9019486 0.7211943 1.30175 -0.12876944 -0.46614948
34 -0.8119073 0.32196307 -0.31791112 0.728917 0.3309566 2.2761426 -0.016169973 -0.58803374
38 -1.0551015 0.16502658 -0.31988025 0.58703536 0.46494037 2.3319137 -0.15115546 -0.9234761
41 -0.98453355 -0.26691687 -0.03237758 0.68973225 0.5384915 2.3763404 -0.038535535 -0.9572327
40 -1.2226366 -0.1360606 -0.11568451 0.649036 0.50501484 2.630575 0.20068452 -0.6182909
49 -1.104033 -0.17825636 -0.047408525 0.7354213 0.29144642 2.6972332 0.15602082 -0.67101467
46 -0.6431237 -1.1285208 0.9976343 0.8759418 -0.013443868 2.2688217 0.31215245 0.36161944
47 -1.0378767 -0.020885056 -0.09561492 0.647441 0.2149235 2.8838468 0.22159034 -0.6741529
