50 8
1 0.061919224 0.328588 0.52326703 0.10819473 0.26116326 0.3963365 0.42190528 0.38633034
6 -0.35278678 0.57093817 0.07243644 -0.1627187 0.56191486 0.32736006 -0.74496555 0.9006597
43 0.2156684 0.3748056 0.29732278 0.77326655 0.54696625 -0.16547349 0.04913415 -0.009826231
42 0.020027569 0.32580984 0.26667938 0.16732419 0.7275117 -0.26119307 -0.51707435 0.437774
26 -0.1327549 0.31644562 -0.12244775 0.29055223 0.76863146 -0.11943318 -0.79352283 0.9928251
29 0.12083645 0.6725014 0.28106332 -0.58639413 0.5352429 0.15922624 -0.7764283 0.60569865
41 0.08694484 0.4245966 0.8223877 -0.12151668 0.35701695 0.30616644 0.7918425 -0.06389332
39 0.23426004 0.3536253 -0.11642142 0.9800174 0.5453592 -0.30229023 -1.1932031 0.52134264
31 0.06924011 0.41469297 0.1499765 0.28657737 0.6254551 -0.19547476 -1.036299 0.47743377
25 0.26042688 0.43627343 0.40343097 -0.64652765 0.8072633 0.10164576 -0.38683388 0.4367689
19 0.041675646 0.5878796 -0.20057642 0.29868162 0.71053636 -0.26903602 -1.547189 0.8536495
40 0.22597982 0.5394593 -0.20243736 0.91093576 0.59902847 -0.155574 -1.4688654 0.49000174
7 0.080498256 0.48561522 -0.30084193 0.43642387 0.7361357 0.029532924 -1.3232901 0.92946696
20 -0.3483078 0.3967192 0.44229433 -0.55734736 0.74079317 0.26190782 0.37387645 0.7236454
8 -0.2738137 0.44865248 -0.14257982 0.4434335 0.6803083 0.25783488 -0.92913586 0.8213703
38 -0.2661035 0.79147434 0.89485043 -0.6873617 0.142902 0.58102626 0.9083304 0.16135946
4 0.14336802 0.44869974 1.1366339 -0.5092453 -0.019832144 0.269534 1.1365188 0.15288837
16 0.34919846 0.10158018 0.814649 -0.6864363 0.5013177 0.20475858 0.66011333 0.49234483
46 0.008230131 0.48809263 0.68688506 -0.70577 0.80437815 -0.24529041 -0.3566795 0.19148369
18 0.28268555 0.25877905 -0.13118827 1.2607456 0.49960402 -0.32876587 -1.3148515 0.4865071
44 0.04600488 0.06466596 -0.19201714 0.7800728 0.7565237 0.28566578 -0.70646924 0.8334743
48 -0.04257622 0.3507585 0.32814336 -0.2616127 0.4942008 0.33563188 0.01827635 0.72986484
13 0.02962679 0.50137806 -0.29603544 1.2124591 0.44218224 0.03728818 -1.2471793 0.65259284
23 0.34816024 0.42844108 0.10272802 0.4276309 0.55438757 -0.27074832 -1.4589901 0.4828021
10 -0.5026643 0.6881223 -0.040839262 0.055837594 0.42629603 0.4640386 0.078059435 1.0342001
34 0.25777987 0.04495178 1.3587483 -0.22848983 -0.0044432585 0.09222944 1.2723931 0.008888539
36 -0.28463885 0.19994135 1.2509942 -0.68047184 0.22928958 0.40645427 1.1677141 0.23727733
49 -0.04777412 0.22428335 1.0700725 -0.31979382 0.27165505 0.30366084 1.5076138 0.16182151
27 0.10905122 0.23106946 0.7398354 -0.8101276 0.56044215 0.41599342 1.0128522 0.61307734
24 0.152319 0.60835665 0.07419335 0.330835 0.36160192 -0.004280745 -1.5440369 0.5618035
45 -0.22151545 0.43743902 0.97034174 -0.56790626 0.44609985 0.44161 1.0322417 0.14341469
0 0.26581284 0.39217588 0.063595705 0.8797518 0.38771927 -0.14452894 -1.6047877 0.4014687
5 0.4735358 0.27080858 1.2911345 0.10855039 -0.5267792 0.15985708 1.4062248 0.08018439
17 0.07246208 0.38461962 1.0290158 0.02402028 0.13599218 -0.0031189444 0.9478022 -0.10867052
11 0.72792333 -0.053089038 1.5188347 0.33541122 -0.5819911 0.16847445 1.3007274 -0.20442656
28 -0.29763103 0.4696533 0.9309157 -0.5479589 0.2024076 0.5813138 1.3305573 0.39241475
30 0.4436084 0.11723787 0.58863354 1.7712064 -0.08817181 -0.61545056 -0.070923425 -0.3118721
15 -0.13780269 0.5497734 -0.29921606 0.5587841 0.8337559 -0.16315527 -1.3852291 0.8224122
3 0.15940547 0.62457573 -0.16928297 0.41602144 0.35997146 -0.09549394 -1.6172961 0.9057671
47 0.5148491 -0.1597813 1.289974 0.8684492 -0.33603144 0.3690191 1.5505071 -0.26274124
9 0.42090315 0.11263345 1.5269039 -0.27471048 -0.35266343 0.37758392 1.554334 -0.033657473
21 0.29213235 0.5611255 0.4935679 0.9260092 -0.7483965 0.3310183 -1.0550523 0.3518097
12 -0.010616512 0.8386964 -0.3788399 0.5040327 0.5200105 -0.116605274 -1.7611496 0.8902454
14 0.5929474 0.10578701 1.3443834 0.34987798 -0.58270264 0.41767165 1.4457735 -0.06367818
2 0.3737846 0.6915597 0.34671295 0.3051636 0.18524182 -0.11933374 -1.7550234 0.1560757
22 0.7565026 0.110825256 1.302238 1.0985547 -0.6366431 0.08524374 0.30878276 -0.6923155
37 0.96447045 -0.53622955 1.2787832 1.1370572 -0.61672664 -0.4603106 1.1446482 0.054501563
33 0.78578675 -0.2697603 1.4098971 1.1469882 -0.6025161 0.0062236874 1.522733 -0.33939865
35 1.1549827 -0.164988 1.4072046 1.4011129 -0.978784 -0.4341319 1.2213812 -0.3970756
32 0.6429865 0.09713436 0.7088621 1.7697061 -0.43775114 -0.27169323 0.41419095 -0.2943229
