50 8
20 -0.09085159 0.031474706 0.5068038 0.013966315 0.42666423 0.04757842 -0.19588645 0.7133901
6 -0.6158188 -0.12704214 0.28762576 -0.24912448 1.0860233 0.6508639 0.38194257 0.24717596
49 -0.1896083 -0.11994912 1.0424656 -0.19602777 0.19750792 0.97255635 0.82766354 -0.26650947
18 0.066352904 0.26037818 -0.15860546 0.31731316 0.6788877 -0.27892575 -1.2116528 1.1452762
26 -0.4848689 -0.38703236 0.05758522 0.15960063 1.0063121 -0.025853064 -0.1541161 0.9854285
43 -0.26289046 -0.46653542 0.6836918 -0.5564654 1.1328126 0.84743875 0.7817857 -0.2489758
46 -0.19285911 -0.335212 0.7741316 -0.57461894 0.9705892 0.8211871 0.5158874 -0.44732162
16 0.055256575 -0.4110904 0.50237817 -0.2817158 0.74178064 0.33355242 0.047084987 0.47451335
17 -0.7351136 -0.036116056 0.42136565 -0.06841127 0.89322484 0.71790403 0.64631647 0.24931657
27 -0.20664038 -0.22272784 0.7076327 -0.43277347 0.89445645 0.93524647 0.7632761 -0.34902766
28 -0.81887966 0.03503984 0.6400065 -0.29558158 0.8130284 0.9879622 0.8169637 -0.08196922
40 -0.20567353 -0.52913404 0.16026172 -0.206725 1.3386327 0.8298182 0.5176196 -0.1999615
19 0.35626677 0.42600253 0.05130191 0.64645535 0.38519078 -0.48184168 -1.0321418 0.9063866
1 -0.39864758 -0.07161786 0.4749412 0.3003 0.67693216 0.7948566 0.6145714 -0.4462691
24 0.41791573 0.4354405 0.05396068 0.69899166 0.2732812 -0.5398092 -1.3985481 0.9340224
48 -0.3891491 -0.43946853 0.5771368 -0.4139528 1.1061611 1.0887265 0.8440916 -0.33575785
4 0.26961038 0.32320726 1.2714456 0.18164732 -0.27720952 0.94133353 0.94293773 -0.77969867
36 -0.17970999 0.114767894 0.99579877 0.109558016 0.15524983 1.019077 1.0221025 -0.52390665
34 0.5895268 -0.28210586 1.1754388 -0.14915451 0.21231319 0.51423264 0.5910762 -0.55902505
25 1.0416284 -0.2335358 0.41213658 0.5393526 0.13560793 -0.18516938 -0.80662954 0.24092779
44 -0.20781723 -0.7651221 0.6535556 -0.46363822 1.1113592 0.6883983 0.6836425 -0.05063991
41 -0.07033578 -0.051123235 0.9975398 0.34894642 0.15212429 1.0402826 1.0718904 -0.97069246
8 -0.5854755 -0.44355097 -0.06195073 0.045610204 1.172796 0.17363271 -0.15643892 0.9301316
14 1.196242 0.5110024 1.0823408 0.6965284 -0.7204795 0.105839446 -0.4806809 -0.4181511
45 -0.6301178 -0.51958287 0.36822253 -0.34672952 1.3008785 0.3191135 0.3183819 0.42773446
23 0.7992921 0.45639533 0.3070291 0.8936479 0.009541429 0.0032671967 -0.8842828 -0.3508897
29 -0.26879102 -0.2450501 0.30437753 -0.12837368 0.9953954 0.12392609 -0.3611035 0.23908773
21 0.6343536 0.94511855 0.21051253 1.3128896 -0.4884735 -0.26734513 -1.208477 0.627817
31 -0.70842904 -0.34033233 0.12281407 -0.28423303 1.4048488 0.9601141 0.44224593 -0.06258342
42 -0.8494708 -0.2871811 0.4024304 -0.3654262 1.2981869 0.6432343 0.4306506 0.078960076
38 0.143728 -0.25908545 1.1758513 0.15686129 0.20834799 0.87911725 0.981554 -1.1180143
37 1.0895433 0.30939388 0.32405967 1.2019007 -0.2672 -0.62386316 -0.95750237 0.69314075
39 -0.64678305 -0.074312516 0.5203376 0.12818778 0.78986794 1.1113123 0.903338 -0.54180163
13 0.82115334 0.6473582 0.06360163 0.8921697 0.17211168 -0.57936966 -1.404626 0.70930696
10 -0.5140603 0.7943388 -0.17155564 0.79098034 0.3455033 0.019207412 -0.37415227 1.2483346
30 0.1312635 0.32176346 -0.1592094 0.951151 0.5977846 -0.45750728 -1.396488 0.36347988
47 -0.5868769 -0.535013 0.57246965 -0.13346584 1.0085837 1.1503742 1.0126817 -0.4519666
33 1.1491482 0.50957173 0.2723814 1.5888592 -0.43915305 -0.5195017 -1.2742015 0.22694308
32 1.0296487 0.48880652 0.35593954 1.4515599 -0.48786846 -0.508641 -1.1931599 0.37221527
2 0.99451923 0.6069543 0.5904855 1.1083268 -0.57959825 -0.18369904 -1.0468372 0.08116443
3 0.79317325 0.6422475 0.36495927 1.3125948 -0.30004084 -0.6605427 -1.2427711 0.43665048
7 0.020919697 0.29337186 -0.013966889 0.6319818 0.38227952 -0.61559546 -0.706417 1.7731549
9 0.86893 0.012310121 1.4792958 0.28208268 -0.68616974 0.45901945 0.50253487 -0.45701426
12 -0.2511185 0.48590717 -0.3489568 1.1794387 0.5888985 -0.41678372 -0.9686559 0.7613145
15 -0.40879798 0.9009765 0.063717544 0.5968663 0.13946973 -0.06392405 -0.6709591 1.357184
35 1.3868347 0.36003494 0.61502683 1.2805767 -0.5514837 -0.3325699 -0.81616205 -0.058667425
11 1.0873287 0.4065842 0.99562454 0.64039665 -0.6358248 0.44562194 -0.46196294 -0.78272337
0 0.9991354 0.45494625 0.10715826 0.9747372 0.08608591 -0.73627216 -1.8171463 0.69435287
22 1.1578765 0.35391477 0.34137666 1.4590659 -0.4544022 -0.5797997 -1.1092722 0.3566827
5 0.23776312 1.1079631 0.7052369 0.97029054 -0.71499985 0.45738018 -0.21800336 -0.07552781
