50 8
23 0.15490629 -0.18814926 0.4385341 0.14044507 0.58899593 0.32319602 -0.20119402 -0.12794536
42 -0.5463582 0.147976 0.82447773 -0.490983 0.66979676 0.8889707 0.4406055 0.2128947
28 -0.3479567 0.24253446 0.88125455 -0.30612737 0.10662466 1.2835857 0.7957126 -0.07733082
27 -0.098308064 0.2270496 0.8932596 -0.48687813 0.2789849 1.209566 0.748738 -0.18409853
6 -0.64687407 0.099072 0.84539974 -0.4685562 0.7133246 0.64447176 0.29178783 0.38234624
31 -0.4359524 -0.027739549 0.7833951 -0.53828996 0.71867347 0.91726285 0.29342228 0.17074038
43 -0.25463554 0.1673093 0.9120763 -0.4978316 0.4103184 1.1259934 0.6562786 -0.09156874
4 0.1914604 0.12764849 0.9132555 -0.28248787 -0.16389205 1.080666 0.47376955 -0.46498775
17 -0.4242137 0.044182625 0.77056086 -0.2874548 0.5233634 0.62058824 0.3816162 0.34427854
41 0.14521973 0.076304674 0.8999846 -0.3574237 0.0024666071 1.3801398 0.67375344 -0.573558
40 -0.6114847 0.01098418 0.28615376 0.17060544 0.6658518 0.7084487 -0.17022063 0.57468355
19 0.5575252 0.14067115 0.28052044 0.9166673 0.31055972 -1.0014008 -0.9188585 0.54147
34 0.4069498 -0.15181832 0.9058242 -0.59727794 0.12338819 1.2272762 0.49155924 -0.6866336
46 0.13089171 0.15501922 0.69955224 0.2036499 -0.4827372 0.87329996 0.28857693 -0.3157469
36 0.08075149 0.0042666513 1.0545388 -0.52038664 -0.051923864 1.2531528 0.6437524 -0.7817215
24 0.082898304 0.21606861 0.19405629 0.9692343 0.51703465 -0.90440553 -0.82662684 0.84974927
1 -0.040551823 0.13786194 0.89258343 -0.34377185 0.20155516 1.1496707 0.6936374 -0.36756164
16 0.15927961 -0.12567517 0.816799 -0.30684417 0.005399725 0.77605903 0.10721649 -0.2426342
45 -0.20272352 0.033129156 0.901965 -0.5842132 0.5406109 1.1513296 0.47837117 -0.3402006
39 -0.30429253 -0.09909779 0.90857095 -0.61467147 0.6482401 1.0508963 0.44652355 -0.18905734
20 -0.53942466 0.1273576 0.79104996 -0.39117783 0.52609396 1.0984447 0.6405635 0.20707792
8 -0.8208177 0.03520495 0.31169716 0.35776418 0.98340225 -0.13563251 -0.52019733 0.9451798
15 0.27917472 0.2599616 0.2502146 1.0047494 0.24563892 -0.878037 -0.7143197 0.78948754
29 -0.3686848 -0.2488724 0.4290532 0.021608517 1.1171293 0.022126703 -0.41244918 0.48771787
7 0.49956372 0.18424246 0.14958838 1.1520679 0.29442874 -1.1345235 -1.0281353 0.9298992
49 0.23360246 0.060843356 0.83317626 -0.23043358 -0.22320546 1.3965875 0.5422049 -0.699594
38 -0.060954433 -0.05445249 0.88500506 -0.5468728 0.32193613 1.3875123 0.6886938 -0.4397677
26 -0.7679476 0.05162593 0.50972843 0.43094054 0.7410064 -0.21900031 -0.14866363 0.7346178
47 -0.06490933 0.10410943 0.76093614 -0.22090302 -0.03062352 1.6154519 0.7417472 -0.4806494
44 -0.18651038 -0.25645304 0.8674986 -0.5998273 0.5713983 1.1234889 0.44675815 -0.24484448
48 -0.123375416 0.015973888 0.7789939 -0.4685043 0.3237639 1.3951794 0.53757614 -0.2177808
2 0.83702064 0.1210413 0.03539001 1.4881066 -0.22976436 -1.0270369 -1.3032445 0.5502372
18 0.70765156 0.036325153 0.023393225 1.4080594 0.35971588 -1.4259458 -1.2951125 0.8467565
25 1.3380312 -0.040843077 -0.02008416 1.1737119 -0.21124606 -0.56849575 -1.1981705 -0.106898524
12 -0.03451674 0.12635644 0.12956971 1.1211345 0.6467925 -0.9931958 -1.0002296 0.7199972
11 0.418449 -0.021618038 0.8406137 -0.18856117 -0.56570244 1.3762052 0.4108132 -0.6521336
3 1.0078264 -0.09444449 0.086648606 1.4328104 -0.0974663 -1.2741742 -1.5414704 0.37560433
33 1.1374218 -0.08226608 -0.10387448 2.050828 -0.4859464 -1.014835 -1.3927486 0.04478547
0 0.6874398 -0.073218666 -0.17821258 1.903164 0.25280622 -1.3289496 -1.5903956 0.6688889
5 0.5903683 0.33963758 0.68921345 0.25158632 -0.7941191 0.95964235 0.4147011 -0.4998752
13 0.8091927 0.003618203 0.048936997 1.3724622 0.26599804 -1.1789689 -1.3557429 0.59660226
14 1.5458587 0.21703473 0.1170736 1.1463239 -1.159987 0.46200147 -0.37416822 -0.72693145
35 1.2806119 0.022275012 0.1061539 1.8314999 -0.5490112 -1.4264163 -1.4657806 0.17999235
10 -0.6075825 0.19189635 0.38618666 0.6554824 0.3434438 -0.12709703 -0.26168737 0.8305044
21 0.98200583 -0.08452379 -0.026095845 1.7245094 -0.3178455 -1.2688444 -1.6498309 0.31833646
9 0.8936955 -0.040112715 0.8351182 0.16852942 -1.2733688 1.2522845 0.4520581 -0.9292508
30 0.78320843 0.09257285 0.034650825 1.6280936 0.19535942 -1.5016575 -1.4309826 0.472786
32 1.2384771 -0.04103279 -0.07314744 1.8857815 -0.327152 -1.358768 -1.6205702 0.30218998
37 1.2483479 -0.14280851 0.029987527 1.9303195 -0.60974914 -1.3632426 -1.4437623 0.31953418
22 1.2615525 -0.2537244 -0.011552965 1.8982261 -0.51140773 -1.3900483 -1.859584 0.079972155
