50 8
43 0.60070354 1.0936176 -0.18787806 0.4692662 -0.71096015 -0.38299468 0.15790327 -0.749387
1 0.23414958 0.88052326 0.1393048 0.2672793 -0.53841275 -0.3293097 -0.042293318 -0.49584845
31 0.33767185 0.7860907 0.06828185 0.63289976 -0.27603197 -0.81920713 0.06343265 -0.707241
29 0.41458693 0.6381345 -0.57653266 0.88593024 -0.5482225 -0.11993697 0.12103084 0.016132819
36 0.13159876 0.84940714 -0.03756306 0.65789616 -0.9791747 -0.021167219 0.053917635 -0.9082754
27 0.08013837 0.89665455 0.026493391 0.650726 -1.0126113 0.24404812 -0.20141488 -0.93294865
45 0.2965156 1.0053935 -0.17813131 0.5274645 -0.75494653 -0.6891984 0.017012328 -1.097495
38 0.12138756 1.057338 0.057350803 0.41752657 -0.5807671 0.012964861 -0.139697 -0.8978908
49 -0.61373806 0.32635638 1.0263126 0.12673159 -0.6444124 0.19456334 -0.2197474 -0.13083376
28 0.21025163 0.71011543 0.4434767 0.16675058 -0.63284767 -0.94919634 -0.007773881 -0.6770052
9 0.14000493 0.62489617 -0.32746968 0.59171176 -0.7393101 0.88498235 0.11027264 0.5124896
16 0.10642384 0.8554449 0.60569245 -0.23402739 -0.65055245 -0.67076665 0.042714793 -0.5359293
17 -0.062671006 0.63943493 0.6869676 0.07938415 -0.5195103 -0.8141235 -0.15715048 -0.6690428
26 0.0804997 0.65954494 0.27975962 0.27790537 -0.26613414 -1.325341 -0.19642298 -0.5934201
48 0.20368795 0.94322383 0.05727616 0.6153263 -0.70093745 0.04081004 0.015759772 -0.8732238
44 0.36717954 0.7729151 0.06979169 0.5699165 -0.9878594 -0.6710539 -0.09225417 -0.96140665
25 0.5481475 0.9357071 -0.277718 0.34601134 -0.555183 0.52288955 -0.07805581 0.29123622
41 0.4126796 0.9600511 -0.019388918 0.67247057 -0.5435589 -0.58134806 0.042048484 -1.0048789
34 0.15443467 1.0091145 -0.031224363 0.8243744 -0.5063348 0.71310943 -0.17324059 -0.78560466
47 -0.21191722 0.8701791 0.6697905 0.0058102217 -0.69580084 0.42027062 -0.26701692 -0.5564734
21 -0.54644006 0.085853234 -0.0068781395 0.30812958 0.42630413 0.31226334 -0.05272624 2.0981183
39 0.573178 1.1418658 -0.21186034 0.47404042 -0.41945332 0.05832492 0.075428754 -0.5119084
4 0.44224715 0.9122839 -0.2457809 0.7439095 -0.8920089 -0.31296846 0.05280484 -0.8698022
14 0.12094522 0.6063836 -0.22210124 0.5089935 -0.5750035 1.2664176 -0.0100633735 0.8766805
33 -0.5996388 0.344693 0.45767912 0.08314609 0.60506237 0.51528776 -0.0567245 1.6738805
20 0.55154103 0.7753825 -0.095918015 0.7763632 -0.53238994 -0.43338555 0.060543124 -0.5370493
32 -0.7876167 0.2764068 0.40722543 0.30600733 0.8725285 0.6274801 -0.062518775 1.6889694
6 0.44386274 0.8339021 0.23717745 0.35720485 -0.7454013 -1.1493826 -0.022492522 -0.99509287
19 -1.0382749 -0.06172273 0.80875224 0.01867797 0.45148808 0.1782497 -0.097477295 1.779719
13 -0.00902308 0.12431476 -0.6719739 1.1143347 0.17463164 0.5809299 0.41396335 1.6211289
22 -0.8199967 0.21631305 0.4565634 0.16116318 0.9661975 0.5954041 -0.05864653 2.0405607
37 -0.5272793 0.11296031 0.19172359 0.4248217 0.30111736 0.80431014 0.221014 1.8915693
0 -1.0417888 -0.026488855 0.91950923 -0.24317509 0.75023913 -0.3499046 0.03754755 1.7286806
23 -1.2089304 0.015881352 1.1007465 -0.55947495 -0.02723916 -0.41266727 -0.052823257 1.1456192
8 0.099240996 0.47209883 -0.07648035 0.56929153 -0.02211533 -1.6828969 -0.00185819 -0.38965097
24 -1.0975633 -0.0018277677 0.4202155 0.15063454 0.60734105 0.28521353 0.0059556826 1.9160147
46 -1.1675767 -0.06345208 0.9243299 -0.212143 0.5166676 -0.24006031 -0.08933555 1.5526584
7 -0.18557578 0.12908088 -0.21106583 0.18034388 -0.075749114 -1.0934371 0.1919739 1.2189318
40 0.38897842 1.1090493 0.24031915 0.30106333 -0.16127034 -0.62210417 0.17027213 -0.88942033
15 -1.0559523 -0.284944 1.0583943 -0.034228034 0.11638464 -0.4910489 0.02977348 1.294486
10 0.8844358 0.7719068 -0.46068028 0.5809939 -0.3401271 -0.8792786 0.31593442 0.021572344
18 -0.89266956 -0.06793147 0.8773109 -0.13208272 0.8282405 -0.70728326 0.21783365 1.7532774
11 -0.062688924 0.47309762 0.09193138 0.4672771 -0.5921232 1.622504 -0.10954495 1.0830171
42 -1.2910786 0.07102156 0.72013396 -0.24344173 0.6771714 -0.37149993 -0.07889591 1.4481033
2 -0.9091046 -0.02882051 0.7911272 0.09717092 0.9175539 -0.37401232 0.0052195936 1.5255553
12 -0.38949865 -0.1184368 -0.035868146 0.4400974 0.47467834 -0.43184265 0.2145065 2.0306354
3 -0.62199175 0.015853254 0.4981863 -0.014577205 0.74707633 -0.056905054 -0.047541305 2.2774122
35 -0.7739475 0.12801687 0.44198236 0.33085412 0.9221591 0.33374223 0.035577152 1.7913597
30 -0.3138611 0.6386189 0.58082324 -0.2833194 0.7782268 -0.48228782 0.070707455 0.86233425
5 -0.3579895 0.14778858 0.3775264 0.68761504 -0.9535757 0.7003776 -0.13880403 0.23933917
