50 8
23 -0.5017216 0.48372766 0.4258008 0.13573812 -0.6908298 -0.42660514 0.11922567 -0.8226588
24 -0.6029544 0.20023222 0.5013705 0.49647683 -0.5371151 -0.28596967 0.22976993 -0.7037845
19 0.27992168 -0.1675773 1.178457 0.40471905 -0.6718204 -0.15500572 -0.19684981 -0.16303426
39 -0.17571864 0.7999763 -0.006816991 0.57307386 0.015393429 -0.4655892 -0.48739925 0.06251151
43 -0.70638335 0.24811107 0.41619277 0.24069104 -1.0411522 -0.31069738 0.5270479 -0.9318886
31 0.5703724 -0.2415666 1.0931277 0.61788636 -0.5758001 -0.4656397 -0.7472544 0.44176292
42 0.18125845 -0.32125476 1.1601926 0.23964724 -1.2202579 -0.49739963 -0.17728947 -0.34233275
17 -0.4923755 0.17817703 0.7897913 0.14008515 -0.7227613 -0.46691883 0.06688646 -0.7682089
45 0.06060445 -0.23856258 1.1411955 0.16411205 -1.2116579 -0.4464515 0.044787772 -0.6036584
25 0.24556711 0.7721162 0.20110509 0.24825212 -0.5038128 -0.07576429 -0.33048797 0.300422
46 -0.16561595 -0.17803566 1.0672024 0.09625552 -1.1953529 -0.5359572 0.29292157 -0.76901793
28 -0.028671158 0.25386336 0.74472463 -0.0018779353 -0.9150192 -0.7919551 -0.078365475 -0.62219864
1 -0.46118316 0.8304904 0.41221482 -0.046067905 -0.48973733 -0.1932459 0.8058451 -1.0466458
5 -0.14690544 0.21327701 1.1606616 0.19815493 -0.37938896 0.5494188 1.1825942 -0.065864734
11 -0.47153518 0.23095694 0.82043314 0.11925524 -0.90792996 0.26536775 1.0887663 -0.47722054
49 -0.6428143 0.23467912 0.5917602 0.24324064 -0.91000414 -0.062025864 0.7323825 -0.8800095
26 0.15765978 -0.06268288 0.5264935 0.7569063 -0.5841317 -0.7376227 -1.1204094 0.14228587
16 -0.11143588 0.5998636 0.44968095 -0.17571104 -1.0728053 -0.5690634 0.39669067 -0.74181384
20 -0.19590102 0.28974712 0.6225129 -0.06964536 -1.1469715 -0.68430555 0.30823007 -0.9004942
4 -0.93289167 0.79250866 -0.16361095 0.44547635 -0.5233715 -0.08685936 0.8828628 -0.9394581
15 -0.009413128 -0.30681145 1.2494435 0.30892134 -0.8572024 -0.2977537 0.48272374 -0.2473026
41 -0.65862674 1.5162506 -0.4821558 0.38413095 0.28746542 0.025461303 0.4184609 -0.54656804
2 0.4768842 0.72612655 0.4901439 0.708106 0.40169927 0.251356 -0.37270916 1.2092427
34 -0.754538 1.5443993 -0.516419 0.4735035 0.47405103 0.083505206 0.25479168 -0.37397948
35 -0.30450696 1.2967188 -0.16203931 0.9558401 1.0741355 0.5339428 -0.08953171 1.0237507
32 -0.07204221 1.3346491 -0.09653537 0.9526037 1.1148714 0.646281 -0.055902917 1.2369572
6 -0.05726221 -0.3024744 0.5460188 0.7992201 -0.9870899 -0.6817311 -0.5768454 -0.09857894
29 0.25521815 0.27894205 0.15779302 0.4384389 -1.0424984 -0.9371069 -0.7262018 -0.01147549
9 -0.81804216 1.374525 -0.20551307 0.28551438 0.20379548 0.2227637 0.9555591 -0.57684773
27 -1.1319593 0.7351427 -0.28300446 0.48328298 -0.5529621 -0.47941396 -0.028962055 -1.1180333
12 0.5958984 0.91222364 0.41232058 0.6801576 0.57359385 0.21867631 -0.27039453 1.1342454
30 0.7204915 0.9869022 0.16404045 0.7080594 0.4555162 -0.14143623 -1.1147424 0.9862558
10 0.4574341 0.28157377 0.89483434 0.16677703 -0.596298 -0.28513074 0.36134756 -0.24549821
44 0.3559727 0.066202074 0.563734 0.39790788 -1.0369503 -0.67442155 -0.8075065 0.19901618
14 -0.44468635 1.4408991 -0.18185553 0.50431484 0.48995975 0.6691763 0.84320796 -0.051282406
36 -0.9841504 1.123629 -0.40765858 0.50150454 -0.121208236 0.037341185 0.5702088 -0.75170493
0 0.9314998 0.46355042 1.159617 0.39961416 0.2211385 0.49525166 -0.12434715 1.1183022
18 0.7111684 0.36322987 0.6672397 0.7331195 -0.061592415 -0.12773629 -1.2580508 1.2686085
21 0.12409581 1.3336644 0.16292658 0.8183895 1.1835176 0.8342617 -0.1178386 1.2928727
3 0.7005367 0.54533553 1.2068894 0.42432478 0.44923502 0.7377958 0.15347305 1.0465366
40 0.009982488 1.3159481 -0.19888702 0.55617166 0.67016935 -0.47100282 -1.2586094 0.33500463
7 0.5320491 0.50566924 0.41935518 1.0706285 0.5983956 -0.07387573 -1.1070455 1.3032575
13 0.519694 0.32185316 0.33074793 1.2555709 0.34827518 0.002042109 -0.70320606 1.563299
38 -0.8080719 1.418662 -0.5389678 0.6418309 0.30437428 0.2951959 0.4860876 -0.36835384
33 0.19713946 1.5924426 0.21314283 0.40522078 1.1318885 0.72870654 0.26652974 1.0575557
47 -1.0334959 1.171964 -0.3442141 0.55276775 0.14587332 0.13737114 0.5327447 -0.6581963
37 0.8645693 0.38269365 1.3558255 0.37071082 0.23010337 0.5501803 0.058260057 0.6906936
8 0.3661524 -0.006167417 0.38723215 0.59938574 -1.0223348 -0.9367826 -1.1493491 0.23920941
48 -0.5802965 1.5075746 -0.67344517 0.7857011 0.56173825 0.34339336 0.08078304 0.10179044
22 0.5651066 0.74160534 0.7085895 0.878342 0.8502877 0.64796644 0.0577889 1.5030303
