50 8
9 0.8784314 0.118906066 0.7095719 0.8562827 0.29265758 -0.07668584 -0.3395307 0.0392845
10 0.18612494 0.44835722 -0.16015406 1.1703198 -0.20577767 -0.5846337 0.004009231 1.0003072
12 0.37675753 0.9529685 0.21240708 0.82848954 0.41645625 -0.14667796 0.4782805 -0.0685981
48 -0.84814537 -0.19505002 0.3539529 -0.5850023 0.14690779 0.873056 0.60050213 0.4265547
29 0.7407794 0.11250364 0.25516903 1.0984554 0.5137719 -0.16408728 -0.43872702 0.3585195
17 -1.0174766 -0.04786773 0.46193165 -0.4772093 0.021707285 0.6946222 0.7710534 0.21973434
34 0.49029058 0.12813598 0.82695407 -0.33953017 0.8344483 0.6058847 0.46739265 -0.25745517
4 -0.4790325 -0.601623 0.8422365 -0.44073516 0.44018805 1.27832 0.11483129 -0.23582804
14 1.0670506 0.44125292 0.36427292 1.2623426 0.4847741 -0.13336524 -0.37123564 0.17598262
7 0.44630316 0.77578765 -0.08523396 0.9751997 0.115046084 -0.44483578 0.46772072 0.58203876
1 0.8388899 0.59899414 0.54193676 0.30398306 0.7533984 0.16485697 0.48783416 -0.22528222
38 -0.68202955 -0.35960135 0.8870686 -0.46293786 0.21738735 1.1189424 0.38755688 -0.29609656
5 1.0882425 0.59459776 0.1861479 1.2459351 0.32821172 -0.3825844 0.050950788 0.4087989
30 -0.3794284 0.75298214 0.048087627 0.72743523 -0.23955154 -0.896322 0.8647205 0.6780633
21 0.7785195 0.70886296 0.08426573 1.5659267 0.054826014 -0.52850217 -0.28233042 0.5643062
27 -0.33732316 -0.364848 0.689488 -0.69415605 0.50702435 1.0530813 0.60963756 -0.05025547
41 -0.9742533 -0.6084292 0.61900467 -0.6796814 0.29927573 1.18795 0.5764165 0.050105244
35 0.75445646 0.5768864 0.282406 1.3787934 0.08645761 -0.93351585 -0.30585945 0.827473
20 -0.56834906 -1.3073292 0.7610612 -0.023346541 0.13270287 0.62858963 -0.42638963 0.33833978
43 -0.9609159 0.23192999 0.15904371 -0.7582198 0.38907537 1.0308667 1.3008659 0.15974936
23 1.0005482 0.5248988 0.26594958 1.6668352 0.25192654 -0.6165807 -0.6429485 0.5464493
3 0.80605406 0.5242699 0.34282207 1.4865257 0.047584455 -0.8200436 -0.3352278 0.57895535
32 0.5780406 0.21421123 0.18037787 1.3362483 -0.060442083 -0.84806824 -0.4455428 0.9750119
28 -1.0207949 -0.32859793 0.70573694 -0.9386207 0.4389091 1.3583361 0.7655177 -0.08094702
2 1.0406556 0.7233287 0.27889135 1.569875 0.109800205 -0.49225608 -0.29457378 0.36443976
36 -0.8793335 0.37395942 0.37653315 -0.7094506 0.18816707 0.7434536 1.2248544 0.2051829
45 -0.91901296 -0.33905104 0.714334 -0.63730264 0.36954418 1.2578558 0.625415 -0.20952308
33 0.8189478 0.45832422 0.13151476 1.5991291 0.09931914 -0.80973953 -0.23638456 0.6672942
19 0.8992094 0.71891224 0.27778307 1.5893991 0.19816342 -0.5348594 -0.40771824 0.37579456
49 -0.42082793 0.12830004 0.6514647 -0.67202115 0.5828373 1.2502627 0.7027979 -0.25888297
13 0.5916782 0.5128046 -0.035662822 1.4264522 0.0798956 -0.79614174 -0.18636478 0.9441933
15 0.7388897 0.52992135 0.4510429 1.3392369 -0.012409788 -0.9308106 -0.3603757 0.70098466
0 0.9966841 0.29193366 0.3364973 1.2849065 0.27362308 -0.6919853 -0.49454543 0.735228
22 0.79372865 -0.41927668 0.58817613 1.4410417 0.074316874 -0.7233166 -1.0078983 0.74068254
24 1.1356863 0.692821 0.11394773 1.5320746 0.2585573 -0.63106847 -0.31080702 0.6454316
8 -1.333734 -0.34969288 0.5626728 -0.6993221 -0.33396947 0.2705324 0.8625893 0.708137
39 -1.1002802 0.32284123 0.16178618 -0.68079984 0.19209535 1.2112207 1.4180515 0.040864848
40 -0.91623193 0.32122296 0.32753867 -0.6378379 0.30035985 1.0705675 1.3021039 -0.07345209
25 0.8644934 -0.586561 0.29629242 1.1028253 0.4086999 0.04843001 -0.93493325 0.65759474
31 -1.1164235 -0.18293035 0.3742987 -0.89829636 0.18071927 1.1190597 0.9744559 0.36981565
37 0.7956495 -0.49491295 0.39616236 1.4404416 0.16389532 -0.6446124 -0.99610215 0.8828394
42 -1.3118062 -0.22241434 0.45059755 -0.84929574 0.10819143 0.657484 1.042123 0.45994803
44 -1.1484336 -0.69474226 0.84675217 -0.9694093 0.3630036 1.0587065 0.6633742 0.068198144
6 -1.4629579 -0.89961314 0.79753304 -0.77955794 0.03208236 0.71765274 0.5130113 0.3140825
46 -0.846648 -0.6359063 1.1371626 -0.91191304 0.30103406 0.7654309 0.36259973 0.059808865
16 -0.95672697 -1.2264775 0.29218313 -0.23980203 0.2592649 0.9874809 -0.25347257 0.61687344
18 -0.7551808 -0.6272123 -0.16765837 1.1533737 -0.47351176 -0.011627389 -0.5919973 1.0062246
26 -1.3075964 -0.13605215 0.5161947 -0.6474756 -0.40868726 0.15390328 1.1539288 0.64519536
47 -1.044399 -0.09706385 0.7259552 -0.9479026 0.41859713 1.3855501 1.0006179 -0.25130582
11 0.28206792 -0.884552 0.6931516 0.4181788 0.67808485 1.1402649 -1.1453258 -0.11005407
