50 8
1 -0.43106145 0.9513695 0.006940336 0.5239978 -0.7145153 0.3113579 0.31501317 -0.124226935
43 -0.6226382 0.4743908 -0.4152688 0.55991346 0.40420848 -0.7693074 0.8590822 0.17287306
36 -0.6183757 0.81626034 0.069382526 0.4785714 -0.2932477 0.6870743 0.1953825 -0.2014311
26 -0.8311362 -0.055763703 -0.008756383 0.49808466 0.7570409 -1.175496 0.0081253955 0.034571026
17 -0.77862686 0.91422117 -0.089281544 0.4570461 -0.40354368 0.43442446 0.3048232 -0.31759718
14 0.13423955 1.1330563 0.38277012 0.025167258 -0.43280622 1.3117328 0.21398748 0.5738305
27 -1.0043762 0.76244545 -0.024940459 0.64675385 -1.0983504 0.23119994 0.013754735 -0.49922794
42 -0.4922365 0.77148664 -0.15833208 0.58786607 -0.6221185 -0.72779757 0.20607732 -0.09673727
24 -0.454686 0.17769478 0.36985445 0.10728089 1.1885724 0.25882387 0.118213974 0.42808414
41 -0.21919727 0.8828493 0.39360055 0.5352328 -1.0316805 -0.009438194 -0.1488742 -0.19956023
34 -0.1658878 0.9213793 0.68794036 0.21591057 -0.9839965 0.85645205 -0.31976306 -0.022358106
29 -0.27717537 0.8105369 0.22922131 0.4263245 -1.0894411 -0.55787057 0.17133155 -0.054664187
28 -0.31727833 0.73849195 0.4207138 0.5840992 -1.1411816 -0.29106516 0.078016 -0.26318806
13 -0.355681 -0.24440035 0.5462712 -0.027716298 1.4281507 -0.6017617 -0.15952921 0.874698
39 -0.66563106 0.18205923 -0.017474001 0.4760852 0.6102979 -1.0656202 0.09151363 0.012931026
40 -0.49892318 -0.04026685 0.22186181 -0.12362204 1.8462483 -0.5880016 -0.040287606 0.7972409
20 -0.44210628 1.0323825 0.30537704 0.53802496 -1.3436402 0.024719559 -0.05175294 -0.46333376
45 -0.25393483 0.7343535 0.07838827 0.8452646 -0.7118434 -0.7977253 -0.18898816 -0.3285105
30 -0.1848154 -0.06376446 0.5262631 -0.1260694 1.8806119 -0.12413137 -0.08549106 1.0111659
2 -0.20993687 0.083587416 0.39824983 0.13336328 1.4918957 0.14208342 0.20413698 0.7211062
7 -0.73533946 -0.14618373 0.040547207 0.060429875 1.6857928 -0.6696348 0.29284254 0.7374138
31 -0.8423201 -0.025005324 -0.010119321 0.5331157 0.7744801 -1.1387005 0.07437028 -0.0132979695
4 -0.3362697 1.05148 0.2551334 0.55328715 -1.0197091 0.36164033 0.12996893 -0.3055253
15 -0.8402402 0.060021535 0.002597943 0.34386593 1.2648243 0.12285259 0.39570287 0.28815788
49 -0.4981032 0.9150572 0.64132077 0.53733474 -1.6740292 0.4783384 -0.084816135 -0.5589694
23 -0.66587764 0.03412958 0.42679223 0.026049376 1.2906345 0.33880323 0.139129 0.3090636
48 -0.07532556 0.9086206 0.35155684 0.76461154 -1.2697673 -0.18402642 -0.12969744 -0.28715834
6 -0.83039016 0.024011984 0.049096756 0.8712438 -0.48698005 -0.93124205 0.2086659 -0.1140007
16 -0.4116712 1.0202023 0.29997507 0.5539861 -1.3064542 0.20613883 0.1393982 -0.4187493
5 -0.28064188 0.9516807 0.26236603 0.30537534 -0.5519525 0.6301641 0.45965052 -0.012916522
19 -0.79189056 -0.03269724 0.31101277 -0.03337478 1.6008388 0.5167752 0.39337894 0.52951956
10 -0.037807424 0.59168535 -0.011106397 0.53287125 0.2888911 -0.29069588 0.7361019 0.40067005
21 0.05781397 -0.015155265 1.1037836 -0.5388268 1.6794547 0.6980593 -0.21555659 1.2104411
35 0.18645011 0.09762898 0.99070877 -0.4016696 1.7789525 0.4353267 -0.3611664 1.042758
0 -0.23171362 -0.1832281 0.5306078 -0.23681691 1.9207476 -0.03811274 0.0017146339 1.2818892
38 -0.29434592 1.1943607 0.44306022 0.25669852 -1.5291237 -0.01208438 -0.26798216 -0.3715631
12 -0.6595252 -0.29525432 0.41653997 -0.1553582 1.7077422 0.3064547 0.42658475 1.0539628
44 -0.24446782 -0.13282351 0.70472383 0.42009202 -0.22800939 -1.7607957 -0.7090888 0.19222903
25 0.11617033 0.5705522 0.94672024 -0.32328814 -0.5283439 0.45763558 -0.5607128 0.75353354
11 0.05901938 1.1440088 0.6249357 0.55652046 -1.6502964 0.8872326 -0.0014736982 -0.07228516
18 -0.54925036 -0.5777378 0.56820476 0.0047764364 1.2314731 -0.9676827 -0.367891 1.0995237
33 0.26466283 0.02629939 1.1958334 -0.6384351 1.5798086 0.5274149 -0.3909991 1.2967843
9 -0.05579042 1.3271694 0.4765221 0.3595099 -1.6557506 0.76971734 0.09360903 -0.16452901
3 -0.115866214 -0.0085490085 0.91017514 -0.51485765 2.0110288 0.6537412 -0.36155632 1.1377239
32 0.37937918 -0.12414895 1.1175039 -0.31742024 1.3227367 -0.15468442 -0.5370238 1.442746
46 -0.03994015 1.0798721 0.72345704 0.3721254 -1.6152475 0.44029865 -0.03032106 -0.13897209
22 0.35733268 -0.2964308 1.2553135 -0.28375483 1.5543032 -0.072476305 -0.44125858 1.4222759
47 -0.14889036 0.8323944 1.0708085 0.12971215 -1.1458081 0.8170452 -1.0788554 -0.21633704
8 -0.84547555 -0.19218546 -0.09521759 0.7546255 0.16822025 -1.8785009 0.053904675 0.14641507
37 0.7039959 -0.3850257 1.8538063 -0.60235614 1.298412 0.059071947 -0.5026188 1.6504045
