50 8
43 -0.3531784 0.50436556 0.3561051 0.42948583 -0.5674735 -0.03519108 0.6898878 -0.24924798
1 -0.012446183 1.0205677 -0.17226087 0.6436122 0.4726943 0.9812518 0.7497393 0.2940796
23 -0.6391024 0.27980742 0.109579064 0.7654895 0.76385194 -0.42838737 -0.14795573 0.5308447
28 -0.7664643 0.036747847 0.11886848 0.80633765 -0.43069896 -0.32260305 0.81156075 -0.5510327
31 -0.5614823 0.1398526 -0.065888524 0.98609066 0.45219132 -0.76911277 0.10001428 0.29497564
39 -0.60197365 0.6350825 -0.31338924 0.830524 0.82130545 -0.016603315 -0.19770715 0.40582243
24 -0.86738575 0.85302955 0.2580542 0.13462535 0.043302756 -0.34301072 -0.80302256 0.10881919
26 -0.5986586 -0.02581008 0.6314307 0.5596259 -0.4961415 -0.9142166 0.10885462 0.005308454
19 -0.84186417 -0.15368816 0.749742 0.52297735 0.0011728847 -0.7754975 -0.2996856 0.25975955
18 -0.7174319 -0.35355726 0.9359395 0.4597596 -0.40661648 -1.0009912 -0.25441462 0.5236306
41 -0.31412736 1.0576081 -0.43846822 0.7643807 0.4772619 0.4392301 0.2894721 -0.05350548
34 0.08280237 1.1922488 -0.16365892 0.68243724 0.57874495 1.1576923 0.45311132 0.24254154
25 0.011458964 0.949292 0.7828105 -0.15371463 -0.36989364 -0.11515515 -0.5295937 0.85571057
48 -0.5200656 0.84525806 -0.6573673 1.0473447 0.57198983 0.507738 0.29893395 -0.16600423
46 -0.34631276 0.6299295 0.26491958 0.38625243 -1.2646004 -0.11528398 0.17083941 -0.44757253
40 -0.92640144 -0.09641626 0.5563625 0.7190497 1.2575881 -0.3570858 -0.044339735 0.6100974
2 -0.7450143 0.34155756 0.06917291 0.7619033 1.1039597 0.10413824 -0.024382457 0.55200624
35 -0.29437727 0.711932 -0.14818671 0.82426393 1.166772 0.5657462 0.10246733 0.81079835
4 0.23848295 1.24399 -0.08677797 0.51689065 -0.37338123 1.0990287 0.9895753 -0.20946652
12 -0.7553811 -0.18593965 0.103809394 0.94271845 0.2897698 -1.055128 0.2305662 0.3866321
42 -0.45044792 0.40407592 0.8765721 0.0038867088 -1.3776398 -1.0079709 -0.6344479 0.06337603
13 -0.5043189 -0.34431997 0.5382633 0.95042646 0.24203345 -0.5032082 0.29399765 0.43230855
27 -0.84649867 0.3009305 -0.3767424 1.0489997 -0.11296827 0.12887138 0.88702995 -0.81012523
21 -0.7220264 -0.09593117 0.52693105 0.6899265 -0.059438385 -1.0367352 -0.39706585 0.33354145
38 -0.56443816 0.20313002 -0.5086955 1.4003334 0.65642893 -0.023906618 0.9281598 -0.2557694
8 -0.72957385 -0.29049277 0.8949808 0.48373428 -0.66516894 -1.3456657 -0.25835025 0.17553154
17 -0.32656714 1.1218399 0.368325 0.049615826 -1.3924546 -0.024798406 0.034921054 -0.8290782
49 0.0372013 1.404525 0.71214235 -0.022241237 0.26703146 1.6513288 0.21744324 0.10453329
45 -0.16882224 1.0084468 0.4375997 0.08718249 -1.2694122 -0.2282813 -0.30573228 -0.2896863
14 0.2984613 1.5915719 0.14873812 0.14635818 0.098210074 1.4882585 -0.1357536 0.7116168
32 0.042912588 0.6824313 0.42509842 0.52232724 0.99085486 0.7686309 -0.26229814 1.4331931
3 -0.79896075 -0.01418997 1.3119433 0.09627776 0.39375073 -0.5395248 -0.8302927 0.8639671
6 -0.6813765 -0.07693326 0.327344 0.7114327 -1.1040294 -0.67700696 0.666511 -0.59315103
36 -0.06351832 1.2675297 -0.62244296 0.7052588 -0.25059634 0.7259857 0.8524112 -0.28634503
7 -0.59779507 -0.2799253 0.44823134 0.8201022 -0.34879538 -1.3819425 0.08478559 0.23188592
16 0.14014082 1.575986 0.51012355 -0.22304954 -0.8473935 0.7649854 -0.0061302534 -0.13207531
15 -0.81256026 -0.3387985 0.5747458 0.7382584 -0.05720041 -1.039866 -0.24932936 0.44431427
30 -0.55746794 -0.30394867 1.1758205 0.5743337 0.6796998 -0.606396 -0.36756828 0.8159277
20 -0.14026685 0.7119334 0.37937778 0.36744654 -1.4221033 0.020685567 0.7584956 -0.73472816
9 0.32996702 1.6743615 -0.36171076 0.3875404 -0.19947492 1.3513128 0.63321507 0.10352335
5 0.49690598 0.9549922 0.48667535 0.32661185 -0.83766747 0.9088664 0.4011317 0.45997614
10 -0.35332724 -0.26051646 0.6283291 0.78653556 -1.0857533 -0.65917385 0.8207286 -0.3296331
0 -0.87011135 -0.35360616 1.1547879 0.4610834 0.65293217 -0.7981444 -0.73505616 1.0064886
33 0.2571529 1.1356773 0.012939222 0.5926647 0.97691244 1.2762893 0.517926 0.87931556
29 -0.14711931 0.5205102 1.0326282 -0.06326133 -1.4485506 -0.49519864 0.046180174 -0.079330586
44 0.41952127 0.88384056 1.0557905 -0.1955766 -1.3439469 -0.87656385 -0.83720094 0.8853009
22 0.27465698 1.1126014 0.62177396 0.32462192 0.79676473 1.5953397 -0.0111912135 0.960067
11 0.3520631 1.5434643 0.61488795 -0.1029917 -0.3732252 2.0373046 0.2707619 0.4363072
37 0.2797945 0.09349666 1.9269347 -0.16830166 0.00028594155 0.4318296 0.121865876 1.537562
47 0.28592077 1.6448314 0.29364747 0.089340605 0.26825023 1.5252134 -0.05704673 0.53007483
