50 8
34 0.2539521 -0.2713077 0.89525926 0.19775267 0.20302238 1.0510463 0.70701146 -0.07644869
10 0.38427666 0.38307264 -0.50959677 0.7342549 -0.18684554 -0.61952674 -0.7921188 0.78029585
41 0.1680208 -0.39473155 0.85583204 0.47013885 0.39439836 0.8733321 0.7843919 -0.28417033
36 -0.25703695 0.22981699 1.2064478 0.26031557 0.41881302 0.955777 0.88579166 -0.457849
1 -0.15697013 0.036852077 1.1896784 0.33101538 0.62049556 0.9588699 0.4261654 -0.5993943
16 0.41804898 -0.522014 0.8921869 0.25773212 0.200882 1.180887 0.9404726 -0.12719885
23 -0.4322175 0.16183096 0.89598733 0.41519314 0.35389856 0.046452656 -0.5730577 -0.29020178
42 -0.46251026 0.300794 1.3249243 0.20656742 0.9346427 0.81703186 0.2585759 -0.6045211
38 -0.046043236 -0.038304143 1.0233147 0.19008696 -0.092732705 0.951373 0.8879689 -0.04535986
27 -0.039836343 -0.16880131 1.1723258 0.35934246 0.59488 0.965438 0.6836296 -0.5600031
49 -0.022639373 -0.31409925 0.882713 0.32809576 -0.10004306 0.7849292 0.9003359 0.17016335
28 -0.0919882 0.142552 1.223788 0.06285582 0.31034133 1.2049768 0.66555214 -0.40593487
44 0.075542204 -0.27209944 1.2745962 0.361256 0.83202237 0.9908764 0.4142007 -0.76191586
17 -0.22228642 -0.069354095 0.97768754 0.2040588 0.30239946 0.82046944 0.8547465 0.062065426
43 -0.19407967 0.2536855 1.3657511 0.1754239 1.0074397 0.9546218 0.40425655 -0.7436701
31 -0.28332102 -0.010432041 1.1338031 0.40206018 0.79355556 0.7502775 0.40381536 -0.528508
40 -0.4900693 0.50921744 1.1756812 0.35135868 0.99262184 0.56797487 0.019536916 -0.7680611
46 -0.07037369 0.18553853 1.3640187 0.14091486 0.36939996 1.1521444 0.5685381 -0.66556346
20 0.09437185 -0.6659838 0.769787 0.44563144 0.29254714 0.81237984 0.92872953 0.08275022
11 0.9614171 -0.28719223 -0.14362313 0.2090112 -1.0256516 0.52685946 0.21990389 0.9836407
33 0.4846435 0.28643042 -0.7920305 0.76516885 -0.6885811 -0.77377325 -0.8219211 1.3792945
39 -0.33792388 0.17661232 1.221195 0.36743036 0.76543903 0.91717064 0.5736181 -0.6633724
14 0.825594 0.22625077 -0.50258 0.45135298 -1.0470154 -0.28211895 -0.42001012 1.2415236
6 -0.06022881 -0.25603 1.0729998 0.49894056 0.96069014 0.66048205 0.4859783 -0.59380394
45 -0.42126355 0.31546786 1.3014877 0.29085538 0.6723934 0.8834314 0.513779 -0.73191214
32 0.3830159 0.6420657 -0.7134524 0.6104021 -0.57444394 -0.9247668 -1.0795974 1.4738718
2 0.6959401 0.42979163 -0.82701606 0.59407693 -0.9797932 -0.7176843 -0.98132837 1.4864812
37 0.6272864 -0.030273974 -0.669218 0.7797165 -0.7327565 -0.8389581 -0.85810274 1.4307649
21 0.48535016 0.43307298 -0.67680335 0.6435425 -0.74209493 -0.7125332 -1.0729234 1.2772114
48 0.756814 0.13542226 -0.50003195 0.39922905 -0.6929386 -0.20294164 -0.017616963 1.3081454
47 -0.462265 -0.2988868 1.1951067 0.46934387 0.8867637 0.77259964 0.548673 -0.4377852
18 0.012552955 0.29230917 -0.43768102 0.914863 0.3208734 -1.1369647 -1.7484922 0.66888684
0 0.44856122 0.6147419 -0.68710804 0.62114984 -0.46121636 -0.94689333 -1.5352399 1.2605816
9 1.168167 -0.38449022 0.052423656 0.20028059 -0.9587413 0.5769646 0.7150009 0.8958704
22 0.71599054 0.053140797 -0.81907105 0.6911527 -0.864175 -0.76353157 -0.82259756 1.6614836
15 0.49718848 0.91209483 -0.67191046 0.5765268 -0.6684112 -0.96526474 -1.194856 1.2936591
7 0.27958927 0.8337619 -0.75401556 0.73522764 -0.12133962 -1.1501598 -1.1819274 1.2152731
5 0.8197715 0.36313322 -0.49732384 0.39510018 -1.0099651 -0.23151623 -0.0055305534 1.31496
19 0.3880836 0.81478703 -0.5777704 0.6374912 -0.40592828 -0.9231345 -1.2637385 1.1355803
26 -0.52523816 -0.092323266 0.56586355 0.8136265 0.8627677 -0.07120556 0.12946518 -0.13694549
13 0.22720264 0.6956562 -0.6805074 0.6968702 0.12028118 -1.0504553 -1.6771472 1.0409334
4 0.61336064 -0.29700154 0.5704266 -0.047734533 -0.81299925 1.19656 0.99740845 0.6558484
24 -0.113108195 0.90084434 0.09831122 0.5178991 -0.1611694 -0.82830167 -1.3721886 0.3823673
30 -0.1089098 0.64643264 -0.008224267 0.857479 0.33773777 -1.0383618 -0.74014 0.19045663
35 0.3372899 0.46295658 -0.6214502 0.6405471 -0.53378606 -0.971727 -1.3255554 1.3913952
29 0.21118693 -0.13717206 0.4330147 0.36569437 0.45756534 0.7496983 0.4792745 0.0966073
25 1.0242982 -0.00207278 -0.7119053 0.7223014 -0.806022 -0.1923859 0.12029753 1.0947037
12 0.25920695 0.9900379 -0.7053382 0.7971845 -0.28646675 -1.2916467 -1.6562293 1.037774
8 -0.7181494 -0.21558759 0.7498953 0.9702985 1.3154064 -0.08231775 -0.1142142 -0.6046925
3 0.31769198 0.7458735 -0.6129655 0.7871467 -0.35081038 -1.1183518 -1.3828173 0.98507875
