50 8
23 -0.080842696 0.63489646 0.5942202 0.034845356 0.99209625 0.28510842 0.029121974 0.045261275
24 -0.12814738 0.72124183 0.3716957 0.16347109 0.66245914 -0.045287136 -0.2740682 0.551734
19 -0.42782494 -0.14680438 0.75913024 -0.10633027 0.8508192 -0.13279802 -0.40445864 0.5180318
43 -0.13871129 0.6233389 0.4956569 0.006578075 1.0420939 -0.14169496 -0.104652636 0.2904268
29 -0.08288048 -0.05318932 0.032957565 0.51150143 0.8812956 -0.54392284 -0.6424804 0.41563475
28 -0.28013483 1.1200272 0.5491633 0.13737896 0.8561974 0.49819383 0.3368788 0.08323333
26 -0.11580516 0.41982284 -0.19891946 0.40968198 0.8208221 -0.44714826 -0.52977157 0.924389
1 -0.3204606 0.5064442 0.944191 -0.0771797 0.78302884 0.6175985 0.46956775 0.17809656
40 0.5880716 0.6253624 -0.61750704 1.3280888 0.10842147 0.05234916 -0.16912785 0.6475583
8 -0.1434296 0.09295231 -0.35807782 0.5287121 0.78592086 -0.6208037 -0.7683764 1.0646975
31 0.38438854 1.0162374 -0.4723082 0.75843793 0.48666236 0.15758522 -0.114797436 0.8203432
39 0.281155 0.8258927 -0.08115582 0.61998785 0.28625274 0.20778733 -0.23754239 0.72110224
17 -0.66286945 -0.076986164 1.1463522 -0.5184872 0.8486516 -0.0068440866 -0.13911293 0.74681276
41 0.76368666 1.0254441 -0.56263983 1.3215748 0.45926917 0.41284758 0.3115452 0.048886266
27 0.058294754 1.3000938 1.0365512 -0.07720436 0.72911716 0.95610374 0.82958734 -0.13639411
48 0.47407094 1.1873052 0.018539254 0.4597878 0.5285613 0.6325867 0.13839282 0.49986136
3 0.7440988 -0.42686233 0.05387859 1.2315353 -0.22199789 -0.5617604 -1.0607662 0.3218523
46 -0.8557509 -0.17586581 1.1817676 -0.41060528 0.9908241 0.19181897 -0.19827147 0.34633335
6 -0.47528395 0.36507723 0.6873028 -0.11913048 1.0891031 -0.14554153 -0.24488954 0.24136914
49 -0.62264794 0.14237498 1.3061225 0.09451125 0.5292591 0.7446625 0.7607643 -0.0798312
2 0.84676415 0.54346716 -0.44103724 1.1727304 0.055615168 -0.43895817 -0.843914 0.538421
25 0.46231827 -0.3270595 0.14042471 1.1868819 -0.42525724 -0.025824538 -0.7144223 0.51062375
7 0.14376214 0.53806335 -0.3541103 0.64505017 0.75405073 -0.83062565 -0.5373114 0.8322191
15 -0.63504505 -0.22902702 0.85989666 -0.1861801 0.8629023 -0.38820717 -0.513297 0.62146735
12 0.40836853 0.9404752 -0.46281013 0.9752896 0.46075824 -0.7313441 -0.56164414 0.5858852
42 -0.67829776 -0.68380785 0.8769106 -0.25829768 0.81360567 -0.21696517 -0.41421053 0.87597585
30 0.4944497 -0.18788993 0.018814493 1.3442256 -0.420924 -0.8202596 -1.174714 0.3802803
34 0.8695473 0.944971 0.6997437 0.7657254 0.003620272 0.99868155 0.57707536 -0.33506283
18 0.48898172 -1.101992 -0.24637063 1.2760391 0.08643941 -0.46731642 -1.1645457 0.5495391
16 -0.7102082 -0.48860317 1.1525624 -0.3589033 0.91766185 0.1198705 -0.11635468 0.47136396
10 -0.58092165 -0.37939814 0.65849346 0.40714532 0.62681323 -0.37678257 0.0384177 0.32819864
9 0.030987483 0.20312762 1.6241723 0.3185181 -0.05687995 0.9513991 0.8604133 -0.37002173
45 -0.7940213 -0.6205138 0.9275191 -0.19254312 0.69090223 -0.4605298 -0.5709049 0.88288325
20 -0.8533334 -0.19615187 1.2279083 -0.16364186 0.85819656 0.31945148 0.43469107 0.20691656
44 -0.28857604 -1.364146 0.16628319 0.59651095 0.65792024 -0.49508741 -0.7961856 0.780253
4 -0.42280582 0.5584764 1.8079077 -0.20683381 0.33700898 0.838553 1.0717577 -0.113474004
0 0.058934227 -0.9382213 -0.23693855 0.7335763 0.8225086 -0.74529886 -1.3569463 0.62200785
5 -0.649362 -0.65123165 1.840567 -0.13072158 0.43992695 0.49933305 0.64301276 -0.09555161
14 0.26528984 -0.20515035 1.5478761 0.8243368 -0.41476005 1.0587524 0.6220015 -0.7542599
36 0.49611875 1.207387 0.92279446 0.6269408 0.13974316 1.0110797 1.1841483 -0.40520343
13 0.9039646 -0.5828083 -0.10851896 1.7364373 -0.4238769 -0.77926904 -1.081645 0.0036366289
11 -0.08326202 -0.41944945 1.8259279 0.46905506 -0.16250004 1.3041562 0.8149471 -0.7201084
38 0.35991937 0.7879189 1.0839539 0.46274656 0.098843195 1.0279514 0.87193716 -0.24118435
21 0.7109528 -0.051492803 -0.06375249 1.7826841 -0.780053 -0.20438072 -0.5050731 0.21153326
35 1.1726422 -0.29053965 0.26123676 1.8752098 -0.714341 0.26231155 0.34490383 -0.32032606
22 0.705267 -1.2640728 -0.14628118 1.744627 -0.5439778 -0.21843342 -0.83653057 0.4504913
47 0.16686247 -1.1088815 1.062424 0.8670481 -0.26031703 0.8717655 0.1440449 -0.16772395
33 0.42685843 -1.7653949 0.9640072 1.592286 -0.41512823 0.28574902 0.17377858 -0.76865315
37 0.57672787 -1.532191 0.25191948 1.8074304 -0.8890057 0.02751587 -0.2782292 0.43252242
32 0.65621823 -1.3297856 0.30467445 1.9729807 -0.9388357 0.56951565 0.24270777 0.100314066
