50 8
19 0.7329474 0.16140461 0.9732443 0.49213693 0.039380327 -0.3539535 -0.78439575 0.7234045
43 -0.82084906 -0.0543564 0.29117194 -0.24772854 0.8434207 0.96339524 0.46587893 -0.47378176
1 -0.86532307 -0.77879435 0.9338203 -0.094829425 0.089161254 0.34067154 0.596584 -0.32527703
16 0.34066218 0.18754448 0.4460638 0.085769676 0.5074612 0.40429184 -0.26009873 0.5217941
34 -0.10899719 -0.6815708 0.5770064 -0.48909876 0.29101568 0.959332 0.48767063 -0.5135466
17 -0.4521155 -0.15730815 1.2455 -0.25856155 -0.2329776 -0.23908097 0.36890176 0.8145549
15 0.0017576435 0.31157443 1.376416 0.06567692 -0.3394384 -0.5607079 0.03813793 1.1129336
9 0.9078702 -0.60163623 1.0854399 0.06020035 -0.14196293 0.0924076 0.15749143 -0.32792124
24 0.539448 0.024350613 1.3504003 0.1962013 -0.35730964 -0.55442005 -0.4194846 0.9933087
38 0.8085897 -0.70229363 0.71514064 0.34573063 0.12793167 0.67535794 0.6303921 -0.9750695
2 1.458728 0.22842552 0.76863474 0.7242004 0.13761467 -0.030380962 -1.0120044 0.48459554
5 -0.1191558 -0.12771632 1.3936902 0.054756723 -0.4445796 -0.42994493 0.18569136 0.6618769
14 1.2735343 -0.23107287 0.8236473 0.8520464 -0.057478383 0.12536877 -0.19231924 0.044122644
49 -0.99770695 -0.41469797 0.9390883 -0.26835966 -0.06454128 0.48489463 0.6995498 -0.016594123
27 -1.3129274 -0.10251012 0.22156286 -0.428883 0.90614617 1.1140122 0.3302241 -0.4359432
42 -1.576926 -0.0035096393 0.66423595 -0.28752425 0.6966099 0.25859827 0.19336393 -0.024363756
18 -0.003314678 0.9532611 0.2376387 0.91744906 1.0723529 0.004362086 -0.7385027 0.5024775
26 -0.7010948 0.40897837 0.7389072 0.07096543 0.28102884 -0.12923394 -0.041863214 1.4620968
21 1.4062293 -0.15242076 0.7791064 0.7833739 0.049505707 -0.13829818 -0.83940965 0.68012244
20 -0.90555704 -0.34848 0.53160286 -0.32283843 0.50029075 0.83553284 0.63487804 -0.2969154
33 1.395859 -0.24491698 1.0084728 0.55510765 -0.26007065 -0.09286855 -0.31023467 0.60716826
22 1.4866749 -0.13468644 0.9409604 0.7983706 -0.024762461 -0.28463814 -0.5083735 0.5420227
23 0.45485377 0.2127497 1.2623078 0.21784128 -0.12588203 -0.47519773 -0.44081706 0.492917
29 0.14875808 0.49323797 -0.07758123 0.993383 1.4141338 0.37232515 -0.6665646 -0.2752928
30 0.61425114 0.36968186 0.64575404 0.7839963 0.3487002 -0.1353357 -0.45619082 0.6522524
32 1.3383312 0.2447494 0.8556407 0.7369312 0.0049064728 -0.18341321 -0.6213165 0.9003179
36 -0.90080035 -0.67482966 0.73424375 -0.85115474 0.16863853 1.0768597 0.7507815 -0.5933459
28 -1.6949865 -0.083570816 0.6199794 -0.73678106 0.48262405 0.743832 0.49030814 0.29615963
0 1.1423137 0.30017963 1.0192887 0.82607436 0.10488607 -0.6730636 -0.7253121 1.035908
3 1.2452369 -0.08259263 1.1824907 0.8526632 -0.22565708 -0.5865829 -0.576803 0.770087
10 0.002592283 0.12060635 0.890648 0.42159367 -0.017799398 -0.18073693 -0.35381883 1.0577449
37 1.046688 -0.0030484626 1.107837 0.74629736 -0.101314776 -0.5494852 -0.4549455 0.8832043
4 0.045647692 -0.5794025 1.0036186 -0.80756533 -0.1026449 0.617804 0.49188554 -0.18226765
6 -1.5997797 0.19861992 0.14375202 -0.3879822 1.2498865 0.8368869 0.05258676 -0.2779614
35 1.6994115 0.038324766 0.51104164 0.47577247 0.116647966 0.50267994 -0.68594265 0.52335423
8 -0.8628488 0.5213223 -0.0074624964 0.51359344 1.1428044 0.6323227 -0.17415304 0.33012316
31 -0.9861166 0.3804284 -0.19323444 -0.106957085 1.2743839 1.4379286 0.06019767 -0.52095884
45 -1.8404797 0.040696427 0.78220516 -0.69017744 0.35575217 0.5009444 0.36911842 0.3983111
41 -0.78877175 -0.6808699 0.19516313 -0.3560101 0.77128756 1.5119131 0.93113804 -1.0926199
7 1.0594537 0.51954937 0.65415114 1.125553 0.53869814 -0.53827566 -0.8418377 1.1343254
11 0.5256871 -0.84604084 1.3525363 -0.5339995 -0.5512273 0.05407631 -0.04930606 0.066418186
44 -1.2739999 -0.012691426 -0.076657884 -0.16893224 1.5320252 1.0506505 0.21774498 -0.7312879
40 -0.41018078 0.06255101 -0.2563545 0.46536946 1.2082052 1.2578795 -0.14613134 -0.55690163
39 -1.0022857 -0.21876632 0.1892826 -0.75588167 0.90000254 1.4952757 0.42860878 -0.8717522
13 1.0942016 0.5760602 0.24248675 1.2774966 0.9730284 -0.1098772 -1.053931 0.4890129
47 -1.6206954 -0.2091001 0.66501534 -0.43171227 0.66554296 0.7931206 0.7500407 -0.8306182
25 1.4009172 -0.2718317 0.30865994 0.4317583 0.391986 0.7977553 -0.1293072 -0.1431268
12 0.82152283 0.67700124 0.43073386 1.3413775 1.0793327 -0.47745717 -0.8341439 0.15113537
48 -0.43075237 -0.80145955 0.12377128 -0.6962129 0.8335649 1.5678636 0.33605644 -1.1011288
46 -1.5098624 -0.27051902 0.17499535 -0.60203844 1.013412 1.4836545 0.76048857 -0.9665793
