50 8
39 0.2922232 0.20060311 0.5910282 -2.1145808e-05 0.21917838 0.2458368 0.280703 0.52730346
43 -0.49085352 0.22506838 0.28795406 -0.45875293 0.87913346 0.46746838 0.59150475 0.4764583
28 -0.65593445 0.21777141 0.26876056 -0.42773107 0.8388025 0.56861913 0.37794104 0.52642447
26 -0.31262106 -0.14100538 0.2693566 -0.27413413 0.46444404 0.422377 0.74112445 1.3257749
1 -0.42762536 0.26714262 0.7710112 -0.6008388 0.6884237 0.53953224 -0.09665782 -0.7493327
31 0.1381941 0.0887691 0.2285397 -0.45012736 0.5358638 0.21771975 0.7020215 1.2951915
38 -0.6670925 0.5283485 0.6143839 0.28372398 0.5458478 0.5485214 -0.0875599 -0.27087128
41 0.23788087 -0.22421059 0.81509435 -0.9245564 0.45132822 0.5623588 0.08792821 -0.41801727
40 0.3907977 0.12803695 0.48816842 0.9046932 0.24827978 -0.015134083 -0.009829992 0.99470484
27 -0.5619479 0.2670382 0.42440268 -0.83058953 0.78431 0.6973231 0.34684083 0.03740667
42 -0.49541178 -0.09127594 0.37309074 -0.8592117 0.58499986 0.67445093 0.45151398 0.612397
48 0.4030982 0.10183402 0.60546666 -0.0028181365 0.28906184 0.2236774 0.39391097 0.43914032
17 0.10436621 -0.21022837 0.703826 -1.0731928 0.39807746 0.4744396 -0.02493747 0.040720906
18 0.4712284 -0.07697568 0.51204056 1.2046576 0.19226517 0.13468356 -0.28976023 0.93589264
29 -0.25290486 0.15997842 0.24058555 -0.5590438 0.7595773 0.35211828 0.6166663 0.78876036
15 0.405688 -0.24482381 0.669511 -0.41847694 0.12899132 0.4526372 0.35181078 0.49152595
6 -0.836722 0.35600656 0.1466149 0.042112246 0.9203979 0.31874344 0.42850122 0.9296482
19 -0.22731386 0.1650454 0.3477807 0.31607893 0.592943 -0.012375766 0.46607915 1.0393727
13 -0.09328632 0.2150807 0.48555037 1.5040246 0.38429594 0.1614287 -0.22109161 0.7659516
45 -0.5469185 0.31771487 0.617014 -1.4353328 0.70918906 0.4934353 0.31558007 -0.22185089
36 -0.45259047 -0.0072760303 0.81264675 -1.1908807 0.6576424 0.5752791 -0.089805886 -0.6530155
2 1.1029066 -0.3701494 0.87146246 0.6890933 -0.20394506 -0.009840591 -0.67764395 0.64682424
12 0.52033275 0.21862854 0.50159127 1.3576491 0.24098155 -0.04116101 -0.12710892 0.9925499
30 0.7792306 0.031966362 0.5791599 0.8076996 -0.059193652 0.2750499 -0.06160417 0.9505742
4 -0.51454216 0.22938521 1.018416 -0.44055185 0.3924453 0.38412428 -0.3856608 -0.8266827
16 0.339031 -0.27681205 0.8229526 -1.3998659 0.32414442 0.50781626 0.040695745 -0.15349004
25 0.028059527 0.07830327 0.6691932 -0.49296877 0.5740078 0.4965061 -0.40177414 -0.40865082
23 1.0766296 0.17429262 1.1623894 0.9160426 -0.23921834 -0.05005145 -0.6605438 -0.32057032
44 -1.0596358 0.3714089 0.09767559 -0.14645256 1.2040821 0.26845485 0.48656932 0.7629526
9 0.49491557 -0.090127245 1.4126054 -0.49963102 -0.061363373 0.3327212 -0.61145526 -1.3164401
47 -0.107298814 -0.20285778 0.64207727 -1.4299959 0.73157024 0.66649896 0.44803718 -0.28900057
22 0.93242985 0.19932225 1.3239865 0.91838956 -0.3994688 -0.47800586 -1.0280894 -0.15783358
14 0.7058688 0.1462449 1.4897778 -0.044142593 -0.34880593 0.25116906 -1.2645087 -1.1942098
7 0.41191125 0.20614336 0.3054068 0.7208687 0.271803 -0.09438634 0.2948372 1.585919
49 -0.14266248 -0.0016857838 1.0060359 -1.6124197 0.48246807 0.5584526 0.076928996 -0.8751244
0 1.0016158 -0.14064218 0.7537148 1.1189845 -0.04327797 -0.05858216 -0.45930988 0.7561022
20 -1.0185211 0.37858757 0.21230234 -0.61009574 0.9271388 0.32143626 0.7443982 0.8849506
8 -0.68807256 0.30431008 0.055312406 0.5195631 0.7941044 0.14222863 0.40708035 1.5258675
34 -0.29341212 -0.029743455 0.9639087 -1.720602 0.5549795 0.4829508 -0.21653795 -0.8353996
24 0.97190917 0.030256387 0.8140021 1.6815342 -0.11808063 -0.19043408 -0.79660887 0.7832387
3 1.3278244 0.1142768 1.0105884 1.216293 -0.11798461 -0.20732047 -1.0665189 0.040477954
32 1.2272713 0.28889704 1.4068744 1.4894948 -0.5564444 -0.55184734 -0.94219196 -0.022226023
46 0.11587306 0.37607098 1.3394519 -1.2339987 0.17203526 0.0630737 -0.46949887 -1.2657249
10 -0.695849 0.5705904 0.14431833 0.58164424 0.7903733 -0.06849804 0.27093413 1.2522162
35 0.47656864 0.25718924 1.2212199 1.2864432 -0.18752556 -0.49994084 -1.2250681 -0.02329722
33 1.1798031 0.1070156 1.48046 1.3303609 -0.55309504 -0.16129032 -0.99003595 -0.4596866
11 0.1822786 -0.082478225 1.3158054 -1.0881013 0.05426939 0.63957006 -1.033141 -1.3977277
21 0.79080665 0.055913683 0.88042426 1.8684623 -0.15871488 -0.16191767 -0.8126574 0.73498124
37 1.2185302 0.15792842 1.3657191 1.5406142 -0.5859761 -0.5891631 -1.2321709 0.20406395
5 0.29279512 0.016087217 1.0719002 -2.050672 0.32001746 0.47953302 0.377043 -0.79834485
