50 8
36 -0.4421353 -0.31501767 0.83565784 -0.035498314 0.7287796 0.9032056 0.75822574 -0.18379878
46 0.15835181 0.51657563 1.173164 0.096702315 0.59288305 -0.30241352 -0.5117595 -0.32018933
4 -0.65547174 -0.35799453 0.44154826 0.22716953 0.6511697 1.0262703 0.5750886 -0.03333965
29 0.5852446 0.032315895 0.10994582 0.42840788 0.24187918 0.716284 -0.20204122 0.25697765
48 -0.36705092 -0.18079706 -0.2664612 0.06370852 0.67148346 1.5590817 0.41297197 0.5644745
1 -0.05154132 -0.15998052 0.8186506 0.053449336 0.7073804 0.6900126 0.31473622 -0.29186553
6 -0.3812891 0.043319076 -0.037833918 -0.052959595 0.4279624 1.2033411 0.58763987 0.8979167
43 -0.5849447 -0.023565639 0.43035713 -0.042263124 1.0160124 0.7196337 0.6588725 0.12527886
14 0.4817937 0.19030267 1.2297816 0.37381247 0.30789003 -0.24982797 -0.41298512 -0.47264296
27 -0.62175995 -0.24783328 0.4038996 0.08133534 0.92884016 1.0797992 0.6376865 -0.098576345
17 -0.16085769 -0.11988549 0.43823788 -0.2241242 1.0119811 1.10192 0.36980283 0.07723082
45 -0.4756985 -0.35722366 0.17485417 0.18109643 0.7363359 1.39859 0.5116051 -0.071453474
16 -0.08455044 -0.3856958 0.37388176 0.12294146 0.53644234 1.3277874 0.47761634 -0.041448954
39 -0.0119115515 -0.103639364 -0.45229474 0.21248633 0.3916087 1.5971041 0.343497 0.6575097
34 0.32284284 -0.16851072 1.0619857 -0.18262382 0.6356943 0.77272135 0.11932791 -0.3227661
9 -0.17958713 -0.2874045 1.1341605 -0.08150724 0.6139587 0.70188683 0.6786879 -0.31112576
42 -0.25887972 0.023605095 0.07989805 -0.34749115 1.060895 1.1646477 0.6141589 0.6296434
19 0.3875181 1.0084218 0.7854221 0.3541735 0.42069092 -0.93469775 -0.6189972 0.3103592
18 0.7145688 0.75263304 -0.15265977 1.3082178 -0.44557568 -0.7401829 -1.1042562 0.8662856
47 -0.34228286 -0.24557349 0.51151454 -0.19015978 0.99168086 1.3004433 0.6615753 -0.12504224
41 -0.16145088 -0.30592903 0.1895475 0.16292126 1.0561434 1.371823 0.1069084 -0.35775256
7 0.25705397 1.2154585 -0.08669461 0.65351874 0.05707914 -0.9756775 -0.16405576 1.3765205
23 0.6278675 0.907855 0.76241523 0.08915856 0.36074933 -0.07072148 -0.5598613 0.041842762
26 -0.5745203 0.2367399 -0.17344783 0.13871986 0.07858518 0.7860073 0.73398745 1.2777419
44 -0.07701308 -0.81147665 -0.556333 1.0111313 0.09058374 1.4023983 0.4380056 0.31650516
25 0.92153037 -0.18225828 -0.025792358 1.2654243 -0.40855232 0.16519389 -0.6668158 0.18958385
28 -0.93405956 0.05439115 -0.03594222 -0.13405775 0.7186486 1.3487306 0.77836627 0.7130384
40 0.66536266 0.8842947 -0.3675393 0.7029517 -0.18912299 0.04692588 -0.3581102 1.0516536
5 -0.10727362 -0.01129366 0.8453926 0.39311403 0.7320441 -0.1985933 0.13576141 -0.25161386
20 -0.6829522 -0.67066777 -0.03954626 0.58961076 0.35228622 1.2896404 0.5012864 0.16317007
49 -0.51017153 -0.32407147 1.2040222 -0.036948394 0.61567056 0.6161974 0.85095817 -0.35153183
3 0.95573366 0.8900104 0.9403854 0.731388 -0.115058824 -1.0404356 -1.0090523 0.1437142
38 0.2370477 -0.56056887 0.870325 0.12917556 0.4580662 1.355211 0.28512937 -0.6445802
24 1.0087522 0.9270694 0.87082964 0.7389181 -0.14221182 -1.1495073 -1.0273914 0.40920076
31 0.30005893 0.44913536 -0.5846031 0.52043194 -0.47240868 1.111735 -0.21406238 1.1541268
21 0.45370647 0.642134 0.70144826 1.2384814 -0.3207132 -1.313754 -0.873008 0.28485632
2 0.8585959 0.7866015 0.74717003 0.9724856 -0.30174974 -1.1251314 -0.9207473 0.34522143
30 1.108904 1.0833759 0.47678977 0.97051924 -0.36610907 -1.0707177 -0.885084 0.59648716
13 -0.39816386 0.23373924 -0.676042 0.97798955 -0.18579522 0.4623895 0.12633921 1.0902381
12 0.3037736 0.94169694 -0.47913936 0.92114943 -0.10990838 -0.6856588 -0.59360945 1.4658146
8 -0.46132725 0.33165333 -0.7786328 0.78337955 -0.35032701 0.90360177 0.19433975 1.2861872
11 0.1833541 -0.40146136 1.3107921 -0.16459422 1.0890605 0.6519156 0.08725007 -0.81090665
10 -0.87339413 0.11830479 -0.0021723865 0.42894456 0.5309292 0.55534655 0.6958931 0.49363035
0 0.987994 0.928839 0.3883095 1.1928777 -0.38434827 -1.3082469 -1.0732051 0.7106393
33 0.4386471 0.3601399 0.8214235 1.7576755 -0.53543127 -1.2987474 -0.8479163 -0.39130452
22 0.15657155 0.40908715 1.21522 1.2548592 -0.45880127 -1.5645636 -0.5654925 0.07064872
32 0.646839 0.913823 0.28566545 1.4020604 -0.6269472 -1.3273016 -0.9699678 0.7561675
15 0.71708196 1.0043371 0.9249953 1.2123615 -0.60241884 -1.5578591 -0.7053792 0.43725455
37 0.80943006 0.35900393 0.94647574 1.3798976 -0.44811028 -1.3933882 -0.9085858 0.054663166
35 0.64022577 0.3347859 0.9778647 1.8249843 -0.97467583 -1.5972832 -1.0686736 0.04941209
