50 8
24 -0.24431892 0.2205636 0.5931663 0.28825343 0.078494586 -0.6775063 -0.5458762 0.44415525
28 -0.5693198 -0.1781849 0.24494602 0.99286836 -0.03127134 0.018280754 0.1353842 0.67407227
40 -0.32610875 0.18734121 0.37217772 0.6563468 1.3337674 -0.44276816 0.084892794 0.5774561
43 -0.687593 0.83082616 0.08961672 0.37607288 0.8268284 0.13415794 0.2312744 0.32054657
23 -0.33443847 0.7163749 0.7430116 -0.08293414 0.22748955 -0.36021024 -0.02562967 0.35751754
19 -0.33284512 -0.25583342 1.0209124 0.48620662 -0.57033414 -0.63434553 -0.3763086 0.20991442
18 0.03264731 -0.1491567 1.0738509 0.3253149 0.004349579 -1.051264 -0.039422136 0.6725816
2 -0.2402204 0.7023298 0.2439448 0.25385517 0.8648936 -0.37688527 -0.010842329 0.7094028
1 -0.47410113 0.49573573 0.05128902 0.7537885 -0.10601799 0.56513697 -0.13778187 0.6248823
42 -0.3413584 -0.08638665 0.86810356 0.6502172 -0.94699186 -0.87157977 -0.3784043 -0.46937066
46 -0.41183713 0.19426467 0.931891 0.18368275 -0.8717272 0.013501138 -0.40445343 0.5357559
26 -0.41605026 -0.40483752 0.9276108 0.5280122 -0.373107 -0.8193157 -0.4308796 0.3301728
16 -0.1139381 0.78311944 0.9026913 -0.018798387 -1.3633199 -0.19845365 -0.3820459 0.08649099
6 -0.65624803 -0.34229222 0.49581563 1.0821483 0.0060565337 -0.9264137 0.043797143 -0.5055687
31 -0.48928964 0.54200566 -0.20270552 0.8840037 1.3674031 -0.4142597 0.05315128 0.14402352
34 -0.43481687 1.0618663 -0.034079432 0.434527 1.0135281 0.728373 0.060813904 0.8771717
13 -0.32309312 -0.31833383 0.5961313 0.8457153 1.0314323 -0.9862718 0.24752054 0.46965212
12 0.13561638 0.47451624 0.58824176 0.0745829 0.52972746 -1.0358948 -0.49397215 0.7455267
36 -0.8124259 0.65245837 -0.253648 0.987264 0.27072737 0.6090571 0.3911245 0.21307075
44 -0.23298855 -0.21919884 0.37404734 1.0071752 -0.97574425 -0.46189836 -0.58558625 0.1868176
25 0.06971443 0.8170972 0.12625745 0.26869985 -0.19334437 -0.040261142 -0.30643693 1.1391134
0 -0.29796243 -0.08466689 1.1515687 0.19672458 -0.6516134 -0.5622897 -0.4286696 0.419762
22 -0.5760706 0.75836945 0.6385202 0.2068591 -0.4310274 -0.12498377 -0.4228111 -0.51525646
37 -0.1970843 -0.03964065 1.1086618 0.48669994 -0.7082706 -0.52441525 -0.16253442 0.09134279
17 -0.6738558 0.23313667 0.47117472 0.6790808 -1.2352928 -0.22344983 -0.6883846 -0.5947343
45 -0.34998176 0.045536287 0.5341598 0.7547338 -1.6364944 -0.089519925 -0.3899929 0.17352937
30 -0.08080454 0.7493887 0.6327563 0.1030287 0.2984346 -1.0950553 -0.10562047 -0.14922129
15 -0.42674014 -0.064869985 0.900792 0.46202776 -1.1648974 -0.47732127 -0.01275425 0.18867028
49 -0.6970059 -0.0701229 0.3878923 1.0402635 -0.9771062 0.41093895 -0.55489784 -0.055818766
38 -0.48785618 1.4428018 -0.64556134 0.828846 0.85223466 0.8242186 -0.19389138 0.11919049
39 -0.5584634 1.017043 -0.07560567 0.45889717 1.5341498 -0.25108457 0.26282194 0.09652245
11 -0.5647902 1.0102344 -0.018526414 0.45444235 -1.2935705 0.9773187 -0.72601706 0.3031814
27 -0.945697 0.77479184 -0.35535356 0.9681964 0.62362385 0.44745705 0.31309456 -0.1601678
7 -0.08469125 -0.28084984 0.7861195 0.620882 0.61981404 -1.3666892 0.01996066 0.4198336
29 0.010852835 1.2789614 -0.23266305 0.19285166 -0.44993237 -0.0012172671 -0.10857511 0.942398
35 -0.43724048 1.1595873 0.25360075 0.34632316 1.2594258 -0.45779508 0.20305736 -0.5147742
41 -0.6058199 1.4220397 -0.65949833 0.7851036 0.904184 0.96140593 -0.016087273 0.34568635
3 0.2921969 0.95445573 0.9351007 -0.49106607 0.6641603 -0.94429106 -0.18738137 0.93445134
4 -0.6825769 0.5875332 -0.49700746 1.200993 -0.703226 0.8316509 0.04309083 0.3426836
21 0.07585159 0.96148354 0.17843066 -0.008507058 0.76367605 -0.63512903 0.008462947 1.1339998
33 -0.1482157 1.5784327 0.013216188 0.14347044 1.3266416 0.08797374 0.5102885 0.55496925
10 -0.42763036 -0.5081898 0.8671359 0.9301293 -1.0311233 -0.5586562 -0.19923992 -0.008511172
20 -0.39408198 -0.40212876 0.57526284 0.87792265 -0.3633353 -0.4097819 -0.58164644 0.42125186
5 -0.56159186 0.642454 0.40750247 0.63920933 -1.242129 0.6723137 -0.73911196 -0.2408941
8 -0.2027688 -0.6547543 0.7257324 0.8734232 -0.24293151 -1.3395793 -0.054352988 0.4344215
32 -0.06477163 1.3118453 0.5437197 -0.018309874 0.9584441 -0.6784207 0.58183867 0.029728489
9 -0.8278935 1.2871256 -0.40964827 0.6581437 -0.6910452 1.1648642 -0.13236143 0.076495886
14 -0.47828448 1.1460526 -0.49179655 0.654236 -0.08017755 1.1285347 -0.42512035 0.8611554
48 -0.5565221 1.3438355 -0.47004086 0.79479706 0.93917894 -0.25032312 0.45581567 -0.6693905
47 -0.9952381 0.40720585 0.39097002 0.7789584 -0.6301193 -0.06322403 -0.25914186 -1.0850154
