50 8
43 -0.4896956 0.2423789 0.74507725 -0.7228811 0.44001976 0.41250578 0.71606076 -0.08187311
17 -0.24339421 0.33488786 1.1290803 -0.96244717 0.13152666 -0.0843567 0.2514399 -0.10253772
41 -0.6486464 -0.012472356 0.6276377 -0.89959115 0.17272799 0.9452634 0.8471402 0.15609223
42 -0.49145472 0.19511381 0.8523623 -0.8619375 0.5643718 0.094928384 0.38009366 -0.0017923154
26 -0.7229465 0.40860185 0.49946642 -0.38068485 1.0776862 -0.15708777 0.15007333 0.13564575
1 -0.5972821 -0.095430516 0.6778924 -0.6026113 0.099584915 1.1039062 0.9627052 0.018166346
19 0.4802256 0.73969996 1.0425756 0.42641038 0.16091932 -0.84003884 -0.5263204 -0.0051784134
36 -0.7051918 0.010925592 0.6637877 -0.80515903 0.16071013 1.0046895 0.9421122 0.03499303
16 0.33572462 -0.22275506 0.3161854 0.037640408 -0.1202236 0.107507095 -0.4016663 1.1836115
8 -1.0061616 0.16723303 0.26452565 -0.25033125 0.7346741 0.86088854 0.7841022 0.14320523
10 -0.060999088 0.79436773 0.32063007 0.6574582 0.757168 -0.61964047 -0.47708023 0.4092343
27 -0.85083216 -0.1428883 0.3354436 -0.8191973 0.3944949 1.1280845 1.000784 0.41524026
28 -0.77468616 0.0036461353 0.36242482 -0.6347492 0.2671682 1.0311918 0.81640786 0.35376257
49 -0.14688377 -0.3768834 1.1032975 -0.44702214 -0.62497306 0.7166612 0.50616646 0.031316616
34 -0.59620047 -0.5909851 0.40843582 -0.6840874 -0.20004962 1.4537096 0.8708235 0.61159235
46 0.6110996 0.7833309 0.95797837 0.65429205 -0.078725636 -0.6793304 -0.708501 0.102508135
20 -0.96963364 -0.45112652 0.18539493 -0.029917069 0.54888093 1.0337132 1.1042001 0.46673092
6 -0.9431922 -0.10383426 0.25218344 -0.55498266 0.51474667 1.1251972 0.8553362 0.3461029
39 -0.80694795 0.1071977 0.3572362 -0.7837584 0.48267314 0.8139661 0.8521288 0.36753783
12 -0.2039949 0.80615264 0.8112231 0.13586752 1.270246 -0.69561344 -0.24401148 -0.3419489
15 0.58122784 0.8359431 0.91267365 0.57177687 0.30826774 -0.77021974 -0.7392059 0.088006176
14 0.20825423 0.013339652 0.46388966 0.8128587 -0.815072 0.69604015 -0.3120714 0.6201283
7 0.40291855 0.9833347 0.5329007 0.6491153 0.7765612 -0.79283184 -0.5973137 0.24699064
30 0.44000712 0.67307186 0.5516652 0.8268871 0.35392767 -0.9046219 -0.7093118 0.5816596
33 0.8151647 0.4131634 0.56508344 1.5202181 0.008157551 -0.69276994 -1.0605175 0.679121
21 0.5175521 0.729329 0.67472804 1.0950999 0.22145584 -0.7175151 -1.2017686 0.38856828
5 1.0491006 0.10321616 0.78369015 1.0298634 -0.5395158 -0.45513502 -0.791854 0.79469043
13 0.16621065 0.6692672 0.17918654 1.0430112 0.4001004 -0.11935596 -0.8187244 0.61888695
3 0.5661304 0.81808317 0.8136243 1.0287725 0.4519612 -0.8476708 -0.8722512 0.0882495
31 -1.0150796 0.04952933 0.45334426 -1.3008823 0.41388977 1.1034495 0.9247767 0.33288518
24 0.48894694 0.81672126 1.1662309 0.33410934 0.10721617 -0.74707764 -0.6398176 -0.23044142
0 0.50518376 0.7652009 0.8168135 0.8599811 0.6390749 -1.1079143 -0.71272975 0.13615383
18 0.23618636 0.3697074 -0.15044373 1.3213353 0.9803887 -0.59633285 -0.75769305 1.1764104
40 -0.8859411 0.40388384 0.6088008 -0.806669 0.80426186 0.67172277 0.9463806 -0.1893644
37 0.67651373 -0.39724308 0.28574067 1.3542917 -0.20890127 -0.30378288 -0.6674105 1.3126619
44 -0.93371135 -0.25160998 0.44847375 -0.8947127 0.4932032 1.2653627 1.0199643 0.2373171
23 0.059818 0.8836721 1.3464005 -0.3244628 0.64695764 -0.62233067 -0.12474347 -0.7603179
45 -0.80429727 0.15274526 0.6254392 -0.88277936 0.3830644 0.9318842 1.0850099 -0.028809795
22 0.886677 0.012336629 0.53996426 1.4041443 -0.40822786 -0.5933128 -0.9953023 1.0582896
35 0.7813829 -0.0060039484 0.65029234 1.07957 -0.23702292 -0.60938436 -0.85867274 0.9114966
48 -0.9921785 0.09548913 0.42397535 -1.0578799 0.26656628 1.3199556 0.91151905 0.20317905
9 0.32199347 -0.23168646 0.6449265 0.63955796 -1.022454 0.9386658 0.28351367 0.41776624
32 1.0667608 -0.011801376 0.56862223 1.4246732 -0.44162044 -0.5026957 -0.84971666 1.0528219
4 -0.699702 -0.3854544 0.3495945 -0.3528659 -0.58574706 1.7092214 0.8113973 0.58024126
38 -0.8434375 -0.22553758 0.64118284 -0.9423345 -0.31409338 1.5550426 1.1103747 0.2044037
2 0.21062051 1.0592427 1.058617 0.13800801 0.9538444 -1.200292 -0.38336957 -0.3873128
29 -0.6401399 -0.22706014 -0.5504925 0.73614144 0.8055033 0.53454995 0.5231686 1.3411258
47 0.75280726 -0.44806185 0.5327622 0.87618744 -0.7356465 0.40097427 -0.3166533 0.94889945
11 0.54669553 -0.31289655 0.38663524 0.8107057 -1.3432717 1.0980757 -0.14009607 0.96780276
25 0.5669733 -0.6639981 -0.16746491 1.5032998 -0.4180527 0.51187706 -0.51559454 1.7482172
