50 8
18 0.15656617 -1.0811017 1.8050392 0.2862001 1.0199383 0.2613927 -0.5569592 -1.1478101
9 0.5805588 1.8395993 -0.72580147 0.6580045 -0.60360104 0.7602741 0.42245275 0.9847597
3 -1.1789075 0.36907706 1.0975792 -0.5320591 1.9685788 0.27031538 -0.24395673 -1.0499218
19 -0.6417342 -0.16179918 1.1266501 -0.82260954 1.0551143 -0.98325515 -0.79230934 -0.5173298
12 -0.4767294 -1.0823827 0.6360772 0.3616296 1.4495443 -0.1782287 -1.2506883 0.21456577
4 -0.0010245184 1.3304508 -0.10225678 0.70677876 -0.6819317 -0.89621234 0.6762661 1.25269
34 1.1269931 1.6513652 -0.67048055 -0.6776459 -0.66414124 1.4226748 -0.80056083 0.40494996
0 -1.0938846 -0.21264394 0.9347281 -0.12604709 2.95326 0.31217417 -0.40175205 -1.3004421
16 0.5654749 1.1564358 0.48792297 -1.3845305 -0.02545471 -0.48556605 -0.45651585 -0.85346466
10 -0.5487648 -0.08110758 0.1888943 1.0230898 0.09350886 -1.9703372 -0.1258518 1.3872789
8 0.96526366 -1.6422434 0.94725096 0.3825846 0.18659464 -0.8827945 -1.1761966 0.5889852
20 -0.38903296 1.2957332 0.09827731 -0.03562718 -0.7977885 -2.0101159 0.22136539 1.1093323
11 0.70882267 2.482205 -0.9066761 0.80773664 -0.3965317 0.8910223 1.0974165 0.659248
6 -0.3185408 0.21237981 0.7244304 -0.5131151 0.3991568 -1.89255 -0.12518339 0.40198284
14 0.44850147 2.359413 -0.606509 0.27497476 -0.6871439 1.0063437 0.5898477 0.6330161
31 0.9550822 -1.6164249 1.384921 0.5119077 0.3716309 -0.5137724 -0.8829127 -0.09320067
26 0.49183744 -0.5935678 1.0511755 -0.1037758 0.3540698 -1.4629624 -0.6285015 -0.44397023
2 -0.75159603 0.5804277 0.9724547 -0.75446206 1.9458762 0.55193454 -0.32076848 -1.4615061
17 -0.35331625 0.24835926 1.1061022 -0.7149846 1.229169 -1.2175581 -0.36499462 -1.3468136
30 1.7901113 -1.8920324 1.4401258 0.6142257 0.23807386 -0.18016893 -0.9278262 -0.54394937
7 0.043679066 -1.6554842 0.5753541 0.7564913 0.8820952 -0.15753838 -1.468751 0.9742204
38 -0.46662667 1.4164981 -0.2954306 0.71571976 -0.51408917 -0.44800416 0.45706055 1.5240043
15 -1.2306302 -0.09868285 1.0431224 -0.1682074 2.6459577 0.14750803 -0.045978907 -0.7882946
23 0.06673008 1.5042833 -0.061217163 -1.178614 -0.47227633 -0.28291142 -0.67845124 0.33995977
1 0.07973804 1.7415084 -0.054033354 -0.2231956 -0.89187795 0.27361414 0.0029815035 0.6032284
21 -0.3710159 0.9584804 0.07979237 0.51124185 0.16593465 1.0955081 -0.007462425 0.62038803
27 -0.83436775 0.8622036 0.64798325 -0.33970863 0.14684263 -1.3188373 0.16632709 0.40604416
13 0.67206043 -1.6735528 0.4646873 1.4812849 0.43490905 0.41364074 -1.2631528 0.8882504
25 0.8467548 1.4055367 -0.1315421 -0.90396345 -0.6099796 0.24692333 -0.7890993 -0.41859734
29 1.0822651 0.53361434 -0.115006976 -0.73155636 -0.8563336 0.4071242 -1.8268543 -0.26408312
24 -0.8468052 0.6561932 0.38082358 -0.78220695 0.4189336 -1.1822964 -0.5898153 0.50610507
43 0.57762843 -0.9232803 0.11362203 1.4218696 -0.12529357 0.30339354 -0.96310663 1.2570683
28 -0.57398945 -0.090918325 0.16927347 0.9627169 -0.0647178 -1.2485651 -0.19178256 1.7891777
37 -0.3999673 0.31024998 1.2730042 -0.27193785 2.011235 -0.0015182726 0.53164804 -1.4822923
35 0.3453452 1.6967015 -0.16217737 0.91605544 0.29045892 1.4702072 1.1959714 0.3718958
5 0.4746944 1.1351475 -0.42076853 1.1608921 0.1612472 0.38891298 1.1706039 1.3170071
33 0.109553255 1.5307517 -0.35253495 1.5103804 -0.14690147 1.4316773 0.93448937 0.882522
41 0.38788083 0.111460105 0.015909294 -0.34237248 -0.94978255 0.3216149 -1.8161713 1.02171
36 0.6299844 1.8677278 -0.08922372 0.109587386 -0.48046964 0.66201687 0.8119995 0.2951272
22 -0.33476958 0.9714511 0.7780649 0.81856996 1.5108085 0.97313714 0.9753961 -1.321671
39 0.05670184 -0.06770239 0.56125903 0.15521841 1.3130901 0.9313429 -0.2423707 -0.19500382
40 0.05840351 -0.39377144 0.7480082 0.13420513 0.62824905 0.13970083 -0.76805085 -0.13124388
32 0.033458628 1.2432638 -0.017119778 1.1799461 0.28415197 1.6244495 0.6824964 0.21889219
44 1.8059263 -0.88711274 1.9692743 0.43778828 0.08441298 -0.2475965 0.31685725 -1.6011591
49 1.139054 1.13126 -0.7524251 0.36884806 -1.0748509 1.390357 -0.6298567 1.4216228
47 0.6124392 1.4254724 -0.27755693 -0.13985156 -0.9143447 1.8717009 -0.5151396 0.95745254
42 1.449153 -0.94775003 2.0363278 0.36710215 0.36058012 -0.8467507 0.41430518 -1.4074258
45 2.13071 -0.32061872 1.5684541 0.1838418 -0.6497262 -1.5480447 0.5612973 -1.2155703
46 0.35839787 1.4787816 -0.8514641 -0.05592027 -0.83423334 1.4984214 -0.888699 1.4655505
48 0.48784864 0.7693752 -0.54212326 0.64815444 -0.6216583 0.14539784 -0.5329309 1.2503755
