50 8
40 0.17769045 0.5248607 -0.24381895 1.2924583 0.0698062 -0.124715626 -0.54456395 0.2770356
31 -0.40215576 0.57212025 -0.1038078 0.8836362 0.44187424 -0.11961434 -0.17355792 0.6447023
42 -0.60541165 0.14596593 0.6048988 -0.05232357 0.60736656 0.34312412 0.18590614 0.5098431
30 0.19736816 0.554416 -0.28425565 1.36031 0.36739045 -0.3736899 -0.52023476 0.3386346
43 -0.537882 0.118954234 0.7467973 -0.07078354 0.60579264 0.30286422 0.29170328 0.2782626
18 0.45742765 0.3717828 -0.15998767 1.317785 0.23465784 -0.38478175 -0.7750619 0.09786748
1 -0.49071184 0.15875587 0.4816051 0.13910536 0.4461706 0.7873315 0.119733155 -0.03519231
23 0.3530794 0.58950764 -0.1370478 1.2550842 0.5238803 -0.60796416 -0.81453323 0.16158813
39 -0.3648951 0.5190564 -0.35211906 1.0642024 0.7665128 -0.032673966 -0.22402762 0.5040343
25 0.923669 0.07931757 0.07862098 1.2728238 -0.09468082 -0.202427 -0.7638934 0.016936176
36 -0.69307 0.0011957072 1.2749156 -0.5108629 0.05117736 0.9987455 0.6740715 -0.038773444
44 -0.7520307 0.2696393 0.6341787 -0.2640062 0.77740115 0.73597085 0.17686261 0.13640897
13 0.2805576 0.4767338 -0.22049616 1.3513261 0.28706408 -0.43642938 -0.6708819 0.27954638
15 -0.41616753 0.3556402 0.408084 0.38474634 0.44875777 0.054914188 0.31400174 0.52700925
28 -0.70164025 0.19621274 0.8786041 -0.35670394 0.41775522 0.7560711 0.38305247 0.26227388
20 -0.6390845 0.017068204 1.0299147 -0.3026204 0.16465499 0.8407398 0.5258182 0.15914641
45 -0.7039711 0.30824858 0.87051094 -0.38689342 0.5207273 0.97657585 0.4193045 -0.026141703
27 -0.72686833 0.022140637 1.3112271 -0.65293276 0.2737144 0.94272 0.7692824 0.14902501
26 -0.66561145 0.49953058 0.0548718 0.6749113 0.61549824 -0.15666425 0.15090382 0.61612195
49 -0.57987046 -0.16567957 1.393904 -0.5148626 -0.20863676 1.1406683 0.70990604 0.017940508
6 -0.67846376 0.26079297 0.5661959 -0.019808192 0.57234573 0.52048385 0.29146668 0.43546557
41 -0.3845676 -0.19813223 0.99276656 -0.351236 0.2640519 1.3994923 0.3588463 -0.39478
19 0.5063058 0.28256136 -0.017741425 1.3264577 0.24550039 -0.7404432 -0.7946111 0.34407347
29 0.012363976 -0.0119295865 0.27995077 0.39670566 0.593236 0.3214422 -0.28174528 0.15844026
12 0.7485937 0.27709436 -0.051218662 1.4419585 0.25864708 -0.7634609 -0.972482 0.2114233
16 -0.27523795 -0.23914129 1.1867771 -0.46571892 0.039700713 1.1367117 0.45102474 -0.039057754
3 0.6245448 0.3483836 -0.20311572 1.4881445 0.41490787 -0.8300423 -1.0689037 0.25119802
34 -0.08433035 -0.7287766 1.5145574 -0.70092446 -0.21480234 1.2602123 0.3661636 0.010578733
17 -0.41078228 0.19828327 0.7891318 -0.17251015 0.38708958 0.80477667 0.33478355 0.023178067
7 0.4611205 0.48908064 -0.17952973 1.3914621 0.50161856 -0.9801396 -0.77920586 0.63542765
0 0.7386873 0.13453557 0.03713075 1.3793248 0.31443864 -0.90059954 -1.040969 0.15695278
24 0.633997 0.33392525 -0.016043799 1.3912666 0.2057007 -0.8299712 -0.9484927 0.24345353
48 -0.53361964 -0.011422558 0.86253077 -0.25249672 0.36394626 1.0941988 0.51782817 -0.018989187
2 0.8826798 0.1464151 0.24130814 1.4201168 -0.23782405 -0.80763006 -0.8587904 0.05784934
10 -0.5355545 0.42802382 0.49643326 0.29916856 -0.1410083 0.36109716 0.10363628 0.4053323
35 0.9066636 -0.18684731 0.3010378 1.3445472 -0.45083064 -0.64558667 -0.72101897 0.3601559
46 -0.5806388 0.038890105 1.3967756 -0.62222034 -0.034856405 0.9739621 0.40391114 -0.23086762
4 -0.34829935 -0.33465037 1.5340052 -0.6613278 -0.32691646 1.1935718 0.5524822 0.08503628
38 -0.47092038 -0.2528216 1.4309891 -0.6099651 -0.120916635 1.2587501 0.720872 -0.062150277
32 1.0417378 0.072847724 -0.03654992 1.6687504 -0.17609476 -0.76427746 -1.0144264 0.23624799
14 0.93572813 -0.5931755 1.4932005 -0.09609724 -0.83463985 0.60221183 -0.5851227 -0.71142393
33 1.3190322 -0.37568834 0.30703464 1.5648572 -0.67221546 -0.62904996 -0.8292518 0.1355367
21 1.2041407 -0.23890376 -0.019794002 1.7239128 -0.42585266 -0.6331546 -1.1846453 0.25722712
5 0.024940165 -0.34750763 1.9377469 -0.8179032 -0.44211566 0.8005201 0.5388067 -0.14295405
22 1.1814471 -0.1619063 0.11231108 1.6555966 -0.28330764 -0.8957926 -1.0796597 0.27325755
8 -0.5874848 0.55669963 -0.34418544 0.92870456 0.7810139 0.14071184 -0.24127002 0.5309435
37 1.5252105 -0.44523194 0.32375592 1.5951273 -0.6570656 -0.7983763 -0.9523326 0.21227902
47 -0.18015589 -0.35720867 1.212738 -0.31586635 -0.33666873 1.5058943 0.63466334 -0.30314034
11 -0.20661499 -0.58201915 1.7008059 -0.7556123 -0.33231694 1.349815 0.43583474 -0.35625497
9 0.1455051 -0.68089426 2.0795357 -0.89498824 -0.5142707 0.9968226 0.4092219 -0.2736284
