50 8
1 -0.60363096 0.16739617 0.61061203 -0.6872126 0.21885262 0.79145044 0.7193351 -0.39647076
41 -0.45841053 0.18668117 0.55175877 -0.858868 0.50755835 1.0094286 0.5556114 -0.7906315
49 -0.6348746 -0.03740439 0.7113148 -0.87900233 0.1984349 0.99278843 0.7891776 -0.6289925
29 -0.3588626 0.08987896 0.57231677 -0.68393165 0.28434238 0.32612318 0.037680853 -0.1488779
27 -0.42113468 -0.23610142 0.65890795 -0.9757205 0.8028751 0.3622697 0.98933154 -0.053925842
38 -0.47681698 0.25616914 0.59907866 -0.8457208 0.53520685 0.95969677 0.93190116 -0.63992876
26 -0.35392076 -0.13940759 0.23927854 0.70777136 0.59946686 -0.43927613 -0.090241745 1.2491574
45 -0.13106585 0.09748707 0.7041625 -0.7259143 0.19812769 0.67673427 0.30196717 -0.5358054
10 -0.27410877 0.06132156 0.41814026 1.4038984 0.008269542 -0.6275477 -0.19322419 1.4681151
17 -0.5274915 -0.35034245 0.5996292 -0.87767154 0.8109724 -0.026880015 0.94004786 0.5799485
28 -0.6176069 0.34085488 0.6181465 -0.8906606 0.23144943 1.1093285 0.78168064 -0.6758425
36 -0.37793556 0.4128814 0.57676834 -1.1191171 0.40001616 1.247808 0.49355978 -1.0444663
31 -0.6006406 -0.10205257 0.7931088 -1.1151514 0.30032662 1.0581034 1.0102626 -0.5303587
19 0.46333155 0.084546626 0.6709549 1.0807397 -0.081442066 -0.66996837 -1.32442 0.6805189
18 0.06630535 0.21891125 0.2909034 1.2526017 0.31393865 -0.50282824 -0.7905048 0.9395507
34 -0.10735925 0.18737984 0.80720234 -1.1133069 0.03362009 0.9720047 0.03596975 -1.013553
44 -0.47297084 -0.13616386 0.73617536 -0.9594237 0.41620544 0.6341708 0.8254676 -0.27331382
14 0.31324434 0.5733452 0.69234324 -0.3672532 -0.30728754 0.7602439 -0.4115292 -0.74767375
46 -0.58196735 0.35238746 0.570652 -0.7290913 0.32966876 0.6870314 0.6921902 -0.48953354
43 -0.6495462 -0.012355076 0.6546191 -1.1085188 0.57696766 0.9019716 1.1417414 -0.41298553
39 -0.6371287 0.41891366 0.50596005 -0.9098483 0.54338354 1.0032372 0.9796315 -0.65844935
13 0.42474744 0.6301385 0.31702045 1.1185929 0.12381745 -0.28009075 -1.3737056 0.4089367
15 0.2993136 0.3033913 0.45897064 1.4577581 -0.02319166 -0.6193499 -1.1937426 0.96995556
5 0.22821179 0.68209785 0.24742125 0.96721524 0.4515317 -0.38874677 -0.30226874 0.7139525
42 -0.5079828 -0.44738102 0.75288826 -0.8271077 0.37849015 0.13518587 0.4093511 0.18575174
6 -0.60146964 -0.2501147 0.72271365 -1.1752585 0.5976236 0.44789833 0.69305485 -0.17626902
4 -0.3602191 0.2763507 0.80413675 -1.1687939 0.052056704 0.98185134 0.45095032 -0.94804245
21 0.17554583 0.40999925 0.29924098 1.4659338 -0.063701846 -0.31015602 -1.4131083 0.6579374
25 0.58866173 0.35373342 0.5667233 0.62127966 -0.3047031 0.17432792 -1.3460001 -0.008246857
20 -0.6464865 -0.077580936 0.5322344 -0.7858731 0.46901068 0.5503906 0.60926676 -0.054162756
12 0.40495896 0.44615754 0.4380616 1.4965254 -0.018318912 -0.56280565 -1.348846 0.7560199
16 -0.34134656 0.19102266 0.5902771 -1.1410705 0.29241994 0.98226726 0.04691178 -0.76286453
33 0.42814904 0.14148347 0.49402428 1.5618654 0.17092788 -0.7726728 -1.2763677 1.0338616
30 -0.0449718 0.27194232 0.4587313 1.6114229 -0.1371859 -0.6736117 -0.4500451 1.303805
23 0.62711644 0.37502587 0.39779156 1.4518884 0.37880802 -0.508365 -0.96816844 0.61082816
37 0.082389235 0.1246652 0.36619502 1.521514 0.13015713 -0.74179626 -1.2224259 1.3005536
48 -0.46980026 -0.041802667 0.73562104 -1.211443 0.35261524 1.0133419 0.6573783 -0.6217087
3 0.58771765 0.40911666 0.4270166 1.2890526 0.08577625 -0.5403313 -1.7206302 0.5998396
11 0.22652423 0.52862954 0.53478837 0.044759225 -0.3449142 0.49911776 -1.0864524 -0.4561798
32 0.29009613 0.21531321 0.50866765 1.3955104 0.0833493 -0.88991636 -1.3409386 1.3029174
0 0.22779866 0.06586383 0.4953242 1.3477421 0.17138143 -0.84175295 -1.3191395 1.2570852
7 0.3245513 0.072258666 0.4661241 1.4988643 0.26635283 -0.8427138 -0.833728 1.4449754
22 0.438443 0.29649836 0.53096783 1.6313777 -0.071599424 -0.83359915 -1.4513812 1.0633876
35 0.16118665 0.18712188 0.48031086 1.4608626 0.18128847 -0.88180405 -0.83523 1.2650671
9 0.18628122 0.05194841 1.0517951 -0.5307706 -0.5019812 0.6398045 0.035045646 -0.7718375
47 -0.4030862 -0.16668163 0.86576414 -0.76828325 0.24918047 0.89416635 0.905506 -0.7910669
40 -0.42898294 0.25375897 0.68311554 -0.82568425 0.2063528 1.0125501 0.99050057 -0.5458103
24 0.2402608 0.3016487 0.34298214 1.5244471 0.20737132 -0.85910165 -1.3074249 1.484455
8 -0.6223731 -0.5100525 0.50569075 -0.6491019 0.84568477 0.15754543 0.95756936 0.47933814
2 0.56993073 0.27115226 0.51860595 1.5919546 -0.037613414 -0.99859697 -1.6144322 1.3022115
