50 8
40 -0.091491796 -0.15685679 0.7784786 0.17052343 0.101788096 -1.0013076 -1.0085052 0.53774214
24 -1.038838 -0.10472143 0.44930193 0.48606467 0.47171673 -0.29597372 0.46379882 -0.7224597
45 -0.5354169 0.92291623 0.4565359 0.19464675 -0.8227634 0.27558148 1.0008073 -0.42704868
43 -0.5931451 0.92290694 -0.013280757 0.49332866 -0.96197355 -0.04189802 0.752669 -0.23751928
39 -0.17569444 0.42729834 0.4491722 0.29238752 0.6373618 -0.2538863 -1.3881632 0.76494986
38 -0.55787873 1.0639888 0.30662677 0.42061585 0.51779777 0.94326115 0.026933651 -0.09264603
18 0.17640163 -0.21460488 0.925138 0.12977944 -0.07208405 -0.83620775 -1.3681853 0.76961553
25 0.4147208 1.1503776 0.7627767 -0.22983052 -0.30692917 0.29026195 -1.0590672 0.9324802
1 -0.5317974 0.96675116 0.74519676 0.06565348 0.18873827 0.73268515 0.68415797 -0.26106796
42 -0.446858 -0.06532935 0.50283945 0.3080287 -0.711887 -0.81080884 0.12126353 -0.22169724
27 -0.63481194 0.7058374 0.17894681 0.5150191 -0.87729466 0.17054646 0.8967225 -0.8172438
20 -0.6447273 0.67094994 0.2815976 0.4285228 -0.9237768 0.16975683 1.016451 -0.67766726
23 -0.8082429 0.017489858 0.92600876 -0.084154665 0.93376404 0.11944553 -0.3450583 -0.050357565
16 -0.079730816 1.1337197 0.38786823 0.36473715 -0.92971206 0.6334635 0.38661936 -0.45905638
28 -0.28360242 0.2548501 0.56663173 0.44445714 -1.1853814 -0.41531232 0.7960293 -0.47636053
34 -0.5768592 1.292264 0.19514191 0.42273504 -0.29397166 1.0211673 0.6021496 -0.036960706
41 -0.25897163 1.2625977 0.4006721 0.31289783 -0.6086132 0.91968906 0.4351663 -0.08883139
2 -0.26852995 -0.5808523 1.1585729 0.14368016 0.84939265 -0.8826866 -0.87380785 0.28520903
0 -0.25516662 -0.33123055 1.1164281 0.12108544 0.79963994 -0.69924337 -0.7723665 0.46397728
21 -0.56724983 -0.29988903 0.3969897 0.58104056 0.4993031 -0.7475138 -0.82196563 0.24941593
36 -0.8380339 1.0780215 -0.113026746 0.7413916 -0.6672379 1.0223743 0.74363244 -0.5606496
31 -0.119362116 -0.21631299 0.23928031 0.8344853 -0.19019412 -1.0755973 -0.8535905 -0.09659965
17 -0.86857504 -0.23276576 0.64047164 0.24018572 -0.5248578 -0.4424785 0.653529 -0.70043504
37 -0.41074488 -0.5978324 1.1446056 0.2701802 0.89524174 -0.39715308 -0.78525543 0.1959886
7 -0.6125344 -0.5627889 0.6444253 0.29289967 -0.5019277 -1.1882155 0.016178248 -0.19780193
13 -0.007887806 -0.29864788 0.4104255 0.81457585 -0.17700107 -0.7336779 -1.1918659 0.39151055
19 -0.7171994 -0.31353882 0.74655366 0.37923136 0.69259894 0.15752031 -0.58014804 -0.22293098
4 -0.8377555 0.84525037 0.60919625 0.2631955 -0.1859742 0.94433546 1.2066313 -0.6300062
30 0.18678762 -0.22873704 0.7735733 0.44265455 0.35721514 -1.0258567 -1.525752 0.56751686
29 0.2990873 0.76832944 0.06200714 0.71129316 -1.4281325 -0.22333226 -0.4529597 0.3816553
33 -0.3446273 0.87638956 0.7630893 -0.12984401 1.1891133 0.20450073 -0.61917245 0.60019404
26 0.009980071 -0.09361828 0.22740297 0.8099451 -1.2833409 -0.6981178 -0.46174344 -0.44414175
12 -0.19496517 -0.25662187 0.8509508 0.16391458 0.53212696 -0.8445785 -1.149953 0.6623008
6 -0.47933438 -0.5022082 0.9014824 0.32422486 -0.5512949 -0.534328 0.21647543 -0.51462376
14 -0.6581946 1.5451164 0.16123214 0.25170818 0.3144906 1.2931144 0.18665297 0.082719184
3 -0.7637678 -0.34544575 1.1056122 0.032377988 1.6232531 -0.25606635 -0.6753006 0.40047815
15 -1.077579 -0.30247098 0.57731664 0.17608455 0.2611354 -0.85741895 0.49247712 -0.42039117
5 -1.05227 0.85561645 0.23202777 0.42176247 -0.55111 0.597279 1.400869 -0.62899536
49 -0.5228022 1.3744018 0.13443933 0.4421033 -0.883943 1.0529366 0.74750894 -0.2166392
11 -0.5612026 1.4910169 0.10345992 0.6676242 -0.044900894 1.5812793 0.49136537 -0.16340716
46 -0.75895184 1.2458404 0.1600061 0.48277268 0.19695763 1.0971329 0.56501704 -0.073054574
35 -0.36169663 0.19312243 0.8491411 -0.006289991 1.3366697 -0.1908424 -1.3254025 0.75936455
9 -0.6085486 1.3221887 0.38092095 0.2648247 -0.14281677 1.2510369 0.6772075 -0.16875795
32 0.4205287 0.026539845 0.6907961 0.64014333 0.24403164 -0.4715025 -1.7439449 1.0292672
8 0.2343548 -0.2637391 0.44829836 0.66987956 -0.87722296 -1.3896394 -0.8841255 0.04518704
10 -0.4534029 -0.27275103 0.66259354 0.5487739 -1.0906097 -0.5773169 0.7502374 -0.52208513
44 0.8528678 0.5829892 0.47434554 0.3142988 -0.997944 -0.7939405 -1.726167 0.9656833
48 0.23641305 0.97448736 -0.2914116 0.90798086 -0.86902213 -0.31815657 -0.82586616 0.091049805
47 -0.46833655 1.6725978 -0.0051278137 0.38992414 -0.46580198 1.0309978 0.4478388 -0.38886523
22 0.2698444 -0.046872664 0.67542696 0.5858049 0.74178326 -0.36910495 -2.1206298 0.93525064
