50 8
1 -0.60263187 -0.34243318 0.22286828 -0.7808577 0.20648992 0.9784373 0.37516278 -0.20183547
49 -0.7542473 -0.42545488 0.13159838 -0.97626024 0.26741773 1.0505501 0.61906296 -0.091206096
27 -0.8887859 -0.36909267 -0.15285699 -1.0651557 0.41723406 1.221096 0.9660612 -0.14494997
17 -0.7288586 -0.34273875 0.16021949 -1.0203565 0.2877106 0.89121795 0.8779314 0.25201395
28 -0.9282674 -0.11756204 -0.03682014 -0.9065633 0.39657962 0.9859849 0.62783635 0.11935488
18 0.22118717 0.37824416 0.14136334 1.5035784 0.30823702 -0.01450085 -0.04617481 0.65723836
20 -0.47323036 -0.36697415 -0.10688245 -0.63802445 0.45605755 1.0314045 0.47415876 -0.12640645
14 1.1374812 0.2851355 0.8093051 0.84660023 -0.03554606 0.35374668 -1.1527499 -0.3926016
36 -0.92265457 -0.21990201 -0.14407758 -0.8774801 0.5735037 1.1002934 0.88756794 -0.3012257
40 -0.6162561 -0.2374197 0.04014843 0.13678697 0.095301814 0.6390425 0.73149693 0.17309473
31 -0.9150052 -0.30089873 0.018445458 -0.8518758 0.32230315 1.013473 0.7129861 0.004599112
41 -0.8719811 -0.40821826 -0.074581206 -0.77531993 0.40121567 1.0819397 0.7905585 -0.24331407
43 -1.0613798 -0.1421104 -0.12158704 -0.60358685 0.5952672 0.9630118 0.7879829 -0.36080632
25 0.7693817 0.3494028 0.6919135 0.8717977 0.1229848 0.24434865 -0.9043903 -0.10685575
47 -0.9312615 -0.6211105 0.047976248 -0.7638891 0.36940843 1.0568632 0.66533774 -0.38150734
42 -1.286274 -0.32332557 0.024612918 -0.7742458 0.5520082 0.74293536 0.95642805 0.15266119
16 -0.34314105 -0.40387863 -0.083588004 -0.77853644 0.25367463 1.1129949 0.44761074 -0.13651083
45 -0.9550948 -0.15042722 0.048911083 -0.9857387 0.20150469 0.988177 0.83026016 0.24252896
39 -1.1940022 -0.37800992 -0.057968102 -0.89422333 0.37462687 1.0153193 1.0587838 0.12359643
4 -0.48403755 -0.34833783 0.37042525 -1.1375777 0.24441788 0.95847243 0.32396933 -0.40261492
44 -0.9010631 -0.25986326 -0.08501718 -0.61997 0.4481589 0.7797645 1.1317455 0.42365307
26 -1.0698348 -0.33771583 0.21137756 -0.6745987 0.22145225 0.59907377 1.2158374 0.622043
6 -1.0577179 -0.29190934 -0.038731046 -0.76837635 0.37669045 0.8322688 1.1933863 0.4728049
8 -0.8340569 -0.46606728 0.032232106 -0.36168268 0.2670084 0.6344425 1.0524989 0.53177667
38 -0.34711462 -0.5197278 0.4985596 -1.0045187 0.25800052 0.954679 0.29497272 -0.7977344
21 1.0101945 0.23612088 0.920739 1.0955129 0.06784901 0.14692979 -1.3493841 -0.16630782
10 -0.23122005 1.2083553 -0.26990804 0.71336406 0.08690811 0.42487127 0.13783656 1.1918019
46 -1.1020074 -0.25476533 -0.07218787 -0.8591121 0.5176312 1.1273127 0.64001024 -0.3925104
24 0.74923545 0.3617365 0.9047835 1.4762529 0.15477519 -0.25898087 -0.7463274 0.47008255
34 0.3332855 -0.57346535 0.49907076 -0.82042 0.22821683 0.98302424 -0.1455387 -0.8882481
23 0.7124956 0.48223746 0.80812424 1.3294079 0.31190497 -0.26204407 -0.5756102 0.30489334
12 0.70628256 0.58547115 0.81835127 1.5847614 0.3673752 -0.26724193 -0.9166032 0.06278198
37 0.9692089 0.6313155 0.95664203 1.800857 0.07036585 -0.49850786 -0.5908162 0.95999146
19 0.97437346 0.6561296 1.1130462 1.5340785 0.1153731 -0.5180061 -0.6298097 0.6358088
7 1.0869853 0.65555674 0.8562495 1.5067456 0.13541302 -0.27167284 -0.6652276 0.80344856
48 -0.9582119 -0.115081534 -0.025807135 -0.9447565 0.25549474 0.8495673 1.1851208 0.56126696
33 1.2064568 0.5486078 0.8553575 1.5703425 0.048245106 -0.09010283 -0.9028663 0.31351826
15 0.89030236 0.6690083 1.0050236 1.4402298 0.0045960527 -0.36508137 -0.57120204 0.6561723
29 0.20107456 0.00063748256 0.07689748 0.22380494 0.65989053 0.49434698 0.08516749 -0.30667454
32 1.088681 0.7297796 0.8317141 1.7432978 0.3530518 -0.29842424 -0.72631705 0.2678019
35 1.2017201 0.50887275 1.2895125 1.3299437 0.089134544 -0.44122624 -0.9413803 0.48008126
0 1.1217129 0.71774226 1.1203653 1.7548552 0.15249783 -0.48376283 -1.0646623 0.5284496
22 0.9955489 0.7361004 1.064079 1.8220017 0.039029352 -0.44633782 -0.90215385 0.77338284
5 0.64750975 0.67959046 0.39804113 0.21339585 0.20490052 0.32936233 -0.23586838 0.16994451
30 0.6511034 0.57514447 0.7593462 1.7713969 0.16371953 -0.32509726 -0.49665624 0.50164586
2 0.78482014 0.57492787 0.90369755 1.7202508 0.19617252 -0.21250288 -0.9785676 -0.14426005
13 1.0909276 0.52505606 0.8563658 1.426524 0.24930663 -0.24218974 -0.8114195 0.37766466
3 1.3668804 0.6962757 1.0193369 1.5676156 0.17619565 -0.15233329 -1.2718432 -0.047182128
11 0.15311456 -0.25804296 0.71985024 -1.3264759 0.09204061 1.1145856 -0.41428176 -1.1281048
9 0.7619447 -0.21690479 0.86393964 -0.47717252 -0.21569028 0.74116015 -0.54330844 -0.65571165
