50 8
43 -0.29507715 0.14278325 0.6409239 0.8399304 -0.06688466 0.26914752 -0.036317453 -0.38814077
1 -0.2966875 0.77438474 0.26041663 0.80993384 -0.030263254 0.5964305 -0.3234111 -0.20334674
23 -0.41704512 0.50996864 0.41099906 0.612451 -0.096541286 0.07932746 -0.824613 -0.09556258
41 0.13073644 0.74240303 0.8050345 0.43750885 -0.8589857 0.8452517 0.0026642836 0.23553146
48 0.25484446 0.28282318 0.39943668 0.73722404 -0.30381438 0.10642572 -0.03689057 0.48694646
19 -0.35412627 -0.07930679 0.3791161 1.111327 0.20520669 0.061233252 -0.3465999 -0.59807104
24 -0.67936456 0.28450257 0.29243693 1.0088288 0.20442446 -0.2534454 -0.95155376 -0.7206042
26 -0.5712935 -0.8680144 0.9406118 0.6679553 0.3228375 -0.54952407 0.087779514 -0.25294617
2 -0.24678539 0.2798783 0.11312776 0.44493824 0.5993788 -0.14419885 -0.7549155 0.61714524
15 -0.5978981 -0.46874264 0.35395208 0.58574903 1.009529 -0.7484537 -0.5643499 0.17730585
17 -0.59255475 0.10336458 0.8581979 0.34182456 0.10085254 0.11058238 -0.6251661 -0.20532614
39 -0.4253819 -0.09401398 -0.28893122 0.7453074 0.9724736 -0.5224469 -0.8264909 0.66164756
49 -0.30313048 1.3378842 0.70147294 0.21710944 -0.9282794 1.0856988 -0.336022 0.23044707
20 -0.07406848 0.3431052 0.9477357 0.64788854 -0.9457994 0.4132493 0.11189739 -0.13732998
16 -0.16759397 1.1524925 0.6197509 0.52425563 -0.9387775 0.565339 -0.39849272 -0.016549068
40 -0.24029414 -0.59056574 0.10589454 0.85490286 1.15139 -0.4924145 -0.124343194 0.407499
34 0.10660526 1.1653948 0.19629782 0.48590058 -0.21611522 0.7436649 -0.5910852 0.5008592
27 -0.22016448 0.6543642 0.591432 0.59865266 -0.924251 0.86186445 -0.20326163 0.03916211
12 -0.3295262 -0.7840066 0.2776966 0.9165769 0.74994427 -1.1494325 -0.59634274 0.14206876
8 -0.3463001 -0.8026074 0.36672628 1.1951026 0.14869791 -1.2100004 -0.23162523 -0.14118098
31 -0.43737668 -0.49767214 0.29857823 1.0161699 0.84697497 -0.9341336 -0.7351791 -0.31029597
38 0.07442667 1.3341749 0.061428417 0.3692682 -0.3516634 0.39718574 -0.6292465 0.8640617
6 -0.29352012 -0.7195638 0.7476088 1.0654702 -0.31159726 -0.7562173 0.0001309219 -0.38774142
4 -0.015678082 1.0519625 0.68620807 0.6008892 -1.3244112 0.9461143 0.19598685 0.17208251
25 -0.20931426 0.8126345 0.30743432 0.56534225 -0.82755595 0.32603708 -0.42882973 0.4263044
28 0.12505257 -0.3121528 1.1324694 0.884213 -1.246088 -0.010275346 0.35765153 -0.21112303
0 -0.39605734 -0.55490667 0.1795114 0.532609 1.3477575 -0.34376916 -0.061883193 0.6551477
21 0.007820029 0.4893825 0.1928965 -0.0047081616 0.6405429 0.47212934 -0.059096202 1.4175653
36 -0.19576453 0.5907936 0.64705217 0.68551666 -0.919564 0.66908604 0.16515641 -0.02789198
18 -0.39811286 -1.132482 0.13745242 0.8500122 1.560321 -0.7408805 0.3006263 0.6506203
30 -0.1738574 -1.2198645 0.49852917 0.6605361 1.624572 -0.6324487 0.5946225 0.73023254
37 -0.38065898 -0.87754416 0.13324936 0.49197918 1.7118901 -0.553912 0.2136172 1.0250009
45 -0.32895526 0.561144 0.4544867 1.0504537 -0.84703505 -0.016586836 0.081738316 -0.3721495
44 -0.049830187 -0.15638338 0.23249221 0.88780284 0.49521396 -0.82694733 -0.7080467 0.19465108
14 0.067544356 1.4040362 0.4778283 0.19295357 -0.47358036 1.3682828 -0.18730234 0.65899354
5 -0.35934585 0.43797332 0.83725244 -0.30753392 -0.46830377 0.8293144 0.7850766 1.3680191
9 -0.24812554 1.3680292 0.2462635 0.04702008 -0.49947426 1.2470003 -0.0918111 1.0198885
29 -0.12338322 0.9549344 0.28204188 0.6504096 -0.99336386 0.44260466 -0.29314056 0.42981225
10 0.16532375 -0.7186379 0.9824045 0.7186837 -0.38337725 0.0724655 1.5142517 0.5709858
47 -0.79772896 0.80594045 0.13305143 0.3764223 0.3648823 0.42578715 -0.90709156 0.11101905
3 -0.29213524 0.31497094 0.018218072 0.41995835 1.4888391 -0.07522974 -1.38002 0.3199913
13 -0.012510511 -1.4066588 0.48012325 1.1712375 0.37989265 -0.39625585 1.5837898 0.53538114
7 -0.2603445 -0.9928702 0.40615746 1.0601795 0.3970918 -1.0368029 -0.03140436 0.07935349
35 0.106836334 -0.23819526 0.39903566 -0.11863871 1.0320071 -0.00046868867 0.3821515 1.8064059
32 -0.03916883 -0.7826162 0.79986197 -0.22210963 1.2957041 -0.41398802 0.6742278 1.7117941
11 -0.034011405 1.0722944 0.69015515 -0.11414676 -0.4893221 1.6924435 0.15617603 0.9817312
46 -0.23708768 1.2403839 0.103677236 0.5009868 -0.94639736 0.53818065 -0.33972108 0.6652276
42 -0.5607306 -0.42322394 0.5835745 0.34713918 1.1670038 0.26305637 0.75122726 0.4920644
33 -0.12058369 -0.7295678 1.0324961 -0.6387361 1.2674431 -0.40032414 1.0330443 2.1797338
22 -0.14601772 -1.1933647 1.1033248 -0.45657974 1.5207762 -0.20812748 1.1418927 1.931136
