50 8
43 -0.53049517 0.72508234 0.63989294 -0.2760017 -0.05592499 0.21873745 -0.21971184 0.2722385
23 0.25022534 0.30540097 1.2340777 0.19792117 -0.113330215 -0.12580734 0.10331364 -0.40796745
28 -0.4759926 0.83486766 0.6569434 -0.32019925 -0.1644944 0.2276797 -0.005561909 0.18959586
19 -0.5062854 0.659626 0.69859487 -0.25645673 -0.052226216 -0.27358642 -0.23395395 0.5313067
24 -0.30452698 0.74395734 1.0408652 -0.59914833 -0.46248794 0.007135936 0.23945801 0.11793438
46 -0.290162 0.8183799 0.7451729 -0.65448475 0.117305055 0.44740096 -0.48062027 0.28023103
27 -0.29746494 0.5785971 1.0528041 -0.8128643 0.10310885 0.40340433 -0.0031232028 0.17571798
39 0.14311832 -0.04722682 0.36098084 1.6311266 0.0808921 -0.041475616 0.27953616 -0.006348581
20 -0.3948895 0.31647795 0.89012736 -0.5724616 -0.068238124 0.62694186 0.012294764 0.22430699
42 -0.49749416 0.5796891 0.5028443 -0.35369927 -0.13994966 -0.22241966 -0.085247345 1.0195951
1 -0.0048154523 0.4675155 1.1938 -0.69361866 0.12421217 0.9696816 0.0988113 -0.40750867
26 -0.8678086 0.032137454 -0.042883296 0.48319307 0.14739247 0.36847523 -0.11263829 1.1897032
36 0.37226412 0.50850433 1.2832991 0.10081203 0.029256562 -0.16324936 0.5157444 -0.51344275
12 -0.50568396 0.4012953 -0.031691305 1.3714708 0.29255155 -0.23175089 -0.056580286 0.48779228
34 0.6164724 0.4414364 1.0644565 -0.27949476 0.03289416 0.8254492 0.008081076 -0.33195454
45 -0.46917576 0.49608898 0.6510698 -0.2709891 0.022164915 0.4351683 0.1649842 0.32221228
38 -0.49776524 0.44253454 0.9018111 -0.021841351 -0.40850037 0.57498676 0.35687748 -0.39447674
11 0.17484196 0.34933767 1.5148215 -0.70917004 0.079640195 0.9404791 -0.122589916 -0.6960468
31 -0.57555497 0.10111891 -0.2586501 0.89939594 0.19297622 0.35120055 -0.14667347 1.1991987
4 -0.107946515 0.72678775 1.2224708 -0.83359784 -0.1024369 0.114464186 0.074037164 0.019387769
49 -0.13387537 0.49116609 1.1750971 -0.9138711 -0.026627278 0.3936812 0.031695753 0.19436008
41 0.31773895 0.9882816 0.62472624 0.110163026 0.37200102 0.82463676 -0.09738067 -0.4863934
6 -0.8329296 0.2705433 0.34319064 -0.09924783 0.16732164 0.6346104 -0.34773135 0.6470609
17 -0.8683732 0.1467999 0.9259295 -0.9467124 0.031219535 0.48898032 -0.4653652 0.67474496
16 0.4383984 0.38567427 1.0132235 -0.5831408 0.08504614 1.4396826 -0.07260321 -0.33994108
2 0.46042877 -0.045768887 0.8919575 1.4120804 -0.6531068 -0.8016186 0.122005574 -0.1606518
14 0.075646356 0.64474183 1.1481619 -0.8604911 -0.17989978 0.98161894 -0.23885994 -0.31717867
15 -0.99549013 0.64863867 0.5797333 -0.3743686 -0.31561345 -0.34587255 0.057690796 0.7828857
9 0.41249132 0.59628516 1.3309041 -1.0243084 -0.32600358 0.5621791 0.25576192 -0.007233166
5 0.29287395 0.7730375 1.0985949 -0.7682896 0.04315707 -0.19551781 0.06653457 0.39013347
8 -1.0458624 -0.14592983 -0.3352687 1.1574801 0.28681627 0.57617706 -0.16317886 1.0438738
10 -1.3012255 0.7636932 0.34512717 -0.19130503 -0.40192556 -0.21771699 -0.23974942 0.76255906
0 -1.2286254 0.3995168 -0.047051683 0.62319314 -0.094864406 -0.4718733 -0.24215262 1.1622244
40 0.044633057 -0.5489247 -0.52157897 2.5744002 0.08396677 0.5552193 -0.10051954 0.7621769
7 -1.1913656 -0.07899753 -0.31155246 0.7131124 -0.14694667 0.32208177 -0.048114996 1.5168439
25 0.6823952 0.31334126 1.0310822 -0.22446458 0.0034385775 1.1891407 -0.029986447 -0.4015226
21 -0.06310164 -0.52025783 -0.19876356 2.2453694 -0.2794984 -0.27748874 -0.37829465 0.975773
29 0.31669292 0.40023193 0.49710763 -0.50521845 0.35425738 1.2886019 -0.44221687 0.551632
18 -0.0046552685 -0.22992899 -0.3121121 2.4770455 -0.017280512 -0.6177309 -0.21049368 1.0287813
13 -0.45780897 0.1170394 -0.409 1.4366468 0.6529418 0.0051673483 -0.4535128 1.2297608
32 0.8448624 -0.36168858 0.22476868 2.685768 -0.12879732 -0.4021243 0.78693885 0.14746179
30 0.09324951 -0.33153236 -0.47107083 2.69639 0.27829406 -0.23892683 -0.18534037 0.9923599
44 0.27569667 -0.20836322 0.037049327 1.711193 0.77189904 0.24424069 0.17769434 0.525026
3 0.7430965 -0.1127456 0.37586 2.072829 -0.31897432 -1.1480253 -0.19052 0.55472636
48 1.3083509 0.66034746 0.7002426 0.5377575 0.26636177 0.80475754 0.25663584 -0.44924536
22 1.0068853 -0.65456563 0.9198627 2.2630298 -0.29422367 -1.4431484 0.49064273 0.23614672
33 1.4216126 -0.5668533 -0.004851594 2.8617404 -0.036429185 -0.37930205 0.3712322 0.7565607
35 1.496985 -0.5793817 0.65527356 2.377767 -0.051675916 -1.1870954 0.51369476 0.5649104
37 0.9831502 -0.73652047 0.3215425 2.8879998 -0.1713119 -1.3054334 0.34826848 0.88410294
47 0.6611913 -0.41120964 1.4676825 -0.15298265 0.031281896 1.6151054 0.058450934 -0.86001915
