50 8
43 -0.55967814 0.030610437 0.3344878 0.779407 -0.3344607 -0.18180017 -0.012608652 -0.94414526
1 -0.5111257 0.32539982 0.16513763 0.7402305 -0.6339705 -0.19517769 -0.232632 -1.5093207
23 -0.60576755 0.2939062 0.51289624 0.033279512 0.51315236 -0.78327924 0.22925334 0.40826714
40 -1.1852983 0.13317218 0.21992515 -0.11206002 0.22777015 -1.0464907 0.4995079 0.051462498
28 -0.51754534 0.12866594 0.05309272 0.74092525 -0.9315454 -0.41632265 -0.098897435 -1.2249525
27 -0.5952954 0.15141869 -0.025653854 0.69381535 -0.6603634 -0.40036914 -0.35848844 -1.2370938
26 -1.1165618 -0.19773652 0.39043438 0.26724383 -0.06422997 -0.70332056 -0.08511936 -0.93868583
19 -1.0784771 -0.500264 0.28764623 0.37716666 0.45457828 -0.6786337 0.2818897 0.8191791
41 -0.57188517 0.55967766 0.17456178 0.39548126 -0.38597798 -0.32797903 -0.26076862 -1.2005819
42 -0.6583107 0.29203427 -0.05203977 0.6504448 -0.41822737 -0.763553 0.09585065 -1.1870655
9 0.34913105 0.9964596 0.5663134 0.4343939 -0.53984135 0.9524306 -0.51328117 0.305387
34 -0.040557414 0.7177379 0.82445496 0.53471684 0.051907666 0.3899053 -0.4786685 -0.98437816
4 0.39637208 0.863603 0.76841015 0.634073 -0.6232511 0.95496786 -0.8051223 -0.62472767
10 -0.060356136 0.29317522 -0.05722036 0.65577245 -0.41373232 0.15074517 -0.11742352 1.1031158
36 -0.23197205 0.61890817 0.23568676 0.7432301 -0.7592881 0.06580695 -0.12154623 -1.3593878
17 -0.07959416 0.46141818 0.3150568 0.7744849 -0.80877966 0.15743893 -0.45152825 -1.1142509
45 -0.29389954 0.7675618 0.13682616 0.51753056 -0.6931042 -0.1699272 -0.24979252 -1.447
48 -0.4491084 0.3439086 -0.035997268 0.7321864 -0.6926557 -0.5336638 -0.17088751 -1.3037301
25 0.047512427 0.8832053 0.38695553 0.05787523 0.15961692 0.37556702 -0.47910818 1.5056274
24 -0.22274727 0.64882046 0.23976022 0.06832536 0.50795466 -0.26666558 -0.079970345 1.827826
3 -0.1423421 0.58693033 0.57695574 0.17282797 0.80748004 0.073813215 -0.18603417 1.8052672
29 -0.75257456 0.033910196 -0.3509614 0.22749491 -0.57634836 -0.82068676 0.14983283 0.6865497
47 -0.48960662 0.33774275 0.037329584 0.8036473 -0.8059546 -0.108882464 -0.19601849 -1.3787712
6 -1.0309037 -0.27270156 0.06650033 0.6097936 -0.67220515 -0.41848457 -0.018193165 -0.96303093
31 -1.1835089 -0.5581045 0.040904827 0.56835085 -0.08941728 -1.252424 0.17820936 -0.79996824
39 -1.0035245 0.034139983 0.03278388 0.463253 -0.4938358 -0.83062196 0.11014767 -1.3290423
30 -0.7609518 0.08122451 0.2615769 0.19028246 0.83459014 -0.74726707 0.2480414 1.2186549
18 -0.64325565 0.16419517 0.13961175 0.13476126 0.62219125 -0.55798715 0.23683019 1.959219
49 -0.14286503 0.34597114 0.6486534 0.6789924 -0.9167007 0.5525437 -0.60780275 -1.1992093
38 -0.24920599 0.70131385 0.6769116 0.46829134 -0.62996423 0.35798073 -0.28555784 -1.2815839
44 -0.8716646 0.20767486 0.004341902 0.40331292 -0.598533 -0.8939027 0.13416836 -1.3302393
22 0.00047256585 0.5885331 0.6396391 0.25134572 0.6680084 0.20911516 -0.13107319 1.8970855
7 -0.75038993 -0.08454577 -0.06609226 0.19743764 0.29625565 -0.6513865 0.08088558 1.8672861
46 0.3378104 0.64162534 0.69820505 0.466626 -0.10742499 0.29303274 -0.33986413 0.48454157
20 -0.1775145 -0.05664304 0.34075764 0.89636415 -0.9948508 0.18615088 -0.72670835 -0.85270154
33 0.076377064 0.7592001 0.6360068 0.13320933 0.65435773 0.41514915 -0.33964097 2.0760276
13 -0.61541396 -0.005001915 0.1732181 0.25814635 0.48631814 -0.41495696 0.14257383 2.1943362
14 0.48267487 1.3159971 0.3621545 0.25922748 0.1574056 0.650184 -0.5860806 1.2647024
15 -0.3806003 0.05163868 0.22083303 0.39899012 -0.014603997 -0.74257493 0.4226336 0.86272687
8 -0.9441272 -0.37906343 -0.61919475 0.58984375 -0.1505892 -1.3336397 0.118738875 0.5163191
2 -0.2939904 0.36189494 0.44364345 0.18668771 0.7971395 -0.25252664 0.030337183 2.0595758
12 -0.24706693 0.24002756 0.022052044 0.21625671 0.17878762 -0.5198749 0.03868514 2.2584176
0 -0.14676222 0.53391635 0.50716037 0.13975468 0.61638534 -0.109906994 0.08736884 1.9958831
35 0.20335153 1.1405408 0.5784808 0.0326463 0.6168967 0.34204227 -0.13737044 1.8248779
21 -0.38255194 0.4562338 0.49969867 0.08400082 0.8029539 0.028078912 0.026096074 2.2501237
37 -0.094978385 0.59374243 0.52589375 0.08024534 0.65354884 0.33365354 -0.25577363 2.6486542
11 0.66405547 1.4111688 0.8132851 0.38118827 -0.6139724 1.0187234 -0.7758364 -0.45467788
16 -0.0948277 1.027101 0.3427776 0.33855572 -0.81820655 0.0654969 -0.1229892 -1.0730202
32 -0.041577987 0.70068336 0.63834685 0.099744454 0.6669843 0.4740289 -0.0041383407 2.5058076
5 0.3897753 0.41104257 0.6499402 0.9401808 -0.8906189 0.60684276 -0.7647758 -0.8878871
