50 8
36 -0.90715235 -0.020297294 1.1502433 -0.6437095 -0.2842427 -1.8853439 -0.4760093 1.0125834
31 -0.60776937 -0.41782895 1.1047971 -0.40521568 -0.4630523 -2.120536 -0.75333464 0.9776562
39 -0.5448387 -0.2476202 1.1637635 -0.71937954 -0.37189716 -1.7412239 -0.61513263 1.1369919
0 0.8429179 1.0586432 -0.8713297 0.19785853 0.646324 1.5133326 -0.667252 -1.510609
38 -0.9404242 0.028943857 0.98201495 -0.3422672 -0.3415842 -1.8903741 -0.5845425 1.09773
40 -0.80769056 -0.16307259 1.033473 -0.5219434 -0.27010128 -1.7957984 -0.70618945 0.9385846
41 -0.706363 -0.21892539 1.0351037 -0.39768562 -0.4012032 -1.8571728 -0.59911513 1.1320422
3 1.0636702 0.5418401 -0.53455824 -0.16483393 0.8016478 1.9696342 -1.0759175 -1.5632893
27 -0.9372675 0.05872702 0.98706543 -0.37770057 -0.3496746 -1.9080535 -0.50353414 1.2720017
28 -0.94838554 0.04077292 0.9659675 -0.67037654 -0.38237286 -2.053572 -0.53867733 1.2086678
43 -0.8718684 -0.13066053 1.0595398 -0.41452417 -0.41634566 -1.6404982 -0.72266215 1.055752
42 -0.8890079 -0.13509303 1.2185996 -0.39171118 -0.38108888 -1.7539408 -0.653543 1.0165318
19 1.2120937 0.43282595 -0.27260256 -0.07094446 0.7433426 1.6675426 -0.6629109 -1.2295523
33 0.5601029 1.5717276 -1.1905797 0.64850885 0.7197357 1.4853446 -0.39725235 -1.432866
12 -0.2217283 -0.32809043 1.0147864 -1.0463973 -0.214501 -0.16902412 -1.1931396 0.02339612
22 0.73625314 1.3640403 -1.4940068 1.4090639 0.8468704 0.90606 -0.2694651 -1.6053032
34 -0.92272425 0.31843913 0.82738227 -0.69330364 -0.21557057 -1.7284971 -0.21119866 1.4671892
37 0.95798117 1.1449943 -1.467947 1.2321359 0.93881065 0.92933154 -0.31728497 -1.6291313
21 1.1529034 0.6253799 -0.27569774 -0.22890246 0.6317622 1.9327812 -0.68108726 -1.1814647
32 0.6390571 1.543097 -1.3306715 1.1788315 0.7127494 1.1784753 -0.27557296 -1.594367
23 -0.1133685 -0.37594926 1.1434746 -1.237801 -0.0022951711 0.12475072 -0.92355144 0.43560252
25 0.9718648 1.2709826 -1.6141323 1.3005913 0.93990755 0.7511708 -0.022407139 -1.1736089
1 -0.686051 0.14537111 1.0343603 -0.3265612 -0.34095377 -1.7794659 -0.25216866 1.1749661
15 1.115484 0.5289092 0.15564767 -0.40647376 0.71316725 2.0379357 -0.34119403 -0.79792565
7 0.8841073 0.08458204 0.33359778 -0.7012646 0.6183268 2.0067968 -1.152046 -1.1649581
24 0.81001276 0.017004572 0.398792 -1.0835156 0.7092952 1.8620018 -1.0468329 -1.0598041
18 1.1752768 0.556238 -1.39583 1.6959485 0.29590514 0.4020361 -0.7968881 -1.7827334
35 0.63969934 1.1952313 -0.79818046 -0.019387957 0.44005683 1.4027172 -0.93959934 -1.845493
45 -0.48232606 -0.29017535 1.1243694 -0.3793461 -0.41301498 -1.9734888 -0.34806904 1.3097602
20 1.29889 1.0571369 -1.1148635 1.7085083 1.0243268 0.9452871 0.7111322 -0.29758382
8 2.0242407 -0.76384026 -0.46494535 1.1975964 0.83776945 0.94926226 -0.6632296 -0.8445075
2 0.72140884 0.48028022 0.4081875 -1.2120887 0.490594 2.0473466 -0.91858447 -1.2808405
10 1.9328879 -0.047792934 0.017636282 0.43101358 0.59540033 1.6745439 -0.041482076 -0.30654767
13 1.6662049 0.022180833 -0.4902133 0.4406654 0.7621808 1.4606317 -0.73036826 -1.2910795
49 -0.42459255 -0.04668965 1.0313492 -0.21812092 -0.31148484 -1.6926112 -0.09011733 1.4199766
6 0.72767425 -1.2739023 0.55848765 0.44126529 -0.13403754 -1.6046281 -0.6966661 0.3600584
14 0.20699097 1.745466 -0.14554085 -0.037292704 0.7517398 1.6150248 0.8008397 0.23298457
17 0.040575802 -0.03512427 0.69969 0.04608048 -0.2871644 -1.1314956 -0.07326258 0.79248595
4 -0.30587217 1.6385595 0.06523373 0.54366714 0.55534256 -0.31532574 1.8980736 2.019777
48 -0.67824996 -0.15062445 1.0067959 -0.6747576 -0.45885074 -1.852515 -0.6795257 0.9948455
46 -1.002794 -0.09965613 1.2462457 -0.7337968 -0.36697146 -1.7890567 -0.6311234 1.1602362
29 1.6587663 -0.15819933 -1.2097921 1.9684544 0.562263 -0.21910226 -0.42435226 -1.399943
11 0.4219867 2.6148489 -0.86404127 0.9493426 0.666482 0.9770136 2.2964423 1.6472061
26 1.9159428 -1.4382344 0.38057396 0.68176603 0.16254532 0.23505044 -0.9216699 -0.5315485
16 0.7974228 1.2996514 -1.3095413 1.7902462 0.94481224 0.28117552 0.69073886 -0.42014354
9 -0.42092228 2.492878 -0.2880201 0.43440118 0.5326164 0.44431347 2.0729952 1.9085252
47 -0.8271552 0.19100986 1.1990327 -0.5211364 -0.35645866 -1.4995601 -0.18745272 1.4021084
5 0.030361578 2.1391928 -0.052353825 0.47221556 1.0197619 1.0252815 2.2148182 1.5032426
30 0.45586708 0.20391779 -0.33244872 -0.055031482 0.05274596 0.21937586 -1.1008817 -1.2759193
44 0.10796774 -0.6473228 0.27921394 0.723967 -0.2954663 -1.950221 -0.626417 0.15699694
