50 8
19 -0.3717847 0.3344964 0.54340225 0.5070905 0.38646388 0.17904542 0.095980324 0.59615135
24 0.4346574 0.51919955 0.59837 0.2388597 0.5974025 0.7936458 -0.46148956 0.2679829
23 0.35250533 0.7374463 0.52737004 0.16298226 0.71789336 0.81578296 -0.48566055 0.35700276
39 -0.082264796 -0.13097665 0.89473647 0.90316653 -0.14273138 0.111694805 -0.081432894 -0.111757554
2 -0.06605105 -0.35304615 1.0085076 0.64529413 -0.13000222 0.32719293 -0.2122751 -0.5537803
38 0.055680953 0.4533686 0.64551127 0.065557264 0.320634 0.6575867 0.21669152 0.06983571
25 0.6342136 0.66178954 0.6684868 0.6685801 0.42142817 0.6852582 -0.5888422 0.2628563
1 0.53186136 0.035423193 1.0756986 -0.2324072 0.28247905 0.7113634 -0.49939153 -0.25405234
41 0.027085626 -0.82332665 0.8920362 0.14968832 0.28901735 0.10366966 0.56791866 -0.031329487
3 0.3164701 -0.0943179 1.1702033 1.336817 -0.15121138 -0.07600362 -0.7607712 -0.36070195
16 0.5241173 -0.3470972 1.0483611 -1.1287696 0.3792458 0.8466568 -0.044053566 0.16536827
18 0.057883915 0.47705373 0.27970666 1.2950861 0.2874154 0.7859623 -0.76568514 0.42935398
42 -0.5992718 0.8592501 0.25451103 -0.34607437 0.871435 0.55158377 0.31731012 1.0996419
32 -0.19358793 -0.17343119 0.44495988 1.6630217 0.136909 0.29548767 -0.14767268 -0.11836296
20 -0.94668126 -0.21930525 0.58718383 -0.63920265 0.21785238 0.3826622 0.7648351 0.593421
33 -0.8635902 -1.2152921 0.4891979 0.85033125 -0.19322257 0.24948138 0.73817253 -0.09741761
30 0.5369538 0.9116044 0.3322596 1.2030653 0.6280824 0.5566608 -0.36739647 0.74232924
40 0.16189374 0.63947827 0.38666055 1.4175805 0.352682 0.5269617 -0.62832785 0.3531548
6 -1.4231763 -0.026110785 0.11394515 -0.03867216 0.30504826 0.71108335 0.6880926 0.49272922
36 -0.47568604 -0.88175166 0.91333175 -0.92387843 0.24281311 0.2899377 1.1218551 0.076663904
34 0.5858321 -0.37056226 1.3488404 -0.5308666 0.33141613 0.35948998 -0.25195408 -0.32978052
12 -0.6597373 0.74428844 0.15291204 1.3604772 0.5549119 0.1573329 0.102142565 0.7217201
49 -0.0049584303 0.015080436 1.1774181 -1.4896604 0.23963772 0.5949589 0.34559464 0.25286618
26 -0.6562782 0.41215554 0.07634858 0.052185398 0.48848128 0.53177685 1.1311505 1.1988766
35 0.15698746 -1.0433413 1.1229999 0.75623566 -0.020700114 -0.09156265 0.14595023 -0.42243567
4 -0.89216226 -0.78779554 1.0875946 -0.46236566 -0.22222802 0.16267478 0.60914 -0.31767595
8 -0.4851731 1.1696025 0.060711272 0.96279633 0.5295741 0.7177849 -0.20185131 0.8142417
14 0.70758665 -0.08928185 1.343577 -0.47591913 0.08096267 0.52427596 -0.48619464 -0.25022668
29 0.13115269 0.1185794 1.0777119 -0.8800371 0.34064844 0.6023457 0.078987285 -0.069942854
43 -0.81026673 -1.0110027 0.46153086 -0.40745372 0.40094763 0.17451173 1.709481 0.5983633
28 -1.209495 0.32229623 0.064892225 -0.1349136 0.18678859 0.8171205 0.8045987 0.8443797
17 -0.54229707 -0.49509355 0.6717836 -0.90654874 0.2507516 0.6281032 0.9388704 0.2822687
44 -0.1457063 0.42681023 0.40345955 1.232806 0.36602408 0.41706914 -0.46546656 0.31180283
45 -0.67787147 0.3717994 0.64384925 -0.7879889 0.29069516 0.80065155 0.04547922 0.20142224
15 -0.79384226 0.7440996 0.4563657 1.1994808 -0.10557439 0.34819913 -0.35107967 0.2345183
0 -0.18616873 0.24154654 0.7426277 1.2284063 0.13765922 0.3013989 -0.78896374 -0.26634282
48 0.62404317 1.0719788 0.81650525 0.7191647 0.50418043 0.42621642 -0.65866905 0.25156587
27 -0.83207273 -1.2220622 0.95612806 -0.84922135 0.053857073 0.17993726 1.1573509 -0.05825102
9 -0.546756 -1.301469 1.1689638 -0.731049 -0.12832376 0.17800765 1.1674488 -0.42743343
22 -0.35702762 -1.5039822 1.1088723 0.44912905 -0.29730687 -0.018910227 0.16756743 -0.4305532
11 0.3039451 -1.1721797 1.5874401 -0.87832177 -0.36144271 0.39205483 0.1215731 -0.58102626
37 0.021232018 -0.26131144 0.8989971 1.5083454 -0.14681448 -0.0009967975 -0.5657482 -0.11848911
31 -0.1454836 0.6693225 0.35989788 0.78514135 0.10183946 0.50789034 -0.2299251 1.0968322
13 -0.73397756 0.4940948 -0.075379536 1.1420305 0.87672997 0.14697148 0.48323765 1.1514603
10 -1.6728354 -0.67510194 0.19453567 -0.13303787 -0.018423755 0.30849388 1.320522 0.88535434
21 -1.1807368 -1.596535 0.5743597 1.355664 -0.508205 0.12680185 0.43069795 -0.6007299
46 0.5970867 0.6483321 1.2178694 0.6482894 0.06029796 0.26689026 -0.8349183 -0.23334815
5 0.44003546 -0.98117006 1.5033056 -0.9766369 0.008453734 0.10367578 0.87724566 -0.2291855
7 -0.22077385 0.5685806 0.12714842 0.80870545 0.51414293 0.33144045 0.6794934 1.1574363
47 1.031386 -0.39399737 1.0011464 -0.1729108 0.29000103 0.8943151 -0.25101295 -0.22318864
