50 8
39 0.2049397 0.47116306 0.78353167 0.7515105 0.43194184 0.25557813 0.014842559 -0.5118772
34 0.24831209 -0.27616987 0.89123243 -0.7155926 0.5819838 1.0331136 0.37516218 0.32202557
42 -0.21360764 0.16553485 0.7637424 0.019171191 0.5052587 -0.30356994 -0.47476783 0.50200987
24 -0.16150996 -0.023247372 0.7421616 1.120861 0.26165104 0.36510512 -0.2716887 -0.42905933
23 0.345039 0.00053659535 1.0446551 0.6244794 0.41405755 0.07459526 -0.7781486 -0.37440047
1 0.24788165 0.15112376 0.5478861 0.24422339 0.85300076 1.2934572 0.60249305 -0.5164726
18 0.6833797 -0.10590063 0.54669154 1.241551 0.22447564 -0.68254536 -0.66759115 0.46875638
35 0.1244075 0.036324266 1.2175299 0.27528742 0.1303868 1.0866024 -0.32440647 -0.7293504
44 0.6622871 0.15666594 0.358282 0.8397082 0.70886946 -0.3247445 0.02068776 0.3044511
40 0.7061246 0.43585733 0.4298511 1.6165823 0.13278031 -0.6030498 -0.2113936 0.13799834
13 0.37411603 0.71588403 -0.17871396 1.2331156 0.28358626 -0.09559246 0.8269329 0.63035655
31 0.62599003 -0.012707065 0.50605077 1.2644897 0.27318737 -0.71519685 -0.6116816 0.47034687
19 -0.0064838394 0.034989834 0.55424225 1.0529301 0.26593468 -0.24769491 -0.1589695 0.14216867
36 -0.5396618 0.3695953 0.4148234 -0.8589413 0.43566766 0.84399855 0.73914784 0.93760175
0 -0.0229449 -0.07460335 0.7911233 1.279652 0.071574286 -0.3287469 -0.8921997 -0.029544849
25 0.088808514 -0.21300946 0.76557136 -0.30622765 0.3455497 0.6932994 -0.37847537 0.5141001
26 -0.8660191 0.30721554 0.1651253 0.590385 0.07731484 -0.90444726 0.0350542 1.3688123
16 -0.3920469 -0.18648069 0.7778059 -1.0059851 0.43330228 0.58732027 -0.08340308 1.0423529
46 -0.26268336 0.80496496 0.4921908 -0.092403084 0.6991756 -0.56721026 -0.20874637 0.6982194
27 -0.21415628 0.32992893 0.28413802 -0.78483206 0.36256215 0.43633425 0.874656 1.3734356
32 0.132523 0.28884315 0.91387403 1.3125422 0.2552846 -0.10881363 -0.8862133 -0.62704504
43 -0.7983308 0.46807858 0.3671959 -0.5872398 0.34980205 0.9143471 0.89391816 0.71601105
22 0.025692198 -0.4124436 1.1537153 0.5329378 0.04551249 0.68079 -0.7872429 -0.34965205
45 -0.0061063264 0.47549528 0.76181597 -0.2442516 0.54354364 0.357792 0.5895763 0.08069696
21 0.35824618 -0.3757965 0.7890501 1.296018 0.3565638 0.462393 -0.351114 -0.5236936
30 0.9008166 0.00756917 0.277147 1.4827235 0.10530371 -0.6890278 -0.1799128 0.729683
15 -0.9729857 0.038054727 0.47277355 0.82550204 -0.32462358 -0.1673902 -0.09618541 0.7397842
49 -1.0409436 0.037552614 0.9718858 -1.0149727 0.35013893 1.4607797 0.44908208 0.1753971
2 0.5916546 -0.033419173 0.72564226 1.2899096 0.10206268 -0.37994382 -0.5796933 0.05378006
28 -0.9746688 0.34249362 0.66720194 -1.4430544 0.5486358 0.7755453 0.1744367 1.1042968
41 -0.29119703 -0.17790174 0.5326105 -0.51461047 0.33337492 1.583082 0.8814487 0.4541679
37 0.6031685 -0.05077436 0.7669019 1.7684364 -0.048090298 -0.15420987 -0.30780825 -0.40993375
3 0.56630045 0.19550955 0.8151699 1.7884046 -0.06616328 0.089397766 -0.42744818 -0.6946018
14 -0.47390416 -0.06010669 1.1506671 -1.0434476 -0.21282467 1.4373282 -0.10577905 0.5025648
38 -0.28227687 0.42322734 0.42418775 -0.64172673 0.5257071 1.3890105 1.2689925 0.3134395
4 -0.88205975 0.6065429 0.33921877 -0.8360435 0.25415486 1.0704442 0.827337 0.9283861
6 -0.19536282 1.0322053 0.017393196 0.45384234 0.6471991 -1.4373536 0.045975424 1.3184612
17 -0.68222445 0.16991882 0.60658073 -1.0909944 0.5272453 0.114496775 -0.19759092 1.3542125
20 -0.8721151 0.42505538 0.13764764 -0.26549435 -0.0661847 0.3634375 0.9604316 1.3691797
9 -0.51170415 0.044328034 0.926504 -1.1938151 0.018196657 1.6200631 0.48885867 0.56274897
33 0.4228019 0.2488978 0.3584651 2.1260943 0.31978363 0.28028128 -0.0020415592 -0.7552209
12 0.39103043 -0.06292795 0.53327364 2.296285 -0.027282976 -0.35857496 -0.3841094 -0.35557657
11 -0.75258446 0.09335637 1.3292775 -1.3212094 -0.02367042 1.5147688 -0.17902477 0.23192693
29 0.2522775 0.34373915 0.5157376 -0.26474658 0.78311527 -0.4418359 -0.50279266 0.89595896
8 0.2903015 0.75729096 -0.3566537 0.95601326 0.6352816 -1.0301663 0.3313657 1.3837625
5 -1.0800598 0.41391778 0.59263253 -1.1617148 0.23992912 1.2145249 0.44522306 0.8969289
48 0.63217306 0.7479964 -0.07391976 0.558258 0.4527321 0.040292628 1.0529637 0.73852015
7 0.16001086 1.0121803 -0.27757382 1.0525928 0.2117268 -1.1318648 0.2697078 1.3926799
47 -0.4874393 -0.8836056 1.1094055 -0.03165568 -0.40169364 1.3733317 -0.040620513 0.27186167
10 -0.8739433 0.8742658 -0.5282673 0.5590921 0.04782232 -0.40968025 0.6989195 1.8627212
