50 8
20 -0.23354721 -0.22147979 1.0204903 -0.13078888 0.33648375 -0.09223311 -0.7719716 0.047576096
43 -0.26276594 -0.38763404 0.75164455 -0.8888906 0.67037064 0.80743647 0.54412454 -0.06892318
19 0.043793153 0.47939107 0.6218042 0.5316684 0.3003611 -0.23423624 -1.0553031 0.40771163
27 -0.07797726 -0.36656728 0.78227687 -0.93340385 0.6153278 0.9075074 0.7733473 -0.060126547
0 -0.038870353 0.39376828 0.069472626 0.85791516 0.6603209 -0.03117998 -0.43602884 0.6491429
46 -0.23838693 0.17714354 0.7566635 0.1306224 0.39943638 -0.09585515 -1.0526928 0.19546048
28 -0.440688 0.098801486 0.57785565 -0.67638 0.75777227 0.74433345 1.1311356 0.22675374
3 0.3361849 0.47824088 0.27121556 1.0210042 0.43816552 -0.21606779 -0.9963678 0.5341444
12 0.15814218 -0.04638709 -0.097042605 1.405714 0.6705532 -0.09571357 0.39650604 0.9759434
24 0.13735299 0.29764494 0.4426829 0.33646196 0.26042792 0.043232683 -1.3791431 0.48459798
17 -0.3328107 -0.25238743 0.600584 -0.8399866 0.78026396 0.69878423 0.8860333 0.3341538
40 0.011641313 0.46886447 -0.15363592 0.96959674 0.47967646 0.8925945 1.1169971 0.6131765
18 0.14303316 -0.033160985 -0.059617706 1.635061 0.49297994 -0.30372128 -0.5811846 1.0192865
25 0.62275594 0.3454577 0.025912436 0.93325794 0.39996302 0.17380354 -0.97495216 0.6111191
10 -0.37585855 0.38771147 0.71632046 0.17586122 0.35413608 0.14213327 0.14203423 0.27165866
30 0.2416312 0.23833714 0.03168052 1.5953555 0.3840454 -0.101005964 0.09430141 0.9257402
7 0.20172402 0.042648867 -0.06094533 1.1544625 0.7140857 -0.2688272 0.13624735 1.1663018
42 -0.67142206 -0.51203114 0.75314766 -0.94771177 0.84213144 0.42790243 0.9267 0.48923022
1 -0.04201868 -0.11500649 0.91689324 0.03346931 0.21411636 0.45051 -0.45015463 -0.35077173
39 -0.037807602 0.3764065 0.13516966 0.22395466 0.6057213 0.863052 1.1000695 0.3965739
29 -0.05672777 0.16468026 -0.15204854 0.43846026 0.98410475 0.3360972 0.45740262 0.74139494
6 -0.26326784 -0.10278612 0.06654951 0.17812787 0.7922344 0.5712173 1.0133467 0.71809167
8 -0.11728081 -0.017154124 -0.12654588 1.286806 0.45021865 0.28560296 0.69664836 1.1231563
21 0.2707992 0.13270439 0.47527382 1.1378249 -0.0013807605 -0.0024159637 -1.5535188 0.33565634
16 0.099607766 -0.28546226 0.77867395 -0.24465577 0.100677 0.80132246 -0.28734887 -0.083339445
33 0.6871638 0.3169274 0.3515158 1.4088764 0.119398214 -0.04455038 -1.6217052 0.18855299
23 0.24284652 0.38358885 0.579816 1.1582243 0.3795745 -0.63305545 -1.1683257 0.44925207
26 -0.54405516 0.19426188 0.089772984 0.27163595 0.8336753 0.3977662 1.0627174 0.85000247
35 0.34048802 0.05960892 0.39005187 1.1273499 0.39241832 -0.51726335 -0.7942223 0.8979281
11 0.4064759 -0.18127303 1.249705 -0.7004821 0.07064577 0.55443966 -1.3316061 -0.67170364
5 0.15703857 -0.16031878 1.3176212 -0.8086979 0.20607187 0.4090003 -0.80502254 -0.5317786
4 0.2731726 -0.06647808 1.1004697 -0.603621 0.07146159 1.2577562 0.3889887 -0.8158951
48 0.29609522 -0.007687846 0.221812 0.028212724 0.54127175 1.2184535 1.4174136 0.14820318
14 0.7300434 -0.07937296 0.8870873 0.23994568 -0.1261468 0.63213307 -1.3818934 -0.52828556
31 -0.5120382 0.24769075 0.09848143 -0.06486056 0.84332436 0.56707877 1.3500016 0.9255108
22 0.41900268 -0.017561639 0.6634451 0.89588094 0.06951294 -0.17923434 -1.5630946 0.28641915
37 0.4578626 0.023747457 0.7624229 0.98163384 0.007002505 -0.20849437 -1.4880002 0.11758801
47 -0.0034028562 -0.38797346 0.98600817 -0.89173836 0.33951166 1.2134273 0.8725365 -0.46250296
41 0.13966483 0.031948045 0.18689911 0.10475876 0.6134201 1.1938657 1.6164865 0.16603391
44 0.1334844 -0.21391505 0.36332548 0.06697894 0.60533524 0.70895797 1.4680812 0.45460254
49 -0.23488297 -0.16087851 1.1753198 -1.055403 0.267026 0.85216415 -0.41186604 -0.57220316
2 0.035894588 0.5492573 0.08624647 0.9937945 0.6129188 -0.2657217 -0.6951544 0.8073384
34 0.67485076 -0.3343287 0.99436 -0.6428897 0.19210988 1.0943624 0.6670211 -0.49571612
15 -0.79495907 -0.36785516 0.82705206 -0.7200632 0.6200453 0.21451992 9.287916e-05 0.43897074
13 0.6209176 0.4915762 0.32504535 1.5640692 0.3013504 -0.31998444 -0.8510213 0.42138818
32 0.42686278 0.54591703 0.21664111 1.425083 0.43542305 -0.5004865 -1.141403 0.7693984
36 0.15698609 -0.25379017 1.166876 -0.9858838 0.20399809 1.2137153 0.26309273 -0.77115935
45 -0.58688855 -0.13573746 0.9203339 -0.81413907 0.44387656 0.7649588 0.48138827 -0.010175487
38 0.09290919 -0.09899854 0.6592009 -0.5392739 0.46938157 1.303569 1.1611967 -0.33364472
9 0.7137001 -0.13463837 1.4885418 -0.59637916 -0.08208631 0.45051715 -0.8231945 -0.76046973
