50 8
19 0.5652322 0.10733936 0.45325947 0.50503576 0.62168145 -0.3511814 -0.56332266 0.74914277
28 -0.17473163 0.5698217 0.80378574 -0.27065653 0.09441579 0.7128632 0.8977979 0.14949153
23 0.26700035 0.09786239 0.31820175 0.32058758 1.1682153 0.10313149 -0.4620378 -0.33111206
12 0.31521344 0.47952694 0.2395065 0.9120915 0.9188347 -0.27822804 -0.54915273 0.29727593
34 0.41485417 -0.12354988 0.43027753 -0.09889798 0.70420605 0.98888046 -0.043885525 -0.7656971
31 -0.50039595 0.47316924 0.47088712 -0.20027013 1.134172 0.45719334 0.48145643 0.109509155
25 0.6922576 -0.21349053 0.4713346 0.48997724 0.5239429 0.1861903 -0.74717385 0.03900645
24 0.32402277 0.13487738 0.29027867 0.5767948 0.8302465 0.2567417 -0.71669316 -0.038611818
43 -0.08655183 0.13699462 0.82589847 -0.35181117 0.36203417 0.7226839 0.879335 -0.2994111
36 -0.12720618 -0.021732852 0.99402905 -0.63657606 0.42080885 0.73164344 0.5779797 -0.8650114
13 0.4481314 0.34983522 0.2615947 1.0339317 0.5875417 -0.14893249 -0.51032615 0.66471577
40 0.12413677 0.57224315 -0.033691753 0.7682181 1.4311852 0.12411275 -0.0075579165 -0.1215706
1 -0.2973145 0.18395396 0.942129 -0.53285265 0.39471695 0.92464477 0.95914596 -0.7228395
27 -0.33921453 0.20562904 1.0529217 -0.42398813 0.082927585 0.3947165 0.85251075 0.31250635
4 0.2150254 0.1650204 1.3411196 -0.2362851 -0.8551368 0.5280456 0.40295446 -0.3102952
9 0.592034 0.057144556 1.1883037 -0.24463622 -0.8152068 0.8138541 0.42830896 -0.56578016
16 0.53014064 -0.15262502 0.9535784 0.029571295 -0.23590524 0.2874941 -0.3535228 0.19673821
17 -0.34238672 0.3055143 1.138672 -0.69511956 0.18832037 0.078215055 0.7320073 0.5479872
21 1.1402375 -0.22633998 0.5846583 1.0059197 -0.18311873 0.2042995 -1.3395891 -0.20195548
46 -0.47069213 0.15002461 0.9146724 -0.73047125 0.75527567 0.5283471 0.63759637 -0.33718744
45 -0.23161517 0.12634066 1.1673936 -0.7579716 -0.053635944 0.6183994 0.80851734 0.192458
42 -0.19064404 0.42334068 0.81544703 -0.26936498 0.60611564 -0.23936626 0.36023828 0.5858337
26 -0.39304256 0.1956157 0.7779737 0.30358607 0.41942734 -0.17549868 0.46141753 1.2011149
2 0.9260422 0.05530682 0.5164047 0.9572837 0.30425596 -0.58141565 -1.0539683 0.6391581
14 1.0804199 -0.42157683 0.6990015 0.19658078 -0.08234934 0.8695702 -0.8540625 -0.89427483
49 -0.2739079 -0.124181874 0.94045776 -0.42689708 0.25297374 1.2363524 0.7467646 -0.8888765
38 -0.4568441 0.5784235 1.1267054 -0.36419833 -0.14809223 0.38089517 1.2842484 0.35042205
10 0.4123846 0.92114437 0.9393174 0.67852587 -0.9208031 -0.16577078 0.17014603 0.9754405
15 0.69802153 0.17432064 0.85470575 0.7476719 -0.7731629 0.5065032 -0.31202817 -0.05606973
18 0.4545063 0.23099612 0.41082394 0.9214177 0.7176697 -0.67832005 -0.86985534 0.7427771
41 -0.23170137 0.07593809 0.72687924 -0.46621764 0.67780334 0.95943934 0.6365492 -0.6952286
30 0.44546682 0.74412185 0.14940889 0.96229386 0.94777584 -0.6003549 -0.6146141 0.8562353
7 0.4785555 0.65684164 0.389256 0.6838658 0.3513661 -0.15656261 -0.105800845 0.55603844
39 -0.5610146 0.5884388 0.44152793 -0.5412141 1.310049 1.1063701 0.9433395 -1.0020065
6 -0.25437528 0.2089956 1.0709157 -0.3146436 0.36540774 -0.60742086 0.3127406 1.0800124
29 0.19190246 -0.2267774 0.37423134 0.20956968 1.319369 -0.09740633 -0.17994659 0.10227511
20 -0.41351697 0.2230292 1.268239 -0.42419508 -0.33046904 0.29693767 0.915469 0.7595548
33 1.3628008 0.08520529 0.5097028 1.3569747 -0.3629673 -0.03820392 -0.9552503 0.08848083
22 1.2412276 -0.26360393 0.8267763 0.9663519 -0.3980145 -0.25625044 -1.2311971 -0.020620745
37 1.0342023 -0.04947574 0.91047287 0.9300917 -0.35048714 -0.8948393 -1.0628088 0.9553879
5 0.6024072 0.3492371 1.1063267 -0.16928238 -0.9356891 0.8092941 0.8145433 -0.18622983
8 -0.44462708 0.44576395 0.658651 0.43326715 0.660045 -0.5171043 0.2616338 1.5002419
3 1.3090549 -0.24148397 0.6039385 0.81509113 0.023085833 -0.21378763 -1.3992814 -0.03440987
0 1.0439076 -0.005771104 0.23687553 1.1239716 0.75816953 -0.35984284 -1.4778609 0.14578219
32 1.1628342 0.21368511 0.29359958 1.4618591 0.23567708 -0.35824788 -1.1648327 0.27026373
11 0.84607047 -0.3952144 1.0245297 -0.17153864 -0.66213185 1.3579515 -0.13157545 -1.0725898
48 -0.24586205 0.33629015 0.43580264 -0.5710659 1.3097295 0.80542713 0.6889533 -0.6722298
44 -0.3472623 -0.34978065 0.4659646 -0.54111856 1.7803807 0.59841275 0.35039228 -0.7053541
47 -0.29781875 0.10587074 0.6058133 -0.23637746 0.62092537 1.5701773 0.84899014 -1.1993259
35 1.1045691 0.33195543 0.26357675 1.5983354 0.32310465 -0.44333118 -1.4575409 0.18921869
