50 8
28 -0.049335197 0.4341668 0.037564643 0.8492074 -0.761056 -0.33160105 -0.15688334 -0.5414622
31 -0.21218635 0.3919082 -0.18679821 0.3472453 -0.24104466 -1.3029346 -0.4383953 -0.7411381
43 -0.26078126 0.33881488 0.05989573 0.4865244 -0.57919234 -1.0685456 -0.19200623 -0.8222692
44 -0.08682641 0.56268686 -0.20611535 0.40784994 -0.3920713 -0.9521695 -0.5813798 -0.6533552
15 -0.634957 -0.16981605 0.7251484 0.3796314 -0.46693563 -0.5959789 0.15461132 -0.07494143
48 -0.012143224 0.49079293 -0.19128868 0.75412107 -0.5940731 -0.5666381 -0.33269075 -0.5403187
27 -0.28854114 0.38565674 0.10730282 0.7675177 -0.6971245 -0.39684525 -0.20708768 -0.65000665
45 -0.398864 0.26447588 0.053875905 0.8102997 -0.75646424 -0.6440773 -0.32826474 -0.97357565
16 -0.43208563 0.29898903 0.43264493 0.6338763 -0.85665166 -0.39610812 -0.061156366 -0.67574954
23 -0.50110924 0.079771295 0.24617784 0.59286565 -0.5269027 -0.96562225 -0.20206407 -0.86093044
49 -0.38156447 0.32991487 0.46318516 0.9603395 -0.93919176 0.12763283 0.2217417 -0.4737634
1 -0.25331005 0.31834102 0.09708537 0.8714924 -0.66510105 -0.48594195 -0.114023596 -0.79605806
40 -0.09046598 0.16947725 0.4070766 -0.061107494 1.0493287 -0.8518068 -0.26629078 0.8318066
6 -0.36196202 0.30132923 -0.028820056 0.4290644 -0.50248796 -1.0878662 -0.381719 -0.8690465
20 -0.003911454 0.48657513 0.02147002 0.90474236 -0.69394815 -0.2153057 -0.10658782 -0.43939692
8 -0.42708433 0.18883727 0.346335 -0.33788264 0.113691814 -1.5563422 -0.32581377 -0.1734181
42 -0.6824772 -0.011051498 0.75965995 0.02524495 0.09444613 -0.7157322 -0.04692424 0.16082153
26 -0.5204749 -0.09080269 0.60530293 -0.16640823 0.11989466 -1.4041861 -0.38647 -0.24700491
19 -0.8212081 -0.32163972 0.74039656 0.14692512 -0.30021268 -1.1372921 -0.1165762 -0.31301415
38 0.32745942 0.9871523 -0.3169618 0.7209455 -0.4858025 -0.2884691 -0.2583448 -0.46094543
47 -0.13636476 0.67960393 -0.26195276 1.1022886 -0.8983812 -0.1198079 -0.099458985 -0.6849717
17 -0.8123806 -0.36533946 0.9463284 0.3133938 -0.40634158 -0.67465496 -0.18378225 -0.28695738
4 0.08418115 0.88809156 0.04552636 1.0686563 -0.8578635 0.33760768 0.15997449 -0.47481915
14 0.49348113 0.78899384 -0.2537066 1.0991763 0.23244807 1.0342758 -0.12340271 1.1362501
10 -0.15044123 0.50574416 -0.011862342 0.3014073 -0.37732688 -0.9179916 -0.060403485 -0.34523252
29 -0.58747506 0.27687463 0.33061266 -0.063035324 -0.38262013 -0.8937722 -0.09886335 0.05134366
39 0.03918688 0.6696097 -0.33822957 0.5368168 -0.12946975 -0.72295916 -0.45647123 -0.5198113
24 -0.48340875 -0.3697494 0.9178033 -0.14332701 1.1242706 -0.5786452 -0.12056594 1.4645706
13 0.28242332 0.4127577 -0.21034427 0.022010028 1.2306998 -1.0961939 -0.42880628 0.78166354
18 0.08503567 0.16933116 0.22763701 -0.16930604 1.2332792 -0.81915444 -0.47388533 1.3412197
41 0.12768295 1.0910865 -0.32185307 0.99131334 -0.6996215 0.034154397 -0.023782725 -0.73209363
7 -0.19682662 -0.20538303 0.41719693 -0.2296367 1.1065623 -1.0575559 -0.5889935 1.189023
2 -0.5243526 -0.423728 1.0676258 -0.21953149 1.1784647 -0.8373445 -0.021664508 1.2510325
36 -0.0014040186 0.70916826 -0.41387156 1.1424384 -0.7932627 -0.24355893 -0.083530664 -0.7608404
34 0.17005377 1.0504858 -0.37346876 1.2897542 -1.0568438 0.40361875 -0.05375904 -0.5922809
11 -0.09745631 0.79339033 0.2090164 1.2939938 -1.0803972 1.1358852 0.15997264 -0.053779047
12 0.33408016 0.5072115 0.35520643 -0.034305487 1.2798978 -0.014341437 0.13348599 2.1373205
25 0.5736035 0.8764839 -0.42686227 0.6452311 0.28336832 0.44612128 -0.33018687 1.2100469
0 -0.25816116 -0.17643677 0.90759283 -0.057666663 1.2908522 -0.29029688 -0.09632937 1.6957102
35 0.39632332 0.47310823 0.5831579 -0.22177045 1.321222 -0.12880817 -0.16892861 1.9832041
21 0.23508547 0.54569376 0.7485736 -0.10390741 1.3306994 0.3635655 -0.08384983 2.2097058
30 0.21508814 0.1640444 0.5698572 -0.1575732 1.6479805 -0.36953518 -0.33952287 1.8710172
3 -0.0988454 0.07596449 0.7459721 -0.13327397 1.3424636 -0.18212156 -0.028941339 1.9657909
9 -0.20673248 0.83385473 -0.01505187 1.3031795 -1.0747844 0.7769678 0.30001578 -0.27548155
46 0.09620256 0.016774243 0.7164387 0.68627536 0.6343806 0.84203935 0.025999544 1.7781088
5 -0.28525385 0.27145657 0.47840545 1.0589341 -0.9801765 0.68938386 0.2798763 0.18543436
33 0.17359208 0.53007674 0.687118 -0.31703216 1.5451356 0.01226526 -0.14775275 2.2379975
32 0.20882002 0.492926 0.61236125 -0.06401062 1.4534043 0.24673957 0.088284105 2.3177092
22 0.35335204 0.56240994 0.46743256 0.07522666 1.5740622 0.31859672 -0.28501546 2.1769462
37 0.2286034 0.41796556 0.64763236 -0.26211646 1.4125931 0.06423034 -0.22256303 2.3071105
