50 8
1 -0.5011193 0.37103924 0.9427055 -0.62730205 0.7351228 0.29393175 0.13810495 -0.37692907
42 -0.69572306 0.022165425 0.3604634 -0.59169304 0.8781262 0.5840069 0.330662 -0.11357531
28 -0.6486016 0.6128535 0.40478972 -0.56559604 0.57128656 0.9498023 0.7436349 -0.25122464
26 0.001410261 -0.8166521 0.40789306 0.6083945 1.296664 -0.120489545 0.37888622 0.09513471
45 -0.6454507 0.3791936 0.6190188 -0.59592617 0.9293586 0.67663664 0.51263547 -0.4813384
43 -0.504237 0.15017892 0.36486107 -0.43256468 0.8499781 0.71243787 0.7934382 -0.15898614
27 -0.78108615 0.51334524 0.5133582 -0.72305185 0.29003158 0.8027104 0.66719306 -0.14597625
36 -0.75266874 0.3875352 0.5794544 -0.7950445 -0.10254272 0.9815408 0.25598693 -0.04520371
41 -0.43142965 0.1316378 -0.07507201 -0.27135912 0.047418274 1.4143473 0.052117463 0.26679713
16 -0.5672772 0.07797998 0.63865626 -0.9253992 0.17466603 0.4553467 -0.33847314 0.25034234
39 -0.29073066 -0.28180298 0.21162601 -0.1336109 1.3832717 0.55121887 0.6205443 -0.14227377
17 -0.41920903 -0.10601182 0.49580234 -0.3069205 0.8994761 0.3238287 0.71472394 -0.06449437
40 -0.24395663 -0.2567842 -0.24204399 -0.07990755 0.990398 1.0908296 1.3690947 0.14977008
15 0.03536116 -0.2724996 1.0263429 0.46958032 0.9624545 -0.61613125 0.42190808 -0.02415115
20 -0.9331175 0.2521566 0.5529801 -0.93781036 0.25664487 0.49160498 0.14488661 0.043311138
49 -0.7369682 0.4300366 0.53783166 -0.7630122 0.5466154 1.1117437 0.7942682 -0.46010908
6 -0.36682498 -0.24139057 0.60927093 -0.66768706 1.0818832 0.31186923 0.26503316 -0.08785609
31 -0.09213966 -0.40888757 -0.06531329 0.55733603 1.2995259 0.44136563 1.2504393 0.12901059
8 -0.0003602375 -0.8596967 0.39646322 0.63781166 1.0047582 0.46299455 0.3355182 -0.11383478
18 0.5493058 -0.75044876 0.16317378 1.3529401 0.61615056 -0.16490829 -0.59999377 1.0105877
34 -0.8113519 0.3533877 0.6132285 -1.1635172 0.021886505 0.99649256 0.28366688 -0.11138632
25 -0.1307105 0.33690286 0.21996169 0.34321302 -0.36606047 0.7371486 -0.9660079 0.6589122
44 -0.09874119 -0.4860957 0.35109964 -0.28464442 0.87013644 1.0277873 0.6964033 -0.17713962
19 0.32520553 -0.3080896 1.0943791 0.8762992 0.53253144 -1.0878104 -0.6211859 0.6554782
29 -0.44037378 0.08338967 0.5938364 -0.38233706 0.9461686 0.8822493 0.5700891 -0.5804611
38 -0.9953399 0.54757524 0.4050725 -0.95378023 -0.11977403 1.2233431 0.15744375 -0.09443475
46 -0.9592211 0.58984596 0.085467495 -0.73287046 -0.1545031 1.249301 0.6205788 0.17610887
7 0.55416054 -0.36875138 0.37711063 1.2078103 0.07331488 -0.46056202 -0.63964295 1.3306333
23 0.14564808 -0.19449322 1.2476599 0.525683 0.55170006 -0.85772574 -0.6636386 0.29374135
48 -0.13741332 -0.11185458 -0.03779591 -0.24741772 0.34696364 1.553422 0.76165754 0.08254574
14 -0.22945547 1.043274 0.3000367 0.20776473 -1.2076536 0.601708 -0.5549119 1.0187513
12 0.36609557 -0.23271641 0.44209135 1.2496842 -0.17334926 -0.59766567 -0.94650626 1.396636
22 0.22526889 -0.20619673 0.3032138 1.0203246 -0.7056558 -0.32450056 -1.0160416 1.6617731
21 0.33203575 -0.5347861 0.21040228 1.378533 -0.69092697 -0.22351325 -0.91629213 1.6632143
5 -0.844643 0.81389683 0.40533575 -1.267551 -0.35805553 0.6521659 0.29193223 0.55533034
47 -0.4464327 0.005185989 0.20233217 -0.40877062 0.8841421 1.1991397 1.165758 -0.3323709
9 -0.36868313 1.2530049 0.952892 -0.4135477 -1.6493914 0.7670486 -0.8446776 0.60403734
24 0.19423649 -0.20987885 0.94394004 1.0654093 -0.24993004 -0.9762814 -1.0953977 1.1170061
33 0.37151313 -0.33276868 0.123943366 1.5689533 -0.76858914 -0.16873619 -0.8982047 1.7384038
13 0.37696296 0.011186373 -0.245094 1.4033549 -0.17024995 0.57736653 0.28237778 1.0444843
30 0.50213027 0.022922086 0.19191009 1.4825889 0.15401094 0.09423466 0.4551071 0.7865863
10 -0.51934755 0.6707692 0.16805649 0.4568449 -0.83495325 -0.113119625 -0.53901845 1.2981759
32 0.43689507 -0.21284458 0.22587664 1.4739172 -1.0609974 -0.3288896 -0.910824 1.963944
0 0.54589796 -0.3828006 0.5459986 1.5749508 0.5095868 -1.2132937 -0.6700599 1.3723825
35 0.35984924 0.08886453 0.3299657 1.0020908 -1.1728442 -0.18337265 -0.8844751 1.7786115
3 0.3984783 -0.11948439 1.0252973 1.0321318 0.29265833 -1.1011754 -1.0135629 0.95640266
37 0.34920952 -0.27610514 0.45184883 1.3607192 -0.8847914 -0.59224147 -1.0459743 1.8076351
11 -0.8380409 0.73559123 0.79394156 -1.2009912 -0.85103893 1.1097212 -0.3913617 0.110639825
2 0.49733308 -0.3198181 0.82337385 1.5198606 0.032084648 -1.0005703 -1.049199 1.1958442
4 -0.8108901 0.95410186 0.9572407 -1.0797492 -0.98408383 0.7121471 -0.48081765 0.21960448
