50 8
43 0.298393 -0.08390569 0.5077249 0.3327813 0.6182849 0.053098932 -0.030730035 0.28209177
25 0.77031887 0.5236709 -0.01376654 0.56061924 0.18547522 0.30277762 0.05772246 0.7595543
23 -0.6304964 0.57671285 0.9122114 -0.18257312 0.10259116 0.7317791 -0.49700814 0.61882174
1 -0.9718168 -0.3432575 1.3960987 0.07479155 0.44775915 0.37396848 0.2052748 -0.37476182
17 -0.027029926 -0.22520934 0.89059204 0.11598899 0.5240583 0.1535472 1.0084417 -0.28107396
19 0.6091696 0.7147253 -0.2061124 0.3478579 0.54637223 -0.35674226 -0.5618783 1.3586578
28 -0.94613653 0.6320226 0.65899014 -0.16105203 0.1760722 0.59653336 0.05762024 0.6921696
42 -0.24076393 -0.15315746 0.68711925 -0.11433251 0.9772395 -0.5985151 0.10825196 0.49034452
18 1.0334346 -0.51183856 -0.1867504 1.1909965 0.5864067 -0.32731643 0.11037112 0.64605904
26 0.4999314 -0.58423483 -0.3529261 0.852354 0.67211896 -0.3716648 0.3827215 1.0188208
29 0.62494314 0.3233872 -0.27728754 0.50006586 0.74572885 -0.32515943 -0.24541679 1.1397972
24 -0.43439338 1.0414037 0.86065733 0.07334097 0.032818828 0.6894519 -0.3655216 0.31772763
11 -0.29996195 0.6773395 1.2437716 -0.033305712 -0.5320241 1.2084519 -0.03255124 0.18339494
34 -0.3709071 0.59994704 0.8882015 0.042410806 -0.36615837 1.1847358 0.33263275 0.280465
0 1.2386957 0.26859394 -0.21201997 1.0853622 0.13981996 0.0053874166 0.38261476 0.6569611
14 -0.52844495 0.9592734 1.2398643 -0.16790251 -0.40036413 1.1627295 0.03130023 0.16690387
39 1.2208819 -0.2683423 -0.03041364 1.3465717 0.38575947 -0.3520206 0.41633928 0.2272051
9 -0.80445766 0.3894866 1.4836644 -0.21915156 -0.14194183 0.87948287 0.17852609 -0.059013918
31 0.6668321 -0.8918761 0.0010235017 1.2585528 0.6417041 -0.57982224 0.09141352 0.5216787
46 -1.1037909 0.7241373 0.8619165 -0.28652444 0.31913698 0.53053886 0.04938553 0.49688333
10 -1.6187791 -0.21373796 0.75797254 -0.0964148 0.4296638 0.1325732 0.1624454 0.78513855
4 -1.0264093 0.63219124 1.0395106 -0.3887725 0.043808136 0.8042939 0.20749927 0.4539551
7 0.40909043 0.1829835 -0.31259477 0.6043741 0.6846769 -0.38072276 0.035572447 1.1232516
6 -0.4301736 -0.75043607 0.55153155 -0.05577767 1.3436099 -0.70304483 -0.14814703 0.5987653
20 -1.2044066 0.303502 0.4909156 -0.23157622 0.32155466 0.27903584 -0.1696351 1.1294875
16 -0.56128734 0.8050274 0.27696332 -0.25775695 0.48152307 0.60260886 0.018992798 0.91305673
44 0.8421512 -0.7855426 0.08607659 1.0243038 0.69152856 -0.53978497 -0.046380047 0.535226
33 0.91234934 -0.044859536 0.95848554 0.86060613 0.11081639 0.6384093 0.67944294 -0.8675801
27 -1.5229889 0.3017825 1.2481729 -0.47575212 0.25948158 0.5682005 0.2513792 0.34524068
21 0.4216083 0.7264624 0.4367254 0.7714985 -0.582153 1.0972122 -0.2027473 0.45877796
45 -0.8795842 -0.4032903 1.1322315 -0.10777294 0.9285646 -0.29990357 0.27088937 -0.06898029
35 0.47418436 0.030530566 1.139617 0.7310638 -0.070339024 -0.0582236 0.6898861 -0.5310872
40 1.3304304 -0.4129474 -0.38279036 1.2123858 0.6286438 -0.5526126 0.039260063 0.84653723
41 -0.6572402 0.98714155 1.1726795 -0.4197815 0.22102486 0.9031958 0.17146574 0.009804875
36 -1.1953602 0.38868153 1.3812428 -0.47943655 0.07404991 0.9411311 0.53669244 0.03123875
37 1.0807501 -0.9047537 0.5674401 1.077469 0.5619028 -0.5500122 0.39701802 -0.14886758
13 -0.24748045 -0.22547078 -0.18393712 0.602042 0.9586399 -0.79999894 -0.42750818 1.2183439
15 0.6822732 0.5469482 0.30922762 0.47565827 -0.080390945 0.6875037 0.356589 0.38139212
30 0.87385523 -1.1403066 0.23514576 1.150141 0.8816327 -0.7049572 0.4138363 0.12732296
38 -0.8681165 0.6051399 1.3081043 -0.19521385 -0.23862861 1.0859504 0.06538269 0.104218185
3 1.1056931 0.8315237 0.25107834 0.9581104 0.16304171 -0.097926095 -0.335671 0.30117536
2 1.4918225 0.41691622 0.13501236 0.7713147 0.016005779 0.121555336 0.321307 0.4797573
47 -0.48187408 -0.77543443 1.3952711 0.4445089 -0.045874763 0.54236674 0.76790136 -0.5209945
8 0.28418916 -0.51607186 -0.37218118 0.6412211 1.4298854 -0.7497267 -0.29713592 1.0349892
12 0.8580945 0.4737145 -0.36879945 0.8718005 0.37407953 -0.34621325 -0.5385218 1.2764331
5 -1.1410459 0.835503 1.547302 -0.49580684 0.04064912 0.7629014 0.30977187 -0.08852086
49 -0.6670757 0.9147907 1.2056154 -0.06279835 -0.10037359 0.6622226 0.52659845 -0.09726389
32 1.1601764 -0.8817599 0.7347152 0.95952857 0.90079695 -0.7262954 0.7515828 -0.61981666
22 0.59857965 -0.90486133 1.1481694 0.75157976 0.65184265 -0.6005961 0.36205748 -0.6393789
48 1.3093221 -0.09489031 -0.33286473 0.515981 0.5207944 0.5401662 0.5365492 0.7646841
