50 8
1 -0.5706149 0.31286737 0.8941917 -0.15994978 0.25445437 0.9825335 -0.045258835 0.27520084
43 -0.20294616 0.1151591 0.3674272 0.92774767 0.6546093 -0.12070697 0.36728275 -0.17421849
36 -0.4168115 0.12621261 0.7056751 0.36801827 0.31502482 1.4136088 0.1601091 0.10437838
31 -0.8749543 0.34449258 0.58930856 0.6672226 0.650329 0.7645685 0.52463555 -0.17794624
16 -0.32085425 0.030272711 0.92437196 0.02042162 0.28324804 1.0305796 0.10140595 0.24334264
13 0.1943201 0.4421745 -0.5367898 1.0238087 0.6331712 -0.01851748 -0.58093387 0.47632313
40 -0.12600109 0.29825452 0.29015025 1.0864931 0.42672694 1.0868374 0.19309063 -0.18798853
28 -0.25925785 0.146834 0.82674587 -0.038988616 0.24572226 1.6739827 0.020428656 0.35104036
38 0.28953177 -0.30828747 0.59327906 0.4419284 0.37401274 1.8155318 -0.029272055 0.15299805
6 -0.82027775 0.5880895 0.6580918 0.6030294 0.32998535 1.0018682 0.44838575 -0.06069187
41 -0.0250267 -0.12104234 0.3209536 0.8099554 0.46816984 1.4854082 0.025936328 0.08036625
25 1.1865007 -0.0061838226 0.13804439 0.73098093 0.5436059 -0.24583784 -0.44092348 0.18501128
39 -0.2054927 -0.10739591 0.5437235 0.82989746 0.3652562 1.1564077 0.17680682 -0.13688472
27 0.079704426 0.08964118 0.6604698 0.25868103 0.44092393 1.8658036 0.057772323 0.16630755
29 0.43730754 -0.15605034 0.22116348 0.5246832 0.36370778 1.0720869 -0.44013625 0.384903
14 0.85215014 0.42719325 0.3706958 0.12140208 -0.49529296 1.2409395 -0.84191215 0.9550257
20 -0.57586896 0.50905794 0.46512076 -0.014339953 0.091625616 1.2328168 -0.17346966 0.8011859
8 -1.0185217 0.19810872 0.53297555 0.57281566 0.6295067 0.32930416 0.4790667 -0.023608739
19 0.31563547 0.40000826 0.3612559 -0.12925184 -0.014441668 -1.3792304 -0.9983567 0.9277107
34 0.63075906 -0.37061918 0.6149346 0.41117096 0.2903732 1.6058558 -0.2049083 0.22142701
9 0.80997074 0.0028964346 1.1212873 -0.37017065 -0.28781742 1.0476104 -0.63325524 0.4478559
4 0.076746784 0.17432909 0.37188423 0.4446519 0.2169871 1.6951046 -0.20339093 0.41796824
44 -0.2554744 -0.6427271 0.2149444 1.175624 0.9230025 0.45688173 0.31055164 -0.21666445
21 1.0867162 0.046445355 -0.086431876 0.664886 -0.10797974 -1.2667061 -1.0823629 0.90405214
7 0.3193376 0.47834742 -0.013200036 0.72635376 0.0029179668 -1.9472691 -0.5603078 0.8843856
11 0.49738705 -0.27431643 1.193704 -0.7533403 -0.16944957 1.1987054 -0.6913278 0.70724887
12 -0.36817268 0.4186302 -0.1938189 0.9445651 0.7045922 -1.3348075 -0.1844566 0.3461282
42 -1.3416854 0.053691935 1.0052993 0.027177326 0.5459884 -0.6834205 0.43984607 0.050904285
15 0.23964427 0.44776842 0.73925304 -0.112128146 -0.048719745 -2.2212381 -0.6622917 0.6771625
23 -1.1027868 1.1451864 0.5691629 -0.18020175 -0.053282842 -0.3004266 -0.4926802 0.5505243
18 -0.045661073 -0.07168134 0.034948483 1.0324311 0.6393989 -2.0794291 -0.21090707 0.18083501
26 -1.0177442 0.122242205 0.71174914 0.6728557 0.7333388 0.012598005 0.75236356 -0.21974853
33 1.296282 -0.3870975 0.32354292 0.6183181 -0.028488986 -1.785201 -0.9567356 0.6188703
10 -1.1204224 0.8815033 0.10002522 0.6178755 -0.008840323 -0.46367925 -0.11432267 0.61815345
47 -0.26953948 -0.2039643 1.1600926 0.36055902 0.15802348 1.4609574 0.1910179 -0.26414526
24 0.4130747 1.0820018 -0.11767998 0.2896647 -0.15918721 -1.5474739 -1.1861806 1.0394462
30 -0.12085924 -0.32603914 0.6236218 0.85060453 0.34178084 -1.9877212 -0.020113481 -0.13063185
45 -1.2370449 0.20810588 1.3527992 0.0064802384 0.39183864 0.451583 0.6699528 -0.26444826
49 0.46855462 -0.20243737 0.66351897 0.061303835 0.2687088 1.5835255 -0.3176483 0.40923572
17 -1.4347779 0.30425072 1.0656917 -0.34844434 0.3531114 0.03079369 0.13349247 0.25697818
35 0.26199204 -0.27858594 0.37458876 0.41520196 0.3459979 -2.425093 -0.74683976 0.57956535
48 0.71329933 -0.22729932 0.07297374 0.8420782 0.51273954 1.2346296 -0.0076489197 0.3861205
2 0.44758967 0.31435233 0.14383663 0.4996702 0.032411862 -2.482841 -0.8035523 0.8478911
3 0.40616426 0.7395496 -0.30763158 0.8674215 0.2979577 -2.3692408 -0.7268272 0.79270667
37 1.2643702 -0.26311287 0.2532439 0.5930345 0.2021557 -1.9421508 -0.83407396 0.56224763
5 1.1335082 -0.013714983 1.1077507 -0.7930893 -0.45808303 -1.2212344 -1.0070682 1.1059463
22 0.96326774 -0.3789441 0.46567583 0.059246935 0.08908923 -2.3467288 -1.2524238 0.7562177
0 1.097954 -0.53550124 0.53533036 0.04258871 0.33525977 -2.37977 -1.1290337 0.68860716
32 0.8770243 -0.20993194 0.00149295 1.2510631 0.2862713 -2.143491 -0.5031709 0.27625582
46 0.27899414 0.2632213 1.8299037 -1.0425028 -0.24168067 -1.4185383 -0.67253596 0.13905007
