50 8
1 -0.8148528 0.81701404 0.46059495 0.2202553 0.097328775 -0.4420766 0.16364239 -1.3906324
17 -0.6521211 0.35069585 0.384146 0.54411256 0.21020804 -0.58826655 -0.49116594 -0.83313227
23 -1.0415752 0.50558084 0.093256935 0.35707176 0.888098 -0.38287994 0.3233754 -0.50356704
10 0.18534711 0.26721925 0.21786007 0.21128808 0.28576532 0.43319544 0.29571617 1.830403
4 -0.18972589 0.6207728 0.8245828 0.027129628 -1.3737593 -0.25950447 0.097583234 -0.8269283
20 -0.10313385 0.62694377 0.5896928 0.10771179 -1.0816997 -0.4622933 -0.046646815 -0.5426032
6 -0.11082547 0.6068877 -0.011780151 0.72240466 -0.63494205 -0.8285705 -0.42020965 -0.7989043
41 -0.6416158 0.74095595 0.31977367 0.3018824 -0.60135376 -0.56040794 -0.06956118 -1.2040089
27 -0.52953684 0.7034696 0.5690517 0.24185613 -0.410013 -0.23034045 0.025657559 -1.1434939
8 -0.18092243 0.39390334 -0.1431308 1.0222675 0.016014278 -1.0852416 -0.5038237 -0.5850767
44 -0.5503668 0.7150597 0.4141871 0.4438175 -0.53184617 -0.7210833 -0.07586724 -1.3992522
49 -0.8167734 0.67478913 0.58437115 0.21290228 -0.5547155 -0.36281326 -0.39394277 -1.4180768
40 -0.82661396 0.4905904 0.16043824 0.44404742 1.0288928 -0.25413367 0.023165654 -0.44302064
35 0.17451073 0.285655 0.45479962 0.0010251959 0.71627724 0.5181037 0.2042397 2.0349529
31 -0.5425527 0.5739392 0.05021592 0.81981057 -0.26766834 -0.9123236 -0.32909787 -1.3072783
19 -0.53512543 0.32971326 0.15318409 0.32507843 1.4302317 0.67718047 0.07009271 1.0241406
38 -0.5447395 0.8209858 0.37286755 0.4198335 -0.19519953 -0.4573612 -0.2301289 -1.5204508
28 -0.7696606 0.6784044 0.572453 0.28544304 -0.16894116 -0.59198546 -0.16258737 -1.4770292
43 -0.7153704 0.74215215 0.53392094 0.23871914 -0.638279 -0.72242385 0.010278237 -1.4748749
37 0.27019486 0.12745763 0.31689817 0.26434216 0.3029652 0.32658666 -0.016704522 2.0746112
33 0.23027302 0.25265715 0.43959674 0.02863511 0.6286423 0.5099987 0.10573167 2.142244
32 0.44541022 0.23121904 0.24074872 0.35672218 0.39350018 0.33649334 0.36569163 2.1655107
36 -0.61389756 0.8005856 0.09711203 0.65909106 -0.25867602 -0.4151212 -0.15096883 -1.4980863
45 -0.7208434 0.79236716 0.19313812 0.45671892 -0.43364662 -0.34629357 -0.39066255 -1.4947869
46 -1.1446682 0.6466678 0.25506243 0.3966487 0.67246675 -0.5591808 0.32108456 -1.2489555
21 0.14012316 0.38377208 0.35957325 0.053477373 0.8295058 0.57133156 0.40709117 1.9750175
39 -0.66872877 0.61985356 0.099482596 0.7383274 -0.29231885 -0.63327366 -0.1012329 -1.3473343
22 0.41304076 0.10669658 0.38812414 0.29862863 0.19636337 0.73608816 -0.1445068 2.2123053
42 -0.94790524 0.7150156 0.251684 0.34365994 0.45076022 -0.624484 0.08059236 -1.1475762
34 -0.42367998 0.70435596 0.6604024 0.18087237 -0.73370945 -0.023225969 0.10662524 -1.0011524
47 -0.3858322 0.5647227 0.35695267 0.64247406 -1.1093264 -0.7246796 -0.3751924 -1.2611923
26 0.479286 0.24396051 -0.008334678 0.81189585 -0.54752517 -0.5421991 -1.1829782 0.38748962
15 -0.5217778 0.20828195 0.13161923 0.41974545 1.8609275 0.6434254 0.1600012 1.3877685
14 -0.022115782 0.52167326 0.48050958 -0.3721189 -0.45897377 0.9854381 0.111413024 1.579033
29 0.26940954 0.5868366 0.31322446 -0.264912 -0.8487293 0.6126773 0.08982489 1.5663015
16 0.44366893 0.7830745 0.62959456 -0.069244824 -1.4559723 -0.3462529 0.4508046 -0.068090126
24 -0.8850474 0.3743021 0.109563194 0.06565554 1.7295899 0.4797746 0.20701377 1.0173707
2 -0.10919509 0.45686653 0.38231045 0.088128924 0.94341135 0.9708629 0.4388684 1.5130342
25 0.6114709 0.5455073 0.29579794 0.15449755 -1.4609116 0.32829884 -0.33828935 0.9158487
3 0.047893308 0.48658904 0.42670536 -0.08649873 1.0649203 0.80562574 0.4931439 1.8774339
0 -0.16395691 0.29268754 0.14572829 0.31039596 1.3727316 0.6253617 0.20655756 1.6822627
9 -0.11581724 0.5010756 0.6322168 -0.43858287 -0.88756627 0.8312139 0.21488695 1.1907299
18 0.1073982 0.07128662 0.001071862 0.501261 0.71616215 0.16206922 -0.03481653 2.2371283
7 0.21473698 0.054431193 -0.07332749 0.7238138 0.94567734 0.42565173 -0.28063402 2.1698546
5 -0.07260539 0.47719362 0.22820464 0.0881716 0.49243858 0.36791673 0.5836738 1.3325368
12 0.13518997 0.10281575 -0.3224696 0.9274271 0.9798269 -0.056594536 0.0082604205 1.7347966
13 0.41766322 0.01640508 -0.26396823 1.0551136 0.046942614 0.21765932 -0.39734536 1.6519895
48 -0.2641881 0.74059397 0.24339457 0.5881292 -0.92447704 -0.25434753 -0.6215804 -1.2059077
11 0.25185254 0.3611529 0.7453121 -0.30083492 -1.0556561 1.0720077 -0.1216161 1.6480371
30 0.20309749 0.14422347 -0.558775 1.1161183 1.1770006 -0.14637057 0.077904366 1.7221025
