50 8
19 0.3844478 -0.6875474 -0.18965018 -0.22041662 0.7068103 -0.074073866 0.12925965 0.06215994
25 0.0010975854 -0.7683815 -0.58400595 -0.7945598 0.35354027 -0.1171686 -0.27914116 0.0052953507
34 -0.305413 -0.7536433 -1.0402089 0.3277113 0.53934705 0.60041237 -0.34589502 -0.40739983
4 -0.3419635 -0.85310215 -0.7258088 0.62245136 0.33693808 0.40097305 0.043954607 -0.6065907
23 -0.35178223 -0.41520151 0.38303548 -1.3115056 0.076929785 -0.2770914 0.61645794 0.3594995
24 -0.37249705 -0.36680862 0.6892362 -1.1968151 0.09257558 -0.24805449 0.91969144 0.5677026
38 0.022849344 -0.7006942 -0.5246368 0.18830732 0.50864255 0.01247995 0.09281476 -0.5978129
49 -0.16532142 -0.49140564 -0.8600822 0.616182 1.0086232 0.51806265 -0.2836021 -0.5546417
41 -0.4593407 -0.9168661 -0.622683 -0.48058754 -0.31644177 0.085013226 0.27790287 0.015825514
40 0.13639766 -0.39351606 0.7821198 -1.1529768 0.40504238 -0.18225689 0.807687 0.56297743
2 0.3446803 -0.11277738 0.6553417 -0.91747105 1.0427945 -0.24043949 0.50513905 0.48032656
42 -0.22928102 -1.0218071 -0.5720738 -0.5627298 -0.46049926 0.11178645 0.3284497 -0.19560175
1 -0.83158964 -0.4426173 -0.4931421 -0.62337166 -0.22873285 0.20166008 0.46008223 -0.10130712
39 0.72856945 -0.5730571 -0.77906644 0.23653154 1.4714417 0.18525101 -0.5379814 -0.14849375
6 -0.5263729 -0.190589 0.81782675 -0.6201688 0.17465718 -0.30371535 1.318245 0.38157487
11 0.088504806 -0.8035694 -1.3652997 0.18746604 0.6488852 0.31035823 -0.522343 -0.627306
20 -0.6562192 -0.5955267 -0.45137095 0.2572314 0.102753565 0.36936846 0.30168194 -0.8466376
26 -1.100538 -0.3538202 0.5923222 -0.9456414 -0.5062625 -0.17660017 1.1731639 -0.12429009
12 -0.075213574 0.0029834353 1.0994828 -0.929842 0.9020727 -0.49467543 1.0146543 0.5949294
35 0.6093017 -0.65999925 -0.6862084 0.2357195 1.3066081 0.45117706 -0.48442012 -0.08514177
43 -0.54571706 -0.99095386 -0.67883897 0.31652445 -0.033229332 0.51151866 0.07360408 -0.2918624
16 -0.7335421 -0.8403117 -0.9041124 -0.4726653 -0.26653117 0.5461478 -0.08580348 -0.29908833
36 -0.7093068 -0.82033277 -1.0866022 0.5522659 0.036975835 0.55617565 -0.04652473 -0.9345933
48 0.20023434 -0.14207368 -0.02884851 0.6080381 1.0306803 0.052534513 0.8279807 -0.19929706
46 -1.1252062 -0.09281832 -0.09634261 0.089833476 -0.047910105 0.17610864 0.95893586 -0.7050262
29 -0.58724254 -0.009185564 0.24942146 -1.2257142 0.30559468 -0.3195654 0.7326701 0.29346547
27 -1.2418016 -0.5144317 -0.3868667 0.26651937 -0.41588986 0.43320316 0.77768236 -0.7215184
33 0.59614503 -0.5924995 -0.6576961 0.6194957 1.4384342 0.4819142 -0.34271407 -0.090565875
13 -0.025724562 -0.2842596 0.7696631 -1.0464673 0.38235343 -0.44561353 0.962777 0.31647807
44 0.39715594 -0.32378224 0.43761808 -1.3306495 1.009011 -0.49896088 0.080097035 0.694632
9 -0.044573378 -0.4286282 -0.9297447 0.95573914 1.1404111 0.4609986 -0.13358082 -0.7306267
8 -0.2834679 -0.08109261 1.2389764 -0.8749674 0.39952704 -0.41912308 1.5286607 0.6229764
28 -0.53231066 -0.6999711 0.2684114 0.053344868 -0.52460575 0.117879376 1.3545562 -0.43694803
18 0.11227692 -0.118381344 0.8453431 -1.2797589 0.5447203 -0.28068382 1.0098821 0.6589289
31 -0.11796516 -0.17745881 0.9756357 -1.5259931 0.3447715 -0.4706167 0.91580635 0.21576975
3 0.48256066 0.10400163 0.7078407 -1.0075523 1.4529133 -0.36191773 0.3748999 0.41970205
32 1.0505525 -0.3582942 -0.4642996 0.39766708 1.7869177 0.2689658 -0.2231935 -0.039436176
14 0.22872487 -0.42763355 -1.2316285 0.68022203 1.2007685 0.43127105 -0.29416266 -0.4991491
7 -0.4859312 0.007086843 1.0068456 -0.96935165 0.14123356 -0.45630938 1.5286988 0.18276301
15 -0.063935995 -0.12216858 0.95097274 -0.8944744 0.4543168 -0.51988035 1.2782305 0.46284798
21 0.82266355 0.0043532373 -0.16202044 0.54651695 2.1186912 0.11057295 -0.049113654 -0.0958969
22 0.15860596 -0.6465248 -1.1130729 0.49380028 1.1746103 0.633553 -0.6255563 -0.23069489
0 -0.06074021 0.19807683 1.1626579 -1.2225903 0.9986208 -0.47039387 0.9644448 0.46876407
37 0.49436712 0.16503301 0.4481515 -0.70438755 1.6609381 -0.628709 0.3167858 0.27569625
17 -1.3263472 -0.37687048 -0.55135965 -0.012136996 -0.24963123 0.6710773 0.4730124 -0.4787714
30 -0.13043663 -0.09164761 0.6987943 -1.2007393 0.50275964 -0.3809936 1.0014265 0.6325657
45 -0.3539162 -1.1067393 -0.74021894 -0.2362643 -0.42239958 0.25358742 0.25240737 -0.08247465
10 -0.6467223 -0.5553135 0.39504996 0.69154406 -0.2138255 0.25607657 1.5386922 -0.3675694
5 -0.5091438 -0.39529368 -0.94779694 1.4212707 0.5435762 0.69887364 0.6674986 -0.62755936
47 0.23745085 -0.76428765 -1.2074707 0.44775933 1.1787645 0.6804454 -0.84619564 -0.2646645
