50 8
28 -0.6785175 0.35266575 0.14311968 0.68391883 -0.7204588 -0.16346079 0.02340226 -0.98561484
19 -0.343649 0.356486 0.023107743 0.38832417 0.07290229 -0.76271814 -0.20155807 -0.1702359
25 0.14753461 0.76385266 0.21968776 0.28430817 -0.3231542 0.04014628 -0.1391926 1.0609571
23 -0.087666474 0.8239615 0.8280168 0.092193216 0.44223356 0.06206655 -0.018199917 0.9010392
43 -0.23483607 0.32635745 0.25632268 0.48991105 -0.812347 -0.3745903 -0.068901576 0.03208503
38 -0.33454728 0.7822924 0.03706839 0.58059555 -0.6304483 0.26927972 -0.029354874 -0.58653134
1 -0.54811233 0.80702764 0.29779416 0.5869436 -0.45174563 0.31236666 0.17579657 -1.0535496
45 -0.5670786 0.6625363 -0.12267092 0.59370464 -0.55754304 -0.020670513 0.066478655 -0.92943865
16 -0.4092436 0.708043 0.48605308 0.47261426 -0.11580832 -0.04383406 0.20798409 -0.6395811
20 -0.5606448 0.30709547 -0.10068774 0.5526941 -0.67719346 -0.46683162 -0.20478493 -0.6786692
44 -0.02502569 0.41368273 -0.34731022 0.64031655 -0.87276655 -0.46361938 -0.5067509 -0.2928444
27 -0.58683056 0.674459 0.21325754 0.5484846 -0.92172414 0.28644094 0.11266404 -0.7695852
4 -0.7817345 0.5065201 0.32964718 0.734579 -0.43102747 0.16159949 0.36356533 -1.0456567
26 -0.34773096 -0.116820686 -0.5230523 0.60740596 -0.7024091 -1.0427357 -0.840218 -0.17778248
29 0.0038721238 0.48517102 -0.039661538 0.43722573 -0.6608437 -0.07778653 -0.23882823 0.8958822
42 -0.8345898 0.5242471 0.0076811686 0.51317364 -0.12234388 -0.21099621 0.09598577 -0.9220341
41 -0.12521 0.7874001 0.26378825 0.5578571 -0.965074 0.49155605 0.04749278 0.07036383
48 -0.04301613 0.6687011 -0.15203926 0.56051534 -1.2555921 -0.031333912 0.038044937 -0.074864015
31 -0.0425968 -0.044994637 -0.13662669 0.49142694 0.17552978 -1.226485 -0.58937645 0.7179228
36 -0.48238084 0.7575069 0.27977046 0.65944034 -0.4454936 0.4442924 0.21459581 -0.6193956
40 -0.51668245 -0.18827209 -0.23454225 0.3579165 -0.34573194 -1.3181229 -0.43158758 0.3076082
15 -0.9501072 0.21707867 0.3412793 0.45507982 0.7401761 -0.6865976 0.14377423 -0.7018612
34 -0.18068857 0.8744413 0.3038493 0.6898346 -0.8284689 0.8323267 0.041079722 -0.23101251
17 -0.7118704 0.20172931 -0.03141705 0.58993614 -0.13365813 -0.5938149 -0.28774142 -0.87915266
39 -0.5048085 0.22896573 -0.28709573 0.5796263 -0.94043624 -0.20285876 -0.51047593 -0.2197511
6 -0.68382746 -0.019676987 -0.31676766 0.7099551 -0.3648601 -0.735316 -0.31575435 -0.5846288
24 -0.72662765 0.9087437 0.82893884 0.29203057 0.5241808 0.17931075 0.47158504 -0.7894987
8 -0.104248956 -0.09253989 -0.41037697 0.5753835 -0.31570712 -1.2828691 -0.74546164 0.11633048
9 -0.85954225 0.6441345 0.0866535 0.6462369 -0.74931383 0.34981588 0.46901003 -0.86240995
18 0.0036309601 0.20670633 0.15866737 0.28555042 0.9586384 -0.74955815 -0.6799316 1.8451093
46 -0.06821487 0.45036906 -0.08575562 0.30242455 -0.15200536 -0.50005305 -0.5703977 0.54871285
49 -0.75942683 0.7970343 0.6037465 0.5836659 -0.3348308 0.46068606 0.571848 -0.9612439
12 0.11969351 0.38528767 0.0851412 0.25515437 1.0826424 -0.720343 -0.5480161 1.8837444
14 -0.24660397 1.2478752 0.6083005 0.4600933 -0.16690601 1.3855983 0.25575188 0.4070066
35 0.20057781 0.8045675 0.70747703 0.28582072 0.6332368 0.29737708 -0.08419489 1.7681696
13 0.03549662 0.15866376 -0.1465692 0.4373503 -0.12236233 -0.4639823 -0.41561535 1.8056352
11 -0.7433309 0.8635052 0.52079684 0.5382516 -0.4402685 0.8121137 0.33881295 -0.74677354
2 -0.031158367 0.41955146 0.22050788 0.33969066 1.4220067 -0.4528591 -0.6419667 1.2858145
47 -0.66024846 0.7708873 0.45795518 0.6741847 -0.73512816 0.3857571 0.66191536 -1.0373342
7 -0.11523664 -0.0006173025 -0.09798171 0.22935177 1.0929227 -1.5765371 -0.6376361 1.2315305
30 0.3351518 0.2658367 -0.27087617 0.42792755 0.47928053 -0.73842835 -0.6872467 2.0735846
32 0.34618923 0.49425527 0.4252959 0.3086833 0.7818063 -0.38193306 -0.41929334 2.0604851
5 -0.7953319 0.58551687 0.44841307 0.66373485 -0.30651954 0.034767743 0.53586185 -1.2187567
10 -0.48985714 -0.23536426 -0.31758243 0.64472574 -0.21747059 -1.4726275 -0.27405715 -0.39531168
3 -0.029759234 0.6760907 0.4610017 0.12498769 1.9874046 -0.46102053 -0.47639722 1.7509024
22 0.21756831 0.3642623 0.4866717 0.32231107 1.1956656 -0.3545459 -0.5604252 2.4704306
0 -0.005387911 0.71524316 0.7013149 0.14301091 1.7468083 -0.16548845 -0.38535526 1.8477353
33 0.39209566 0.92514086 0.9092355 0.095057786 0.9886707 0.037236504 -0.22255592 2.12706
21 0.24997489 0.60277945 0.78352946 0.18988821 1.3940383 -0.24767807 -0.31331915 2.5620615
37 0.035419766 0.5275436 0.8376892 0.061297648 1.8737719 -0.41620174 -0.37713897 2.5791967
