50 8
43 -0.112992145 0.1950575 0.32817295 -0.08776169 1.378389 0.4627 0.15208563 0.09804271
28 -0.36960188 0.86267 0.09113516 -0.37528738 0.742634 0.03208455 -0.46131122 0.64296746
27 0.28270367 0.5766808 0.6795526 -0.26595554 0.9106064 0.27649868 -0.2592558 0.07612274
46 -0.08420361 0.60962635 1.5000374 -0.22669043 -0.41536772 0.5509199 -0.12541837 -0.4654967
19 -0.09133845 1.0972022 0.019576052 0.27412575 0.027662603 -0.37238094 -0.3873815 1.1349765
49 0.06321402 1.2145754 0.5909446 -0.55466354 0.6961218 0.30369607 -0.27331913 0.10766593
20 -0.38263938 0.98850906 0.23329756 -0.40308866 0.3998565 -0.05718618 -0.25242472 0.7851816
6 -0.90890324 0.09763704 -0.27803767 0.33842948 0.67652225 -0.22139582 -0.20065466 1.0493525
1 0.25461167 0.7805491 0.41822192 -0.5241219 1.2242575 0.19109634 -0.012645188 0.3821357
42 -0.8641706 -0.13363421 0.35843182 -0.03725096 0.42234698 -0.106168 -0.14776027 0.6855531
29 -0.2600846 0.33247167 -0.11714451 0.44949493 0.6722978 -0.01284849 -0.0012659887 0.95987165
44 -0.8879744 -0.1781676 0.20258924 -0.047287658 0.31270748 -0.016371876 0.26905218 1.0893948
10 -0.86543584 0.4317456 -0.01885524 0.26168945 0.1256729 -0.1916033 0.13797246 1.0708598
26 -0.7498439 -0.3524984 -0.056314204 0.6313329 0.7106147 -0.14006767 0.0259341 0.86869323
18 -0.4696445 -0.60979676 0.20547102 1.7154037 -0.087845154 -0.1259227 -0.49487543 0.61211216
25 0.3335078 0.6861365 0.6590446 -0.5980582 0.89774543 0.47642818 -0.53701663 0.09864723
45 -0.24161047 0.9254575 0.52785647 -0.29777324 0.33049488 -0.12154244 0.05129365 0.5639798
8 -1.0043932 -0.15001473 -0.38054436 0.51363117 0.84701425 0.049704656 0.12288904 1.0094624
23 0.67070675 1.0388883 1.1782786 -0.055058572 -0.125069 0.15879264 -0.5869226 -0.0082484735
34 0.7491822 0.9509683 1.3543619 -0.55385315 -0.11197494 0.5669323 -0.3385493 0.047322065
24 0.42132103 0.85489494 1.2413862 0.5219167 -1.1806817 0.23901135 -0.663667 0.22700989
31 -0.4925149 -0.30518854 -0.08771466 0.5701826 0.6833356 0.18429919 0.08301088 0.9283941
39 -0.6783869 -0.4680725 0.6976294 0.015524788 0.9287 0.5402069 0.42173755 -0.1415731
17 -0.5040518 -0.012355722 0.2766738 -0.4633121 1.0123817 0.19448808 0.2797603 0.73506105
16 0.44224086 0.48754868 0.680971 -0.51599264 0.83710754 0.58052444 -0.26935053 0.2662753
0 -0.6116085 -0.35547203 0.62194943 1.3809623 -1.0636375 0.1755035 -0.25581264 0.68069196
30 -0.74637526 -1.1075386 0.38530934 1.1731504 0.71479654 0.20717993 -0.14264357 0.09026807
40 -0.49954176 -0.8902922 0.312311 1.8589884 -0.11698039 0.2522666 -0.0067028464 0.44714046
4 0.06559403 0.8821049 0.98373353 -0.78420657 0.6156143 0.59369934 -0.1659107 -0.21187207
41 0.10944738 -0.06471557 0.6041922 -0.04294007 1.6736085 0.89395756 -0.4646333 -0.71922004
9 0.20408466 0.08471367 1.4868532 0.27454102 -0.17968811 0.786161 -0.41453388 -0.68686855
13 -0.77245927 -0.42005792 -0.47633275 1.26363 0.9275299 -0.0061755767 0.35458404 0.9686957
36 0.31446505 1.050403 1.1093122 -0.98424107 0.7457403 0.68332833 -0.082517795 -0.2712427
38 0.24435578 0.7043591 0.98878586 -0.65938395 0.9987524 0.9821519 0.76245856 -0.32270375
14 0.44966912 0.40821844 1.2725387 -0.3435488 0.44815102 0.96153367 -0.32630223 -0.58457303
11 0.25388595 0.6147836 1.4555227 -0.7616854 -0.0034866622 0.8248188 -0.5382284 -0.42391357
12 -0.38204306 0.55173975 0.15179084 1.2553986 -0.9197491 -0.34740898 -0.03608188 1.3483505
7 -0.20663542 0.24922764 -0.11415627 1.2442293 -0.52493775 -0.4974394 -0.15684924 1.7453424
21 -0.4458778 -0.49634677 0.011650048 1.9157676 -0.44146654 -0.11355024 -0.6871346 0.94324803
5 -0.31727332 0.8544761 0.84151006 -0.9248403 0.39602968 0.4710174 0.12582813 0.15018411
47 0.032006644 0.5411616 0.9977655 -0.8416294 1.3826518 0.95157087 0.2913538 -0.64711916
3 0.34898645 0.62016976 0.84051543 1.2035561 -1.2583477 0.16136488 -0.9075487 0.45762965
15 -0.3002684 1.0961462 0.5051756 0.43974912 -1.352885 -0.4489353 -0.0059032547 1.520157
37 -0.7877724 -1.4898359 0.597971 1.6163182 0.17938636 0.10742392 0.122065224 0.29854512
33 -0.42662814 -0.8857604 1.2119725 1.6105105 -1.1177194 0.40567926 -0.42482942 -0.047389586
2 -0.1890854 0.14175813 1.1644524 1.3957196 -1.744256 0.08861714 -0.36784014 0.422232
35 -0.22576985 -0.9869584 1.4767439 1.8648709 -1.4073263 0.43031865 -0.29197094 -0.14919911
22 -0.6188452 -1.2561364 1.2235296 1.2834973 -0.6675785 0.42102957 -0.52085227 -0.15825279
32 -1.0253515 -1.9599447 1.0150491 1.6629623 -0.34509504 0.7941105 0.22848529 -0.1333807
48 -0.75176686 0.22974342 0.24876294 -0.773981 1.5799607 0.9615728 1.0697491 0.07460152
