50 8
43 -0.75867337 0.44545588 -0.12024376 0.34854874 -0.90560603 -0.49451336 0.21681295 -0.75377685
39 -0.7259468 0.24946555 -0.027407859 0.6685812 0.36888048 0.0036909033 -0.12167838 0.098332435
6 -0.7608096 0.1996023 -0.31198472 1.00276 0.44159055 -0.30282277 0.2138628 0.013942607
26 -0.90234125 -0.0054179216 -0.009467151 0.5503621 0.0143894665 -0.4392137 0.0031055908 -0.20783362
29 -0.6848034 0.47523102 0.22983404 0.2852865 0.16309907 0.22463776 0.03028008 0.51196814
15 -0.47255725 -0.061321024 0.6682086 0.5438915 0.71350646 -0.21298425 0.2665217 0.6053737
19 -0.33967337 0.20840864 0.5041731 0.69455844 1.4220248 0.17912783 -0.33513227 1.0027419
27 -1.0072068 0.6235249 0.17889339 -0.099167466 -0.97137433 0.10131373 0.13004568 -0.8721864
31 -0.6864406 0.36282793 -0.26707485 1.0510364 0.922496 -0.094176374 0.13777606 0.22129087
42 -0.6256473 0.42339796 0.36032826 0.01665266 -0.96921843 -0.1727832 -0.026567394 -0.71298915
40 -0.5682389 0.47412297 0.018226683 0.6425809 0.68076813 0.031341486 -0.08390629 0.29988858
4 0.20542741 0.41619378 1.1632463 -0.3547542 -1.7314904 -0.32548168 -0.4544357 -0.34120178
17 -0.5220269 0.20896104 0.49565506 -0.010347853 -1.1740718 -0.44017667 -0.26080155 -0.7660143
44 -0.6228083 0.40227532 -0.3512924 0.8055928 0.004492011 -0.17173487 -0.103673875 0.042954005
18 -0.4222128 0.153168 0.39881772 0.89191526 1.429788 0.017027183 0.044868454 0.9508317
2 -0.5263573 0.17436142 0.48055038 0.64604735 1.1392328 0.12745674 0.07923872 0.8060248
8 -0.4228471 -0.007979381 -0.18942009 1.2230617 0.36454365 -0.7293138 0.12224518 0.14323367
23 -0.31822303 0.32368007 0.43788347 0.7783422 1.5402648 -0.041613944 -0.06262346 1.0304124
41 -0.5719014 0.75968075 0.6348929 -0.31452847 -1.3832495 0.17981313 0.16627617 -0.82380605
45 -0.6865184 0.39812464 0.2556767 0.19842657 -1.1823691 -0.21482818 0.21048161 -1.1035364
38 -0.25935954 0.3584063 0.1781612 0.28484097 -1.1604477 -0.63067526 -0.3483624 -0.71206945
0 -0.34016272 -0.059554607 0.55616885 0.7832082 1.1653275 -0.22445178 -0.049508307 0.9977735
21 -0.28335822 0.35583082 0.42660713 0.8275791 1.4689361 0.22723429 -0.10576416 1.0855746
24 -0.44641966 0.30058038 0.23630816 0.8726218 1.4530468 -0.053526375 -0.109041914 0.91758615
37 -0.39524227 0.11101625 0.5981682 0.75413734 1.396264 0.13883244 0.097121164 0.9881075
49 -0.5096499 0.8400359 0.5841993 -0.29991814 -1.4262469 0.30051062 -0.033331208 -0.8708328
30 -0.23785865 0.06453169 0.26374608 1.0514718 1.3813045 -0.20537205 -0.1946005 0.82527405
3 -0.18823062 0.3283393 0.42910895 0.813001 1.3899236 0.23305035 -0.19919011 1.0181808
34 -0.1602186 0.9481271 0.74699557 -0.41892648 -1.4204684 0.21822953 -0.20393386 -0.6613989
13 -0.0648744 -0.054782145 0.29320973 1.1732137 0.95524955 -0.46708655 -0.17893091 0.82088715
28 -0.2719227 0.22040385 0.4772222 0.21420567 -1.4704063 -0.555302 -0.040527925 -0.844853
25 0.32042292 0.4701308 1.4402671 -0.61202955 -1.2798712 0.017530475 -0.8026964 -0.027606817
36 -0.27595204 0.8981673 0.46517262 -0.0742014 -1.4724683 0.079114184 0.036790453 -0.8291457
35 0.33356416 0.1774428 1.0141878 0.50304615 0.93621504 -0.022174142 -0.38822278 1.1445
12 -0.5070331 0.03162851 -0.027283654 1.1715419 1.1582123 -0.39191854 0.0033233974 0.76736504
46 -0.114463076 0.552855 1.0167685 -0.4137014 -1.8618045 -0.10681396 -0.3207369 -0.74608344
14 0.24623273 0.81373143 1.1606224 -0.5194092 -1.1618631 0.27736697 -0.6326683 -0.22743216
33 0.6183489 0.527903 1.4827347 0.0018477645 1.0344893 0.2294164 -0.7011933 1.3590856
47 -0.15198787 0.656582 0.9325463 -0.5000663 -1.4717447 -0.069575265 -0.34850457 -0.57921207
1 -0.71477413 0.57923996 -0.18713674 0.9142577 0.7934286 0.21817984 0.47137827 0.057528056
48 -0.31650957 0.5535999 0.07353593 0.32685292 -0.6496969 -0.44699875 -0.17519745 -0.43236554
5 -0.28765473 0.37575185 0.5911638 0.00031320148 -1.6104332 -0.38227054 0.01926572 -0.712716
16 0.09224632 1.0702548 0.64693636 -0.19399372 -1.4296477 0.08164579 -0.1135172 -0.47392064
11 -0.4268891 0.75914836 0.8202409 -0.53381246 -2.0848093 0.2613445 -0.16549309 -0.75875366
9 -0.13059783 0.8118459 1.1020576 -0.689108 -1.7263008 0.22590803 -0.401057 -0.5296084
20 -0.6711484 0.21039404 0.20104514 0.15480381 -1.3106928 -0.5485922 -0.22317332 -0.90159106
10 -0.21759646 0.09078327 -0.105046734 0.88117874 -0.5368664 -0.9209186 -0.18326177 -0.74379414
7 -0.23232675 0.096533105 -0.37756985 1.299515 0.75145733 -0.86848754 -0.31827337 0.18306866
32 0.32371098 0.07358641 1.3030671 0.53744894 1.684386 0.20429954 -0.7380349 1.3581625
22 0.4158008 0.056489017 1.419177 0.32281843 1.2710785 0.31294757 -0.89671737 1.1277549
