50 8
23 -0.06746276 0.23873685 0.3853864 -0.057803415 1.1581558 0.5541079 -0.34292912 -0.038551833
31 -0.32962 -0.27250633 0.00088812975 0.36202982 1.0158346 0.4913608 -0.6747765 0.22960044
39 0.12247898 -0.1399204 0.16720554 1.0004297 0.30969328 0.6840065 -0.39296648 -0.69670945
27 0.6976678 0.16168286 1.1151693 -0.5227434 0.8104541 0.50867283 0.5120146 0.44985542
40 -0.079900056 0.028554657 -0.23595893 1.3316844 0.2264828 -0.17274049 -0.88882464 -0.14513156
43 0.17212166 0.18752435 1.0898036 -0.34848166 0.58724403 0.74221474 0.43673137 0.35974497
19 -0.641577 -0.08653784 0.36329794 0.170845 0.8200094 0.024176128 -0.81306106 0.48617664
15 0.12258721 0.1822392 0.86090547 0.05368922 0.49876666 0.995237 0.25339323 -0.27468443
16 0.46583512 0.18171003 1.092587 -0.27155042 0.30338344 1.0143015 0.33998936 0.18310605
29 -0.10856419 0.51704997 0.8882069 -0.124066606 0.71054 0.80316603 0.42735153 -0.03815928
41 0.5574129 0.05427007 0.68220013 0.46816176 0.2451462 0.91578954 0.18090755 -0.5637106
34 0.8009257 0.29163408 0.927974 0.49976897 -0.11618991 0.58637345 0.34596327 -0.5165743
44 0.43275592 -0.6172027 0.12180307 0.1173779 1.5527222 0.57643735 -0.8888896 -0.47733563
17 0.12885955 0.17739996 1.0955505 -0.45423225 1.0153683 0.525826 0.46065778 0.20516685
1 0.24671033 -0.063726485 0.77356577 0.08585584 0.99903977 0.7673753 0.1084504 -0.6097238
36 0.40546894 0.40964505 1.4052135 -0.19036922 0.38450298 0.81006354 0.77079386 -0.30899245
26 -0.82504004 0.07714151 0.33014858 -0.05246989 0.82718307 0.25828776 -0.08721417 1.34583
25 0.37463462 0.33795732 0.65879524 0.6030844 0.22940952 0.46775806 -0.24056514 -0.8741436
45 0.2572822 0.44318667 1.2465409 -0.41907498 0.77886444 0.8575215 0.5039066 -0.31424993
49 0.8367761 -0.13854365 1.2879554 -0.1432806 0.50770384 0.7233429 0.44982037 -0.34469956
28 -0.2779619 0.26740003 0.6918319 -0.40492988 0.90278566 0.5663807 0.058167234 0.82731396
18 -0.014308756 -0.08540661 -0.49483472 1.6987205 -0.030851247 -0.80743855 -1.0105474 0.50273615
47 0.53697467 0.10736615 0.9850626 -0.051507127 0.5468494 1.2429625 0.28602588 -0.5788174
14 0.9916419 0.4899346 1.2725333 0.54232126 -0.7113134 0.62735456 0.6349218 -0.4221684
38 0.78345543 0.51100713 0.922406 0.91978127 -0.8323481 0.23455457 0.41740465 -0.26040587
24 -0.022315107 -0.26036388 0.097916275 0.9434772 0.54407924 0.23384824 -0.86198646 -0.6347963
6 -0.3511455 0.057968378 -0.33794996 0.4959689 0.72574 -0.5752948 -0.69088644 1.7589664
42 -0.04161217 -0.19639596 0.72770035 -0.48064077 1.3862779 1.1605126 0.099005304 0.064620234
3 -0.18694614 -0.1901411 -0.55077493 1.5341367 0.26696116 -0.30360034 -1.1203293 0.19991684
2 -0.3167316 0.06639118 0.21857047 1.386309 -0.40852734 -0.23958974 -0.7669117 -0.070965156
20 -0.3239985 0.3412344 0.52610594 -0.16277625 0.55776286 0.5162915 0.021877786 0.9798554
46 -0.5726551 0.3735026 0.10654863 0.83731115 -0.034046423 -0.3765409 -0.7447478 0.733211
4 0.35540906 0.99748975 1.1119785 0.18219776 -0.55788624 0.062399924 0.49872458 0.56837374
8 -0.5759965 0.20087475 -0.2803243 0.975588 0.20497638 -0.41922492 -0.80308646 1.0844597
33 0.3502442 -0.15322676 0.013675711 1.9313138 -0.8275159 -0.6859052 -0.4093091 0.22436382
12 -0.15626693 0.5110567 -0.29107055 1.3436214 0.17407064 -0.94712406 -0.8275244 0.46215916
13 0.15466975 0.32707867 -0.29087853 0.69480914 0.40910026 -0.919367 -0.86173034 1.4258469
10 -0.31016144 0.50530463 -0.014217456 0.5918517 -0.21653359 -0.42303464 -0.13383219 2.0185776
7 -0.06764132 0.23887603 -0.020796457 0.8716121 -0.22625265 -0.74042 -0.46698987 1.6476305
30 0.014471686 0.17460233 -0.44708544 1.693785 -0.08761789 -0.75630134 -0.8809472 0.3301645
32 0.43843064 0.06360927 0.07102036 2.165634 -0.92379355 -0.6145476 -0.4706096 -0.42832828
21 -0.18335792 0.030359585 -0.44731218 1.7113197 -0.34188935 -0.9041243 -1.0314105 0.89138424
22 0.3811484 0.15767543 0.16064969 1.74421 -1.2688522 -0.5286135 -0.41598397 0.6359522
11 0.6130833 0.19204582 1.6414107 -0.13208938 -0.16097325 1.121028 0.73429435 -0.32140124
9 1.095276 0.48378992 1.3713155 0.5821849 -0.9095142 0.5123076 0.9469578 -0.16799982
0 -0.09166542 0.028975993 -0.27530304 1.7307384 -0.12051494 -0.8643059 -0.9546601 0.17389347
5 0.30485666 0.1330875 1.2326392 -0.39006418 0.41886976 0.82586557 0.80494 0.6252602
35 0.4104095 0.11386459 0.21016909 1.9012976 -1.0624069 -0.95483017 -0.2852094 0.3964309
37 0.042016454 0.055557244 -0.3057864 2.0692332 -0.76754475 -1.5804719 -0.7187937 1.1266463
48 0.9107015 0.8522327 -0.31907225 -0.3770381 1.2528262 0.08427376 0.22118896 1.7145083
