50 8
12 -0.1366596 0.91111094 0.46050045 0.7433495 0.32268846 -0.56731087 0.2433458 0.4116462
26 -0.4170087 -0.08658639 0.43220046 -0.35228232 0.19401819 0.39617628 0.23489732 1.1024683
41 -0.40275234 0.597677 0.76901037 -0.48988536 0.9567614 0.48947525 0.23953491 0.15822823
27 -0.33221203 0.5355839 0.8845081 -0.6451032 0.8561885 0.5748791 0.43372145 0.28778136
34 0.015706513 0.37440628 0.9981095 -0.4156432 0.8219112 0.6530939 0.010639101 -0.19681852
28 -0.5766644 0.30956668 0.6459844 -0.6566478 0.68901175 0.7558563 0.26387966 0.55063576
38 -0.45228305 0.30891922 0.6937212 -0.42040744 0.9039241 0.73887336 0.2720577 0.3068316
1 0.104679435 0.47628823 0.3870591 0.4241382 0.9325526 0.6267554 0.056627713 -0.14481084
14 0.8083196 0.079995096 0.068155244 0.9964368 -0.067539796 0.28984967 -1.2733768 -0.19749048
43 -0.7519357 0.85545754 0.5111697 -0.25542995 1.1330017 0.0911943 0.53808355 0.5025264
40 -0.6865951 1.1438866 1.0049616 -0.3523318 0.4237837 0.1321408 0.7403791 0.45313624
39 -0.7437784 0.9572911 0.6306234 -0.22564884 0.61896604 0.31039843 0.83574337 0.72997
45 -0.24614075 0.37910762 1.153825 -0.89728504 0.46305606 0.30966428 -0.12398201 0.13619429
6 -0.71924007 0.25121668 0.76945966 -0.79022574 0.7979124 0.51320386 0.36253366 0.66668147
17 -0.58507574 0.15722044 0.8390002 -0.6238158 0.0009305741 0.26546532 0.23120719 0.9847429
31 -0.60415024 0.72622913 1.0086749 -0.7690725 0.7032188 0.50713426 0.64794827 0.47436264
48 -0.39011553 0.022719812 0.42102966 -0.6904071 0.91171575 0.95623034 0.17040537 0.5821891
2 0.08831779 1.1117866 0.91220444 0.7551131 -0.32845598 -1.1427517 -0.30857086 0.142826
42 -0.7509945 0.4840659 0.8334276 -0.7899873 0.5565295 0.040345352 0.48572046 0.85976857
36 -0.23444995 1.1733046 0.9175749 0.16077107 0.67584884 0.07784932 0.5324315 -0.035760473
49 -0.43922392 0.36990002 0.9829337 -0.65256506 0.48922443 0.32749736 0.09483892 0.36057508
23 0.07308088 1.2090871 0.79017967 0.9431113 0.5385458 -0.6585114 0.039015137 -0.34031737
19 0.74059874 0.38754794 -0.12692279 1.6676731 -0.26668653 -0.753613 -1.1142335 0.25536576
44 -0.51783174 -0.14976998 0.8133954 -0.9106598 0.8115775 0.9592464 0.3249271 0.6388687
21 0.82777905 0.18365398 -0.002484768 1.5946184 -0.30044502 -0.56686306 -1.0998023 0.19245669
13 0.56496185 -0.4718131 -0.5415669 0.9236651 0.5197185 0.5476923 -0.84046876 0.48045102
46 -0.5028025 0.265494 0.71493894 -0.79810566 0.7518766 0.69739246 0.34427676 0.60997033
4 0.07432904 0.041502364 0.70206827 -0.57548076 1.0761143 0.79922456 -0.50318384 -0.28804278
35 0.9210561 0.62226707 0.014387858 1.4492515 -0.42223108 -0.7622509 -1.0470845 0.22855178
9 0.5626518 -0.51049644 0.65193355 -0.22531272 0.34740692 1.1623452 -0.74851394 -0.15193549
20 -0.049061377 -0.9765058 -0.19528593 -0.4404743 1.0224822 1.4846456 -0.6934359 0.5520597
47 -0.07743844 -0.6125053 0.7676633 -1.009548 0.4112745 1.2724253 0.0053568077 0.694259
10 -0.09218315 0.09800229 -0.42008734 0.80086905 -0.07481908 0.56315464 -0.086333856 1.0538073
8 -0.5687284 0.0395843 0.25889745 -0.365558 0.35311642 0.5385296 0.22538812 1.1001223
24 0.6461285 0.76714206 0.1383552 1.7152392 -0.25308657 -1.1918914 -0.864676 0.19457328
37 1.2411796 -0.6972469 -0.18972534 1.4900129 -0.7050972 -0.33976123 -1.5797749 0.5633682
15 0.7790707 0.43461946 -0.029335724 1.5076201 -1.1303353 -0.68809336 -0.85137665 0.8133556
16 0.059992388 -0.2517359 0.42445928 -0.8366047 0.76329273 0.7567625 -0.38963363 0.4503517
33 1.2824833 -0.15375161 -0.17774613 1.5910165 -0.21121277 -0.18107952 -1.4866889 -0.009911707
18 0.56003946 -0.35233647 -0.6308697 1.4061977 -0.35696754 -0.42967102 -1.0448176 1.0797327
11 0.5851947 -0.7342698 0.2795572 0.30741787 -0.13751173 0.6085926 -1.6419065 -0.02650036
29 0.59744424 -0.8251331 -0.100295074 -0.20722283 0.6268045 0.78628737 -1.1097747 0.36027727
7 0.6841124 0.38641828 -0.12623738 1.310828 -0.35079944 -0.80111444 -0.1329846 1.0416112
3 1.0623522 0.45170945 -0.17429361 1.3020115 -0.35023904 -0.69420433 -1.0366855 0.3955089
0 0.8216896 0.054973517 0.010097562 1.6740057 -0.95222294 -0.8339539 -1.3441092 0.5568522
22 1.2616771 -0.1839002 0.027208712 1.4727839 -0.8497423 -0.66763467 -1.5350133 0.3856279
5 1.038228 -0.21449004 0.1101932 0.5099271 -0.14017048 -0.11830942 -1.0784112 0.3472995
30 0.4043641 0.2823032 -0.13300124 1.0173705 -0.7607899 -0.80752003 -0.51828974 1.260923
32 1.310411 -0.24468672 -0.17104459 1.5069922 -0.7173117 -0.3086108 -1.5423518 0.39885664
25 1.3544649 -0.6749493 -0.3886891 0.8564913 -0.15526621 0.2293314 -1.7667578 0.2604785
