50 8
19 -0.5554193 -0.17321745 0.62955385 0.5965427 -0.3469542 -0.1656212 -0.56184804 0.3309669
24 -0.5371805 -0.0817462 0.53884894 0.5588451 -0.016016355 -0.33415607 -0.2442946 0.4825597
39 -0.39612037 0.12264115 0.5110667 0.63103884 0.47009602 0.415295 0.74779296 0.39816725
1 0.26470417 1.0959946 0.648314 -0.391143 -0.42455873 0.659984 1.2335674 0.27091822
43 -0.7148974 0.39302137 0.100541264 0.41251847 0.017716095 0.07454273 1.158781 -0.5948054
10 -0.67286074 -0.3150207 0.5153146 0.6148436 -0.03859578 -0.6228459 -0.3374908 0.5099314
23 0.081065275 0.7997435 0.42842433 0.19467838 -0.510259 0.26547006 0.094993845 0.70846444
28 -0.19005184 -0.0671164 0.6758526 0.2929826 -0.63621354 -0.4720408 -0.089227654 0.36538422
21 -0.44046524 0.21989886 0.6531878 0.42247123 0.58960986 -0.26164904 -0.43114728 1.4166589
2 -0.955962 -0.63049185 0.690025 0.6639529 0.03990814 -0.94916975 -0.79157394 0.204984
40 -0.66392505 -0.13509482 0.8281583 0.41434205 0.5839163 -0.24258609 -0.6192516 1.1091326
26 -0.6715329 -0.33239657 0.8185 0.39402568 -0.042336185 -0.70806074 -0.6933907 0.3307842
44 -0.17925067 0.17820728 0.90016335 0.4118872 0.6318344 -0.22226061 -0.27028042 1.1568291
42 -0.8247581 0.7851431 0.30707553 -0.1324291 -0.11885444 -1.2814648 -0.8638498 -0.13835233
29 -0.3893893 0.31194878 0.4271555 -0.2221815 -1.0049764 -1.1074307 0.024829492 -0.27869812
41 -0.40973032 1.2220899 0.06804106 -0.16316062 -0.49516386 0.5397447 1.6711419 -1.0350174
49 -0.4288056 0.63348275 0.18322344 0.09289027 -1.2128303 0.148705 0.90879685 -1.1886846
18 -0.7039042 -0.49540058 0.8357495 0.68685055 0.5284777 -0.34788945 -0.5301091 0.8722121
20 -0.51607895 0.61478823 0.32740036 -0.07408199 -1.2522619 -0.83399826 -0.22194485 -1.0011783
3 -0.3437975 -0.0036358752 0.81623924 0.49264073 0.56062937 0.08784289 -0.23430353 1.2525748
25 0.16150798 0.746344 0.6389435 -0.31766865 -1.4727975 -0.16885084 -0.19239384 0.04535918
22 -0.36902204 -0.15266109 0.8945264 0.6034192 0.59176433 0.57827586 0.13428982 0.98671377
14 0.1743918 1.210921 0.22993988 -0.10070005 -1.1708441 0.61248654 0.9344635 -0.21814546
48 -0.29928157 0.49790514 0.35042816 0.5206927 -0.33537373 -0.23519887 0.06429492 -0.27678165
9 -0.22462764 1.208865 0.14890577 -0.04233701 -0.49983367 0.6049216 1.1987232 -0.5302221
15 -0.6822681 -0.30646002 0.6242343 0.6242511 0.017052643 -0.8593499 -0.8311781 0.6127679
6 -1.2212886 -0.65657526 0.5513076 0.7531725 0.022384843 -0.7115062 -0.5888794 -0.33567774
27 -1.001502 0.4173807 0.12010157 0.11421529 -0.85176456 -0.64642376 0.0258798 -1.1014054
35 0.04928663 0.4074218 0.67079586 0.4499975 0.42750904 1.2443372 0.98531955 1.1935438
31 -0.780462 -0.45661217 0.79177356 0.88570565 0.92623127 -0.7279666 -0.33573923 0.42469367
0 -0.88924074 -0.6916301 0.9115864 0.57037365 0.570328 -0.7164294 -0.71021664 0.96899676
11 0.38054672 1.4635248 0.4494808 -0.2523801 -0.84463423 0.8019584 1.13402 -0.13226253
16 -0.07760557 0.6680044 0.41998878 -0.2422874 -1.5907097 -0.7531389 0.25388932 -0.86859906
34 0.03151637 1.2175304 0.44310087 -0.2983817 -1.3278036 -0.12280034 0.21608433 -0.80026406
12 -0.6956628 -0.6294857 0.7141001 0.77124566 0.42550367 -0.18336464 -0.24776042 1.1074315
30 -0.38510972 0.85678095 0.30573773 0.6409655 1.1846578 -0.078259856 0.5278315 0.52034533
7 -0.8093535 -0.6083828 0.4953367 1.238245 0.30726194 -0.6606965 -0.8744114 0.7600603
8 -0.97967446 -0.6511228 0.7219644 0.8035242 0.2478506 -0.8224023 -1.0439184 0.5064422
4 -0.056311157 0.7540575 0.3408819 -0.284175 -1.810097 -0.5468916 0.2707588 -0.80296636
38 -0.05719915 1.1785504 0.2087678 -0.06248951 -1.4511703 -0.06440554 0.4524916 -0.8866844
5 0.01691102 1.3514076 0.1670566 0.237529 0.22474574 0.9178416 1.7334374 -0.16246799
46 -0.4001811 0.905038 0.11451456 -0.046122022 -1.1563157 -0.34334305 0.88703936 -1.4675448
37 -0.15157479 -0.08599685 0.7711275 0.4938165 0.30726638 0.86264426 0.9959968 0.7768757
32 0.27345726 0.50214 0.58002347 0.66027194 0.44504273 1.4211512 1.5860566 0.84345466
13 -0.19153963 -0.07050679 0.5850543 0.90115005 0.42975935 0.3924703 0.094410464 1.4438097
17 -0.90149003 0.38880277 0.42719403 0.42167935 0.20327444 -0.60977423 -0.009246555 -1.0833515
36 0.039172504 1.1693864 0.24029885 -0.21710895 -1.6773989 0.28209653 0.95980054 -1.0727755
47 -0.52905506 0.92512745 0.030764475 0.17129149 -0.09827248 0.16606784 1.5399894 -1.0445825
33 0.12914418 0.94734275 0.6115169 0.23362517 0.61899114 1.0208117 1.4639254 0.43244702
45 0.18871132 0.9353208 0.26502955 0.117338404 -1.8168792 -0.2177397 -0.061654508 -0.5197809
