50 8
39 0.0066927015 -0.70469874 0.58318853 0.8107042 0.74883515 0.01810699 -0.20410319 0.091893084
43 -0.091495275 -0.27722278 0.12527871 0.008102261 1.0323997 0.2396306 0.3993053 0.69300324
40 0.24362223 -0.23472941 0.69528896 1.3587892 0.36335123 0.138259 -0.53589743 -0.04553544
31 0.080642976 -0.40953708 0.35920534 1.3113271 0.79096043 0.15782063 -0.52455664 0.14180821
6 -0.3159591 -0.23779336 0.12923336 0.68640375 1.2407091 0.16163564 -0.07699873 0.2650046
13 -0.02691718 -0.19849847 0.29382995 0.7567199 0.831566 0.30089942 -0.68615115 0.17633505
30 0.392807 -0.35524043 0.84114045 0.8809778 0.52287215 -0.10004246 -0.36065418 -0.022755176
26 -0.5871335 -0.069657505 -0.227287 0.45491347 1.2481833 0.21770819 -0.12506199 0.8133684
18 0.17850064 -0.3243048 0.30539438 1.4821213 0.36056036 0.5415275 -0.7650357 0.11811246
45 -0.25390437 0.17007929 0.4506901 -0.52333856 0.79235446 0.012789155 0.6866885 0.660004
41 -0.15646149 -0.06980033 0.15427905 -0.3248947 1.2267836 0.16529436 0.5996762 0.6399811
29 -0.6952274 0.5484449 0.023205208 -0.2970079 0.6660003 0.49540144 -0.41535208 0.7149255
23 -0.06622528 0.17389731 0.7018219 1.2193086 0.11932414 0.35231727 -1.0641775 -0.19163133
1 0.80442834 -0.62061507 0.90860593 -0.21590371 -0.005617864 0.71116745 0.59331566 0.028957868
28 -0.6527671 0.42307508 -0.21861215 -0.48653352 0.921094 0.36047378 0.52879065 1.2604651
22 0.3606369 -0.23859075 1.1188167 0.15447545 -0.34133193 0.6793838 -0.58321023 -0.37789702
2 -0.02183865 0.028910687 0.897167 1.271991 -0.46041277 0.3108925 -1.218077 0.032376625
20 -0.8750341 0.6846613 -0.049061425 -1.1129323 0.80905294 0.44572976 0.5558267 1.1480691
15 -0.26508355 0.33221403 0.46951923 0.9938918 -0.21148181 0.566842 0.18860361 0.22156057
36 -0.3296585 0.29552692 0.75334615 -1.3585088 0.35234222 0.3064986 1.09001 0.53597313
8 -0.55551106 0.03739456 -0.25611588 0.97460514 1.0621799 0.42299703 -0.33348727 0.5991937
12 -0.03850502 0.66212815 0.77503395 1.3730202 -0.20469621 0.21740839 -0.87138766 -0.029995533
27 -0.15029481 0.14144456 0.13532393 -0.93668854 1.1580026 0.39302626 0.67202216 0.83386946
24 -0.0058006607 0.06543622 0.6266266 1.6071378 -0.05437568 0.38781708 -0.8863484 -0.032806203
19 0.08345056 -0.038523898 1.0153214 1.5428585 -0.5491662 0.2709714 -0.7832536 -0.10198606
42 -0.024233693 -0.79458314 0.3921425 -0.15571488 1.2590326 -0.081119195 -0.025232166 0.5145589
7 -0.5213452 0.6265425 0.17259988 1.2525904 0.27084768 0.24750209 -0.5980948 0.47851816
17 -0.15765265 -0.5646045 0.22492526 -0.7511832 1.0203108 0.22259647 1.0063002 0.9336588
16 -0.28468484 0.11756192 0.12035375 -1.1327943 1.0259061 0.45534062 0.33095992 0.8916834
44 0.2931066 -1.0331031 0.49518907 0.0019032619 1.3995582 -0.0048134513 -0.1978462 0.18599479
35 0.20938055 -0.011198144 1.3490102 1.1901436 -1.2010616 0.36463735 -0.57509685 -0.18101875
25 0.12035598 0.28937942 0.45894155 -0.7792109 0.4590031 0.5611951 0.20904326 0.50553626
49 -0.5308827 0.37913275 0.52989393 -1.2943528 -0.23233494 0.67721295 1.1689839 0.9498739
32 0.41983804 -0.29524285 1.157748 1.2711047 -0.6057947 0.4506993 -0.45153075 -0.3539464
48 0.21098274 -0.29702434 0.41927746 -0.29443252 1.3463799 0.049063075 0.4416941 0.35312122
38 -0.32043418 0.44649503 1.0877117 -1.8579203 -0.45431107 0.51491237 0.7947433 0.5467279
10 -0.77496123 0.48830566 -0.01990787 -0.47177047 0.3554707 0.42729163 0.44806302 1.1616712
3 0.26404783 0.22780834 1.1211333 1.7242773 -0.5276259 0.33006108 -1.0486807 -0.38803762
37 0.21543801 0.1883831 1.5165431 1.3320736 -1.4263884 0.14957398 -0.0682562 -0.15115607
46 -0.5109608 0.8157284 0.8709 -1.7561964 0.1720147 0.4228055 0.5531357 0.40015274
33 0.46620056 0.08784189 1.3913147 0.48748502 -1.5669067 1.0110146 0.0071716416 -0.28743154
34 -0.12773962 0.31806773 0.80463827 -1.7248465 0.17943802 0.5220734 0.7054408 0.5614985
9 -0.18911548 0.7291692 0.92235667 -1.3006358 -0.40294078 0.41050616 1.1579148 0.70302397
0 0.17859252 -0.095855646 0.9184818 1.527976 -0.68635887 0.5501868 -0.84226507 -0.09557804
21 -0.17552935 0.44006294 0.85317844 1.2757139 -0.9349556 0.64855295 -0.9267735 0.020983124
14 0.20350249 0.76751256 1.210616 -1.2633708 -1.3584428 0.90507984 0.21063057 0.4565635
11 0.35881478 0.21077767 1.5054005 -1.7315701 -1.2543368 0.7592294 0.51048416 0.33084697
5 0.25822562 0.4447198 1.0569677 -1.1707094 -0.66109276 0.61901164 1.0406082 0.5217998
4 -0.58118665 0.5037564 0.8198317 -2.2024925 -0.2578495 0.7843372 0.9222661 0.7938323
47 0.44590387 -0.972427 0.62169164 -0.077745005 0.4290009 0.4194448 1.4443874 0.4036865
