50 8
43 -0.769388 -0.2817867 0.74079347 -0.5023343 0.6557824 0.44574335 0.57345575 0.12231085
1 0.23136428 -0.120163195 0.54630446 0.34311873 -0.124984354 0.86777765 0.40885893 -0.45001623
28 -0.713472 -0.15453084 0.59975845 -0.45794654 0.32258275 0.95048046 0.83492035 -0.025577888
49 -0.4675329 -0.34185746 0.7088073 -0.4433928 -0.027586034 1.075411 0.90213275 -0.24419999
27 -0.7729597 -0.09166232 0.6821416 -0.6345193 0.17293887 0.9631036 0.74369645 0.04294844
41 -0.62029344 -0.035526607 0.54256684 -0.36240387 0.13711078 1.3189118 0.973966 -0.4616379
29 -0.7880671 0.033062607 0.78032136 -0.7539918 0.37066516 0.85935855 0.704583 -0.22165965
10 -0.20067805 0.65097094 0.42492718 0.85045975 0.07899817 -0.5381626 -0.58117306 0.6148303
6 -1.2270627 0.073632054 0.82655954 -0.85797626 0.823023 0.3524733 0.38091722 0.026441539
18 -0.12159422 0.37380686 0.46903706 1.1110969 0.6655635 -0.96143866 -1.1593275 0.6888558
46 -0.9255879 0.39249468 0.6621952 -0.18178366 0.6027442 -0.20403449 0.10827833 0.35046393
25 1.0500749 0.037539124 0.4785353 0.9021754 -0.52797264 0.87552404 -0.31917232 -0.36046553
36 -0.36963668 -0.017867612 0.7816385 -0.61297786 -0.118516736 1.2007368 0.92500025 -0.4537309
4 0.21083578 -0.13820761 0.8832011 -0.3684955 -0.5212523 1.0754548 0.43801075 -0.4500893
22 1.0851374 -0.23986293 0.76528054 1.2150446 -0.40956926 -0.25073093 -0.9860176 -0.12179277
16 0.07502002 -0.19458437 0.7966934 -0.29688454 -0.027047563 1.1287298 0.6502114 -0.59190345
20 -0.23703994 -0.4279963 0.6523309 -0.0031844412 0.13123113 0.6148538 0.34812316 -0.11350656
42 -1.0692548 0.25735307 0.80421746 -0.96179515 0.5085976 0.5684045 0.57234657 0.24069208
31 -1.4434525 0.41033447 0.53604025 -0.44946676 0.43472382 0.14005429 0.54881877 0.65994376
40 -1.4588126 0.50371 0.5475688 -0.42774186 0.4311388 -0.14747156 0.2580324 0.92851895
33 0.8763682 -0.012622638 0.5191062 1.639165 -0.40624446 -0.41233557 -0.69202876 0.28212595
44 -1.1501453 -0.13845119 0.8354622 -0.96535313 0.78231543 0.5175468 0.63601273 0.17558411
38 -0.46306807 -0.053079553 0.58549494 -0.253102 0.011593524 1.1489183 1.0705639 -0.36004803
34 -0.3633213 0.023320507 0.8180266 -0.629645 -0.048923224 1.1348338 0.7751564 -0.48505944
13 0.34106213 0.49721384 0.45973337 1.4478941 0.46518016 -0.99626946 -1.2761527 0.6315339
14 1.0633721 -0.05483848 0.60805494 0.94723266 -0.65196204 0.5446386 -0.46069866 -0.3123319
5 0.8073248 0.29134047 0.67817163 0.57021284 -0.36385092 0.38265613 -0.1541594 -0.32767838
19 0.9477011 0.2316041 0.76709396 1.1737276 -0.24587439 -0.76115954 -1.0651379 0.495486
17 -0.7694374 -0.21337841 0.7125002 -0.61580986 0.18091741 0.8087267 0.6825879 0.11784854
9 0.617929 -0.025419291 0.93109614 -0.02918935 -0.73175246 0.9300823 0.55166245 -0.8196929
11 0.9808889 -0.23342559 0.65903217 0.6558404 -0.6960771 1.0226505 -0.28598619 -0.65188485
47 -1.0637754 -0.16210482 0.49060938 -0.47801226 0.39341587 1.2027365 1.1590158 -0.1373945
45 -1.1292005 0.20819885 0.73666555 -0.91247815 0.26465416 0.84652483 0.78415555 0.08915998
24 1.1421331 0.43513018 0.6090655 1.425322 -0.5018982 -0.26933962 -1.0197992 0.18415761
26 -1.4437958 0.2736601 0.6172543 -0.15036918 0.7087715 -0.7094607 0.18314528 1.0504819
37 0.93885773 -0.19101022 0.4753836 1.7157497 -0.27795833 -0.24405415 -0.8726926 0.128007
21 0.60917526 0.33966812 0.38514537 1.7334734 -0.43038017 -0.53898793 -1.1703051 0.5702122
39 -1.0308323 0.006044629 0.77853227 -0.8177318 0.6192535 0.8992491 1.0183737 -0.34250116
30 -0.8188504 0.7473446 0.31972185 0.7832838 0.54546016 -0.72209316 -0.7166166 0.63673276
23 1.2799737 -0.17566484 0.72376424 1.4256961 -0.23650832 -0.35611373 -1.1367809 0.024080783
32 0.9452793 0.3452787 0.68779033 1.4159633 -0.38896078 -0.76694405 -1.0929495 0.47758397
48 -0.19100565 -0.07418432 0.6469754 -0.33931226 -0.1169953 1.1555605 0.7708026 -0.2383339
7 -0.5361133 0.5095382 0.36650816 0.9383061 0.9927907 -1.3639178 -0.7726248 1.5321234
2 0.4180638 0.6809544 0.32757476 1.8934947 -0.29421544 -1.0249896 -1.2727593 0.8236452
3 0.90889287 0.61091983 0.4904217 1.691827 -0.21453178 -0.7624314 -1.0691967 0.5176096
35 1.1279472 -0.021295354 0.58497494 1.4208077 -0.6819596 -0.0867308 -0.41937292 0.09022898
8 -1.5535748 0.46769586 0.3828665 -0.17232746 0.72578657 -0.29576918 0.40661332 1.0982368
0 0.06512679 0.5372646 0.27626657 1.621661 0.45220217 -1.0391318 -1.3774359 1.0944868
12 -0.15102457 0.6863166 0.32057264 1.3088849 0.78979164 -1.1043657 -1.3644491 0.9904941
15 0.6728083 0.6034285 0.42135403 1.8997597 -0.4085281 -0.8674479 -1.1346596 0.68623793
