50 8
23 -0.10215526 0.11601508 0.41857862 0.2456037 0.6225692 0.32044166 0.26007304 -0.40948287
12 -0.14935051 0.45017847 0.7090959 0.40352896 0.33792558 -0.10209559 -0.016985988 -0.09786424
1 0.26954913 -0.44893265 0.42231613 -0.32522023 0.58812773 0.7785621 0.49453133 -0.37001085
46 -0.5085899 0.5695904 0.5023794 0.14186083 0.49709207 0.14285834 0.035650536 0.009930841
17 -0.05352767 -0.33445504 0.457929 -0.46680957 0.7544056 0.58326334 0.5174163 -0.39436418
28 -0.30434573 -0.26998132 0.3645942 -0.710349 0.8279939 0.92441314 0.7793206 -0.49162772
4 0.48017764 -0.93288386 0.55547744 -0.7567089 0.5173512 0.81412303 0.5328672 -0.1970945
43 -0.0058915555 -0.46077737 0.21580698 -0.5382752 1.1504228 1.0165786 0.58847725 -0.87078625
27 -0.10541422 -0.35316208 0.42019093 -0.79971737 0.7660188 0.8581179 0.78556097 -0.2641722
36 -0.17386003 -0.27595338 0.38618287 -0.37719226 0.9083564 0.6634883 0.6235435 -0.66943145
5 0.8021756 -0.078093655 0.6437494 0.0042640003 0.11063963 0.029726297 0.1693649 0.66049266
42 -0.4016384 -0.3192962 0.27220082 -0.5059123 1.0378863 0.9515787 0.6129139 -0.75399935
41 -0.3223121 -0.22717777 0.30570686 -0.45456362 0.90211326 0.93270165 0.55246806 -0.6643124
10 -0.25835317 0.37355706 0.4860508 0.45572522 0.11012854 0.15830621 -0.50391096 0.54027003
38 0.5193047 -0.702964 0.36322042 -0.37024304 0.6873716 0.8237971 0.63135064 -0.3863603
31 -0.7127544 0.11258307 0.31626683 -0.32139218 0.80203515 0.9342006 0.87901837 -0.65418094
16 0.6424701 -0.9426038 0.34664622 -0.38418373 0.57392776 0.8843696 0.9180929 -0.08303424
9 0.49677995 -0.71365255 0.7175891 -0.4676961 0.12944505 0.35846066 0.58216906 0.38165313
6 -0.5107175 0.007802625 0.3555285 -0.3304967 0.90890837 0.8648047 0.7566788 -0.82343435
40 -1.01942 0.50715137 0.32131734 0.3207119 0.5865403 0.6328811 0.61258143 -0.48938245
34 0.08559398 -0.71083283 0.48032975 -0.7587547 0.456195 0.89754146 0.3115016 0.026454847
7 -0.245147 0.6733673 0.58521664 1.1377999 0.30017516 -0.6033247 -0.7172298 0.5122313
26 -0.91454875 0.58226436 0.43805373 0.25554416 0.4846701 0.2729368 0.8742318 -0.17427589
14 0.95073503 -0.17854175 0.5818927 0.7733234 -0.06905638 -0.20952766 -0.84046465 1.1117305
21 0.10151393 0.41851124 0.7478991 1.0754164 -0.3130446 -0.42109433 -1.016755 1.3188362
49 -0.061494637 -0.40975606 0.5908518 -0.6035405 0.5071181 0.78745836 0.91828525 -0.23251227
45 -0.24059491 -0.33644024 0.2783993 -0.54340416 0.9981463 1.1473124 0.8307635 -0.87486815
24 -0.4918293 0.8327519 0.78569883 0.94069254 -0.08813686 -0.48621967 -0.9784624 0.91622716
0 -0.06942611 0.5401246 0.87888074 1.1322612 -0.2948094 -0.7450324 -1.1406337 1.3031386
44 -0.42555857 -0.2147512 0.21359149 -0.34034353 1.1800259 0.943228 0.6147107 -1.073166
33 0.70468765 0.10473067 0.8211715 1.1460733 -0.21177179 -0.7505109 -1.0653057 1.407237
48 -0.27147663 -0.32349667 0.23233925 -0.56287974 0.9603239 1.1524184 0.85126305 -0.69148076
19 0.079786204 0.6320369 0.8556907 0.8706475 -0.21787956 -0.6876575 -0.8350383 1.3152257
22 0.3047855 0.12953793 0.8177265 1.0599599 -0.203204 -0.67817575 -1.069677 1.3261689
20 0.66099054 -1.0934966 0.3994314 -0.38371187 0.5073054 0.6954007 0.68367 0.07263632
15 -0.056045234 0.76523435 0.7743182 0.9514415 -0.22110043 -0.5379937 -0.7077655 1.1854643
32 0.5472922 0.13187394 0.7724395 0.95098704 -0.2958238 -0.61730886 -1.1904216 1.7446358
8 -0.7815083 0.24065688 0.1317031 0.7402695 0.7550505 0.5223497 0.34116834 -0.6079296
35 0.28521913 0.589135 0.9915769 1.2844509 -0.35080326 -0.9140472 -1.037247 1.5153888
39 -0.34661013 -0.3586407 0.27251926 -0.3902863 0.91567105 1.1275378 1.2762997 -0.69371563
13 -0.185199 0.79926276 0.66270983 1.4200284 -0.058863267 -0.70468724 -1.0628647 1.1683003
3 -0.0012114495 0.8759071 0.7618466 1.1608747 -0.18875235 -0.6153517 -0.61616504 1.191055
47 -0.32234558 -0.3262748 0.14899273 -0.3806439 1.0729588 1.0566677 0.92698264 -0.8471396
2 -0.052476943 0.8181039 0.8994784 1.1499939 -0.33190945 -0.66803914 -0.91366065 1.2228402
29 0.74295264 0.08836883 0.63368714 0.9172162 -0.03206483 -0.41927984 -1.3021832 1.2184405
30 -0.68712395 1.313812 0.6761785 1.5208691 0.14691596 -0.7274685 -1.1024282 0.588762
37 0.22066365 0.5389832 0.83675194 1.5224481 -0.14799817 -1.0304954 -1.0025852 1.3997236
18 -0.11471768 0.74023575 0.5124153 1.6900773 0.22773853 -0.6326718 -1.5309081 0.71318436
11 1.2137467 -0.9870465 0.5364919 -0.3092382 0.030348904 0.42701373 -1.0692468 1.0616329
25 1.4972787 -0.7429685 0.44028765 0.44522193 0.01350852 -0.14654186 -1.3889409 1.582234
