50 8
43 0.010814281 0.2945283 0.45159507 -0.35691777 1.0303375 0.7284183 0.21388204 -0.13284388
25 0.7902611 -0.005317079 0.016336488 1.0695972 0.18916894 -0.11284863 -0.67553234 0.09303882
40 -0.39861652 0.16711055 -0.10127111 0.58434314 0.6429871 -0.25690538 0.13444021 1.3969916
28 -0.08286129 0.48974088 0.68127954 -0.28390214 0.6798091 0.89523506 0.25854915 -0.2602763
42 -0.024067556 0.33789825 0.70230156 -0.53710985 0.6439712 0.92687064 0.19210076 0.44603062
27 -0.10939014 0.30474776 0.372719 -0.23392996 1.0584288 0.6800283 0.60667694 0.15835448
34 0.6603469 0.17926829 0.4785002 -0.24541716 0.8179644 0.9852906 -0.24336533 -0.57482153
41 0.18956743 -0.41095206 -0.21429017 0.8805123 1.3979579 -0.48485413 0.18930243 -0.41071382
17 -0.84016526 0.19893748 0.8615779 -0.5972177 0.7363054 0.2704587 0.20069034 1.0209076
16 0.29619527 0.4516748 0.59797263 -0.5023144 0.75919163 0.95444053 0.32433543 0.19719332
45 -0.24881475 0.5062504 0.95621663 -0.6127722 0.64892197 0.85813344 0.26864332 0.09080252
18 0.30770802 -0.42415214 -0.12983918 1.2202661 0.51030153 -0.93877107 -0.40393233 1.1314024
49 0.3068216 0.3437567 0.9177345 -0.25796273 0.35524485 1.3329551 0.21749048 -0.47968397
23 0.5742877 0.5735818 0.9571152 0.055278365 -0.129943 1.1963232 -0.30543888 -0.5313317
19 0.4695023 0.79744923 1.2492411 0.013910331 -0.6548008 0.31613263 -0.87524855 0.38130003
44 -0.4795296 0.13593629 0.52426505 -0.5955984 1.3014059 0.24955669 0.097656906 0.25479755
38 0.21191068 0.23675898 0.41888812 -0.24925812 1.2285985 1.0443157 0.36349028 -0.9411648
2 0.20880704 -0.06850136 0.16826504 1.2227498 0.006637901 -0.93873703 -0.8957889 1.0428602
20 -0.24093348 0.28774706 1.2338927 -0.29861993 0.19314677 0.62455666 0.41576454 0.32034665
47 -0.14470544 0.26618534 0.55511385 -0.5381306 1.2628366 0.89143294 0.41231224 -0.47561532
14 1.1267517 0.1639354 0.6124533 0.8216643 -0.017486753 0.31850022 -0.6492868 -0.9999735
30 -0.11634781 -0.59964615 -0.38240805 1.3145686 1.0066881 -1.1080769 -0.19665113 0.8486611
26 -0.98924464 -0.040325455 0.20050229 0.4819281 0.7288325 -0.10814959 0.48187327 1.2032342
36 0.19667792 0.42772323 0.8044831 -0.2979647 0.8357952 1.0327435 0.45821977 -0.8307628
29 -0.568924 0.08215806 0.22253497 -0.37961394 1.482399 -0.020901417 0.12949403 0.41474864
9 0.6278465 -0.2330888 0.7233938 0.7419303 0.62979835 0.33213717 0.27148795 -1.54692
13 0.7072406 -0.041235037 -0.1646401 1.756103 0.10664039 -0.883464 -1.2419525 0.02157016
21 0.37249374 -0.20454717 0.20434949 1.7972575 -0.41323483 -0.6520345 -1.2563347 0.40011507
6 -1.0164117 0.16348688 0.3575793 -0.26293382 1.0938002 0.13708773 0.36826375 1.0137174
46 -0.79426396 0.18852703 0.12754862 -0.22360975 1.5468898 -0.10391293 0.14495008 0.3256179
1 0.36830965 0.57518464 1.029522 -0.4871416 0.38435182 1.4835706 0.24485023 -0.5865092
24 0.53080404 0.63712543 0.88789093 0.24516866 -0.50220585 0.27818748 -1.1440583 0.27673623
10 -0.14664862 0.2859446 0.7604925 1.2569218 -0.7290273 -0.06886167 0.3663381 1.084069
4 0.22219661 0.29390228 0.9917173 0.042185735 0.57007396 0.76210093 0.19378422 -1.2221689
7 0.02645278 0.2530056 0.387836 0.49576923 0.005996297 -0.6246378 -0.77378416 1.5194186
39 -0.28904423 0.11033212 -0.20748891 -0.09411745 1.7447453 -0.33770868 -0.13644044 0.17362937
0 0.019824822 -0.12694107 0.27997395 1.7015511 -0.51605463 -0.8384446 -0.5305425 1.3962612
15 0.38314825 0.61993355 1.0159141 0.8516509 -0.9520616 0.52446204 -0.16152486 0.3381475
31 -0.8670321 0.243745 -0.115631014 -0.18342483 1.5919534 -0.037079982 0.51113623 0.9132878
8 -1.0287292 0.07576949 0.007995145 0.20425004 0.99693185 -0.13978942 0.3830677 1.5524626
3 0.53558403 -0.07945374 0.50299805 1.8642076 -0.7640235 -0.9276528 -0.9716878 0.697515
11 0.53854555 0.5398814 1.079217 -0.38827455 0.09532058 1.364293 -0.20553097 -0.5139737
12 0.6693914 -0.04170369 0.23181188 1.4334581 -0.21657965 -0.78659576 -1.4195142 0.21535471
5 0.4222672 0.69036007 1.0338366 0.19561036 -0.39955795 1.6436303 0.5780374 -0.21811524
33 0.7330299 -0.26862517 -0.18488607 2.1566184 0.026954051 -0.74598956 -0.5834391 -0.09407659
37 0.24590918 -0.39093515 0.77268225 1.8668276 -0.51533943 -1.2221311 -0.68054944 0.21996692
48 0.6810869 0.2050261 0.09369569 0.05892668 1.3128145 0.8963113 0.19635312 -1.1397324
32 0.7991289 -0.49979165 -0.14355844 2.4301963 0.12878819 -1.0728346 -0.59611946 -0.51006484
35 0.7196144 -0.59608847 -0.03578552 2.302814 0.02428731 -1.1642125 -0.6923628 -0.19860837
22 0.7891246 -0.5897593 -0.11242043 2.4092739 -0.06499165 -1.1182729 -0.9061273 -0.076093666
