50 8
43 -0.30397928 0.11057692 0.035231743 0.85816157 -0.53059304 -0.51216596 0.093151346 -0.7899246
23 -0.35837254 0.35102957 0.46476972 0.33629248 -0.26832208 -0.6669271 -0.2926424 -0.73021066
6 -0.31366554 0.09025703 -0.10515696 0.9633195 -0.48011997 -0.7392564 -0.10872262 -0.77962375
42 -0.43420002 -0.26646885 0.36256412 0.7416025 -0.7601928 -0.5654242 0.16017833 -0.41803274
27 -0.57358134 0.2234607 0.07398557 0.7500963 -0.348027 -0.4838278 -0.26505944 -1.2957342
26 0.28779116 -0.48482832 0.18717305 1.4501399 -0.3375547 -0.74043584 0.17659236 0.0038694157
49 -0.593603 0.815395 0.48506972 0.0058936076 -0.22061999 -0.0978627 -0.29168946 -0.94548005
28 -0.013177415 0.49450687 -0.083451875 0.9042581 0.053027626 -0.6402828 -0.10430535 -1.098863
24 -0.37576827 -0.095312364 0.871973 0.3659043 -0.8678184 0.16978611 -0.038170125 0.19360678
1 -0.22186096 0.34546462 0.32772943 0.52855814 -0.34919047 -0.64574456 -0.25700483 -1.133882
19 -0.10600224 -0.48840666 0.8722688 0.808823 -0.67490244 0.020617455 0.08476717 0.7880658
48 -0.41747877 0.7949767 0.25949803 0.29782945 0.076872654 -0.4080503 -0.38949358 -1.071902
36 -0.54420245 0.73764175 -0.06101858 0.42954376 -0.27808163 -0.4858985 -0.15117481 -1.4119827
16 -0.6008205 0.24383739 0.9134286 -0.11014666 -1.0110757 -0.09722878 -0.0540064 -0.790824
4 -0.6433925 1.2596945 0.34243673 -0.2279302 0.022145236 0.12946521 -0.02150465 -0.5814874
18 -0.0006375728 -0.048806008 0.5357725 0.8175109 -0.6619339 0.41681975 0.51236904 1.4438149
20 -0.70713544 -0.08211887 0.7622445 0.18561308 -1.0950873 -0.17178781 -0.13684185 -0.37694597
45 -0.56454325 -0.19477554 0.51225007 0.50036764 -1.152571 -0.37361997 -0.06156334 -0.7201736
44 -0.11499494 0.082132444 0.066416696 0.92389333 -0.46131986 -0.6544954 -0.27449647 -0.740298
17 -0.7281654 -0.34065348 0.93670815 0.2567518 -0.9848896 -0.47663563 -0.23418523 -0.589436
46 -0.3411229 0.49721366 -0.08908949 0.6766547 -0.4498341 -0.57429236 -0.10481022 -1.2978147
15 -0.82151896 -0.18057132 0.9377657 0.0046633757 -1.2336527 -0.18807003 0.07652299 -0.002237307
9 -0.62711257 1.8010594 0.85279626 -0.8661767 0.5591702 0.78111184 0.09866 0.70975673
40 -0.13842641 0.67268556 -0.2852025 1.0827993 1.0774248 -0.7964517 -0.084299445 -0.66322476
5 -0.2483765 0.48342147 0.7227427 0.119226314 -0.75853896 0.60051024 0.355177 0.83727497
31 -0.023386026 0.514037 -0.40826404 1.2000986 0.5068885 -0.90316087 -0.118475445 -0.7685614
29 -0.40923575 -0.15105657 0.53100276 0.49471536 -1.1631688 -0.15197484 0.02259553 0.025917688
11 -0.77303135 0.9553811 1.2216346 -0.7240738 -0.6628704 0.875934 -0.13220045 0.3249976
47 -0.3389391 0.6973814 0.2927686 0.30486584 -0.2663854 -0.52423185 -0.45713872 -1.4151466
2 -0.0062518576 1.0743287 0.83381355 0.11777398 0.95985216 0.63229907 0.22002797 1.4668424
25 -0.13595487 1.4857774 0.7403616 -0.36380762 0.14595093 0.921313 0.28553024 1.2529731
41 -0.15501668 1.265591 0.070909806 0.38498628 0.8764759 -0.3304202 -0.26569843 -1.0919333
7 0.36945906 0.018774124 -0.017668871 1.3633269 -0.08294288 -0.09267611 0.6186533 2.0793402
12 0.19417153 0.6286386 -0.044762824 1.0396959 1.0819888 -0.39742324 0.34969747 1.3332427
39 -0.23171072 1.0767295 -0.33236006 0.7335785 0.75438523 -0.7397098 -0.27699474 -1.2418958
34 -0.44288892 1.2624557 0.26527208 0.12540644 0.75872624 -0.14832596 -0.5435298 -1.0016812
21 0.14147633 0.96242255 0.5648311 0.39066482 0.9038545 0.40080723 0.24353595 1.8987446
38 -0.24034224 1.4883096 0.22196838 0.19263828 1.3068843 -0.14007798 -0.22349387 -1.0007713
3 0.20584044 0.6590827 0.9756361 0.23854646 0.2645516 0.68864596 0.444385 1.8388115
10 0.32662433 -0.32528386 0.15866116 1.3028265 -0.9326091 -0.2685304 0.36176646 0.040605158
14 -0.2061271 2.0140712 0.6734217 -0.52635473 1.1532419 0.6826102 -6.8103625e-05 0.66821885
8 0.58203846 -0.14497705 -0.51852536 1.8117678 -0.2839502 -0.87362796 0.08583617 -0.23174566
13 0.349794 0.5771677 -0.08650245 1.182969 0.3975947 0.42425063 0.7782663 2.0748837
37 0.13848877 0.8755725 0.7370353 0.3093817 0.36000648 0.81663245 0.7950181 1.9648764
0 -0.014061759 -0.4729405 0.93914723 0.7417574 -0.85426134 0.13237163 0.17494299 1.2803255
33 0.3501329 1.215369 0.683041 0.26837504 0.80625796 0.8170468 0.46984392 2.0724115
22 0.3510141 1.2904881 0.7278279 0.27186108 0.80948037 1.0212406 0.45497832 2.1221552
30 0.6910572 0.18562098 -0.14371806 1.4871018 -0.077120475 -0.07125727 0.4021111 1.2675096
35 0.32187942 1.1752504 0.8470977 0.09385296 0.4923689 0.72522366 0.4143662 2.3745253
32 0.64304644 1.0714552 0.4978683 0.6946798 0.97264755 0.7341813 0.52754647 2.2501378
