50 8
1 0.28013438 0.169992 0.5534835 -0.49791524 0.32039842 1.1244272 0.49108222 -0.16902882
6 -0.5811696 0.2777066 0.4407104 -0.19224368 1.0083083 0.08943408 -0.40203694 0.51432765
42 -0.41765282 0.28376848 0.262658 0.1237216 0.9463192 -0.09857594 -0.4112565 0.74815744
18 0.38928822 -0.15685406 0.37794012 1.3538575 0.20161882 -0.8336049 -0.7890303 0.2885917
39 0.18010484 -0.15713596 0.42068577 1.286418 0.21795401 -0.7271623 -0.8275577 0.06711681
30 0.34725156 -0.071106926 0.36238804 1.4373358 0.18145454 -0.8642717 -0.7788421 0.32854995
40 0.259933 -0.01345332 0.22631389 1.5700614 0.22028844 -0.90300804 -0.828271 0.49120805
23 0.14062823 -0.060194597 0.34901783 1.2219456 0.29205364 -0.7039089 -0.88463044 0.27202907
44 0.33103424 -0.25566527 0.4286137 1.202093 0.31757635 -0.81812716 -0.8509536 0.24337682
31 0.04504595 0.13672282 0.19413415 0.97887194 0.49511164 -0.63794327 -0.7575289 0.75809705
25 0.3585581 0.24449815 0.41334018 -0.3903631 0.4061794 0.9027138 0.22983582 0.034812253
29 -0.13656153 0.18359384 0.3900055 -0.15324129 0.94972306 0.12898111 -0.5022289 0.19507325
17 0.14178127 0.48562318 0.6297066 -1.0199304 0.2799491 1.5033801 0.63518244 0.24671265
24 -0.07893341 -0.092855066 0.4658109 1.0626421 0.38879988 -0.74994355 -0.8489576 0.44123572
13 -0.35360944 0.1727307 0.254097 1.1237466 0.43877846 -0.68904585 -0.8414006 0.87903875
43 -0.32788542 0.43684325 0.34271145 -0.6233068 0.585256 1.2477059 0.29251897 0.48357937
8 -0.14740789 0.42752415 0.30455348 0.167086 0.891229 -0.43064046 -0.59689504 1.0248307
45 0.28879845 0.5070568 0.7064904 -0.7668449 0.09981871 1.4359181 0.62794054 -0.22982778
46 0.08621105 0.47813442 0.5830792 -0.8026689 0.28913885 1.5385567 0.56152683 -0.19902077
27 0.41090205 0.40230903 0.5488462 -0.82935107 0.48795372 1.1690992 0.54639727 -0.1633195
19 0.097742945 0.0066203484 0.4434527 0.4471365 0.8242229 -0.6745109 -0.81174713 0.56592
16 0.25678393 0.45751768 0.4897462 -0.8304258 0.19478798 1.588915 0.591203 0.03356495
0 -0.13384247 -0.21679011 0.35375065 1.4707412 0.2628592 -0.82485723 -0.83372974 0.40180984
20 -0.16256942 0.22638999 0.49858177 -0.93928576 0.5574009 1.4608176 0.4798912 0.39150742
28 -0.4038066 0.43636906 0.49244592 -0.70793116 0.37719393 1.4517393 0.51720876 0.22151375
15 0.059850216 -0.20722438 0.49395925 1.5050163 0.10160618 -1.1072242 -0.84726423 0.7322148
14 0.08796864 0.41049337 0.56646 -0.20780885 -0.33113497 1.7705711 0.7242466 -0.70360464
4 0.00082435366 0.5434677 0.72748107 -0.9309951 0.046458542 1.6776595 0.7855688 0.044762336
35 0.7473086 -0.25519148 0.47188118 1.6647468 -0.27362582 -0.74530154 -0.44129807 -0.09419785
41 0.20744725 0.3610269 0.63878065 -0.6898293 0.05600471 1.7689478 0.8730737 -0.51315856
26 -0.8513584 0.23988262 0.29320666 -0.30486816 0.7212602 0.6899497 0.036733706 1.1201766
36 -7.318629e-05 0.5414651 0.656264 -1.0342245 0.25654775 1.6895516 0.7690897 -0.07214712
38 0.24354495 0.31859994 0.69269633 -0.8230791 0.22031726 1.6099998 0.67857546 -0.4144721
7 -0.28940126 0.2588668 0.19817816 0.581084 0.9347712 -0.7130905 -0.6245376 1.325242
21 0.07770218 -0.2927401 0.3613545 1.7815968 0.31776935 -1.1133032 -1.0949258 0.21665093
12 -0.20654136 -0.05730035 0.34898713 1.7332976 0.3239268 -1.1099381 -0.91834635 0.43919215
2 0.47393054 -0.30966672 0.58489317 1.6232074 -0.06052456 -0.993474 -0.81879824 -0.2371098
34 0.7431964 -0.19567451 0.93743634 -0.5045052 -0.21307573 1.180496 0.37496713 -0.91024524
3 0.52444226 -0.15917847 0.37545636 1.6635622 0.22589973 -1.1554043 -0.95680785 0.13456385
5 0.19669217 0.48042357 0.60318923 -0.6332308 -0.054050084 1.7185955 0.9438863 -0.2138413
47 0.33480576 0.014056567 0.54226786 0.22719102 -0.6448936 1.557275 0.9097195 -0.59556973
48 0.73234105 -0.37311915 0.7774036 0.5795548 -0.33250162 0.16499387 -0.1583434 -0.8644184
33 0.6818626 -0.34714788 0.45312613 1.9300158 -0.3860964 -0.74109554 -0.5289018 -0.40283766
32 0.45096773 -0.41968524 0.5484149 1.9182792 0.038533334 -1.2649645 -0.81035066 -0.017574506
22 0.4824655 -0.35086858 0.6796859 1.3705525 -0.47480732 -0.5537798 -0.4018274 -0.08240899
9 0.7519966 0.04777923 0.93511295 -0.5864526 -0.3095681 1.7619294 0.9895533 -1.2449899
49 0.21043389 0.21149741 0.7287716 -0.68511564 -0.060294747 1.9496224 0.9532727 -0.6099971
37 0.7105966 -0.4736329 0.7041043 1.672863 -0.57223886 -0.70261955 -0.35006928 -0.37580994
10 -0.7380678 0.62870866 -0.13425392 0.42259073 0.09314696 1.0709918 0.40955573 1.194357
11 0.28024867 0.045570895 0.76168066 -0.83411276 -0.13915847 2.1204321 0.8055182 -0.7604785
