50 8
1 0.4774531 -0.043982238 1.0708917 -0.37404385 0.49101493 0.19912496 -0.5611493 0.0016392723
43 0.2642376 0.66445607 0.35254303 -0.14697546 0.550193 0.71254134 0.70187336 -0.017629871
31 0.21761855 -0.104678914 0.8311239 1.0583514 -0.08329875 -0.7432604 -0.35047075 0.3367243
21 0.4724057 -0.056771886 0.6129309 0.50882465 0.013995877 0.07971538 -1.1360584 0.29306543
40 0.46357217 -0.1452769 0.47681516 1.594043 0.092780314 -0.7239701 -0.21919884 0.12172537
16 -0.123817004 0.52992445 0.06680624 -1.0354592 0.7291142 0.8587863 -0.114926875 0.9982111
42 -0.12493762 0.18160611 0.8049623 0.10770489 0.2012157 -0.76247376 -0.040624276 0.80881774
18 0.4166768 -0.36060134 0.79840016 1.2896514 -0.07842612 -0.5105312 -0.434423 0.22486143
17 -0.7554423 0.5543417 0.3021959 -0.7583212 0.51831686 -0.078921966 0.18550959 1.4571098
26 -0.63570774 0.21114297 0.42323107 0.11883393 0.54592884 -0.5628356 0.21897025 0.9999887
29 -0.25133142 0.5800001 0.1915415 -0.7853531 0.590176 0.38959053 -0.32705024 1.0049883
7 -0.58892995 -0.023167163 0.374492 0.48539883 0.2596728 -0.53401774 -0.21380761 1.1791569
30 0.40089208 -0.36464787 0.7234225 1.7165694 0.13435057 -0.7292369 -0.33057007 -0.05629949
2 -0.14436527 -0.07994273 0.83713406 0.7683759 -0.1605392 -0.82159096 -0.5229991 0.7787736
23 -0.010211047 -0.14374815 0.8694262 0.64604425 0.21300271 -0.96088624 -0.73719287 0.5793256
6 -0.93273616 -0.15951435 -0.12602594 0.3801223 0.47534388 0.05822363 0.10521701 1.5114152
24 -0.012360959 -0.25834206 1.0667148 0.5510689 -0.11444427 -1.0307962 -0.8650337 0.8975194
5 -0.017951619 0.9820081 0.39489362 -1.165966 0.45631936 0.86856776 0.36022297 0.6968693
38 0.47472858 0.9583339 0.07137507 -0.30404162 0.5933991 1.3592863 0.40041614 -0.19454928
36 -0.21803704 1.1676632 0.08297348 -1.0061496 0.5578004 1.1607441 0.56818634 0.6843166
22 0.47715542 -0.25866807 0.93081003 1.2028376 0.22687393 -1.0109899 0.027291486 0.00053038716
28 -0.23310252 0.90727293 -0.17926113 -0.8245203 1.0430496 1.032437 0.52871144 0.61700046
19 -0.09881255 -0.043016225 0.69302446 0.45584238 0.1323854 -0.9265353 -0.9221703 0.9711326
39 1.0505825 -0.103819296 0.6803047 1.6673588 0.2614804 -0.4993107 -0.4286738 -0.73259157
44 0.39019844 -0.38871452 0.5317755 1.5194587 0.29032728 -0.4834675 -0.051781088 0.009472677
37 0.48867735 -0.5586596 1.0531656 1.1669863 0.02366439 -0.85166633 -0.39059886 0.23549443
41 0.51156795 1.1508533 0.251447 -0.76721984 0.5405481 1.3769714 0.7725085 -0.093991235
15 -0.07089412 -0.06892546 1.0592759 0.5250362 0.14096387 -1.2937024 -0.46521315 0.6959632
12 -0.09142711 -0.1531673 0.74532735 1.1140656 -0.042236898 -0.87547916 -0.6254011 0.5857318
4 0.16341987 1.0046185 -0.0035657436 -0.86207896 0.41409373 1.6439565 0.29679486 0.5163014
14 0.24433629 1.1874893 0.14329402 -1.2666204 0.37790412 1.6188353 0.25597882 0.5679346
11 0.0829936 0.8439994 0.3028795 -1.3568645 0.52155274 1.5141133 -0.03762105 0.65555364
0 -0.41769904 -0.21545732 0.5944145 1.0538085 0.23954955 -1.2551347 -0.6618113 0.97074354
13 -0.019965243 -0.053246576 -0.45041683 2.1514182 0.62345207 -0.0020395578 0.2454299 0.00066827587
48 1.1872534 0.07819601 0.70269966 0.4637085 -0.048535097 0.8475506 0.16475888 -0.3758534
8 -0.3716646 -0.06738124 -0.08929893 1.9718708 0.6067299 -0.6910388 0.53551745 0.3506154
34 0.5861719 1.0941789 0.54414684 -1.3092654 0.14469528 1.740813 0.3400573 0.24696837
33 0.9977072 -0.45853403 0.34640214 1.9568455 0.46953925 0.32113472 -0.023107324 -0.90474665
3 0.31224865 -0.3285987 0.7995828 1.2563757 -0.00833462 -1.1582457 -0.7773488 0.52644545
49 0.17934363 0.96186185 0.503851 -1.1153345 0.2343168 1.329206 0.16159031 0.45632067
27 -0.46200258 1.1954306 -0.5852446 -0.8629062 1.1283988 1.0628426 0.5263642 0.8810735
45 -0.1735661 1.0098859 0.78770095 -0.3765523 0.109624244 -0.031068072 0.7325969 0.3774591
9 0.46424934 1.0833589 0.55630237 -1.2667646 0.045023862 1.6260785 0.14595684 0.3613794
35 1.2878428 0.033353712 0.8171345 1.0353767 0.062591985 0.1838953 0.37355307 -0.711767
25 1.0066898 0.21380243 0.005803951 -0.4209347 0.78458774 1.2712088 -0.76872736 0.021022212
10 -1.0528173 0.53359854 -0.39282158 0.26848847 0.68746215 0.5175044 0.9188975 1.1645238
47 1.2556646 0.83748347 0.50818616 -0.7027271 0.30799347 2.0737038 0.28540683 -0.6137348
32 0.8874211 -0.1472031 0.22819553 1.4806799 0.5427042 0.33321232 0.22684127 -0.7043768
20 -0.71559125 0.23592535 -0.9302589 0.7821057 0.45817605 1.2872335 0.3396459 1.1831437
46 1.0208449 1.2332101 0.30002135 -1.1515926 1.1589988 1.8492819 0.30392554 -0.8613037
