50 8
43 -0.34520137 0.23926678 0.49130437 0.3110116 -0.6597205 -0.48975167 -0.27133983 -0.3462989
49 -0.29891875 0.46813044 0.050878137 0.629016 -0.8541148 -0.021226175 -0.43507314 -0.5926526
23 -0.35198292 0.38097835 0.3233243 0.41894078 -0.666777 -0.5611243 -0.16800493 -0.5820666
28 -0.2799242 0.3291154 0.34204063 0.44895548 -0.856639 -0.49199033 -0.22632244 -0.6167168
1 -0.35796243 0.6981671 -0.16130906 0.5256623 -0.764162 -0.11848438 -0.5338324 -0.7991083
17 -0.21811053 0.4045687 0.24505907 0.5082266 -0.98802584 -0.11377541 -0.35583153 -0.5554157
19 -0.6062488 -0.3498745 1.010859 0.6791881 -0.07478744 -0.5351607 0.22745991 0.11475705
36 -0.33810174 0.42965114 0.14649166 0.62059945 -0.80559456 -0.3006865 -0.15338288 -0.6712231
24 -0.60865366 0.270658 0.44691873 0.35496715 0.6826184 -0.72336054 -0.11754839 -0.010123002
16 -0.14330064 0.6433208 0.037689053 0.49976027 -0.816902 -0.09634053 -0.39432323 -0.5440761
29 -0.59796715 0.39772364 0.23065065 0.47332272 0.2523308 -0.80685365 0.017858882 -0.31742215
8 -0.6137076 0.24131714 0.25449768 0.5665623 0.24012265 -0.92775434 -0.07811239 -0.44624728
31 -0.7514867 0.28018734 -0.017189827 0.5955504 0.102731764 -0.92198104 -0.29953176 -0.70222056
45 -0.45163423 0.28174016 0.28714752 0.41384408 -0.47188112 -0.6641559 -0.4345132 -0.6856199
26 -0.6950252 0.25727212 0.2103049 0.40582174 0.048954874 -0.99250704 -0.3070335 -0.5904709
20 -0.52430946 0.25920957 0.27257517 0.54882944 -0.45954716 -0.66352034 -0.037883636 -0.5336184
42 -0.6270294 0.3515648 0.025227545 0.49641255 -0.36488873 -0.55329126 -0.49140263 -0.7096365
41 -0.38450313 0.63728875 -0.18418995 0.6741534 -0.76516056 -0.31252596 -0.37313432 -1.0270647
44 -0.45055145 0.532848 -0.15187296 0.5072151 -0.22228248 -0.6908503 -0.4694976 -0.67946774
6 -0.66046625 0.3644474 0.0457766 0.6223105 -0.34063923 -0.6271514 -0.197487 -0.7464222
27 -0.7092315 0.22444288 -0.05606497 0.9030024 -0.6200194 -0.3042028 -0.35209644 -0.9587924
11 0.13826114 0.6430848 0.29455715 0.24643357 -0.9294447 0.77903414 -0.5391635 0.63143235
40 -0.6575447 0.45280248 0.08555191 0.37028214 0.34070963 -1.0570728 -0.26854697 -0.5998163
38 -0.050131887 0.9724369 -0.3921712 0.34649828 -0.6688576 -0.09462929 -0.71927863 -0.49889007
12 -0.18142 0.15504897 0.621221 0.4556059 0.566353 -0.8695561 0.25412086 0.8361146
13 -0.44496787 0.325515 0.3847959 0.6127393 0.7004804 -0.6467994 0.35566548 0.41988647
39 -0.6939783 0.45813227 -0.23544522 0.79235584 -0.6275765 -0.1415138 -0.5035488 -0.93224216
4 0.2103212 0.76128024 -0.13201103 0.47610378 -1.4250602 0.23211601 -0.5708515 -0.37061077
15 -0.05856276 -0.004049335 1.1898856 0.270326 0.36006865 -0.031302825 0.037282526 1.3029737
34 0.24668175 1.1738254 -0.53109956 0.725907 -1.0624505 0.87333155 -0.5268646 -0.27058202
46 -0.102582484 -0.34139392 1.1803786 0.6049344 -0.2552386 0.2167848 0.026056048 1.1242651
18 -0.5601988 0.38534433 0.7930768 0.16596152 1.4612677 -0.33527473 0.16455282 1.330163
5 0.54402465 0.58398896 0.6156393 0.45714843 -0.83929926 1.264912 -0.23220807 1.2867413
7 -0.19113721 0.06214203 0.7898528 0.33887097 0.91620845 -0.7518211 0.13334586 1.2806717
48 -0.33624074 0.9020991 -0.40801904 0.47788006 -0.43844283 -0.46633375 -0.51407725 -0.9099951
30 -0.16477461 0.4111425 1.0312641 -0.1598634 1.324744 -0.45058367 -0.045183495 1.5774564
25 0.073075496 1.0938126 -0.004768168 -0.37883615 -0.21747483 0.12186247 -0.90736943 0.52841747
3 0.014713467 0.32719284 1.2983414 -0.1111879 1.0891556 -0.25311092 0.07451389 1.8743631
10 -0.24544694 0.2593106 0.53046775 0.6510509 -0.20035142 -0.36271825 0.44649953 0.24253488
9 0.2999961 1.2548316 -0.4561105 0.4556618 -0.466917 0.6443215 -0.320312 0.56652784
33 0.43772718 0.70826805 1.2173797 -0.26621938 0.769055 0.4189838 -0.068319894 2.2295065
14 0.4376083 1.276611 0.38451615 0.11126649 0.4904283 1.0874263 -0.054094844 1.7483774
2 0.15947303 0.6418356 0.8784203 0.052781574 1.2613426 0.24775475 -0.08384668 1.9560673
47 -0.23279996 0.35180888 0.09074505 0.73502046 -1.0575829 0.16706954 -0.56265646 -0.6441954
0 0.35737956 0.6571573 1.0724913 -0.16912332 0.9012924 0.32058308 -0.1952368 2.2870874
21 0.18907501 0.99506676 0.759048 -0.14098462 1.3956826 0.4584815 -0.14892367 2.2429833
35 0.38917366 0.45853272 1.2122705 -0.0641348 0.73540133 0.47866002 -0.20968732 2.3352978
32 0.4681702 0.93073153 0.9844909 -0.19665112 0.92339665 0.6037073 0.02813888 2.4123728
22 0.58864236 0.71384454 1.0901953 -0.067887574 0.56192714 0.9656308 -0.25241396 2.4483118
37 0.61183214 0.9721629 0.73406756 0.23048452 0.61384237 1.1634666 -0.037437607 2.3917916
