50 8
24 -0.18379737 0.4130634 0.23389271 1.2103236 0.2745788 -0.2922398 -0.81490046 0.6085247
1 0.11612727 0.036377247 0.7495149 -0.49629867 0.44171098 0.9839242 0.8352413 0.11178244
40 -0.8088417 0.5668804 0.4520891 0.69848627 0.7390805 0.30089697 0.09117654 0.1573459
29 0.36669555 0.28354 0.17792526 1.0272254 0.25448307 0.18270415 -0.26311803 -0.1626329
43 -0.18838187 -0.0027836366 0.98098 -0.5949811 0.64464563 0.6940249 0.76135206 0.15110816
8 -0.6882661 0.58450323 0.26348618 1.1251884 0.5044333 -0.027947603 -0.45438626 0.45875633
12 -0.112755775 0.42820123 0.29167747 1.2468345 0.22564843 -0.3372505 -0.8913069 0.34970632
18 0.26268816 0.26253545 0.12786765 1.3360525 0.44186297 -0.22560257 -0.9184435 -0.04111803
23 0.658434 0.14952835 0.34535116 1.1100768 -0.15839556 -0.25602192 -0.9701006 -0.08761338
6 -1.0308847 0.40534782 0.967016 0.09720253 0.8258505 0.24401209 0.28321862 -0.023367954
19 0.23542 0.15312633 0.27894387 1.2277101 -0.23850988 -0.56552416 -1.1737467 1.0180665
39 -0.5079156 0.36304042 0.76113516 -0.029120531 0.6144674 0.5086745 0.47645116 0.17546323
31 -1.0658145 0.3057634 0.833628 0.20504905 0.97624385 0.13002224 0.17285249 0.35674208
30 -0.49609816 0.52333426 0.42836204 0.8676803 0.6266245 -0.040053606 -0.40459502 0.08466978
37 1.0596619 -0.26445228 0.2391968 1.2916279 -0.737685 -0.27731922 -0.88390046 0.3836514
26 -0.6397668 0.31604728 0.5263206 0.79821825 0.6306698 0.10752424 0.053383544 -0.057285752
36 0.17548689 -0.0061300904 1.0192649 -0.89241505 0.4908446 1.1076137 1.1718422 -0.29235005
28 0.071066014 -0.044863727 0.9626267 -0.8397066 0.51439077 0.92318946 0.96732265 0.30391997
13 0.40495574 0.5026303 0.038359907 1.4738406 0.08831751 -0.32652473 -1.0117763 0.30104926
25 1.1736968 0.09762692 0.022345591 1.0877943 -0.40580258 0.43575716 -0.698713 -0.45176402
35 1.2191755 0.28519 0.23378725 1.078895 -0.63842607 -0.18270864 -0.6521879 0.15453702
16 0.26894224 -0.22594367 0.78205615 -0.37143508 0.14275315 0.86835057 0.43190587 0.027425526
7 0.4267643 0.1925606 0.1363189 1.4454851 -0.01674517 -0.36785746 -0.97046304 0.3731842
38 -0.16550541 0.11572914 0.7746307 -0.0050923578 0.67887074 0.6830674 0.6715318 -0.49932307
27 0.11363609 0.016945718 1.0013438 -0.879622 0.5898158 0.8307794 0.76856136 0.22149421
17 -0.18975107 -0.1898331 1.0168824 -0.7234905 0.513078 0.80045223 0.94273186 0.49482572
20 0.30073446 -0.36191142 0.83588296 -0.43840727 0.03352074 0.97915393 0.7431168 0.045509215
42 -0.4888921 0.050762486 0.9154497 -0.4028929 1.0085251 0.29001585 0.46714222 0.45506313
2 0.53858364 0.26011294 0.11658046 1.5746804 -0.30280334 -0.45637706 -1.1616627 0.42835826
4 0.56136763 -0.08629413 1.001883 -0.75169545 -0.21646062 0.75580263 0.53764856 0.20010154
44 -0.7520109 0.2817283 0.72262955 0.49237096 0.89848536 -0.015918206 0.0015847251 0.109619014
33 1.2278655 -0.18264592 0.10821598 1.1709135 -0.7117296 0.050550584 -0.70820993 0.24203494
41 0.28316253 0.18515675 0.70887583 -0.25793153 0.6409378 0.8192714 0.9092652 -0.49661973
0 0.8031002 -0.065740235 0.14519918 1.4787993 -0.43749994 -0.30140123 -1.2965214 0.3012631
21 1.209573 -0.2554675 0.07096097 1.4256392 -0.9233091 -0.055217817 -1.1394577 0.29632425
9 1.3147703 -0.65071267 0.923384 -0.56875604 -0.6927413 0.79611605 0.33711198 -0.09954327
34 0.73711914 -0.52399343 1.2142833 -0.9502475 -0.15949115 0.90662634 0.70206285 -0.2537083
32 0.7036079 0.27225646 0.09116172 1.5804349 -0.25441647 -0.4612179 -1.3185947 0.3191011
45 -1.0165653 0.11874068 1.0967503 -0.43412608 1.0195289 0.5894773 0.64243567 0.12746096
46 -0.76841736 0.52896804 1.0699285 -0.38792104 0.9099579 0.03584236 0.44343805 0.60837704
22 0.7482037 -0.011800781 0.102528 1.3674951 -0.14301969 -0.1538407 -1.2149106 0.03818785
14 1.7518152 -0.3155597 0.3435337 0.36193556 -0.80516964 0.7469786 -0.18470357 -0.585691
48 -0.1033046 0.49175817 0.62431705 -0.22846566 0.72143126 0.5902042 0.37012735 0.23279878
10 -0.24148135 0.15429734 0.5915866 0.29246408 0.13238549 0.031457093 0.12930298 1.105128
11 1.3248037 -0.53501964 0.94683266 -0.74139243 -0.52388 0.83796906 0.110053055 -0.23063819
49 0.5879105 -0.46829775 1.0268843 -0.9458988 -0.093883656 1.1966391 0.891027 -0.15211174
3 1.0539044 0.036302302 0.030377168 1.7209095 -0.52259976 -0.32106188 -1.4441732 0.061934233
15 1.2441432 0.008157477 0.15228169 1.2412851 -1.1070529 -0.02029114 -0.77804506 0.4062677
47 -0.11011415 -0.32252255 1.0868342 -0.9440364 0.38597205 1.1685728 1.0387019 0.2521319
5 1.3210493 -0.38476115 0.9161086 -0.9252994 -0.4546879 0.845524 0.5138498 0.23964745
