50 8
23 -0.40357068 0.20714241 0.30519798 0.5416952 0.2911521 -0.18973604 -0.13796335 0.051489383
38 -0.3595554 0.67775905 0.46098304 0.38245845 -1.1310935 -0.08390995 -0.021532806 -0.43733877
26 -0.75884026 0.36536464 0.36769512 0.623578 -0.12829475 -0.5638516 -0.45379713 -0.83612597
36 -0.35112742 0.80301267 0.48188666 0.29748535 -1.3373667 0.2438624 -0.048280645 -0.5302869
20 -0.7394926 0.49878573 0.38290858 0.58187056 -0.588619 -0.30529225 -0.3866063 -0.93268317
8 -0.6018691 0.40723875 0.28431046 0.5868238 -0.10405021 -0.5734569 -0.20106241 -0.49342275
45 -0.54603475 0.6707105 0.27183843 0.48959264 -0.18770449 -0.23408332 0.012023655 -0.60636973
29 -0.29484642 0.7232441 0.6032326 0.17305058 -1.290419 0.121813014 0.09961739 -0.2916761
6 -0.86627614 0.34023657 0.2741902 0.77428716 -0.18631831 -0.6369653 -0.480016 -1.0056663
40 -0.7806331 0.29841316 0.36009505 0.6432894 0.24476177 -0.76066077 -0.12505509 -0.6381893
49 -0.4841763 0.713134 0.5536642 0.25513795 -1.1021544 0.102114305 -0.24360068 -0.77128327
4 -0.2390439 0.5013487 0.5640926 0.48908004 -1.2220373 0.033458605 0.0673758 -0.18165107
1 -0.7073035 0.6833043 0.44291466 0.4883425 -0.80354154 -0.17835498 -0.18035984 -1.0603132
16 -0.20926511 0.76686466 0.73863244 0.07697037 -1.2362194 -0.026130585 0.18125308 -0.3777894
25 0.1291394 0.4082814 0.09483496 0.011076957 0.735585 0.40528625 -0.37084344 1.0722364
43 -0.47365278 0.69247293 0.5863493 0.37007308 -1.1630248 -0.09442022 0.04188003 -0.64948004
28 -0.42534214 0.6511307 0.65608466 0.25500554 -1.123954 -0.04585899 -0.01768723 -0.5663898
42 -0.915247 0.58853143 0.28482544 0.5011939 -0.49629134 -0.2105824 -0.32346907 -1.0256562
17 -0.5810396 0.777584 0.45158038 0.28297183 -0.94815886 -0.07850498 -0.23842938 -0.86463505
39 -0.6702461 0.49490222 0.26584557 0.6320037 -0.61974233 -0.40360805 -0.23281579 -0.6150918
7 -0.26514766 0.035523266 -0.09125393 0.40252927 1.6639557 0.074261226 -0.5160961 1.0815091
41 -0.22225946 0.919843 0.59160876 0.11958267 -1.2273585 0.3034687 0.047316823 -0.58354676
31 -0.5577088 0.2919608 0.34195524 0.7569936 -0.3511491 -0.3550202 -0.3137578 -0.53408444
27 -0.59410876 0.85131955 0.4733628 0.4126335 -1.4468774 0.19099094 -0.07967138 -0.93359107
48 -0.2955146 0.88961166 0.5354153 0.28076765 -1.6297126 0.25143635 -0.11727955 -0.7021269
18 -0.3087857 0.12014656 0.07154364 0.1938685 1.8211071 0.111090176 -0.39296168 0.99841124
44 -0.3265904 0.45576662 0.1928276 0.57656974 -0.08574459 -0.18995327 -0.4705452 -0.3270632
19 -0.07456966 -0.04238667 0.04573862 0.40815768 1.8597667 0.031351432 -0.6410659 1.2103351
10 -0.41850463 0.42339134 0.2147838 0.6703499 0.22429791 -0.5687988 0.0040157414 -0.26455677
24 0.118319 0.10281311 0.055481005 0.18342897 1.7183595 0.19935547 -0.48711345 1.6256449
47 -0.3807886 0.78783274 0.3862635 0.28228834 -1.0456457 0.116331205 -0.05911437 -0.4834889
3 -0.24733274 0.24123043 -0.08540479 0.14916669 1.978722 0.33620042 -0.5846733 1.0493609
34 0.18895687 0.96353024 0.7363113 0.032760654 -1.7693545 0.5096631 0.23169489 -0.120652065
13 -0.28627738 -0.12351859 0.0026063058 0.77191025 1.1751823 0.02720543 -0.11500975 1.0178478
9 0.26706484 0.85691005 0.39800906 -0.29787356 -0.5169907 0.93591744 0.14561687 0.72718537
14 0.796451 1.0039864 0.2433216 -0.679779 0.13170825 1.6081548 -0.1734861 1.5805563
12 0.32863823 0.22768861 0.17054243 0.013881032 1.3866705 0.23966546 -0.15991053 1.8333957
15 0.28322804 0.2043413 0.192578 0.008391741 1.6013827 0.19256556 -0.21801597 1.7944356
5 -0.116451144 0.7909272 0.5345481 0.12268438 -1.3907895 -0.027057262 0.1365137 0.0017267617
33 0.707598 0.4390134 0.33253232 -0.3730306 1.2985549 0.38700393 -0.11251102 2.1899548
11 0.073795326 0.7993714 0.79243565 -0.039763477 -1.8040323 0.52863175 0.20125991 0.0665674
0 0.22655842 0.15046716 0.24234834 -0.0060523264 1.9224716 0.18776911 -0.10266795 1.8546247
21 0.6284122 0.18409081 0.3941792 -0.16551906 1.5806034 0.3053161 -0.19748072 2.4199889
32 0.7299564 0.12157059 0.37999746 -0.083491914 1.5416777 0.3222139 0.07410337 2.5021927
46 -0.55229557 -0.14978263 0.18645373 0.75973433 1.3283042 -0.8631867 -0.18335198 0.47630104
35 0.6949986 0.20508991 0.3360636 -0.21032128 1.5971836 0.33240584 -0.24096958 2.4262
37 0.5639459 0.08621828 0.446929 -0.1878713 1.7000678 0.155098 -0.081715815 2.3573272
2 0.5194147 0.22670186 0.22037071 -0.03528058 1.7559268 0.45716766 0.09287617 2.296448
22 0.50659937 0.24058732 0.19495466 -0.118684076 1.9131781 0.37067044 -0.23914583 2.1983383
30 -0.03552214 -0.07469806 0.101537734 0.34665814 2.1155245 0.058216266 -0.4658408 1.673552
