50 8
24 0.3156685 0.51675403 0.7613161 -0.43769422 0.13639805 0.3762475 -0.41789025 -0.12700693
43 -0.026514541 0.12980224 0.74661046 -0.037241668 0.08843394 0.1868007 0.08387886 0.8931176
19 -0.28546613 0.9001301 0.31892034 0.19253984 0.29877475 0.015488234 -0.20818746 0.9317447
18 0.09987839 0.3324167 0.2807817 1.1109992 0.2565737 0.15320605 -0.45784542 0.99438983
35 0.7776734 0.534012 1.0011264 0.65951353 -0.77737707 0.30678716 0.05622383 -0.31889036
29 0.13465586 0.1431007 0.499955 -0.42591798 1.421259 0.5081459 -0.5832572 -0.3299926
28 -0.586607 0.6941742 0.43025184 -0.23706245 -0.025059296 0.2479212 -0.3180491 1.0421195
49 0.36748266 0.07675292 1.091579 -0.79943055 0.20468384 0.7735591 0.40093064 -0.5426456
2 -0.07975287 0.04135749 0.2651618 0.66259086 1.1548849 0.50976217 -0.46929228 0.24906139
17 -0.060942702 0.398848 0.5363111 -0.27971122 0.5433744 0.08945031 0.22793391 1.0616472
15 -0.104333036 0.7392899 0.5896352 -0.25699973 0.053186443 -0.052955564 0.16179422 1.0543846
23 0.24006504 0.6068334 0.33528012 0.62892777 0.89826363 0.07020546 -0.8957527 -0.0717675
34 0.4735306 0.23667791 0.98216534 -0.8165683 0.17441034 0.76794964 0.065979525 -0.6780743
26 -0.5582945 0.15507914 0.1055933 0.57083976 1.1510763 0.38917336 -0.20497487 1.1037201
39 0.5873125 0.21431643 0.54348433 0.784136 0.40159926 0.1666877 -0.2553238 0.36962992
25 0.8483005 -0.10147868 0.82729447 0.13798092 0.0032207335 0.8400634 -0.03552618 -0.38089126
16 -0.022703711 0.23757122 0.76611626 -1.4298327 0.9052654 0.594146 0.07227278 0.08938977
12 -0.17601056 0.47299844 0.14757057 0.7833606 1.1712337 0.33062264 -0.22242971 0.34889188
1 0.48015904 0.3559334 0.9263193 -0.23699556 -0.23487195 0.6528615 -0.102809116 -0.52083504
40 0.58092237 0.3348234 0.20665008 1.2789092 0.6494977 0.47405124 -0.31474626 0.09028334
42 -0.61117697 0.45486405 0.71384037 0.07808809 -0.21728273 -0.13073009 -0.18519415 1.385863
41 0.3473374 -0.1777967 0.6569792 -0.022830721 0.75435776 1.1027101 -0.0718066 -0.68878865
27 0.06994964 0.4828404 0.86585015 -1.3395754 0.31528234 0.38597238 0.63708943 0.5145842
8 -0.39867517 0.31460285 -0.06914699 1.0232836 0.8566015 0.36600244 -0.5771458 1.187252
7 -0.14328875 0.45345026 0.3044722 0.28011274 0.7063264 -0.02542821 -0.06640672 1.2095801
3 0.7256503 0.5955787 0.77885675 0.29958147 0.28196162 0.29343346 -0.12239672 -0.639179
6 -0.6327962 0.30740437 0.24978353 0.49122044 0.87848616 0.29839176 -0.42532885 0.814779
38 0.21510935 0.39981475 1.1493113 0.033326644 -0.6954318 0.7488048 0.27881002 -0.733527
31 0.2579564 0.30901557 0.309912 0.9684303 0.045455903 0.06598168 -0.34022036 1.2510289
0 -0.33513272 0.50887704 0.20269161 1.2648637 0.55867857 0.10064415 -0.40750054 0.8425047
44 0.31620166 -0.34168416 0.4571756 0.86426437 0.19537282 0.24634412 -0.2816467 1.4496855
33 0.7187564 0.1639082 0.81508124 1.0341904 -0.18175867 0.61314446 -0.6192847 -0.8679386
13 -0.11722373 0.575012 0.15578416 1.0826813 0.19023174 0.36771968 -0.40972155 0.7351242
21 -0.027902849 0.6198645 0.29715887 0.8759601 0.5765839 -0.07836094 -1.0739805 0.45992935
30 0.20600516 0.3714286 0.36807984 1.560999 -0.1920362 0.14993028 -0.6055555 0.78028625
20 -0.67328715 0.5088793 1.0022153 -1.4672003 -0.28293014 0.50785124 0.38409314 0.57148665
14 0.50105166 0.46982232 1.053321 -0.76706564 -0.0106963245 0.7215149 0.33925173 -0.73973143
36 -0.21581191 0.39455736 1.2580885 -0.9165583 -0.5825173 0.6152603 0.5623789 -0.16496283
4 0.086922765 0.5516054 1.3055364 -0.89303267 -0.68735826 0.6927636 0.5002459 -0.5310123
46 0.15377846 0.42270273 1.2490172 -0.7588776 -0.10082719 0.651711 -0.021458015 -1.027209
5 0.023529494 0.75110227 1.282023 -1.0912853 -1.0187789 0.5083117 0.5899951 -0.091705374
9 0.32891375 0.50471044 1.5655158 -1.3096858 -0.6589527 0.40298438 0.21605483 -0.71079403
47 -0.112578064 0.0077645397 1.0294163 -0.8033146 0.061692927 0.9687145 1.049837 -0.004623915
10 -0.7608609 0.7132775 0.26165205 0.2021634 0.15034182 0.27146748 -0.41101196 1.0769343
32 0.68198687 0.15003951 0.423328 1.6762545 -0.3187631 0.5139754 -0.3128787 0.288248
37 0.74896485 0.15995888 0.7675718 1.4781736 -0.69145256 0.59933627 0.06640229 -0.15196106
11 0.62434113 0.47857115 1.4398817 -0.741698 -0.7779158 0.8464248 0.16892608 -1.3158877
45 -0.35794714 0.23979332 1.0212705 -0.87607956 -0.3039685 0.6937506 0.4822596 0.26686853
22 0.013608738 -0.013953797 0.8039918 1.4689256 -1.1439239 0.47692114 -0.059641484 0.7326046
48 0.008484465 0.27332175 0.23006272 0.12278585 1.2861981 0.32262245 -0.15837003 0.5645004
