50 8
19 -0.25029466 -0.52205074 0.799275 0.35704318 0.00024720316 -0.7828674 -0.61175406 0.31042546
40 -0.34547776 -0.7146918 0.77061814 0.43296668 0.32835573 -1.1374791 -0.19597983 0.40243047
39 -0.53083885 0.15348466 0.54071164 0.3374712 0.46648407 -0.2801546 -0.13603625 0.6823226
28 -0.015240989 0.27130932 0.7788139 0.22214401 -0.46436533 -0.17643599 -0.6166701 -0.014632914
15 -0.12374115 0.2735232 0.41900375 0.2759595 0.13769951 -0.8379456 -0.3194122 0.24771649
24 -0.29286772 0.07818584 0.36743805 0.551335 0.043228198 -0.6616261 -0.51296496 0.10775814
43 -0.29283953 1.1871343 0.83826333 -0.14263083 -0.101599336 0.3207199 0.24725537 0.119499676
42 -0.4964896 -0.20728496 0.6014954 0.37426713 -0.084370025 -0.8072461 0.25082344 0.29288924
1 0.119057395 1.0467285 0.25425386 0.5764539 0.7041951 0.045149792 -0.22575152 0.797717
23 0.14155784 0.08771752 0.46308538 0.26165646 0.77539724 -0.9523672 -0.47980264 0.87503767
26 -0.22344743 -0.39534318 0.75417894 0.37793604 -0.2113052 -1.4758309 -0.159706 -0.6478627
34 0.0049881646 1.1011916 0.6100519 0.24336228 -0.0042731725 0.58419937 -0.46760398 0.47880894
2 -0.213814 -0.050118268 0.14634748 0.76118225 0.35523626 -0.9428607 0.08363199 0.7809069
21 -0.66749436 0.72844785 0.27399215 0.658432 0.39673358 0.48081785 -0.23291509 0.6207158
25 0.15841033 0.6747585 0.88093257 -0.4167991 -0.026617525 0.014381136 -0.9710141 0.7576303
31 0.17996213 -0.25917578 0.45014995 0.55328065 0.30817956 -0.9895135 -0.69642234 0.6820244
12 -0.43113494 -0.7178525 0.22944726 1.0414108 0.10416725 -1.1601872 -0.1909595 0.44212398
17 -0.4059338 0.9818121 0.8185799 -0.0038361622 -0.7456298 0.498019 -0.117902905 -0.17160812
49 -0.40105435 1.4068204 0.80309176 -0.095530726 -0.17513096 0.913028 -0.41646218 0.041027382
45 0.26648742 0.5195855 0.8639023 -0.29069865 -0.19217499 -0.3672342 -0.7807876 0.40042436
37 -0.53767365 -0.72202647 0.92404515 0.41948372 0.09744028 -0.90694064 0.20516637 0.23608862
41 -0.27604562 1.3923658 0.41945118 0.27727714 0.16946755 0.6610299 -0.08256944 0.50241476
5 -0.4660387 1.2450641 0.58114547 0.026853954 -0.9715861 0.5859787 -0.030402275 -0.11536491
36 -0.04069803 1.5807264 0.2431791 0.34420428 0.25346252 0.6530652 -0.36733633 0.68791157
38 -0.3669356 1.3072059 0.46016076 0.15190186 0.090884805 0.7113201 -0.26872233 0.60716546
18 -0.6948725 -1.0331639 0.68483555 0.94475496 0.35241076 -0.982777 0.17715062 0.38617322
3 -0.39014888 -0.6267392 0.56886864 0.79910684 0.5712611 -0.8978327 -0.357843 0.38399398
0 -0.016909389 -0.06139952 0.70702535 0.36965367 0.3021111 -0.63251567 -0.57906914 0.3064589
46 -0.47429192 0.44091502 0.357921 0.7559022 -1.0075047 0.14947607 0.08953436 -0.21664369
16 0.01945239 1.1033902 0.49112338 -0.1932727 -0.80631316 -0.5741114 0.1843725 -0.19536158
33 -0.73850757 0.6692706 0.7575544 0.3496003 0.065688156 0.26132694 1.0446206 0.27203605
48 0.26892996 0.6879055 0.27926496 0.5960069 0.6364174 -0.44150695 -0.7645068 0.4490459
6 -0.2874207 -0.047762215 0.36675403 0.9751219 -1.2420963 -0.88545597 0.17750496 -0.9698958
14 -0.14380191 1.6863506 0.6809611 -0.3629471 -0.15895048 0.7210699 -0.29952917 0.47831598
9 -0.49974135 1.795626 0.29654747 0.05699918 -0.8822081 0.72223 0.1949595 -0.01802191
30 -0.7217943 -0.57746136 0.5771427 0.94172066 0.10494946 -1.2629945 0.85478514 -0.31589073
20 -0.18455093 0.5652535 0.59975266 0.36113054 -1.2040703 -0.59326977 0.07728529 -0.99100184
4 -0.4541226 1.5973833 0.2732802 0.18114565 -0.9750231 0.61883485 0.03696478 -0.05954533
7 -0.41214758 -0.45259768 0.16503158 0.9164593 -1.1625178 -1.2005734 -0.04899823 -0.41556266
13 -0.8794176 -1.2620004 0.79159594 0.7424444 -0.6006893 -0.9058101 0.53745973 0.30688038
27 -0.56347704 1.2959872 0.13614105 0.45286804 -0.9887841 0.3449005 0.08731997 -0.21118952
44 -0.035145465 -0.59363776 0.9648379 0.1104146 0.23809652 -1.2342 0.21186675 0.68951994
47 -0.39779985 1.7048843 0.24026005 0.39354247 -0.12657957 0.92213416 0.06452137 0.4782113
11 -0.12347715 1.7339565 0.5636235 -0.1296725 -0.15620662 0.9388147 -0.33711186 0.59672004
10 -0.6331006 -0.16253702 0.48826656 0.7282822 -0.9832309 -1.0844254 0.7781282 -0.8671798
22 -0.19961448 -0.77658576 0.85065514 0.71599174 0.8302212 -0.92388445 -0.5046705 0.38025883
8 -0.28922996 -0.72903913 0.0943947 1.046439 -0.7347292 -1.722061 -0.03845275 -0.21117415
35 -0.17799746 0.16410632 -0.03858559 1.0553555 1.0374675 -0.4135034 -0.19281162 1.3679662
29 0.3848566 0.92271554 0.64867276 -0.19279315 -0.84859306 -0.30967253 -0.44503987 0.1455579
32 -0.66455764 -0.64199334 0.85716975 0.57730806 -0.1375665 -1.0121123 1.0687047 0.056263693
