50 8
31 -0.12689763 0.16494387 1.0341493 -0.08912508 0.8695871 -0.5255821 -0.10237954 0.27916786
43 -0.8498732 -0.15881816 0.7020037 0.20669006 -0.4930871 -0.44964105 -0.397648 -0.5553579
40 -0.13624519 0.77098614 0.34751716 0.53787524 1.1789082 0.57119757 0.13975166 0.65159345
24 -0.37744758 -0.032390736 0.38897827 0.52551 1.3585368 -0.25359103 -0.66277474 -0.045327675
34 -0.087756164 1.2030267 0.20948447 0.3827029 -0.71364534 0.42231232 0.43446034 0.827001
35 -0.19237132 0.42799443 0.11995774 0.58897734 1.0561202 -0.0075615514 -0.35628146 0.72085476
39 -0.16296825 0.57656837 0.4776065 0.12820897 1.118378 0.12564951 -0.36914343 1.05809
19 -0.5153428 -0.36472797 0.6487556 0.55274343 1.1185316 -0.265593 -0.57143074 -0.5052017
2 -0.3936204 0.18571658 0.37457427 0.85359114 1.3407466 0.76391035 0.013809095 0.5084951
45 -0.45941702 -0.18808109 0.8059724 0.0019932538 -0.031825315 -1.2568426 -0.52045023 -0.3593324
23 -0.08944394 0.5846185 0.50778973 0.28474444 1.0025978 0.16117291 -0.12942913 0.6744837
8 -0.20465386 -0.084451474 0.07959369 0.8236978 0.30434445 -0.8429838 -0.700231 -0.22975825
14 -0.26140213 1.2100924 0.14283869 0.34473428 -1.1976335 0.1487544 0.39317366 0.4188808
30 -0.24657795 0.049018875 0.28456488 0.58293736 1.6946421 -0.42476234 -0.6451998 0.080966055
28 -0.72745305 0.028355697 0.7371569 0.483452 -1.6078452 -0.41503763 0.15317395 -0.8527484
7 -0.6052649 -0.05322434 0.1060691 0.7126584 0.12453174 -0.5224104 -0.7380683 -0.7613608
3 -0.16035387 0.42208406 0.5094015 0.36376682 1.3997421 0.2388314 -0.29916787 0.57461756
18 -0.1643574 -0.010981116 0.47229713 0.4853537 1.4889301 -0.58976626 -0.5244667 0.13282405
26 -0.5983957 -0.5493401 0.8972684 0.10741031 0.22905378 -1.0824621 -0.8666952 -0.62382203
41 0.0046831067 1.3169674 -0.12491477 0.8140833 -0.91923 0.5681782 0.33738142 0.41848406
20 -0.44638702 0.44773993 0.60551506 0.23720998 -1.6181173 -0.83273447 0.14355762 -0.6845852
0 -0.31083453 -0.008118672 0.4681053 0.48528302 1.5057122 -0.03597517 -0.6994994 0.2575841
49 -0.71110475 0.32524922 0.8875726 0.28543055 -1.7470964 0.13122402 0.5064422 -0.38963917
12 -0.3057261 0.36874124 -0.10973471 1.0572606 0.49237877 0.27349308 -0.00236212 0.3900929
11 -0.68940324 0.3655956 0.75279784 0.4316754 -1.96232 0.08344477 0.4294741 -0.42181405
27 -0.6752769 0.5759041 0.28036743 0.5584906 -1.6686857 -0.054484215 0.05542401 -0.56193775
1 -0.031845048 0.8310418 0.559248 0.3372534 0.4847845 0.50068223 0.4699384 0.91014236
13 -0.34121606 -0.1453682 0.11759294 0.87058747 0.8396166 -0.45729303 -0.5746132 -0.093551904
44 0.008854385 0.19658704 0.5197513 0.29338756 1.3717549 -0.5564102 -0.58795244 0.5877359
38 -0.4042462 0.9317676 0.104320645 0.6619924 -1.2707801 0.11254917 0.0901351 -0.69501096
21 -0.0017420306 0.7155571 0.2014476 0.6206602 1.2167135 0.41134563 0.016581783 0.93483776
25 0.19384412 0.8898347 0.6786758 -0.1038974 -0.7083234 -0.34625795 -0.08849907 0.9660767
42 -0.6697047 -0.41675165 0.9840643 0.14241408 0.6104711 -0.6148026 -0.20185935 -0.23740329
37 -0.20968488 0.0082964 0.8910614 0.19293475 1.2788633 -0.032196626 -0.2463121 0.6202568
10 -0.81740147 -0.09903913 0.170098 0.92307705 -1.0118695 -0.557425 -0.47390485 -1.6225908
29 0.011619051 0.8823921 0.50043005 0.04948495 -1.4961377 -0.5202531 -0.07218887 0.61862403
4 -0.6090252 0.6232934 0.5204594 0.5589465 -2.1142347 0.028556524 0.733144 -0.25325048
16 -0.3396979 0.61414796 0.84802425 -0.06051935 -1.6884221 -0.7229079 0.10753784 -0.45371956
32 0.11330616 0.7763874 0.32169497 0.5116663 1.3369553 0.27336055 0.053349663 0.9474498
6 -0.6569352 -0.28692463 0.46416175 0.44429663 -0.5859934 -1.0911585 -0.4941495 -0.71728045
9 -0.74583423 0.3881911 0.4805295 0.6786212 -2.0438411 -0.10869531 0.6439748 -0.65913486
15 -0.66883177 -0.39819518 0.6189559 0.23035848 0.15280762 -1.0344896 -0.5549087 -0.3295435
36 -0.20039448 0.9523506 0.2924387 0.3565474 -1.4461664 -0.34737122 0.35483608 0.015619474
22 -0.1352827 0.14720036 0.74930286 0.34280163 1.1678084 0.37737006 -0.35942018 1.0403497
17 -0.6497316 -0.082252115 0.7808825 0.22813213 -1.4861432 -1.0512103 -0.37296066 -1.0965315
46 -0.37837848 0.7198352 0.3705313 0.4731497 -1.892846 -0.76526725 0.5763018 -0.4150525
5 -0.7045626 0.040806618 0.64059585 0.39146656 -1.877364 -0.6177835 -0.18829495 -0.7184814
33 0.3702235 1.0950253 0.4553714 0.16727643 1.0881289 0.110587634 0.051051624 1.2464106
47 -0.14897682 1.605464 -0.18541382 0.73790264 -0.81921124 1.0235772 0.29244107 0.24141484
48 0.26746914 1.2048872 -0.62862676 1.4260408 -0.5989017 0.15650955 -0.118265964 -0.3292144
