50 8
43 -0.667739 0.45896664 0.40761614 -0.36088642 0.3234608 0.5132459 0.79369235 0.4710576
19 -0.38087764 0.550094 0.73249346 -0.5118961 0.24971433 0.25561094 0.21384625 0.32539776
1 0.07061553 -0.20865825 1.1944329 0.30705982 -0.22598593 0.24959636 1.0452883 -0.14176257
34 0.22434427 0.11992273 1.3099074 -0.93399125 0.042424556 0.24335286 -0.44865856 0.13005362
28 -0.6167017 0.6477656 0.55219585 -0.70625734 0.49804142 0.39232945 0.66323525 0.41467512
24 -0.4625412 0.51276624 0.5687182 -0.5348929 0.7320739 0.27008823 -0.36192578 0.38143742
16 -0.08591698 0.2940419 0.9189386 -0.9452109 0.15979105 0.3583174 0.13782997 0.39520988
15 -0.47336012 0.51721174 0.59352374 -0.502241 0.13675453 0.20750839 -0.60717684 0.5826588
23 -0.12566088 0.49887344 0.9084929 -0.5546132 0.5194105 0.08165016 -0.71936965 0.21715249
20 -0.49540043 0.31302774 0.7388001 -0.7715497 0.08400874 0.27655277 0.8811891 0.5048896
39 0.35216647 -0.20322068 0.33846855 1.3596282 0.009777591 0.23252109 -0.83959335 0.63618666
4 -0.56901604 0.47780928 0.945866 -0.9047077 0.10797029 0.3565476 1.1209483 0.18688072
49 -0.56968457 0.24375969 1.1407957 -1.0080115 0.28229716 0.29719394 0.22081697 0.051233683
12 0.18369585 0.02491874 0.19974974 1.4811567 0.21451055 0.2464407 -1.1230282 0.62492853
31 0.1258315 0.046390545 0.015790762 1.5879207 -0.39861974 0.11051336 -0.4691476 1.0300615
27 -0.7913007 0.50410527 1.0207915 -1.1175356 0.3828214 0.21874067 0.53569126 0.1311124
36 -0.68605036 0.47802895 1.256671 -1.1911228 0.19759817 0.1627128 0.528597 -0.012366058
25 0.6804466 -0.33726922 0.6913452 0.8331118 -0.3251099 0.15753278 -0.40767193 0.62436074
29 0.114175364 0.19128275 0.047720313 1.1050069 0.38974628 -0.075464666 -0.27812904 0.91671807
8 0.14596054 -0.044388145 -0.004518172 1.5055935 -0.5907296 0.4558674 0.50984377 0.95553625
26 -1.0129372 0.40495884 -0.7630423 0.5400485 0.12878588 0.57410336 0.090406515 1.6270866
47 -0.5274164 0.16874222 1.3457955 -1.0306231 0.09905226 0.27900958 0.18180083 -0.079067856
46 -0.64004195 0.44563037 1.336339 -1.0686816 0.018530108 0.13657378 0.09163532 -0.10086953
48 0.41328406 -0.14116508 0.7502449 0.15014057 0.3143544 0.22577289 -0.013402781 0.43682417
2 -0.35218015 0.3938725 0.15986258 0.34696284 0.67338973 0.25754005 -1.241897 0.68453
17 -0.842734 0.63575953 0.091013946 -1.0450267 0.28827116 0.6645031 0.33695307 1.0683793
42 -0.8516383 0.4071546 1.1929718 -0.98225677 0.43525523 0.0075478503 -0.039890245 -0.016900182
6 -0.49695882 0.4187181 -0.3930241 0.6357499 0.21368231 0.6378844 0.7079751 1.1288079
38 -0.052407958 0.06135779 1.0545343 -0.13143644 -0.00067588623 0.5064812 0.7723918 -0.077652566
41 -0.11726365 0.30847266 0.3322219 0.24421507 0.3975161 0.35868502 0.56282043 0.54863757
14 0.56106585 -0.2024256 1.5367703 -0.35527453 0.038871802 0.12784833 0.030305421 -0.20524548
11 -0.10620056 -0.045210123 1.6951532 -0.8304019 -0.14638506 0.22550115 0.40138644 -0.40619487
13 0.20379964 -0.09447786 -0.15491876 1.7216353 -0.038144022 0.38166082 0.3307969 1.0001097
18 0.75927436 -0.29719102 0.1912177 1.9453734 0.19456904 0.17512344 -1.032276 0.72151875
0 -0.34546724 0.53991205 0.21168265 -0.008035234 0.9681059 0.119577155 -1.233524 0.66810423
40 0.39160672 0.02905761 -0.29553077 1.5210423 0.12928638 0.5014421 -0.6464106 1.145907
33 0.8691334 -0.5669241 0.8822714 1.965747 -0.09065752 -0.06332853 0.20328507 0.1267793
9 0.68913907 -0.21785127 1.8962324 -0.25424504 -0.3334746 0.07407839 0.60975945 -0.49291918
7 -0.47866952 0.42537662 -0.5975883 0.58029985 0.5134885 0.28688496 -0.6009993 1.5753825
45 -0.70428693 0.41328672 0.91426283 -0.58291715 0.30373716 0.46449172 0.3281863 -0.070571035
5 -0.46314827 0.36933896 1.3369881 -1.4607608 0.16946074 0.30299008 0.84299344 0.0127605945
10 -0.7351997 0.7864025 -0.11358612 0.27780324 -0.3291347 0.27400997 1.0412734 1.1134698
30 0.33181638 -0.08509145 0.025658922 2.4476717 -0.28894597 0.21940836 -0.33851227 0.7301542
21 -0.04393922 0.10177096 0.06085208 0.9641629 0.114106 0.023968125 -1.5867168 1.0795553
44 0.7131439 -0.76939416 0.80063295 1.6461232 -0.025043085 0.3500122 0.3613169 0.07108345
32 0.6698799 -0.6380153 0.55621964 2.3818123 -0.23477948 0.39701152 -0.06220472 0.17004126
3 0.018985959 0.3643758 0.5170244 0.4411444 0.7477247 -0.44251937 -1.4742662 0.6204154
35 1.1275014 -0.85746247 1.5909176 1.281738 -0.38320047 -0.24104673 0.31345016 -0.20216869
22 0.7417009 -0.83612597 0.67864746 2.4005835 -0.23258437 0.38531664 0.13786918 0.10693616
37 0.8283792 -0.5662132 0.15749556 2.1480846 0.017679038 0.15094016 -0.5645288 0.86589175
