50 8
19 -0.3271938 0.53468186 -0.2140039 0.29191673 -0.27700928 -1.2807665 0.1914559 0.7048372
1 0.32796067 1.0275031 0.26639208 -0.18287519 0.40244007 -0.53645533 0.007551726 0.71346897
46 0.07239181 1.0784099 0.329061 0.010209982 -0.026863217 0.23430479 0.1464168 0.29553747
23 -0.20034468 0.34203658 0.1139719 0.1712164 -0.011750389 -1.5113674 -0.15295923 0.53544474
2 0.03693234 0.6557612 0.28941444 0.25218132 0.23112956 -0.6508814 -0.03982387 0.19955139
39 -0.22842431 0.45896414 0.0667165 0.5157695 0.15622397 -0.784847 0.013904427 0.9605525
15 -0.53925014 -0.07737062 0.22986782 1.1649562 -0.07896492 -0.73551935 -0.033065733 0.35443127
43 -0.17678106 0.45644814 0.9458266 0.32487345 -0.42545542 0.33763486 0.24013981 -0.46241388
40 -0.38678536 0.069386065 0.09255386 0.6076565 0.0052697603 -1.4813218 -0.12715903 0.81122434
18 -0.5216659 -0.09280983 0.16687723 0.8037322 0.0065044747 -1.4392929 -0.1871865 0.8688195
24 -0.5702675 0.18603703 0.004072112 0.76816666 -0.4584254 -0.98622864 0.04972214 0.0065418207
44 -0.08840021 0.54497784 -0.12927145 0.42887732 -0.18155529 -0.98612976 -0.0832353 0.91594994
0 -0.39345035 0.03554769 0.09888 0.7024847 -0.004703047 -1.4668064 -0.06811798 0.76525545
32 0.058165357 0.78319585 0.21291655 0.070688665 0.53483474 -0.6423577 0.075554535 1.3730229
16 0.37194735 1.0487515 0.9465906 -0.45260406 -0.41709122 0.21125576 0.029342469 -1.0562652
38 0.29752257 1.5254935 0.47282457 -0.76485807 -0.059545696 0.22210792 -0.019644508 -0.13217264
29 -0.11121608 0.4512947 0.2731116 0.055797826 -0.8597085 -1.0527704 0.3574846 -0.15635467
45 0.010862099 1.2671858 0.49724153 0.18601634 -0.056086946 1.0259404 0.23968793 -0.5123972
11 -0.0102589335 1.519496 0.63548994 -0.1785342 0.43857062 1.3751866 0.031397402 0.38766614
34 0.28952318 1.4002879 0.8772111 -0.5948496 -0.25777817 0.75782907 0.08503548 -0.63982993
33 0.030955998 1.0897734 0.5754525 -0.31687912 0.7762008 0.07378117 -0.09873089 1.1958688
4 -0.015761655 1.1885471 0.97588724 -0.24280068 -0.12925096 1.030585 0.005699563 -0.71887827
41 -0.022960542 1.1442462 0.81601864 0.15019304 0.30675134 1.0625817 0.13550565 -0.32734832
26 -0.45961455 -0.20315406 0.5520547 1.215043 -0.44566917 -0.6207182 -0.46967524 -0.75168747
27 -0.0727937 0.70555586 1.0214665 0.13021766 -0.5308626 0.5494541 -0.32883736 -1.3842609
12 -0.2541887 0.036891803 0.022382028 0.7340655 -0.4566768 -1.4876592 0.18238033 0.7144569
3 -0.07964991 0.9336515 0.013458434 -0.22637065 0.6459883 -1.0345573 -0.016453912 1.3517232
21 -0.02076665 0.99286544 0.49339116 -0.31454355 0.22836018 -0.08920162 0.1165777 0.73156667
9 -0.17590132 1.2973816 0.801859 -0.04747016 -0.0075038937 1.3765284 0.106814295 -0.2132365
20 0.34780827 0.7842411 0.82333624 -0.031581346 -0.99518913 0.15726426 0.40660185 -1.0955967
6 -0.39689216 0.04155616 0.22572295 0.7804886 -0.7479548 -0.93871814 -0.2978579 -0.38007113
25 0.19551407 1.2782981 0.59341365 -0.88339853 -0.08443647 -0.10172778 -0.4246539 0.22993112
48 0.33994257 1.1902132 0.79498017 -0.5330543 0.32684445 0.096542165 -0.23834153 -0.101318255
49 -0.019467287 1.0878024 0.9918098 -0.3294637 -0.16428782 0.7719242 -0.10741916 -0.50517225
28 0.19552939 0.5030363 1.0905026 0.6396533 -0.7439195 0.72789377 0.3551457 -1.3050028
14 0.14029832 1.4185284 0.8344271 -0.1908556 0.02803873 1.2808095 0.20711122 -0.37808397
31 -0.2487886 -0.10195904 -0.0660006 1.0686765 -0.38618094 -1.628142 -0.18521005 0.3485157
42 -0.42447928 0.38145852 -0.26199937 0.8684222 0.10163842 -0.9132008 0.113558814 1.1229951
30 -0.36784962 -0.022900918 -0.019788278 1.161553 0.23937619 -1.2722441 -0.10249633 0.8698147
22 0.06375367 0.9681958 0.57314855 0.52983075 1.1130322 0.7571913 -0.07184973 0.8238112
37 -0.42981812 0.5341138 0.5767084 0.21119387 1.1171321 -0.35614508 -0.24246751 1.2759165
13 -0.7090504 -0.1820894 -0.115936145 1.5912616 -0.54685 -0.80422497 0.08121576 0.17136681
5 0.013421925 0.48545676 1.2296404 0.98427767 0.07517864 1.3637763 0.14783512 -0.7001655
36 -0.12492123 1.0772665 0.89308774 0.3211938 -0.53840435 1.4960136 0.07899391 -1.3528632
7 -0.6509301 -0.35478887 -0.016288726 1.6581355 -0.7199644 -0.97292864 -0.42654714 -0.35121235
17 -0.26694563 -0.051104188 0.7567322 0.80714905 -0.13427393 -0.616534 -0.9780305 -1.0987037
8 -0.43918273 -0.21768172 -0.083775185 1.1749102 -0.97990054 -1.509409 -0.28607318 -0.3063977
35 -0.30628535 0.53886926 0.12245762 0.17793413 0.6848973 -0.9929697 -0.21805112 1.77055
10 -0.44626346 -0.05727075 0.49816146 1.6523869 -1.0525172 0.30217844 0.16436459 -1.4974862
47 -0.155345 1.4623097 0.6172935 0.13521783 0.97319216 1.5406902 -0.05944056 0.6207114
