50 8
26 -0.40178245 -0.38784644 0.30401093 0.7053738 -0.0119457245 -1.0085254 -0.09666475 -0.646526
39 -1.1041679 0.22292443 -0.096005045 0.66037536 0.47815105 -0.74466276 -0.37608436 0.25190732
23 -0.49912542 0.2099778 -0.17969655 0.39492235 0.19894719 -1.177124 -0.41809425 0.031274203
24 -0.46823412 0.2266678 -0.027369311 0.83264923 0.8784946 -1.029921 -0.41111866 0.27961105
43 -0.55668914 -0.1865024 0.014628033 0.74893403 -0.049580704 -0.8497335 -0.02059043 -0.4333381
25 0.18756741 1.0047168 0.65375113 -0.28003767 -0.8798049 0.11905142 -0.46957025 -0.042888507
1 -0.27905473 0.78638995 -0.3255073 0.29936302 -0.12724768 -0.5460882 -0.37374383 0.28093898
19 -0.42840114 -0.13687925 0.118341364 1.0021867 0.59679925 -1.0783222 0.03214796 0.20987058
42 -0.4885909 0.060413312 -0.11147095 0.5672442 -0.07416513 -0.8153447 0.27449358 -0.67305917
31 -0.7159974 -0.04227966 -0.26961547 0.8460775 0.34151587 -1.0707102 -0.4781029 -0.15005149
36 -0.39332697 0.39510715 0.5334848 0.057906542 -0.93896353 0.05624825 0.39892247 -0.7645058
40 -1.0733359 0.005177566 -0.21272416 0.64903986 0.3591478 -1.0884571 -0.73116785 0.021470414
18 -1.036673 -0.10706094 -0.15877803 0.88040274 0.5225155 -1.0678027 -0.32832396 0.21323644
37 -0.50935376 0.39936024 0.059932236 0.7854359 0.99886495 -0.8482505 -0.33684632 0.67674875
34 0.35691348 1.4923841 0.80888176 -0.22507341 -1.1506639 0.99289113 -0.31690085 0.058395304
44 -0.37428257 0.50379115 -0.5896461 0.5396385 -0.16189222 -0.8175632 -0.49160418 0.28370285
7 -0.7157315 -0.15761487 -0.49479786 0.8671441 0.24995713 -1.4034765 -0.2265377 0.1462418
28 0.19196522 0.35230958 1.1407518 -0.0426548 -1.0604814 0.16000906 0.8104946 -0.78011876
30 -0.8777039 -0.21329203 -0.34388852 1.0133688 0.39307553 -1.1797522 -0.34732148 0.059610598
15 0.2543206 0.83198947 0.4057972 0.6304427 0.65639436 -0.24408774 0.38499072 0.53243816
32 -0.025467902 1.457487 0.80745935 0.08857035 0.69127095 0.36130622 0.3799842 1.1170093
2 -0.21465155 0.74798894 -0.20130017 0.8376213 0.8950107 -0.6862179 -0.18577778 1.0780034
8 -0.43227395 -0.44714954 -0.37104148 0.73292214 -0.37946555 -1.3601084 -0.4275589 -1.0366921
35 -0.31489524 0.94610417 -0.11653509 0.558253 1.0285386 -0.6400421 -0.25606903 0.83547384
49 0.02078646 0.7004228 1.0013822 -0.06552291 -1.3010525 0.7180797 0.26872483 -0.823507
9 0.9910522 1.1702085 1.2070366 -0.35538626 -1.291715 0.6169633 0.5984702 -0.25232074
48 -0.7185098 0.2591975 -0.39724377 0.23234506 -1.0094918 -0.52631986 -0.5686391 -0.68101865
14 0.42848694 1.457962 0.6620859 -0.29096815 -0.6888391 0.48287195 0.07187846 0.16333844
6 -0.17994377 -0.49089107 -0.03792494 0.9667829 -0.33736935 -0.96698284 0.29889125 -0.8235773
3 -0.16250072 0.8962985 -0.33664498 0.58952683 0.89453155 -0.8783282 -0.22459635 0.9036925
33 0.11192879 1.5061702 0.6852212 0.14853428 0.6074537 0.36332992 0.31204045 0.99234116
41 -0.30796197 0.7465231 0.5161727 -0.25371584 -1.3961387 0.38506708 -0.02039621 -0.90104264
11 0.5667393 1.2274561 1.0400182 -0.14716111 -1.2579106 0.8802026 0.18206605 -0.093424015
38 0.5585752 1.2400659 0.61114705 -0.13250034 -1.2430651 0.66811514 0.4190176 -0.20153633
21 0.046707742 1.0330993 0.97785735 0.3378249 0.45467335 0.2713614 0.11633917 1.2280627
13 -0.6601947 -0.5023295 -0.27355465 1.1726024 0.34122172 -1.3714495 -0.033994395 -0.09617782
46 -0.12219575 -0.11752408 0.8830738 0.063430436 -1.3202263 -0.23134364 0.49660915 -0.9296636
0 -0.082498655 0.74437433 -0.43920404 1.0155674 1.0878327 -0.8905674 0.08350234 1.227462
12 -0.081721686 0.45121697 -0.31959584 1.0665306 0.7742982 -0.927906 0.017402843 0.97813845
4 0.9817756 1.0584452 0.8242148 -0.013217278 -1.2025928 0.46028593 0.93962693 -0.24366044
27 0.29474488 0.34179583 1.1196146 -0.0083121415 -1.4355408 0.34800634 0.27603692 -1.0469309
5 0.8015033 1.1130441 0.9069163 0.16995187 -1.0115607 0.72919047 0.7790027 0.07776892
10 -0.1131881 -0.34612632 1.2112204 0.5332161 -0.26953384 -0.29259533 0.75917524 -0.9631101
45 0.31037822 1.2328504 0.9281801 -0.2990758 -0.7562793 0.5947968 0.36968327 -0.39315787
20 0.31290665 0.31945357 1.2419803 -0.16751894 -1.2648157 0.10320541 0.37232426 -0.9891186
29 -0.61153483 0.42733043 0.0009811063 0.08294315 -1.7596757 0.21036276 -0.021329109 -0.37455916
17 0.70471984 0.44384328 1.4336815 0.048553053 -1.0965186 0.34245136 1.0371916 -0.26677993
16 0.43183693 0.92747015 0.7741304 -0.5524901 -1.8587946 0.35569346 0.5284766 -0.9135812
22 -0.02060056 0.648214 0.47066107 1.0342357 1.4119622 -0.39412332 -0.66037184 0.49573776
47 -0.34091917 0.8255334 0.08911669 0.18319891 -1.1540823 0.4578681 -1.0399038 -0.44610032
