50 8
43 -0.5688375 0.5674054 0.4357523 0.6132331 -0.7229564 -0.2866998 0.051057804 -0.6496632
38 0.34444892 0.8436568 0.4720932 0.10446592 -0.51600635 0.32723182 -0.60633767 0.33882755
49 0.16081762 0.71483445 0.5649557 0.45928615 -0.93358946 0.38336527 -0.40301818 0.012452347
41 -0.7194223 0.58344823 0.52578795 0.45494646 -0.54818594 -0.38062233 0.4266636 -0.78676474
45 -0.6253652 0.7330044 0.36898613 0.45273858 -0.38492823 -0.12670429 -0.048024617 -1.0633997
40 -0.10761796 0.67452943 0.13280159 -0.14150439 1.3443865 -0.09199045 -0.1430682 0.6020169
46 0.6142394 0.6748445 0.33587712 0.36783934 0.098449804 0.2582724 0.11280354 0.8453699
15 0.4172348 0.58912784 0.3766298 0.16565104 0.7532645 0.047178265 0.2396731 0.92414844
48 -0.520302 0.6268216 0.4341393 0.63384473 -0.9755896 -0.3129653 0.084638864 -0.7183646
16 -0.46937698 0.635234 0.5990414 0.40031683 -0.85959566 -0.27016452 0.17621881 -0.5899788
24 -0.5272498 0.32388976 0.23393251 0.4893652 0.48203593 -0.20928271 -0.10022267 0.38753965
23 -0.97094136 0.46928704 0.354034 0.27079827 -0.0065503805 -0.46340933 -0.009937099 -0.3724686
20 -0.39412132 0.5811304 0.57331127 0.7628589 -1.2433897 -0.054336537 -0.1708717 -0.6257609
19 0.11323966 0.6238824 0.25360963 -0.07489698 1.0984008 0.056963358 0.033541128 1.0170712
28 -0.8160453 0.48954076 0.59892267 0.44924292 -0.5960204 -0.57467383 0.19638512 -0.77832973
26 -0.91604096 0.4438502 0.1480893 0.059577063 1.1272244 -0.6196831 0.1254567 -0.06170832
42 -0.79038435 0.6425623 0.19129562 0.07502761 0.3083743 -0.4305372 0.078578494 -0.25526515
1 -0.18826678 0.8727544 0.54028356 0.38379794 -0.94665354 -0.050297163 0.07588458 -0.95081645
17 -0.7101084 0.47694924 0.44523078 0.68252575 -0.61691904 -0.57883 -0.045560993 -0.7926618
36 -0.37817565 0.7214718 0.40828547 0.72759384 -1.0393116 -0.123626605 0.09234549 -0.75148296
18 -0.19554932 0.43054768 0.15680198 0.0020066334 1.4498512 -0.1890561 0.10923415 1.1336194
5 0.21039447 0.56410503 0.50444573 0.70604384 -1.1033417 0.17570306 -0.0991144 0.28599837
27 -0.7521019 0.56671786 0.45193014 0.66965187 -0.8895447 -0.345954 0.014914128 -0.7769127
37 0.46749717 0.5338851 0.3935277 -0.035786904 1.429764 0.23169838 0.34925556 1.442117
29 -0.9818493 0.5326573 0.3223061 0.42048326 -0.35631222 -0.6407865 0.19675106 -0.52561307
44 -1.0721604 0.5612775 0.153665 0.13780762 0.18311207 -0.875409 -0.0651291 -0.45448923
14 1.0275695 0.93054825 0.35668445 0.17746525 -0.36100858 0.5779679 -0.46625483 1.0083275
34 -0.3373014 0.9222376 0.46321672 0.59174895 -1.3820511 0.059900876 -0.29497582 -1.0675247
3 0.80805343 0.7902153 0.38205656 -0.15031777 0.8265827 0.3794159 -0.13302355 1.3007765
30 0.26578557 0.6647346 0.15663575 -0.073211245 1.4086194 0.2012235 -0.1359752 1.096696
0 0.83187085 0.75771135 0.4105846 -0.08167067 1.001799 0.5313991 -0.092858896 1.4464197
22 0.6629334 0.6384884 0.32769978 0.10797618 1.1999698 0.539051 -0.25893554 1.4052552
25 0.8905829 1.080417 0.315628 -0.2108379 0.29640272 0.5650086 -0.3072935 0.92154074
6 -1.3850306 0.30014002 0.10096743 0.67248577 0.58144605 -0.66756403 0.31829014 -0.7628792
31 -1.0597252 0.5399167 0.21224926 0.35815597 0.009350001 -0.7934096 0.013218653 -0.7708532
8 -0.80312777 0.4487286 0.038505346 0.24235243 1.1456119 -0.76123726 0.19418141 -0.120871164
13 0.040702242 0.50979716 0.10141438 -0.03871775 1.7931179 -0.14134175 0.12545405 1.3668075
2 0.5998057 0.6877417 0.18968874 -0.076147914 1.6249698 0.31321865 0.17689751 1.4387968
10 -0.38886786 0.48489052 0.008133538 0.7673101 0.53442067 -0.18675151 0.51251155 -0.04675614
47 -0.5273249 0.90739894 0.39240602 0.5647087 -0.9892813 -0.13321008 -0.19368991 -1.3345901
4 -0.0049088835 0.47266382 0.6876019 0.9332292 -1.7265327 0.019988256 -0.3480606 -0.044622514
39 -1.6642287 0.4210644 0.22446159 0.5083376 -0.098666355 -0.7582123 -0.12783025 -1.1194142
11 -0.092759274 0.6922312 0.57159185 0.7283516 -1.5103228 0.16542777 -0.30667466 -0.31506142
12 0.5244204 0.6414191 0.08143034 0.10253918 1.3256055 0.1060059 -0.19618969 1.5599437
9 0.1526696 0.7308079 0.5722263 0.7539042 -1.4570018 0.29716086 -0.113541484 -0.20643313
21 0.73567945 0.51416767 0.2813179 0.14458475 1.294041 0.34126875 -0.19029528 1.9307773
32 0.8742472 0.7351778 0.37843317 -0.13711916 1.0265024 0.45652494 -0.0034042124 1.8557912
7 0.24396333 0.6078791 -0.08269214 0.027094686 1.9474744 -0.094242975 0.17915152 1.5425867
33 1.0083171 0.7420035 0.18768251 -0.015296965 1.1813976 0.48486367 -0.47299713 2.1171565
35 1.1514118 0.7695397 0.21984057 -0.067749 0.9063234 0.33079484 -0.54754925 2.038706
