50 8
27 -0.18471102 0.42738804 0.49660128 0.5845863 -0.70001614 -0.44680843 -0.5429466 -0.5000176
28 -0.15826234 0.43276164 0.030276742 1.0675027 -0.5637327 -0.78175557 -0.2646709 -0.736192
1 0.3534406 1.0156257 -0.016905582 0.6710255 -0.40748504 -0.19349371 -0.2418021 -0.67431223
4 -0.0058487807 0.59102964 0.70809734 0.46586442 -1.4771456 -0.30429548 -0.5282365 -0.23735209
36 0.3901681 1.1958328 0.11209262 0.54490256 -1.2530127 -0.005225327 -0.4094995 -0.64854246
23 -0.425648 1.0503901 -0.5611821 0.33645102 0.36631295 0.0021717653 1.0564084 0.24620458
41 0.052652404 0.7770505 0.14298742 0.90303 -0.3934522 -0.014641288 -0.32242736 -1.3025166
40 -0.48030904 0.6688028 -0.25871694 0.6972353 1.144598 -0.05469231 0.3345646 -1.1876497
29 0.32380417 1.483127 -0.4810284 0.5224853 -1.1466298 -0.025060317 0.048636038 0.04047859
47 -0.5825401 0.28347817 0.77119887 0.3445074 0.051550888 0.782672 0.1488629 -0.722584
49 0.046217795 0.90522516 0.40112627 0.54826766 -1.113024 0.2640211 -0.17762783 -0.7539941
48 0.17568548 0.9588112 -0.11736422 0.8187584 -0.741101 -0.09628953 -0.23128766 -0.60732365
43 -0.18322013 0.26942095 0.8051562 0.66260487 -0.8901134 -0.2428071 -0.77344775 -0.7343822
34 0.49804962 1.2409401 0.09405453 0.5093714 -0.8753812 0.40615782 -0.26805592 -0.6084435
3 -0.5528945 0.40637004 -0.08244663 0.18385781 1.5570694 -0.22265548 0.5587734 1.2621973
9 0.08255703 0.91777647 0.55105466 -0.08255329 -1.3635476 0.31990257 -0.17981243 0.86457247
38 0.07652825 0.90244806 -0.10995414 0.81684655 -0.830039 -0.50274545 -0.32830405 -0.72224635
2 -0.665364 0.21056302 0.5031395 0.05140929 1.4630847 0.60507494 0.7906146 0.959137
13 -0.46719256 -0.09811585 0.203335 0.64205104 1.082708 -0.5578331 -0.10358502 0.94359535
6 -0.4690375 -0.0010698037 0.36086932 1.1470044 -0.257644 -0.74954057 -0.34026 -0.8887026
21 -0.030178811 0.5188971 0.3661377 -0.10972521 0.8035277 -0.072698504 0.13550279 1.7696733
10 -0.25742897 0.28185487 0.1798734 0.20238344 0.88662976 -0.7527901 0.13998313 1.0586666
16 0.1285057 0.5245706 1.1083616 0.31351656 -1.2406803 -0.24530795 -0.7856143 -0.7528217
33 -0.33803213 0.19577667 0.8680173 -0.47565526 1.1810747 -0.2629157 -0.0036523787 1.8432988
45 -0.049524505 0.90453076 0.40184897 0.3840724 -0.50475705 -0.03841684 -0.28337082 -1.1356375
44 -0.07585608 0.7503051 0.18935908 0.91900814 -0.7966351 -0.21396668 -0.51402414 -1.4083091
26 -0.9116702 -0.44783446 1.1313168 0.57675445 0.8101802 -0.20731503 -0.25064343 -1.0459721
14 0.52157193 1.4867679 -0.11814781 0.019348998 -1.0665454 0.060490247 -0.4423924 0.66156477
24 -0.904743 0.14244911 -0.23253751 0.50711113 1.8825833 -0.32355943 0.7151352 1.1796125
37 -0.13619772 0.61415213 0.48050594 -0.36938947 1.232868 0.24895906 0.5261731 1.5503266
31 -0.0006712342 1.0028155 -0.14536552 0.89213455 -0.6511026 -0.09620007 -0.15629464 -1.1423903
0 -1.0110372 -0.4487857 0.9002583 0.20425336 1.6194379 0.090901256 0.4003345 1.1011738
39 -0.35081175 0.32543212 0.5592247 0.95001537 -0.5748167 0.062824406 -0.43910447 -1.3707689
19 -0.5819793 0.17821942 0.2847836 0.1368873 1.5549699 -0.10941811 0.6003729 1.4524751
46 -0.08452801 1.3109555 -0.0033784783 -0.07136112 -0.32750744 0.7217363 0.6051783 0.121498205
5 -0.14047064 -0.09557847 1.2499332 0.21796985 -0.7481322 -0.062036257 -0.7365749 0.7644466
15 -0.79885566 -0.12772174 0.96567124 -0.21636689 1.3786325 0.01652213 0.5167827 1.4577444
35 -0.6272677 0.14741048 0.3000306 0.116229944 1.7085738 0.029125016 0.6965606 1.4864593
7 -0.5673343 -0.20876472 0.60690457 0.37899745 1.2197459 -0.72230726 -0.18444072 0.5874013
8 -0.41235977 0.16210812 -0.25333136 1.1358882 0.74278593 -1.0183419 0.017693298 -0.6143655
30 -0.7329542 0.066434294 0.5556257 0.10576393 1.5080565 0.6321802 0.70206594 0.9813478
17 -0.59845656 -0.19893825 1.5127554 0.17320625 0.059598133 0.40337276 -0.5797797 -0.69692713
18 -0.8511689 -0.037515126 0.54357576 0.086429045 1.6402032 -0.07408712 0.29643282 1.0181926
32 -0.50181997 0.39882478 0.38659987 -0.17629597 1.4655536 0.26532674 0.60983735 1.6698177
20 0.38637534 0.7514601 0.46513155 0.33656538 -0.9744306 -0.83526427 -0.96553177 -0.0054735737
42 -0.7059896 0.37815917 0.40007636 -0.001777986 1.1586131 0.8532198 1.1227527 1.0103558
25 0.14733869 0.80513304 0.3919843 -0.061967563 -0.6924628 0.34115094 -0.29571953 1.4581697
12 -0.5770298 -0.045658246 0.09713088 0.57186985 1.6737583 -0.5071862 0.14577317 0.76818067
11 0.3747985 1.0204849 0.40569133 0.03088466 -1.3848318 0.2616949 -0.67029405 0.95901394
22 -0.4288108 0.35898858 0.6779512 -0.38292968 1.389292 0.5553078 0.510694 1.7292304
