50 8
40 -0.49906784 0.36482584 0.4216063 0.055059504 0.26878846 -0.6556223 -0.30869275 -0.30256093
6 -0.6653739 0.33134833 0.44774467 0.530083 -0.33209616 -0.33913335 -0.19060066 -0.87005264
20 -0.45719346 0.35024142 0.29341224 0.5256346 -0.09403027 -0.8227113 -0.27121973 -0.8217019
45 -0.004483973 0.7436742 0.08741511 0.89311266 -0.4303333 -0.15266654 -0.31354645 -0.6303579
26 -0.5674689 0.24367024 0.60152423 0.039983943 0.32964748 -0.49208757 -0.3395889 -0.5384869
29 -0.41337562 0.52267206 0.73040175 -0.38734 0.37040478 0.14090827 -0.43143085 0.21265936
16 0.32467854 1.06837 0.6162898 -0.35306755 -0.180333 0.13540863 -0.7756715 0.19789787
41 -0.15892805 0.5886128 0.44337958 1.0190392 -0.6007384 0.1021111 0.10897812 -1.0375811
49 0.018324843 0.66538644 0.33272973 1.0107054 -0.72163814 0.018428672 -0.35297674 -0.968934
46 -0.5840489 0.3961117 0.30566284 0.5667345 -0.09074109 -0.650226 -0.019902475 -0.96155834
36 -0.29803583 0.4936491 0.16673604 1.1490773 -0.47863093 -0.15361397 0.10903949 -0.8708938
25 -0.11049218 0.7145901 0.4464431 -0.26039276 0.03893057 -0.31099927 0.027753858 0.9290912
19 -0.36329195 0.19582242 0.9707713 -0.42968103 0.8575247 0.5460035 -0.22988981 1.3159293
1 -0.09356988 0.5807295 0.16841057 1.3092102 -0.67116374 0.18206923 -0.09384462 -0.8889186
4 0.14335245 0.5255409 0.17014278 1.3373717 -0.9208715 -0.08011144 -0.012810651 -0.43261525
34 0.22477286 0.9147008 0.2564916 0.88544923 -0.74049175 0.25203174 -0.54926354 -0.7688982
24 -0.5780762 0.4678208 0.6839026 -0.8336362 0.70426184 -0.48666114 -0.5497235 0.50709134
23 -0.2410313 0.4532823 0.95626056 -0.6613484 0.4505407 0.09409122 -0.49995977 0.7224889
17 0.34883818 0.8227679 0.46281117 0.19004808 -0.63115007 -0.022872856 -0.9379319 0.115661584
27 -0.4045677 0.3521534 0.17213 1.1352125 -0.48230922 -0.10967689 -0.30024284 -1.0565467
43 -0.6468809 0.23374705 0.20231631 1.1396124 -0.40869254 -0.6716774 0.1675898 -1.3764354
42 -0.47129974 0.45433196 0.25242922 0.7047206 -0.34474942 -0.40990448 -0.20172639 -0.91087145
39 -0.7064852 0.21731415 0.39481866 0.82697946 -0.40446445 -0.43241665 -0.026974555 -1.1535133
12 -0.5177674 0.08869022 0.51363593 -0.23933695 0.98169184 -0.52862394 0.44690016 1.2911791
28 -0.21773772 0.27978516 0.16220324 1.2723172 -0.60562646 -0.5658861 0.13142826 -0.76630193
31 -0.53379893 0.19955458 0.24002974 0.8202938 -0.13764185 -0.8646428 -0.065919 -0.9567061
47 0.13917875 0.5731455 0.08607876 1.2481405 -0.65666014 -0.12356144 -0.24689122 -0.5566252
38 -0.50395054 0.31122583 0.16564432 1.0312735 -0.3181221 -0.6224364 0.09784857 -1.0048673
2 -0.2383473 0.4320316 0.7876701 -0.59805375 0.5004197 0.32684335 -0.48037064 1.5177097
30 -0.7248651 0.008332689 0.72258717 -0.471194 1.2636669 -0.16140765 0.1368276 1.3406775
13 -1.0831915 -0.5060318 0.5112331 0.50678736 1.0281762 -0.52114767 1.1234026 0.65524024
0 -0.3562332 0.41285136 0.8361918 -0.63395286 0.8301575 0.40672067 -0.36112747 1.3752444
18 -0.6090032 0.12537965 0.7767655 -0.6237243 0.9516173 -0.08783851 -0.10911832 1.3571242
8 -0.8002583 -0.2706867 0.24117564 1.0009403 0.5296934 -0.98041564 0.6005659 -0.6173046
44 -0.2012779 0.44303837 0.1588618 1.1408366 -0.7555064 -0.72268885 -0.037180226 -1.0075419
9 0.662191 1.1432804 0.18308584 0.27946785 -0.73702484 0.4811264 -0.70811754 1.1492168
21 -0.28154358 0.23460346 0.67433834 -0.39028624 1.0570045 0.38229918 -0.21167305 1.846959
14 0.82722324 1.1073633 -0.0257785 0.51173383 0.04299324 0.7508442 -0.4758931 1.7976681
10 -0.54136276 -0.13786007 0.2185507 1.1188755 -0.008737637 -0.7346796 0.41553548 -0.3813142
37 -0.378762 0.13333696 0.7914769 -0.5306172 1.0406917 -0.040864374 0.05167238 1.8600321
33 0.087173976 0.50949705 0.5129437 -0.33213413 0.83492273 0.288741 -0.13444535 2.28544
22 -0.120405436 0.3020202 0.7076348 -0.44105965 1.1824746 0.39963648 -0.2452746 2.1443427
3 -0.50974977 0.17620642 0.80631006 -0.6918036 1.2854649 -0.12569477 0.10612013 1.710073
15 -0.3764289 0.53709984 0.53369206 -0.6737877 0.8024774 -0.34356904 -0.192288 1.2162317
7 -0.3186225 0.15103357 0.2979853 0.08816809 0.7254973 -0.22520696 0.40616983 2.0379162
35 0.23617518 0.40387875 0.5282824 -0.013238767 0.8008174 0.40334177 0.076279074 2.49623
32 -0.10915103 0.25841254 0.65256196 -0.25950724 1.1637233 0.28561306 0.33659875 2.443148
5 0.9804074 0.9361852 -0.2052026 1.7376679 -0.5847541 1.2180376 -0.020953517 1.0408092
48 -0.34726834 0.20585486 0.31158876 0.83669215 -0.19109695 -0.79428655 -0.026330657 -0.80572635
11 0.7375369 1.0314988 -0.09626325 1.3126493 -1.0305521 0.6669546 -0.74587727 0.18918484
