50 8
28 -0.13116159 -0.26129606 0.5060405 -0.56373113 0.48212406 1.0099025 0.20303723 0.36281615
23 -0.39611283 0.6078513 0.9382503 -0.11916386 0.6986217 -0.47338694 -0.31830937 0.80054563
43 0.27727392 -0.5366998 0.45874068 -0.1807754 0.35892388 0.9912864 0.2975407 -0.25898567
19 -0.384522 0.49161583 0.7595551 0.3528097 0.55196434 -0.52362555 -0.31282988 0.9298677
45 -0.44896317 0.060500223 1.0130031 0.19883247 0.18236646 -0.121065825 0.1872707 0.1754756
18 -0.62875247 0.3244636 0.5004872 1.236067 0.30785885 -0.073090136 -0.2915764 0.73027045
24 -0.5920404 0.6121415 0.7365039 0.94701916 0.32786718 -0.2672073 -0.057514638 0.774629
42 -0.6925116 0.26619068 0.79086757 0.325324 0.5625502 -0.2459355 0.3138184 0.5301847
40 0.30367714 0.04623054 0.17851554 1.3758165 0.19395156 0.27081773 -0.56717294 0.3416234
26 -0.5898925 0.49051312 0.64603794 -0.10015815 0.620207 0.13066347 0.011238692 0.962641
21 0.7002297 -0.75964457 0.4133506 -0.005235085 0.2179799 0.8908543 -0.3838187 -0.2761982
37 1.3493645 -0.87413204 0.5365239 0.5028529 0.020377476 0.22467943 -0.30350587 -0.57121396
1 -0.41044143 -0.13373125 1.0854704 -0.58330464 0.23686847 0.22943734 0.9549654 0.20318346
27 0.76166135 -0.54327756 0.78189254 -0.7630296 0.39225218 0.7246847 0.45146483 -0.41932493
12 -0.28679958 0.41146466 0.42299375 0.80999774 0.67252994 -0.27894473 -0.41043392 0.7829449
16 0.6686685 -0.5072769 0.6375137 -0.6799872 0.5389397 0.31758484 -0.37422743 0.21496977
17 -0.29672128 -0.35323858 0.85497135 -0.84799534 0.62906575 0.02000187 0.24302284 0.5677905
44 -0.31915364 0.25164333 0.45065013 1.4167264 0.3133942 -0.30590552 -0.23329102 0.63394
0 -0.5154458 0.18866432 0.45562124 1.287111 0.3649241 -0.22059102 -0.50061876 0.61989707
31 -0.52703995 0.5172204 0.5381883 1.0126586 0.4135249 -0.14907351 -0.3622089 0.8398702
25 1.1977649 -0.9782847 0.13158487 0.18266913 0.57379365 0.362906 -0.86609066 -0.25154036
29 0.7654633 0.024092779 0.3695449 -0.13917176 0.891833 -0.05586116 -1.0757267 0.36035833
49 0.916019 -0.9390984 0.7438789 -0.83392465 0.32099423 0.80299777 0.12341853 -0.54641813
36 0.83955383 -1.0039251 0.51134014 0.100878485 0.12029356 1.1812648 0.5040752 -0.9574234
20 -0.1665266 -0.6285238 0.6563116 -0.75017464 0.46954662 0.68464327 0.24781603 0.3220368
13 -0.46276972 0.55938005 0.49539647 1.3279738 0.2518153 0.04127465 0.109310776 0.55346256
4 0.8005369 -0.96719223 0.7260562 -0.55574673 0.17645596 1.1196537 0.52798617 -0.76298946
14 1.3525958 -0.9653909 0.508756 -0.24382068 -0.005885668 1.2365535 -0.069037005 -0.6578763
6 -0.6207032 0.58979154 0.87554085 -0.54262745 0.5523723 0.23100112 -0.014013038 0.94098264
15 -0.79259723 0.6531509 1.2740595 -0.67815274 0.43840143 -0.21357624 0.32086432 0.8572426
2 0.5434091 0.13896644 0.83162767 0.6303335 0.3540816 -0.8843449 -0.7689422 0.36987963
39 0.1747587 0.2426528 0.52867436 1.4838973 0.09448904 -0.21991181 -0.25065047 0.22052097
38 0.8870017 -0.4805282 0.5659616 -0.49291027 0.43052673 0.8332436 0.70249283 -0.38055843
10 -0.7575276 0.519096 0.8234501 -0.5257272 0.5268172 0.49680072 0.29992682 0.81631845
3 0.2585832 0.36678633 0.594637 0.39923558 0.67623997 -0.494695 -0.5048755 0.5382195
22 -0.33933067 -0.1273875 0.46883777 1.3572067 0.3276036 -0.34723267 -0.123858444 0.42304665
30 -0.29312092 0.5130583 0.5263443 1.641888 0.12178261 0.009685963 -0.007956384 0.23313892
11 0.8599678 -0.85713094 0.75419277 -0.91820997 0.35728735 0.8634444 0.1639562 -0.51062006
8 -0.6498912 0.7891147 0.44840235 0.34706986 0.46512738 0.4803929 -0.027482415 1.0908014
46 0.65153146 -0.82019174 0.8730472 -0.64052045 0.14341746 0.9126886 0.30021653 -0.7825342
9 0.8405637 -0.9477639 0.94965065 -1.0440942 0.23692186 0.81463844 0.36376843 -0.6760334
34 1.3942535 -1.2048725 0.42972833 -0.36480984 0.10613782 1.2760301 -0.0062802634 -0.7062674
41 1.2123635 -1.0238665 0.55422413 -0.7411764 0.4002596 1.0404754 0.2879897 -0.6836622
35 0.54339826 -0.39015827 0.32666782 1.4353997 0.1840598 0.16883041 0.65047014 -0.46707004
5 0.39963126 -0.7554437 0.9390448 -1.1540544 0.39330408 0.8193451 0.90545356 -0.33818552
32 -0.41910627 0.46584356 0.31439763 2.0764673 0.0412158 0.19327705 0.38341823 0.2773675
7 -0.36851093 0.73397875 0.5492425 0.21547344 0.7033687 -0.10906068 0.055037025 1.0760653
48 1.2928144 -0.8644768 0.13472159 0.7285741 0.13052197 0.9502764 0.22322191 -0.7071784
33 -0.24023382 0.10262705 0.3775388 1.9701294 0.1621232 -0.182991 0.5853485 0.11243396
47 0.83134454 -1.2125229 0.56709415 -0.7528206 0.20918812 1.3312832 0.6532913 -0.62053925
