50 8
43 0.075564146 0.11250945 0.46020284 0.027058857 0.7624517 0.21540406 0.21041477 0.6125503
40 -0.18798012 -0.0031595728 0.6297868 0.350933 0.46444938 0.049912106 0.5366391 0.65780723
19 0.030552203 0.38877255 0.6546074 -0.07685185 0.66354585 -0.08321261 0.34742945 0.80213356
6 -0.22470994 0.16694158 0.73562783 0.2912593 0.47642863 -0.1989665 0.42106512 0.64724636
31 -0.40521106 0.20797879 0.74991137 0.062388726 0.7530629 -0.26643598 0.6044161 0.95013887
49 0.22804093 0.037786663 0.5661964 -0.32150927 0.7493787 0.89591616 0.29523036 -0.3140001
23 0.5526545 0.30642682 0.309481 0.21495724 0.38908032 0.6303873 -0.16435266 0.2003408
28 0.029156907 0.491121 0.64886945 -0.5475145 0.5000636 0.91452366 0.24369839 0.18226871
41 0.16543993 -0.067846544 0.78809685 -0.047244344 0.6440626 0.6434072 0.5779099 -0.7448755
1 0.08693875 0.008789443 0.77003396 -0.36767435 0.6534939 0.77930534 0.41530284 -0.30310047
36 0.06590653 -0.17570098 0.9114413 -0.20190448 0.7267385 0.5173251 0.51692694 -0.5869416
29 -0.45387927 -0.3424224 0.96635514 -0.059006993 1.0223068 -0.014968504 0.23027301 -0.16201632
46 -0.16313557 0.12993594 0.7853748 -0.26719216 0.74062705 0.48627302 0.09208693 -0.10043989
15 -0.23825388 0.50017196 0.6397267 0.6579866 -0.16629668 0.073457725 0.4978207 0.9914889
17 -0.035933226 -0.06407122 0.6719948 -0.37932268 0.6438088 0.64515567 0.45314494 0.47216985
20 -0.44457105 -0.025557192 0.88105917 -0.3824814 0.8216617 0.5305864 0.759766 -0.030691462
42 -0.30400047 -0.09825429 0.9312228 -0.47399113 0.683153 0.47073013 0.42533314 0.26737604
26 -0.352155 -0.047643676 0.5214768 0.42191395 0.42177847 -0.13192397 0.35727537 1.4590294
27 -0.0011364367 0.047747344 0.72130305 -0.36591586 1.223259 0.09836494 0.5576449 0.085218534
16 0.3543527 -0.177199 0.6823961 -0.3785541 0.77539533 0.8157071 0.3403674 -0.34544024
12 0.21172091 0.55548745 0.14294876 1.6362206 -0.146976 -0.31864387 -0.77506137 0.7184117
34 0.10083588 -0.2512696 0.9519317 -0.44244456 0.58477336 0.9540272 0.58045036 -0.7163485
30 0.13783367 0.678124 0.23169966 1.396752 0.035960577 -0.5832593 -0.62246174 1.0355033
39 0.052973412 -0.18266205 0.69845533 0.1370128 0.9855529 -0.17875767 -0.4220382 -0.03289147
0 0.081833705 0.6358016 0.2559247 1.1049863 0.012722674 -0.16257447 -0.2862778 0.952385
8 -0.2690871 -0.055414796 0.5142955 0.8616358 0.47594017 -0.5696476 0.2836831 1.1297581
24 -0.019706119 0.57169586 0.1419188 1.4944305 0.07808725 -0.40588236 -0.89201087 0.9182535
18 0.23920546 0.2162791 0.25650123 1.3865281 0.0848529 -0.50387037 -0.77634794 0.9785628
10 -0.0040254532 0.8091893 0.18423665 0.50195134 0.2953909 0.23632757 -0.011265087 0.9307974
44 -0.03352963 -0.75197726 0.79589903 0.093576126 1.2157211 -0.18990971 -0.34743536 -0.100469664
7 0.20156905 0.5840165 0.0724499 0.9227645 0.13982049 -0.08948295 0.24542889 1.4534737
38 0.15001516 -0.53105396 0.9923637 -0.28351554 0.7912034 0.8149176 0.11210543 -1.216569
25 0.76925236 -0.28194106 0.48416188 0.45127442 0.707108 0.26710847 -1.0251589 -0.70711434
45 -0.5538097 -0.24510868 1.1662934 -0.36524507 0.74437344 0.4213054 0.6926094 -0.390496
4 0.02569976 0.1724358 0.81395715 -0.34655604 0.2689927 1.2631565 0.089350075 -0.6789909
14 0.73589355 0.30751497 0.29329148 0.38776016 -0.097333275 1.3955746 -1.1124542 -0.84064466
9 0.9985759 0.15591134 0.5531978 -0.19440213 0.13810888 1.3122214 -0.96359104 -0.85631764
21 0.66078365 0.12774974 -0.03560776 1.9344904 -0.7213229 0.5156566 -1.0739868 0.3210949
3 0.384332 0.50034904 0.08186124 1.5821817 -0.019426182 -0.2344644 -1.0040514 0.574183
2 0.21121287 0.708736 0.3216027 1.5790361 -0.26335216 -0.59539425 -0.85673565 1.0073302
11 0.809675 0.06933605 0.47341087 0.23480292 -0.181424 1.6127524 -1.3723153 -1.2605511
13 0.30632213 0.6441757 0.22590034 1.6629368 -0.33387682 -0.2579312 -0.8993938 0.62094206
5 0.77309936 0.8390794 0.19673568 0.5394531 -0.32461149 1.1090502 -0.15644112 -0.10687942
33 1.040202 -0.12157414 -0.07028455 2.1898394 -0.62042636 0.38057482 -1.3873923 -0.012377582
32 0.78979677 0.18378732 0.13226627 2.2084637 -0.53690916 0.11936704 -1.139589 -0.6345808
35 0.5892661 0.16542855 0.28143337 1.969812 -0.51073766 -0.17616369 -1.056466 0.22605589
22 0.47970936 0.08036284 0.045037996 1.99167 -0.41592583 -0.10142372 -1.4247768 0.6438496
37 0.865103 -0.05864501 0.050282404 2.0130239 -0.77346855 0.4708062 -1.1643546 0.07225703
48 0.21914601 0.17775172 0.609008 -0.09351881 0.33001626 0.6972842 0.45767292 0.15510446
47 0.4771232 0.20687106 0.5545041 -0.13837919 0.17962137 1.3812541 0.56547266 -0.61725754
