50 8
4 -0.85012877 1.4826329 0.8836621 -0.054777067 -0.9890652 -1.3612739 0.4609352 1.2686591
18 1.5982424 -1.1198074 -0.3585897 0.79599684 0.993213 0.9616275 -1.1256324 -0.41204906
27 -0.9166454 1.374066 0.9398415 -0.04243893 -1.1758583 -1.0323045 0.31322032 1.4140872
9 -0.5932055 1.9188699 -0.013247768 0.3588563 -1.2151029 -0.83784175 0.6619521 1.415403
34 -0.45886058 2.168754 -0.3312182 0.009141552 -0.94701475 -0.9619206 0.6467831 1.2677071
36 -0.6719295 1.1145501 1.1015177 -0.18165697 -0.69764984 -1.2073026 0.3640489 1.1750784
20 -0.19473016 0.051307946 1.6345752 -0.122240156 -0.090578474 -1.6816955 0.025708403 1.0128713
28 -0.74230176 1.0818259 1.1923265 -0.36299312 -0.8473593 -1.0720199 0.18939081 1.1493045
41 -0.80747056 1.3901819 0.6663914 -0.040898822 -0.946501 -1.0052271 0.21810639 1.2847078
24 0.06552355 0.21189603 0.46635413 -1.2248933 1.7443262 0.44336665 -0.88603425 -1.7717731
11 -0.7385705 2.3085968 -0.3810682 0.44667953 -0.9863496 -1.0634174 0.8072387 1.4763333
26 1.4504302 -1.6583271 0.59899604 0.7038509 1.0743034 -0.35341585 -1.0591668 0.3354281
0 0.21148679 -0.10014102 0.5737388 -0.8095016 1.466098 1.2533103 -0.98969764 -1.950971
12 0.20682195 -0.10367018 -0.099784054 0.25634086 0.4656495 2.3792737 -1.1818843 -1.3361835
8 1.9974098 -1.8913565 0.10150843 0.9328662 1.1761869 0.23342541 -1.1576046 0.2789207
16 -0.022899248 1.0832266 0.05955897 0.3434949 0.19128774 -1.9185458 0.3271779 0.35404083
38 -0.61243004 1.4446719 0.55689955 0.17415754 -0.94668883 -1.106451 0.46068424 1.0213693
43 -0.67775977 0.8384693 1.228017 0.16551813 -0.81615853 -1.1191143 0.3518606 1.4036804
19 0.59527105 -0.34969202 0.58797675 -0.87930125 1.8566937 0.25787768 -0.8306413 -1.5734724
3 0.29406667 0.17864656 -0.124994725 -0.56925493 0.6292259 2.5235302 -1.2154782 -1.9360439
14 -0.6753745 2.0112374 -0.55910164 1.1632339 -0.87528515 -0.57447886 0.7354012 0.5048606
40 1.7023821 -1.0748945 -0.35042608 0.6066587 1.2202744 1.3259436 -0.9825224 -0.5630015
32 1.3962471 -0.19626239 -1.0744884 1.8475157 -0.6423297 3.619958 -0.7541864 -1.1947124
5 -0.7086953 1.9572146 -0.03826232 0.20111397 -1.2406969 -0.42705017 0.54011947 1.4032937
23 0.23605545 0.1742384 0.7120466 -1.4874136 1.8593652 -0.12875652 -0.70457006 -1.5968658
30 1.9251285 -0.92722034 -1.033224 1.334541 0.3861696 2.1637075 -1.0372329 -0.30114588
15 -0.38521704 0.48323816 0.93348914 -1.3638577 0.97968054 0.42754066 -0.5471116 -0.94316065
17 -0.68501884 1.3987883 0.627962 0.0658908 -0.8398074 -0.9442781 0.5213545 1.4469056
6 0.08994307 -0.5184898 1.8174331 -0.15793996 -0.42911965 -0.93095946 -0.1893955 1.4556935
35 1.0034158 0.6349041 -1.6248885 1.582135 -1.4017521 3.8602145 -0.7435971 -1.1178408
10 0.17573822 -0.9584699 2.0615618 0.20512553 -0.7619759 -0.598792 -0.39533627 1.4332181
31 1.5427392 -1.2552176 0.21208912 0.2532323 1.57219 -0.16219842 -0.89561933 -0.26631477
2 -0.09598649 0.5758178 0.10543759 -0.8604719 1.2522606 1.4507189 -0.76942945 -1.9344101
37 1.1205761 0.21615824 -1.5978255 1.6334519 -0.6078851 3.7738488 -0.9124409 -1.1228032
25 0.5213807 0.44568563 -0.17104375 -0.096356735 1.0968251 -1.6257545 -0.2643114 -0.436265
22 1.0452806 0.43125752 -1.8457409 1.8394389 -1.1284109 4.011222 -0.9753341 -0.8558768
1 -0.47799724 0.77285933 0.9964752 -1.1875876 0.80612147 -0.60615224 -0.13355346 -0.45932126
33 0.6623601 0.8110038 -1.615378 1.996147 -1.5991073 3.7421832 -0.59649897 -0.976503
21 0.39200583 0.9705556 -1.1557736 0.8326691 -0.988748 3.3339229 -0.6553512 -1.4939154
13 1.6362426 -1.8977903 0.2944938 1.4736899 0.43018717 0.88389957 -1.1356524 0.52920395
7 1.3822544 -2.0106595 1.0707065 0.9258802 0.3256545 0.34914586 -1.047886 0.8458181
29 1.05512 -0.078139715 -0.402522 0.83838254 2.0194862 -1.5374464 0.02370325 -0.68290824
44 1.7992045 -1.0408071 -0.5196547 0.8442667 1.4722327 0.37794054 -0.77413803 -0.45621312
42 0.0855723 -0.08352221 0.8120193 -0.44765434 1.2452017 -0.65040433 -0.34003678 -0.3488185
39 0.89471525 -0.014311457 -0.71096873 -0.46233904 1.0333642 1.0359515 -0.92978865 -0.16097943
49 -1.0925708 2.2917635 0.10086783 -0.010364848 -0.88253415 -0.97028947 0.70047826 1.2226435
46 -0.7277097 1.7418996 0.268023 -0.041856576 -0.8772844 -0.693233 0.44467798 1.0513171
45 0.21794194 0.51535606 0.44297805 -0.16749884 -0.022372255 -1.1660783 0.09131158 0.7308617
47 -0.80034834 2.0605705 -0.13127786 0.11438705 -0.6314942 -0.19907567 0.71191794 0.9292781
48 0.120617725 0.69846636 0.01951805 -0.17319544 0.3119269 -0.16491435 -0.06171495 0.016262012
