50 8
43 0.088766135 0.67843014 -0.28613403 0.83228034 -0.90654135 0.06484163 0.6707098 -0.4922284
19 -0.47596553 0.29847193 0.817529 0.05812971 0.42299798 -0.6839303 0.005258397 0.019269863
26 -0.69219905 0.18427886 0.6712596 0.17508292 0.36824644 -0.7082215 -0.6060973 0.31940225
17 -0.39117882 0.38589728 0.34555322 0.19609712 -0.5022531 -0.57739896 -0.072863184 -0.6835342
29 -0.13067108 0.62407494 0.34871322 0.2747999 -0.5833431 0.42100474 0.19379577 -0.27076253
24 -0.6512586 0.49475306 0.6906467 0.0025074165 1.0124336 -0.29138756 -0.27342042 0.47592425
1 -0.41756645 0.7378266 0.08225528 0.032212168 -0.7448872 -0.15091202 -0.07267502 -1.1952708
23 -0.75229186 0.15454121 0.5503134 0.44923344 0.43357927 -0.021359326 -0.46555167 0.6289664
37 -0.7712537 0.32333162 0.9682963 -0.1058402 0.7603574 -0.01792737 -0.3192772 0.4386013
36 -0.14863953 0.74999106 0.022781726 0.3399617 -1.0685762 0.37814957 0.25848168 -1.0901698
27 -0.122672096 0.76222605 -0.0064407457 0.3407323 -1.1247379 0.30202654 0.3035626 -0.9142419
2 -0.5527708 0.17287217 0.9045669 0.34520668 1.0045304 -0.6774053 -0.004914782 1.0061761
42 -0.7617543 0.5404705 0.45316947 -0.27246654 -0.5147672 -0.3119251 -0.14182882 -1.0805715
39 -0.7490288 0.30065268 0.74928725 0.13883673 0.5791621 0.18415822 -0.61007845 0.59012014
16 0.15008162 0.80693436 -0.00412717 0.4704495 -1.2371495 0.34177253 0.33486974 -0.91386056
25 0.215977 0.8988073 -0.09605225 0.54239434 -0.49633494 0.6800175 -0.46903396 0.5715343
6 -0.7668435 0.14957385 0.6796414 0.06464522 0.27422443 -0.7976072 -0.6436305 -0.16422698
18 -0.6177592 0.35326913 0.90401053 0.1428701 1.0796 -0.28390253 -0.28770775 1.1684532
15 -0.63182545 0.45292875 0.7336981 -0.28028965 0.18161824 -0.83287144 0.031270646 -0.4978631
45 -0.5567284 0.53715706 0.49501663 -0.14825264 -0.372294 0.05069641 -0.5593787 -0.8692491
28 -0.17748334 0.59098935 0.60006773 -0.04414671 -0.79609334 -0.16693377 0.4868545 -0.88874036
8 -0.7295539 0.35229397 0.7303596 -0.042740874 0.739831 -0.8849964 -0.22460966 0.23997547
3 -0.4835848 0.557124 0.7241862 0.17997774 1.3018236 -0.3864751 -0.14467232 0.94228035
0 -0.5843035 0.3561837 0.947483 0.18239564 1.1517674 -0.12421092 -0.1490404 0.9603812
20 -0.28365657 0.42294082 0.41035312 0.14980775 -0.69499266 -0.46346894 -0.15068473 -1.0849437
40 -0.04722978 0.7298736 0.1923549 0.66749686 0.5126139 0.7299083 -0.09455717 1.056982
31 -0.5893172 0.35964322 0.49222702 0.4433349 1.0308869 -0.26664215 -0.5699164 1.0169096
34 -0.033454385 0.7765178 -0.23256522 0.56108814 -1.4347302 0.3212539 -0.025598662 -1.1347882
30 -0.32631126 0.5291497 0.574271 0.61387604 1.2351067 0.35084835 -0.31636778 1.4565327
49 0.094797105 0.8478188 -0.06939696 0.5301183 -1.2815899 0.57120156 0.2849475 -1.072549
21 -0.43595284 0.2148023 0.774818 0.6325774 1.1284504 -0.26759362 -0.29412082 1.2880442
7 -0.35032305 0.20350738 0.8329584 0.5181154 0.9485969 -0.59695125 0.23544072 0.9499737
38 0.18147242 0.8770272 -0.334472 0.61616987 -1.6086063 0.18207927 0.07324776 -1.2634385
11 0.09540069 0.79505014 -0.28624138 0.69403875 -1.3237112 0.5816742 0.013694548 -0.86972994
35 -0.23207049 0.06484195 0.19909234 1.2347273 0.6176275 -0.3579129 -0.4062907 1.3016603
10 0.07535806 0.7656534 0.89919436 -0.012471573 0.61450094 -0.13166831 1.0427058 0.09165643
5 0.047471613 0.55512273 0.15647382 0.46095115 -1.1116675 -0.37419453 0.5758032 -0.9242262
41 0.28792614 0.80444276 -0.384242 1.0075915 -1.1269985 0.56923604 0.16974542 -0.56358993
13 -0.36942667 0.32878616 0.9682935 0.33928818 1.0476022 -0.031702228 -0.01783865 1.1691806
4 0.5651065 0.83261615 -0.47224292 1.257666 -1.8951946 0.50589603 0.55022186 -0.7362264
44 -0.43005806 0.6322314 0.39122316 -0.1027503 -0.2710397 0.04733531 -0.7421632 -0.5315144
12 -0.21278408 0.49964148 0.502727 0.7752109 1.287222 -0.42902416 0.18447825 1.6726304
47 0.18102501 0.9707726 -0.62917924 0.83826715 -1.5496591 0.743237 0.28542057 -1.0151997
9 0.404116 0.8995277 -0.56936514 1.1307427 -1.7024665 0.51332396 0.6124108 -0.7503607
33 -0.0131555 0.32862136 0.4204705 0.9920802 0.93837583 -0.69668484 -0.3765323 1.8392167
32 0.011830533 0.43267074 0.40098703 1.032101 0.9494316 -0.09375445 -0.16304076 2.0352395
14 0.641254 1.002877 -0.5874703 1.2019639 -1.3247662 0.9609535 0.2060625 -0.0082013495
46 0.3531274 0.87872434 -0.43913823 0.9568521 -1.3441057 0.60494953 0.37354383 -0.26558745
22 -0.2437851 0.25984108 0.4580955 0.950241 0.94520164 -0.061909553 -0.32528397 1.3475718
48 0.46804813 0.6555209 -0.58079314 1.2734894 -1.2200744 -0.042872842 -0.06337852 0.0035411224
