50 8
40 -0.71046144 0.015275758 -0.032665823 0.29258355 1.4533329 -0.012341895 -0.53093684 -0.43700942
28 -0.43418548 -0.1690677 0.7820709 -0.64517313 1.1543113 0.5396321 -0.20376119 -0.3946805
42 -0.54930705 -0.27084002 0.5168416 -0.4633101 1.224756 0.31036428 -0.30766547 -0.1643422
17 0.14298245 -0.10281855 1.0120431 -0.4862749 0.32792193 0.7696747 -0.05724974 -0.133637
1 -0.25162962 -0.13196851 0.7065602 -0.13678358 1.0132234 0.7169586 -0.07011835 -0.7593341
15 0.3895959 0.4168116 0.45217806 0.9405284 -0.5670554 -0.17895088 -0.163405 0.78469753
34 0.21955101 -0.18946563 1.0358493 -0.47404853 0.66552174 0.8954442 0.030758897 -0.52745634
36 -0.5509847 -0.26634315 1.0510052 -0.62409854 1.047412 0.76447606 0.061307147 -0.6222716
49 -0.0782204 -0.2752642 1.0081143 -0.34382275 0.83001447 0.856789 0.16002177 -0.6455918
4 0.91621906 0.061771963 1.1329151 -0.27638555 -0.41645142 0.5786431 0.03542108 0.42740157
10 0.18377611 0.23437013 0.14754872 0.88393396 -0.5977058 -0.4187258 -0.61719453 1.1752129
23 0.16216518 0.046093095 0.5045369 0.39291593 0.9198033 0.4465134 -0.089961655 -0.78689504
9 0.901341 -0.067579195 1.2743735 -0.41302234 -0.48129588 0.5527835 0.2756022 0.67967904
45 -0.65029526 -0.18014616 0.6278797 -0.5652532 1.2722358 0.5670094 -0.27375162 -0.39524302
18 -0.5894085 0.10126232 -0.31999123 1.3338453 0.15904802 -0.69190073 -0.49819025 0.8392871
27 -0.30474535 -0.47552752 1.0569923 -0.80485594 0.9516916 1.0011567 0.1094629 -0.43372586
41 0.1615048 -0.14517076 1.0687655 -0.34392333 0.7614561 0.7990136 0.04428861 -0.7927534
6 -1.0370307 -0.5625537 0.5051129 -0.55573785 0.6315627 0.70374936 -0.2415479 0.44060755
29 -0.7979463 -0.10550363 0.15025379 -0.25316444 1.2415746 0.28701958 -0.42875925 0.11807176
38 -0.12226265 -0.055120263 1.0036702 -0.426968 0.97244483 1.0587053 0.12864514 -0.88697463
31 -0.77123016 -0.12312735 0.233791 -0.3787106 1.4106927 0.42628688 -0.46152532 -0.13155265
44 -0.598462 -0.30322117 0.5751337 -0.5987084 1.3560827 0.4109891 -0.47432548 -0.448364
43 -0.28058356 -0.1302738 0.53696734 -0.40188503 1.3976895 0.26256424 -0.26183766 -0.42878017
48 -0.1788221 -0.23843378 0.84774035 -0.6478987 1.0205669 1.0816414 0.019609377 -0.40170425
25 0.83772945 0.08299177 0.39850742 0.53473425 -0.16511567 -0.050870333 -0.33976543 0.5786907
14 0.8399817 0.16774304 0.640225 1.0242301 -0.8921298 0.118273765 0.13016468 0.795782
46 -0.16708994 -0.06287401 0.97169304 -0.6273087 1.0413897 0.77717036 -0.041415717 -0.6308069
20 -0.06654225 -0.48249432 0.95699817 -0.5221658 0.5022599 0.9917925 0.24417637 0.008423435
19 0.3384207 0.6026847 -0.03666902 1.3203614 -0.32675093 -0.9088794 -0.6156707 1.0261986
47 -0.39982212 -0.2971668 0.8226968 -0.40450457 0.95200974 1.0972443 0.08827534 -0.5847585
30 -0.14834517 0.45032382 -0.22948506 1.4587175 0.17263195 -1.080117 -0.85987395 0.46139935
11 0.5539538 -0.37396088 1.2508694 -0.7570772 0.33980143 0.81636405 -0.06305026 -0.249324
24 0.5540486 0.57122636 0.006283586 1.4636558 -0.24660936 -0.8728782 -0.46687707 0.81072074
37 0.38859633 0.161348 0.0857833 1.1840278 -0.4747289 -0.95200616 -0.5366326 1.2655587
7 0.15890354 0.37785447 -0.15866756 1.2688255 -0.02236974 -1.0838718 -0.7360784 1.0469611
16 0.41717717 -0.27291203 0.8853925 -0.6483375 0.114179336 1.2266425 -0.051472053 0.28680858
33 0.591015 0.24380684 0.09467875 1.7132941 -0.8777985 -0.4536393 -0.30865973 1.078727
2 0.48415217 0.4285649 0.19486152 1.6204592 -0.98314834 -0.5484582 -0.2577405 1.2010295
21 0.6723853 0.2907899 0.23965624 1.6689177 -0.97135556 -0.466215 -0.29893076 1.0177108
32 0.33995953 0.51156485 0.003431521 1.5052712 -0.67531115 -0.63011295 -0.5938336 0.9802443
0 0.64939314 0.45603386 0.17757817 1.426257 -0.71028686 -0.57640725 -0.40535203 1.0510175
26 -1.237232 -0.39948615 -0.31295264 0.7161217 0.6802331 -0.20898668 -0.30918968 0.77949256
3 0.86603016 0.23195219 0.26314408 1.609924 -0.7480751 -0.5272509 -0.3498116 0.722529
13 -0.4227865 0.28161252 -0.42199922 1.4739245 -0.19977996 -0.74047905 -0.6196768 1.3183262
8 -1.5467703 -0.106313795 -0.43636867 0.65213346 0.70887893 0.06574663 -0.608867 0.59948033
22 0.48172587 0.35918286 0.35858965 1.1966423 -0.8399695 -0.69592565 -0.38990372 1.2223701
39 -0.11123554 -0.20060775 0.72264 -0.3660984 1.3015045 0.5326223 -0.18580426 -0.76328915
12 0.13107774 0.7225495 -0.1331394 1.5010666 -0.09050552 -0.8906918 -0.612436 0.71043146
35 0.3933951 0.2883175 0.091351725 1.6521342 -0.7655481 -0.67581546 -0.3301733 1.1301285
5 0.9925118 0.44917712 0.708566 0.72952116 -0.9365639 -0.03891616 -0.03977075 1.1064883
