50 8
40 0.5217719 0.88532287 0.16346996 0.93878645 0.35129052 0.37984744 -0.42399818 0.55653757
41 0.44535717 0.5885879 0.24634054 0.36686784 0.84443 0.78349566 -0.6254442 0.107653484
1 0.31434014 -0.13833165 0.91130406 -0.5241465 0.48348725 -0.07308854 0.2787486 0.21508391
43 0.05040789 0.54997545 0.35994095 0.3823582 0.762001 0.49654987 -0.41882345 0.16402492
19 0.4356236 0.55845886 0.5283302 0.3637069 0.47348896 -0.004903902 -0.57295513 0.27875075
39 0.2974334 0.7149073 0.5578137 0.76918584 0.705276 -0.17955992 -0.83526456 -0.030697966
42 0.40335548 0.10659963 0.6879601 -0.20400488 0.9309196 -0.04206328 -0.4766104 0.050649974
25 0.76706916 0.27585393 0.6275386 0.078132525 0.8326873 0.07409737 -0.87094593 -0.0012580483
28 -0.50386316 0.6623393 0.27989247 -0.23185022 0.37704295 0.644969 -0.120287426 0.74047285
24 0.6216022 0.61617184 0.5965188 0.37385163 0.425595 -0.21637774 -0.6845558 0.30537975
44 0.58395445 0.19633457 0.59688246 0.6948858 0.849283 0.24402244 -0.70316684 -0.235822
2 0.5915716 0.41575536 0.7532586 1.0315081 0.34363088 -0.43220183 -0.50163925 0.027241496
23 0.9435326 0.38236445 0.9126147 0.41216692 0.48628 -0.50877166 -0.52656275 -0.084305875
14 0.52258116 0.23029117 0.6448412 -0.6750999 0.6478947 0.2694738 -0.6960309 0.3309053
49 -0.280728 -0.3239306 0.925938 -1.1561509 0.79006267 0.14549255 0.03951833 0.22933236
36 0.0029169214 0.13838919 0.82203585 -0.9500797 0.6352589 0.6863984 -0.3720967 0.03752871
34 0.06539181 0.2319839 0.629667 -0.8212892 0.80630183 0.5621081 -0.68990266 0.16841727
16 0.33117765 -0.060206678 0.9309775 -1.0171912 0.6481022 0.01625563 -0.23840249 0.21619563
45 0.03459424 -0.080366954 0.97730875 -0.78725725 0.5611454 0.44590384 -0.2887119 -0.064081736
35 0.6298779 0.28260458 0.8331298 1.1267375 0.5685488 -0.486852 -0.5051819 -0.21444951
48 0.4589827 0.231845 0.6414034 -0.5231997 0.5419317 0.2059322 -0.37220055 0.39720416
18 0.5902823 0.5312071 0.5920124 1.440564 0.31953523 -0.24954192 -0.49247763 0.09066047
46 -0.5056519 -0.33006462 1.0010083 -1.1708766 0.6217635 0.29186165 -0.115998425 0.21348712
4 -0.7579428 -0.24586688 0.7731273 -1.2702156 0.34522384 0.69293785 0.17469782 0.6501385
22 0.7939134 0.37264475 0.6075593 0.8403719 0.7724336 -0.4278717 -0.8181334 0.0011367177
0 0.3738916 0.31868047 0.5453 1.2334383 0.367025 -0.49935678 0.26425895 0.34446308
29 -0.3038448 -0.2140603 0.6578281 -0.30354208 0.46086323 0.46286678 0.0927876 0.4023832
33 0.3725267 0.294068 0.45065817 1.0239727 0.2697156 0.441607 -0.12689123 0.24018015
37 0.42098182 -0.31399992 0.84614813 1.5034568 -0.12709914 -0.93891746 0.17300986 0.5195833
31 0.013688161 0.26490784 0.1336394 1.1032078 0.23115735 0.41265118 0.23852897 0.8139566
15 0.33848348 0.51654345 0.678438 1.1300659 -0.013102955 -0.57422245 0.047985066 0.4793034
20 -0.7788458 -0.56638277 0.8921988 -1.3006699 0.18565084 0.39100808 0.57544523 0.85689026
12 -0.7755086 0.24103513 0.06393194 1.6007829 0.042225316 0.6067597 0.20715158 0.8868543
30 0.3988726 0.7624576 0.38213187 1.9739078 -0.21278937 0.28886142 -0.07236548 0.41302037
27 -0.2120733 -0.6189127 1.2534912 -0.7785556 -0.07967573 -0.3374357 1.2965798 0.57585734
3 0.89090854 0.021947073 0.85258967 1.230412 -0.07971735 -0.84874886 0.41408297 0.4228037
26 -0.5680013 0.083281204 0.4905966 1.1416934 -0.7953162 0.019150846 1.0848019 1.3316153
5 -1.0169582 -0.9200735 0.89368874 -0.721156 -0.40619108 0.44453427 1.4695096 1.2386154
11 -0.45866442 -0.33386895 0.79564065 -1.3098974 0.38392192 1.057015 0.15210684 0.4471994
38 -1.3243661 -0.30399063 0.5167533 -0.19940574 -0.5718147 0.9566416 1.1549678 1.3975812
32 0.37726805 0.7992086 0.4043659 1.3377846 0.1599774 0.6393827 -0.25826505 0.042452365
21 -0.8604618 0.030243186 0.1604363 1.5634992 -0.4725314 0.9419246 0.28349686 1.0767404
17 0.19741417 -0.8660781 1.2583648 -0.47234 0.0027241262 -0.5996578 1.0215353 0.54535145
7 -0.6762282 0.33627623 0.019632475 0.82409674 -0.5736767 0.5672791 1.1769298 1.7741014
9 -0.47377023 -1.1465474 1.3483194 -1.8112134 0.20800366 0.14674635 1.0103924 0.60797447
13 -1.1064427 0.81804 -0.33543164 1.6726202 -0.15595679 1.567794 -0.045201734 1.2076468
6 -0.9492863 -0.9389458 1.2595652 0.010322374 -0.6008014 -0.29654574 1.7105682 0.8299855
8 -0.64043146 0.3114372 0.14639191 1.3815036 -0.4123241 0.5517166 1.0281142 1.259363
47 -0.6053074 -0.7688563 1.2418141 -1.3979859 0.19287808 0.33173996 0.6553082 0.39831984
10 -1.1158335 0.3402452 0.21537511 0.3202082 -0.8346244 0.9536901 1.6328511 1.7464074
