50 8
19 -0.0929284 0.28827032 0.1711929 0.6791452 0.20757239 -0.42990127 -0.6019431 0.36331522
49 0.067320615 0.12379092 1.2195711 -0.37420687 0.51653415 0.8071788 0.2226378 -0.063278414
36 0.4912555 0.44372028 1.3459314 -0.5922654 0.44492415 0.91299653 0.3112202 -0.1092481
40 -0.23804979 -0.08492116 0.10145941 0.5931108 0.65056443 0.6992555 0.56369436 0.1733104
4 0.43611512 0.30051184 1.2062658 -0.3659064 0.28227186 0.6577765 0.071062 -0.057715863
20 -0.13834614 0.022515777 0.95406663 -0.115630135 0.28650683 0.87111545 0.5206044 0.22833075
45 0.1792415 0.023033004 0.92455214 0.018899977 0.43692932 0.94893086 0.55152583 -0.10538861
28 -0.21401368 0.27112 0.983527 -0.30045128 0.33738226 0.85612595 0.5812791 0.40749133
1 0.23528694 -0.11271051 1.1976334 -0.1590965 0.58482987 1.08407 0.38645437 -0.39178857
16 0.36327034 0.41461393 0.5607302 0.1346325 -0.17572664 0.424927 0.016321415 0.41630003
6 -0.742595 -0.24859 0.353337 0.49262798 0.5369364 0.53228146 0.43117672 0.3568881
34 0.3655595 0.031341203 1.3708183 -0.4532107 0.43010575 0.9915394 0.23738985 -0.14678055
27 0.16876131 0.3227953 1.2077845 -0.48921886 0.3793718 1.0356804 0.62878585 0.15263967
23 0.4124733 -0.0003553503 0.8593832 0.14696379 0.46719712 0.4067351 -0.3585717 -0.39234176
14 1.1379267 0.4213255 0.51245874 0.42589232 -0.25486463 -0.40810713 -1.0080732 0.042217333
41 0.27143285 0.35104764 1.2937568 -0.5392299 0.49419394 1.0630022 0.45592037 -0.023114536
42 -0.39896926 0.07548535 1.1240152 -0.36781493 0.8850612 0.7583505 0.67189616 0.22521134
38 0.70216596 -0.02123543 1.0704631 -0.08834447 0.54072684 0.8674728 0.16439103 -0.43832123
46 0.6068751 0.6331759 1.4907378 -0.69203657 -0.088485934 0.36165866 -0.64163196 -0.014323652
2 -0.26658309 0.049656477 -0.51121366 1.4309024 -0.29211348 -0.6935121 -0.73859036 0.89915633
43 -0.37681308 0.26066458 1.0797539 -0.35397464 0.90103954 1.0428635 1.0384209 0.14475408
15 -0.67605925 0.5898085 0.056296077 0.46486625 0.18771914 -0.024996474 -0.20997286 0.7406375
31 -0.31482264 -0.08817109 0.6855195 0.040991273 0.8627363 1.4174074 1.0191497 -0.006557701
11 1.3369049 0.61899936 0.68497187 0.080995664 -0.033805918 -0.3359294 -0.96898437 -0.028180672
24 -0.18230124 0.035455618 -0.19158088 0.9391897 0.07436264 -0.40108255 -0.59186316 0.7224787
18 -0.56239843 -0.07973655 -0.9849048 1.8174655 0.019268636 -0.6492767 -0.4843442 1.0129895
47 0.2939849 0.13582146 1.3172315 -0.39656812 0.41364184 1.1914706 0.48977026 -0.24655207
29 -0.26521063 -0.30525896 -0.10865974 1.0296332 0.7815798 0.4420692 0.4844924 0.05404071
12 0.07384559 0.2920697 -0.62132084 1.5089282 -0.14122 -1.0030785 -1.0579785 0.7859265
37 0.24009635 0.33503234 -0.52263975 1.3476261 -0.32535443 -1.1310865 -1.0904666 1.0124499
17 -0.42991108 0.64505213 0.8581932 -0.3655807 0.36184478 0.5260561 0.48907667 0.63153934
13 0.06426779 -0.014863074 -0.84381694 1.7492669 -0.02796646 -0.78203917 -0.82302517 0.71293896
10 0.027801538 0.48853934 -0.3117498 1.0204061 -0.2608012 -0.5089611 -0.70844114 0.7469277
21 0.62430286 -0.09421232 -0.5058591 1.5725863 -0.49765006 -0.6644156 -1.0911759 0.5826502
3 0.94231766 0.2731558 -0.34276363 1.1577134 -0.21941194 -1.2690415 -1.3819823 0.80451953
8 -0.64496124 -0.28592744 -0.45619544 1.2398684 0.29001433 0.3008364 0.2546484 0.6258868
48 0.019610224 -0.18398318 1.0182339 -0.083599985 0.9811088 1.4200041 0.98885566 -0.31107304
25 0.83727694 -0.06355109 -0.47308815 1.3773483 -0.17297068 -0.6829837 -1.3274788 0.4263721
39 -0.13158351 -0.20236632 0.85004854 0.14356978 0.98251164 1.3383006 1.0871081 -0.34555706
26 -1.1889583 0.3226085 -0.09993579 0.6562098 -0.21140581 0.1334133 0.47141734 1.3773332
7 -0.2459218 0.096895345 -0.9767364 1.8084588 -0.16480574 -0.7888845 -0.68458956 1.075796
44 -0.11766504 -0.29973814 0.8072435 0.045986272 1.1458025 1.3110098 1.0594261 -0.24911584
5 0.28766388 0.993057 1.2956327 -0.7842223 -0.3355321 0.22934143 0.021530678 0.74733853
22 0.5635607 0.03424412 -0.39273113 1.3554782 -0.30844375 -1.0590103 -1.5169562 0.7305649
0 -0.1102807 0.4520859 -0.7790736 1.5395958 -0.12852603 -1.041874 -1.0754873 0.9273164
33 0.6066028 0.10059464 -0.6409304 1.6761944 -0.43071657 -1.2295811 -1.6581274 0.7545656
35 0.44891363 0.19449101 -0.6533682 1.5496624 -0.3489795 -1.1204351 -1.2104497 0.9397711
32 0.44058132 0.20305127 -0.65345556 1.6308608 -0.3861764 -1.0065521 -1.1994982 0.8128842
30 -0.14479303 0.30242893 -0.7717314 1.7169832 -0.098067045 -0.9520933 -0.91903406 0.74007225
9 1.046496 0.31136158 1.3290927 -0.40069988 -0.038602673 0.608165 0.20726173 -0.04848048
