50 8
17 -0.21968448 0.13608602 0.39906093 0.1216103 0.073113196 -0.8440702 -0.25557676 -0.7201482
20 -0.7536094 0.28256267 0.26316983 0.38227654 -0.4546728 -0.23371783 -0.27659956 -0.8380529
1 -0.43426698 0.55238575 0.16966845 0.41943163 -0.418498 -0.32229352 -0.14950998 -0.93408674
48 -0.6198345 0.35454613 0.16949764 0.4928617 -0.6996838 -0.4884601 -0.38240442 -1.2902259
41 -0.8233804 0.44809067 0.18046759 0.47821608 -0.70366126 -0.419954 -0.3203047 -1.48978
26 -0.4900735 -0.21501508 0.8677536 -0.19968033 -0.09900525 -0.970841 -0.2849419 -0.9465585
6 -0.7482221 0.16530137 0.17324398 0.3354555 -0.6336291 -0.85289425 -0.44057804 -1.1875615
49 -0.77215755 0.305343 0.4376595 0.3482107 -0.7355045 -0.3701087 -0.30107287 -1.4031041
9 -0.089675255 0.80152017 0.042212695 0.4384235 -0.434581 0.37946805 0.24506149 0.63201046
4 -0.89281565 0.5021428 0.06588313 0.75900805 -0.48083812 0.1147461 -0.15973087 -1.1950352
45 -0.7055525 0.4236057 0.33288231 0.33283895 -0.7593474 -0.62331235 -0.44583607 -1.6397877
36 -0.6394638 0.5664514 0.28792328 0.39642754 -0.7286701 -0.29043496 -0.1324363 -1.3205305
27 -0.83813053 0.17706943 0.21779773 0.45630342 -0.82122535 -0.55234104 -0.5006184 -1.480013
31 -0.70779365 0.16615997 0.3121012 0.30325526 -0.8433081 -1.0340244 -0.37052062 -1.6597174
34 -0.8869675 0.34338763 0.20330787 0.6265926 -0.8581639 0.01204755 -0.27497774 -1.3224577
16 -0.5023338 0.20005846 0.64081335 0.14363027 -0.41572118 -0.43184075 -0.07058912 -0.9781843
43 -0.7725046 0.109810896 0.3780326 0.31108537 -0.9417551 -0.92134565 -0.39705747 -1.5586277
46 -0.7171848 0.3063051 0.23396356 0.3353736 -0.7880016 -0.8402504 -0.32198593 -1.532033
24 0.37258953 0.22472492 0.46238545 0.28044635 1.1867573 -0.067917645 -0.0171818 1.8136246
10 0.3963956 0.49766394 0.32309273 0.4692816 0.4395457 0.36301246 0.26042882 1.5838248
38 -0.74943006 0.2666456 0.3799647 0.3314318 -0.8505345 -0.545567 -0.4109788 -1.5460209
33 0.4456193 0.7307517 0.21348996 0.47859097 0.99780166 0.48687786 0.117195226 1.9658386
40 -0.45645723 0.1345537 0.5757423 -0.22797585 -0.005981822 -1.1165496 -0.34233633 -1.129672
19 0.5494564 0.17692697 0.63328767 0.24835426 0.9524915 0.13721842 0.067767866 2.060074
39 -0.6762229 0.27571523 0.33122146 0.19751307 -0.85136616 -0.9966292 -0.31157997 -1.4886829
8 -0.55497277 -0.097736225 0.58089226 -0.094209336 -0.3502909 -0.963626 -0.50695384 -0.98337746
37 0.39993346 0.28086492 0.7758999 0.2520477 1.1065962 0.54781395 0.15562676 2.0806706
18 0.4543261 -0.054532655 0.8393019 -0.08189334 0.6988532 -0.3305627 0.023749007 1.7707084
21 0.33890456 0.29925984 0.6352678 0.28714642 0.85545313 0.34815377 -0.00976745 2.059687
44 -0.82154435 0.23399015 0.34227094 0.34985936 -0.856209 -0.7326317 -0.4689472 -1.6555076
22 0.4883283 0.48681098 0.40930295 0.5168686 1.3172517 0.36841393 0.11305738 1.9604456
42 -0.6550508 0.060540248 0.5982168 -0.077220075 -0.36497158 -1.169221 -0.30321622 -1.5178726
0 0.4847258 0.5211892 0.46302736 0.21359916 0.88017994 0.1790177 0.13782087 2.2461016
2 0.29238778 0.22376184 0.58298105 0.47131738 1.0709084 0.42856643 0.033990983 2.0153415
13 0.5151624 0.15176998 0.67782897 -0.027511578 0.32166725 -0.24754906 0.1665719 1.8210825
14 0.20265798 0.7683339 0.23802069 0.5183206 0.11226173 0.7990299 0.10617357 1.4169476
32 0.43818727 0.35936743 0.55301845 0.27131644 1.0641812 0.19588807 0.15132098 2.1524496
3 0.40893874 0.24648559 0.68997663 0.27657762 1.1358345 0.41218752 0.08683628 2.1465132
28 -0.71026284 0.28671125 0.4835239 0.2601495 -0.85295385 -0.6629604 -0.21452762 -1.6223055
35 0.38225996 0.36196977 0.5002954 0.3662794 0.96314347 0.3964785 0.1527864 2.2110972
47 -0.8015446 0.34121057 0.33621797 0.40389013 -0.69108695 -0.5086087 -0.31784838 -1.5679936
30 0.6905744 0.2658594 0.3831214 -0.042694487 0.41600254 -0.6945105 0.056313846 1.6184192
7 0.8115326 0.4661485 0.47188872 -0.12392355 0.7699542 -0.4887724 0.09969357 2.126783
23 0.6013762 0.15427274 0.54417485 0.047666617 0.52022934 -0.3353533 0.1724323 1.8397233
5 0.15472014 0.48390475 0.23181735 0.71562374 0.087806866 0.6653932 0.21857308 1.406377
25 0.39182213 0.6562285 0.24706519 0.26260015 -0.22633867 0.29447553 0.09054585 1.622377
11 -0.92224437 0.2944259 0.15374574 0.9606045 -0.91940254 0.9864066 -0.21795106 -0.3235426
15 0.667309 0.40277678 0.62847584 -0.058341134 1.0068386 -0.23486708 0.3432531 2.102855
29 -0.49349624 0.59796035 -0.17051265 0.49091664 -0.6554168 0.0027586916 -0.15480162 0.060499176
12 0.58122087 0.12374192 0.6834153 0.12839538 0.9346963 -0.09988184 -0.003036152 2.1713686
