50 8
43 -0.6119693 0.51199067 0.8124648 0.029566485 0.54322845 0.5495058 0.32548985 0.094243445
19 0.3802438 0.28698725 0.18860859 0.5195524 0.037768 0.021406686 -0.1845344 1.0465797
28 -0.40610114 0.498652 0.71609294 0.013856996 0.5315996 0.75758374 0.2074652 0.01917232
48 -0.20941961 0.6250314 0.7362305 0.100216635 0.47317782 0.71949786 0.21528135 -0.15833192
24 0.5671441 0.75953907 0.44656166 0.45921257 -0.29810163 0.54767686 0.20334704 0.5211989
42 -0.64034134 0.13871105 1.0503463 -0.15790941 0.5282874 0.7237522 0.23468041 0.10020856
45 -0.27186447 0.19439328 1.1193138 -0.17327839 0.6266049 0.38873675 -0.06387494 0.21981713
1 0.1777657 0.32525527 1.1020458 0.1323185 0.093158014 0.78397596 0.37504855 -0.27250868
27 -0.42418382 -0.0047209105 0.68298256 0.004649148 0.7091011 0.84695596 0.07968585 -0.05447526
6 -0.9527745 -0.3786584 0.5519131 0.05779459 0.7667118 0.6700911 0.032611776 0.32826614
17 0.32388815 0.6639843 1.1354996 -0.23128252 0.1576955 0.6731833 0.35817027 0.44846
46 0.4590471 0.7659732 1.2707709 0.021333383 0.10049403 0.7658117 0.1885725 -0.41196
16 -0.00059446186 0.024186444 0.30997953 0.20342347 0.30523518 0.5285442 -0.10031028 0.78353876
23 0.28947777 0.42259043 1.0514851 0.14032845 0.26517817 0.8920398 0.20445406 -0.5810447
36 -0.1446375 0.27682826 0.92292255 0.12900166 0.31703055 0.84537816 0.27529073 -0.30315495
12 -0.10064072 -0.53201944 -0.055254977 1.1879567 0.6968879 -0.35641956 -0.4264334 -0.18237433
49 0.5385826 0.6799392 1.1414996 0.20000517 -0.07727272 0.72111225 0.30178759 -0.26640186
9 1.0516932 0.62537324 1.0443617 0.6996341 -0.42741585 0.16701096 0.101022206 -0.30802953
39 -0.8611821 0.059848014 0.48788774 0.5066639 0.4133262 0.7587542 0.4117772 -0.3717492
41 -0.3042291 0.42864153 0.88194865 0.24826014 0.52423424 1.0434316 0.2459822 -0.9693272
34 0.42394474 0.15047403 0.8079683 0.47432792 0.2936322 0.73923355 0.106230006 -0.7573798
20 -0.44618353 -0.11428937 0.6614062 0.041301638 0.4599212 0.14792809 -0.1339686 0.9077557
29 0.127621 -0.5724377 -0.08892234 0.85880643 0.83569497 -0.48074 -0.90049297 0.49409306
26 -1.1779734 -0.69744223 -0.008374037 0.44228628 0.77223134 0.1787219 0.07019958 0.8688526
14 1.2899052 0.40134767 0.296756 1.1169325 -0.25796556 -0.059648667 -0.4449507 -0.16345237
40 -0.87860405 -0.42958355 0.36881492 0.45904228 0.8151903 0.76745886 0.12849218 -0.5179995
44 -0.7570122 -0.66302836 0.42977017 0.36785343 0.96039283 0.3169182 -0.22534461 -0.07742493
4 0.27661583 0.65205556 1.3869876 -0.23171529 0.15486076 0.91890323 0.29898438 -0.14165656
10 -0.30503106 0.2729848 -0.12818082 0.6532634 0.011619195 -0.18774676 0.102479674 1.6391898
31 -0.8978454 -0.23457055 0.50637597 0.18135744 0.8059464 1.0139829 0.21061508 -0.36883312
37 0.90571535 -0.31600446 -0.18314277 1.2419477 0.089503795 -0.99587005 -0.74584496 1.3858109
38 -0.1596283 0.27573138 0.7228142 0.18350868 0.45805153 1.1841373 0.18953562 -0.72730553
15 -0.2623299 0.47451264 -0.09774508 0.8773951 -0.4294088 0.29548934 0.57175684 1.0513955
47 0.15527277 0.67346317 1.2136716 -0.037735615 0.12485351 1.1383556 0.50539863 -0.46045238
7 0.72926646 0.015034737 -0.40364274 1.2857107 0.19124873 -0.6709564 -0.2846798 0.9782183
18 -0.12161829 -1.0460075 -0.71485835 1.405722 0.5904728 -0.6921841 -1.0773648 1.0045167
21 0.7681795 -0.20743531 -0.8050845 1.9316744 0.20650077 -0.70019937 -0.91899425 0.25188556
3 0.5693398 0.014627281 -0.47501898 1.615414 0.29677215 -0.86533123 -0.6895643 0.4418037
5 0.76660925 1.4284775 0.61554337 0.40904295 -0.33848378 0.42354295 0.4836889 0.4396376
33 1.0631456 -0.007400985 -0.9290867 2.0657926 -0.36140102 -0.7335068 -0.4125945 1.0466337
8 -1.3266195 -0.78103065 -0.20847568 0.6191538 0.88826895 0.056817625 -0.25143233 0.7981504
25 0.5096627 -0.67475736 -0.20812841 1.0942758 0.55649096 -0.5135921 -1.0939147 0.588144
30 -0.45440057 -0.53862137 -0.34113914 1.4895581 0.41692874 -1.1185045 -0.59236926 0.8709734
11 0.9146401 1.1174936 0.7591266 0.49330282 -0.47460124 0.6379675 0.07547862 -0.034124464
2 -0.1287502 -0.6981949 -0.71778774 1.7120531 0.2509966 -0.5119114 -0.5816445 0.4243251
22 0.1259488 -1.0137506 -0.44330087 1.4042056 0.31362006 -0.72771436 -0.9245288 1.1358587
13 0.7440747 -0.5661504 -0.88984066 1.6433314 0.18957612 -0.6656608 -0.8578291 1.1247194
32 0.98605925 -0.516373 -1.2181392 2.165814 0.007840718 -0.6181879 -1.0555589 0.6157951
35 0.68905616 -0.8298224 -0.6443929 2.0596204 0.0036330821 -1.125172 -0.9213984 0.78504235
0 -0.2699657 -0.29549515 -1.0935854 1.6408564 0.26507294 -0.8548291 -0.48513556 1.5864103
