50 8
28 -0.0061343494 -0.014957793 0.32729006 -0.6610915 1.1257994 0.8465113 0.19878405 0.20326774
1 0.35506436 -0.099225 0.48055896 -0.34704524 1.1320437 0.58761024 0.032415736 -0.2533968
20 0.32373103 -0.3608455 0.31873852 -0.723747 1.3355628 0.95922285 0.0063705496 0.06965895
39 0.36322516 0.46549168 0.26880613 1.4106966 0.06398443 0.19906145 -0.41623592 0.1730137
46 -0.23554735 0.2211243 1.0952868 -0.5704502 -0.26484054 0.6992394 -0.09813167 -0.57134175
23 0.7832126 0.032177787 0.3420407 0.5586194 0.47112048 0.37024313 -0.5165345 -0.012361251
18 -0.0038981151 0.26585525 0.43051818 1.7535388 0.14140895 -0.5252423 -0.45219153 0.7240995
40 0.3722273 0.19184315 0.07592367 1.5131315 0.42250064 -0.028207596 -0.331243 0.72685564
45 0.8538197 -0.042547718 0.0021350232 -0.0098119285 0.948214 1.1668721 -0.15396777 -0.045517184
29 0.73155594 0.3691667 0.030814487 0.9033375 0.6638217 0.53280723 -0.41415048 -0.017192103
41 0.1465285 -0.11286744 0.5466435 -0.97341883 0.8977645 1.2093925 0.23162003 -0.3465911
19 0.058504853 0.23602706 0.67894363 0.34996513 0.64619565 -0.70853704 -0.34820887 0.8805918
38 0.5834202 -0.1431502 0.42845914 -0.26880592 0.45472407 1.208885 -0.19515179 -0.4762152
43 -0.24719545 -0.049915545 0.45150468 -0.804037 1.1706929 0.7472467 0.75564736 0.3500582
16 0.004926608 -0.046568077 0.717378 -1.0470976 0.4207312 1.1620595 0.27968988 -0.18203364
24 -0.19616503 0.44147986 0.77780956 0.99237585 -0.024816621 -0.6299126 -0.3140191 0.6388392
36 -0.07856785 -0.019145729 0.7217704 -1.0712026 0.9297992 0.74126226 0.18892407 -0.16200429
44 1.1424686 -0.1534114 -0.09617651 0.11540793 1.0813463 1.094854 -0.41997766 0.019519266
48 1.122027 0.065427706 0.09142505 0.7184488 0.41884083 0.82759964 -0.39077115 -0.09800382
12 -0.050708897 0.36445984 0.7051137 1.7263215 -0.5313587 -0.56991285 -0.48260474 0.74411577
34 0.82057464 -0.20867279 0.48599532 -0.60831004 0.38996723 1.4401596 -0.3831141 -0.63218004
6 0.513838 -0.3501151 0.14911613 0.18724222 1.3170682 -0.013884953 -0.0043784515 1.121722
7 -0.14084776 0.27553624 0.48195443 1.2523932 0.48912564 -0.8083459 0.13749641 1.2829604
14 -0.3750992 0.40952444 1.3189148 -0.8296742 -0.78595984 0.8058359 0.05642871 -0.6013493
3 0.14096054 0.15301847 1.0168773 1.123961 -0.58967286 -0.42977053 -0.8643409 0.05831625
8 0.7765242 -0.06198207 -0.12648095 1.2127945 0.9936991 0.124463595 -0.45338306 0.76594603
25 0.57265246 0.0991949 0.6608019 0.105239555 -0.25973082 1.0876783 -0.66544116 -0.8323121
11 0.03787049 -0.09365823 0.81282544 -1.1755942 0.0015860333 1.5525078 0.11590934 -0.49881876
27 0.06411916 0.08588101 0.54975486 -1.4330528 1.2660794 1.008348 0.52209187 0.028761918
22 -0.93731016 0.50671756 1.428273 0.36197624 -1.2992227 -0.11299785 0.10002537 0.11256441
4 -0.0471764 0.058139995 0.9304366 -1.3661972 0.26212463 1.0524517 0.15344045 -0.249651
49 -0.15667152 -0.17437415 0.75842464 -1.1591424 0.47837514 1.3195904 0.4151535 -0.2995292
2 0.025184115 0.6040768 1.0038981 1.5019641 -0.76049405 -0.570299 -0.6808851 0.16709024
26 0.61944896 0.07962292 -0.08172642 0.44149023 1.3193985 0.31786442 0.07749083 0.7295913
42 -0.6271715 -0.11889094 1.1104299 -0.34883833 0.58525205 -0.945024 -0.074781515 1.0887436
9 -0.13135478 -0.061908346 1.1175237 -1.0316209 -0.26331675 1.0970196 0.42448255 -0.47219822
31 0.5674927 0.24216041 -0.06041702 1.336605 0.5087901 0.18254513 -0.52529246 0.8184357
30 -0.09876019 0.5776124 0.74003917 1.6824595 -0.5442502 -0.5869345 -0.19793212 0.72421366
5 -0.9329938 0.26833495 1.5645938 -1.4262307 -0.32763413 0.18921892 0.7813267 0.060193557
21 -0.4199631 0.4058718 1.0526123 1.5156342 -1.1791604 -0.39502355 -0.29642725 0.40541115
35 -0.75812024 0.41880828 1.6168554 1.1985275 -1.466437 -0.92863417 -0.09114241 0.3994921
17 -0.3757522 -0.24267696 0.8576962 -1.6027813 1.0938442 0.5976215 0.8108157 0.45809087
13 0.14907958 0.5106708 -0.027230972 1.3008446 0.8108923 -0.20663433 0.1879002 1.1303169
10 -0.44021106 -0.40289214 0.31995732 -0.5065065 1.3163582 0.17778428 0.722509 1.4624654
15 -0.97247934 0.64953244 1.4182357 1.2124822 -1.1170044 -0.90474373 -0.0068027205 0.50522554
0 -0.6382926 0.53407466 1.1531934 1.6946728 -1.0865316 -0.7719386 -0.28752896 0.53048927
33 -0.97089946 0.6535436 1.330994 0.87916917 -1.8291265 0.31064126 0.7097631 0.03510205
37 -0.8438538 0.43413463 1.5277172 1.253359 -1.3451062 -0.9228064 0.12745827 0.5742901
47 0.305331 -0.13979934 0.6648756 -0.29547223 0.21949624 1.2398093 0.22641395 -0.7675987
32 -0.70508784 0.78974044 1.3131024 1.1280726 -1.6675522 -0.2223287 0.11138395 0.23892309
