50 8
38 0.40407234 1.8649104 -1.1281735 0.048955392 -0.95643306 -0.6993415 -0.8728182 1.914097
34 0.67532134 1.9670243 -0.8292463 -0.5943545 -1.0587717 -0.7034932 -0.6774114 1.8031785
27 -0.80638486 1.4980987 -0.07423062 0.3851571 -0.23549202 -1.957601 -0.18553942 0.18305309
36 -0.3953217 0.75694466 -0.6118671 0.8125462 -0.7055407 -1.9064171 -0.20105392 0.71874297
14 0.65201235 0.5985986 -0.83056575 -0.26511407 -1.6762335 0.4706488 -0.9905922 2.0240183
6 -1.5917236 1.0266001 1.4302069 0.31846207 0.21622388 -1.7285349 -0.022192096 -1.0114577
28 -1.5558208 -0.07558082 -0.31219012 0.5492388 -0.89851546 -1.8641428 0.25269386 -0.7496918
41 -0.6671326 0.9549832 -1.0145314 0.339955 -1.1793069 -1.7977898 -1.4007949 0.9285633
4 -1.4306209 0.6967579 -1.4580489 -0.27903983 -1.7118332 -1.4856293 -0.4366182 0.22746329
15 0.65918785 -2.2659428 0.37674898 0.27047852 -1.8682686 2.4671643 0.99645066 0.33062047
20 -2.323157 0.09222012 0.43042225 0.2938172 -1.014169 -1.2415755 0.07598677 -0.5543087
0 1.511407 -2.2758107 1.1544861 0.034350697 -1.272055 2.549858 -0.10599332 -0.29057613
24 0.34442464 -2.6138403 0.54358363 0.44763228 -2.2454443 2.1745048 1.4730918 0.6782915
23 -0.28038198 -2.6166644 0.6031427 1.3379816 -2.0597982 0.32736492 1.7613833 1.1820611
18 1.1871244 1.0307304 0.52663106 -0.16495498 1.1926047 1.8222151 0.64101183 -2.3205967
9 0.25349203 0.59087235 -1.5439497 0.74136025 -1.3548967 -0.653425 -1.9983788 1.7461488
30 1.574253 0.97866386 0.17458369 1.1491853 1.9692086 1.5185332 0.16674145 -2.382087
3 1.3108007 -2.4222064 1.565751 -0.50704926 -1.8440614 2.4759736 0.62977505 0.20816468
16 -0.39647505 2.2642186 -0.116667815 -0.31055006 -0.5579884 -0.591985 -0.60004526 1.3438936
1 -1.1991724 -0.8486459 -0.21383889 0.39802378 -1.9155883 -0.3168899 1.7731762 0.79571676
31 0.91860133 2.2776532 0.8209676 0.07338307 1.1668439 -1.1234411 0.5224498 -0.4447651
19 -0.28683943 -2.1373236 0.19655026 0.43864998 -2.0576558 1.5327446 2.6253307 0.41708028
2 1.5952995 -2.282982 1.3373567 -0.21592017 -1.4050269 2.5169249 -0.24672541 -0.19116507
11 0.6138615 0.46989727 -1.7823486 0.37116364 -1.7236079 -0.45699263 -1.5663743 1.9728703
10 -1.8775328 -0.74894327 0.8704386 0.33392942 -0.67553306 -0.87260103 -0.32514462 -1.5737458
12 1.1365787 -2.0417666 2.1600182 -0.49243098 -1.2763511 2.335085 -0.015530004 -0.16182907
40 0.5482409 1.5243067 1.7282405 0.026534978 1.290829 -1.1425059 0.64929116 -1.3274665
8 -1.4178233 0.40843046 1.9664663 -0.37666014 0.19508544 -1.0042757 0.11107704 -2.0411906
26 -1.0553198 1.3754188 1.9767509 0.530631 1.1216434 -0.5612127 0.21841699 -1.4882672
7 1.0747316 -1.8799815 2.3100424 -0.659615 -0.796416 1.4811542 -0.55642307 -1.0990446
43 0.8689046 1.6572051 -0.12727797 0.65287894 0.83996874 -1.2549106 0.6302516 -0.4058505
39 1.4416616 1.7071724 0.52310014 -0.021173893 1.314708 -1.2962062 0.7271977 -1.4317437
21 1.0824419 -1.6075112 1.313782 -0.85728693 -1.3155329 2.5724113 -0.9183792 -0.5892156
35 1.2363901 -0.2552707 -0.7319274 1.20221 0.78025246 2.984454 -0.39645076 -2.2485397
29 -0.07417121 2.155604 0.8913592 0.3018593 0.3009606 -0.20156069 -0.8826531 1.0822324
25 0.0029873017 0.8720259 -0.39699316 -0.22290392 -1.0441351 1.439625 -0.7051505 1.0351285
37 0.56531394 -0.2810373 -0.6905629 0.8807808 0.65741855 2.5907054 -0.45294517 -2.741977
13 1.6619307 0.18922324 1.312937 -0.27038735 1.0982252 0.53598547 0.014327212 -2.36543
22 0.4512125 -0.1626334 -1.2823204 0.7978235 0.22084588 3.2682934 -0.5582658 -2.1333213
49 0.20680189 0.7663436 -1.3746407 0.7093009 -0.9305813 -1.2202373 -0.3254495 1.0091732
17 -0.3329776 2.176313 1.0274893 0.3697597 0.7020331 -1.312612 0.036518984 0.07919228
32 1.6406417 0.49710187 -0.0985886 0.6971735 1.4017519 1.9348291 -0.40068868 -2.4887984
33 1.3588002 -0.08283076 -0.362537 -0.036523644 0.45258117 2.8801284 -0.6253557 -2.4447534
42 0.5463724 1.6229724 -0.086663395 0.7723125 0.60464865 -1.5030212 1.1830705 -0.07268506
44 1.3262292 1.694289 0.9981775 0.3094915 1.7267195 -0.4223741 0.95170933 -1.7147174
5 0.58286387 -0.18744785 -1.5433056 0.81589484 -0.97830063 -0.3373136 -0.8603935 0.49874038
45 -0.76247436 0.8773428 0.21541925 0.6564803 -0.08305019 -1.4811755 1.264845 -0.2261868
46 -0.024176978 1.0796701 -0.83828294 0.4569692 -0.6290378 -1.7416693 -0.12878866 0.5741594
47 0.63593405 0.983493 -1.3951917 0.98711294 -0.45154566 -1.4675151 -0.64966995 0.87746364
48 -1.1107382 0.5888841 0.03588537 -0.0894594 -1.1285781 -1.7390193 -0.70800716 0.46112677
