50 8
28 -0.66154104 -0.019147584 0.56593263 -0.5767164 0.49428222 1.0369569 1.0065929 0.15110482
42 -0.66055673 0.14682698 0.9162002 -0.5830739 0.81534076 -0.4589419 0.27938107 -0.37450457
14 0.61547 0.71369874 0.25379434 1.1017789 -0.21477893 -0.11629946 -1.0006276 0.5934653
10 0.089568935 0.59856313 0.020094572 1.1306369 0.3482871 -0.6055539 -0.64022636 0.49742475
27 -0.42171642 -0.50711685 0.4189559 -0.2802505 0.6896674 1.4205987 1.2049172 0.24963662
16 0.7427743 0.3386863 0.46480885 0.45759925 -0.1615751 0.55520236 -0.2556149 0.3816769
24 -0.046303276 1.1483364 0.8460612 -0.20895588 0.055904876 -0.64176214 -0.103053436 -0.4012426
21 0.46636042 0.918795 0.33538198 1.0769123 -0.31454307 -0.5063307 -1.1565562 0.5803325
23 -0.34726763 0.0345617 0.9119753 -0.70467955 0.910113 0.035583183 0.8042022 -0.7528178
0 0.25586647 0.8938532 0.37161937 0.9287423 0.18605454 -1.0069106 -1.107253 0.2304994
43 -0.42397228 -0.47770163 0.6812895 -0.3855736 0.73959446 0.8237095 1.3056246 -0.107795194
34 0.10594356 -0.23802218 0.66495407 -0.30146217 0.06701037 1.3747473 0.4159239 0.36534762
1 -0.6761325 -0.377477 0.6815549 -0.5281186 1.0030006 0.7080547 1.444019 -0.43629536
37 0.5570819 0.77234447 0.40176725 1.1164397 -0.09512741 -0.799915 -1.1816285 0.56292635
46 0.29784924 1.1586565 0.45098856 0.406466 -0.00964568 -0.6119714 -0.9634478 0.3341002
2 0.4805081 1.1593711 0.6499296 0.8228388 -0.41454852 -0.80319595 -0.9273764 0.18693444
13 0.4552948 0.7508794 0.07360944 1.2259928 0.3680196 -0.77621865 -1.2252476 0.376049
15 0.022155602 1.3205727 0.71288025 0.08356414 0.03527983 -0.9283031 -0.4957968 -0.13739152
7 0.51722723 0.7404152 0.35593966 1.1000625 0.0955784 -0.8740986 -1.1024094 0.39868882
38 -0.0101008685 -0.13528563 0.6586656 -0.08956128 -0.14041029 1.4721956 0.51797754 0.2419849
8 -0.69384533 -0.5538985 0.2991036 -0.1060091 1.2196848 0.5729506 0.9746246 -0.014283528
25 0.6859303 0.43519667 0.062320102 1.2428749 -0.17231603 0.38621837 -0.90922755 0.61829156
31 -0.7795638 -0.42080882 0.79064506 -0.8839999 1.0656656 0.7586404 1.2559987 -0.29018456
41 -0.46973228 -0.648274 0.62670267 -0.21003626 0.6485076 1.2404662 1.294893 -0.18483773
19 0.02413456 1.0872997 0.63844097 0.15616445 0.36630917 -1.1255031 -0.6504574 -0.14880331
49 -0.6657889 -0.21416835 0.74294585 -0.67989445 0.35737804 1.248354 1.0187408 0.10583005
5 0.54559475 1.0606455 0.23106083 0.5011064 -0.24952665 0.05520378 -0.27710357 0.5114918
33 0.36003956 0.92034 0.2780375 1.2562732 0.25013423 -1.0949296 -0.93773806 -0.032713734
39 -0.8845961 -0.47981924 0.6575302 -0.476411 0.931321 0.8839713 1.4841151 -0.2591832
17 -0.7157319 -0.06193802 0.76071745 -0.8127449 0.82062894 0.40996808 1.2769505 -0.16830659
22 0.40937835 0.7249662 0.4115346 1.095253 0.23508517 -1.0742406 -1.0792136 0.09781125
6 -0.654842 -0.6512566 0.502202 -0.31107992 1.0971887 0.949947 1.2657727 -0.27084157
9 1.1769631 0.50726706 0.60243475 0.8725925 -0.7564662 0.6257879 -0.882109 0.44048777
32 0.4371565 1.1398822 0.45506793 0.83027714 0.19710118 -1.1463916 -1.0966487 -0.04274956
3 -0.054273356 1.1741748 0.50260377 0.4863701 0.5111032 -1.4920024 -0.7611092 -0.1420075
44 -0.5674824 -0.86815584 0.74886876 -0.64715713 0.9618047 1.4341065 1.3370432 -0.05721469
40 -0.78297395 -0.7954008 0.59394354 -0.36302203 0.9225111 1.3235397 1.6425076 -0.22342056
30 -0.29408708 0.7324542 0.68139064 0.6162563 0.78324914 -1.7105651 -0.43847138 -0.8619361
12 0.35090923 0.8224017 0.25839308 1.1248024 0.42854843 -1.2546395 -1.1414474 0.20246093
45 -0.82961035 -0.68161905 0.70404226 -0.641195 1.0352017 1.0185974 1.3479077 -0.12566307
36 -0.62204427 -0.5382033 0.7255182 -0.59043366 0.67520785 1.5420612 1.1259134 -0.10495206
20 0.28857815 -0.2782326 0.14625373 0.87162054 -0.22508806 1.3046517 0.029544942 0.9716634
48 -0.5246668 -0.6786659 0.7524971 -0.5690521 0.42096907 1.7205218 1.3014673 0.23773454
26 -0.78560024 -0.52733016 0.455613 -0.14789547 0.86565346 0.60245055 1.295996 0.13798413
35 0.32471535 0.7456803 0.40161434 1.0457711 0.3158841 -1.150548 -1.0231999 0.06708395
47 -0.73395324 -0.42741403 0.6713975 -0.4724789 0.9516442 0.8298881 1.5854639 -0.25006402
11 0.7311778 0.5586387 0.21866025 1.0035368 -0.7234751 0.9319525 -1.2026279 1.0682052
4 0.5515707 -0.0036871177 0.6719877 0.24193017 -0.8210831 1.8392582 0.0038387254 0.6686288
18 0.22979994 0.40926406 0.1036458 1.1787739 0.8990367 -1.1963727 -1.0062401 0.15710387
29 0.546452 -0.37357244 -0.14244686 1.5261787 0.2593207 0.39154357 -0.68278056 0.971406
