50 8
18 -0.44661966 0.48285532 0.23751682 0.64312387 0.09421936 -0.5571859 -1.4267737 0.52582556
26 -0.39102224 0.3583841 0.2719589 0.12404929 0.99380046 0.074590765 -0.35671923 0.6990162
25 1.2611825 -0.14772873 0.6773549 0.3833546 0.102826044 0.13002187 -0.21833366 -0.64999884
39 -0.2473415 0.009631366 0.377231 0.07482177 0.9133641 0.11544805 -0.40656072 0.40820274
45 -0.3582718 -0.5680027 0.9986764 -0.19543695 0.6038097 0.65654546 0.036373176 -0.09997292
16 0.33388102 -0.3921211 0.9540422 -0.43182266 0.72665703 0.67296666 0.18695934 -0.11513561
1 0.42064974 -0.15803745 0.40169108 0.05801436 1.0353147 0.71760374 0.32886398 -0.12059147
29 -0.4729661 0.0076440074 0.17295551 0.17548108 1.0830088 0.07506623 -0.5314628 0.5872316
27 0.19686882 -0.2193964 0.43899778 -0.03808209 1.2206777 0.8813491 0.53790796 0.026506286
0 -0.11429132 0.8346614 0.7469444 0.3909763 -0.49526104 -0.2717009 -1.1182779 0.16076711
43 0.07531866 -0.6194726 0.57047576 0.15047447 1.055841 0.8558986 0.51425606 -0.15584388
4 0.7020423 0.15786822 0.877376 0.024240626 0.36004397 1.1167413 0.72135866 -0.37748882
35 1.3286561 0.67676646 0.47506857 0.76306564 -0.49255922 0.027907794 -0.62841904 -0.3560772
31 -0.61363804 -0.08039123 0.42822635 -0.3555518 1.0822779 0.35719743 -0.51648206 0.5664732
19 0.9608038 0.85843605 0.072967775 0.89681196 -0.32914984 -0.53958845 -1.373971 0.15487029
14 1.4130766 0.22458826 0.8184449 1.0317005 -0.94034296 0.27745637 -0.30836928 -0.80518067
44 -0.7787086 -0.445433 0.48783442 -0.47955492 1.3208332 0.6313352 -0.2459513 0.5250261
17 -0.5261995 -0.18415654 1.1576725 -0.5477806 0.6797493 0.47662035 0.036325626 0.2159686
37 0.9606142 0.4065737 0.72495 0.80045563 -0.5431714 -0.17388234 -0.55026245 -0.06311296
13 -0.4036651 0.43804032 -0.0608493 0.93903357 0.28540963 -0.24119246 -1.0804194 0.8652259
6 -0.9315151 -0.1949718 0.10901693 0.12316171 1.3659803 0.29075947 -0.4339396 0.81615704
15 -0.69353384 0.5712346 1.0416801 0.12509 -0.5550473 0.17766248 -0.9294713 0.12775923
23 0.7492514 0.5856066 0.6773194 0.30918345 -0.17761108 -0.47757366 -1.0324535 -0.5232405
28 -0.52167284 0.25647262 0.61660093 0.19028908 0.45082232 1.0741876 0.28904647 0.21705736
42 -1.117198 -0.6683154 1.1297647 -0.644649 0.85248667 0.5301885 -0.25451043 0.40338033
30 -0.009630123 0.29699123 -0.15771323 0.89674616 0.7607664 -0.17041296 -0.5984463 0.6527325
9 1.4259003 -0.17998461 0.56485844 0.9271881 0.22040346 0.74919605 0.6907146 -0.86898637
36 0.51952404 -0.5841224 0.9119536 -0.28714776 0.82971585 1.2195033 0.61882204 -0.8114921
20 -0.64154404 -0.2801673 0.4979672 0.14084035 0.7976342 1.1452048 0.33003196 0.40017623
38 0.52065474 -0.3496142 -0.18035273 0.63534814 1.4254494 0.7669143 0.39889947 -0.09391255
22 1.1051041 0.8928441 0.6948211 0.7872827 -0.9306012 -0.41645586 -1.1056286 -0.1771471
32 1.2215359 0.9474838 0.23464738 0.81208974 -0.48975194 -0.37500077 -1.2059593 -0.15663919
21 0.31865028 0.80589885 -0.05879056 1.1675994 -0.214198 -0.61315256 -1.5012796 0.41535908
12 0.19211379 1.0434998 0.42746434 0.8091229 -0.48814732 -0.56836116 -1.3089722 0.33924976
49 0.027155688 -0.78142697 1.3054925 -0.18599607 0.30450422 0.9243102 0.38489646 -0.7020589
33 1.2912648 0.71112967 0.52736425 0.8541591 -0.7950949 -0.42586866 -1.195798 -0.36868104
40 -0.26572564 0.22972 -0.71708566 1.0066047 1.3139604 0.41273263 -0.34492186 0.8831616
34 0.8824744 -0.44400582 1.012486 0.27749112 0.11436443 1.2720319 0.77732277 -0.8885551
7 -0.47723928 0.80951923 0.049457252 0.5919327 0.4803336 -0.37253344 -1.0550321 0.985395
5 0.4384326 0.13856399 1.2043365 0.15845525 -0.28893468 0.8311708 0.348891 -0.4679941
8 -1.0833094 0.24078569 -0.301193 0.7420622 0.9612829 0.36803228 -0.6502262 1.2964032
10 -0.47198862 0.480981 0.26587024 1.2539389 -0.08633794 0.13047045 -0.40601757 0.5160759
3 0.60683817 0.87726665 0.75421524 0.8157237 -0.91562337 -0.6865354 -1.3981922 -0.116818964
11 1.2898276 -0.5013411 1.1905429 0.33525383 -0.5653493 0.8949484 0.10207746 -1.5286987
47 -0.49210668 -0.77990806 1.5186096 -0.4077729 0.16941701 0.97542304 0.25726435 -0.42451262
41 1.4053255 -0.43036145 0.038785364 0.57140183 1.0425066 1.0363575 0.62625766 -0.69714427
24 0.72469354 1.0119699 0.6014317 1.1431516 -1.0185553 -0.7845633 -1.4312502 0.04836982
2 0.35254034 0.9727038 0.6990873 0.97662616 -1.1364911 -0.62434196 -1.5052171 -0.03286154
46 -1.2244142 -0.008482136 0.91620916 -0.470146 0.34062788 -0.38985273 -1.5136534 0.47646004
48 1.4223931 -0.34230056 0.34616932 -0.057255752 1.196781 1.2795763 0.8916687 -0.53536665
