50 8
39 0.038978003 0.83442116 -0.1933823 0.60709286 0.55374473 0.24379088 -0.4282292 0.6467304
24 -0.38142833 1.0222242 0.15121803 0.071723044 0.06969805 0.041934606 -0.563847 0.49605012
19 -0.63460904 0.37535244 0.43892846 0.51125824 0.33861974 -0.740181 -0.13770472 -0.27552384
34 -0.5283648 0.5401472 0.4793088 0.5052278 -1.0498576 0.99103945 0.35682496 -0.5022099
40 -0.17249353 0.8337856 0.22364444 0.30026516 1.1902016 0.005497127 -0.66400385 0.6509476
21 -0.3490064 0.29047045 0.35562912 0.83524287 -0.46538755 1.1774101 0.47508305 -0.37900028
38 -0.46782508 0.82659125 0.028023088 0.4745172 -0.88999325 0.7921984 0.13996243 -0.42198804
49 -0.5806958 0.31809762 0.5688124 0.6479265 -0.39702278 0.98208386 0.15695402 -0.6471097
23 -0.5632907 1.1658317 0.3694742 -0.34367195 -0.2114322 0.6386318 -0.30890447 0.9393043
12 -0.021932734 0.87591857 0.070391215 0.26368716 0.3245151 0.10813509 -0.24753708 1.178984
1 0.03417202 0.81125003 -0.15060239 0.7471598 -0.07776825 1.2338815 0.02265478 0.06850602
41 -0.66699815 0.5623755 0.7207685 0.23945539 -0.9645062 -0.082902655 0.39701137 -0.48209217
13 -0.1129084 0.2172332 0.2723459 0.8991101 0.0016243437 0.97150576 0.64497787 0.18144023
25 -0.66068596 0.9950278 0.4149888 -0.10684946 -0.85086524 0.560204 -0.06433603 0.23766047
26 -0.5414453 0.1334454 0.2704423 0.837236 1.0791943 -1.1890333 -0.5437991 -0.04132803
43 -0.4242643 -0.010448765 0.38068807 1.084412 -0.16700743 -0.1914416 0.6174214 -0.76613677
9 -0.5351399 0.03162634 0.3828252 1.0316818 -0.97765344 0.4042445 0.81338 -0.81764805
36 -0.65551096 -0.039755076 0.5889518 0.9950765 -0.8076334 0.014596402 0.68959194 -0.983031
48 -0.11860823 0.58125037 0.13620906 0.73223895 -0.80963373 -0.008923492 -0.15793385 -0.0689741
3 -0.0731152 1.0079637 0.045390043 0.16624017 0.727968 0.23109618 -0.42850402 1.1068606
32 0.13087979 0.6788521 -0.08176786 0.7792748 -0.019609192 1.1966826 0.32250246 0.3259048
28 -0.4492363 -0.32772237 0.95233953 1.0875819 -0.61880445 -0.6376435 0.88192165 -0.85902107
14 -0.3853696 0.69693124 0.47799304 0.34159544 -1.2193315 0.70505214 0.7869734 -0.37613162
4 -0.70260036 0.20078649 0.57400256 0.7340166 -0.87612784 -0.13677612 0.7139645 -1.059138
35 0.3662737 1.1258994 -0.3286802 0.5471867 -0.28069353 1.3002253 -0.14591908 0.968259
37 -0.08141892 0.47938964 -0.046827827 0.8229558 1.0546348 0.5205588 -0.21255717 0.42372325
44 0.2332593 1.1061678 -0.062398538 0.27426827 1.0597034 -0.16408871 -0.7081648 1.0215334
16 -0.53445584 0.58603895 1.0137081 0.121988565 -1.1357124 -0.5528854 0.55867285 -0.535263
30 0.08211368 1.3319008 -0.32746384 0.21128073 1.0452083 0.14902753 -0.67521966 0.85864246
29 -0.2195822 0.9728396 0.26305428 0.006951187 -0.55398625 -0.2941542 -0.0400492 0.96799374
33 0.13962796 0.8586816 0.022219704 0.563159 -0.500072 1.3914088 0.6906264 0.27610305
2 -0.34331095 0.4518145 0.5294733 0.37268886 1.1700221 -1.3478795 -0.19293152 0.4823471
6 -0.353262 0.25753936 0.09799764 1.0270106 0.64584315 -0.9810131 -0.018812554 -0.756584
20 -0.7271243 -0.24131766 1.0340735 0.8696892 -0.8159858 -0.79978454 0.5347323 -0.9722625
5 -0.120348096 -0.24884224 0.5359412 1.3434389 -0.23817694 -0.51152855 0.9451484 -0.6924763
7 -0.31467912 0.432538 0.07244748 0.7109744 1.034329 -1.0237389 -0.53152364 0.36332217
27 -0.8177405 -0.10492934 0.7560566 0.863124 -0.32242456 -0.74448544 0.79051214 -1.1682652
31 0.114484526 0.7454797 0.11718566 0.48576242 1.4669056 -0.86013174 -0.7297034 1.0168207
22 0.4316286 0.93209654 -0.38336203 0.8397138 -0.44964176 1.7209148 -0.0020139292 0.8243234
18 -0.099818066 0.92866194 0.12476346 0.22752184 1.4980503 -0.47770476 -0.7382064 1.0573405
46 -0.71134704 0.21932034 1.0298322 0.40371302 -1.6189588 -0.08859001 0.51000047 -0.48537302
0 -0.30780417 0.9119606 0.6832683 -0.15990745 1.1938831 -1.2614509 -0.8718334 1.1557416
11 -0.20841756 0.25136438 0.32178488 0.97467667 -1.0337856 1.5694212 0.7550634 -0.37080455
17 -0.85656655 -0.18422419 0.8400957 0.8720168 -0.28216034 -1.2811154 0.17069101 -0.91403264
15 -0.37105972 0.17631103 0.4876782 0.64879745 1.2436563 -1.2114656 -0.17165768 0.38875318
45 -0.19720127 -0.029802028 0.066176735 1.3615174 0.9089667 -0.99156934 0.28115737 -0.7967256
8 -0.14853354 0.7461562 0.050399024 0.46570113 1.2287295 -1.2678963 -0.7358051 0.7238317
10 -0.10735393 -0.36776665 0.6602523 1.4106328 0.3974934 -1.0136307 0.8650721 -0.9019263
42 -0.42338067 0.8258945 0.34647676 0.026506715 0.6779493 -0.4596567 -0.75173503 1.0702599
47 0.24149212 0.9196514 -0.767158 1.0928223 0.51579314 1.2484418 -0.19386445 -0.07346432
