50 8
43 -0.79717535 0.08652753 0.4670403 -0.10238467 0.3441616 0.1216749 0.35924336 0.7307488
19 0.0036774212 0.7271696 0.10028889 0.7942704 0.39632505 0.024270715 -0.33476183 0.62453765
28 -0.79774237 0.8045308 0.020203438 -0.363227 0.6225865 0.28376213 0.17706734 0.44855794
18 -0.14548966 0.40788636 0.21618028 1.2768658 -0.056777805 -0.15613167 -0.0051796976 1.1425203
44 -0.063959025 0.09451953 0.28202298 0.7527269 0.7331884 0.12312719 -0.56392276 0.72875863
40 0.15751256 0.47071648 0.018345814 1.2834896 0.26483217 -0.0037780348 -0.30515057 1.1420511
1 0.043149885 0.21810341 0.9864408 -0.75412935 0.48152125 0.68316144 0.13539074 -0.47471043
39 0.37328908 0.39576995 0.28273827 1.3404859 0.28118685 0.08788396 -0.2709583 0.4937089
15 -0.5164474 0.41916814 0.62076694 0.5538143 -0.2151995 0.032090772 -0.4395812 0.6824061
29 -0.42508647 0.36887586 -0.21861629 0.118881 1.1342747 0.21995872 0.2301193 0.8870353
23 0.36770838 0.34599832 0.8118389 -0.3510353 0.9017993 0.44080815 -0.29506847 -0.6235689
0 -0.010849819 0.55210215 0.20280297 1.541466 0.11862047 -0.14758354 -0.18438327 0.62012404
34 -0.07625897 0.03997236 1.103142 -1.181484 0.6551623 0.6626101 0.3399724 -0.43364087
45 -0.77673995 0.48361045 0.90761536 -0.91627914 0.0025639634 0.3907103 0.54427654 -0.06364072
2 0.039380882 0.5098103 0.14263937 1.5450311 0.014560079 -0.07247198 -0.14486945 0.98072445
31 -0.6177521 0.52315086 -0.10453801 0.61742187 0.29692188 0.047059845 0.007344121 1.2858827
46 -0.94450307 0.6004952 0.59778464 -0.64218867 0.25170496 0.22046849 0.32045734 0.055703606
42 -0.69946027 0.10546388 0.32774884 -0.6941977 0.7538196 0.29515907 0.05425657 0.92813003
24 0.83986765 0.65974784 0.7038814 0.6918837 0.27192307 0.14544797 -0.92522126 -0.028854124
25 1.1653998 0.56087196 0.71527064 0.18613534 0.5797402 0.53729635 -0.3044178 -0.41985545
6 -1.1810209 0.498424 0.09710894 -0.43556905 0.4379888 0.38353968 0.7221076 0.6362588
13 0.41852614 0.43705833 0.07313457 1.3926072 0.31204158 0.114061505 -0.50628924 0.99710333
26 -1.201241 0.10484906 0.02669103 -0.11449106 0.28545392 0.33979365 1.0392944 1.2551188
30 -0.29828072 0.6293897 0.13760634 1.0737059 0.13107286 -0.26287735 0.17712106 0.8136599
48 0.70682275 0.20035729 0.5964485 0.055011373 0.6025591 0.5307468 0.60548586 -0.11777664
7 -0.65338963 0.5758052 -0.17912261 0.7494705 0.30424455 0.122600734 -0.20943367 1.3147292
4 0.4149218 0.5305737 1.0578877 -0.77375644 0.27935985 0.69038516 0.3799795 -0.7725289
3 0.58665836 0.9567184 0.5104937 1.2476758 0.16240205 -0.17991665 -0.85165566 -0.04788095
35 0.69790703 0.51286644 0.44868374 1.6884693 0.08965705 -0.055454537 -0.33908677 0.32069242
8 -0.44026947 0.6078974 -0.3763795 0.67671335 0.56114817 0.20172691 0.36690554 1.22274
27 -0.5284093 0.37860957 0.80685705 -1.3980436 0.4184043 0.6026367 0.7707425 -0.06691844
36 -0.2552819 0.21807706 1.0182424 -1.1900407 0.6723382 0.7009261 0.7594539 -0.6601225
38 1.1862726 0.50605565 1.1308376 -0.11404282 0.35917735 0.479245 0.01359933 -0.8664999
49 -0.040158927 0.31907612 1.3752345 -1.1107659 0.24291974 0.5516622 0.45769444 -0.96691394
14 0.58760965 0.26995683 1.3902651 -0.2310213 0.06432012 0.45946714 0.10199688 -0.8599811
21 -0.41714078 0.33443993 0.10691635 1.2419279 0.07231912 0.10572692 -0.45956534 1.1732635
22 0.67784184 -0.072387524 1.1862481 0.7529051 -0.05430049 0.24388584 -0.2867574 -0.13357773
12 -0.07596692 0.6992789 0.22882578 0.97120494 0.42437604 -0.083428435 -0.8719526 0.5029993
33 0.6615939 0.52818894 0.55102676 1.7825899 0.05792773 0.092524864 -0.6012036 -0.051391605
41 -0.3985699 0.6103464 0.41166583 -0.7083316 0.6122741 0.60513294 1.0631995 -0.36195186
37 0.167283 0.28523552 0.25002652 1.5268837 0.25927958 -0.23073363 -0.12372065 0.9454669
32 0.7584885 0.5283202 0.9574808 1.2794255 -0.38030243 0.058958992 -0.396965 -0.14378181
16 0.31774718 0.2032953 1.0436004 -1.1807271 0.6891015 0.76192516 0.8180583 -0.6556196
10 -1.545742 0.68655866 0.30024016 -1.0543871 0.3174452 0.3106208 0.75970966 0.3997585
9 0.4753903 0.27231964 1.6310446 -0.81142443 -0.1624229 0.48940608 0.5788444 -0.9497369
17 -1.0475546 -0.123634726 0.5650103 -0.53059644 0.14004584 0.21860224 0.9102035 1.0811219
20 -0.5503632 0.29787216 0.7708434 -1.0670102 0.5334715 0.61809826 0.9870699 -0.32216072
5 -0.32491338 0.47346717 1.1974176 -1.3445009 -0.09273242 0.43845722 1.0280044 -0.3631272
11 0.34191498 0.09032884 1.6635537 -0.8791248 0.27408484 0.64844745 0.023378493 -1.2064382
47 -0.031914074 -0.17645879 1.6870097 -0.6455233 -0.014149327 0.39598835 0.29652154 -0.6726378
