50 8
31 -0.7567163 -0.0027087159 0.06180463 0.99533516 -0.31251353 -0.76872075 0.26697555 -0.16557221
19 -0.10791061 0.42241856 -0.0947774 0.60370976 -0.34882033 -0.9707695 -0.32012782 -0.06517578
23 -0.4212004 0.22147462 -0.043171085 0.5609709 -0.045960486 -1.2131398 -0.44828835 0.20508987
44 -0.4110305 0.4041168 0.16856161 0.65946585 -0.52716887 -0.8074463 -0.1591618 -0.4034966
43 -0.5921611 0.38365597 0.58184516 0.43865648 -0.43163103 -0.18534507 0.12722896 -0.19420491
6 -0.2024568 0.3774028 -0.17117596 0.781544 -0.2705274 -0.96087486 -0.0400364 -0.11125795
39 -0.37746733 0.40789694 -0.21030386 0.6638067 -0.21639524 -1.0443867 -0.40710586 -0.061009597
1 0.09448837 1.0884783 -0.29013905 0.6647183 -0.46601614 -0.507512 -0.2583414 -0.63170266
8 -0.13109934 0.22883695 -0.2788739 0.6901552 -0.023276132 -0.9734495 -0.354711 0.46763104
29 0.0037275522 0.63098955 -0.3727054 0.4977049 -0.2682223 -0.7312051 -0.29089665 0.22535673
36 -0.15253016 1.4049487 0.65576065 0.07419377 -0.74043506 0.64668375 0.1984849 -0.7510699
28 0.28153884 0.56282216 0.43968293 0.20730151 -0.45496783 -0.6882783 0.06288878 -0.059968166
40 -0.78105456 0.016954938 -0.009318053 0.81765944 -0.049887758 -1.0638119 -0.0801691 0.1048363
27 -0.15851557 1.224257 0.054416284 0.4063729 -0.5465436 0.047917627 -0.47208518 -0.6054063
26 -0.5129792 0.6077409 0.13133547 0.72723943 -0.53597206 -0.58519125 0.07543919 -0.7154407
7 -0.045830607 -0.31069955 -0.31166923 0.92408085 0.42870027 -0.7402603 0.082920186 1.3930016
42 -0.5625789 0.6117079 0.011587355 0.66644335 -0.69275165 -0.51805174 0.32628465 -0.6088104
45 -0.2547787 1.0465684 0.011892881 0.5281216 -0.5914688 -0.27820113 -0.02215873 -0.77890176
15 -0.8903906 0.044117868 0.12165642 0.8713133 -0.7046721 -0.6044032 0.5707477 -0.31369597
13 0.19597647 -0.51384836 0.5152927 0.5529776 0.38997588 -0.44180116 0.44985163 1.6405909
49 -0.36391598 1.0154608 0.37069213 0.43312377 -0.706089 0.2667434 0.026893003 -0.6732197
24 0.101299405 0.3779558 -0.6063298 0.84459096 0.29633418 -1.129982 -0.35280722 0.4607852
18 -0.5326731 -0.41813087 -0.14483106 0.97206 0.22867957 -1.0473952 0.13978256 0.900142
16 0.14831544 1.5458814 0.65911144 -0.19549994 -0.6810926 0.47192857 -0.01908016 -0.56529516
41 0.06392355 1.3684016 0.6322442 0.054349214 -0.44823915 0.7959145 0.03500993 -0.30518237
2 0.14601646 -0.41046995 -0.17880246 0.8554949 0.69130397 -0.82527775 0.24720119 1.6861374
3 -0.29306716 -0.075495906 -0.333665 0.99082416 0.48515022 -1.0587214 -0.17512038 0.7396195
38 0.520016 1.6477417 0.06847317 -0.034824636 -0.4699682 0.15271412 -0.22793001 -0.36899868
34 0.43191782 1.5792891 0.6340814 -0.07042959 -0.40087825 0.64451814 -0.34554404 -0.42992657
14 0.3800612 0.98620313 1.1076264 -0.59909487 0.5114961 1.1202884 -0.33288455 1.5700527
12 -0.1566453 -0.09278911 -0.54829097 1.0798193 0.5139992 -1.2092776 -0.33110893 0.84065497
17 -0.9309021 0.5182232 1.2221906 0.23948482 -0.79060394 0.22418728 0.23070182 -0.6974662
0 -0.1268229 -0.6316763 0.46099186 0.6466506 0.39308268 -0.32555643 0.7111487 1.7412151
30 -0.374736 -0.20462267 0.65786177 0.5447811 0.056303136 -0.15297623 0.7269902 0.81968546
10 0.7045009 0.10430887 0.37313917 0.31528637 0.4172337 -0.008653582 0.6346896 1.6430881
20 0.7046778 1.3021637 0.606593 -0.21058479 -0.009503646 -0.22944567 -0.6986638 -0.06538269
47 -0.8917441 0.7150239 0.3567226 0.6058128 -0.9118355 0.027314387 0.3028572 -0.88207483
48 0.64810747 1.1608638 -0.15400833 0.28199586 -0.37046418 -0.28753182 -0.28285483 -0.07143266
21 0.27142623 -0.7385444 0.7958754 0.36915645 0.7441287 -0.4439142 0.32624903 2.281195
46 -0.85494477 -0.6865442 -0.09934325 1.2149681 0.004009756 -1.0337297 0.6369756 0.72057664
9 0.50996023 1.2163439 1.2549381 -0.6071206 -0.3568807 1.4125315 0.66862124 0.81761986
4 0.7176334 1.1572618 1.0405765 -0.446252 0.021217994 1.2466362 -0.034464717 1.0849222
35 0.118160956 -0.19500214 1.1958845 -0.124228746 0.8717623 0.3485513 0.4231689 2.2666533
25 0.77487665 1.2528862 0.69118124 -0.25179452 -0.04953836 1.2688301 -0.0536184 1.0087396
5 0.57848835 0.5336793 1.2838793 -0.28624955 0.16935821 1.2698839 0.6340447 1.5928321
11 0.27759436 1.2840948 1.5764085 -0.4870601 -0.58189845 1.7514522 0.41170236 0.27185956
32 0.02711356 0.18267083 1.1451423 -0.16045299 0.63609135 1.134556 0.39237648 2.1158798
33 0.65841156 0.21472748 1.5588135 -0.6476044 0.9728273 0.8092596 0.32111412 2.6289504
37 0.24430695 -0.4171823 1.2079182 -0.0012114547 1.0475714 0.5342947 0.5073316 2.7384503
22 0.6859407 0.34684142 1.6045738 -0.5078304 0.728271 1.2507426 0.4973061 2.2646577
