50 8
24 -0.41981938 0.32008836 0.42074212 0.33251888 0.06110716 -0.3810872 -0.4328531 0.073306195
23 -0.20622511 0.6278875 0.3763934 0.062298156 0.5293476 -0.57528883 -0.5855126 0.33753976
43 -0.8021463 0.5978244 -0.121060625 0.73424906 0.28885904 -0.2597138 0.28730682 -0.37334087
19 -0.023902375 0.45486847 0.6801485 -0.11386553 0.16666596 -0.71019363 -0.9743155 0.31092858
40 -0.11376992 1.0559833 0.18754385 0.10215024 0.77239 -0.5174733 -0.13227396 0.58897465
26 -0.48783696 0.06291757 0.5288622 -0.05205546 -0.1546291 -1.2264924 -0.67019457 -0.010622723
42 -0.7988865 -0.20306307 0.89856136 0.07254013 -0.53246 -0.62895554 -0.0092142625 -0.5162935
31 -0.4299314 0.9602726 -0.11629193 0.21245869 0.7704155 -0.7942342 0.042416524 0.29099527
28 -0.515996 0.354464 0.45699057 0.72087836 -0.6418675 -0.17087406 0.4333972 -0.6431441
6 -0.5710965 0.33242664 0.31680605 0.06621035 -0.48081687 -1.2848142 -0.17310524 -0.6709766
39 -0.65424776 0.5588097 -0.075863585 0.6388935 0.32357728 -0.24642086 -0.26503357 -0.123306446
35 -0.13278729 0.7729888 0.22520213 0.5612215 0.5849329 0.07190857 -0.40907654 0.28867266
34 -0.6144283 1.0742725 -0.14704645 1.047008 0.21962985 0.8346378 0.48668057 -0.29470783
25 0.06610406 0.35876578 0.9150997 -0.046007648 0.18647687 -0.1944474 -0.84438485 1.0708923
18 0.08824919 0.19301413 1.2208003 -0.49777544 0.3256101 -0.79838717 -0.8633455 0.8333912
15 -0.09256653 -0.09859958 1.5084811 -0.0031809711 -0.46544743 -0.066108495 0.0041547446 0.33536878
45 -0.8714924 -0.69274485 1.2288009 0.1222191 -0.5068396 -0.43803626 -0.12205149 -0.09717404
32 0.101648614 1.1706212 0.22201023 0.009167385 1.0540509 -0.5656506 -0.20335235 0.9938547
37 0.17385517 0.17939432 1.3377739 -0.45229065 0.024208622 -0.6166484 -0.9433 0.6521244
1 -0.6393426 0.18775016 0.46500722 1.132502 -0.5242499 0.40268454 0.5567768 -0.6526808
20 -0.91857886 -0.33913264 0.73648643 0.4945765 -0.44889194 -0.26306587 -0.026224399 -0.48503798
12 0.19284618 1.0902038 0.25546664 -0.06164781 0.76684016 -0.87725693 -0.41824335 0.9346386
38 -0.09702329 1.4647863 -0.07607254 0.8029412 0.52070093 0.6068805 0.20387213 -0.29201394
2 0.3375849 1.1330457 0.6362522 0.18005855 0.8425555 0.17611939 -0.054097317 1.1530939
7 -0.20294179 0.7293806 0.29513296 -0.32380897 0.0771388 -1.4127614 -0.6387594 0.21888678
44 -0.29804122 -0.042991865 0.63586587 0.04830656 -0.40403682 -1.1540034 -1.0139538 0.13360931
27 -1.1084666 0.43183577 -0.18413673 1.0218016 -0.1525945 -0.021507043 0.64518136 -0.5992823
49 -0.8294003 -0.3744111 0.88505995 1.1380681 -0.8363999 0.72102827 0.2784522 -0.51808375
10 -0.62704766 0.18058082 0.76643467 0.088438936 -0.5594254 -0.45351103 0.08812258 -0.49120393
46 -0.9177596 -0.8420659 1.3156207 0.22348036 -0.8558572 -0.36826992 -0.10528517 0.057747386
0 0.44394428 0.6116306 1.2000531 -0.3876666 0.43998528 -0.34296665 -0.9790604 1.0487536
8 -0.21159834 0.0052003968 0.9937298 -0.5353556 -0.0388594 -1.5930285 -0.6995036 0.44239023
9 -1.0014364 0.5489461 -0.05414864 1.3877922 -0.46226114 0.8215798 0.9900977 -0.40014005
41 -0.17540443 1.4834722 -0.2641094 0.9940663 0.83313644 0.8079563 0.09338576 0.09570549
4 -0.99852514 -0.34486538 0.68877727 1.3716649 -0.79384387 0.9656514 0.3521054 -0.6552232
36 -0.64046866 0.9984797 -0.13624093 1.1454502 -0.020939393 0.7037281 0.70070267 -0.33135247
3 0.23789665 0.42219824 1.3149801 -0.5474664 0.31134483 -0.5668252 -0.74851817 0.7198536
30 -0.18407908 0.21448329 0.5353742 -0.007313675 0.08051041 -1.3559417 -0.70137364 -0.20089294
21 0.27771047 1.2696843 0.48451036 0.33221307 1.3021787 0.68626714 -0.116289146 1.2842702
16 -0.8278903 0.065117985 0.7193752 0.3574769 -0.88921857 -0.5392479 0.7576734 -0.89314574
13 -0.3069063 0.39571747 0.32971296 -0.16729157 0.06603074 -1.6369721 -0.7444681 -0.07891364
5 -0.79823124 -0.23839682 0.86997634 1.2786258 -0.92658794 0.91649467 0.5831574 -0.58582836
22 -0.5372148 -0.52901304 1.1766683 0.79750067 -0.37824243 0.4446112 -0.02171123 -0.17627814
29 -0.11986184 0.39113745 0.9536551 -0.5320022 -0.16322431 -1.2340449 -0.14429675 0.52682483
14 -0.3627263 0.98232716 0.3138147 1.116499 0.4490215 1.5777289 0.55692 0.2726599
48 0.049176965 1.8556104 -0.6491009 1.0945026 0.87161094 0.49419776 -0.016719846 0.046648003
17 -1.0805182 -0.502425 0.8666639 0.65853316 -0.9881819 0.0722278 0.026265 -0.94921863
11 -0.8137082 -0.51756936 0.9697317 1.2319242 -0.80088675 1.099404 0.023756694 -0.32382438
47 -0.09322871 1.707905 -0.6688027 1.4598461 0.61630195 0.7993584 0.24666294 -0.09874998
33 0.42600757 1.0929946 0.56041354 -0.02305954 1.1301621 -0.36360192 -0.544981 1.077331
