50 8
43 -0.59930915 0.59180814 0.14538324 0.60462195 -0.8738026 -0.54887515 -0.025223266 -0.19275002
1 -0.29689083 1.0903769 -0.217729 0.59647167 -0.8940236 -0.5265587 0.27307743 -0.08224629
26 -1.2036335 -0.27627423 0.013756054 0.34976202 -0.2597458 -0.6603684 0.044173248 0.96570206
34 0.2641772 0.9014218 0.76639575 0.62299025 -0.3280414 -0.10769773 -0.5830872 -0.66896653
41 0.3442076 1.1351777 0.35106054 0.5662225 -0.050094467 0.112043954 -0.14822668 -0.33344585
31 -0.5447467 0.82026726 -0.43381497 0.34678003 0.17202595 -0.19768122 0.8816208 0.7248635
48 -0.24992794 0.37510514 0.36928567 0.76774174 -0.6334422 -0.545918 -0.25121918 -0.07010834
40 -0.59991425 0.67958784 -0.30155423 0.026995186 0.4387743 0.0020379531 0.9014258 1.0681559
42 -0.49253204 1.046847 -0.18928029 0.63416594 -0.90467966 -0.77916336 0.061496504 -0.32813966
46 -0.38177237 0.4186474 0.41613692 0.8358512 -0.9105616 -0.6039473 -0.34484726 -0.4362325
38 -0.21393082 1.1035063 0.11332021 0.5516163 -0.6190861 -0.22577253 0.07604654 -0.4650497
23 0.16675483 0.5760014 0.85296524 -0.23102285 1.0608206 0.93156403 0.28603044 0.7807569
6 -0.992806 0.45342043 -0.5103333 0.56965226 -0.70140076 -0.5593102 0.7383564 0.6324609
27 -0.5262702 0.5374982 0.13137954 0.9513226 -0.6570606 -0.5443811 -0.26380652 -0.49107003
28 -0.70952594 0.17642264 0.23743159 0.8752412 -0.9091797 -0.5252218 0.20945966 -0.13616545
44 -0.4306294 0.971075 -0.29239172 0.51420575 -0.77153933 -0.68615 0.12696823 0.13590412
19 -0.7658372 0.07085435 0.18127869 0.065888494 0.9535744 0.6057569 0.4758538 1.1728433
11 -0.004744122 0.14064375 1.1996561 0.7792061 -0.78147715 -0.07706164 -1.1931475 -0.61179745
20 -0.6304442 0.66137874 0.049046274 0.85626495 -0.95557594 -0.9587639 -0.36763063 -0.46527526
36 -0.27473998 0.5641672 0.38898817 0.85575694 -0.6346893 -0.29797846 -0.33559605 -0.5396645
4 0.13301183 0.36624154 0.959409 0.66553336 -0.49765256 -0.29902333 -0.6421959 -0.39954153
39 -0.3749052 1.2216568 -0.5691602 0.48272172 -0.26335707 -0.28217757 0.6081193 0.27263632
18 -0.739362 0.06120929 0.12656824 0.041255385 1.0812495 0.41262463 0.51675636 1.3481734
8 -0.8905695 0.6211952 -0.76216507 0.43317938 0.09091337 -0.38714027 0.8523296 1.0223725
14 0.49184775 0.68089914 1.3329151 0.33644694 -0.020067837 0.3167204 -0.94997317 -0.59855115
12 -0.74507433 0.29958096 -0.28819883 0.17039794 0.821112 0.12342795 0.7869917 1.4005561
2 -0.015325873 0.19929871 0.5981602 -0.0239757 1.1015704 0.77052003 0.34728822 1.2620866
5 -0.23607261 -0.41579977 1.3020872 0.73313266 -0.24805845 0.30211797 -0.5878838 -0.19325028
30 -0.40751135 0.1381032 0.32482484 0.12145397 1.1763552 0.7093707 0.70967126 1.2105305
16 -0.22005992 0.8773465 0.61714816 0.29237393 -0.93959576 -0.39051202 -0.21724828 -0.49885106
49 -0.2640349 0.3242974 0.8243387 0.7230576 -1.0448476 -0.5086433 -0.78477174 -0.5765424
29 -0.46139696 0.5624971 0.019595303 0.23879173 -0.81702775 -0.5474376 0.35913444 0.5697966
7 -0.8355788 -0.17675109 -0.067550115 0.3535039 0.8175015 0.0910852 0.39201555 1.442732
25 0.54816204 1.2756445 0.54831016 -0.28181857 -0.44643456 -0.03552452 -0.50781053 0.41282213
13 -0.15831386 0.336765 0.36158264 0.04914627 0.9055151 0.8437523 0.59944946 1.1684418
35 0.59561 0.18924037 1.5728912 0.19707689 0.9791388 0.6414592 -0.33658698 0.107004315
32 0.17366636 0.15888102 1.2143579 -0.10386934 1.2700984 1.0223778 -0.087664135 0.8198342
15 -0.40194112 -0.49670506 1.1241215 0.15987241 1.0543596 0.5862765 0.009402728 0.9114472
45 -0.18626347 1.2067456 0.047127914 0.8402291 -0.9159013 -0.4989993 -0.020127913 -0.774219
0 -0.31132412 -0.33931872 0.86365503 0.0027519453 1.3878857 0.79479456 0.063362 1.4196643
10 -1.1174225 -0.44513837 0.11829947 0.5466012 -0.044329714 -0.19031726 0.3960495 0.92374307
24 -0.09694408 -0.020411875 0.7902466 -0.058506392 1.2910771 0.884041 0.028391458 1.3306813
33 0.21525596 -0.17276418 1.8321762 -0.1445346 1.1245173 1.0446706 -0.5212928 0.53088
22 0.5118387 0.27701923 1.6147113 0.061934143 1.2921836 1.0130996 -0.625749 0.10549626
21 -0.25675777 -0.14392515 0.7472475 -0.16371113 1.1975118 0.74170446 0.0716794 1.5601324
9 0.4202 0.30934688 1.5572116 0.6247681 -0.6245267 0.0668418 -0.8761638 -0.7265579
17 -0.8222758 0.19506215 0.3241704 0.56952226 -1.0553727 -1.0210927 -0.80697376 -0.058431823
3 -0.37077707 0.23361188 0.18120214 -0.034262866 1.5906941 0.99714196 0.63474905 1.5694823
47 -0.2732312 1.000871 0.3496946 0.5849994 -0.6736256 -0.54174715 -0.68015087 -0.72625166
37 0.020249963 -0.60020477 1.6187438 -0.21381651 1.6489364 0.9473539 -0.36255836 1.417059
