50 8
15 -0.5951819 -0.3268828 0.77524376 0.13182625 -0.85785687 -0.2788638 -0.320004 -0.5070577
43 -0.49396056 0.75149804 0.3314773 0.40830404 -0.43772727 0.22416475 0.87468565 -0.6176971
31 -0.49214017 0.013240147 0.21629927 0.6970883 0.5739169 -0.7131339 -0.547707 0.31690222
1 0.101079606 0.7999535 0.2589016 0.75656515 -0.53939503 0.1792491 0.60741794 -0.37918907
26 -1.0593133 -0.34252414 0.514898 0.22912024 0.27090943 -0.3790991 -0.71886843 0.12153937
39 -0.4988519 0.6520094 0.25890422 0.37807056 0.9209818 -0.34348106 -0.6933239 0.90665144
24 -0.44164672 0.2676664 0.25107202 0.7244772 1.0047921 -0.61712325 -0.63420254 0.7530709
42 -0.20338725 -0.20284963 0.45592356 0.3009405 -1.1753857 -0.7828512 -0.2675235 -0.9304009
19 -0.93094194 -0.995348 0.81355435 0.3241182 -0.48833546 -0.45097926 -1.0712664 -0.037425853
28 -0.19513135 0.64451057 0.40884933 0.14018649 -0.99226904 -0.066566765 0.27898836 -0.9714444
37 -0.42585254 -0.39713925 0.6648269 0.67625916 -0.080666184 -0.27742335 -0.45790493 0.26496843
29 -0.69269377 -0.4036535 0.4190764 0.50288165 0.042601604 -0.63207483 -0.8272365 0.20124692
18 -0.49284354 -0.16341665 0.48975557 0.44471997 0.40101525 -0.8677308 -0.9652712 0.7060745
44 -0.48929712 -0.2558832 0.49226737 0.27578887 -0.37871355 -0.67241067 -0.7628828 -0.2486828
25 0.023703746 0.58099174 0.41497806 0.32330245 -0.9848584 -0.036990825 -0.2602375 -0.14822333
40 -0.7630377 0.4948028 0.26860905 0.4134414 1.0598272 -0.22597185 -0.5957845 0.69616216
49 -0.56860566 0.73297715 0.38756114 0.27880698 -0.93145514 0.5994075 0.72986656 -0.9259089
20 -0.31002906 0.3143335 0.47794214 0.16694586 -0.9857524 0.08644607 -0.23306365 -1.3484321
13 -0.65833104 -0.2891722 0.084517084 0.9369497 0.41229746 -0.5883129 -0.78077155 0.59726506
45 0.004997225 0.2891498 0.50509226 0.36227053 -1.3014758 -0.22221538 0.2827171 -1.2863399
12 -0.7615167 -0.24752927 0.5278715 0.31795678 0.5343727 -0.78401715 -0.8953643 0.5631225
36 0.0073190182 0.90744805 0.2956107 0.51317334 -1.4154956 0.40383703 0.85614294 -0.7865551
11 -0.11358669 0.7386722 0.3408298 0.6152911 -1.2947663 0.6234769 0.79539526 -0.746596
4 0.09301695 1.1566119 0.35527527 0.48363605 -1.031538 0.457238 0.99767023 -0.6239891
9 -0.28766012 1.1569345 0.4361793 0.29585603 -0.7900249 0.6347069 1.0655042 -0.4637083
23 -0.44458905 -0.34961727 0.4661875 0.59775466 0.41488886 -1.0990335 -0.7387995 0.7228725
27 -0.7278371 0.82538855 0.36433268 0.35759175 -0.07820859 0.469373 1.0724764 -0.55068564
16 -0.3649014 0.78874 0.5823591 0.06144612 -0.7296219 0.25795087 0.6168182 -0.7291088
8 -0.3843179 -0.19017185 0.2677124 0.544892 0.3928294 -1.0801479 -1.3595859 0.54737186
38 0.070869006 1.4590747 0.1333813 0.560681 -0.3142451 0.31735277 1.0451897 -0.6580676
6 -0.9809516 -0.37662417 0.4872726 0.29950312 -0.05954544 -0.27668414 -0.57111615 -0.27555433
46 -0.40309182 0.22530031 0.4873594 0.4561593 -1.1492691 0.20837046 0.51313186 -1.2944608
17 -0.48793197 0.05906789 0.5860328 0.057188604 -0.9162767 -0.36533672 -0.003420139 -0.9515497
10 -0.92492735 -0.31409374 0.4319555 0.30291125 -0.29732612 -0.21461989 -0.5897902 -0.5744235
21 -0.61494714 -0.029042013 0.75077105 0.14387654 0.7590022 -0.7124071 -1.0097976 0.9326891
35 0.2599479 1.7878731 0.11960871 0.6581893 0.6471908 0.3606667 0.37708107 0.9778679
0 -1.0168725 -0.72418207 0.9128199 0.21335384 0.3232776 -0.46569058 -1.1876076 0.88285804
5 -0.03859603 0.71088904 0.41649652 0.3934686 -1.2655258 0.21631022 0.6434708 -0.956313
32 0.036282856 1.2405598 0.19973409 0.72380733 0.90564674 -0.08123783 0.19764553 1.2070013
34 0.27332702 1.7618638 0.15363476 0.574245 0.38679457 0.21629396 0.88083756 -0.15166414
41 -0.07287877 1.8426598 0.30249035 0.31460035 0.26846817 0.49872378 1.1550518 -0.041082762
2 -0.7084662 -0.43284383 0.72121096 0.39281648 0.5250708 -0.6361899 -0.8919676 0.61348134
14 -0.06114034 1.4655558 0.16195306 0.5981207 -0.19885437 0.56808347 1.1443065 -0.2997535
33 0.25784418 1.1981825 0.43568394 0.5817454 0.57499367 -0.19395564 0.28169766 0.88589454
47 -0.13063042 0.9776546 0.3454557 0.40931526 -1.3034676 0.5847164 0.81020075 -1.0345958
30 -0.10592242 0.76146466 0.1935561 0.7262251 1.1106011 -0.52519244 -0.4554432 1.2517847
48 0.2177629 1.6934246 -0.16723622 0.7886372 0.38461897 0.19265267 0.5740916 0.1395533
3 -0.68764794 -0.6788193 0.80794984 0.3506224 0.15527086 -0.621604 -1.2367346 0.3389901
22 0.17623895 0.5166424 0.4223611 0.82815 0.3388642 -0.010524625 -0.35738188 -0.036928914
7 -0.9100753 -0.3411395 0.66080385 0.058363456 0.5552783 -0.905816 -1.4124991 0.5915322
