50 8
49 -0.7119438 0.30364177 0.7143899 0.42180204 0.41685662 0.24921073 0.15392986 -0.766882
30 -0.14091341 0.39321688 -0.06410825 0.8357267 0.18893965 0.010042168 -0.027961131 -0.18561253
34 -0.09808318 0.6565485 0.5075937 0.25636992 0.08456651 -0.14915605 -0.1068329 -0.59421444
12 -0.0032673485 0.21374026 -0.12146689 0.8035918 -0.15761298 -0.6356678 -0.081526764 -0.21139082
17 -0.50012255 0.46611091 0.39491835 0.6015735 0.3262435 -0.047498144 -0.03682844 -1.1219277
1 -0.33484986 0.64574367 0.010021678 0.631913 0.18866956 -0.6472507 -0.037298214 -1.3487221
27 -0.44977376 0.6211217 -0.066272885 0.5246399 -0.25985226 -0.84109426 -0.2657995 -1.2086321
16 -0.18323196 0.6958133 0.31949213 0.1979679 -0.6559083 -0.82645017 0.0007562247 -1.0356504
6 -0.31787696 0.46849254 -0.12443702 0.55710346 -0.22338077 -1.0549474 -0.2764766 -1.1596215
48 -0.21787292 0.85522795 -0.10428149 0.5694994 -0.38310513 -0.6221894 -0.29788038 -1.4226869
21 -0.10396835 0.27275622 0.5701738 0.010133361 -0.25315094 0.36202186 0.12518793 2.0081475
8 -0.107327744 0.34781 -0.03874111 0.73898524 -0.10880383 -0.83390045 -0.212984 -0.85581887
29 -0.20881964 0.29926407 0.5350762 0.15259379 -0.013775564 0.5942359 0.21294199 1.631404
7 -0.06550655 0.27612996 0.48559707 0.23183453 0.12929723 0.56398535 -0.05345931 1.7985045
14 -0.091717474 0.3724383 0.5643131 0.07439739 0.03870899 0.6342656 0.08335711 1.8424364
36 -0.2991006 0.71911913 -0.19250447 0.62468326 -0.40835604 -0.81852406 -0.12226355 -1.3669693
10 -0.15223266 0.054952372 0.44331142 0.45785546 0.063878775 0.6037899 0.14628957 1.9072751
44 -0.03327543 0.5119772 -0.019793289 0.66499513 -0.41920432 -1.0284176 -0.2694865 -1.0223912
24 -0.45482633 0.09578326 0.6225091 0.28949502 0.61151385 0.7328941 0.0918729 1.5093473
5 -0.16977534 0.35670885 0.66680276 0.033108722 -0.14831474 0.48963937 0.19234648 1.4706417
33 0.017110214 0.11446535 0.7825753 0.21707797 -0.030533804 0.56804615 0.10297656 2.0179121
43 -0.6262368 0.6037395 -0.009999946 0.50685 0.14045763 -0.8494717 -0.18825722 -1.5212786
22 -0.031014979 0.1441697 0.71076864 0.26863527 0.17136583 0.75139797 0.068054385 2.091023
38 -0.20425037 0.820428 -0.18061377 0.45300135 -0.45906004 -0.917447 -0.2847216 -1.2368886
13 -0.1045264 0.08427393 0.4191383 0.28917232 -0.17024931 0.39092976 0.058284372 1.9828262
9 -0.14571711 0.37520266 0.45605135 -0.20527433 -0.6241008 -0.15818712 0.10341089 1.4486232
41 -0.26335672 0.63770336 0.09977026 0.42543092 -0.23629606 -0.8828743 -0.19154632 -1.2263688
31 -0.44371182 0.64359206 -0.023699198 0.59970313 0.09830958 -0.9143977 -0.33699068 -1.6019533
2 -0.110612996 0.0034221583 0.62789625 0.3882423 0.17822532 0.49909997 0.27817467 1.8744255
40 -0.42871425 0.57629097 -0.038521204 0.5419368 0.05027609 -0.8267214 -0.26417273 -1.2582848
23 -0.66176814 0.15739785 0.6576351 0.21718371 0.478771 0.7006275 0.2912936 0.9521059
42 -0.6325463 0.54306144 -4.2332198e-05 0.633244 0.20062858 -0.92377156 -0.22856776 -1.6825149
4 0.02818906 0.22671667 0.23165835 0.01668361 -0.73748404 -0.9718986 -0.17334615 0.59944093
39 -0.6785146 0.55430365 0.0177974 0.5006084 0.19926445 -0.7834788 -0.24342579 -1.5186121
26 -0.37935194 0.5429524 -0.1283463 0.6774896 0.1894345 -0.76299155 -0.37317887 -1.1942363
19 -0.22882132 0.25285307 0.65355384 0.24161465 0.2871754 0.7761433 0.03553781 1.6250464
46 -0.41893566 0.7217095 -0.06455314 0.4363859 -0.5210245 -0.9380833 -0.18635765 -1.4283082
32 -0.10088391 0.06713022 0.7622109 0.32774276 0.23844069 0.8569003 0.17644158 2.1471612
28 -0.4442464 0.6841409 0.3438654 0.3943972 -0.018333938 -0.6552129 -0.16249761 -1.6104649
37 -0.082421705 0.059905 0.88403463 0.26401135 -0.02677932 0.7263445 0.26238748 2.2135093
47 -0.5207216 0.63645494 -0.10283419 0.69461626 -0.07239162 -0.7710696 -0.17795593 -1.656974
0 -0.062371008 0.12380372 0.90636104 0.2295958 0.5111176 0.6680488 0.09535453 1.7140203
11 0.02159846 0.25325263 0.6789859 -0.011277937 -0.5818256 0.36169907 -0.014839902 1.7606659
3 -0.3456432 0.09864107 0.7513298 0.16139062 0.46884707 0.6750522 0.10524765 1.8607473
45 -0.33867732 0.73907286 0.057844587 0.58652014 -0.20116134 -0.6120119 -0.16347252 -1.4931898
20 0.031028554 0.085747294 0.7170117 -0.18706495 -0.6306668 -0.63059974 -0.08598741 1.1468104
15 -0.29117867 0.098365635 0.6418968 0.3469148 0.63508236 0.78221333 0.15531805 1.9619663
35 0.14919397 0.13518775 0.37649727 0.16699852 -0.09681876 -0.13499957 -0.09524799 1.8654271
18 -0.29186642 0.0021635431 0.16050074 0.52424175 -0.0071675167 0.30104277 0.11359792 1.4298971
25 0.2265621 0.38704717 0.42164153 -0.09901681 -0.55193126 0.08448438 -0.31955403 2.042366
