50 8
19 0.005153716 -0.46493554 0.73219633 -0.56370044 0.7532954 -0.12993291 0.7096146 -0.15678541
24 -0.08435781 0.31008905 0.30402845 -0.5221328 0.4885536 0.074847884 -0.2448221 -0.0072987764
23 -0.016168218 0.07140207 0.21223032 -0.48712912 0.69866806 -0.50922835 -0.06433125 0.37045166
28 0.14828697 0.48011345 1.0382649 -0.42456424 -0.12322112 0.460272 -0.5721497 -0.28242293
43 0.14631501 0.29873577 1.2194254 -0.6201825 -0.4183073 0.39481294 -0.42023152 0.074739024
26 0.16670452 0.056843728 1.1174496 -0.65502137 -0.23190773 0.27912536 -0.31294522 -0.0059126248
25 -0.037879784 -0.20433903 0.29691812 -0.6519037 0.53033376 -0.91677827 0.057640646 0.94931424
40 0.028552655 -0.5687002 0.6794195 -0.50674856 0.9793411 -0.25438124 0.9308831 -0.021259485
45 0.22875303 0.64271134 0.8033245 -0.5532657 -0.2771968 0.36136544 -0.9929207 -0.05725157
39 0.17233893 -0.5153296 1.0385623 -0.46144807 0.7051305 -0.15315558 0.82420915 0.13068086
41 0.121412754 0.7378569 0.18733698 -0.5237086 0.19953838 0.12656552 -0.86288214 -0.010126536
12 0.2843016 -0.42080173 0.8340231 -0.5087635 0.8063874 -0.5308266 0.8541235 0.032290604
38 0.31082702 0.5888484 0.41537017 -0.5712868 0.20788777 -0.5102707 -0.5398454 -0.29842082
27 -0.05362723 0.9870847 0.70108336 -0.34022334 -0.10155092 0.13657 -1.027893 -0.24539107
18 0.14851631 -0.9398229 0.3329954 -0.95191985 1.0323567 -0.07017741 1.128247 0.11343188
46 -0.4627068 1.0678226 -0.1602545 -0.24287696 0.42153257 0.3520878 -1.5405318 0.012210369
6 0.32416192 0.55022913 0.94168854 -0.8554266 -0.31778696 0.6873374 -0.2374989 -0.69261694
17 -0.30700535 0.5569912 0.367471 -0.6531342 -0.0033647683 0.87198704 -0.81420714 0.10126315
8 0.15428863 0.08705757 1.2225872 -0.65533686 0.01132568 0.2491969 0.31319568 -0.69841886
31 0.18839815 -0.14369477 1.1532301 -0.45647025 0.31134185 0.2736685 0.3095888 -0.5129481
10 0.038172893 0.37723035 1.2205162 -0.38387418 -0.08117768 0.71134216 -0.39170447 -0.73485124
15 -0.17940676 0.03746346 0.9986642 -0.6623499 -0.0038608434 0.5487164 0.19101207 0.035535093
14 -0.3258265 0.114973985 -0.8677989 -0.41432777 1.319687 -0.7423858 -0.72298586 1.2448739
36 -0.36497173 1.1005828 -0.15269266 -0.5424963 0.084851354 0.058557294 -1.4822558 0.3652055
13 0.22652537 -0.15103026 1.0232047 -0.516874 0.5292416 -0.5025633 0.74661016 -0.3585321
16 -0.26687604 0.9246268 -0.016326996 -0.44503042 0.27655688 0.4137024 -1.2120239 -0.23627582
4 0.027682446 0.88936734 0.3049655 -0.25496835 0.30379984 0.004489282 -1.118611 -0.34248316
48 -0.1416969 0.72669315 0.31387517 -0.31650326 0.22281392 0.13919121 -1.011839 0.10477203
42 0.222465 0.59068763 1.201052 -0.7357199 -0.5257615 0.2814174 -0.35048124 -0.47702867
44 0.22197759 0.39788875 0.7124099 -0.4860346 0.31345874 -0.13691565 -0.016366139 -0.52444637
1 -0.48208922 0.6540406 -0.605505 -0.5440371 0.60997325 -0.24406527 -1.3263447 0.49534085
3 -0.24264601 -0.57063365 -0.25262085 -0.5702023 1.4471413 -0.4940589 0.5232288 0.4272425
21 -0.098809905 -0.83633494 -0.056887478 -0.6291473 1.4769272 -0.8643916 0.8570555 0.6709785
7 0.22909918 -0.13384534 1.007715 -0.7149664 0.26410967 0.17299205 0.5592669 -0.44353783
29 0.032576155 0.7504633 0.15974645 -0.55353296 0.38336334 0.011404751 -0.5339557 -0.5187673
0 -0.356679 -1.1593763 -0.044105332 -0.67481375 1.6310247 -0.17280984 1.1643206 0.5162921
47 -0.283631 1.0067699 0.17252566 -0.31539086 0.10296948 0.85414046 -1.4626672 0.16703695
20 0.07125813 0.7496315 0.666669 -0.50052106 -0.035741374 0.2891591 -0.7027514 -0.519658
2 -0.3879547 -1.1598852 -0.11253176 -0.71904045 1.563904 -0.15300158 0.9475695 0.51136065
34 -0.21800342 0.6740462 -0.39206618 -0.29935136 0.7108365 -0.2858637 -1.3156483 0.41520104
35 -0.31965894 -0.93067175 -0.3548991 -0.5479175 1.9424028 -0.6241824 1.068579 0.3843618
33 -0.50697196 -1.2103577 -0.516152 -0.62261343 2.070951 -0.61396074 1.1275988 0.55815184
30 0.051528987 -1.3503621 0.5306525 -0.76608163 1.435378 -0.4196501 1.7338942 0.6620488
5 -0.43380857 1.073518 -0.064882606 -0.4474452 0.033975653 0.5287353 -1.5724521 0.5458305
9 -0.39437917 0.8633132 -0.46749356 -0.3902118 0.5340465 0.13006026 -1.5984493 0.26905712
11 -0.5267011 0.5026969 -0.9637936 -0.57226753 0.8429507 -0.23101065 -1.3298028 1.1155049
32 -0.322555 -0.9525556 -0.29426876 -0.5789148 1.8608938 -0.72925127 1.144215 0.42217702
49 -0.33412883 0.9259968 0.18025465 -0.41276523 -0.026931332 0.5274695 -1.5277847 0.3426988
22 -0.76335764 -1.0030686 -0.7074316 -0.494396 2.1409283 -0.52437043 0.85783243 0.75602096
37 -0.7103735 -1.0045753 -0.4594571 -0.6602659 1.8534895 -0.41412058 1.0018935 0.83003753
