50 8
23 -0.33166224 0.5796717 0.006028024 0.71663123 -0.1425223 -0.58946395 0.34199333 -0.6788457
4 -0.59883225 0.38830936 0.24235736 0.5501391 -0.64989924 -0.32598037 0.5817349 -0.73065484
28 -0.27033365 0.6604299 0.23572493 0.52118945 -0.9199299 -0.35954532 0.56455994 -0.841416
43 -0.44494918 0.46067443 0.2569969 0.5567497 -0.8109537 -0.89424884 0.25307792 -0.7842052
15 -0.027941702 -0.036154117 1.103811 0.04648544 0.33751702 0.57298213 -0.5986018 1.5189253
1 -0.44950736 0.6548689 -0.27418172 0.8302392 -0.7442926 -0.627665 0.7230396 -1.0534523
42 -0.35602453 0.12252808 1.256959 -0.05541986 -0.40088695 -0.8511261 -0.26360422 0.0074318983
39 -0.45828685 0.8247943 -0.21438482 0.6604706 -0.73626035 -0.87129885 0.3162226 -1.0289938
18 -0.0041451124 -0.24934334 1.1562499 0.30122828 0.50799555 0.04425544 -0.56715614 1.2696645
31 -0.36851802 0.86222374 -0.43597427 0.7947655 -0.57798797 -0.94263923 0.42877248 -1.0553422
14 0.018304138 0.8614902 -0.343769 0.39708626 0.55328965 1.1099705 -0.15337817 1.1417011
29 -0.45552146 0.8390214 -0.6964801 0.64111847 -0.49365875 0.54066753 0.81493574 -0.20787734
45 -0.28750828 0.075935565 1.2304981 0.16372865 -0.73830956 -0.69391936 -0.025298657 -0.30393532
26 -0.4628118 -0.19769862 0.8276993 0.6420328 -0.8060809 -0.96036667 0.2996655 -0.5217536
8 -0.018153276 0.16943042 0.32090896 0.7569431 -0.29329324 -0.93828046 0.2271684 -0.29630736
37 -0.08620101 0.2264939 0.6659291 0.21010761 0.7385714 0.92214113 -0.38549274 1.5441631
6 -0.3855608 0.21301334 0.44727412 0.69428277 -1.2065046 -0.730411 0.4651299 -0.93334454
11 -0.24210428 0.123685464 0.5963736 0.075761534 -0.42355132 1.2871265 -0.2187134 1.4306756
34 -0.17027506 1.2634276 -1.2738197 0.96703064 -0.33604074 0.2875337 0.5956488 -0.51985943
44 -0.3578517 0.8892417 -0.49446845 0.87165684 -0.7372695 -0.88067544 0.32793406 -1.1239218
33 -0.08756009 0.76236767 -0.06166181 0.27397415 1.3571352 0.8997891 -0.49477795 1.5789602
10 0.1821313 0.012532778 1.3101403 0.085237734 -0.18004264 -0.11192772 -0.03956293 0.74706876
17 -0.66187936 -0.019966712 1.3062286 0.10122828 -0.78212935 -1.0353056 -0.18094961 -0.5725507
13 -0.21678235 0.14334759 -0.77171063 1.3202121 0.7180256 0.5387245 0.5993725 0.62970567
47 -0.35693157 0.91268134 -0.36243454 0.7962671 -0.6778565 -0.41063952 0.5185384 -1.0662262
40 -0.5477948 0.94188493 -0.7021491 0.99020237 0.29553583 -1.0132664 0.5170481 -1.1280671
46 -0.39210936 -0.0129699325 0.7281784 0.634511 -0.7662778 -1.3983076 0.24152035 -0.74409205
19 -0.06388187 -0.15384272 0.5593083 0.59472626 1.0507733 0.5133119 -0.66134506 1.5760309
5 -0.17653987 -0.17223026 1.070255 0.013707969 -0.6731591 0.9533218 -0.16559258 1.4084619
22 0.23349302 0.32100287 0.5958093 0.3225681 1.2434411 0.68141854 -0.5588453 1.6442951
20 -0.25693083 -0.044391576 1.4702431 -0.043505482 -0.79541844 -0.40344423 -0.10174326 0.10928946
7 -0.020332798 0.6238271 0.06914043 0.31639057 1.1039714 0.90252495 -0.4785412 1.5092182
25 0.1971863 0.561915 0.746717 -0.20179212 -0.65846556 0.81417733 -0.44378218 1.1148182
30 0.61364204 0.39408976 0.52552533 0.49989125 0.41766325 -0.50501466 -0.43894514 0.7045629
21 0.06305245 1.0755478 -0.4556535 0.31098926 1.1006641 1.4131277 -0.3634252 1.526549
32 -0.0790781 0.36014572 0.33322725 0.25546274 1.102361 0.921929 -0.38931993 1.7091111
0 0.14094625 0.24589036 0.790158 0.19443262 0.97160035 0.9416528 -0.7230288 1.7725734
36 -0.58309937 0.6787164 -0.6374808 0.9810812 -0.85057586 -0.4097677 0.82884026 -0.95621485
16 -0.3038496 0.14633593 1.4138235 -0.06118171 -0.6457171 -0.76073647 -0.1875674 -0.15086418
49 -0.61225015 0.022499636 1.1288654 -0.13975747 -0.5426553 0.3914977 -0.2461523 0.53732413
38 -0.38280487 1.1819181 -1.1808068 0.898528 -0.27002117 0.08100551 0.5702742 -0.6209891
27 -0.45568347 0.9764776 -0.43216795 0.68955666 -1.1264665 -0.4834722 0.5349723 -1.1824243
41 -0.4818002 1.0702728 -0.8610111 0.86261564 -0.43029335 -0.3281606 0.7523186 -0.95611036
35 -0.09439921 0.15822357 0.63852745 0.16228129 1.2329161 0.92590946 -0.6157895 2.0470786
24 0.11386685 0.15150468 0.29185584 0.6745975 1.3454883 0.462968 -0.5944541 1.5048916
12 0.39604506 0.1724789 0.2785943 0.7208625 1.0602192 0.15796466 -0.5155797 1.5421342
3 0.30612636 0.41193444 0.14055856 0.5680756 1.1035758 0.9163008 -0.3895514 1.730662
9 -0.4770187 1.1947241 -0.86739606 0.36983284 -0.55554324 0.7395474 0.72017145 0.007307573
48 -0.2990761 1.2139734 -0.7040877 0.85910946 -0.76707685 -0.6690292 0.4683482 -1.3927534
2 0.20058866 0.18937656 0.037069697 0.7236816 1.5724363 0.9994221 -0.47644544 2.092552
