50 8
19 -1.118526 -0.18518358 0.27419242 0.6946756 0.07914457 -0.19361393 -0.5132827 -0.28404272
43 -1.0964607 -0.028981142 0.2927323 0.73524314 0.49058625 -0.28543615 -0.18370292 -0.7433699
24 -0.68883723 0.40495422 0.17414588 0.50417256 -0.8016844 -0.21529754 -0.18195836 -0.18263991
23 -0.57920164 0.57039464 0.111473694 0.8390457 0.17666557 0.59438604 -0.0726784 0.096613646
36 0.17757317 0.709064 0.54106617 0.60080457 -0.7506413 -0.17617223 0.5104571 -0.74593985
49 -0.043745425 0.5990868 0.5360449 0.6859389 -1.0050043 0.51698864 -0.17220673 -0.97624725
1 -0.008574491 0.50556356 0.47374985 0.6694506 -1.0153562 -0.26324356 0.14628194 -1.1650673
46 -0.15591148 0.5212454 0.4508204 0.4813712 -0.89893 -0.3261753 0.7123954 0.19351748
40 -1.1681004 0.019828105 0.34230405 0.61112106 1.5544484 -0.07126181 -0.37363094 0.51043093
48 0.109259725 0.46910194 0.5416702 0.4729942 -0.65527016 -0.5873523 -0.12155465 -0.52880514
14 0.63100785 1.0012368 0.8946413 0.26269546 -0.33542225 0.5825118 0.14576422 0.764896
16 0.17557046 0.6523315 0.6218018 0.3736577 -1.168177 -0.38019013 0.16490126 -0.5837335
17 -0.7221705 -0.031593632 0.34535095 0.6960719 -0.69722563 -0.39207897 -0.5584818 -1.1747309
42 -1.0542068 -0.3011426 0.24967502 0.716792 -0.15248705 -0.9066822 -0.36713168 -0.9022474
2 -0.4431836 0.7384915 0.49496427 0.419882 0.669839 0.6618944 0.28525603 1.0382164
28 0.6179315 0.5438655 0.9898936 0.2671871 -1.000898 -0.35332736 0.15764439 -0.3169573
45 -0.5891337 0.39636198 0.10422558 0.88935053 -1.0971978 0.24056828 -0.36830154 -0.9892291
21 0.31579462 0.97841454 0.803815 0.19034226 0.1803855 0.54907143 0.26010635 1.3517953
18 -1.2586598 0.00016601829 0.21217376 0.7455086 1.5239211 0.02973778 -0.3111635 0.453253
6 -0.98363227 -0.4914297 0.52125114 0.3522205 0.05030134 -1.5602713 -0.18115166 -0.31814978
35 -0.07844968 0.3183806 0.7476129 0.55055386 1.333336 0.29843372 -0.32398257 1.1221132
38 0.72532743 1.1562178 0.76006997 0.4395587 -0.056177884 0.5123279 0.06224284 0.27264583
34 0.3650674 0.98669535 0.47468638 0.69097126 -1.0280864 0.5471114 0.06760482 -0.63980097
31 -1.3585147 -0.24758457 0.0059223464 0.9312844 0.70751387 -0.5558884 -0.28407595 -0.43842408
4 0.7987749 0.9087805 1.0576324 0.12622806 -0.8776251 0.079165585 0.41645557 0.3665691
25 0.7723934 1.2829877 0.8205963 0.36301562 -0.052028596 0.78081805 0.22718453 0.49177924
11 0.3395189 0.62095076 0.59683573 0.6393989 -1.3951929 0.8263819 -0.42144737 0.12811886
13 -0.9113735 -0.06727555 0.49501708 0.44578546 1.2348381 -0.47176903 -0.0055395532 1.0370699
12 -0.5571176 0.13398542 0.6978937 0.29178947 0.76805556 0.11363723 0.18582039 1.9060484
3 -0.5977737 0.62930876 0.5020396 0.30071396 0.6568438 0.4940916 0.24095397 1.4329047
7 -1.0558304 0.06394518 0.34412533 0.23670715 0.84895587 -0.7761462 -0.10025281 1.2692045
44 -0.5203171 0.22920989 0.16226026 0.68221503 -0.23574321 -1.0317637 -0.88394266 -1.4763733
9 0.47051862 0.5135295 0.95661867 0.2540426 -1.1983607 -0.36954737 0.21119498 -0.3899102
41 0.77110165 0.6919518 0.888928 0.49391723 -1.399569 -0.059556637 0.1873057 -0.62217134
27 -0.21382047 -0.12658164 0.78366005 0.34425244 -1.3495699 -0.89058256 -0.30250555 -0.7325247
33 0.1196426 0.703834 0.7449815 0.49453378 1.3646753 0.48128867 0.23256348 1.4226897
8 -0.82299453 -0.17333832 0.41677547 0.34611616 0.76831967 -1.4963013 -0.45129335 0.026814343
29 -0.45208153 0.65674293 0.31861088 0.03637911 -0.5322862 -0.58245414 0.004122152 1.1783245
39 -1.0648382 -0.3590471 0.2847738 0.89647 0.37232322 -0.6326496 -0.5924992 -1.2270782
5 0.16301423 0.4263605 0.52005506 0.6245017 -1.7364076 0.070964575 -0.13492401 -0.18406701
30 -1.0878396 -0.010237108 0.20622948 0.9188087 1.5458962 -0.3500478 -0.29555678 -0.8048979
26 -1.2060447 -0.4470331 0.36794782 0.43150806 0.43804654 -1.4607354 -0.50738263 -0.56049603
37 0.0004169193 0.34341204 1.0379837 0.06345232 1.1875792 -0.3184987 0.24094099 1.6409569
15 -0.96883184 0.42263633 0.05174713 0.65554017 -0.016757024 0.09625353 0.15299557 0.40293515
20 0.7248654 0.25005448 1.3521844 -0.104987174 -0.8153394 -0.77856314 -0.3500776 0.31408823
0 -0.8034107 0.57200366 0.32099244 0.48935136 0.9930502 0.5965247 -0.06305159 1.2537724
22 -0.2594005 0.21543643 0.6268465 0.8499181 1.3240145 0.595345 -0.1559922 0.43542045
10 0.05165974 0.4983044 0.853944 -0.08766052 0.25140902 -0.796638 0.038592987 1.2161344
32 0.18641563 0.8202225 0.6984678 0.4600744 1.4288769 0.3032077 0.25911403 1.284586
47 -0.27854985 0.4299293 0.20086057 0.9163971 -1.0219998 0.07991546 -0.38076624 -1.3237584
