50 8
27 0.1939785 0.89847696 0.19941714 0.48794326 -0.09942021 1.0944401 0.2243542 -0.51017475
19 0.08910272 0.06748635 0.6400453 0.601488 0.7391869 -0.5617154 -0.7120696 0.6933314
1 0.10177243 0.63650286 0.6414075 -0.099400826 -0.5521557 1.266063 0.48717067 -0.08867685
29 0.042882647 0.26106295 0.25651878 0.61318386 0.1935088 1.0029747 -0.24727353 -0.33792412
23 0.19334978 0.90011567 0.22256963 0.463709 0.895457 0.59670377 -0.28276747 -0.42242762
36 -0.009843285 0.28722197 0.36094987 0.35780248 0.22937106 1.1188269 0.22534464 -0.2877348
16 0.34752387 0.18502906 0.78852874 -0.24276988 -0.3385889 0.7310918 0.052311447 0.79780084
24 0.35743615 0.013510854 0.6913982 0.38340035 0.58901256 -0.24052627 -0.29328814 0.53428996
20 -0.12533739 0.6084195 0.068735056 0.80595905 0.15443002 0.81266195 -0.055026785 -0.18208437
4 0.15231952 0.754361 0.24494107 0.5570043 -0.8075768 1.1934612 0.2623453 -0.25875473
15 -0.10716968 -0.27052772 1.3505151 0.021889502 0.48268926 -1.0606246 -0.2533144 1.163951
38 0.2742872 0.3163074 0.0024433874 0.99527663 -0.6137016 1.4955006 0.30589595 -0.6485511
31 -0.36033407 0.5561941 0.23072204 0.71533936 0.21004696 1.198047 0.062296014 -0.9482144
17 0.28845355 0.44087523 0.8872754 -0.04959881 0.10230656 -0.3988655 0.2750744 1.1295447
18 -0.32809195 -0.012585803 1.1692944 0.27717748 1.2556939 -1.136218 -0.38095474 0.62050533
28 0.1287004 1.2722136 0.5050437 -0.1709924 -0.25989884 0.89835864 0.28291187 0.09412965
34 0.22321953 0.037512522 0.50223583 0.39902708 -0.27401713 1.4083606 0.36307308 -0.75401443
10 -0.28132138 0.890925 0.475963 0.70243514 0.7791461 -0.6383876 -0.55586076 0.23479806
49 0.35055774 0.32696447 0.5997241 0.163902 -0.74806625 0.6907539 0.7362463 0.6084812
14 0.31888148 0.30068094 0.26856145 0.5516759 -1.1371386 1.5716786 0.31150737 -0.16746779
39 0.43925256 1.1253461 -0.28361547 1.0701566 -0.3450877 1.457865 0.07472682 -0.8936792
21 0.17788225 -0.967512 0.3444328 1.1400417 -0.8148143 0.9800412 -0.039908398 0.14265122
9 0.4987083 0.61176527 0.2941662 0.5742913 -1.056141 1.0839887 0.08927134 -0.116489224
26 -0.5542428 0.6044729 0.6496866 0.73254734 1.340121 -0.5932581 -0.60121334 -0.3689747
43 0.6361793 0.5467945 0.14057046 0.89581263 -0.08516515 0.78825694 0.19751857 -0.63948756
42 0.004934771 -0.1929323 1.0706518 0.047361072 0.057748992 -0.17323494 0.07449077 0.79174197
41 0.1202448 0.47452775 0.07871709 0.8935538 -0.46138152 1.4103528 0.3113792 -0.7354337
12 -0.2869505 -0.018514678 0.7752434 0.8193246 1.2533807 -0.8383859 -0.5697062 0.09977607
25 0.4051055 -0.95835334 0.61430734 0.9393871 -0.27854002 -0.17663504 -0.14239788 1.0880694
13 -0.32193404 -0.19878638 0.27105683 1.155093 0.5615879 0.37193578 -0.3855334 -0.30709574
37 0.18464337 -0.8350945 1.1135069 0.45063952 -0.16494091 -0.6842853 0.17909825 1.352698
3 0.4381853 0.49386567 0.89210063 0.339142 0.5961767 -1.0778571 -0.38997734 0.7225918
11 0.5027391 -0.21322595 0.43187344 0.668445 -1.4221137 0.6636342 -0.13026306 0.95056766
6 -0.4572237 1.359301 0.62258315 0.25176147 0.8457209 0.001462844 -0.34647965 -0.6612892
8 -0.90530705 0.40620807 0.7426815 0.29470107 1.2951193 0.32172042 -0.38788462 -0.6091202
7 0.23823817 0.6468736 0.7288082 0.48231947 0.8762563 -0.9176738 -0.025673954 0.3365787
35 -0.33601302 -0.58442026 1.5031605 -0.16034164 0.4232785 -0.70288354 -0.049915567 1.1052884
45 -0.21910542 0.2867382 0.62466764 0.38518724 0.92839205 0.14232549 -0.3242828 -0.16681448
40 0.2660413 0.7890614 -0.016706897 0.6211254 0.012312977 1.5299592 0.4208958 -0.6301202
2 -0.5915639 -0.38527408 1.3835062 0.16791333 0.7763346 -0.8774708 -0.29058757 0.54787326
5 0.60091734 0.8770481 0.89900047 -0.16942893 -0.67632717 -0.4532986 0.28577086 1.4526788
30 -0.18640149 -0.27251044 0.9963392 0.7120805 0.6291748 -1.2466748 -0.47518703 0.8991598
32 -0.18406413 -1.0829582 1.3755584 0.34036782 0.7442271 -0.99795604 -0.043885954 1.0692571
33 -0.0048266263 -1.2424389 1.5796235 0.1052812 0.5140364 -1.0248177 0.24874923 1.36377
47 0.3761638 0.8087494 0.21707486 0.38462302 -1.0720801 1.7032794 0.7289697 -0.34657085
44 -0.09710219 0.39891616 0.18413356 0.8196044 0.6630608 0.96741694 -0.083373815 -0.8658146
0 0.23916918 -0.52900296 1.3675056 -0.0016665255 0.40385947 -1.0465317 -0.22338533 1.5616493
46 0.5979691 1.081191 0.7361326 -0.38669378 -1.0056847 0.852039 1.0038134 0.4437297
22 0.031036377 -0.87878233 1.3974959 0.08946985 0.1384428 -1.0200871 -0.0038392565 1.9328433
48 -0.060709465 0.031755637 0.58862567 0.32071462 0.39122683 1.2543093 0.048784155 -0.87210315
