50 8
1 -0.80346817 -0.17252961 0.67837507 0.33218175 0.37492996 0.33027065 0.7040097 0.35449767
40 -0.061095078 0.35810724 0.014226964 0.7414656 0.5222546 -0.07253318 -0.38585058 0.9889301
10 -0.6265764 0.49180892 0.1489912 0.34980994 0.46190724 -0.32870892 0.018164009 1.0404637
24 -0.07277741 0.85231954 0.099214494 0.10426971 0.5366577 -0.40290844 -0.49145555 1.1322932
39 -0.8799783 0.2797247 0.5294225 0.5041058 0.4011571 0.12914285 0.48429528 0.48712602
23 0.09801174 0.3835675 0.25260603 0.046550706 0.55200577 -0.41451472 -0.806603 0.8972775
46 -0.4948767 0.11210305 0.8481889 -0.5504961 0.22784849 0.49029568 0.072129264 0.3421402
48 -0.117864974 0.807243 0.49643978 -0.34716204 0.20136842 0.12569483 -0.16391815 0.80498666
6 -0.52062 0.5259763 0.11261251 0.2986823 0.7364259 -0.38706353 -0.50140154 0.9111326
19 0.08247779 0.73094946 0.20667118 0.23219126 0.54129666 -0.4514293 -0.65514755 0.9801189
45 -0.61152303 0.4024052 0.83960557 -0.51755506 0.32639804 0.18637766 0.24271703 0.3534983
13 0.25660482 -0.23584041 0.30267498 1.1707336 0.43831426 -0.05743523 -0.5333474 0.5879475
20 -0.7937081 0.7348198 0.18746875 0.1623265 0.5203233 -0.19898924 0.13849184 0.9739383
26 -0.15679921 0.39492974 0.14908043 0.37249732 0.26317275 -0.21193577 -0.4168139 1.0721761
43 -0.6006805 0.42230257 1.0831838 -0.5686159 0.08241731 0.8211435 0.63635606 0.0891913
28 -0.8725101 0.60242647 0.5255936 -0.16091639 0.18958569 0.09797204 0.41599068 0.74027395
31 -0.43150645 0.90951484 0.16488606 0.14645615 0.3564189 0.20529836 0.1319009 1.0129486
27 -0.3969306 0.6960476 0.7703272 -0.6771383 0.31899127 0.14222373 0.23543794 0.5096088
25 0.24856177 -0.15396376 0.2909913 0.8881304 0.6271756 -0.34783348 -0.5881359 0.618385
12 0.3058981 0.7076574 0.2100357 0.6727452 0.6090122 -0.2186221 -0.41867518 0.7736372
42 -0.932313 0.19920938 0.7508027 -0.5692733 0.44794273 0.004582564 0.32959142 0.45700875
38 -0.7942864 0.44191355 1.0320699 -0.4449527 0.0134477485 0.79519635 0.80619806 0.18797596
44 0.06295153 -0.584602 0.36781305 1.0552216 0.74534184 -0.3595739 -0.23151523 0.47984725
18 0.5010301 -0.51108897 0.16868652 1.2609084 0.62584615 -0.61163235 -0.97909117 0.77586067
2 0.2333154 0.9838391 0.1600839 0.10754279 0.6143252 -0.4698721 -0.94857246 0.9793313
21 1.0667833 -0.60708433 0.7342627 0.4618947 -0.0077347355 0.93060714 -1.2640179 0.10518424
7 0.6845486 0.7311371 0.1210418 0.10523746 0.5110581 -0.2055382 -1.0144843 1.0358595
36 -0.74825466 -0.0072835176 1.24018 -0.61219335 0.039673522 0.60450596 0.9930697 0.08425292
17 0.23882787 0.42541558 0.5109149 -0.71344095 -0.00087485573 0.72375333 -0.6952272 0.7659112
29 0.38129517 0.12142871 0.48479542 0.07474377 0.31649217 0.19822073 -0.70726234 0.6148674
34 -0.41474926 -0.30668807 1.4204711 -0.74184185 -0.12579915 0.713787 0.79310364 -0.067857794
49 -0.08613789 -0.40380263 1.5116746 -0.8084117 -0.48709333 1.0645348 0.5454834 -0.05726441
0 0.77189004 0.27552032 0.142583 0.7379828 0.8209402 -0.16845812 -1.3314688 0.6249191
4 -0.29815793 -0.26022905 1.4807155 -0.36577627 -0.42018983 1.0770937 0.83592916 -0.19921324
15 0.55113935 0.8675926 0.124447614 0.27492613 0.62354904 -0.118546836 -1.0574696 0.85496056
35 -0.079614535 -0.91130966 0.8314402 0.98725146 0.031693723 -0.18775703 0.3745123 0.32923874
41 -0.5580355 -0.18854916 1.2506566 -0.015179802 -0.09125512 0.72113913 0.8166308 -0.1336787
8 0.26818615 0.21818344 0.07714648 0.954346 0.7649305 -0.538017 -0.8518031 0.8180704
16 0.93655187 -1.1872549 1.2342026 -0.19981897 0.00870402 0.8272775 -0.27313006 -0.123118356
30 0.93838465 -0.72946614 0.80813295 1.3857613 0.10992942 -0.21654928 -0.8464105 0.06091898
14 -0.10361506 -0.9514846 1.7438738 -0.593348 -0.65783334 1.0506307 0.73434997 -0.22490175
22 -0.3711712 -1.5444856 1.0577413 0.3503252 0.05839022 0.054716423 0.15092066 0.11789656
9 0.24530198 -0.7344932 1.728312 -0.9054159 -0.67943066 1.1523627 0.60367024 -0.14353947
3 0.9298793 0.46130878 0.2293773 0.44907054 0.6976427 -0.096262746 -1.189513 0.67904216
5 0.04190227 -0.65817314 1.6845433 -0.5379065 -0.4646973 0.95077986 0.8290912 -0.25605944
47 -0.54446393 -0.5210222 1.5618671 -0.32618284 -0.41253033 1.3403869 1.394892 -0.25101203
37 0.9567734 -1.629964 0.6553673 1.7469285 0.19043557 -0.5290883 -0.78388256 0.3381507
11 -0.108223945 -0.75535125 1.9311733 -0.8339056 -0.7045232 1.3767551 0.63651603 -0.48638403
33 0.25217673 -1.861504 1.5833532 0.7295715 -0.3498071 0.8701856 0.52619165 -0.47433817
32 0.49130732 -1.526144 0.6549169 1.9094219 0.43757018 -0.64890164 -0.087732315 0.24221568
