50 8
19 -0.43408304 0.50451356 0.5960472 0.108279444 0.3030664 0.038343806 -0.38993672 0.59628254
39 -0.0804787 0.7552262 0.18359755 0.003839285 -0.2259335 -0.8086273 -0.2287637 -0.66435695
40 -0.15294777 0.5744548 0.6361379 -0.33547214 0.7871131 -0.63909453 -0.32319793 1.1816627
43 -0.26531547 0.83185965 0.16998574 0.34367818 -0.5988644 -0.14998306 0.09522064 -0.8161643
21 -0.37659484 0.35138312 0.78005874 0.18939218 0.40387866 0.2951845 -0.13485643 1.558023
1 -0.20033087 0.4044899 0.27940324 0.69325984 -0.6393108 -0.6525476 0.15443136 -1.3117207
24 -0.24110524 0.5317338 0.5177286 -0.2087049 0.45718932 -0.57875496 -0.26132905 0.9542681
31 -0.19375183 0.07797123 0.5141599 0.062978275 -0.12282872 -1.6033369 -0.36697462 -0.8627207
45 -0.26664877 0.45613804 0.2482899 0.61302614 -0.7140532 -0.70829064 0.07845551 -1.5049939
17 -0.4723926 -0.11596534 0.43130603 0.7222995 -0.56761557 -0.92805845 -0.24021743 -1.132332
16 0.118119985 1.2217711 0.045325346 0.3058337 -0.6864735 -0.040243834 0.25821716 -1.0418334
26 -0.17343426 0.10701605 0.6793916 -0.27050686 0.29952052 -1.3502691 -0.5180167 0.09322875
29 -0.0046381806 0.9382544 0.13717856 -0.04818141 -0.43809846 0.002126005 0.059162844 0.8859467
25 0.1078209 1.0771849 0.50942564 -0.27003708 0.08712515 0.46718907 -0.070495225 1.5817057
23 -0.30333278 1.0491936 0.47049192 -0.43772286 0.0750802 -0.2733314 -0.13721155 -0.21189965
36 -0.4615905 0.70640177 0.22450744 0.8384655 -0.43009028 0.13386112 0.06156607 -1.3081089
15 -0.3329443 -0.18726249 0.50518054 0.51025283 -0.36206558 -1.0158689 0.2881462 -0.117534265
12 0.14935252 0.9931962 0.4364324 -0.30092382 0.14381288 0.14433649 -0.12133001 1.6548748
27 -0.46390617 0.19199324 0.23049 0.87758386 -0.91426563 -0.43183216 -0.06159306 -1.3042598
14 -0.19479828 1.057314 0.31445426 0.7797262 -0.6768674 1.4881002 0.23727371 0.3780438
32 -0.19004941 0.4840343 0.7005505 0.04772563 0.32684305 0.24250847 -0.13239117 1.8829881
28 -0.23536469 -0.1641319 0.6249151 0.85178024 -0.7232657 -0.68101823 0.30969152 -1.0837505
37 -0.39260262 0.16655722 0.986303 0.37348863 0.4831755 0.5008812 -0.16143344 1.6315882
0 0.13033892 0.4959723 0.5189022 -0.10112641 0.61359847 -0.5403676 -0.23585671 1.8041813
34 0.16723332 1.6007458 0.05517608 0.2866941 -0.3882118 0.70548296 0.07478393 -0.4851027
11 -0.29058442 0.93458134 0.07977257 0.86310536 -0.6415574 0.9408619 -0.071152054 0.014961339
9 -0.3019389 0.6766851 0.22970289 1.0419723 -0.99169576 1.054908 0.25437602 -0.0759602
8 -0.27830073 -0.44228503 0.72094667 0.26723573 0.35190755 -1.351473 -0.3677252 0.879777
49 -0.37722406 0.7982921 0.26403353 0.73099965 -0.80959976 0.28119203 0.19924137 -1.4069395
35 -0.21359065 0.37873325 0.8816902 0.19277816 0.6848941 0.24121569 -0.19462624 1.8278546
41 0.10497472 0.758739 0.106314 0.62418604 -1.0683731 -0.32968244 0.19788231 -1.214648
13 -0.12645786 0.300149 0.7896179 -0.06145083 0.5250281 -0.19475938 -0.2704558 1.9940591
47 -0.3762499 0.5068655 0.1864609 1.1564556 -1.011475 0.14935489 0.17320965 -1.57333
42 -0.15797408 0.022493085 0.29739028 0.39029592 -0.30347878 -1.6059744 -0.041642398 -0.9568951
38 -0.10180665 1.5600505 -0.06302871 0.27427676 -0.73925656 0.5847808 -0.1656766 -0.93847245
7 -0.15787336 0.38309923 0.64795065 -0.22068478 0.6624422 -0.46539736 -0.28264144 2.0316195
3 -0.14888902 1.0422764 0.6244096 -0.22600031 0.87027603 0.36179024 -0.27373418 1.7824577
5 -0.42225763 -0.13440923 0.4354616 1.625845 -0.58143437 0.48769677 0.2522978 -0.09290436
44 0.03246186 0.5746208 0.107082404 0.3461009 -0.7658923 -0.9394592 -0.08175455 -1.1626413
20 -0.45262486 -0.22613993 0.51267725 0.87941974 -0.25797957 -0.92148995 -0.2504188 -0.9466509
2 0.08535986 0.58946544 0.46049052 -0.20118971 0.6028715 -0.5006997 -0.24803053 2.0788538
4 -0.51030576 0.11447673 0.41910896 1.0950172 -0.92655057 0.088985875 0.12825797 -1.0627091
18 -0.33723417 0.32055768 0.8923522 -0.21915181 0.54230946 -0.08511383 -0.29613945 2.0924056
33 -0.1356452 0.77631617 0.6978891 0.20070276 0.5967286 0.7887623 -0.13891828 2.1220617
30 -0.002611801 0.44193792 0.7121093 -0.3060187 0.58323467 -0.5692635 -0.09330154 1.7761186
22 -0.3216465 0.40076837 0.85009396 0.41933858 0.38275355 0.77174217 -0.1335756 1.8129567
46 -0.4247514 -0.7067785 0.57852113 0.94022024 -0.5284562 -1.0538288 0.15406707 0.11677439
10 0.028230269 -0.5605709 0.62540966 0.5862966 -0.03530948 -1.3223892 0.0786198 0.9678208
48 0.08187939 0.78904295 0.012519533 0.80127674 -1.183165 -0.19336733 0.13529024 -1.5034823
6 -0.49463427 -0.37927282 0.45858505 0.5972805 -0.37407666 -1.5848318 -0.09522819 -0.94826376
