50 8
1 -0.33125666 0.6930047 -0.09651768 0.30877903 0.32847196 0.06992012 0.04678096 -0.91736394
49 -0.67756647 0.4775168 0.20359434 -0.14503148 0.94240665 0.028934393 0.46441323 -0.700524
9 -0.5238269 0.6269503 0.03511844 0.27441344 -0.06429642 0.15118216 0.41135278 0.06899035
19 -0.21393876 0.2765253 0.89504516 0.29153955 0.4106707 0.33437395 -0.12260865 1.7263793
23 -0.89213485 0.39100716 0.3907711 -0.4187303 1.0172906 -0.15463328 0.89856833 -0.43396932
21 -0.09797168 0.33703452 1.0601461 0.29086754 0.13909547 0.30213603 -0.10730644 1.7169821
6 -0.57271236 0.49314907 -0.52465063 0.8001269 0.13798074 -0.4292261 -0.04096784 -0.8834121
43 -0.8263308 0.31662124 -0.0035429797 0.19499958 0.5384061 -0.61731243 0.20536223 -1.16506
4 -0.3059225 0.65103537 -0.06695889 0.65191865 -0.6427182 -0.37453642 -0.42915696 -1.3949045
17 -0.50576645 0.08291042 0.9802153 -0.063792035 0.69892377 -0.17980173 0.23710658 0.8134337
34 -0.33531308 0.65004957 -0.17117622 0.6787047 -0.049728177 -0.036058508 -0.15343411 -1.7019838
31 -0.78189015 0.22602032 -0.33859295 0.8087009 0.20150393 -0.74299395 -0.13535224 -1.2717612
42 -0.6260182 0.59256303 -0.017315624 -0.06640708 0.7056971 -0.47523266 0.21511829 -1.4274445
46 -0.4714293 0.65967524 -0.22888614 0.61934656 -0.11411845 -0.11591928 -0.13093804 -1.7515992
13 -0.121725775 0.3143163 0.42802632 0.8668799 -0.42353314 -0.08398384 -0.13750891 1.3231673
27 -0.6893719 0.5960281 -0.6182335 0.7719092 -0.025185227 -0.29578468 -0.26251587 -1.4236788
14 0.052314054 1.0462735 0.7345666 -0.2229496 -0.4095156 0.80077803 -0.16149686 0.50353026
45 -0.6834154 0.604418 -0.36271298 0.45000324 0.10531942 -0.4188357 0.17454116 -1.3988091
38 -0.33862346 0.87210417 -0.17220944 0.25335976 -0.11447581 -0.19053358 -0.1278839 -1.8578709
28 -0.59282726 0.50772864 -0.4783964 0.7179222 0.09016252 -0.57439 -0.13229091 -1.5150232
36 -0.7092427 0.57965976 -0.3990993 0.58280504 0.21158247 -0.164004 0.09702769 -1.7579347
7 -0.4438384 0.3445077 0.36509728 0.033305425 0.89640796 -0.32864597 0.29587755 1.3883088
20 -0.13786738 0.8206793 -0.11372713 0.7743704 -1.042648 0.05463371 -0.87238896 -0.5810866
10 -0.43369597 0.5118226 -0.1062509 0.4103403 0.5159925 -0.19432354 0.52843875 0.6144224
26 -0.32872966 0.37901163 -0.10638726 0.70143527 -0.0011526777 -0.4867581 -0.4353462 0.5477839
48 -0.47616807 0.5490496 -0.21330307 0.6065956 0.23204516 -0.29995415 -0.09150639 -1.6507399
47 -0.656618 0.49340904 -0.34503165 0.6085022 0.289979 -0.29670855 -0.007833359 -1.4955164
44 -0.43114433 0.8047497 -0.81261295 0.7512781 -0.09001807 -0.7101509 -0.011724647 -1.6261092
33 0.4103691 0.8337072 1.4717962 -0.3740809 -0.05282177 0.22786362 -0.25831988 1.6524116
12 -0.23748587 0.44935402 0.31593987 0.12385463 0.81501174 -0.43174762 0.723248 1.2517122
40 -0.5979619 0.7810254 -0.5031329 0.21441358 0.367097 -0.4890174 0.098634176 -1.4933563
41 -0.15047848 1.0197481 -0.5211476 0.54746634 -0.40213725 -0.37148163 -0.25850117 -1.2447197
15 -0.27272436 0.0035294828 1.1978556 0.054303452 0.79772896 -0.3234205 0.13343802 1.4046259
16 0.999416 1.217246 1.1349547 0.0061976514 -0.8093419 0.23857267 -0.3643337 1.0929474
2 -0.5087216 0.20159529 0.69370115 0.024257516 1.0375328 0.10690495 0.7098279 1.1071125
39 -0.7169689 0.5076048 -0.3856651 0.39666852 0.3623811 -0.76821357 -0.04141728 -1.5594954
5 -0.15325354 0.2556093 1.3172992 0.21746334 0.021603564 0.59119064 -0.18965818 1.2887263
32 0.37635535 0.5884854 1.470128 -0.055560857 0.096566275 0.104125276 -0.0766109 1.7358663
24 -0.75591874 -0.045442495 0.9903341 -0.17822824 1.3834025 0.015820032 0.74929094 1.1995398
18 -0.069484964 0.3648153 0.8730865 0.53012866 -0.2014077 0.17638372 -0.41783074 2.038069
0 -0.15497722 0.22444646 1.6560501 -0.3799812 0.6702394 0.17653854 -0.050726365 1.7873112
25 0.36938673 0.8248032 0.8079519 0.42815247 -1.0900744 0.44277233 -1.1716673 0.5095272
37 0.6460065 0.8699644 1.2579204 0.15307283 -0.4970863 0.48068708 -0.33740735 1.371867
35 0.5265919 0.6483039 1.5323805 -0.3602055 0.2175754 -0.24560285 -0.20490721 1.2514478
30 0.4365123 0.5667576 1.1606355 0.32802072 -0.09228064 0.078689255 -0.38516474 2.00645
8 -0.06250555 0.46496862 -0.6793047 1.3350112 -0.18526036 -0.784968 -0.38257408 0.08780418
3 -0.46972525 0.3596886 0.45529938 0.11082631 1.0338998 0.13826072 0.8790758 1.4388367
29 0.19848362 0.8314038 0.44509217 0.63661695 -1.195837 0.12435737 -0.6430844 1.391937
22 0.81785417 0.83807415 1.6431079 -0.03380777 -0.5138978 0.20506436 -0.54809874 1.7385925
11 0.30189157 0.7880771 1.0100919 0.4512629 -0.9631625 1.2507075 -0.88040924 0.15262197
