50 8
1 -0.0111399535 0.30452305 0.31679818 0.461712 -0.8576956 -0.15618688 0.5713294 -0.34307522
28 -0.16583501 -0.035090204 0.30497345 0.0129346065 -1.2471703 -0.8024363 0.5943096 -0.6607088
27 -0.34604123 0.53292704 -0.114241034 -0.26622668 -1.313306 -0.70184857 0.21963188 -1.0118759
18 -0.7215987 0.52834725 0.402534 0.637222 1.3217621 -0.28976542 -0.61738884 0.1798855
36 -0.09913917 0.2997098 0.32405475 0.12905549 -1.4531553 -0.1391917 0.43110672 -0.5013357
23 -0.6791544 -0.22009969 0.6525348 0.72718793 1.1155261 -0.7793645 -0.45177948 -0.10872115
29 -0.104419224 1.1870252 0.20358962 -0.30532283 -0.73203695 -0.008960107 -0.45819625 -0.2852571
41 -0.18829788 0.91209453 -0.031960126 -0.19606856 -1.363334 -0.13169594 0.25052458 -0.52539915
43 -0.20139259 0.30151218 0.11701418 0.038573116 -1.3302733 -0.48630223 0.47792798 -0.6817106
8 -0.36823046 0.31998175 -0.05881874 0.29116023 0.16025017 -1.0096976 -0.42940137 -0.84102136
20 0.03734852 0.3555747 0.22230226 0.4857618 -1.0885441 -0.16156593 0.61190444 -0.17603263
19 -0.5982096 -0.4684798 0.76658547 1.0881097 0.9188535 -0.31044134 -0.3896655 0.08165962
6 -0.29372934 0.0049921134 -0.11846913 0.46358326 -0.35959285 -1.1067227 0.22283919 -0.99384433
34 0.046372548 0.9055868 0.34117886 -0.14061989 -1.6089135 0.3268187 0.04970703 -0.16713844
26 -0.19768381 0.38654286 -0.056936752 0.13758263 0.053071678 -1.2564573 -0.49843064 -0.9239576
17 -0.30265588 -0.37815285 0.43583247 0.5825052 -1.3259119 -0.3758629 1.004702 -0.27754018
24 -0.8891072 -0.5334688 0.7316555 1.257948 1.2975168 -0.37652767 -0.5828433 0.36706042
21 -0.54109955 0.38148236 0.88643616 0.49096888 0.70553565 0.26451397 -0.71254385 0.5921121
39 -0.111691736 1.3220706 -0.41142908 -0.37852898 -0.7897192 -0.71104157 -0.35002682 -0.7249524
12 -0.63365936 0.0770754 0.39053905 0.86732745 1.0857987 -0.60549897 -0.16063091 -0.06440748
7 -0.3668623 -0.2456957 -0.0269403 1.0833653 0.592137 -1.277061 0.29447582 -0.58380437
49 -0.092294805 0.22192235 0.58125716 0.026397042 -1.5145633 0.11391153 0.35521075 -0.38342205
40 -0.44671622 0.7350952 -0.097102314 0.325584 0.6977396 -0.90139806 -0.30163226 -0.5100775
45 -0.17721558 1.024502 -0.2544528 -0.21695201 -0.5281581 -0.8720722 0.016407821 -0.8730546
46 -0.23372003 0.26575002 0.19810157 0.11413698 -1.6388513 -0.30193913 0.7164091 -0.22652183
11 -0.019771896 0.7315702 0.6687329 0.344573 -1.246923 0.98554194 0.043459427 0.5248598
15 -0.5747812 -0.3782895 1.0778084 1.302288 1.1700455 -0.15838172 0.098912336 0.8603687
14 -0.4856988 0.9697978 0.7895072 0.18181358 -0.4084463 1.1166526 -0.48020995 1.0340207
31 -0.21293768 0.4661821 -0.1625264 0.13508603 0.2038591 -1.3825634 -0.4853698 -0.9292938
47 0.065954976 0.65866596 0.29983833 -0.08907692 -1.5476031 -0.04138533 0.37037492 -0.43322828
16 0.18100642 0.64751136 0.40274322 0.0660537 -1.6103446 0.17289914 0.3071429 -0.27276886
2 -0.811153 0.4457979 0.426093 0.718617 1.5100683 -0.50823253 -0.64507526 0.21466509
30 -0.7234986 0.4309491 0.36210912 1.0234991 1.9498167 -0.5567523 -0.8987655 0.11566488
35 -0.4826742 0.22793706 1.2419598 0.9249364 1.1315125 0.57166547 -0.6799098 1.0459236
13 -0.83818406 -0.19315742 0.45969585 0.85096145 0.8472394 -0.562386 -0.22021434 0.07708789
42 -0.30001107 0.21942762 0.32002077 0.5879081 0.3363299 -0.70921594 0.42779812 -0.3957082
38 -0.024666809 1.1466312 0.24797463 -0.13729496 -1.6634337 0.636093 0.012842104 -0.0073007606
3 -0.62312806 -0.37639073 1.0905187 1.2065463 1.3415782 -0.0309531 -0.6872893 0.44114798
25 -0.29768994 0.97014594 0.6145472 -0.12214013 -0.45232403 0.6043143 -0.8999207 0.3935302
10 -0.18956093 -0.16884728 0.052144445 1.183664 0.021403091 -0.847586 0.9684974 -0.20590094
9 0.024810797 0.46511698 0.4659203 0.1605249 -1.6778345 0.18332638 0.64034057 0.12406546
37 -0.5466199 0.4897378 1.0611496 0.5801252 1.0097916 0.45047966 -0.7683038 0.7198086
33 -0.5017493 0.27886483 1.3428075 0.81951493 1.5344877 0.5108423 -1.0032564 0.8356837
5 0.2337187 0.6160988 0.8357981 0.7596596 -0.9441028 0.80768347 0.54553354 0.9651853
4 0.024141978 0.17206456 0.4884448 0.37985393 -2.033889 0.34427238 0.75373006 -0.04461925
48 0.22666329 1.4492369 0.12157463 -0.46290815 -0.50063396 -0.34770572 -0.90370995 -0.54015183
0 -0.7227407 -0.118869096 0.7184807 1.1312059 1.78461 -0.7109294 -0.26472422 0.2637192
44 -0.16396263 1.0280682 -0.37036726 -0.09155116 -0.52002245 -0.7114622 -0.4692385 -0.9302749
22 -0.45234302 0.29914293 0.97649807 1.1252557 1.4088029 0.37630433 -0.7429296 0.7098015
32 -0.4649417 0.53309304 0.79171383 1.2317684 1.8182056 0.29977855 -0.7946371 0.71431154
