50 8
16 0.6345586 -0.17607525 0.88225555 -0.5588672 0.5497704 0.65001005 0.23790915 -0.30453154
28 -0.47149515 0.098801896 0.72938854 -0.69318944 0.68524355 0.8928939 0.50712836 0.28891492
43 -0.46448007 0.087720275 0.94232804 -0.3185583 0.3851453 0.3390204 0.47389674 0.39179292
15 -0.6958616 -0.09361764 0.5536012 0.42575014 0.2102409 -0.0926708 -0.053926423 1.2007717
44 -0.19088358 0.35648188 0.6118569 -0.28812104 0.68866915 0.46966764 0.78216994 0.47104898
49 0.0052415025 -0.34064168 0.74302626 -0.33053893 0.45442644 0.6911648 0.31516966 0.1648864
6 -0.30984476 -0.37869 0.2724564 0.09720766 0.75489295 0.369539 0.3112618 0.73947346
45 -0.55663705 0.17757651 0.91511214 -0.40424776 0.3950203 0.5082388 0.65884966 0.4779777
29 -0.09418687 -0.43469477 -0.21079043 0.54600513 1.1997212 0.42389834 -0.1956592 0.4746601
27 -0.019558849 0.2853083 0.6781342 -0.64478564 0.8118943 1.1962456 0.7582419 -0.19162403
19 0.36557114 0.124147885 0.19226944 0.8680821 0.5771572 -0.52941656 -0.716095 0.7653381
26 -0.73180896 -0.03851602 0.35300562 0.6812534 0.33533126 -0.1466606 -0.029798433 1.2966338
36 0.08861279 0.1028963 0.76724035 -0.76493144 0.7777636 1.1139848 0.6149985 -0.22162414
40 -0.024450792 0.29347602 0.21792479 1.0946584 0.1567814 -0.003669935 -0.10826782 0.96196437
18 -0.39060333 -0.10656386 0.40402785 1.2080975 0.09174773 -0.5728034 -0.63425213 1.0956827
23 1.1170985 -0.040300287 -0.04831201 1.0190501 0.9728285 -0.20646673 -0.9207347 -0.18481141
39 -0.3526687 0.3805541 0.7560235 -0.18013296 0.4563073 0.9801538 0.55390906 -0.01928891
9 1.1044428 -0.26946232 1.3371465 -0.35903728 0.05411094 0.36811805 0.17961207 -0.72541344
34 0.40770653 0.017559987 0.983853 -0.82075506 0.5539715 1.0340576 0.35949048 -0.4183398
17 0.05453232 -0.04295517 1.0372577 -0.67950344 0.20123552 0.054296907 0.116192594 0.74953103
20 -0.72575253 -0.17468679 0.50700766 -0.0009873785 0.5800982 0.42528737 0.28379852 0.71148205
1 0.8787672 -0.50357634 0.44113094 0.31234935 0.7913448 0.65490174 -0.22670041 -0.7919992
13 -0.42261696 0.0044642272 0.25977904 0.925858 0.3239322 -0.4941879 -0.5828873 1.3648887
37 0.92838514 -0.30501822 0.6028926 1.3073742 -0.061590698 -0.5695421 -0.8603094 0.105863124
24 0.32082936 0.030649478 0.04880469 1.3081951 0.5806224 -0.5176234 -0.9501689 0.7386614
8 -0.3720301 0.044536944 0.07172377 0.975171 0.42978483 -0.15495412 -0.21701084 1.2993664
35 1.109427 -0.02440081 0.7455853 0.05434739 0.630912 0.4438197 -0.17622007 -0.86265165
10 -0.5211115 -0.107688576 -0.16041069 1.1525459 0.58770764 -0.07015773 -0.27294517 1.3915517
11 0.83296704 -0.20576103 0.99541646 -0.011615697 0.30015126 0.9458169 -0.14888625 -1.1369205
4 0.47443447 0.21745518 1.0112275 -0.57201236 0.33584437 1.21799 0.22137305 -0.6500688
5 0.42581347 0.22739208 1.1768893 -0.49664304 0.046129003 0.3506889 0.450058 0.14582655
25 0.7173305 -0.24609615 0.034974694 -0.10440163 1.2225343 1.0370413 0.2606175 -0.31498575
14 1.2314521 -0.21112095 0.9017927 0.5547489 0.1929138 0.5717853 -0.27900183 -1.2462212
12 0.15510304 -0.073508926 -0.1307137 1.3057951 0.68210393 -0.6937941 -0.65498084 1.2630197
22 0.7933726 -0.4235258 1.0949934 1.0422877 -0.3274688 -0.49078128 -0.678606 -0.25847235
38 0.30241007 0.19256538 1.0117091 -0.5006575 0.3928662 1.1258276 0.13534781 -0.6967142
31 -1.3367207 0.4239607 0.3753013 0.2692919 0.42784154 -0.041002087 -0.11676355 1.6804578
0 -0.317696 -0.22655931 0.47564325 1.2225809 0.1136534 -0.8619014 -0.8079943 1.1437294
42 -0.80723155 0.09622241 0.82894 -0.45724297 0.3461351 0.13529359 0.6298102 1.257716
41 0.6873668 0.3399543 0.8723754 0.005486451 0.54278255 1.0810025 0.13235483 -1.2279439
21 0.6605306 -0.4594585 0.2461241 1.6508075 0.34959325 -0.5371617 -1.1950331 0.00071905815
46 0.10622275 0.53757894 1.4108605 -0.44000143 0.028538115 0.9082395 -0.16100955 -0.88780284
2 0.12681386 -0.17285576 0.7111516 1.5791097 -0.35031572 -0.8320234 -0.6874849 0.76480013
3 0.949391 0.025873223 -0.009588803 1.4893867 0.5185297 -0.47663882 -1.0181897 0.35031337
33 1.2248714 -0.5494493 0.76560885 1.3416791 0.06962994 -0.41792458 -0.65621036 -0.7216859
30 0.12520565 0.546819 1.1012754 0.9557285 -0.2505035 -0.67297375 -0.13773093 0.27896973
7 -0.2624807 -0.085849635 -0.33210808 1.3434418 0.74074686 -0.7488214 -0.54742837 1.8882933
32 -0.43261877 0.5608945 1.0023179 0.50693303 -0.21991836 -0.32099712 -0.1849346 0.7889573
47 -0.9954592 0.18840382 1.0871558 -0.5061725 0.18716104 1.1029646 0.7502296 0.19519205
48 0.9872338 -0.5932216 0.77189404 0.042048093 0.605343 0.35158855 -0.21571103 -0.7727528
