50 8
26 -1.2791954 0.46501637 0.5075113 -0.11410262 0.58877087 0.120086245 0.21927467 0.4015945
17 -0.6858162 -0.06068675 0.9383056 -0.46084955 1.1420999 -0.004317517 -0.07274869 -0.10202762
16 -0.5338114 -0.07037551 0.40788576 -0.6280819 0.6818995 0.75027 0.43612465 0.17329618
39 -0.18358062 -0.28003415 1.069056 -0.23690273 1.0929343 0.100884534 -0.055431046 -0.30625007
15 -0.8799544 0.61783224 0.7698614 0.08190034 0.85436064 -0.24129537 -0.4231925 0.27724487
28 -1.093394 0.5474399 0.27170506 -0.3414668 0.21937376 0.7690976 0.5076772 0.4469656
43 -0.59587145 0.028435184 0.68958586 -0.8336931 0.6676717 0.8142714 0.5522767 -0.124564074
40 0.30177715 0.22043005 0.5080076 0.96543145 0.9563465 -0.33299866 -0.75775397 0.4888767
27 -0.5667328 0.32805786 0.50813705 -0.9216252 0.6625181 0.98363537 0.6729399 -0.09697917
6 -1.3340373 0.67981917 0.69606096 -0.18427426 0.77785635 -0.15263984 -0.0912966 0.34503964
13 0.3355241 0.72494537 0.015404614 0.91393524 0.28866613 0.16405053 -0.2068542 0.9562164
29 -0.100856796 0.12774311 0.55112416 0.2637826 0.7408802 -0.078341484 -0.3963807 0.53579015
41 0.021748189 0.09439239 0.56355405 -0.29635352 0.45874122 1.0374782 0.9573577 -0.2819799
36 -0.38638756 -0.28374463 0.66005117 -0.81551075 0.38450146 0.8300609 0.88450074 0.03479012
18 0.37414512 0.46265367 0.35764158 1.0889896 0.8945791 -0.24702601 -0.7329215 0.597256
42 -0.98276836 0.13900544 0.819913 -0.43019286 1.0161138 0.012116853 0.044801883 0.04034226
23 -0.8785415 0.34633994 0.7243615 0.27252856 1.0411471 0.028531881 -0.5096801 0.07737798
25 0.8252586 -0.00048837205 0.063940145 -0.05104292 -0.09036246 1.1539974 0.6105519 0.6344289
44 -0.93641526 -0.09195206 0.98390657 -0.5411239 1.0693523 0.04119659 0.13059446 -0.16625527
21 1.0899374 0.116810694 0.21383153 1.0351809 -0.34270754 0.2768343 0.066084415 1.1236153
19 0.09008175 0.8240542 0.4570467 0.79447424 0.46070018 -0.32489023 -0.589574 0.7912832
12 0.2239552 0.92782795 0.36910456 0.9492411 0.4809542 -0.18387176 -0.32916972 0.61955667
8 -1.2138399 0.646921 0.6441169 0.13474275 0.7689795 -0.013494168 -0.11734805 0.24469008
45 -1.1494803 0.5070917 0.7087679 -0.6924301 0.73443824 0.7147596 0.3403535 -0.16699384
20 -0.9917883 0.1700632 0.45896396 -0.6851361 0.3808854 0.9353371 0.64098775 0.14689095
31 -0.9761721 0.09742715 0.85030764 -0.060112588 1.0483892 -0.3357465 -0.40921688 0.2558043
24 -0.5625788 1.0046753 0.50383914 0.21294296 0.5628703 -0.011549348 -0.31248605 0.48189482
10 -0.9686262 0.4763285 -0.13001853 -0.46100146 -0.3656135 0.8477794 0.74153197 1.2315935
38 -0.04599998 -0.3179167 0.82219756 -0.60799474 0.21975753 0.89329606 1.0355424 -0.15876451
7 -0.11676168 1.1043049 0.24011621 1.1604774 0.44735417 -0.44573647 -0.41138297 0.9216446
33 1.3313093 -0.16107269 0.35789108 1.2661798 -0.12581389 -0.05671849 0.08479667 1.0418025
4 -0.2034049 0.2637142 0.18038577 -0.72506124 -0.43303612 1.4045181 1.294051 0.521808
2 0.9131141 0.11920833 0.6269679 0.70837057 0.6043858 -0.28939706 -0.51428425 0.5838152
1 -1.1767144 0.60532224 0.53758264 -0.6077601 0.9307764 0.4559927 0.14564103 0.026488459
46 -0.06320103 0.18877296 0.26971465 -0.43837202 -0.16630791 0.8109721 0.5945495 0.7390533
9 1.3698248 -0.34855488 0.36031133 -0.2302992 -0.52823466 1.1247356 1.0493784 0.67642295
32 1.3542329 -0.04812245 0.21974474 1.3336948 -0.51504785 0.07018312 0.31562766 1.2966552
34 0.9536642 -0.9023561 0.67059654 -0.59382117 -0.054683886 0.97276664 0.8115261 0.34132385
14 1.2584438 -0.40809983 0.23545043 0.452333 -0.8129419 0.8938381 0.6164848 1.1381843
0 0.66364795 -0.058378648 0.66511935 1.0788935 0.6557506 -0.6548154 -0.93672144 0.8625695
35 1.4782816 -0.458495 0.44206476 1.0273712 -0.27615085 -0.049806822 0.30636942 1.092227
37 1.0201229 -0.3138194 0.38151306 1.1845194 -0.16398895 -0.55014986 -0.039312612 1.4304852
49 0.82155883 -0.19671346 0.16128233 -0.082931556 -0.18070972 1.0753924 0.6320926 0.67984873
30 0.46602976 -0.10389276 0.84034675 0.7468609 0.9962259 -0.462048 -0.68594635 0.2744761
47 0.35746697 -1.0953246 0.8571986 -0.36154738 0.35298273 0.9750629 0.97995114 -0.2478277
3 0.99475586 0.45537865 0.22507983 1.1974212 0.31796768 -0.51108336 -0.69889945 1.3017037
11 1.4684465 -0.68078345 0.17001839 -0.26978937 -0.66714525 1.5427308 1.1084508 0.7922932
48 1.0606817 -0.9864221 0.7288463 -0.34530166 0.054879967 0.58379763 0.69083554 0.43314222
22 1.236226 -0.40967005 0.22605841 1.1612443 -0.4068651 -0.067537114 0.11692714 1.4478198
5 1.5070034 0.10074468 -0.26767412 0.3459225 -0.62588507 0.8683181 0.81830657 1.4206886
