50 8
23 -0.4855384 0.47472987 0.24156682 0.33566085 0.7549431 -0.46175793 -0.45727378 0.1091667
43 -0.5543929 0.67229414 -0.046595376 0.526971 -0.63020486 -0.44430292 0.087475725 -0.69708997
42 -0.44506627 0.6963005 -0.09196561 0.37619585 -0.39002436 -0.66938573 -0.26593855 -0.59604734
1 -0.1995074 0.9142191 -0.24441771 0.604938 -0.69391876 -0.3682997 -0.11448507 -0.6744804
18 -0.46937123 0.484262 0.071777806 0.29856372 1.34929 -0.18333104 -0.39581007 1.0557568
25 0.1747937 0.8677074 0.36793756 0.09125872 0.15731093 0.6709953 -0.35195023 0.9250877
28 -0.07598473 0.79538 0.37105006 0.3442603 -1.4681726 -0.0679492 0.40830377 -0.628798
19 -0.44983712 0.24954684 0.61165285 0.080447845 0.84297997 -0.034788955 -0.09559854 1.0826159
40 -0.566114 0.5979199 -0.04873378 0.4151355 0.76751673 -0.8193308 -0.42758045 -0.32549524
45 -0.37572813 1.068986 -0.38566613 0.5829506 -0.72027814 -0.3041084 -0.46762556 -1.1098688
27 -0.42423996 0.7451411 0.06632289 0.6654981 -1.2362809 -0.11777491 -0.12382632 -1.0656185
36 -0.19646059 0.81711495 0.18265323 0.544926 -1.1869763 0.17596206 0.11696368 -0.6748766
17 -0.59413725 0.33867687 0.32799065 0.3242919 -0.40287057 -0.8111558 -0.1876091 -0.5279794
10 0.057441868 0.43247774 0.83073366 0.06804201 -0.53727835 0.20735905 0.66260433 0.8895729
24 -0.68313444 0.25507128 0.43900618 0.13374701 1.0100932 -0.471912 -0.49171573 0.5235331
16 -0.16857964 0.8260765 0.14130317 0.42605618 -0.65042925 -0.4454079 -0.05012293 -0.78417665
6 -0.6332266 0.6771985 -0.12648574 0.5711008 -0.4379292 -0.59479314 -0.106445745 -0.81001425
26 -0.5106862 0.60846496 -0.074419096 0.46189058 0.46802044 -0.78957134 -0.63914 -0.4587625
31 -0.8367262 0.49832287 -0.20100099 0.70791936 0.379089 -1.0830716 -0.55230486 -1.0173318
20 -0.15068364 0.55070394 0.6896747 0.27103367 -1.3654269 0.15178388 0.44912887 -0.254919
48 -0.12798835 0.88242215 -0.11775372 0.6032005 -0.6949696 -0.41364127 -0.2823547 -0.747478
39 -0.44400758 0.7882208 -0.23077877 0.59304875 0.023286356 -0.7175619 -0.6641944 -0.83894634
29 -0.4029238 0.8489278 -0.4189665 0.5126865 0.35310635 -0.9216333 -0.40640485 -0.48729223
34 -0.03767825 0.85796976 0.4326459 0.4863042 -1.2346737 0.5594517 -0.045308877 -0.6716731
30 -0.38811108 0.39120525 0.13400109 0.4060878 1.5836194 -0.31949505 -0.14774393 1.2504731
41 -0.36964935 0.95018643 -0.20102039 0.6400062 -0.60103095 -0.3441645 -0.4490331 -1.1516258
38 0.022076983 0.76651835 0.41671342 0.5500387 -1.3715281 0.5808698 0.3642817 -0.28068826
44 -0.33478704 0.80411416 -0.19444813 0.59675425 0.11222983 -0.73553354 -0.5853468 -0.7938399
49 -0.30700463 0.53433126 0.69831425 0.20372738 -1.3846726 0.17656656 0.078251965 -0.3765911
47 -0.37137514 0.8190937 -0.0611278 0.5737104 -0.73850685 -0.53824204 -0.49956667 -1.1465378
15 -0.2813687 0.20920569 0.8835362 -0.20362766 0.6684746 -0.02588348 0.2170744 1.5893682
33 0.025394725 0.240186 1.2355137 -0.16544041 0.49979717 0.43939817 0.2977151 1.7224355
7 -0.33093917 0.33237314 0.21732342 0.15619816 0.6399427 -0.9613275 0.16572745 0.8205152
8 -0.56040984 0.44725904 -0.039509274 0.69659704 0.16416606 -0.6898728 -0.5128601 -0.48701376
12 -0.42009437 0.2542647 0.2459995 0.25126153 1.5335965 -0.395592 -0.03365424 1.5832565
14 0.2686604 0.6180116 0.98113763 -0.13145015 -1.0172237 0.96497387 0.43263733 1.2166374
4 -0.0067097023 0.7076729 0.6337001 0.31965077 -1.4326608 0.37366056 0.31994572 -0.3606721
46 0.0068017044 0.4724473 0.7442853 0.22516689 -1.4117222 -0.067710884 0.46176255 -0.0008812038
21 -0.2387134 0.16532074 1.2555659 -0.23964082 0.75061816 0.3470692 0.04794532 1.5059806
35 0.18103153 0.35857654 1.1578059 -0.15970549 0.6657032 0.60447425 -0.17517772 1.7026722
11 0.12553696 0.7631192 0.53823406 0.15644607 -1.2409793 0.98163635 0.31081656 0.67553335
5 -0.12486563 0.34773824 0.86568654 -0.027975244 -1.747031 0.3211386 0.8932727 0.67778045
3 -0.2824752 0.19086337 0.88509244 0.051368557 1.3083044 0.23253031 0.03770097 1.7744042
13 -0.4960619 0.23946455 0.12458784 0.43957236 1.3288757 -0.28361815 0.18934996 1.5026762
37 -0.09550638 0.11209605 1.2959523 -0.12336535 0.77896416 0.52308 0.21657416 1.9646041
0 -0.1943715 0.39531204 0.5801175 -0.04584651 1.2738644 -0.09720046 -0.35120437 1.5206043
9 0.17203324 0.91088724 0.70071805 0.031911742 -1.5244637 1.2223318 0.42006978 0.5082705
2 -0.27872178 0.23100749 0.8171246 -0.05868207 1.3912921 -0.05056236 0.012342046 1.8090522
32 -0.23125464 -0.008496757 1.2997819 0.08658651 1.1544513 0.2839867 0.21130878 1.7201678
22 -0.28838763 0.34722516 0.6128511 0.3086431 1.7947167 0.18442994 -0.5165162 1.2706127
