50 8
6 -0.61766773 0.22030714 0.19733031 0.45505586 -0.90427905 -0.33312014 0.14528361 -0.7403799
31 -0.5950373 -0.08671976 0.09854189 0.4805332 -0.85097367 -0.734834 0.35916564 -0.09679323
42 -0.50166214 0.46501324 -0.026306214 0.55978 -1.2577615 -0.50335264 0.39820737 -0.62781495
17 -0.43596914 0.7470088 0.43318382 0.25698334 -1.0945569 0.14705473 -0.09106041 -0.984115
26 -0.5551372 -0.33294258 0.24044332 0.35507372 -0.038415696 -0.9261852 0.1359894 0.36565915
13 -0.3415526 -0.45551282 0.41467962 0.42913583 0.8953631 -0.6232987 -0.13978468 1.1065023
1 -0.15828297 0.72773755 0.16530815 0.69665885 -1.1065394 -0.06188736 0.48863554 -0.8351174
18 -0.30495024 -0.38060364 0.52942723 0.30353367 1.0429611 -0.66562235 -0.3036335 1.2574534
40 -0.3305125 -0.39400956 0.24849509 0.35110927 0.35739878 -1.1938635 0.04588438 0.93277913
14 0.17561151 1.1483281 0.5447969 0.20793998 -0.07235405 0.9340342 -0.18810764 0.16361673
15 -0.14660266 -0.19295464 0.71309966 0.19266748 1.079438 -0.24952087 -0.4850865 1.1566509
41 0.07627459 1.182005 0.38486356 0.54299015 -1.0283571 0.4790416 0.14038974 -1.067646
23 -0.4743337 -0.24172239 0.57240134 0.059880357 0.8875354 -0.62268615 -0.24897343 1.0971702
28 -0.32378945 0.5990142 0.5600186 0.36076707 -1.0506212 0.15429512 0.032425452 -1.1319138
19 -0.309454 -0.21524908 0.8112287 0.03468251 1.2753369 -0.16482516 -0.6291266 1.1968223
39 -0.4693147 -0.57312894 0.41231322 0.42567262 -0.2818451 -1.002508 0.116581686 0.016564973
34 0.10984441 1.2274352 0.43734834 0.5330402 -1.1792051 0.62689257 0.20280887 -1.0067407
45 -0.42006314 0.7582141 0.12916473 0.74174494 -1.0390365 0.07341846 0.2709604 -1.2647399
49 -0.19307336 1.0355052 0.34350592 0.6474401 -1.1832609 0.4426725 0.17520124 -1.3666161
36 -0.43754584 0.8888837 0.053751465 0.7093424 -1.2233921 0.1712709 0.32512376 -1.1046064
24 -0.36344925 -0.10537551 0.68697995 0.1491961 1.3686429 -0.12087811 -0.63360083 1.0074624
25 0.37673083 0.9193529 0.6557002 0.035727546 0.46975344 0.57749397 -0.3084601 1.101643
20 -0.45369536 0.8355489 0.44096038 0.5031782 -0.62647146 0.5554807 -0.050753534 -1.2425475
43 -0.39806247 -0.47236612 0.15439309 0.5686543 -0.3437613 -1.3929133 0.36665702 0.008167051
27 -0.51890457 0.7656226 0.15419163 0.7137232 -1.1338668 0.085938126 0.21459565 -1.3459599
16 0.13079461 1.2940556 0.47186375 0.44591168 -1.4264191 0.5549274 0.24418731 -1.0977563
4 -0.00071843615 1.257714 0.531474 0.43416065 -1.2194436 0.74656105 0.27754235 -1.1833091
0 -0.32004085 -0.39169663 0.80401176 0.040720508 1.3332794 -0.35729042 -0.5731315 1.5624018
38 -0.090111665 1.092758 0.4389332 0.4619651 -0.91117847 0.52397984 -0.06429964 -1.1663998
46 -0.20050311 1.1937859 0.41166374 0.509112 -1.4684929 0.5576143 0.31514066 -1.4340026
10 -0.3528875 -0.0057731858 0.57007694 0.047904026 0.9392849 -0.17231105 -0.19564472 1.1988677
8 -0.47770324 -0.4168784 0.22860745 0.38554868 0.27378067 -1.1340498 -5.6326637e-05 0.6342371
21 -0.1022696 -0.027801188 0.85449255 -0.041740853 1.3800507 -0.02410076 -0.630831 1.5386009
32 0.039054293 -0.18262488 0.6283869 0.28262767 1.2564287 -0.41199702 -0.40432215 1.6007186
9 -0.19652873 1.4102683 0.40582034 0.39392585 -1.2733077 0.86145675 0.35097376 -1.1393844
7 -0.72246766 -0.45072246 0.2749277 0.17228518 0.55484134 -1.0011369 -0.19292288 0.7609277
12 -0.27583307 -0.20355408 0.4485065 0.27429238 1.0311959 -0.6036645 -0.2522866 1.1047064
30 -0.11580025 -0.3615857 0.3264803 0.55330485 0.7611041 -0.9887644 -0.023077302 0.89978206
48 0.085262395 0.6889381 0.013793418 0.90102786 -1.1160536 -0.34089032 0.23600139 -0.8433315
3 -0.019931912 -0.030761937 0.9450529 0.036364608 1.7750826 0.12395309 -0.58137834 1.7010309
11 0.008779786 1.3677166 0.60870963 0.38281602 -1.1848527 1.1584921 -0.07037248 -0.94748867
2 -0.19849762 0.063494354 0.817095 0.04352053 1.4671714 0.14689595 -0.47623006 1.5029505
33 0.32140088 0.14262095 0.48933434 0.29486346 1.1326475 -0.39473766 -0.2906483 1.8224648
5 0.0640359 1.4047829 0.42392218 0.39196894 -1.0763446 0.837068 0.204668 -0.7352515
35 0.10484064 0.108161315 0.76009834 0.1280385 1.4467119 -0.0984801 -0.5251442 1.862996
37 0.2551636 0.14711373 0.97396 -0.0231122 1.485569 0.080568954 -0.63682127 1.8599948
29 -0.7323498 0.58511007 0.32645446 0.29898736 -0.99000734 0.15551175 0.22493833 -0.89659524
47 0.2507137 1.1755672 0.2404278 0.5688836 -0.9260775 0.3528799 0.1389415 -0.6283411
22 0.36596408 0.34445998 0.8851582 0.16312785 1.6215429 0.44483542 -0.78641015 1.6318674
44 -0.32009414 -0.7541623 0.094983205 0.7272444 -0.52313375 -1.7669631 0.21039987 -0.044633873
