50 8
1 -0.13024941 1.0169636 -0.3055728 0.81237894 0.21132018 0.12255264 0.20202817 -0.8212755
41 -0.28943333 0.85506475 0.19598317 0.8851397 -0.5769 0.45626554 0.55978847 -1.1420488
34 -0.18144354 0.9283024 -0.020216497 0.792048 -0.2555992 0.39387998 0.47392792 -0.82590455
46 -0.62470335 0.16138014 0.74439216 0.15007165 -0.2709734 -0.5164544 -0.35260555 -0.1877198
27 -0.6386567 0.5037466 -0.02929892 0.96273905 -0.90250176 -0.23768115 0.08770823 -1.2216218
20 -0.24629147 1.1486704 0.45626053 0.09573133 0.13812459 1.1520818 -0.024185622 0.06557505
49 -0.61283815 0.7445128 0.29668117 0.65516275 -0.60207915 0.29764006 0.13182992 -1.1953195
36 -0.34565216 0.7980806 -0.14193907 1.083141 -0.42115122 0.0891634 0.38700846 -1.4031761
14 -0.028322639 1.3583798 0.061679076 0.20923616 0.4267277 1.2072836 0.019939682 0.25030816
17 -0.93992615 0.0062650954 0.74060804 0.20358084 -0.7467469 -0.81623846 -0.60515714 -0.7609212
6 -0.57537764 0.4918674 -0.5728125 0.9223778 -0.48742154 -0.8996974 0.1276653 -0.6780246
16 -0.021148272 0.24372691 1.4520874 -0.04940237 -0.9191745 0.4588892 0.06797825 0.3252246
48 -0.44977155 0.7773187 -0.2988629 1.0198636 -0.66868055 0.03897289 0.24165754 -1.1863672
38 -0.5078969 0.8603848 -0.039465014 0.7241291 -0.57989347 -0.22159286 0.22558351 -1.2958977
33 0.24946028 0.21914977 0.7624076 -0.049680255 0.83167595 -0.43769172 -0.4812111 1.4824519
0 0.2697355 0.008547005 1.0918099 -0.09805384 0.72041726 -0.41041952 -0.5357705 1.4822493
42 -0.89959 0.050761282 0.4075518 0.44515365 -0.8207639 -1.1242353 -0.2655955 -0.8440943
39 -0.703871 0.8078169 -0.15662996 0.7703373 -0.6766032 -0.27955502 0.1376019 -1.2546103
35 0.011453668 -0.14814632 1.1782725 -0.26777783 0.114449054 -0.86601067 -0.51547265 1.4516252
28 -0.5495452 0.929319 -0.12725495 0.6273806 -0.74882126 -0.40956408 0.027356386 -1.4880407
9 0.034140088 0.9917941 0.28980395 0.40481538 -0.3731107 1.1329545 0.28696758 0.22354363
12 0.5043817 -0.09568444 -0.25409666 0.7061493 0.9723048 -1.6330128 -0.54743356 1.0527226
31 -0.63264877 0.7698565 -0.39327055 0.84876937 -0.76105237 -0.3796273 0.2515439 -0.9582514
47 -0.5844992 0.8009265 -0.2084267 0.9856334 -0.8858651 -0.1949377 0.3836182 -1.3621804
45 -0.6548511 0.5174699 0.04546195 0.6332693 -0.8495301 -0.87295556 -0.007468131 -1.1618931
40 -0.59381473 0.7445752 -0.41599444 0.82312334 -0.2627709 -0.948998 0.30102628 -1.117122
5 0.10201625 0.52810234 0.74122757 -0.14173017 0.96438646 -0.0362482 -0.7866497 0.9245539
21 0.30460238 0.8778695 0.30596772 0.15838864 1.2564505 0.7088895 -0.26930234 1.3164363
44 -0.26411393 0.5809482 -0.4391579 0.98167443 -0.7216452 -0.7019036 0.16368908 -0.95003694
29 -0.07551516 1.241547 -0.15321968 0.5718579 -0.4676117 1.0509576 0.64442575 0.048012026
26 -0.20376982 -0.32678297 1.1280018 -0.037948754 0.18923008 -1.0241758 -0.68800277 0.84034246
25 0.42828077 0.2314292 0.86680055 0.260344 -0.90760845 0.84742534 -0.12177096 1.4515831
10 0.8964232 0.71712816 -0.3366568 0.6885964 0.9226851 -0.0245572 -0.071885325 0.99612486
8 -0.40728602 0.41131845 -0.53513324 1.0386488 -0.11861286 -0.986625 -0.06374562 -0.9159885
43 -0.7624098 0.64993113 -0.16566767 0.7457312 -0.2812331 -0.96519953 0.28113526 -1.3216417
4 -0.41903523 1.2262651 0.34795752 0.3081465 -0.7305042 1.1202351 0.7448055 -0.3475551
18 0.26900584 -0.27963725 0.34254655 0.30027884 -0.13837264 -0.9665215 -0.6101536 1.8165541
19 0.21046332 0.41732082 0.5644497 0.04514235 1.8639395 -0.64752513 -0.902674 0.7969016
11 0.23074828 0.6317648 1.0975034 -0.004323002 -0.17496741 1.3578432 -0.20250784 0.9911971
22 0.6129691 0.0070150066 1.3823237 0.23102926 -0.34700122 1.1285067 -0.47315428 1.5906453
23 0.45449468 0.91185075 -0.1306871 0.29098234 1.6039517 0.061670676 -0.56188697 0.86735594
37 0.726257 0.23579878 1.1882528 0.34673044 -0.052011605 1.1096362 0.1425743 1.6081713
15 0.19274192 -0.090508126 0.7629386 0.037770294 1.2090107 -1.3946471 -0.73453647 1.1024889
24 0.1006595 0.44346777 0.35943082 -0.015952073 1.7668126 -0.4910745 -1.1295459 0.9804961
2 0.36161327 0.013743642 0.48512125 0.31247833 1.1285 -0.80429363 -0.624396 1.2188408
7 0.16684553 0.20558655 -0.27768278 0.376386 1.6547134 -1.2004671 -0.96390676 1.5300479
13 0.7408435 -0.28605664 -0.26698938 1.3187917 0.4945662 -0.86807114 0.14354397 1.2554601
30 -0.023442324 -0.38222137 1.1558222 -0.16812252 -0.5594313 -1.0169748 -0.44376352 1.5041865
3 0.47027764 0.56375605 0.050742034 0.2774251 1.816886 -0.4636153 -0.870721 1.000949
32 0.36410147 -0.29790118 0.82673454 0.22275287 0.1775046 -0.5448893 -0.09391684 2.40833
