50 8
25 0.4504387 0.21674587 -0.27708042 1.0767004 -0.10923566 -0.42006665 -0.7429559 0.43596676
26 -0.82936376 0.033779614 0.44021595 -0.26491728 0.56986976 0.37666374 0.5397361 0.5379149
17 -0.8280424 -0.2859686 0.7883076 -0.44803688 0.8290417 0.98887604 0.42140964 0.06644611
16 -1.0148987 -0.07196204 0.8558388 -0.65435845 0.69126976 1.0657339 0.3493556 0.087200575
1 -0.079260536 -0.34465608 0.45948422 0.72857773 0.22284734 0.76469123 -0.13036469 -0.67765695
29 -1.0019858 -0.06399544 0.5271454 -0.57669383 0.8600173 0.726098 0.3033828 0.322334
14 0.7570572 0.5848945 -0.20427585 1.3626943 -0.37188238 -0.34133154 -0.58081234 0.16203818
36 -0.86292475 0.030641306 1.0541797 -0.5260142 0.7590005 1.021628 0.40301886 -0.18032756
10 0.6082253 0.5775726 -0.5767147 1.1968242 -0.05481082 -0.8312536 -0.6401526 0.8744041
43 -0.9000871 -0.24136029 0.6768708 -0.60421896 1.0362196 0.9567555 0.67538714 0.29917765
20 -1.1911111 -0.39241612 0.77444893 -0.29096448 0.16183965 0.70277935 0.2729874 0.2569261
4 -0.9212245 -0.2083975 0.8385408 -0.18226747 0.14650981 0.80289185 0.15274413 0.036588628
19 0.7518217 0.6031602 -0.22049925 1.1383479 -0.28764847 -1.0577458 -0.78558147 0.8870922
41 -0.9113791 -0.24455556 0.9693612 -0.4158408 0.86129427 1.1739768 0.3568797 -0.3345117
0 0.9999391 0.7432224 -0.60042083 1.4559708 0.06859897 -0.5952178 -0.5951655 0.4810882
46 -1.0822262 -0.034570187 0.83146966 -0.66315365 0.7934055 0.8398384 0.329558 0.06882913
33 0.73588073 0.3846377 -0.6006549 1.7179918 -0.45046827 -0.5418257 -0.6220835 0.4245516
3 1.0501958 0.7039275 -0.19902296 1.4421145 -0.02549001 -0.569176 -0.6341433 0.13978082
27 -1.1300249 -0.23966332 0.6866822 -0.60758215 0.78211087 1.0258173 0.3393317 0.18197776
21 0.8466181 0.4338769 -0.15079336 1.6578792 -0.5141693 -0.6820084 -0.8255951 0.22952054
6 -1.2237893 -0.23750538 0.667534 -0.66968983 0.84997785 0.9987935 0.15910399 0.2027941
44 -1.2141553 -0.44031194 0.83668363 -0.47913727 0.5887665 0.6138581 0.118427046 0.22529525
47 -0.5363027 0.43005916 0.6846866 -0.44945422 0.77595216 0.8509916 0.7771876 0.13204302
49 -0.9943687 -0.009205038 0.8066108 -0.76307017 1.0006982 0.96076626 0.5182016 0.18164064
34 -1.1334503 -0.36177263 1.0888561 -0.5022912 0.71809715 1.290559 0.40878806 -0.29251114
38 -1.1557307 -0.27910098 1.1302204 -0.5560764 0.7630592 1.2555995 0.44034672 -0.39586663
45 -1.2478112 -0.12428445 1.0656139 -0.9150779 0.8760497 1.1906723 0.46113616 0.03699969
24 0.99026453 0.8009285 -0.4616871 1.4691566 -0.3359062 -0.929224 -0.74240613 0.76961493
35 0.73047364 0.62999135 -0.27016196 1.3680291 -0.43670943 -1.1168529 -0.8859616 0.7526094
7 1.0540202 0.7082943 -0.4988202 1.5878721 -0.28046352 -1.0451342 -0.6795042 0.8998372
42 -1.3068883 -0.2037336 0.8102032 -0.8008218 0.93032783 1.0616809 0.3399873 0.10568653
37 0.9077133 0.53975797 -0.4099114 1.7250634 -0.40887058 -0.7263725 -0.6239566 0.4197505
28 -1.1903307 -0.11218785 0.94119793 -0.81983334 0.89245975 1.0205749 0.44299197 0.06964322
13 0.7033607 0.7122663 -0.54308707 1.407702 -0.27527997 -0.8786822 -0.96515244 0.6020624
15 0.803552 1.1228828 -0.20440793 0.9326664 -0.022838542 -0.50130886 -0.3336849 0.3851747
23 0.895781 0.7052918 -0.23987597 1.2917407 -0.09714746 -0.53586584 -0.651256 0.22868909
2 0.9407901 0.9006375 -0.6113788 1.5366875 -0.31438234 -0.97318786 -0.71900064 0.77350897
22 0.5791864 0.42237857 -0.61323017 1.595229 -0.5127706 -1.144054 -1.1899636 0.9096206
32 0.65856075 0.6437358 -0.6350305 1.595264 -0.45560378 -0.8426134 -0.7748121 0.7440702
48 0.17510098 0.8459342 -0.24634576 0.30663368 0.3878179 0.25007814 0.29352218 0.43341112
39 -1.2704055 -0.053470567 0.93510646 -0.81670755 0.888919 0.9141646 0.6911831 0.24630733
31 -1.5571867 -0.19626032 0.81482893 -0.9268636 0.7044927 0.97719204 0.5092894 0.48921376
8 -0.22045042 0.04678974 -0.47638848 0.5556781 -0.06502449 -0.46146896 -0.6238617 1.0482304
30 0.4512264 0.79822665 -0.772523 1.3659866 -0.32515302 -0.9818504 -0.6365477 1.0055387
40 -1.1861293 -0.045912772 0.6710458 -0.70589286 0.8649637 1.2734401 0.5305667 0.12261592
12 0.77130747 0.6864414 -0.33775035 1.6956993 -0.5477949 -0.813188 -0.7609815 0.3376207
5 0.7223934 0.57244223 -0.10611512 1.2400044 -0.2113837 -0.03891219 -0.14907308 0.04150935
18 0.29027516 0.4706569 -0.67395675 1.1053586 -0.20836455 -0.64128435 -0.79648054 0.8717974
11 -0.012813152 -0.36228234 0.91227 0.67160493 -0.09368308 0.6255669 -0.4906886 -0.7477997
9 -0.33837643 -0.59669626 1.2866182 0.3832347 -0.14069009 0.63933194 -0.020194432 -0.44566554
