50 8
1 -0.2891956 0.2538113 0.3408346 0.4611865 0.20848998 -0.053663 -1.0805252 -0.65804607
10 0.09064289 0.25823915 0.63046247 0.00026612452 0.5558181 -0.87469804 0.581887 0.8323691
43 -0.63470733 0.5414025 -0.1889369 0.7521018 -0.6478356 -0.58700633 0.12486021 -0.9887256
14 -0.026232334 1.1443186 0.49608177 0.16876723 0.47673735 0.36257476 -0.32624704 0.8775432
9 -0.49275526 1.0349146 0.3965356 0.50018543 0.34108168 0.80993986 -0.3889706 -0.16794084
40 -0.71359277 0.26053724 0.020684455 0.65609604 0.15265587 -0.6769145 0.82377195 -0.8455168
49 -0.5827829 0.09430375 0.6226896 0.43538293 0.81125546 0.31160393 -0.71073234 -0.6981155
36 -0.5912838 0.38183558 -0.08211313 0.85835046 0.020521982 -0.20521396 -0.4761033 -1.3209617
28 -0.6887029 0.011629422 0.15346427 0.6719874 -0.5085937 -0.55440336 -0.29700503 -1.2292191
41 -0.5117687 0.57334363 -0.15202387 0.8747785 -0.8353546 -0.55150783 0.3188148 -0.6238759
29 -0.33916816 0.41483024 0.238809 0.64517176 -1.5242722 -0.47584972 -0.14821924 -0.14684226
19 -0.17874105 0.68231434 1.085021 -0.27706328 0.9697568 0.34945825 -0.09786626 1.2205398
39 -0.7296523 0.31591812 -0.239061 0.80555564 -0.5884932 -0.6175114 -0.1839487 -1.0600519
26 -0.3026194 -0.25297093 0.48844036 0.3020425 -0.60121524 -1.1917442 0.31374517 -0.33016798
15 -0.106211536 0.044318885 1.1321859 -0.29251242 0.8913332 -0.22944072 -0.48170254 1.1067474
12 -0.08451562 0.54814166 0.2783294 0.33991408 0.71115804 -0.78974706 1.0931934 0.9596978
23 -0.633328 0.83508223 0.30172783 0.1683841 1.1350828 0.1284388 0.5000129 0.41064727
6 -0.3066265 0.052767713 0.10634061 0.738995 -1.1423198 -0.9805001 -0.21691522 -0.9186938
0 -0.037157595 0.5030255 0.9216199 -0.20848748 1.2651316 -0.14239924 0.012597749 0.91411227
17 -0.6071064 -0.40574175 0.80153614 0.04043916 0.29945514 -0.25008222 -1.1865578 -0.62227845
7 -0.047361787 0.7531675 0.6157714 -0.0067223636 0.954258 -0.218991 0.34516364 1.136276
38 -0.557166 0.36965847 -0.050335184 0.6611964 -0.8184643 -0.7629924 -0.08872363 -1.2059271
4 -0.61491716 0.4940887 0.020816622 0.8156428 -0.933652 -0.16322184 -0.4017258 -0.916689
45 -0.45750037 -0.42252982 0.45121315 0.6231522 -1.2077521 -0.88530564 -0.5629138 -0.96285003
13 -0.14705616 0.9098542 0.055622566 0.7723637 -0.0727968 -0.3562336 1.0251213 0.32343286
27 -0.6163522 0.20493878 -0.13442108 0.8505484 -0.6424117 -0.4944701 -0.88505286 -1.3165643
34 -0.6362023 1.2921464 -0.5809159 1.2821274 0.008291003 0.3700941 -0.015064925 -1.0068685
33 0.015228033 1.020856 1.0179304 -0.21923587 0.86027646 0.39910686 -0.055070564 1.4763657
37 0.030556567 0.36573243 1.2625061 -0.272602 0.15473112 -0.020307552 -0.2169066 1.4202054
42 -0.6721327 -0.73897636 0.80989224 -0.22872564 -0.022525456 -1.1889185 -0.12204441 -0.4268421
24 -0.41542348 0.7558911 0.6249792 -0.038401358 1.7882979 0.3296566 0.17078942 0.7939399
31 -0.656678 0.25234464 -0.15271235 0.8797151 -0.6435896 -0.863164 0.55154395 -1.0709958
16 0.20119387 -0.26732987 0.9149643 -0.11438921 -0.72130495 -0.9714508 -1.1832794 -0.31340575
44 -0.53464323 0.26692176 -0.054605395 0.967909 -1.2595316 -0.68813473 0.0325062 -0.9865498
3 -0.25780773 0.61570895 0.9541079 -0.34016892 1.5192046 0.22548912 -0.25953454 1.0676267
35 0.14489521 0.12672791 1.4870094 -0.4865414 0.91038775 -0.3158051 0.12353425 1.4117873
32 0.1809131 1.1417851 0.64054877 0.0033759708 0.7781585 -0.02629363 0.38678616 1.4078189
11 0.12268158 0.68147683 0.86606044 -0.013653221 0.062054086 0.45653686 -1.5640887 0.94051796
30 0.24204877 -0.22649269 1.0586807 -0.16352569 0.7831579 -0.7701276 -0.45234257 0.8094675
2 -0.26293752 1.3074075 -0.12269834 0.94473916 0.9769818 0.3751909 0.7043223 0.2573013
20 -0.43884334 -0.38639885 0.5386375 0.36804658 -1.3711833 -1.0804843 -0.31789482 -0.7659875
18 -0.015805637 -0.17087197 1.1897311 -0.4600491 -0.5423626 -1.1114485 0.31808996 1.1423348
8 -0.12467404 0.03902048 -0.09432673 0.6352139 -1.0526451 -1.6692517 0.45360923 -0.61423486
25 0.48293114 1.0237776 0.44610068 0.19626968 -1.3328955 -0.41119233 -0.6758442 1.0580401
48 -0.539931 1.0717286 -0.68868935 1.2854617 -0.31804612 -0.034078326 -0.5060944 -1.4718354
47 -0.68158793 -0.48840365 0.637528 0.4226807 0.4257245 -0.23508759 -0.9330443 -1.1165372
46 -0.44031873 -0.3296043 0.8186589 0.019642355 1.4325478 -0.2208178 -0.7291839 -0.073441
5 -0.16613023 0.35557735 0.9938527 -0.10149243 0.8491536 0.4302586 -1.1783495 0.6200787
21 -0.095600985 1.4231517 4.2302712e-05 0.56371224 1.0150653 0.109290406 0.70570797 1.1512072
22 -0.036564488 0.39434344 1.314201 -0.3483143 0.13415384 0.004654638 -0.2311948 1.8689362
