50 8
23 0.09698572 0.6460747 0.65386987 0.5025606 0.6906537 -0.8716729 0.4575158 0.29587445
43 -0.73489547 0.46608052 0.5014527 -0.44557014 0.96770513 0.291987 0.08191725 0.4231131
31 0.018968686 0.10693581 0.7123244 0.106583305 -0.16589569 -0.8984966 0.56385076 1.1905789
10 -1.0573213 0.40930468 0.3399079 -0.29581267 0.38671625 0.43223053 0.4579088 0.7847646
19 -0.9223977 0.62937146 0.74518996 -0.6677645 0.51807374 -0.09456708 0.0879947 0.64612466
24 -0.76828325 0.4042198 0.74733627 -0.49212316 0.30476695 -0.20419301 0.6142936 0.7532561
6 -0.5237885 0.69550705 0.79451555 -0.4294223 0.405286 -0.316209 0.6255222 0.5308044
26 -0.82760197 0.23683253 0.5529144 -0.035169452 -0.32917365 -0.15922871 0.88521624 1.0653335
1 0.674331 -0.60663307 0.5394701 1.0144006 0.28189668 0.9692585 -0.9506058 0.036183335
2 0.24257754 0.1087916 0.9228932 0.08888632 -0.35206163 -0.58095324 0.80973154 0.8540086
8 -0.41178736 0.6804381 0.541882 -0.08152763 0.45419285 -0.6180368 0.55223703 0.8390011
42 -1.0403996 0.11427022 0.5284949 -0.6037073 0.38996398 0.12827125 0.28190663 1.0174062
40 0.6830327 0.3801979 0.5641738 1.134275 0.041322853 -0.75234556 0.26784205 0.5086803
48 -0.020999199 0.48980898 0.6068025 -0.39501435 1.2850859 0.6515374 0.6623101 -0.16952933
44 -0.037717562 0.33276597 0.75589824 0.21919627 0.5403448 -0.9402951 0.8088969 0.58788806
20 -0.8690925 -0.014484297 0.60701627 -0.26742306 0.3587932 1.1882088 -0.21913771 0.2122448
12 0.77173954 0.05496576 0.6695014 1.049156 0.40527984 -0.22255081 -0.538427 0.09426262
41 0.3335233 0.08186033 0.5575127 0.86814463 0.2906671 0.16617326 0.13079265 0.13099614
7 -0.8459132 0.7796167 0.64709425 -0.7457582 0.58287704 0.19981387 0.5571988 0.568015
15 -0.38294077 0.09353447 1.0182338 -0.16823849 -0.4530583 -0.33377555 0.65231466 0.7658999
28 -1.3346206 0.20793825 0.39342526 -0.88972104 0.5759981 0.7971981 0.24140474 0.9216489
35 0.055661526 0.2276678 0.83681494 0.28797007 0.3108968 -0.22144073 1.058732 0.13077243
38 -0.17603156 0.29565898 0.67632407 -0.20014463 0.7930095 1.1055844 0.2343903 -0.2677845
36 -0.09696007 -0.05565962 0.7729585 0.1299618 0.18857248 1.1831715 -0.8903951 -0.06321134
4 0.031589042 0.04481106 0.57153034 0.45018968 0.4752197 1.5686668 -0.81443375 -0.38434586
39 0.3345057 0.5698015 0.66209906 0.75821704 -0.073314965 -1.0778149 0.7989507 0.74037784
17 -0.36314243 -0.15552077 0.6046228 -0.12617901 -0.7154986 0.6614165 -0.0069811107 1.1174036
49 0.16411424 -0.16730529 0.48320356 0.7643363 -0.13188143 1.5577025 -0.51064694 -0.033311438
5 -0.29496983 -0.23571777 0.50320965 -0.32812506 -0.0713521 1.7450427 0.061757848 0.44680178
25 1.2977352 -0.17208785 0.43959698 1.5211357 -0.1238286 -0.21242546 -0.44711345 0.5637424
13 -0.51251054 0.68450904 0.5869289 -0.59183174 0.9049729 0.22088431 0.46261597 0.39966694
32 1.0114816 0.4603676 0.7272025 1.1842211 0.8134929 -0.25552067 -0.25965196 -0.4725205
27 -0.96753716 0.44396287 0.5992007 -0.93200105 0.7015594 1.0503001 -0.0075114598 0.41322342
37 0.66698384 0.19708544 0.78038114 0.6908191 -0.005153946 -0.91431504 0.7732707 0.64335036
0 -0.06264365 0.27584627 0.8729575 0.21007325 0.049240876 -1.1674814 0.70422155 0.88813454
3 1.3741684 -0.28010002 0.85898465 1.3648311 -0.2508038 -0.27128327 -0.96690357 0.25101414
18 0.43618068 0.30512697 0.68116945 0.8835663 0.04935942 -1.4761306 -0.20796005 0.9982226
16 0.81652004 -0.6870643 0.31418213 1.4390552 -0.040751476 0.7303637 -1.1566484 0.47184497
21 1.3698235 -0.49815455 0.6641131 1.5707936 -0.03008509 0.74684227 -0.8049054 -0.15085968
33 0.5959818 -0.2576044 0.58251977 1.4591445 0.21871679 0.7774924 -0.64566267 -0.33790335
22 0.21658646 0.28599173 0.647794 0.62394017 -0.26980692 -0.9526782 0.70481455 0.9640656
46 -0.55317956 0.36913723 0.61054903 0.16431686 1.0674394 1.2834408 -0.6280067 -0.63225746
30 0.7773115 0.092705816 0.66396487 0.98528606 -0.46008503 -1.0320935 0.45440665 0.99897844
34 1.1763505 -0.4696711 0.7568192 0.98178506 0.45848358 0.9414922 -1.2684188 -0.31573534
9 0.36429587 -0.5282773 0.71205163 0.75050163 0.02306456 1.662046 -0.826359 -0.3062504
14 0.76179963 -0.35043705 0.39342168 1.4045895 0.2245348 1.2581072 -1.2840141 -0.13593987
45 -0.486037 0.051009063 0.5225191 -0.16673286 -0.3028558 0.6533014 0.011379806 0.8968538
11 0.56811804 -0.9124207 0.3429209 1.4647036 -0.04628691 1.3900311 -1.345174 0.16970873
29 0.8845754 -0.3037233 0.29452306 1.5068364 -0.121430755 -0.01267675 -1.0383537 0.784135
47 -0.32179588 -0.25395176 0.2717262 0.61526513 -0.040602874 1.4260154 0.54892576 0.25941625
