50 8
1 0.49886352 -0.03373763 0.50763315 0.6132149 0.504627 -0.12152104 -0.19422424 0.33160982
16 -0.30632767 0.32709205 0.7367711 -0.26914898 0.5357359 0.56608534 0.15672888 0.58302766
23 0.09090071 0.41704923 0.09954486 0.8539366 0.18003298 0.32909718 -0.14885625 0.6285092
12 -0.25094485 0.58885854 0.00010737004 0.6970247 0.38362733 0.4113396 0.21585771 0.6216195
43 -0.74975204 0.49375585 0.6178015 -0.21934117 0.67776877 0.66731167 0.36704764 0.30428514
48 0.34632584 0.24340512 0.17320806 0.4669749 0.71260816 0.08119815 -0.35088566 0.63051856
10 -0.07213103 0.34444293 0.6143049 0.65009725 0.031795792 -0.036936454 0.0595549 0.38993746
36 -0.7724188 0.58977157 1.0904561 -0.31863406 0.2921436 0.37824667 0.24690704 -0.026016647
39 -0.53366727 -0.24423583 0.60468084 0.31225502 1.356706 -0.43833292 0.24788979 -0.1857882
19 0.89444685 0.6387666 0.20067659 1.0581863 -0.44445157 0.31721732 -0.81473374 0.63037455
25 0.97958463 0.055567242 0.4066152 0.8578611 0.122357905 -0.09995545 -0.89812493 0.4724331
4 0.13170111 0.5122301 1.5258107 0.22729786 -0.6141138 0.31774995 0.20171188 -0.5711024
17 -0.6395274 0.54907876 0.89285964 -0.3138011 0.3457401 0.9507901 0.42500195 0.059716728
42 -1.0384722 0.24865472 0.63565195 -0.37179452 0.9523629 0.061502337 -0.16814333 0.73198366
27 -0.7409605 0.4580754 1.32998 -0.52433425 0.5254273 0.5143214 0.63190055 -0.5136457
31 -0.92878973 0.20010221 0.37713867 -0.21752042 1.330803 -0.13688165 0.040023513 0.74395347
13 0.013641162 -0.15768558 0.028744396 1.0475055 0.9081227 -0.73384607 -0.50271255 0.81425947
34 0.013444574 0.28263736 1.0906087 -0.41092503 0.47331008 0.48515368 -0.20734967 -0.07082468
26 -1.1890576 0.35991645 0.3533388 -0.021541903 0.99388933 0.06261014 0.48090902 0.8486376
24 0.8225065 0.42193127 0.18916604 1.324459 -0.49785578 0.37378946 -0.7266499 0.50144917
29 -0.60261154 0.32116464 0.040291134 0.06550223 1.1424915 -0.004735734 -0.19716775 1.0746969
6 -1.1581137 0.08037012 0.72097445 -0.01145714 1.0443693 -0.44337434 0.052806918 0.34322953
7 -0.056323808 0.53648305 -0.40827686 0.7702025 0.4863549 0.47894686 -0.2099179 1.5177568
14 1.139534 0.26596063 0.65785754 1.0087401 -0.3254218 0.28232956 -0.6073012 -0.24213392
41 -0.105109066 0.57708 1.160541 -0.20849618 0.34226176 0.7544504 0.32453698 -1.0047839
8 -0.9355518 0.11957438 0.25819778 0.20623752 1.1816473 -0.3639499 -0.056750774 0.7485314
38 -0.95524585 0.31270674 0.87777066 -0.1757048 1.0594128 0.07382574 0.66457313 -0.44357792
5 0.8323164 0.66956264 0.8496875 0.7384799 -0.34201586 0.5483648 0.31121033 -0.654357
28 -0.7826838 0.69133997 0.76054525 -0.23873004 0.33907133 0.6931875 0.37517652 0.24337241
15 0.25940403 1.0993888 0.5508522 0.5383775 -0.72132367 1.0572444 0.095986426 0.2694425
22 1.0308735 -0.26705378 0.4753749 1.192502 0.34844467 -0.43716356 -0.7432101 -0.019877156
49 -0.2090574 0.5882573 1.2952261 -0.082119144 -0.2541727 0.8750236 0.16387545 -0.6838144
20 -0.75000536 0.5705322 1.0740367 -0.1479756 0.15857047 0.63607806 0.65350336 -0.17675605
45 -1.2767377 0.64992934 0.9524672 -0.2832501 0.42972112 0.59351116 0.4577706 -0.22058351
11 1.2933255 0.18760177 1.2268281 0.45583838 -0.18281117 0.5789377 -0.37494633 -1.0865879
21 1.0990353 0.15025017 0.10163199 1.5806257 -0.14036767 0.3801283 -0.6988677 -0.07743555
2 1.0650283 0.84838796 0.3357122 1.1355977 -0.7045043 0.8798917 -0.1642048 0.11626497
9 0.69291186 0.14274259 1.6414256 0.37127742 -0.42760772 0.19393091 0.19001731 -0.94013417
18 -0.27749148 -0.32619098 0.06332837 0.98577976 1.1553206 -0.7410821 -0.19167584 0.6508603
30 -0.6834229 -0.42274937 0.14391771 0.6452917 1.5286204 -1.1288717 -0.45518202 0.8674978
44 -0.27450854 -0.8233515 0.77863425 0.46800703 1.5640152 -0.9627617 -0.015798451 -0.16587356
46 -0.48043898 0.40757513 1.5340865 -0.49006245 0.5687637 0.103235126 0.2901467 -1.0244391
32 1.2949924 -0.42163363 0.2982364 1.5836054 0.8188902 -0.9361271 -0.7091004 -0.43551812
37 0.82195395 -0.36540952 0.2615834 1.857093 0.051777028 -0.80309355 -0.6361051 0.44469076
35 1.3034627 -0.48872975 0.7410511 1.1942642 0.5840552 -0.8762185 -0.6396841 -0.36442715
33 1.5291725 -0.048889857 0.5695265 1.8220451 -0.28887877 -0.060429327 -0.45467424 -0.83923244
3 1.1514609 0.49454412 -0.03486423 1.5753497 -0.5812981 0.49783665 -0.7027946 0.70161337
40 -0.8853528 -0.23128998 -0.015345233 0.30133405 1.6366413 -0.4729628 -0.26627722 1.1247511
0 -0.32356408 1.1091642 0.01793786 0.40935516 -0.19006589 1.2285687 0.049470726 0.85310644
47 0.6113959 -0.41418058 1.6023194 0.6919788 0.63052666 -0.65047413 0.056194473 -2.1391
