50 8
20 -0.03964531 0.107720144 0.86711574 -0.6423382 0.25587794 0.5629619 0.06855535 -0.18167785
28 -0.3422316 0.74071735 0.6668012 -1.015533 0.11634716 0.9832152 -0.017637778 -0.28007483
1 0.14244501 0.48102832 1.04066 -0.7475831 0.1521806 0.49162328 -0.037717145 -0.54278564
43 -0.75521266 0.1942937 0.5135386 -0.32442594 0.3841365 0.53006494 0.4743636 0.3699281
49 0.047270074 0.04269942 1.0304109 -0.86632437 -0.015164619 0.62115324 0.21542026 -0.12447223
4 0.004986828 0.338987 1.0944748 -0.68543583 0.045355175 0.712639 0.24219029 -0.5758109
14 0.05861526 0.40133065 0.48478347 -0.010063595 -0.032010045 0.9709319 -0.3411222 -0.2537938
24 0.77967525 0.4527534 0.57560533 0.95354885 0.2700722 -0.3641796 -0.72802716 0.15495789
34 0.30152103 0.37791386 0.38996652 -0.2104159 0.01784181 1.2853823 -0.72258407 -0.39967796
36 -0.5274498 0.5402001 0.76675594 -0.7583488 0.1433615 0.92059886 0.180405 -0.32305261
38 -0.29076284 0.49178964 0.42603433 -0.18549035 -0.11979898 1.4845947 -0.1088696 -0.31809467
45 -0.51398456 0.19602191 0.86315787 -0.9800898 0.013075958 0.7371027 0.6205664 0.2203007
31 -0.6321124 0.78243977 0.29887062 -0.3775561 -0.013681231 1.4199955 -0.23663703 -0.24396257
27 -0.6076235 0.9863153 0.42856863 -0.56902343 0.2323628 1.1191136 -0.083302006 -0.37061366
15 0.44480842 -0.25529024 0.8695179 0.18018615 0.28208682 -1.1335801 -0.14239924 1.2912389
39 -0.8355608 0.8561812 0.2386733 -0.07493724 -0.11821253 1.6764656 0.039611075 -0.31584993
47 -0.6622179 0.865835 0.3817072 -0.27792647 0.11743781 1.6644831 -0.10829435 -0.76169807
46 -0.8648543 0.7134362 0.6211721 -0.4352966 0.15923963 1.0052121 0.2913625 -0.3430493
42 -0.5513593 -0.07992404 0.7442666 -0.8081513 0.14335948 0.66340387 0.5049449 0.38818863
10 -0.42394432 0.44440284 0.6177373 -0.02019855 0.17074545 0.22953878 0.116152704 0.18161133
6 -0.92127514 0.61498326 0.50907665 -0.8216424 0.1312782 0.895292 0.114174955 0.068767115
48 -0.14861369 0.62337506 0.3627734 -0.37796536 0.07477624 1.5035906 -0.27020913 -0.45021254
19 0.93914527 -0.25310874 0.92692196 0.5015062 0.4005632 -1.2148194 -0.59736127 0.8601749
8 -1.0935593 0.3753533 0.10334763 0.16828912 0.14445414 0.80092883 0.120516635 0.6148522
9 0.45739737 0.14116634 0.81682825 -0.27890217 -0.2280046 1.2932945 -0.25316602 -0.6768276
40 -0.7773609 0.33701006 -0.14823152 0.9171062 -0.13133666 1.4270927 0.21272664 0.5219861
5 0.29570282 -0.19410466 1.0599376 -0.7751176 0.4452135 -0.5700569 0.34907824 0.77229077
23 0.8080074 0.8719232 0.72322094 0.4749494 0.33724466 0.13325924 -0.9228718 -0.8502768
25 1.2345028 0.15139648 0.49021873 0.8958246 0.3047222 -0.20745765 -1.0724494 0.23544034
29 0.22896792 0.21718037 0.15471932 0.6037573 0.44013166 0.75174975 -0.4230838 0.07155999
12 0.180228 -0.14062344 0.26875183 1.9756546 0.6961385 -0.9742865 -0.47583866 1.1751084
44 -0.9730291 0.35038123 0.17148383 0.15093365 0.14933993 1.4932407 0.050295275 -0.12592098
13 -0.52218086 0.2821923 -0.39390674 1.439041 0.37679443 0.64707977 -0.42471197 0.90590054
0 0.3743733 -0.627855 0.7029734 0.8079868 0.5082367 -1.3294559 -0.25079262 1.5980412
16 0.26345232 -0.36824876 0.67182094 -0.7027693 0.54366803 0.07207182 -0.31132278 0.51716924
7 0.18567692 -0.2890824 0.40954375 1.2930976 0.48300555 -0.9629113 -0.0781007 1.5608722
2 0.6841152 -0.38730374 0.55207086 1.619525 0.47534895 -1.1446763 -0.4458564 1.3093932
41 -0.48118258 0.91660154 0.43618324 -0.23561695 0.2812156 1.487636 0.013669315 -0.74669695
17 -0.108767815 -0.6917653 1.2072628 -1.1199285 0.28969133 -0.43010274 0.6073961 1.0008178
11 0.6828734 -0.5129728 1.0856493 -0.6685749 0.091121286 0.2818987 -0.57114726 -0.10071943
3 0.36989537 0.33069876 0.22507289 1.478287 0.63140875 -0.9436815 -0.7343213 1.0056919
37 1.0584646 -0.6787687 0.6438427 1.3054836 0.35490328 -0.87012726 -0.6284865 1.167679
18 0.03727859 -0.4652867 0.27347067 1.8365935 0.27408975 -0.6543529 -0.04402313 1.6224719
22 0.5652493 -0.6741353 0.36905584 1.7345554 0.46472275 -0.80619955 -0.8804406 1.1951652
26 -0.60664666 -0.35496166 0.68599325 0.5131531 0.19928142 -0.7105389 0.8312911 1.5837413
35 0.47450018 -0.71364635 0.3717368 1.8036519 0.6299847 -1.1353405 -0.46377304 1.5923624
30 -0.20737459 -0.097649395 0.28308496 1.4887928 0.46885985 -1.1110095 -0.14503795 1.7400461
33 0.8028223 -0.03810655 0.32414907 2.1692367 0.61876094 -1.0240912 -0.81266165 0.9556458
21 0.4268542 -0.48934343 0.16097112 1.7904819 0.41279098 -0.92520034 -0.66420335 1.7564317
32 0.5335972 -0.23253903 0.37346157 1.8360848 0.7606587 -1.2208327 -0.6047289 1.2363248
