50 8
43 -0.76038396 -0.032598935 0.51809925 0.58856344 -0.22897406 -0.16621369 0.117587045 -0.2368876
27 -1.0205923 0.02660156 0.055095937 0.77814174 -0.30089912 -0.8966339 0.07653937 -0.54896915
23 -0.33304116 0.8169024 0.33081335 0.26552624 -0.32554576 -0.0968369 -0.3805946 -0.14915998
28 -0.8834436 -0.08776944 0.35849267 0.68704915 -0.40258366 -0.68382144 -0.16888036 -0.7463335
39 -0.7272446 0.2989097 0.11466026 0.6720714 -0.15193608 -0.79284966 0.008704837 -0.31374493
41 -0.8230336 0.19167992 0.21199237 0.5602996 -0.0065217917 -0.7770616 0.19939213 -0.13682477
29 -0.6250161 -0.113068506 0.36165953 0.5366374 0.21816878 -0.9166166 0.24039501 0.34951898
20 -0.61249053 0.70480347 0.13067374 0.3670792 -0.17762503 -0.968414 -0.28464732 -0.508561
42 -1.0463456 0.19604741 0.11759636 0.8034792 -0.29399043 -0.3518591 0.106610686 -0.68099606
12 -0.3885944 -0.68197846 0.49483836 0.96696067 0.24989165 -0.19059192 -0.04895212 0.5712551
36 -0.55765945 0.83795875 0.15441854 0.45544234 -0.69428277 -0.14208548 -0.48090836 -0.6892686
1 -0.35763875 1.2173597 0.080739215 0.5361784 -0.6899803 -0.04960646 -0.5637063 -0.91281945
31 -0.41752407 -0.35443172 0.17732301 0.8444279 0.23659286 -1.0858327 -0.12641151 0.30501756
26 -0.8103779 -0.65122986 0.5142693 0.8062131 -0.0973736 -0.6794916 -0.021351475 -0.14195861
34 -0.26679435 0.9332164 0.09929847 0.50201404 -0.5735545 -0.29728395 -0.76786435 -0.6691217
13 -0.50324553 -0.42236307 0.53920853 0.66052157 0.41451862 0.16210707 0.2607122 1.0812136
18 -0.2499486 -0.43261564 0.8614242 0.54405797 0.7579637 0.48429283 0.48200583 1.6400554
49 -0.49537387 1.0908936 0.2941634 0.36725008 -0.76022226 -0.044464365 -0.5476241 -1.0274385
6 -0.8306414 -0.14697488 0.09859033 0.9161992 0.08108048 -0.8624876 0.22750996 -0.1258713
45 -0.7049327 0.8045058 0.34757504 0.40837827 -0.30269706 -0.31437632 -0.15965082 -0.87932783
16 -0.4615995 1.5005237 0.354721 -0.12809704 -0.6477898 -0.59232324 -0.33485273 -0.7648032
24 -0.51098 0.058372196 0.5544256 0.58539087 -0.26314533 0.21594894 -0.56283176 -0.4023852
46 -0.3285053 0.7227023 0.47632948 0.32980978 -0.9589601 -0.15381575 -0.6705715 -0.74522084
40 -0.5859289 -0.21881197 0.37487233 0.71155757 0.78849995 -0.6577627 0.58050525 0.74497354
10 -0.37378892 -0.10882442 0.19375542 1.0119177 0.7997952 -0.24863689 0.5407085 0.9041864
48 -0.27811313 0.47426802 -0.12675028 0.8180392 -0.16079158 -0.83062094 -0.37928632 -0.10526225
4 -0.27844444 1.238313 0.37293598 -0.066324435 -1.1231649 -0.14230955 -0.76234937 -0.5439955
2 -0.23277332 -0.20566085 0.77359104 0.28885004 0.1399469 0.6981819 0.3212785 1.719944
17 -0.5663214 0.18625702 0.34071514 0.5677024 -0.3546897 -0.7241967 -0.32718694 -0.4866617
7 -0.34634003 -0.7430215 0.50628906 0.8446492 0.55456984 -0.2571262 -0.002877403 1.0860909
15 0.010623393 -0.14746512 0.8411089 0.5463117 0.15660346 0.68076533 -0.14271705 0.9387596
44 -0.521738 0.31567 0.09318836 0.69801044 0.16830909 -1.2014587 0.0050993706 -0.2438861
38 -0.27635983 1.19883 0.22067331 0.12512581 -0.57536113 -0.56304365 -0.7037408 -0.57220656
19 -0.17170303 -0.73540294 0.8072719 0.6831926 0.089694105 0.52541983 -0.34233087 1.0007993
11 0.1395493 0.96751285 0.92617893 -0.3277816 -1.1899039 0.86194694 -1.2625848 0.021816831
5 0.15010272 0.6544349 0.55401886 0.3941195 -0.8043739 0.74959093 -1.0482949 -0.06148345
35 0.03837573 -0.116247065 1.3018142 -0.028932529 0.114217766 1.148466 -0.14635631 1.5026141
30 0.11267922 -0.06401389 0.37902367 0.81036854 0.92236537 0.17535211 0.09303943 1.6147186
8 -0.54721993 -0.37480938 0.3232844 0.8972333 0.52805626 -0.7055303 0.55411625 0.6785631
25 0.39034477 1.2728475 0.42611223 -0.046002455 0.045177422 0.43661264 -0.6265853 0.877619
21 0.06299329 -0.26738098 0.7910355 0.21163595 0.44694626 0.3402026 -0.25369835 1.8849854
33 0.49104926 0.67853034 0.9476181 -0.11873517 0.3200313 0.90344715 -0.42149514 1.724084
22 0.38057938 -0.1682624 1.3374041 0.23720804 0.2188847 1.6771089 -0.5326278 1.569198
14 0.07637403 1.8524164 0.39490566 -0.43039694 -0.99329674 0.2252346 -1.0321145 -0.14893194
3 0.24751374 0.071538605 0.9117515 0.22680347 0.531554 1.1917845 -0.0711779 2.1071677
9 -0.27713767 1.5222868 0.38783187 -0.3342666 -1.2074178 0.122499004 -0.9350889 -0.42564887
37 0.22080643 -0.33957735 1.6462475 -0.09282728 0.47337952 1.2098116 -0.21081574 1.7868426
32 0.30961525 -0.2528748 1.1622741 0.32476616 0.60530365 0.8718562 -0.12979451 1.7909721
0 0.2615783 -0.39693782 1.0056787 0.42339462 0.6350412 1.0104681 -0.031225238 2.2092125
47 -0.33991233 1.4712105 0.29514194 0.18300694 -0.8008373 -0.026472356 -0.95840186 -1.1911097
