50 8
1 -0.36516473 0.1983732 0.33649433 0.14743418 -0.26508415 0.9568011 0.4841167 0.47397643
16 0.13288957 -0.036707133 0.4289679 -0.4855822 -0.04791528 0.7558798 0.295804 1.0022168
6 -0.45458302 0.1859539 0.5810448 0.21860296 0.8860759 0.80278623 0.7208342 -0.5250443
18 0.14543371 0.081606865 1.1242781 0.41769728 1.1169266 -0.9879579 -0.72788894 0.16276595
39 -0.45460725 0.26280656 0.73054516 -0.26288104 0.9375882 0.7812424 0.81358606 -0.40461943
28 -0.4541494 0.30944136 0.12965016 0.34277448 -0.07532503 1.2811676 0.6314422 0.15033692
27 -0.16807902 0.3354026 0.21219179 0.22717683 0.20945543 1.2712761 0.78952765 -0.06357971
19 0.1289137 0.045395605 1.1400647 -0.077632464 0.07402297 -1.042113 -0.10108913 1.213112
40 -0.26684955 0.12736484 0.54663277 0.24245103 1.1463042 0.72852 0.63196576 -0.6043396
12 0.25125235 0.43484136 0.21919125 1.2395236 0.77014035 -0.103863075 -0.62318134 -0.045163997
36 -0.3854644 0.46779504 0.06403036 0.542058 -0.2969936 1.5186881 0.70134485 0.01990172
17 -0.3743366 0.11946056 0.89061195 -0.9597858 0.16815244 0.22481455 0.25090027 0.9619891
31 -0.10307401 0.2743892 0.21598949 0.29801723 0.94488007 1.0849571 0.22745056 -0.4116505
41 0.04622203 0.2734151 -0.18316576 0.80469716 0.45154905 1.6392773 0.4734746 -0.3428817
42 -0.360667 -0.09169997 1.131984 -0.8230591 1.1829203 0.2809508 0.305841 -0.067235515
49 -0.40303516 0.18923424 0.57102823 -0.5202698 -0.26408938 0.9104444 0.47201735 0.73545814
43 -0.59525865 0.19554557 0.66782343 -0.4847791 0.66852003 1.267349 0.98179466 -0.3445311
10 -0.19891782 0.4626655 0.27588844 0.37426865 -0.14548509 -0.0141659295 -0.18645331 1.0108368
23 0.123786114 0.28578255 0.40362334 0.3745669 0.975508 0.32271415 -0.18947598 -0.10837715
14 0.6429896 0.34593567 -0.03738927 0.70570683 -0.57997626 0.13910966 -0.7913608 1.5332112
15 0.48652887 0.22640178 1.1084315 0.32623032 -0.14901133 -1.2925797 -0.51992935 1.3051313
26 -0.29258266 0.010990001 0.69029844 0.47458693 1.3731235 0.26309434 0.375464 -0.6437613
34 0.10559713 0.4051238 -0.03537418 0.7896138 -0.5969385 1.3063395 0.37933856 0.35651422
8 -0.5224243 0.07515029 0.51733774 0.36736786 1.4292009 0.6664258 0.38525862 -0.69881785
38 -0.03153232 0.3745706 -0.17165765 1.0929748 0.008639887 1.504942 0.6300428 -0.24951972
30 0.12942414 -0.01935386 1.3446034 -0.109112196 1.0266273 -0.83128965 -0.20660786 0.13837774
4 -0.24820273 0.46718818 0.038546856 0.3507882 -0.24767528 1.5684648 0.5398825 0.10290146
24 0.27808407 0.028010739 0.81422937 0.36609966 0.4658083 -1.0833049 -0.5442591 1.0663662
21 0.816796 0.08576452 0.27601746 1.0161556 -0.3053024 -0.7489316 -1.1485875 1.6600277
20 -0.11461629 0.3525629 -0.53749007 0.83209974 -0.5660125 1.4272759 0.4005037 0.8799082
37 0.48087573 -0.097173974 0.74520105 0.351664 -0.28184384 -0.8828709 -0.579002 1.6043812
13 0.47233957 0.45729524 -0.002753126 1.7322302 0.8929625 -0.1678398 -0.754963 -0.15077704
33 0.9253588 0.08543523 0.6367815 0.7548134 0.10006252 -1.0829984 -0.99755204 1.3456956
11 0.18827458 0.28450078 0.20113464 -0.008109284 -1.1796156 0.7936468 -0.14465746 1.6232516
9 0.059514854 0.40018934 -0.0904275 0.61042553 -1.052378 0.8327012 0.43923283 1.218015
5 0.009277477 0.5947729 0.5633502 -0.35129142 -0.7208172 0.1100633 0.11939962 1.4060671
44 -0.3196571 -0.1170704 0.5114073 0.1774996 1.4033095 0.81393117 0.4545311 -0.5960193
25 0.7453289 0.21282776 -0.32514465 1.2916625 0.0033035364 0.54324937 -0.4687964 0.72655475
45 -0.591026 0.258179 0.9790949 -0.4058105 0.6458973 0.5994776 0.90271324 -0.31911257
22 0.23121463 -0.15660901 1.4392464 -0.31993493 0.18085034 -1.0698539 -0.6408358 1.1076912
46 -0.61787444 0.44497594 1.3244184 -0.4113798 0.8423776 0.0069223186 0.14407913 -0.41000146
0 0.29893813 -0.038530912 1.1974181 0.16593048 0.3158429 -1.4817363 -0.8176427 1.2574059
3 0.61850876 0.4062731 0.7351816 0.6389383 0.027865632 -1.2764802 -0.8013023 1.308743
47 -0.7105396 0.49898034 0.5924392 -0.22433421 0.40281457 1.4307412 0.9195565 -0.53303576
7 0.7020185 -0.09112534 0.47290835 0.9544283 1.0366181 -1.1274182 -1.2435156 0.92514193
32 0.9265218 0.061746277 0.571904 0.93776757 0.41959614 -1.0840255 -1.0083185 1.1241126
2 0.9652803 0.091008686 0.749465 1.3584297 0.6694631 -1.578548 -1.113597 0.79468006
29 0.3470791 0.45818877 -0.39318654 1.0163249 -0.37446716 0.9967224 -0.12308819 0.7818236
35 0.69833565 0.19463223 1.1258667 0.68099785 0.22470371 -1.640733 -0.94436324 1.180032
48 -0.500556 0.35326716 1.1794201 -0.21873894 0.6537782 0.22671966 0.6334284 -0.442838
