50 8
1 -0.11713708 0.58392227 0.569196 0.12514067 -0.41017666 -0.61981976 0.086086035 -1.2296776
36 -0.31288308 1.0662197 -0.26662838 0.17845464 -0.57043725 0.21177694 0.10544242 -1.3267679
38 -0.3494452 0.8378371 -0.16226079 0.3036976 -0.4847841 -0.10993204 -0.050837755 -1.4307126
4 -0.49454597 0.33787575 0.2603069 0.46545604 -0.78435826 -0.5381009 0.0835925 -1.336744
6 -0.45520175 0.19213626 0.42963818 0.55482924 -0.47763237 -0.6755568 -0.105542086 -1.1166667
20 -0.48748553 0.5891852 0.0349384 0.3971232 -0.41882235 -0.073715284 -0.17331123 -1.2694852
26 0.09335649 -0.07954934 0.8408157 0.6280802 -0.028428476 -1.0090423 -0.38571313 -0.47006103
8 -0.50144774 0.062105674 0.2480351 0.56802547 -0.81707567 -0.7013192 -0.27622008 -0.68417305
25 -0.17610475 0.78195703 -0.32925436 0.25361913 -0.7342037 0.41288254 -0.15297244 -0.59299743
49 -0.4549686 0.8378877 -0.1198418 0.1626959 -0.7263187 0.18043466 -0.022678813 -1.3101785
9 -0.39446276 0.94472635 -0.13175234 -0.1134148 -0.32903382 0.5647271 0.38192987 0.1964804
41 -0.617009 0.78497726 -0.034669347 0.2547719 -0.4917831 -0.19626454 -0.03248584 -1.60078
28 -0.55449957 0.43479195 0.26921654 0.34724417 -0.87521714 -0.416301 -0.20773949 -1.5651233
16 -0.43447217 0.6200872 0.21566997 0.19824342 -0.9053196 -0.4332489 0.12910369 -1.4558715
42 -0.24710914 0.24725866 0.6330635 0.33511755 -0.4883962 -0.8005449 0.028351095 -1.0552657
43 -0.5559334 0.41616517 0.30773684 0.38092774 -0.8675811 -0.59847295 -0.11785877 -1.6121745
27 -0.63316894 0.73664117 0.15897371 0.10907787 -0.65903234 -0.2980461 -0.08600613 -1.5849228
17 -0.16180071 0.21562795 0.9617755 0.117884964 0.15030253 -0.4806229 -0.3082931 0.012480446
40 -0.57739574 0.58771276 0.2561998 0.2618025 -0.7360844 -0.7168096 0.04798389 -1.5922577
44 -0.33261463 0.58542234 -0.059427302 0.29590774 -1.1245667 -0.27109873 -0.0950516 -1.1002322
31 -0.4989239 0.3004573 0.21126267 0.47750375 -1.0164877 -0.7053042 -0.24349837 -1.5412797
7 0.3851605 -0.07017934 0.7988827 0.6892989 0.34807342 0.00655739 -0.1321011 1.7842938
47 -0.4791935 0.81250155 0.0654938 0.091390595 -0.8077013 -0.28745076 -0.14711094 -1.535285
29 -0.32730398 1.0873549 -0.5660181 0.13751642 -0.770737 0.19232664 0.31094527 -0.70427656
39 -0.73272693 0.5703456 0.11681279 0.35954368 -0.85887676 -0.5457353 -0.052657694 -1.8598719
48 -0.30727294 0.60153764 0.08948365 0.41240162 -0.60836947 -0.33933866 -0.22250196 -1.4411391
34 -0.47933018 1.096024 -0.28139213 0.033782545 -0.5523667 0.32710776 -0.08852269 -1.3078374
21 0.2079904 0.4628863 0.19896506 0.7157777 0.9442644 0.7969965 -0.17631365 2.0344355
19 0.17197391 -0.038147286 0.7196264 0.7306949 0.51453364 0.26027668 -0.1665295 1.9079801
10 0.39057153 0.16662407 0.54265165 0.6806436 0.46665868 -0.34724438 0.22937736 1.6280515
45 -0.5496511 0.87193066 0.1838657 -0.02370585 -0.6017783 -0.23448183 -0.14782944 -1.414309
33 0.4312955 0.32746038 0.47090688 0.592305 0.6881051 0.4731775 -0.17805852 2.0335543
15 0.3023565 -0.009689637 0.82661706 0.55989873 0.35684517 -0.09529684 -0.22023574 1.6389713
11 -0.6417408 1.4102776 -0.4820568 -0.32196724 0.01976492 1.3840718 -0.22677794 -0.04756807
3 0.4765425 0.31246775 0.5889309 0.61905956 0.6632053 0.52463716 -0.092368074 1.9381101
46 0.36608902 0.32934147 0.5359689 0.5188371 0.51501477 0.31129092 0.18380626 1.8058015
18 0.21437779 -0.2397367 0.6970783 0.8674621 -0.0039071846 0.068581 -0.050178617 1.8151194
22 0.3939467 0.4096253 0.39231515 0.45768264 0.41966173 0.80228466 -0.043840367 2.209662
32 0.29478097 0.42662 0.22255762 0.5266309 0.3888152 0.8150983 -0.1015509 2.1477864
23 -0.08438562 0.14370444 0.9467714 0.32331085 0.5045751 -0.7099283 0.12488942 0.4097179
37 0.37176234 0.44738623 0.48309553 0.39573243 0.49182913 0.9134347 -0.13173518 2.1865556
0 0.37450013 -0.10469485 0.9514603 0.7853072 0.680629 0.12690708 -0.24980563 2.039677
13 0.19806306 0.234686 0.0917619 0.81774926 0.40786183 0.60658884 -0.085705176 1.6943154
2 0.39647034 0.27750242 0.6498944 0.69785196 0.85375226 0.4284763 -0.035894644 2.122255
24 0.30321336 0.19972274 0.7415167 0.62029487 0.8729771 -0.10485948 -0.026341105 1.750012
5 0.35105908 0.58697 0.54845476 0.30663896 0.73397595 0.8164057 0.050299697 1.7419659
14 -0.34898797 1.2281466 -0.630627 -0.05338957 0.112153135 1.3528177 0.14523253 1.0375959
12 0.68708366 -0.18155958 0.7250055 0.9765609 0.21463239 -0.62709516 0.4092025 1.5445089
35 0.3638571 0.30396777 0.29242727 0.6270102 0.30672717 0.50816804 -0.25439346 2.3097568
30 0.73966426 0.243242 0.39581 0.78115594 0.2943431 0.40945256 -0.094622836 2.0059195
