50 8
1 -0.3652581 0.19277607 0.19762334 0.36666897 -0.32601625 -0.50835586 0.3381255 -1.2412233
43 -0.4067588 0.17016734 0.31993315 0.40914083 -0.51465476 -0.15632541 0.36142606 -1.0834275
49 -0.68291676 -0.31468478 0.3435468 0.30162 -0.35277677 -0.19900236 0.65454495 -1.113021
28 -0.5454525 0.31397298 0.16703798 0.33327407 -0.29111272 -0.28237516 0.5624093 -1.3388957
42 -0.5111166 0.19291387 0.0772203 0.32860136 -0.16150345 -0.5364319 0.5553625 -0.9277402
40 -0.15875573 0.4027914 -0.25547597 0.462438 0.46818182 -1.3978124 0.0527472 -0.6124656
20 -0.5696798 0.71906716 0.14191338 0.37977242 -0.47901666 -0.15893987 -0.2124534 -1.4704682
14 -0.62949455 0.863685 0.79525703 0.3694399 -0.5185668 1.0609407 0.7445131 -0.026513128
23 -0.4684789 -0.695929 0.08090259 0.65185523 0.51538086 -0.67481863 1.0527197 0.011351928
19 -0.19675086 -0.6679952 0.21129087 0.9850701 0.66006523 -0.6150326 0.29202116 0.72533524
17 -0.65058064 -0.71392035 0.62458813 0.517586 -0.44023415 0.153935 0.26427406 -1.0654544
6 -0.41429386 0.023980288 -0.08732802 0.42871115 -0.28584993 -0.93538827 0.04540676 -1.2643409
39 -0.36758736 0.39719102 -0.351865 0.39772728 0.42236397 -1.171652 0.7553895 -0.9588113
24 -0.45931074 -0.5588529 0.08290801 0.7170724 0.81627935 -0.66593117 0.83791465 0.05378212
15 -0.6262845 -0.6408691 1.0942307 0.6768342 0.14275356 0.5894913 0.14853245 0.71357375
36 -0.48899755 0.70169705 -0.1870791 0.57855237 -0.056248095 -0.26878557 0.58284104 -1.3437982
31 -0.12282717 0.6813707 -0.40462804 0.5042449 0.31491074 -1.342011 0.11361349 -0.8115741
38 -0.058749143 1.6184227 -0.058912985 0.40718526 -0.3236142 -0.36028674 0.102752954 -1.0969667
8 0.18237436 0.57766557 0.025115654 0.36263585 -0.08543063 -1.59841 -0.9157568 -0.04554378
44 0.25854695 1.6110079 -0.005608004 0.28672907 -0.35199618 -1.018076 -0.47907582 -0.49115312
27 -0.41449744 0.77197444 0.105322964 0.4066276 -0.71405166 -0.24222684 -0.23098111 -1.8449756
46 -0.91686887 -0.76012534 0.25005326 0.5196302 -0.2061253 -0.109289184 0.61154515 -1.0446212
34 -0.4326784 1.5440359 0.11791452 0.31753016 -0.21447544 -0.070284754 -0.07199079 -1.2868042
25 0.06595666 1.2297153 0.92622465 0.35517752 -0.78685 0.107096896 -0.8508473 1.2452726
41 -0.36034155 1.1737078 0.06225993 0.2860117 -0.2675714 -0.30074638 0.21268716 -1.426117
12 0.22733666 -0.44171995 0.41596794 0.6090801 0.32407004 -1.4249021 0.010278548 1.4471215
7 -0.024994688 -0.39397523 0.6444099 0.64122045 0.21450873 -0.79401165 -0.16051394 1.7545077
48 -0.561287 0.37656114 0.008863577 0.55598843 -0.22774825 -0.20893887 0.1277921 -1.7773936
0 -0.24127543 -0.7951512 1.0719299 0.8118104 0.49539137 0.1074321 0.35574585 1.5607287
11 -0.53667223 0.47162148 1.1794482 0.49404874 -1.0007987 1.3593835 0.028376581 -0.09236893
45 -0.118125655 0.7256018 -0.28032503 0.47683227 -0.24960399 -0.95144886 0.2625472 -1.4966952
10 0.21557237 -0.37076092 0.42760694 0.5635387 -0.41438457 -0.8396861 0.45164388 0.959472
35 -0.33909142 0.015830878 1.0568202 0.51504403 0.36849976 0.14036733 0.1922635 1.8368369
29 0.22577052 1.2923576 0.33940798 0.27841702 -0.9290866 -0.6719591 -0.62067956 0.5933684
18 0.15633172 0.5354106 0.87677264 0.38619316 -0.08273329 -0.7030393 -0.67078316 2.123358
3 -0.17864579 -0.833754 0.41486117 0.7203422 0.87363005 -0.8694226 0.47323447 0.74932873
2 -0.23730555 -0.42206088 0.4946602 0.6323579 0.75706965 -0.66631466 0.48309773 1.191949
21 -0.24077785 -0.31865034 0.8820553 0.48365426 0.5410065 -0.5505021 0.1259108 1.697006
16 -0.4389326 -0.08081292 0.9406674 0.39505726 -1.0193205 0.5836112 0.049141746 -0.6990598
4 -0.7569716 0.6120423 0.5204009 0.40808743 -0.92827797 0.77501893 0.3435935 -1.4564484
9 -0.87891716 0.64842963 0.2784911 0.4305689 -0.62242234 0.6877283 0.6535451 -1.5045943
13 0.5092508 0.9417626 0.44621938 0.35063127 -0.022108607 -1.351371 -0.5154558 1.5602608
37 -0.21107012 -0.019987538 1.6166385 0.5192688 -0.49816394 0.7594266 -0.72192967 1.5182232
30 0.31600514 0.57001984 0.82674104 0.8044663 -0.011253369 -0.17241205 -0.7283969 1.6312753
33 -0.13795424 0.33755448 1.0906924 0.78978163 0.44572884 0.4060914 -0.06868387 2.1033413
5 -0.68209165 -0.23154497 1.1498251 0.71617365 -0.59552056 1.3003966 0.1124339 0.2617342
26 0.37045598 0.55717665 0.43615353 0.2360168 -0.28745037 -1.6531274 -1.3285278 0.6975652
22 -0.098127544 0.12707482 1.4044952 0.9846396 -0.21646218 1.057121 -0.5016696 1.7499068
32 -0.17397068 -0.025668135 0.92941153 0.61525315 0.35042107 -0.28855926 0.19414872 2.3339498
47 -0.8925984 -0.3099706 1.1674303 0.8613913 -0.40086672 1.3763353 -0.69887 0.045372657
