50 8
19 -0.62589395 0.30309606 0.29384145 0.29387617 0.049786672 -0.44474384 -0.31456804 -0.37057185
43 -0.52584004 0.011887459 -0.044387143 0.5942664 -0.03855147 -0.913693 0.41097876 -0.8170219
18 -0.6960601 0.56516445 0.28557882 0.50318366 0.7870119 -0.87843734 -0.147947 0.7052757
40 -0.59864545 0.9528174 0.08692587 0.4913794 0.9115924 -0.6865035 -0.24102415 0.16137826
28 -0.20871706 -0.21903062 0.2340008 0.67652535 -1.1627747 0.11928254 0.2343142 -1.2233263
1 0.042026028 0.50067466 -0.07250103 1.0700749 -0.82245517 0.51652414 0.10968343 -0.9179672
26 -0.2877202 0.5645706 -0.15405942 0.56938666 -0.09644349 -1.026077 -0.26736245 -0.37696877
42 -0.8224639 0.039042 0.14616801 0.22984014 0.3575793 -1.2379193 -0.022663504 -0.6147233
46 -0.4834931 -0.52613276 0.6507575 0.3069695 -0.7079659 -0.4455374 0.36732158 -0.61170113
24 -0.54620385 0.88173103 0.42050958 0.25566468 0.37896433 -0.28535295 -0.44870389 0.49393547
45 -0.8496736 -0.71801096 0.84253716 0.032380544 -0.1116975 -0.89603925 0.36645085 -0.62290186
23 -0.5402019 0.23625845 0.41672882 0.37224546 0.3044317 -0.5263148 -0.14855075 -0.44620043
17 -0.6652409 -0.8203956 0.73616004 0.32138565 -0.6877587 -0.20165998 0.42425364 -0.95114756
34 -0.066187896 0.4593857 0.48931918 0.72804666 -0.7201775 0.7604011 0.08406152 -0.42881295
44 -0.8225876 0.16091613 0.41857985 0.13824849 0.58002514 -1.414028 -0.04618925 0.25651136
2 -0.9077526 0.48299778 0.54268825 0.38163802 0.98148704 -0.6218704 -0.03735684 0.90804857
6 -0.28045338 0.7028636 -0.4985488 0.94078916 -0.3071152 -0.40744272 -0.44775176 -0.5783254
31 -0.1266309 0.7449176 -0.29786757 0.86642355 0.049129523 -0.8915739 -0.3713564 -0.43190786
15 -0.6924769 -0.7103887 0.9682676 -0.020763863 -0.2311188 -0.9464242 0.4672135 -0.5453508
16 -0.09024533 0.07470802 0.42610604 0.52488416 -1.0211787 0.28236514 0.376775 -1.0764244
30 -0.61376053 0.36693764 -0.089670554 0.5238816 0.685037 -1.3775729 -0.24252996 -0.46463847
49 -0.28310177 -0.3008626 0.65564615 0.43610725 -1.0355784 0.34197992 0.32081544 -1.133766
10 -0.36085138 -0.19673274 1.1029962 0.19896923 -0.40994063 -0.18741521 0.38059768 0.29014847
39 -0.4503958 0.72258365 0.2866812 0.43049768 0.28096685 0.016518895 -0.0646839 -0.359302
27 -0.2466625 0.01213348 0.009443006 0.8633527 -1.6626623 0.8360251 0.18491894 -1.0418246
0 -0.87245667 0.40040255 0.99242944 -0.057725318 0.8137708 -0.64510053 -0.23319103 0.8987316
33 -0.54143417 0.59507567 1.1647114 -0.06687278 0.2100178 0.26969704 -0.054855376 0.6365786
22 -0.5916066 0.6343803 0.32202598 0.69591534 0.7919615 -0.08970359 -0.40845105 0.087517746
41 0.1413546 0.5147404 0.1745926 0.89192796 -1.3955657 1.0187992 0.0054599135 -0.95577264
3 -0.6883234 0.6628935 0.958065 0.010440595 0.5408495 -0.25328985 -0.119768366 1.1132435
29 -0.55778766 0.8945772 -0.27326867 0.8338233 0.06879204 -0.22043917 -0.3406976 0.59971553
4 -0.21031673 -0.4068158 1.0980295 0.09597728 -1.6517432 0.7921222 0.5559429 -0.9188045
12 -0.29911757 1.288478 0.066639945 0.6840402 0.31186125 -0.4349429 -0.26724625 1.1421858
20 0.014287496 0.083100446 0.93445385 0.24431285 -1.414943 0.8891276 0.32096756 -1.0263658
9 -0.09212798 0.049555212 0.72878104 0.40658128 -1.8114046 1.0657992 0.7066616 -0.75551766
36 -0.15599674 -0.11600144 0.53653705 0.5518709 -1.2693174 0.72551954 0.47060972 -1.2995813
5 -0.42839882 -0.88135356 1.3130221 0.13723923 -1.272858 0.4777732 0.67719054 -0.67582864
25 -0.048750248 1.2344106 0.20707996 0.5706222 -0.6293315 0.4976414 -0.36787966 0.5039972
11 -0.14954169 -0.27279755 1.1282974 0.07824191 -1.5112507 0.61339253 0.55201715 -0.7335036
48 0.16255106 0.6622592 -0.32962814 1.030252 -1.1533502 0.29222667 -0.33395958 -1.0607841
7 -0.51801014 0.99582124 0.43948475 0.26261267 0.25513703 -0.4688688 -0.573129 1.1868538
8 -0.71386606 0.3746193 -0.2546293 0.5430422 0.37962982 -1.5424892 -0.38532886 0.027050763
38 -0.16398184 0.31556997 0.90967613 0.33029023 -1.4840416 1.4205712 0.43075165 -0.24456473
47 -0.049603816 0.40405867 0.10190523 0.937587 -1.1143377 1.0863831 0.26390764 -1.2266889
14 -0.1269874 0.7972794 1.3370239 0.30473414 -0.82107383 1.8572475 0.02537912 0.8591625
21 -0.2832142 1.2564236 1.3395401 -0.03201096 0.46872535 0.5424685 -0.55040324 1.3199998
32 -0.83696055 0.056798983 0.85874563 0.10793392 0.9914836 -1.1978813 0.5781371 0.59423697
35 -0.38624546 0.86156154 1.3448063 0.059065823 0.33155972 0.32633212 -0.18721512 1.5512015
13 -0.8866791 0.48806074 -0.20594221 0.7178614 0.21550812 -0.71154886 -0.08056441 0.7396991
37 -0.42962164 1.5213549 0.94021595 0.050604716 0.43345657 0.41000938 -0.5325514 1.7472367
