50 8
43 -0.5287951 0.8460471 0.55007184 -0.09621699 0.42527953 0.08272906 -0.05984226 0.3059705
1 -0.4492344 -0.4325363 0.6347256 -0.11927847 -0.16337697 0.87848157 0.49397093 -0.4090067
6 -0.3249016 0.12503105 0.8063009 0.3210747 0.9018015 -0.13143337 0.28242567 0.52215403
42 -0.74818337 0.6501147 0.7385205 -0.15765159 0.6494264 -0.053960063 -0.10224829 0.3103272
26 -0.40925506 0.7347438 0.7343338 -0.021413393 0.86049104 -0.35368186 0.31389266 0.75315386
49 -0.23444079 0.23716126 0.37438217 -1.0380155 -0.5086455 1.0150659 0.9030325 -0.03816265
39 0.3960797 -0.029809926 0.868486 1.254076 0.62486696 -0.24271096 -0.2272062 0.7490255
23 -0.34300408 1.4172435 0.34921855 -0.2991576 -0.19693497 0.34034666 -0.4336922 0.033656463
8 -0.29940566 0.95976835 0.46214318 0.6672039 0.76806647 -0.28940654 -0.12859727 0.8906735
24 -0.10983707 0.7348042 0.71297735 0.8853568 0.80298764 -0.4443918 -0.3413937 0.8351433
40 0.20492381 0.1603908 0.78600687 1.4066708 0.40928167 -0.25140885 -0.36119115 0.5497561
4 -0.5380842 0.31145144 0.19371463 -0.7883176 -0.80386394 1.1949594 0.66660476 -0.25546545
30 0.5921679 -0.11900483 1.1966574 1.4493119 0.59843826 -0.43429095 -0.284406 0.1799994
19 -0.11672384 0.8398747 0.58024454 0.8287228 0.7850714 -0.2952208 -0.2423047 0.7767434
27 -0.401648 0.037775286 0.5529704 -1.142279 -0.29452762 0.7598608 1.0139445 0.17710058
18 0.42168292 0.10892743 0.9024477 1.5794348 0.39903656 -0.192213 -0.70390725 0.4478947
31 0.11060679 0.42818606 0.85434556 1.1889391 0.9249441 -0.42701283 -0.46754554 0.70644885
45 -0.8359148 0.66989815 0.32226902 -0.69821036 -0.029175472 0.5406633 0.51024556 0.21139006
15 -0.8142229 1.4164172 0.31524184 -0.05501125 0.11861921 -0.0018302123 -0.14923993 0.40108642
10 -0.7579219 1.312681 0.24856414 -0.7178703 0.099891186 0.15939175 0.24114355 0.64263666
5 0.10246867 0.29487178 0.19374727 -0.6097884 -0.906206 1.2387934 0.76844907 -0.33084455
28 -0.7799218 0.84499896 0.035167128 -0.77235043 -0.6309035 1.0066328 0.36027983 0.070275046
2 0.061258104 0.17759103 0.78623194 1.0401384 0.89478207 -0.19929469 -0.27477756 0.7651329
20 -0.8322714 0.9219918 0.24013697 -0.86858165 -0.30454683 0.6776305 0.2968568 0.17904504
3 0.31953856 0.3508482 0.88090223 1.0975919 0.6999809 -0.24309827 -0.48162425 0.5202182
0 -0.15313959 0.62503946 0.6354611 1.1987542 0.9109386 -0.1559687 -0.5841018 0.6189335
13 -0.24560873 0.7075183 0.6846521 1.263622 0.7900465 -0.43362594 -0.431984 0.83754987
36 -0.27851143 0.20252746 0.36379686 -0.69151515 -1.0746524 1.1887227 0.66726524 -0.5214851
41 0.59914845 -0.8888647 0.7007679 -0.34142026 -0.2863794 1.2367243 1.1520089 -0.5230229
29 1.000217 -0.7920953 0.8683566 0.24950114 0.47289503 0.56560445 1.0765635 -0.1229547
25 0.17909034 0.45508918 0.2930795 -0.52051836 -0.76812667 1.1688585 0.12716097 -0.30112445
12 -0.24942963 0.86017036 0.6625757 0.9596951 0.8507187 -0.32232648 -0.5175122 0.5592855
34 0.14180568 -0.48519024 0.43770182 -0.25603104 -1.377399 1.3740675 0.5452226 -0.42497906
16 0.5703716 -0.35502 0.5959654 -0.9983905 -0.46819952 1.2419049 1.0720558 -0.23336327
37 0.9759021 -0.80929744 1.095728 1.502634 0.07132436 -0.007312917 0.089393735 0.26459447
9 0.35030767 -0.39000574 0.49192223 -0.5843246 -1.1347318 1.2732584 1.0470003 -0.565328
38 -0.6895441 0.66017795 0.09578366 -0.672318 -0.8968025 1.07059 0.35429928 -0.14139207
44 -0.039488167 0.27938417 0.8613726 1.4127042 0.2839603 -0.27977586 -0.76237684 0.54966104
35 0.32285962 -0.43314147 0.50248337 0.8407207 -1.0205213 0.99666923 -0.16598818 -0.39934108
46 0.13180926 0.37065178 0.54923815 -0.25505364 -0.4071859 0.7038021 0.18765612 -0.391208
7 0.34586227 0.65022236 0.8958081 0.4000858 1.1125607 -0.6113507 0.29789326 0.84956074
48 -0.5229497 0.3567689 0.16984873 -1.2452742 -0.7941161 1.3094723 1.0760764 -0.20404692
14 0.18199837 -0.21455863 0.35877532 -0.40322632 -1.5934387 1.6611216 0.5193555 -0.89444
21 0.35820758 -0.73294514 0.40823293 0.4992413 -1.2058356 1.4357938 0.3248873 -0.65914595
11 0.32191005 -0.49832147 0.60463953 -0.57978094 -1.2750715 1.3243837 0.5359586 -0.42271784
47 -0.22415541 -0.42265645 0.2719477 -0.37303987 -0.44054672 1.3158585 1.0578017 -0.24298333
22 0.029013228 -0.16682296 0.8951984 1.485618 0.109309636 -0.016293813 -0.7300082 0.32914677
32 0.45947683 -0.16038151 1.0680501 1.9484082 0.36033323 -0.2656555 -0.73419243 0.057487104
17 -0.06338163 -0.6454905 0.69048166 -0.6635503 0.39453924 0.33779228 1.4199797 0.8752324
33 0.33477792 -1.0186585 0.6669598 1.700365 -0.6751291 0.94077027 -0.2786562 -0.49313062
