50 8
23 -0.14922924 0.41214788 0.52373433 0.29548696 0.045861434 -0.063706845 -0.18369691 0.72933245
43 -0.3506309 0.66275704 0.05003858 1.0135169 -0.34179196 -0.20451456 0.3534508 -0.4741948
24 -0.29548663 0.19529633 0.47410852 0.38194367 0.765963 -0.45121112 -0.61115354 0.4832017
1 -0.1780951 0.43853185 0.35829103 1.1152023 -0.5039722 0.5512322 0.43540552 -0.25188425
28 -0.2816341 0.66905344 0.41578636 0.89538527 -0.29734564 -0.22426291 -0.038985185 -0.7283533
39 -0.46998057 0.17632525 0.051924985 0.64571255 0.41205624 -0.6500897 -0.52603 0.45948726
19 -0.34613034 0.2748438 0.20088632 1.0878183 -0.049884968 -0.23799795 -0.59625876 -0.5575475
3 -0.17237835 0.22615898 0.78547794 0.2378407 0.46353242 0.27278316 -0.994986 0.41855374
4 -0.24883145 1.0167332 0.5455818 0.55971867 -0.50874764 0.9264847 0.3803861 -0.45608354
18 -0.27578574 -0.19312714 0.4067821 0.58471435 0.5458177 -0.973612 -0.6586834 0.97312874
12 -0.017477617 0.32620806 0.19938669 0.31733268 0.6869891 -1.2722304 -0.6593648 0.85580987
16 -0.24928115 0.8590067 0.29153714 0.879654 -0.83702904 0.71679825 0.19194484 -0.59477174
25 0.3727627 1.1066862 -0.22715867 0.23118742 0.07965914 0.69717735 0.6299972 1.0280503
34 0.23451869 0.9293071 0.46186194 -0.090417124 0.09776828 1.3002001 0.054320317 1.0519459
45 -0.21776542 0.37766826 0.4885187 0.7267559 -0.2477244 0.81083345 -0.037207495 0.12608625
42 -0.57600754 0.726865 -0.17915931 0.7263313 0.08604166 -0.61412185 -0.1059185 -0.24589238
6 -0.2787851 0.33602545 0.20742598 1.075412 -0.090386175 -0.53239405 -0.77240413 -0.66698325
2 0.34902558 0.5910935 0.6140283 -0.13465117 0.86565584 0.16047215 0.072251365 1.3904049
14 0.10519881 0.81574506 0.21537386 0.19290593 -0.03354923 1.3244575 0.22340249 0.96626437
11 -0.06126893 0.64693606 0.40584782 0.13923827 -0.10800545 1.0530828 -0.15555781 0.89135844
48 -0.13543752 0.57538056 0.37520197 0.7493641 -0.37118372 0.32225478 -0.85536826 -0.5001702
27 -0.33531675 0.85789746 0.45985264 0.59388524 -0.7428604 1.2444768 -0.2062922 -0.4136479
36 -0.059980918 1.2158842 0.006089179 0.4435087 -0.33775443 1.5680913 0.3791571 0.010245749
32 0.08884178 0.5889341 0.4857072 -0.13455892 0.98157096 -0.2563355 0.3278755 1.4376403
21 -0.03119902 0.26044944 0.37337652 -0.023147257 0.8518516 -0.24792972 -1.2761723 1.0897444
31 -0.29273117 0.31173137 -0.3200107 0.84722155 0.6405659 -1.291915 -0.20220388 0.35960883
29 -0.267148 0.30239078 0.658065 0.22019015 -0.27574044 0.7987571 -0.3856667 0.96145034
0 -0.096891426 -0.09841281 0.5564676 0.3915005 0.4635746 -0.5660539 -1.0048075 0.96351385
26 -0.69208765 0.3852797 0.14361894 1.0952036 0.05816072 -0.80567974 -0.88584316 -1.0682216
49 -0.31243402 0.8733153 0.050138652 0.7142947 -0.44132647 1.2940828 -0.44586092 -0.50997275
17 -0.6857309 0.29000682 0.22876751 1.1182418 -0.5983052 0.117734 -0.76887614 -0.73575777
38 0.35075665 1.3181328 0.1358855 0.13782498 0.114352815 0.5709126 0.7323394 0.48734584
5 -0.3425836 0.72665143 0.30176514 0.7383784 -0.95358336 0.96895474 -0.14054951 -0.20536143
9 0.076156095 0.9612344 0.38086757 0.21953535 -0.6222965 1.465083 0.13625453 0.6291954
35 0.20701732 0.11455722 0.7837074 -0.07745417 1.0915834 -0.14983809 -0.3266947 1.634717
40 -0.12169541 0.8401914 0.05587092 0.25938654 0.60219634 -1.2683345 0.6688862 0.71330315
44 0.24499582 0.9727495 -0.021042593 0.336135 -0.09591167 0.33872184 1.0148518 1.0184956
30 0.06671275 -0.052246902 0.31526133 0.40798572 0.9874115 -1.6410745 -0.5017179 1.3138016
15 -0.39833394 0.21778812 0.10153692 1.3841206 -0.683069 0.03475675 0.03208592 -0.43676993
33 0.2813111 0.5581184 0.49084964 -0.36041653 1.3951892 -0.524345 -0.7188403 1.375837
20 -0.30992082 0.548906 0.54750144 0.9615429 -0.73993146 -0.14883181 -0.005921847 -0.64357066
47 -0.2568557 0.8354988 0.30356312 0.48802492 -0.51331085 1.3580815 0.5015775 0.35412368
41 -0.013463097 1.2507063 0.18600422 0.293354 -0.33691445 0.9448091 1.1272724 0.42971426
46 0.17120202 1.2617404 0.095727086 0.33197752 -0.29494652 1.221127 1.0552627 0.48362926
7 -0.35699952 0.38682485 -0.2384175 1.066578 0.08764712 -1.7390295 -0.6948205 -0.35051703
22 0.052185647 -0.07489682 0.7538595 0.14422385 1.383569 -0.5559162 -0.093652464 1.5617299
10 -0.38059938 0.7299344 -0.3649706 1.1326827 -0.10312667 -1.0157971 -0.22106507 -0.770514
8 -0.44842398 0.06978516 0.11078635 1.1522923 0.14726277 -1.796831 -0.024481256 -0.026313195
13 -0.24521755 -0.17616504 0.28615218 1.0276257 0.37432832 -1.5454332 0.11322072 0.612065
37 0.16025515 0.081623726 0.5660247 0.109985344 1.053514 -0.2414925 -0.5806317 1.3910856
