50 8
43 -0.7454515 0.10374884 0.7822271 0.5442657 -0.1564834 -0.577836 -0.08785303 -0.49945623
39 -0.2106544 0.29846078 0.0026547408 0.24872929 0.6528454 -0.8016822 -0.43078795 0.69193226
19 -0.43835226 0.11731371 0.32760432 0.3925174 0.4922652 -0.68322605 -0.4632527 0.23722927
26 -0.2962784 0.32312205 0.22065231 0.21730657 -0.041664403 -1.1081696 -0.5095903 0.14054908
24 -0.50653744 0.35530066 0.2946592 0.52446485 0.3219934 -0.65410125 -0.38405845 -0.16110927
1 -0.24144073 0.75257313 0.7257042 0.56541085 -0.615151 -0.16566415 -0.28477797 -0.6884598
40 -0.2420344 0.4476301 0.1431667 0.13396557 0.78354406 -0.8922463 -0.3549012 0.3837744
42 -0.51299363 0.43728077 0.5811546 0.2736932 -0.35625646 -0.7998899 -0.15192676 -0.3163032
28 -0.3572745 0.3200398 0.26507023 0.623349 -0.42456973 -0.8317585 -0.4102574 -0.04613535
49 -0.35844895 0.60480016 0.80059445 0.4623811 -0.5359147 0.074823864 -0.09246798 -0.43356872
46 -0.37138438 0.34121332 0.93788755 0.49392357 -0.29262966 0.05466493 -0.110343084 -0.44622558
23 -0.19986562 0.68307894 0.2288986 0.4863734 -0.56460106 -0.8332795 -0.481209 -0.24859919
10 -0.018742807 0.51129913 -0.034858473 0.40339223 0.6738728 -0.06620657 -0.112843536 0.93089104
41 -0.25674826 0.58930093 0.25060022 0.62239116 -0.4404766 -0.7741334 -0.33062464 -0.20380667
36 -0.5686976 0.3625762 0.40133065 0.894814 -0.29172182 -0.42714265 -0.17869306 -0.40659767
6 -0.4793111 0.6298725 0.20308569 0.78824186 -0.31261277 -0.5602328 -0.3790349 -0.40985852
31 -0.19483823 0.31189576 0.060873386 0.5513161 -0.18195726 -1.102625 -0.65096587 0.10059206
48 0.056523055 0.7459143 -0.12680352 0.6207833 -0.37141442 -0.95810914 -0.5451697 0.09651914
17 -0.6533103 0.15399589 0.6767062 0.41826054 -0.009891118 -0.7296782 -0.40321994 -0.43581817
8 -0.050338205 0.46230632 -0.059884775 0.3110345 0.30612394 -1.0981084 -0.18806429 0.58388543
12 0.23478648 0.31577018 -0.10350675 0.025836177 0.7057676 -0.24785751 -0.4925744 1.5180802
45 -0.42431733 0.61907965 0.8635502 0.6592833 -0.75283927 -0.116083354 -0.22662573 -0.8557101
15 -0.5413683 -0.025316183 0.5110625 0.23421448 0.86631894 -0.7722081 0.22184402 0.40460244
34 -0.14163217 0.6338221 0.17311358 0.80354977 -0.18954293 -0.29358768 -0.3199834 -0.07064982
4 -0.37746102 0.4206898 1.1669297 0.53270763 -0.59548616 -0.017120099 0.16069768 -0.70847034
20 0.07199402 0.6685681 0.8097487 0.35030878 -1.0247433 -0.03684692 -0.00804707 -0.15908253
27 -0.53830254 0.48825777 0.39098164 1.086032 -0.4190144 -0.22540033 -0.3647223 -0.6736352
38 -0.3757954 0.52213186 0.27031377 0.57950664 -0.6415462 -0.9939679 -0.29427487 -0.24847263
16 -0.2792249 0.7153786 1.2983013 0.062704146 -0.28331265 -0.093775675 0.7205296 -0.60802704
18 0.11471115 0.24416816 0.013470144 -0.36789936 0.89793384 0.0046376935 -0.1578557 2.0957756
13 0.32220164 0.2341382 -0.09141707 -0.38145986 0.48701137 -0.3749508 -0.002084492 2.297848
29 -0.08872444 0.38688624 -0.011306979 0.37420774 -0.2800817 -0.46854946 -0.087912776 0.91538334
44 0.06852068 0.7257184 0.2489739 0.57784176 -0.76159924 -0.56966364 -0.45273137 -0.10496987
9 -0.4092989 0.09561934 1.466179 0.05819579 -0.6117645 1.4244597 0.33882523 0.36001906
0 -0.29874244 -0.3875868 0.8544393 -0.43040872 1.1541071 0.35410053 0.2637136 1.8099114
2 0.099148825 -0.055591583 0.3829878 -0.3530084 1.1206719 0.3279514 -0.13934885 2.098063
7 0.07532986 0.34867814 -0.17943712 0.22922325 1.2928306 -0.037564863 -0.23406696 1.5219121
14 0.25433278 0.5694746 0.7444523 -0.24230678 0.101677515 1.6797512 -0.098629236 1.5408049
30 0.04007549 0.22518997 0.14627865 0.3185974 0.88463444 0.682391 -0.19174789 1.5710155
33 0.379722 0.28444594 0.8117817 -0.35646477 1.1530501 1.5269642 0.2857062 2.0848315
3 0.17320305 -0.03297929 0.35603964 -0.2952683 1.1867496 0.55097425 -0.10787823 2.2260332
21 0.21241331 -0.036123205 0.6950173 -0.44180468 1.044317 0.9811593 0.0110348845 2.1035168
5 -0.12757818 0.1960067 1.3397753 0.20644458 -0.21020865 1.3037386 0.54623854 0.51327324
32 0.22204334 0.13056006 0.85660803 -0.2787117 1.1314999 1.5337397 0.39461836 2.0903556
25 0.60749424 0.63121855 0.611725 -0.38968045 -0.5902481 1.0939587 -0.13875078 1.6881593
37 0.19782186 0.15614565 1.5004288 -0.5076954 0.8295143 1.6957676 0.7776737 1.5803198
11 -0.38086087 0.1267409 1.8180037 0.15275297 -1.2355735 1.8541813 0.79722697 0.31955263
35 0.30045 0.104169704 0.43218526 -0.48662424 0.93899685 0.8942232 0.016695252 2.512095
22 0.39851967 0.52007276 0.97388214 -0.26790744 0.995516 1.9048315 0.5225932 1.8263639
47 -0.5603847 0.47722146 1.3050227 0.70469093 0.42395234 1.6285186 0.12612757 -0.59594095
