50 8
24 -0.2896662 -0.45900303 -0.050071348 -0.04583531 -0.697216 0.044045612 0.37471145 0.034359783
28 -0.87096363 0.121735096 0.27487588 -0.19107664 0.07900052 -0.87473196 0.36584407 0.8447541
43 -0.8660939 -0.40642187 0.55968964 0.19547822 -0.30923605 -0.77464616 -0.045841333 0.65234166
39 0.5079794 -0.5296122 0.30377862 -0.6059306 -0.88554144 0.24840534 0.6121915 0.1611122
25 0.4889562 -0.59755373 0.6375533 -0.28397143 -0.15226793 0.3248686 0.9081214 0.12370233
1 -0.8083674 -0.029305078 0.80571145 -0.02680848 0.31662232 -0.5779678 0.48873973 0.7673136
8 0.040167745 -0.5015704 0.35240045 -0.10681909 -1.225199 -0.3529789 0.275404 0.12964912
19 0.10722487 -0.6596416 -0.22059767 -0.32962278 -0.96220225 0.062378187 0.40479308 -0.11565311
26 0.2233414 -0.41329262 0.33908066 -0.32395533 -1.1744974 -0.9104437 0.3528307 0.24773784
46 -1.1446337 -0.40035674 -0.98734593 0.19879709 0.75781035 0.24873263 0.66705537 -0.29457885
45 -0.9099204 -0.21551394 0.6534903 0.16162042 -0.47580388 -0.8863696 0.034461737 0.5827812
41 -1.0197618 0.0034820307 0.3480286 -0.013378274 0.90927476 -0.33446163 0.6050597 0.78050643
13 0.16413818 -0.9362023 -0.39662516 0.21929064 -0.800049 -0.14536718 0.37150246 -0.25058657
49 -1.2127424 0.007827347 -0.00028529754 -0.1008325 0.92541164 -0.57464504 0.6848296 0.30119017
42 -0.29846224 -0.7683172 -0.11840085 -0.13066013 -0.7525304 0.32623294 0.12217696 -0.04489199
40 0.45418316 -0.67964476 0.3315396 -0.39797905 -1.2171677 0.571927 0.54466623 -0.1529168
18 0.47557902 -0.7260085 -0.250771 -0.59546876 -1.1319387 0.7101728 0.70362717 -0.47538707
2 0.5725809 -0.90675336 -0.6006949 -0.53840405 -0.7838764 0.98525757 0.68354416 -0.27555084
12 0.5275402 -0.6804813 -0.50244987 -0.61150694 -0.8898253 0.47425616 0.5040672 0.18399598
36 -0.79955816 0.14394452 0.27906471 -0.14607593 0.94279826 -0.7673114 0.7938282 0.91952115
31 0.22948012 -0.30215347 0.7006839 -0.4926012 -0.42541733 -0.5534391 0.48528403 0.7889331
27 -1.3302457 0.047938243 0.31668842 0.3798206 1.0053018 -0.71010834 0.59183323 0.8313226
23 0.3403934 -0.5156169 0.8760307 -0.08239872 -0.58994853 -0.49393097 0.6158383 0.3207521
20 -1.2878385 0.00757578 -0.0021827784 -0.023307534 0.702907 -0.6035771 0.42505276 0.6575988
15 0.12481729 -0.8047785 0.01835801 -0.42178822 -1.2708505 0.6920147 0.195923 -0.18853502
16 -1.3664175 0.14664187 0.3114962 0.20301063 0.69879955 -0.78194934 0.38490167 0.9537177
30 0.30318654 -0.8140737 -0.06932757 -0.57045233 -1.288349 0.98831683 0.4240075 -0.36665854
34 -0.94363755 -0.27864677 -0.28712747 0.36436975 1.2638209 -0.36372656 0.7323315 0.63187903
4 -1.3948499 -0.059363607 -0.07184344 0.124576814 1.0120981 -1.0435106 0.3521829 0.8489052
38 -0.63513064 -0.18393527 0.6514525 0.284935 0.9011677 -0.077191144 0.8914375 0.48556218
44 0.14570406 -0.3072405 0.68377876 -0.30556425 -1.1999815 -0.07635763 0.32471874 0.5075141
17 -1.1973951 0.027520936 0.57231253 0.10930541 0.027646177 -0.8280263 0.1447634 0.8612668
29 -1.5726926 0.13770984 0.23737545 0.065600336 0.2960961 -0.41763744 0.21671025 0.66624933
3 0.5732154 -1.0064503 -0.5542689 -0.34909967 -1.2431091 0.63471836 0.42091444 -0.30120194
7 0.1948945 -0.6830356 -0.20263515 -0.07928561 -1.4447833 -0.13212872 0.25215456 -0.07694673
10 -0.897177 -0.13751945 -0.20609896 0.10121184 -0.8410147 -1.0344174 -0.09245469 0.5658273
9 -1.213068 -0.16246223 -0.41162166 0.3637384 1.1864542 -0.22616638 0.5556109 0.7094024
11 -1.2659075 0.012428065 -0.21414663 0.116956465 1.308561 -0.63830537 0.6198193 0.81999123
32 0.47388643 -0.88096005 -1.3057563 -0.5342663 -0.19536696 1.0453867 0.9472414 -0.50410205
14 -0.9417991 -0.33074948 0.0664463 0.35050434 1.2133471 -0.28957653 0.70639604 0.54179335
6 -1.1377221 0.04298872 0.45546463 0.2005451 -0.033464413 -0.9254303 0.20719795 0.8394757
5 -1.6253594 -0.16975608 -0.27250668 0.49670938 0.7879078 -0.65168655 0.18163225 0.6894433
21 0.72256786 -1.2174623 -0.97558326 -0.41322085 -1.0228554 0.69333786 0.5295397 -0.5245691
37 0.44782433 -1.2003279 -0.7403061 -0.15679441 -1.1131197 1.3324468 0.5206383 -0.6509942
35 0.15087089 -1.0612253 -1.529231 -0.1927927 -0.23751041 1.3618709 0.9271983 -1.0291736
0 0.4147605 -1.3198576 -0.8008126 -0.047685795 -1.105722 1.127806 0.45913363 -0.7550993
33 -0.38644645 -0.30262816 -1.2159817 -0.43313077 0.6569473 1.2342724 1.3054903 -0.6458887
48 0.3497421 -0.55935675 -0.39663428 -0.25862592 0.9153289 0.5072323 1.2325501 0.10579378
47 -0.74086666 -0.6380564 -0.3784379 0.18731785 0.75469846 1.6670833 0.7471184 -0.15284787
22 0.20428899 -1.2578894 -0.8948542 -0.0531075 -0.66423494 1.0918763 0.5481052 -0.8199525
