50 8
4 -0.20497236 1.5646745 0.7372983 -0.10736563 0.24808547 -1.9109589 0.032194193 0.9779586
27 -0.07568098 1.4281076 1.140049 -0.13001397 0.047008213 -1.6271853 0.08355812 0.7659221
17 0.05951601 1.6441152 0.76197606 -0.35669598 -0.109972306 -1.7360805 0.24937859 0.44550353
36 -0.05133744 0.87857 1.4676957 -0.4713022 0.15994959 -1.5423362 0.23491015 0.42332262
28 0.28950062 0.92976046 1.2262989 -0.22411053 -0.038263056 -1.5476072 0.22394511 0.37235934
20 0.18036146 1.1093593 1.1001992 0.16618945 0.42574435 -1.9431778 0.45841783 0.51633644
18 0.96854603 -0.277704 -1.4438999 0.7648445 -0.0014542327 2.1843994 -1.3536621 -0.45221692
9 -0.28476587 2.0794659 0.40049055 -0.049155794 0.36695617 -1.9652733 0.22357135 0.85219854
0 0.9785366 -0.45141882 -1.4294249 0.17587143 0.32174468 1.7714437 -0.5630001 -1.5584906
38 -0.009978843 1.2306391 1.6965721 -0.4582046 -0.20656909 -1.4733762 0.01692991 0.7442999
30 0.77416897 -0.16908641 -1.5827873 0.63908327 -0.06267555 2.2853386 -1.713468 -0.14639165
19 0.91408145 -0.9094055 -1.3036945 -0.19974937 0.56934714 1.5794295 -0.52124834 -1.8614606
3 0.8824774 -0.6484982 -1.4398774 0.18427028 0.29115698 1.7376842 -1.0483011 -1.2514905
6 0.39634177 0.14573295 1.3031865 0.114649855 0.39411744 -1.5132346 0.11975117 0.6547864
21 1.0346993 0.12720563 -2.0097957 0.5516999 -0.24190953 2.06236 -1.3380191 -0.9217427
16 -0.2773993 1.6878437 0.30602273 -0.4080058 0.7979585 -2.1860414 0.73892254 0.21460883
34 -0.3362255 1.702145 0.5517802 -0.85688317 0.273616 -1.6743531 0.2799746 0.5575125
33 0.93420905 -0.12746206 -1.948838 0.44202334 -0.12690796 2.1528494 -1.4623255 -1.0060469
32 1.0569781 -0.25321382 -1.6699026 0.8510017 -0.040003147 2.2245169 -1.2901385 -0.7799307
22 1.0813906 0.14130753 -2.0445132 0.5180398 -0.45950884 2.0538585 -1.6138176 -0.8689137
31 0.4224851 -1.1440545 0.48843142 0.10733488 0.4286462 1.2185479 -0.6889419 -0.22409229
43 -0.17679927 0.30625254 1.7502542 -0.6675088 0.2487281 -0.5773784 0.10296604 0.33548972
26 0.013361534 0.4776727 1.3120111 -0.2444002 0.2620086 -1.1473843 0.014380514 0.6246708
12 0.3931716 -0.84013295 -0.9127066 0.719647 0.445419 2.0446947 -1.514857 -0.1822282
10 0.6025789 0.61536056 0.77240866 0.92816037 0.23129007 -1.1855375 -0.010072129 1.0971774
24 0.29138172 -1.3875995 -0.39898515 -0.8275779 1.1237544 1.2592643 -0.18618076 -1.8174148
35 1.1942642 -0.21748118 -1.821777 0.5723061 -0.25379348 2.4341054 -1.4862604 -0.9339489
15 0.92562705 -0.5142641 -0.4643767 -0.45453724 0.6220382 0.26149637 0.5063842 -1.7441039
37 1.0869806 0.16012333 -2.315476 0.37166652 -0.33788046 2.2410703 -1.6202184 -0.9039021
5 -0.13972019 1.7987884 0.5929518 0.14532848 0.44039974 -1.6975216 0.42874417 0.6270196
7 1.1029978 -0.73596704 -1.0990655 1.2089313 0.47511744 1.3469342 -0.839657 -0.4055094
41 -0.7506649 1.7803216 1.0924512 -0.66312903 0.014552961 -1.4275792 -0.3782451 1.1276627
2 0.6799534 -0.3611033 -1.6582524 -0.35716313 0.45041156 1.5303373 -0.5246859 -1.8735571
13 0.94587886 -0.93013704 -0.67097366 1.6676152 0.43113267 1.4719198 -1.4617635 0.5231253
45 0.6297341 -0.30287096 1.120233 -0.53130054 0.5059001 -1.1420636 0.6090709 -0.58253527
11 -0.3852656 2.4477413 0.07272117 -0.21726663 0.38330472 -1.9319289 0.31421685 0.8919858
23 0.06698795 -1.1207976 0.86431575 -1.1711295 0.89208734 1.0485823 0.12903939 -1.0989876
14 -0.10387297 2.1657057 -0.3886276 0.51539075 0.6849692 -1.7608379 0.4005839 0.6414759
42 0.10860872 -0.47058228 1.8452549 -0.90643966 0.53523797 -0.35150337 0.5499683 -0.7010138
8 0.61455643 -1.3930231 0.73950106 1.1623936 0.79382753 0.53107554 -0.5796525 0.48593214
29 -0.40465674 1.9088748 -0.6753867 -0.48863307 1.2360518 -2.1226916 1.0041718 -0.40262938
40 0.18462498 -1.2726257 0.27115932 0.114527285 0.53027314 1.9953293 -1.3418684 0.30310032
39 0.2121893 -1.095766 0.58004844 -1.0725262 0.31971177 1.2536077 -0.5102472 -0.9500866
25 -0.018143602 1.0856767 -0.69777864 -0.6534993 0.8847959 -1.9369434 0.546947 -0.4868779
49 -0.24212635 1.7844236 0.8015466 -0.55887336 0.1296874 -1.9504348 0.27282825 0.6288491
1 -0.6224655 -0.2807421 2.0112371 -1.5379568 0.16233958 -0.02818338 -0.35567966 -0.013801703
44 0.6305879 -0.6484417 -0.022004355 -0.25896883 0.26943994 1.0098034 -0.2527518 -0.9980268
47 -0.58400977 1.602993 1.2913219 -1.0886613 0.21784143 -1.5558127 0.19577414 0.6059582
48 0.14926106 -0.24146877 0.013108932 1.204932 0.46995598 0.96631986 -1.0471059 1.140367
46 -0.9031839 0.7379458 1.5071555 -0.72778547 0.24337967 -0.3857423 -0.56304115 0.9803166
