50 8
41 -0.51193964 -0.010071774 0.7798718 -0.51781696 0.86683017 0.8398787 0.15931274 -0.06359574
1 -0.6928545 -0.013723038 0.5617269 -0.17816353 1.0733819 0.18594992 0.13472165 -0.049408782
36 -0.63057524 0.13302608 0.8420323 -0.34238085 0.45531997 0.37008634 0.28910482 0.1489597
4 -0.4578743 0.07538425 0.8937668 -0.5480559 0.5420421 0.8702638 0.10404798 0.077094175
46 -0.7960302 0.25381505 1.0126367 -0.7122322 0.79006773 0.6202156 0.3466625 -0.19336203
42 -0.7773282 -0.083219536 0.6207253 -0.14523758 0.930125 -0.09128312 0.21172443 0.018655984
28 -0.6112426 0.28353024 0.8571197 -0.6235282 0.5089828 1.1425955 0.31691596 0.08008844
38 -0.6136225 0.2618306 0.91286933 -0.40978444 0.45246756 0.9355139 0.39356875 -0.067053035
45 -0.92861676 0.026093455 0.8340996 -0.57342684 1.0106996 0.6543206 0.39886028 -0.08265726
34 -0.14409962 -0.029967152 0.9527009 -0.4409199 0.39666516 0.8107571 0.07617445 0.05863058
31 -0.8044982 0.0370844 0.5172519 -0.47149658 1.4008267 0.34227148 0.019470332 -0.056733552
26 -0.8950236 -0.24187972 0.3575085 -0.012605353 1.0843029 -0.19197617 0.15548158 0.27788818
16 -0.6347539 -0.13257132 0.85622877 -0.5780708 0.78464407 0.6683793 0.37655997 0.21208115
27 -0.640536 0.13359064 0.7989332 -0.62536895 0.8359873 1.0598441 0.21425807 -0.022375712
43 -0.44448948 0.013418773 0.81945026 -0.47792932 0.7759403 0.90805846 0.21197385 -0.094774485
39 -0.7151987 0.06836236 0.6504015 -0.3127882 0.9430079 0.5775045 0.21090636 -0.05225521
17 -0.52325577 -0.007979068 0.99221206 -0.6642003 0.52726626 0.92539954 0.2731613 0.1764696
49 -0.3849456 0.016109874 1.1230385 -0.47016183 0.059749834 1.023654 0.3052643 0.05316966
14 0.8558171 0.6727157 0.44771677 1.0166194 -1.0656255 0.3864285 -0.22261901 0.69132525
10 -0.22352734 0.27316013 0.15237173 0.47984728 0.258137 -0.36702484 0.0030415019 0.710769
8 -0.76185596 -0.26206553 0.32946828 -0.16377753 1.2013048 0.13838296 0.13470866 0.3344558
6 -0.84439707 -0.17724791 0.78688866 -0.5262216 1.1372169 0.75303894 0.3453958 -0.122231595
29 -0.06568632 0.20427784 0.29089004 0.25048223 0.84036165 -0.33033958 -0.48642954 0.13195895
9 0.6786031 0.16239429 0.8164352 0.5937324 -0.90245557 0.4837522 0.19816501 0.6131601
47 -0.5512352 -0.13801165 1.1126416 -0.2869673 0.20921195 0.7714161 0.48040602 -0.10221172
12 0.7168614 0.44889313 0.08868027 1.2430161 0.27303377 -0.73791426 -0.6671087 0.08104376
20 -0.6784061 -0.2892997 0.46277773 -0.04946796 0.6346398 0.11756432 0.20078656 0.5856332
40 -0.70739627 -0.11100917 0.5719616 -0.35703462 1.1745827 0.5774526 0.37561405 0.06416909
48 -0.3277998 -0.10019376 0.93603003 -0.59001154 0.5359204 0.9720076 0.21829015 0.14616787
18 0.36393803 0.29029956 -0.23768996 1.6113296 0.13864584 -1.1148584 -0.55177784 0.7119482
7 0.8691116 0.27896407 -0.021043373 1.6759224 -0.48523885 -0.74479437 -0.41434819 0.92502075
44 -0.6336574 -0.014485302 1.0169286 -0.83851475 0.8805589 0.9748564 0.27829093 -0.09098152
21 0.8797566 0.43857834 0.1291625 1.675911 -0.8229459 -0.6500139 -0.7146316 0.77828825
32 0.8704962 0.39269698 0.10969614 1.7268267 -0.6926639 -0.974065 -0.5398075 0.82537097
19 0.5550521 0.38621855 -0.199504 1.6545361 0.05150306 -1.2581557 -0.8933891 0.605904
13 0.56340355 0.6708974 -0.09442616 1.411146 -0.3525834 -0.7277944 -0.65219426 0.80023193
23 0.11221401 0.18152727 0.29246476 0.61301756 1.004212 -0.7711531 -0.79279613 -0.4153352
3 0.89090705 0.3530744 -0.1567252 1.7556412 -0.24964638 -1.121352 -0.7680567 0.8424747
33 0.88437694 0.3022176 0.11590195 1.7527382 -0.8985116 -0.6188739 -0.46560854 0.9323256
15 0.5307986 0.762716 0.24616982 1.4572984 -0.76872957 -0.85796684 -0.25006786 0.64106494
0 0.8858876 0.25614056 -0.01690643 1.7537147 -0.4181699 -1.0371634 -0.54624313 0.8979324
25 0.86977994 0.47639194 0.20810872 1.2062131 -0.59197074 -0.28398207 -0.5143797 0.75856113
2 0.80215466 0.4984702 -0.054853927 1.7218517 -0.4442623 -1.1790719 -0.7258644 0.85868144
37 1.0975783 0.25531685 0.0399486 1.822359 -0.62637275 -0.83156884 -0.66426146 0.89324397
11 0.5968575 0.024276178 1.1643744 0.045573108 -1.1449683 1.1242328 0.09182459 0.65629596
35 0.9502916 0.48119098 0.13821724 1.7656757 -0.9869242 -0.86422783 -0.46622497 1.0111045
22 1.0750792 0.27739844 0.13000585 1.7785796 -0.9807196 -0.5940778 -0.59424835 1.0388738
5 0.7869512 0.47286546 0.6651233 0.8550886 -1.2738249 0.3883066 -0.052747 0.8364865
24 0.29803836 0.27148876 0.21631633 0.83887833 0.7244969 -0.91094357 -0.8035494 -0.1648192
30 0.40584844 0.48869815 -0.17054267 1.5253652 -0.056148615 -1.0027672 -0.68385327 0.72677445
