50 8
43 -0.32447788 0.11015023 0.20170881 0.47546813 0.61911494 0.10568434 0.24215166 0.5003278
1 0.82304144 -0.22257107 0.22849642 0.028635288 0.5260377 1.1436049 0.628867 0.05093646
17 -0.049408343 0.16301782 0.3546729 -0.068389505 0.5422325 0.26371518 0.44403934 0.62128884
23 0.9119536 0.028412074 0.4490815 0.41850793 0.2226914 0.50368446 -0.33348873 0.30744553
19 -0.4718167 0.120515704 0.82822114 -0.17167778 0.42963737 -0.1452833 -0.20532751 0.5038924
28 0.5804205 0.1833502 0.20243315 -0.37418264 0.23612672 1.2214946 0.5036012 0.58572483
45 1.0694537 0.19153191 0.3276629 -0.0925292 0.17156641 1.012427 0.41653073 0.46013647
29 0.36255962 -0.0322957 -0.02715168 0.23309441 0.521208 0.75587004 0.4469272 0.5620719
27 0.9973025 0.06477744 0.73919106 -0.46834013 0.14257957 1.2371272 0.34001496 0.012870616
18 -1.0446063 0.5039612 0.25793347 1.1886605 0.6153061 -0.6365422 -0.353415 0.5538722
12 -1.2302103 0.3756884 0.5878721 0.70997775 0.5863983 -0.55237186 -0.3997253 0.37147236
36 0.48724636 0.13189772 0.48403135 -0.2591695 0.12243236 1.0235348 0.47562551 0.36937812
40 -1.0485765 0.21419741 0.28289664 1.3161194 0.72915226 -0.64522034 -0.39759466 0.3607729
49 0.7641618 -0.43889618 0.9478018 -0.52450347 0.14977781 1.0980585 0.045497358 -0.023876332
26 -0.2778511 0.21201564 -0.19601236 0.53202295 0.66776496 0.24832161 0.6991153 0.7963634
24 0.43976542 0.2845236 1.177796 -0.11996514 -0.25780815 0.4271655 -0.45123577 0.20534362
39 -0.47028935 0.186154 0.25548884 0.7467151 0.47106573 -0.09201107 0.014396155 0.51856583
44 0.6354762 -0.7405836 -0.25267038 0.3987679 1.0571498 0.60158956 0.6547403 0.45743236
25 1.2909114 -0.20988524 0.42176446 0.23338543 0.29121682 1.0326014 -0.34382784 -0.0007850334
6 0.05909898 0.18727899 -0.40553704 0.4494969 0.8197681 0.5766687 0.90062374 0.7007475
20 0.43554196 -0.099102 0.09211245 -0.19856049 0.17782877 0.9969939 0.67900234 0.93530196
21 -1.2500895 0.0012640244 1.0133506 0.66395146 0.45477864 -0.39120778 -0.88986367 -0.09050812
41 0.8979285 -0.38910705 0.18973789 0.073923446 0.592278 1.1585711 0.49264494 0.052655283
16 1.1552843 -0.353275 0.6721793 -0.39662316 0.26118398 1.2673681 -0.19877185 -0.025135623
10 0.1521935 0.42518342 0.03411644 -0.05137828 0.08918206 0.778107 0.637822 1.1007596
14 0.9330888 0.088570125 1.3840849 -0.157308 -0.55188024 1.0831416 -0.7594064 -0.26550084
34 1.3373039 -0.25752246 0.794225 -0.42133918 0.057327125 1.458671 -0.16820851 -0.06561827
38 0.9880782 0.1406862 0.94107485 -0.28374636 -0.2974513 1.4221996 -0.14605708 -0.102711454
30 -0.91869885 0.42674622 0.01249833 1.596311 0.91262126 -0.79216594 -0.14366975 0.439756
48 1.0170903 -0.03507913 0.20559084 -0.07511643 0.31459025 1.3465168 0.5034506 0.20569459
4 0.88314956 -0.08761984 1.00671 -0.7702976 -0.14117077 1.6239417 0.2581693 -0.061132308
13 -0.5161228 0.5933542 -0.40364423 1.0365118 0.84262604 -0.06241544 0.5923359 0.73160076
31 -0.08272507 0.38127583 -0.2543097 0.62171483 0.4751506 0.23569989 0.23918581 0.9915941
2 -0.8009183 0.24521764 1.4535843 0.45546857 -0.026769947 -0.3081578 -0.8362974 -0.21613833
7 -0.6263936 0.66832507 -0.020962743 0.67257875 0.34283403 -0.30603433 0.27625895 1.3064632
42 -1.406558 -0.24381712 0.65159065 0.27325723 0.99736255 -0.5174893 -0.507189 0.24832158
15 -0.27587372 0.5121994 0.6686155 0.22216706 0.07989735 -0.08334634 -0.111201026 0.6790715
8 -0.41078264 0.3452131 -0.53529084 0.9422438 0.8785854 0.069566555 0.5849314 0.8664207
9 0.9829658 -0.17907967 0.84295523 -0.6709551 -0.01101995 1.4413977 0.28606662 0.071273446
33 -1.354613 0.10851192 1.1187366 0.8312042 0.5548167 -0.55016804 -0.81951153 -0.42428195
11 1.0955155 -0.5054749 0.94386554 -0.85763836 0.029060803 1.6552836 -0.053634115 -0.046077594
37 -1.1269095 0.19274844 0.88929045 0.93844926 0.46588686 -0.8981255 -0.7372835 0.31620508
46 -1.1892463 0.21168855 1.3992099 0.40247664 0.35814986 -0.6944595 -1.0286906 -0.09368032
0 -1.4100977 0.17306153 0.95007545 0.96573913 0.6206371 -0.90843904 -1.2114354 0.035791818
3 -0.28099227 0.26636052 1.1599597 0.553569 0.08857697 -0.37422612 -0.9443911 0.07918279
47 1.2266617 -0.2963606 0.5323345 0.022885714 0.24863972 1.607666 0.16949494 -0.43953523
5 0.7048644 -0.00045543964 0.8775377 -0.8782548 -0.068129994 1.3826493 0.36356968 0.30385187
32 -1.6755123 0.41343412 0.8696311 0.91882867 0.79707086 -0.85195684 -0.62430954 -0.12948823
22 -1.6122212 0.11564486 1.2206112 0.7530426 0.6974323 -1.0633469 -0.9343598 -0.088534735
35 -1.4716111 0.37546805 1.4336119 0.7659919 0.6296425 -1.00889 -0.9828281 -0.3837984
