50 8
1 0.4485836 1.1943891 0.413403 0.7085189 -0.05766338 0.5380087 0.0055950005 -0.75775784
43 -0.26915157 1.0265797 -0.062182974 0.9215168 -0.026218405 0.27590534 0.6948388 -0.51818734
20 -0.40138993 0.65870947 0.07065364 0.36167434 -0.039119594 -0.34860772 -0.262466 -0.9038751
16 0.06265158 0.83603626 0.8648046 -0.17624418 -0.10844531 -0.41352448 -0.48466682 -0.60649997
18 -0.42177844 -0.48589715 -0.13360408 0.5350094 -0.22449158 -1.2224674 -1.1564927 0.8670571
49 -0.013479178 0.6825333 1.239025 0.066797 -0.44175652 0.2099853 -0.42432684 -0.892631
27 0.12328441 1.2750566 0.4366401 0.75223154 -0.17470223 0.5722456 0.69701093 -0.40092826
6 -0.4511769 0.3826894 -0.85369194 1.0786854 -0.21718892 -0.29421473 -0.32617542 -0.6724037
29 -0.54341006 0.17580381 -0.5862497 0.6676358 -0.26708862 -0.74408287 -0.6160556 -0.641156
10 -0.20520651 0.5724228 0.6528052 0.035145853 -0.37758645 -0.4869935 -0.4508838 -0.8195025
19 -0.59018964 -0.08532773 0.47456706 0.078191504 -0.1813693 -0.7295802 -1.3833997 -0.871672
25 -0.01933952 0.34247273 -0.37897885 0.67235047 0.17212793 -0.7916628 -0.37005764 1.1844368
24 -0.5058931 0.4694318 0.36660948 -0.13180378 0.036204632 -0.62727326 -1.139765 -1.1778275
8 -0.36185274 0.13540906 -0.85617584 0.9245346 -0.17716084 -0.70689034 -0.69003725 -0.21327695
5 0.23694262 0.7195536 1.8194131 0.1021807 -0.3503732 0.4400394 0.002304694 0.32959357
12 -0.49973038 -0.22753589 -0.060603134 0.39356938 -0.12471229 -1.0624219 -0.9907374 0.5582689
15 -0.41015884 0.55719894 0.82978296 -0.10728544 -0.38484916 -0.37710607 -0.6363664 -1.5995444
31 -0.46377307 0.7042258 -1.072155 1.2165534 0.39828748 -0.22011966 0.17731832 -0.06491233
26 -0.3391975 0.19086723 -0.94404995 1.2489529 0.07346688 -0.41687956 -0.35654265 0.3288851
30 -0.12957193 -0.44897792 -0.45519316 1.0267583 -0.12550938 -1.0603546 -0.8639375 1.2251769
7 -0.4825201 0.2081908 -0.13051382 0.20578502 -0.10409691 -0.9359652 -0.95319474 -0.7006106
34 0.13301753 1.4313054 0.09307835 0.99184185 0.11902997 0.8231012 0.60536844 -0.511326
40 -0.7579985 0.36250275 -1.4881696 1.1884929 0.35140896 -0.8031495 -0.028081277 0.23532163
48 0.22264989 1.085031 -0.17862262 1.2224582 -0.04087653 0.6115171 0.3369317 -0.47246727
3 -0.14580238 -0.09472782 0.7894027 -0.09421649 -0.26788896 -0.75024104 -1.7554065 -0.4538934
9 -0.057440627 1.4208858 1.2447524 0.3033114 -0.0034321651 0.6893433 1.0232695 0.7896878
28 0.03160796 1.5302659 0.47844988 0.7203375 -0.09552143 0.7182205 0.9980469 -0.69714093
38 0.1259172 1.159365 -0.74279195 1.4067945 0.08914186 0.29653034 0.8445703 0.45454282
22 -0.15716644 -0.4200051 0.5681217 0.29076248 -0.18414119 -1.0944338 -1.1344565 0.7763657
17 0.012940247 0.99302644 0.96592504 0.21628308 -0.20782426 0.30628192 -0.158861 -1.3126734
46 -0.05091724 0.31796333 1.3468014 -0.042737283 0.16957118 -0.5504433 -0.23143388 1.4353279
4 0.019295571 1.31896 0.88354313 0.6144975 -0.21353145 0.71216017 1.0295635 -0.09813167
45 -0.0182887 0.004038509 1.1658698 -0.21187475 -0.4574121 -0.8871971 -1.1650449 -0.5264138
42 -0.54038936 0.028347509 0.14401644 0.1590944 -0.26906905 -0.9288969 -1.1160393 -1.04739
39 -0.5399505 0.51249564 -0.8465005 1.4340837 0.14767066 0.047217213 0.52130806 0.48319328
21 -0.42745182 0.23535606 1.8737568 -0.5204879 0.14033277 -0.53036976 -0.67790127 1.038433
44 0.11146373 -0.103498645 -0.8639688 0.9238637 -0.5727484 -1.1320065 -0.82980263 0.55055904
11 0.22823013 1.1048472 1.6895283 0.12373758 -0.21264 0.67836267 0.30966794 0.48181993
13 -0.9572292 -0.55052733 -0.73707205 1.2175764 -0.27427784 -0.99457335 -0.059040558 0.99721396
0 -0.3727161 0.09599284 1.0457494 -0.37717706 -0.056249447 -0.81279415 -1.3410558 -0.38908362
2 -0.7545302 -0.2715217 0.66844255 0.20210414 -0.120339796 -0.5833544 -1.2327074 -0.53379256
41 -0.08572646 1.2508208 -0.15734343 1.2151304 0.23626587 0.6531273 1.0655046 0.5261103
14 0.13566571 1.4592525 0.8924632 0.3806472 0.1261187 0.48085427 0.9332318 0.98849463
37 -0.46478093 -0.09201262 1.4098852 -0.28983563 0.022953145 -0.9994246 -0.58940345 1.2802914
36 0.11688268 1.5508466 0.7480166 0.63207215 -0.21052703 0.8382325 1.0442921 -0.30981705
23 -1.034858 0.008030125 0.43703923 -0.005714147 -0.2776141 -0.8325578 -0.77451056 -1.3806025
32 -0.14616317 -0.25204617 0.34524894 0.8344332 0.08738984 -0.8181513 -0.07133316 2.612734
47 -0.017962696 1.2753098 -0.2376711 1.36083 -0.026045913 0.8069601 1.1283959 0.50303036
33 -0.15385257 0.22769088 1.3431908 -0.23900394 0.36332777 -0.9613769 -0.1738855 2.4692836
35 0.10342248 0.480477 0.94951934 0.20203184 0.2801369 -0.6749124 0.30901605 2.7140017
