50 8
28 -0.64514226 0.7955984 -0.5043551 -0.45715132 0.56651103 0.47802404 -0.01755598 0.93796396
25 0.30328023 -0.022769717 0.33177125 0.35833994 0.15951905 0.18994057 -0.98976016 0.6617053
23 -0.0109024905 0.6791422 0.74438035 0.5464754 0.081108816 0.2393687 -0.80660105 0.04038475
42 -0.81189686 -0.52072775 0.21870607 -0.48262903 0.47565728 -0.24745826 0.27463233 1.2675064
19 -0.24364811 0.5186207 0.009087924 1.1764808 0.5479267 -0.7651781 -0.57805276 0.7024917
24 0.38037103 0.5487958 0.46346492 0.78706914 0.05095201 0.35965022 -0.9075185 0.22211456
1 -0.3809028 0.021403227 0.29419345 -1.1631691 0.0027333095 0.4526939 -0.577201 0.97308046
4 -0.19129981 0.52225196 0.35553578 -0.5695378 -0.626292 0.61699593 -1.0839072 0.60006547
16 -0.46832427 0.05742513 0.16630931 -0.5451231 0.11411994 0.064232945 -0.34894988 1.0142641
43 -0.409756 0.9987335 -0.5496979 -0.29831234 0.7926014 0.9630197 0.5044725 0.7658825
15 -0.28170666 -0.14575695 0.96120316 1.0269771 0.15299602 -1.0903584 -0.58665663 0.6078468
14 0.090834364 0.61768824 0.4032293 -0.22319576 -0.8412642 1.0817224 -0.6147567 0.51380736
18 0.017651848 -0.6167985 0.1629473 1.0950861 0.81113267 -0.5829052 -0.09788992 1.0935224
6 -0.85471886 0.74872375 -0.20179206 0.36732164 1.1227282 -0.3933696 0.2409647 0.7057094
34 0.36267573 -0.16983205 0.6961678 -0.35072488 -0.34037754 1.3920176 -0.49624598 0.47044882
20 -0.66311526 0.4755214 -0.85810155 0.049681652 0.30529726 0.10357599 -0.508989 1.2018412
29 -0.20356244 0.43491292 -0.744411 0.27810323 0.6199033 0.2828325 -0.2642147 1.1106861
9 -0.09841964 -0.22445336 1.5301945 -0.7916337 -0.843451 0.5056885 -0.44542843 0.5111086
36 -0.634937 0.65947104 0.22490634 -0.8536566 -0.2044435 1.294639 0.2257568 0.5510574
21 0.16309857 0.19058867 1.0409824 0.8396752 -0.40905738 0.21842808 -1.1286548 0.08318319
27 -0.52860266 0.8838519 0.22504012 -0.7993344 0.17686257 1.0904243 0.33886436 0.47424924
22 0.274589 -0.6250308 1.9275545 0.68785363 -0.4244717 -0.451063 -0.65052074 0.28854647
45 -1.1855375 0.113933 0.058067553 -0.1748539 0.618349 -0.6363599 0.18020564 1.0608457
11 -0.19559018 -0.12528548 0.68347585 -0.6998502 -0.7834795 0.73122776 -0.5491505 0.7843461
10 -0.90635026 0.05635994 -0.53138757 0.35966435 0.2435366 -0.58040166 -0.3650458 1.316361
39 -0.077964686 -0.11950835 -0.029769113 0.30445907 0.5489715 0.9169071 0.2669592 0.7402217
46 -0.20171414 0.7759247 0.89746 -0.68522096 -0.32390842 1.2462618 -0.24869204 0.056872327
41 0.4661287 0.10651762 0.94357854 0.028145913 -0.2797204 1.3870254 -0.34411955 0.16891633
38 -0.31559238 1.1900808 0.437273 -0.31889912 -0.28549334 1.3655872 0.085305244 0.10510096
12 -0.36663333 0.9319917 -0.41301647 1.3602774 1.1747946 -0.55738103 0.22121166 0.6828013
26 -0.6705284 0.08838046 -0.7015545 0.36972323 0.9294081 -0.3325785 0.42393827 1.4404988
35 0.24417973 -0.20259126 1.6366001 1.1665492 -0.42652455 -0.019199695 -0.49713773 0.016010279
7 -0.3165484 0.27924526 -0.35127538 0.36766285 1.10165 -0.602084 0.015086944 1.181712
5 -0.7131786 0.61632466 0.5093676 -0.78862804 -0.22637203 -0.22812061 -0.7120833 0.7332664
37 0.34240213 -1.1052591 1.3964528 0.4840291 -0.28517076 -0.017065072 0.2255863 0.9003335
31 -0.24692811 0.022861235 -0.5800814 0.60328233 0.86184573 0.21454781 0.19537121 1.1450588
30 0.2931239 0.07269561 1.0450375 1.1417284 0.9272916 0.107903615 1.0114136 0.30910224
44 -0.33543077 -0.0653744 -0.57622117 0.6042749 1.1381954 0.014616658 -0.2042354 1.0173281
0 0.38574997 -0.092810005 0.9906976 1.5238826 0.61823905 -0.18365619 0.09986477 0.28389785
3 0.96095103 -0.13152745 1.282934 1.2782798 0.23473226 -0.1265764 -0.5232099 0.27687627
33 0.29415312 -0.5994419 1.3830961 1.3111786 -0.2205392 -0.27033713 -0.54314953 0.36977804
8 -0.8334506 0.560994 -0.810959 0.5949492 1.4719498 -0.5048569 0.58732885 1.1903157
32 0.64412236 -0.5688428 1.3592767 1.2661942 0.17521398 0.109326735 -0.47001556 0.23937012
2 0.70767576 -0.37487435 1.8499717 1.2021122 -0.4371831 0.07611803 -0.4941622 0.10341963
13 -0.3341861 0.38908133 -0.88838345 0.8047398 1.1658086 -0.6947572 -0.24815513 1.3167263
17 -0.50403285 -1.0292406 1.2507669 0.358741 0.031228969 -0.60565186 0.58424014 1.0259547
49 -0.99853003 1.1703072 0.5561513 -1.2980599 -0.38515165 1.4096322 0.4517959 0.2186424
48 0.22081453 1.1797091 -0.12734336 0.16105239 0.14337434 1.5568783 0.31499428 0.33181226
47 -0.0014859994 -0.3734912 1.1693479 0.005151309 0.19194014 0.9642541 -0.044197638 0.15125437
40 0.20981102 1.2448063 -0.73931795 0.32569736 0.40130347 1.5511585 1.1050138 0.8350417
