50 8
1 -0.45943654 0.5858426 0.37319157 0.52159166 -0.031178841 0.45435038 0.016060999 -0.81362873
36 -0.6516796 0.6978698 0.15423183 0.64063555 -0.2445994 0.32079425 0.14433163 -1.2591835
16 0.089521326 0.4855893 0.7304115 -0.16277884 0.14349672 -0.26148003 0.21822417 0.79449004
23 0.11665322 -0.051065568 0.8276636 0.09714696 -0.018741375 -0.3113793 0.535427 1.3543789
19 0.17163888 -0.12300858 0.8695451 0.03775801 0.17930213 -0.40825683 0.33897138 1.7792271
6 -0.839763 0.5288433 -0.13041972 0.56633574 -0.71701694 -0.6075138 0.0044877697 -1.3245472
27 -0.92654145 0.5479981 -0.12107569 0.6683319 -0.5706001 -0.30182794 -0.4449065 -1.3573747
4 -0.73855805 0.44008383 0.15751314 0.8372933 -0.18737295 0.5141414 0.08842767 -1.2355391
24 0.073666416 -0.24118799 0.90210134 -0.0103744995 0.13377686 -0.6824006 0.35586175 1.7184263
38 -0.8140755 0.79106003 -0.16332363 0.7212283 -0.16366471 0.575795 -0.5146288 -0.778899
17 -0.2801035 0.07655436 0.8303342 0.32747462 0.46944657 -0.40183428 0.09742847 -0.76932305
43 -0.7696164 0.6265992 -0.119439095 0.8049937 -0.5578828 -0.2650988 -0.018036587 -1.613828
28 -0.5761541 0.59769714 0.032975107 0.8306301 -0.543177 0.044991687 -0.12699232 -1.3032607
20 -0.9561764 0.21413396 0.15742378 0.7474625 0.23329177 0.2315369 -0.6296175 -0.9154511
5 0.17117731 0.19844814 0.8809122 0.302913 0.3986207 -0.021566968 0.28373817 0.20628329
45 -0.6911781 0.7199846 0.14315397 0.7574043 -0.2960291 0.20486824 -0.026889939 -1.6443243
26 -0.30699775 0.41133496 0.11822621 0.22402295 -0.60887676 -1.2973193 0.18103114 -0.46922457
31 -0.77227604 0.8469549 -0.10400614 0.60192674 -0.44837344 -0.13713068 -0.25052094 -1.3701913
49 -0.7282832 0.74670416 0.16046506 0.6775612 -0.5577976 0.4449729 0.017792122 -1.5820662
8 -0.041817978 0.16590698 0.3140829 0.0021285915 -0.61679065 -1.5461535 0.32998136 0.47124454
37 0.16571954 -0.023539413 1.2736447 -0.1529953 0.5973012 0.35273528 0.14347279 1.7443874
21 0.01876811 -0.037573885 0.90921044 -0.14530708 0.43328676 -0.30429366 0.09288918 1.9316561
34 -1.0705849 0.8141169 0.017234342 0.67323023 0.13008706 0.81847394 -0.34367937 -1.2984537
29 -0.3143453 0.75857747 -0.07999318 0.52522445 -0.33682674 0.29913074 0.088469744 0.18913442
13 0.041657466 0.15909223 0.5523592 -0.042647332 0.18006803 -0.24221538 -0.04805434 2.1671393
10 0.44523144 0.547703 0.38322023 0.23436384 -0.2470433 -0.9200157 0.68551767 0.6871351
47 -0.8161731 0.7662027 0.06829121 0.75228834 -0.39965963 0.22955604 -0.13377917 -1.8421196
41 -0.8553405 1.0931761 -0.049066182 0.63159823 -0.015272952 0.66860646 -0.23030175 -1.5027219
30 0.15293832 -0.0936355 0.96520877 -0.13945383 0.16589512 -0.48989612 0.27508932 1.832796
18 0.086395286 0.035797644 0.7425976 -0.22507887 0.02880311 -0.68395257 0.13286671 1.8535042
3 0.0338958 -0.24508372 1.2002035 -0.17177361 0.7417525 -0.335143 0.4308025 1.7705219
9 -0.5201319 0.6357855 0.18886164 0.5702131 -0.11878717 0.7032087 -0.15834218 -0.5173884
48 -0.75331867 0.8252064 -0.16055521 0.7582161 -0.6917213 0.046180278 -0.20951784 -1.3746476
35 0.073516406 -0.55649126 1.2650023 -0.0247669 0.4602644 -0.48609057 0.27507675 1.7831529
33 0.34778413 0.17662245 1.1194149 -0.061889615 0.4573167 0.27355826 0.4252186 1.7798144
42 -0.5907771 0.21734577 0.48047906 0.0096918205 -0.09754008 -1.172623 0.44010434 -0.8505074
0 0.30244157 -0.18505378 1.0793549 -0.18854578 -0.012628354 -0.9549902 0.45235097 1.5925469
2 0.31289074 -0.22851515 0.9521801 -0.06544315 0.22968236 -0.97677016 0.5424316 2.0272608
14 -0.12637551 0.66271657 0.38164914 0.4079627 0.49992976 1.1330681 -0.44665453 1.1924903
40 -0.8380953 1.1698409 -0.37343132 0.5944636 -0.66486853 -0.3027857 -0.2679047 -1.6750165
39 -0.8782033 0.7761993 -0.30410355 0.71953404 -0.52904975 -0.52060306 -0.44017193 -1.5120755
15 0.18636538 -0.4211652 1.1756276 -0.11460182 0.07951673 -0.6819177 0.508675 1.5404835
32 0.4324817 -0.057412766 1.2845619 -0.16636287 0.5710945 -0.32592678 0.5493618 2.0768912
22 0.11710368 -0.30084446 1.2985867 0.008564068 0.743468 0.15338925 0.16490053 1.8711277
25 0.11650812 0.40147382 0.69119954 0.034270957 -0.1321632 0.65741885 -0.036623295 1.6607369
7 0.2112 -0.06277692 0.7049954 0.0669094 0.36730236 -0.7377452 0.0838003 1.9805157
44 -0.75193274 0.7132065 -0.15020695 0.7196436 -0.78306675 -0.6600299 -0.20254314 -1.6295774
12 0.39648438 0.046852343 0.74150735 -0.11153061 0.059553057 -1.3953094 0.3320135 1.8301266
46 -0.80321 0.36763847 0.017971685 0.61830705 -0.43291187 0.18988213 -0.5177656 -0.5693281
11 -0.70722485 0.4637064 0.25934544 0.7705217 0.19915135 1.7900772 -0.66722184 0.142652
