50 8
39 -0.35134885 0.3307975 -0.01151305 0.8136067 -0.065130875 0.058490977 -0.75810045 -0.18923764
19 -0.28947255 0.027727647 0.04545973 0.9220594 1.3590939 -0.38445678 -0.05640915 0.100029506
31 -0.28072095 0.0791117 0.0970602 0.7451799 0.43371633 -0.42788243 -0.8796864 -0.58152074
40 -0.1409903 0.45217523 0.13297208 0.7469007 0.37176877 -0.0015460949 -0.5206103 0.20072265
24 -0.54845166 -0.28135148 0.09872084 0.86073333 0.5814964 -0.7142544 -0.23509933 -0.6193867
46 -0.86187315 -0.055965297 0.65996593 0.28236735 -0.47675332 -0.5690788 -0.11713772 -0.7909062
16 -0.47861442 0.8716684 0.6748366 0.056815397 -0.881828 -0.17097911 0.12485346 -0.90554756
43 -0.3856577 -0.10342928 0.21902117 0.93720126 -0.41811636 -0.26055917 -0.23634297 -0.4743608
23 -0.09804202 0.5665326 0.41203183 0.40398195 1.0436883 -0.33924428 -0.1234689 0.531966
15 -0.43166968 -0.22633947 0.29303595 0.63242143 0.17069253 -0.9992783 -0.6615569 -0.5538633
12 0.28445953 0.7541914 0.3606162 0.57655424 1.1652622 -0.25686973 -0.0161585 1.1303077
25 -0.2552533 1.3557858 0.46386945 0.17316902 -0.15587825 0.9930493 -0.4775087 0.71982235
42 -1.163996 -0.10105084 0.40267903 0.30479428 -0.4502465 -0.43307155 -0.5378269 -1.3667821
3 -0.25992808 0.47547418 0.56063 0.32357228 1.0903877 -0.21037446 -0.0051292735 0.5083247
26 -0.37592694 -0.28649628 0.3658555 0.6414061 0.14642991 -1.0202662 -0.6737323 -0.8962895
6 -0.26630896 -0.02071668 -0.028219307 1.0392076 0.12884939 -0.59141994 0.11634775 -0.41525096
45 -0.6219806 0.27687314 0.6391185 0.31987336 -1.0175391 -0.22688119 -0.39159182 -1.2809203
4 -0.74554986 0.6321689 1.2361228 0.15356429 -1.0636908 0.87378764 0.9564959 0.5562993
18 0.23116362 0.12371471 0.0884127 0.87444025 0.9726264 -0.7672494 -0.6992912 0.0027864615
38 -0.18477161 0.27945346 0.40602508 0.6770868 -0.76009184 -0.3872547 0.22252825 -0.79582334
30 0.14043844 0.42992106 -0.28455013 1.1559792 1.209865 -0.14138591 -0.16285525 0.60897976
28 -0.2503371 0.3057628 1.0772742 0.294801 -1.4607226 -0.13088158 -0.08474891 -0.6318741
0 -0.21586505 -0.15353055 0.36687064 0.63335246 1.2258158 -0.9069549 -0.43523082 -0.047891445
34 -0.39089864 0.99856913 0.7539911 0.21193562 -1.3957433 0.8173439 -0.35307184 -0.44329336
36 -0.95987666 0.12127724 0.7775062 0.3993373 -1.3717825 0.35986626 -0.20955063 -0.9007504
8 0.1853334 -0.18153945 0.051190242 1.0823522 0.7485357 -1.0917379 -0.27573892 -0.2431249
49 -0.68342257 0.29828802 1.3045077 0.0067833043 -1.4065775 0.15237606 -0.08311258 -0.96869147
27 -1.0776385 -0.061178375 0.4828124 0.6534494 -1.2508776 0.32722163 -0.16627605 -0.8928526
10 -0.020899156 -0.07095256 0.51967293 0.91742724 0.32621345 -0.6038422 0.9335556 0.2333056
2 0.32956383 0.6108723 0.30555043 0.75366527 1.0211323 -0.21917963 0.13775587 0.8768027
41 -0.3834583 1.1729474 0.5839484 0.2894941 -1.1506872 0.9234342 -0.031710565 0.060797244
14 -0.872649 1.2613981 0.8731356 -0.2508806 -0.28116253 0.93154645 0.3148119 0.665376
1 -0.7711299 0.07753556 0.41010648 0.36566204 -0.10056268 -0.66798425 0.022451654 -0.93146837
21 0.1564469 0.99289453 0.44745535 0.6932934 0.6307139 0.59973174 0.6434709 1.5926491
20 -0.94552606 -0.35549545 0.6662773 0.53889674 -0.59387666 -0.4253559 0.113060996 -0.7803003
32 0.29678783 0.8017412 0.3436541 0.6569224 0.93135405 -0.44561636 0.5654574 1.3836929
17 -1.094874 -0.08308948 0.79305863 -0.09567391 -0.086894594 -1.1259683 -0.17951626 -1.2904305
35 0.30819213 1.0158272 0.5159689 0.52410126 0.3698746 0.098284476 0.41622573 1.2331427
13 0.25430623 0.17986353 -0.085444346 1.2506747 1.0440724 -0.33840945 0.31059813 0.59572697
7 0.39216465 0.54606825 -0.12779264 0.856302 0.9002532 -0.94709754 -0.5279591 0.5797546
29 0.14220044 0.86094093 0.2332629 0.6503068 -0.32351154 0.033805415 -0.030313494 0.44362578
9 -0.6417836 1.2209924 0.8868787 -0.03713359 -0.9021138 0.7900602 0.7573742 0.20826516
22 0.46767452 1.0123627 0.3959195 0.6878964 0.9597486 0.11180615 0.44581813 1.7630794
37 0.12885106 0.08465791 0.5441069 0.7041263 1.5024331 -0.78275204 0.4584395 0.9164146
48 0.35067287 1.4547863 0.18457599 0.7435816 -0.50436145 0.84556973 0.27954125 0.7367782
5 -0.74733824 0.35831308 1.1093172 0.04247224 -1.542589 0.022182144 0.047391843 -1.0628402
11 -1.1027384 0.61202455 1.2921926 -0.25513813 -1.442718 0.5678425 -0.07737998 -0.3595373
33 0.33284733 1.1242605 0.54071194 0.6044246 0.5622026 0.3123044 0.7714298 1.8826358
44 -0.4220586 0.50596 0.6558233 0.2647557 -0.8784226 0.21543817 -0.99326086 -0.7484281
47 -1.0121169 1.149925 0.8673697 -0.05418932 -1.6182833 0.8716131 0.49592265 -0.27223858
