50 8
43 -0.28410283 0.4560821 0.29533827 0.48159146 -1.1432046 -0.782471 0.17104834 -0.32762083
39 -0.3540866 0.449889 -0.026632104 0.8846873 -0.096071236 -0.8253455 -0.059695814 -0.23558086
28 -0.25763217 0.60054314 0.23095532 0.56826335 -1.1555177 -0.7654723 0.17484795 -0.4834943
49 -0.45039013 0.96541417 0.010834012 0.7100689 -0.4247852 -0.10556121 -0.06658001 -0.82233185
1 -0.36832866 0.84509355 -0.07796162 0.69895315 -0.6405907 -0.3582123 0.074887365 -0.5102478
40 -0.69748026 0.20225926 -0.13493182 0.9177166 0.9559574 -0.48925447 -0.039481085 0.0238467
34 -0.4491495 1.3433714 -0.094247356 0.6310602 -0.4699851 0.3864649 -0.1664068 -0.85790414
31 -0.3715594 0.5687709 -0.15423808 1.0127542 -0.25225523 -0.8166971 -0.03451957 -0.4660854
26 -0.4004902 -0.29084176 0.73175716 0.41035926 0.16153291 -0.98686904 -0.09993855 0.23864216
27 -0.6432848 0.99041384 -0.31625724 0.9485615 -0.49586806 -0.21832277 -0.17160465 -0.86282074
45 -0.30029866 0.7761842 0.0732237 0.58555216 -0.65240955 -0.7546113 0.018425044 -0.4251862
46 -0.40391758 0.7757997 0.5249151 0.11795901 -1.3374555 -0.24332367 0.05320025 -0.5440538
20 -0.24058607 0.7908136 0.7124754 -0.101381674 -1.2135942 -0.07528174 -0.11094922 -0.160554
36 -0.4576776 1.2647166 0.12558284 0.41613814 -1.2458413 0.07357592 -0.11582629 -0.9496195
42 -0.41254961 0.475463 0.09824299 0.5660372 -0.20063062 -1.0648944 -0.19155009 -0.086685024
6 -0.29455575 0.03475476 0.32872853 0.6944834 -0.47980917 -1.1068212 -0.050404865 0.007967469
15 -0.3464454 -0.42083395 0.70029485 0.1868366 0.29417363 -0.33451402 0.09522449 1.1426861
17 -0.33665973 0.6969088 0.5291189 0.14129342 -1.3853868 -0.4614125 -0.1696763 -0.3702096
38 -0.49733496 1.316602 -0.08947666 0.65309346 -0.53266174 0.35511082 -0.25329217 -0.93516123
44 -0.2863111 0.66249734 0.021653939 0.69107884 -0.5244055 -0.56623155 -0.12076844 -0.30998936
12 -0.45073843 -0.5655641 0.6054856 0.5623753 1.1570637 -0.07519413 0.32749367 1.013854
24 -0.58031267 -0.029194446 0.19297402 0.7685873 1.1098446 -0.073978715 -0.24905904 0.5270323
29 -0.36971876 0.93714494 0.20735684 0.19910271 -1.0664485 -0.09174628 0.019907545 -0.29046395
41 -0.523563 1.1210316 -0.15822706 0.8418582 -0.27076188 0.08328929 -0.14727461 -0.9073386
23 -0.8868984 0.6232565 -0.38058054 1.0839105 0.63107276 -0.08361131 -0.03644328 -0.7458724
19 -0.30187234 -0.40702254 0.49820355 0.6610568 1.5730846 0.34529614 0.06634193 1.2850784
16 -0.10285459 1.0357765 0.32179722 0.18513791 -1.2023789 -0.45665634 -0.10637474 -0.32085577
4 -0.06254734 1.1911769 0.42142212 0.08916708 -1.0047845 0.95613265 0.49580237 -0.32650992
18 -0.1356107 -0.80828494 1.095696 0.16594724 1.1527567 -0.25410303 0.39675242 1.7472833
47 -0.37416184 1.0452875 0.23193012 0.36467946 -1.4509077 -0.15697284 0.1469752 -0.75399214
25 0.09923335 0.514768 1.0137494 -0.32245418 0.13057551 1.4650726 0.2667277 1.0233948
21 -0.2042136 -0.4584031 1.0546209 0.02895693 1.0613377 0.976139 0.61139864 1.611923
9 0.094776854 1.3123388 0.4562009 -0.23997886 -0.94749343 1.2471409 0.48031998 0.26888114
2 -0.1759634 -0.29817426 0.97597796 0.17055231 1.5466905 1.0599549 0.33260736 1.6176934
0 -0.27200148 -0.5212635 0.9776644 0.14248644 1.5732408 0.4186572 0.30214304 1.6797261
7 -0.2587442 -0.61735046 0.75413346 0.4162222 0.7851948 -0.80654985 -0.12254697 1.2747384
13 -0.19623347 -0.7583322 0.9133028 0.263601 1.1410135 0.39252025 0.5535273 1.8697028
32 -0.28660858 -0.096042626 1.1229739 -0.17824703 1.0884138 1.4165258 0.43672782 1.4191955
30 -0.049373623 -0.5654114 0.8511318 0.4292571 1.6269553 0.2770359 0.3354538 1.6486704
10 0.46645603 -0.21424809 0.93583053 -0.070886254 -0.39306313 -0.1123236 0.735004 1.6627035
14 0.2786344 1.2986704 0.38493213 -0.18767855 -0.31123516 1.831752 0.5907147 0.8700546
8 -0.27294433 -0.68304205 0.75607824 0.5415709 0.27077943 -1.4929503 -0.10552171 0.6972302
33 -0.3513778 -0.21090671 1.4797481 -0.4390928 1.3372769 1.3689185 0.18202499 1.5628822
11 -0.3166722 1.1726909 0.34218687 -0.035185877 -1.480251 0.7434346 0.031979546 -0.23125474
3 -0.25161925 -0.6587436 0.9793511 0.32712916 1.4511124 0.59723777 0.35550147 1.541496
35 -0.15938166 -0.09597978 1.2191447 -0.28686485 1.1883438 1.567559 0.29788432 1.720433
5 0.16195585 0.8201649 0.5911802 0.006453643 -1.4272121 0.35158515 0.4364951 0.19194292
22 -0.21154292 -0.04575553 1.3691013 -0.36438468 0.787875 2.1296349 0.32405457 1.5091102
37 -0.11197488 -0.5182979 1.3031311 -0.17387302 1.6218294 0.87946373 0.47401053 2.0603023
48 -0.30505443 1.1434944 -0.819828 1.5422261 0.3493943 0.09495727 0.11773002 -0.743249
