50 8
28 -0.47023228 0.45425287 0.61424875 -0.2668213 0.42790452 0.8809014 0.32681787 0.06993561
20 -0.41850093 0.27312455 0.8214161 -0.36666194 0.2574384 0.51105875 0.21744788 0.17013209
45 -0.20057194 0.2803982 0.85597 -0.14552851 0.25436053 0.18738635 0.10420123 0.06259667
26 0.1692523 0.046089806 0.352447 0.49782547 0.7727699 -0.79367596 -0.09447233 0.7148885
1 -0.30824175 0.1939473 0.818966 -0.45683318 0.46071297 0.4225807 0.04903234 0.019612696
36 -0.52340215 0.38495535 0.7935538 -0.110038616 0.18469362 0.9886204 0.58495957 -0.104854435
17 -0.39742404 0.24303748 0.87838453 -0.58397627 0.33659545 0.7057352 0.20632848 0.09836025
34 -0.5002437 0.29010028 0.82866126 -0.23107633 0.18390115 1.1602348 0.54324824 -0.13091192
16 -0.38558057 0.33021614 1.0407372 -0.523416 -0.3210251 0.59056634 -0.251586 0.17513804
42 -0.28639922 0.24172796 0.72511786 -0.5490333 0.90463406 0.0058036502 0.26328924 0.35893515
43 -0.37457588 0.48084548 0.6718328 -0.40289882 0.8264563 1.1749898 0.9570367 -0.12792902
31 -0.26755935 0.15370937 0.38331774 -0.116516076 1.2796714 0.30152673 0.8386206 0.39807123
4 -0.3869604 0.43293682 0.68225354 -0.1895623 0.47784066 0.91019815 0.6189781 -0.007864387
23 0.46421733 0.26963776 0.42736953 0.4839123 0.21849833 -0.85159147 -1.2471337 0.20602855
49 -0.64622694 0.25102994 0.9695702 -0.45940837 -0.12174328 1.20895 0.36237592 -0.033421986
24 0.15960118 0.20592108 0.291982 0.6111124 0.25392488 -0.86100566 -0.98542553 0.54085195
8 -0.22273879 -0.19721733 0.23913789 0.18423322 1.3313264 -0.12086412 0.43436748 0.5994454
39 -0.5965652 0.40521565 0.7177317 -0.58113325 0.76617384 0.7867006 0.59749347 0.029101761
47 -0.5013387 0.055279654 0.94927645 -0.30005297 0.13823418 1.0746511 0.5273131 -0.070949815
19 0.3038582 0.0021182923 0.18723185 0.891276 -0.1335557 -0.46606886 -1.488602 0.26153642
10 -0.26756388 -0.20834017 0.3954335 0.4910781 0.38307977 -0.030422518 -0.03326145 0.44431305
29 -0.37123808 0.41874152 0.55874234 -0.44027716 0.8864125 0.6710951 0.57358533 0.21136628
38 -0.38129473 0.38075557 0.76455593 -0.17480172 0.36922273 1.142891 0.69049954 -0.15210824
6 -0.44231358 0.3956817 0.6058652 -0.4245687 1.0711547 0.7696745 0.87015307 0.04989393
25 0.67237854 0.052358355 0.1527257 1.1578305 -0.1792948 -0.34629238 -1.4523001 0.14607792
15 0.06283988 0.28523666 0.6886707 0.38027948 -0.42970803 -0.43193567 -1.0375677 0.210364
40 -0.23851906 -0.023223247 0.46069625 0.12428924 1.3339473 0.39895445 1.1469686 0.30040696
46 -0.28765234 0.4708945 1.0234178 -0.43218073 -0.24622175 0.22696628 -0.22307706 0.16018838
27 -0.39461738 0.3409401 0.6772077 -0.48820996 0.93101954 1.0844351 0.97741115 0.052777853
18 0.6239784 -0.21443158 -0.10005546 1.2758247 0.78289896 -1.0331292 -1.1776967 0.4971492
41 -0.40264 0.36926594 0.56577903 -0.03425169 0.68315995 1.3708936 1.0233778 -0.14579102
44 -0.15982373 -0.40542156 0.52348334 -0.036718424 1.3315063 0.14306179 0.6910099 0.29443744
11 -0.13421129 0.67470205 0.45004076 0.11097119 -0.75235623 1.0759746 -1.019579 -0.1701286
5 -0.0027661389 0.9286536 0.7699916 0.33147478 -1.2638316 0.65086997 -0.85439396 0.045580734
0 0.3876317 -0.3890081 0.13312447 1.1501224 0.083032355 -1.0079217 -1.811263 0.5142137
21 0.5098799 -0.48605502 -0.10817887 1.5961108 -0.0064443066 -0.64998806 -1.8470342 0.40177307
13 0.7627207 -0.22486931 -0.2843889 1.3270808 1.1614518 -1.0719482 -1.1283187 0.44909674
9 -0.48889905 0.29595003 1.0855887 -0.15813072 -0.10723292 1.2596406 0.8807878 -0.119587
22 0.47776142 -0.43419725 0.19651593 1.565227 -0.32159176 -0.5480258 -1.5224737 0.18879348
12 0.6276907 -0.12975104 0.018489895 0.9833789 0.8899769 -1.0823523 -1.032179 0.46147233
37 0.5695411 -0.3196073 0.32929677 1.4937367 -0.6162516 -0.591794 -1.6700313 0.39227736
2 0.6432596 -0.15264027 0.13743253 1.4063216 -0.087122895 -0.9871397 -1.7717394 0.3653017
14 0.3357859 0.60952663 0.33907852 0.70431805 -0.91541415 0.91029775 -0.94418526 0.02803057
30 0.78499997 -0.17086238 -0.12273606 1.6148075 0.43522415 -1.1126258 -1.5194361 0.41239548
7 0.66747016 -0.42697877 -0.056076445 1.2762396 0.95018226 -0.8542785 -0.64478457 0.6049332
3 0.75419146 -0.230811 -0.036946725 1.5922744 -0.0029705863 -1.1178834 -1.9792575 0.6318414
35 0.59368724 -0.37502614 0.027551187 1.8479545 -0.23365743 -0.65138125 -1.45019 0.43028748
33 0.6213841 -0.41691574 0.027467351 2.1243818 -0.47172847 -0.7449942 -1.7082803 0.35292786
32 0.705606 -0.44339392 -0.16909543 2.1826336 -0.23138362 -0.71681684 -1.735966 0.3135127
48 -0.40811095 0.25104856 0.75630957 -0.48320726 0.75625217 1.4528474 1.0910093 -0.00392196
