50 8
43 0.09964548 0.27444997 0.8785334 -0.5186531 0.6335479 0.21356681 0.40435636 0.16434363
24 -0.121453315 0.7691089 0.56673056 -0.36852685 0.7165058 0.33037263 0.0474797 0.273227
28 -0.11965511 0.7984017 0.5387579 -0.41515046 0.6718508 0.62863076 0.24181244 0.17774498
17 0.05947617 0.27991536 1.0910056 -0.8782681 0.5904363 0.43756354 0.6360713 -0.13600479
23 0.10666727 0.7268669 0.4010302 -0.14622802 0.85123175 0.62609726 -0.069928676 -0.077265054
36 0.05613 0.24527068 1.1392101 -0.7725161 0.3491693 0.47277245 0.82482743 -0.21348743
19 -0.12368254 0.482572 0.72115535 -0.37706494 0.68218464 -0.21405268 -0.15904495 0.7803496
25 0.39333117 -0.36969423 0.596223 0.8995324 0.27537316 -0.17269614 -0.47560865 0.24543767
26 -0.5876343 0.24498233 0.4892739 0.13901158 0.91869813 -0.36122987 -0.09451486 0.8854005
46 -0.122580975 0.3257066 1.037032 -0.267964 0.0020774477 0.33800212 0.39126313 -0.19453457
1 -0.10103856 0.544011 0.77255267 -0.483759 0.53350437 0.9492063 0.7774574 -0.56477857
45 -0.35521802 0.52093524 0.97855216 -0.5437706 0.43315175 0.03324584 0.6604992 0.07775756
41 -0.16196561 0.5658105 0.77927655 -0.35818616 0.41156363 0.9271156 1.0072364 -0.5303255
6 -0.44661704 0.34047547 0.5361569 -0.12143657 1.0612011 -0.35272953 0.0003614219 0.72468716
27 -0.15372021 0.55653274 0.94803756 -0.8491322 0.72285885 0.6789367 0.49651864 -0.28139254
18 -0.06248904 -0.099448234 0.43560892 1.4323677 0.07544944 -0.83850116 -0.68900955 0.82299924
31 -0.38679394 0.37871423 0.07067569 0.9431778 0.70201147 -0.37316307 -0.69434685 1.2496582
16 -0.08279035 0.3342469 0.9838634 -0.8096846 0.5707167 0.46106187 0.6798331 0.1127497
39 0.08640886 0.65267694 -0.0064463913 1.1679856 0.20753905 0.68052495 -0.060931087 -0.14791055
40 0.11848375 0.035014197 0.053740554 1.8322637 0.23551798 -0.363884 -0.8482908 0.58450586
49 -0.2835852 0.3811543 1.0665115 -0.6188765 0.24578118 0.9619902 1.0201637 -0.6301553
29 -0.5968041 0.35167277 0.50630337 0.18719842 0.8280062 -0.58064437 -0.11215559 0.9708399
10 -0.5468098 0.6400295 0.5705051 -0.14341728 0.67795324 -0.3566643 0.19356413 1.0212075
2 0.5238765 -0.42432746 0.4292472 1.6569934 -0.12642868 -0.56159335 -0.8159847 0.72567344
38 -0.031668097 0.43392694 1.0550764 -0.5480489 0.114066325 0.9894063 1.0890095 -0.7194338
30 -0.13948493 -0.5401676 0.5579584 1.5594479 0.13502285 -0.92069894 -0.8038863 0.59991366
47 0.2829823 0.48847556 0.801985 -0.4471549 0.42766324 1.3009812 0.66302747 -0.9170711
20 -0.010414683 0.27370152 0.835339 -0.6541636 0.9249429 -0.2505292 -0.051992886 0.7190468
34 0.27755052 0.10770293 1.1354752 -0.6703908 0.33850372 1.2187535 0.78311604 -1.0709115
15 -0.36473957 0.51104796 0.63819027 0.29438537 0.09295646 -0.18244793 0.09621427 0.56658435
13 0.22424789 -0.040513624 0.32963222 1.8365393 -0.3962253 -0.38825288 -0.503817 0.38829076
7 0.24994107 0.14176475 0.28096277 1.2304771 0.187668 -0.6876334 -0.57067996 1.0336753
42 0.09953693 -0.81596845 1.214455 0.94764817 -0.63823634 -0.46270284 -0.15409891 0.07962346
4 0.03299186 0.0910852 1.3667842 -0.8985677 0.2244766 0.73210096 0.8802261 -0.7240426
0 0.5428728 -0.33193427 0.25759667 1.967259 -0.23070472 -0.23262869 -1.076204 0.45450556
48 0.32689238 0.4366134 0.63524616 -0.15825157 0.37739247 0.9443433 0.6021481 -0.41506198
12 -0.13344297 0.33635706 0.031684313 1.7144798 0.20356508 -0.27749443 -0.89598876 0.38424328
3 0.4604517 0.6212356 0.28018022 1.1759562 -0.44224668 0.6135861 -0.28145254 -0.20910218
14 0.9732772 -0.14935097 1.1070123 0.4610561 -0.76136583 1.0257374 0.24669263 -1.1735455
44 0.15846643 0.24624285 0.013471829 0.9243021 0.8436254 -0.22630571 -0.81565833 1.0609561
9 0.49089342 0.05603776 1.2987792 -0.8939925 0.20979498 1.1864523 0.7937559 -0.98584694
35 0.94467497 -0.9783404 0.6756745 2.243362 -0.98133945 -0.04820982 -0.5177538 -0.16446143
33 0.6282854 -0.9942481 0.7737229 2.259375 -1.0536587 -0.21527895 -0.41804484 -0.15835777
8 -0.55423284 0.35931447 0.21883865 0.9045689 0.79187346 -0.934464 -0.6102659 1.4268833
21 0.6714378 -0.957326 0.6782304 2.1545475 -0.89491206 0.45898736 -0.7226636 -0.8416524
11 1.1576061 -0.6455921 1.3879075 0.14617346 -0.72157526 1.3523147 0.14823753 -1.4132112
32 0.4749216 -0.56636995 0.37831494 2.3521788 -0.4204216 -0.64144534 -0.9290302 0.23718168
5 0.56653506 0.21854524 1.3492979 -0.66574347 -0.3143038 0.80600417 1.0578703 -0.67757237
22 0.54988545 -1.1945488 0.8014453 2.1752157 -0.7713789 -0.4133857 -0.53885186 -0.13524155
37 0.63717014 -1.0814352 0.7895804 2.3484442 -1.1860826 -0.07177944 0.11294339 -0.37146544
