50 8
15 0.5447344 0.5253063 0.3188028 0.35100782 -0.4771879 -0.23851852 -0.06655546 1.2005069
26 -0.51898944 0.40177137 0.6994186 0.32129487 0.05337729 0.03825676 0.7939668 0.16184911
1 -0.143351 0.27633452 0.72522205 -0.35950255 0.14760488 1.1673499 0.28717744 0.0076251305
48 0.0029807144 0.49510366 0.87694424 0.009424765 -0.035185717 0.76870286 0.48972246 -0.12279393
23 -0.09183895 0.42197168 0.79940677 0.002390372 -0.055679422 0.32076052 0.5450811 0.14150342
19 0.64030796 0.15894005 0.14429782 0.64967066 -0.13682355 -0.39442345 -0.7195175 1.2524083
36 -0.49481583 0.49192917 0.871572 -0.19728483 -0.008806444 0.43945825 0.71621233 0.03594701
17 -0.27314958 0.44498706 0.9501649 -0.39125136 0.16909185 0.86436063 0.64458424 -0.1962941
49 -0.50854313 0.44238982 0.9816535 -0.35059366 0.1388961 1.1297446 0.75229114 -0.37677163
12 -0.2387607 0.86651444 0.6532192 0.52968997 -0.29740965 -0.624234 0.712779 0.46440732
6 -0.8225316 0.0608423 0.6720791 -0.032616597 0.8399182 0.29659 0.43380553 -0.21858458
10 0.13360278 0.28383386 0.18749931 0.5619011 -0.11410791 -0.5242622 -0.14685722 1.1586591
4 0.5122543 0.34993014 0.7203292 -0.17355764 -0.31987047 1.2819858 -0.15378441 0.22160967
24 0.6946449 0.8064043 0.48994967 0.31625375 -0.7413214 -0.27324134 0.02636803 1.1643729
5 0.9016232 0.54866236 0.29198068 0.46878183 -0.59956384 0.20374802 -0.33895737 1.1600252
43 -1.150823 0.33505434 0.9289805 -0.2058595 0.93823564 0.03945442 0.92321813 -0.4913423
45 -0.62253547 0.28951317 0.86435854 -0.28786775 0.76848537 1.0811582 0.3769385 -0.62189025
7 0.030679353 0.42539665 0.23774011 0.56814146 -0.15663897 -0.89426553 0.10982519 1.2312068
42 -0.87641114 0.40869126 0.8424229 -0.43542317 0.8381385 0.6770563 0.68331736 -0.49594185
27 -0.41018927 0.40813044 0.8520731 -0.595064 0.68309057 1.3537112 0.454899 -0.5421478
38 -0.12638925 0.11397869 0.78005147 -0.30541685 0.8674546 1.4718493 0.05725759 -0.64319897
30 -0.66206706 0.53092897 0.46286526 0.7710466 0.25518766 -1.0971004 0.4377673 0.42868665
13 0.2700383 -0.08906964 -0.18599336 1.0333371 0.28864342 -0.92558044 -0.7525872 1.4780402
40 -1.0646999 0.40919983 0.86792797 -0.32388464 0.8684894 0.37110204 0.9159027 -0.459107
20 0.6066477 -0.3450283 -0.04286431 0.70472044 0.23764855 -0.14513901 -1.0370145 1.2689372
2 0.012766223 0.8080153 0.7286805 0.3104354 -0.45013916 -0.61661756 0.576631 0.7011136
31 -1.0773821 0.39460889 0.9575046 -0.45348945 0.8823738 0.8121974 0.8026472 -0.71078014
9 0.92387974 -0.37519228 0.099028446 0.96273625 -0.07760319 0.29964843 -1.2685151 1.0504642
0 0.7198376 0.18170139 0.17767146 0.77669877 -0.29076543 -0.76774275 -0.31325752 1.5160452
34 -0.106504075 -0.0011658655 0.83023435 -0.4058525 0.8573695 1.5763775 -0.075210944 -0.61850184
41 -0.6384813 0.3691966 1.0012125 -0.3453296 0.6392779 1.3947787 0.6425657 -0.80304414
3 0.45974678 0.23653662 0.061465 0.93909425 -0.16663884 -1.0017374 -0.42424324 1.4610723
32 0.4566248 0.1556527 -0.046784274 0.68218666 -0.24791442 -0.9059275 -0.51859117 1.8120439
22 0.29434508 -0.15235713 0.020654386 0.76059747 0.14407839 -0.8066429 -0.78234684 1.4060634
11 0.74949104 -0.14993331 0.12172437 0.7521884 -0.36695194 0.27278876 -1.234718 1.2505122
28 -1.0583947 0.29134348 0.92928547 -0.5456603 1.0458528 1.1669791 0.45023498 -0.8669789
21 0.60488486 0.17427427 0.07711482 0.94149774 -0.36294696 -0.8086299 -0.6329037 1.5990489
33 0.57315576 -0.047773413 -0.0015707797 0.9634607 -0.09148421 -0.74860215 -0.70934206 1.5558912
37 0.7888932 -0.38245824 -0.10134232 0.97180045 0.14084256 -0.5968739 -0.9625704 1.6328971
18 -0.08616146 -0.43620276 -0.18391892 1.0187862 0.78144354 -0.977653 -0.91402674 1.1637293
39 -1.0806317 0.33493873 0.904312 -0.19322367 0.99982816 0.924719 0.7139377 -0.91112983
16 0.3776193 -0.32252625 0.44666472 -0.26332283 0.3686854 1.2778158 -0.8006235 0.31984487
8 -1.1190453 -0.5949003 0.21526933 0.55196846 1.4974248 -0.1459979 -0.11723761 -0.11010255
25 0.588209 -0.5380811 -0.3782125 0.8572036 0.6821683 -0.120383084 -1.5267836 1.3589586
14 0.62024343 -0.40130314 -0.11189542 0.42535514 0.13316098 0.3921296 -1.3527887 1.2996721
44 -0.91695064 -0.6434482 0.6037847 -0.028872233 1.4972275 0.9273039 -0.022825709 -0.65282995
46 -1.0591563 -0.022371525 0.9999818 -0.48484963 1.3123227 1.424837 0.075929224 -1.1002667
35 0.26720658 0.16531055 0.2144023 1.0115787 -0.35892907 -1.4307504 -0.34193018 1.6289465
29 0.23695646 -0.80981123 -0.3276784 0.529881 1.245747 -0.09477639 -1.2045684 1.0285002
47 -0.78712046 0.23252839 1.0646231 -0.23443528 1.002139 1.186276 0.57416993 -1.0884604
