50 8
43 -0.84810954 0.018787924 0.7463951 -0.17312595 0.7087452 0.5652755 0.39541745 0.16667518
1 -0.2396657 0.034020256 0.5075525 -0.12214962 0.4317119 1.1654319 0.007353853 -0.17166586
12 -0.5782755 0.24703668 0.58617646 0.74899805 0.6282848 -0.39034724 0.114408955 0.36290532
42 -0.69270337 0.23335762 1.1075183 0.23876455 0.0059011425 -0.5438753 0.33225518 0.7551145
28 -0.66291714 0.14885665 0.9228987 -0.84644765 0.4312891 1.0481966 0.5668745 0.05412327
17 -0.13811125 -0.16065685 1.1966138 -0.70345753 -0.06713613 0.45013908 0.59713125 0.19447082
27 0.29619634 -0.31126294 0.6258954 -0.53963476 0.32584146 1.2516404 0.5417534 -0.27450204
36 0.48441562 -0.124701105 0.6842157 -0.16857007 -0.043755304 0.91477036 0.3272109 -0.5162551
16 0.2646998 -0.18562166 0.617635 -0.60642993 0.33446023 1.224591 0.53743 -0.23024434
40 -0.88480544 0.21637271 0.43996668 0.0018164044 0.5971009 0.9667182 0.36295676 0.092789024
34 0.43927273 -0.12007112 0.61789626 -0.59676695 0.27072686 1.3722451 0.4354988 -0.6363977
4 0.64025223 -0.22323468 0.72146136 -0.744062 -0.07909036 1.2916497 0.69799244 -0.31068295
45 -0.4769297 0.9494718 0.79275686 0.32334813 0.27627647 -0.16574225 0.1096076 -0.7164013
26 -1.1975914 0.13439888 0.64638823 0.47670928 0.46670243 0.19739084 0.4263688 0.4060506
41 0.45306343 0.08707679 0.3212856 -0.29073918 0.537159 1.2629553 0.5092547 -0.86963576
18 0.0053620925 0.8141354 0.095856905 1.928788 0.60935134 -0.91522396 -0.6469268 0.5661631
44 -0.58745223 0.36183792 0.7947283 -0.39692324 0.517165 0.8481105 0.27916333 -0.43968374
6 -0.72493154 0.14373322 0.4896307 -0.22818562 0.54792714 1.0972306 0.39310858 0.118083864
20 0.4967747 -0.25771457 0.4361035 -0.15448146 0.17256437 1.0073909 0.47571328 -0.07164278
49 0.40201887 -0.33854556 0.6472877 -0.659949 0.18839958 1.4273666 0.44135755 -0.06118322
19 -0.4374455 0.610107 0.8760059 0.9962629 0.37893972 -1.3330266 0.098335795 0.7055204
21 0.43128386 0.13697617 0.8234603 1.4890938 -0.47161117 -1.1495177 -0.32564488 0.67528296
38 0.6825055 0.079929516 -0.008401925 0.13100024 0.6301406 1.3572633 0.16213192 -0.7541947
24 0.0911327 0.523207 1.0140717 0.9964518 -0.13684963 -1.3581914 -0.23480119 0.7570632
10 -0.8527697 0.22406323 0.9479067 0.022159824 0.044426218 -0.10373129 0.7300756 0.7444065
25 1.6369838 0.13381669 -0.21350287 0.66705 -0.118188314 1.1354004 -0.3712719 0.0036442117
23 -0.14654362 0.57973284 0.31684366 1.3425153 0.7913842 -0.44134054 -0.8950815 0.17656645
7 -0.8580712 0.5827907 0.5391664 1.298766 0.656541 -0.9669186 -0.046384707 1.0191123
30 -0.023305176 0.7854924 0.18357128 1.8449997 0.4368619 -0.9517769 -0.54101485 0.7310143
39 -0.9192386 0.52153796 0.46614578 -0.31274047 0.56359184 0.9750056 0.64520276 0.11297428
5 0.8160553 0.14566949 1.2515286 -0.72539335 -0.64874035 0.0027006755 1.0550816 -0.07768094
31 -1.1257445 0.30233106 0.113441244 0.5573863 0.99591786 0.87522715 -0.03621234 0.12268233
9 1.4961001 -0.43782422 0.70329255 -0.3563592 -0.378936 1.035097 0.44473854 -0.60128766
46 0.056860138 -0.30372122 1.0617093 -0.9275348 -0.1739341 1.1597326 0.7771056 -0.028900675
13 -0.090651214 0.44910994 -0.1741251 1.5910157 0.6073258 -0.0650398 -0.5560097 1.1620951
48 0.20835362 0.48153913 0.5839558 -0.28606698 -0.15450461 0.81734806 0.4491353 -0.20665438
11 1.629481 -0.36584976 0.5967391 -0.3746634 -0.38276255 1.1078135 0.39562318 -0.5483379
14 2.1401772 0.094114795 0.079338595 0.66082746 -0.46965238 0.69477373 -0.27028134 -0.25540152
47 0.011894797 -0.20245111 1.0170256 -0.8744217 0.014318657 1.0313352 0.86032027 -0.21697155
29 1.6666629 -0.12323775 -0.19509815 0.9485172 0.18548155 0.70655096 -0.026077814 -0.56628835
8 -1.1188519 0.24860789 0.2959032 0.9109822 0.70859015 0.056330584 -0.0069643175 1.1134089
3 0.6218035 0.6035301 0.25406745 2.3203259 0.06498094 -1.3259655 -0.7389297 0.81212634
2 0.19686109 0.83718944 0.50069064 1.8896728 -0.19250341 -1.3507628 -0.53588814 0.6791895
15 -0.2410326 0.7151429 1.1701555 1.0276933 -0.5892838 -1.34543 0.026360145 0.46426493
22 1.4625186 0.1195826 0.68245363 1.7961495 -0.45795378 -1.4737679 -0.557222 0.4540126
33 0.8691473 0.41354454 0.25792432 2.3175743 -0.31758288 -1.3041278 -0.21991903 0.33871624
0 0.39086145 0.7134949 0.43018433 2.0568302 -0.09066865 -1.3035002 -0.61004114 0.6614762
32 1.1240093 0.47788104 0.17322852 2.146965 -0.24918176 -1.1698004 -0.20282634 0.43933702
35 1.4520872 0.23040745 0.096334 1.8199081 -0.1313528 -0.76591295 -0.24691083 0.26573038
37 2.0781004 -0.11241007 -0.07795332 1.7747371 -0.11943369 -0.55145556 -0.28579146 0.58505595
