50 8
40 -0.9598359 0.37035322 0.4351196 -0.46485955 0.043137837 0.76314497 0.5054993 -0.21850385
8 -1.2395954 0.15921094 -0.15369967 0.16718653 -0.032010593 0.8824017 0.5332059 0.76634306
28 -0.86445165 0.44947615 0.40781924 -0.8489267 0.36091706 0.8039712 0.70994586 0.22872238
29 0.46022618 -0.032190874 0.02189811 -0.37916926 0.11123024 1.1549498 0.6228352 1.2254958
38 -0.74664253 0.42386183 0.2715726 -0.4403319 -0.25012496 0.9522841 0.86911625 -0.03711758
14 1.0582923 0.8000264 0.22333114 0.57780695 -0.8432553 0.436026 -0.4236014 -0.050323334
44 -1.0075859 -0.22119172 0.29371804 -0.54189247 0.16117811 1.0977241 0.74647313 0.8899412
31 -0.97367233 0.19734168 0.08493253 -0.6005803 -0.29590687 1.2104319 0.6456777 0.46472827
10 -0.7086757 0.5921623 0.3262269 0.921675 -0.11907089 -0.06770223 -0.43152666 -0.19645032
20 -0.24400999 0.08887939 0.149923 0.14250574 0.11040557 0.69366574 0.30181983 0.71795505
36 -0.9042251 0.15606478 0.4960734 -0.9843746 0.28297058 1.0657669 0.89667547 0.31044793
16 -0.5009256 -0.15016454 0.6035577 -0.55647117 0.000971675 0.8989181 0.39766926 0.5237581
5 0.998216 0.73675483 0.7070092 0.5991938 0.21090686 -0.021736756 -0.7128018 -0.6064475
39 -1.4391311 0.14530705 0.35028043 -0.39210343 0.404561 0.7144614 0.56456155 0.36785987
13 1.2583233 0.53117937 0.01016897 1.1116151 0.012646399 0.30659717 -0.11429211 0.47168782
6 -0.93610424 0.068392314 0.18462783 -0.39705804 0.08295564 0.95972717 0.7281654 0.7123612
43 -1.5554618 0.04145693 0.31336662 -0.46228725 0.48611984 0.81873554 0.67217916 0.4198511
11 1.241168 0.467628 0.6496556 0.7742496 -0.104373686 0.04706818 -0.93233275 -0.040222842
27 -0.88417226 0.3491442 -0.0224391 -0.7396145 -0.08115145 1.2503277 1.0168854 0.7568445
46 -1.0437542 0.4944742 0.9505418 -0.43254668 0.32020006 0.17900541 -0.45654666 -0.8615057
21 1.3668126 0.7882088 0.39225143 1.2666012 -0.34714034 -0.004556435 -0.94085157 -0.20928024
41 -0.02410436 0.040723175 0.124650426 -0.5155875 -0.08647552 1.1131005 0.7842534 0.99899095
3 0.9456737 0.90294224 0.6599218 1.1887097 -0.03704973 -0.32653585 -0.85453093 -0.6120813
26 -1.2415389 -0.17127162 0.31725746 -0.165473 0.30451193 0.7473973 0.62314916 0.7966088
1 -0.51195985 0.5549193 0.9125846 0.2944902 0.56255984 -0.039451383 -0.33865932 -1.1770682
24 0.5569745 0.8607094 0.6834807 1.2802341 0.26039365 -0.4208341 -1.0824312 -0.7942808
45 -1.42223 0.1034401 0.50607073 -0.8387947 0.23919731 0.9600918 0.7753223 0.26768482
23 0.67046237 0.9921785 0.78598547 0.73996884 0.16704391 -0.2595056 -0.9931986 -0.86561847
4 0.2742078 0.14065863 0.1942104 -0.24357498 -0.16259906 0.8688653 0.43620104 0.9515405
49 -1.2507788 0.25430775 0.58865666 -1.0137918 0.47037908 0.8211768 0.49519834 0.11166375
37 0.86832374 0.5334241 0.7093792 1.492647 -0.054069106 -0.43933928 -0.98290986 -0.13266343
19 1.0082654 0.6508088 0.92046636 1.1334327 0.585841 -0.5870687 -1.2457402 -0.3538083
34 0.27757385 0.23679385 0.7584227 -1.2388203 0.2026373 0.9670574 0.6737575 0.2663423
32 1.5329863 0.62955207 0.5563535 1.3769587 -0.1718765 -0.07229175 -0.9214837 -0.31926548
33 1.2775937 0.6369226 0.3770019 1.6425695 -0.38380572 -0.0031489232 -0.9574091 -0.3236222
17 -1.7050397 0.08932617 0.590279 -0.6102249 0.80029154 0.5829124 0.3156492 0.19236977
18 -0.39807647 -0.07442512 -0.04479257 1.0964432 0.15557922 0.3211139 -0.5365531 1.0918272
15 0.65171033 0.6920671 1.0510644 1.1795908 0.06258021 -0.5062466 -1.0308515 -0.93670595
2 0.8142804 0.92283195 0.58648854 1.1575658 -0.44634947 -0.15692191 -0.7297757 -0.746044
9 1.5629116 0.40529272 0.2426677 -0.2900938 -0.55147105 1.0435745 0.79252356 0.40815467
42 -1.4697442 -0.080477916 0.68856215 -0.5675786 0.85088897 0.48164722 0.30075073 0.45003206
25 0.8573468 0.16723812 0.23445825 0.8824927 0.38486323 0.20916614 -0.7399807 0.75627923
12 0.68142253 0.3727002 0.12623958 0.55172306 0.2063506 0.47717565 0.35082537 0.3774627
30 0.6935092 0.48031113 0.91725 1.2710707 -0.15029101 -0.4009721 -0.9074671 -0.44543824
0 0.9942412 0.6364343 0.8104792 1.349004 0.36375582 -0.46220675 -1.0712842 -0.6783608
35 1.0622624 0.46438852 1.0102826 1.4265246 0.02008822 -0.4947633 -1.1696082 -0.43035853
22 0.86980796 0.3880295 0.7917324 1.676138 0.04456819 -0.49521047 -1.4494518 -0.04544261
7 1.2429248 0.9384321 0.5643349 1.0657833 -0.23190342 -0.19264083 -0.40369493 -0.41281876
47 -1.508449 0.039899237 0.7387011 -0.659307 0.47391388 0.6488797 0.37382483 -0.12043019
48 0.43435615 0.14748679 0.11114671 -0.90221065 0.011563441 1.4464653 1.0570531 0.85985476
