50 8
39 0.21602143 0.45079067 0.44401324 0.6424443 0.5805307 -0.11049702 -0.053203255 0.6077143
40 -0.021485355 0.15328783 0.3627408 0.4901256 0.7097097 0.010114094 -0.31943348 0.7739717
19 0.095768094 0.16255215 0.6223041 0.32349607 0.68586546 -0.10333541 -0.39928928 0.6567307
26 -0.4554319 0.29089934 0.13075589 0.24486528 0.99834 -0.004084932 0.45027477 1.1415573
43 -0.1929247 0.31820315 -0.3035567 0.13522942 0.8627683 0.87415904 1.0570937 0.17195107
24 0.12746999 0.0412356 0.8968043 0.5429948 0.41897908 -0.22976336 -0.8150619 0.4655814
27 -0.2139406 0.22082971 -0.34728032 -0.041501928 0.7865952 1.132743 1.3491188 -0.051258992
28 -0.3075677 0.38233903 -0.20392588 0.20569925 0.31554443 1.0810065 1.1378565 0.04332953
48 0.017376455 0.32751542 -0.19115137 0.21072097 0.7489234 0.71024865 0.52325815 0.5087375
23 0.29822734 0.11282203 0.901669 0.60383 0.6351426 -0.4363002 -0.7893169 0.4509064
12 -0.03079623 0.21303119 0.47615662 0.79480946 0.48181808 -0.08906227 -0.5726357 0.6543724
1 0.049106088 0.19894746 -0.03402204 0.25978655 0.9151755 0.5730288 0.7583594 -0.23757407
30 -0.033034887 0.028561857 1.1626371 0.6656853 0.23830159 -0.54284805 -0.8266373 0.738311
41 0.00971121 -0.053037524 0.05790316 0.17536579 0.6306581 0.89516187 0.78673226 -0.55925876
13 0.10752279 0.2763273 0.71321017 0.8763175 0.29720482 -0.35802174 -0.9727211 1.0834042
31 -0.20220765 0.35653377 -0.18939921 0.5112366 0.9644752 0.26637894 0.55716956 0.8682582
49 -0.37596592 -0.11029708 0.4225868 -0.21968041 -0.15761466 1.3859702 1.0689539 -0.94541645
42 -0.32312587 -0.010522394 0.36711946 -0.072746575 0.7481972 0.37981266 0.11973144 0.40345865
17 -0.24220671 -0.01923885 0.7455973 -0.24681874 0.60832363 0.25751957 0.47584286 -0.04030255
45 -0.25423783 0.116880745 -0.24317297 0.028299058 0.7015091 1.0944319 1.0032618 -0.08752252
18 0.04409668 0.07668282 0.44722283 0.99003744 0.6139327 -0.30665466 -1.0570021 1.1524078
6 -0.4238041 0.26498723 0.092835374 0.19198258 1.0078447 0.0901941 0.42249948 1.143867
3 0.37423986 0.13724518 0.78192997 1.0789051 0.6079402 -0.6242312 -1.2095165 0.9396189
20 -0.2494592 0.13307315 -0.006783659 -0.31367522 0.19953802 1.5247927 1.38026 -0.58599657
2 0.014206428 -0.051641192 1.1852446 0.75359565 0.1819655 -0.5102213 -1.2525301 0.76012224
34 -0.07011817 -0.052756127 0.11318855 -0.12537907 -0.09917707 1.6899633 0.8326456 -1.007799
44 0.33766723 0.042987265 -0.27354223 0.4377979 0.98374873 0.6876189 0.32756305 0.12197341
16 -0.040156323 -0.06337458 0.3756241 -0.73557913 0.35107842 1.4898094 1.0016606 -0.9257871
38 0.07497156 0.011601287 -0.08586204 -0.060364436 0.28107357 1.5972338 0.87625045 -1.0511872
0 0.154257 -0.12271184 1.2459575 0.8682558 0.069280356 -0.5338044 -1.3983344 0.8609555
25 0.7264596 -0.17224701 0.5990282 0.45749953 -0.337298 1.0618513 -0.6192482 -0.90189904
4 -0.31970105 0.29812735 0.31790406 -0.61644757 0.1592474 1.5129129 1.3484668 -1.0823578
7 -0.013554659 0.24920009 0.54708785 0.54150945 0.5060973 -0.2252821 -0.39979696 1.3470018
33 0.115536064 -0.2978678 1.4376937 0.8282881 -0.14239024 -0.37135196 -1.3456706 0.14436327
15 -0.052384358 0.29192185 1.0135171 0.6373081 -0.024932778 -0.2841737 -0.5697597 0.73215526
36 -0.16239889 0.3597877 -0.18564893 0.17207491 0.05036327 1.4998937 1.2294836 -0.70026594
37 0.17385522 -0.36727092 1.701473 0.84182465 -0.3023481 -0.57113636 -1.6522382 0.43794298
21 0.29314995 -0.09376421 0.92045915 1.2638444 -0.21222347 -0.22629239 -1.4863387 0.87315416
46 -0.3196241 -0.14536466 0.46906137 -0.41338655 -0.16917162 1.6168019 0.94341815 -1.250164
9 0.23019785 -0.07279597 0.38956222 -0.031178212 -0.14981115 1.4470203 1.0230942 -1.2526445
11 -0.07130596 -0.33195597 0.526232 -0.27253076 -0.41437003 1.8466829 0.54697806 -1.6117744
5 -0.20483087 -0.016269255 0.56864345 -0.27904192 -0.18698798 1.340838 1.1302885 -1.05497
22 0.09743232 -0.2731897 1.5910027 0.74488103 0.16792496 -0.72264344 -1.788212 0.45805368
14 0.14816236 -0.06679844 0.6588275 0.034806807 -0.9106218 1.7102187 0.48297328 -1.4307535
35 0.28784978 -0.20776935 1.9282638 0.70373774 -0.7893191 -0.23552032 -1.5247799 -0.44130746
32 0.2431306 -0.1127136 1.6332774 0.6857665 -0.064235665 -0.58911204 -1.5603343 0.32383156
8 -0.5610078 0.36918712 -0.41529658 0.45973748 0.9202557 0.34595802 0.4177165 1.6207528
10 -0.3462404 0.36368904 -0.5293137 0.6972343 0.106824264 1.0431732 1.1302366 0.78935623
29 -0.08033319 -0.010372173 0.2024315 -0.035890218 0.08121689 1.403229 0.33312377 -0.89782107
47 0.44433916 -0.3382147 1.5745478 0.2850802 -0.6928812 0.33980757 -0.27091938 -0.9592338
