50 8
43 -0.75076866 -0.48650506 -0.05844918 0.357222 0.0138161685 0.85851413 0.9103115 0.08288303
19 -0.31573245 -0.48069522 0.619171 -0.2648361 0.57639754 0.3009758 0.80650914 -0.3426844
28 -0.43050557 -0.03665824 -0.38009003 0.85966855 0.029759083 0.9592926 -0.8932819 -0.5604485
26 -0.87444586 -0.16630977 0.4217042 0.58948207 0.082912035 0.59770364 0.85657924 -0.64444065
39 0.7910014 0.13349879 -0.07682879 0.59222865 1.4238777 0.6738841 0.023855645 -0.16121319
24 0.049479183 -0.31995186 -0.12236966 0.3906027 1.0408531 0.03252353 -0.20543496 -0.2814574
1 0.1717314 -0.09394204 -0.8331688 0.75621456 0.63355404 0.81732213 -0.51538986 -0.11554659
27 -0.041998163 0.09910471 -0.22571771 0.9919303 0.65455216 0.5664503 -0.89236134 -0.6763772
46 -1.2905589 -0.9122021 0.1587362 -0.27627376 -0.7351169 0.70423114 0.097164035 -0.2744376
6 -0.8469499 -0.25134045 0.19383699 0.7088941 -0.0131232105 0.79452324 1.2532446 -0.4168116
18 -0.41584265 -0.8940994 0.5033373 -0.8375477 0.4256533 0.24208136 1.2274894 -0.09036071
16 -1.0253497 -0.26086268 -0.34293243 0.55148774 -0.146628 0.9827097 -0.52926046 0.0014418407
31 0.85028535 0.3279381 0.34489012 0.7098301 1.5070406 0.5117029 0.77724886 -0.7500173
17 -1.3452954 -0.3243363 -0.32041654 0.7434859 -0.5588674 0.9530005 -0.29522526 -0.30110246
36 0.09911354 0.10830496 -0.5637671 1.0450363 0.536049 0.8652142 -1.206283 -0.57762146
20 -0.99186605 -0.017448766 -0.1757455 1.0156183 -0.26052135 0.95928913 -0.40012142 -0.6341455
8 -0.46431306 -0.23131391 0.21691103 0.66623324 0.17930853 0.79395944 1.3868067 -0.48099852
49 -0.9342854 -0.4968549 -0.44009095 0.5710158 -0.2933578 0.6827138 -0.72725314 -0.32100946
21 0.71713 -0.28009918 -0.3476145 -0.09877298 1.6189475 -0.30759153 -0.4715502 -0.44235012
40 0.039977446 -0.19751972 0.71841866 -0.24042036 0.80945677 0.50735277 1.4877048 -0.51752806
4 -0.4556543 -0.32008612 -0.4881665 0.42118797 0.29331675 0.46529442 -1.7217417 -0.36338577
34 0.39032656 -0.1116437 -0.105866134 0.5173473 1.065469 0.28578782 -1.1063327 -0.52468467
2 0.6468805 -0.67367804 0.34905496 -0.72518176 1.5185963 -0.37226063 -0.16236962 -0.24596667
29 -0.88784176 0.10496232 0.020573234 0.6995609 0.08324365 0.62740064 0.6395898 -0.87568045
11 -0.85679203 -0.53257 -0.46563378 0.20458426 0.1274301 0.09325029 -1.5094047 -0.4795077
42 -0.6702465 -1.0597987 0.07897738 -0.7063448 -0.49099624 0.90563047 0.7608016 -0.04275697
44 -0.45762894 -1.2024384 0.46811175 -1.2963548 -0.1091441 0.48154342 1.2628415 -0.13601172
15 -0.9979871 -1.0908844 0.5680734 -1.0690529 -0.08277111 0.10875719 0.09132583 -0.19582258
23 0.7730433 -0.031824235 -0.19345383 0.17098984 1.6402168 0.43955588 -0.25865048 0.18216556
10 -1.4265326 -0.6343732 -0.5874383 0.37657207 -0.3954998 0.10821111 -0.36428943 -0.624259
25 -0.60659844 -1.0883306 -0.2707545 -0.6508891 0.4541519 -0.07484916 -0.35275722 0.34243727
41 0.099091746 0.22376181 -0.44146472 1.513885 1.0467813 0.55494434 -0.3366615 -0.32474726
14 0.41976342 -0.18847196 -0.5606416 0.22766848 1.175243 0.062148448 -1.4068146 -0.42618176
12 -0.038622208 -0.3348662 0.8760156 -0.112356365 1.0869389 -0.29945758 1.1656065 -0.85820115
45 -1.3913517 -1.1085013 0.23177676 -0.84744215 -0.84337705 0.44766206 -0.33972645 -0.4861352
38 0.6793875 0.024931645 -0.68351775 0.60308635 1.3684672 0.26640055 -1.1044223 -0.3921896
37 -0.6954704 -1.2307979 -0.28647774 -1.5503465 0.49535674 -0.033869866 -0.11389449 0.65981656
0 -0.24854527 -1.1738571 0.25708947 -1.4899307 0.7878696 -0.16370063 0.6146209 0.30207345
30 0.31817433 -0.5313316 -0.10240715 -0.13004893 0.5087078 1.082473 1.6880083 0.17128767
13 -0.27395847 -0.31715876 0.13188678 0.109790504 0.4684719 0.2259583 1.2362596 -0.7986866
3 -0.20898657 -1.30109 0.45790148 -1.3024508 0.96001244 -0.70957166 0.1697509 0.014670236
35 0.40341932 -1.2044183 0.12623937 -1.92123 0.68718266 0.2989547 0.096306615 0.2232227
9 -0.87836736 -0.119925745 -0.8715794 0.7193407 0.21828094 0.36929557 -1.6525005 -0.4619184
47 0.048319466 -0.12902403 -1.013937 0.32109234 0.8997781 0.98793465 -0.20080926 0.6989013
33 0.12793913 -1.0023277 -0.32295015 -1.2809254 0.899601 -0.3812009 -1.2638113 -0.16073899
7 -0.11651326 -0.5527864 0.50049186 -0.18928374 0.65987945 -0.16318753 1.3678218 -0.94456035
5 -1.3324459 -0.74392885 -1.1101202 0.01513235 -0.13083775 0.08480823 -1.4175609 0.01498389
32 0.572206 -1.4487067 -0.36457777 -1.4265654 0.32688096 0.83816737 0.9957908 0.65426373
22 -0.26323333 -1.4586821 -0.12081566 -2.2009497 0.5487162 0.10313563 0.4036726 0.7053582
48 0.7102489 0.64807665 -0.19279836 1.1763557 2.138163 0.30809796 -0.28045425 -0.22072855
