50 8
49 -0.51865107 0.11136451 0.7271726 -0.48085642 0.8030939 0.81174344 0.13179322 0.046470486
46 -0.46725067 0.6660982 0.9239924 -0.17197111 0.4225376 0.1945265 0.21856831 -0.044229746
1 -0.5033698 0.05805453 0.68637335 -0.20508786 0.6906828 0.91805595 0.19179536 0.013942879
19 0.52650386 -0.40099967 0.9295217 0.38602623 -0.03678878 -0.97477067 -0.58707905 0.46313465
42 -0.93275535 0.12416284 0.88671196 -0.32328823 0.36001045 0.24469051 0.38855916 0.47972935
23 0.02664386 0.29927647 0.9255826 -0.20566182 0.34829995 0.2523394 -0.117309906 -0.09118934
16 0.4143352 0.009039008 0.39233714 -0.75059015 0.5104031 1.1352247 -0.39047 0.27508625
24 0.72710174 -0.10667431 1.1062406 0.16444254 -0.12376406 -1.0635226 -0.46885908 0.37275812
4 -0.47655335 0.7342725 -0.059448663 0.2626446 0.50827765 1.3772526 -0.06351085 0.45029974
26 -0.7337466 -0.37221456 1.0616796 0.47005314 -0.30117977 -0.32859433 0.5810513 0.7899369
13 -0.04035169 0.72034234 0.02525287 1.2788228 0.26133704 -0.4409589 -0.14878213 0.62859344
38 -0.21232536 0.48671222 0.12278725 0.050203998 0.52134436 1.617667 0.068298124 0.27270576
27 -0.3957744 0.39882585 0.4285199 -0.47133633 0.7801558 1.3343005 0.3102175 0.17895925
45 -0.79281807 -0.24761021 1.1391791 -0.4777273 0.532435 -0.046555735 0.21641712 0.2866461
20 -0.70647657 0.3457915 0.4118597 -0.016785968 0.43077028 1.0946361 0.3091998 0.40985513
8 -0.9414297 0.25785348 0.4639834 0.65328217 -0.15271859 0.45283243 0.76002914 0.99604595
6 -0.7856833 0.46911362 0.5015076 -0.063530095 0.30042765 0.85505307 0.5961142 0.60047656
34 0.36284527 0.32336128 0.10351041 -0.3339954 0.6150981 1.6052427 -0.046064842 0.27139306
15 0.64323795 -0.23833218 1.0015963 0.4435884 -0.08924486 -1.3795145 -0.502483 0.529139
31 -0.8321418 0.6402505 0.3652837 -0.059387647 0.38027745 1.1523429 0.4833918 0.52691424
43 -0.667776 0.5089745 0.29609036 0.059511095 0.54093885 1.105484 0.5298962 0.48716682
14 1.1572424 0.58205354 0.21777943 -0.22415534 0.4977341 0.7400113 -0.7244053 -0.06114509
9 1.0261909 0.111331835 0.64294034 -0.24910522 0.3630505 0.5553447 -0.36994597 -0.10741722
28 -0.8563241 0.5457007 0.70265126 -0.4192733 0.5227516 1.117859 0.556309 0.28228107
41 -0.10481439 0.5486187 -0.006359452 0.08192888 0.7416138 1.7183149 0.018857766 0.13850518
39 -0.53394985 0.5117335 -0.10148591 0.194176 0.77542317 1.6626675 0.11972991 0.389374
47 -0.31113932 0.5505989 0.52125746 -0.3702742 0.5154416 1.5544763 0.5120085 0.1280005
18 0.36590764 -0.32834804 0.861378 1.0348644 -0.12872578 -1.1265948 -0.2935293 0.56281835
10 -0.454695 0.35984394 0.70498437 0.9788778 -0.046994865 -0.5392697 0.4193643 0.5873079
35 0.77191705 -0.33045307 0.52859694 0.8271877 -0.03999201 -1.2542614 -0.772959 0.83438075
33 1.5150293 -0.29140922 0.287926 1.1022997 -0.08553128 -0.6277791 -1.1627468 0.4871303
17 -0.37151918 -0.38719824 1.2459362 -0.38239214 0.3739578 -0.4812128 0.17739849 0.27625155
36 -0.90675235 0.7668693 0.41152474 -0.1589605 0.8875453 1.1752392 0.6107404 0.18057656
0 1.1998765 -0.3066111 0.9445667 0.76393944 -0.26972967 -1.581044 -0.70595104 0.61923367
3 1.1957564 0.2306158 0.5495959 0.85296756 -0.17683727 -1.0872735 -0.5547605 0.6372624
30 0.20764196 -0.3155772 0.9258415 1.1125532 -0.0031007845 -1.4875996 -0.31457385 0.5141076
11 0.96743506 -0.5456871 0.787612 -0.4856084 0.47043866 0.08924303 -1.146611 -0.051865224
37 1.3230656 -0.6458901 0.4994419 0.39193028 0.50219476 -0.81188434 -1.2637925 0.3062823
25 0.68918854 0.1366467 -0.13047945 0.2608569 0.4245867 0.7871546 -0.8680246 0.4497906
40 -0.41232905 0.8686675 0.09771283 0.27990624 0.31410548 1.5771224 0.57157534 0.4421892
12 -0.037881956 0.23728052 0.700813 1.4130291 -0.089757845 -1.1823779 0.0012145565 0.5143241
21 1.2417759 -0.20121332 0.18158828 0.57341415 0.6114172 -0.47595748 -1.611395 0.089473985
2 1.3086262 0.07926078 0.49692124 1.3059645 -0.49441203 -0.91822356 -0.58284706 0.65051335
29 1.3703259 0.40169802 0.08556986 -0.78656626 0.9341452 0.6603153 -1.452506 -0.099846944
5 0.9386785 -0.30497903 1.3025216 -0.40282714 0.037980236 -0.6800472 -0.4184557 0.062325615
7 0.7824144 -0.004597092 0.87438005 1.3586501 -0.5015833 -1.8025839 -0.214694 0.82155895
44 -0.507878 -0.30865997 0.25013325 0.8093988 0.4426365 0.03496945 -0.09051219 0.7134225
22 1.2390021 -0.58047867 0.18395947 0.8921245 0.29044503 -0.81109625 -1.3061517 0.6720393
32 1.4350526 0.07233546 0.32635167 1.3451562 -0.31445494 -1.2750908 -0.6008801 0.95342904
48 -0.08017727 0.7456043 -0.090282425 -0.47362956 0.739772 1.6184475 0.13281697 0.54396677
