50 8
23 -0.7391318 0.47269866 0.046016194 0.64022946 0.7286422 -0.35541737 -0.14484309 -0.717879
12 -0.40165094 0.3658153 -0.14488545 0.9254468 0.985069 -0.62751305 -0.25102195 -0.29638866
49 -0.5150269 0.42053878 1.1562496 -0.2999758 -0.4657877 -0.5090632 -0.25633264 -0.99102026
6 -0.4377601 0.5433622 0.27477244 0.40169293 -0.43552125 -0.93444616 0.060778115 -0.7295044
42 -0.815314 0.46451733 0.31385285 0.42570227 -0.46155804 -0.6619801 0.2004585 -1.1479691
45 -0.652417 0.4119145 0.21358651 0.8328091 0.3950147 -0.65510404 0.12893137 -1.1393595
17 -0.79571384 0.36163256 0.63366926 0.072876304 0.6638312 -0.19193909 -0.9116713 -0.7592997
26 0.20351434 0.173435 0.40945274 0.26871616 -0.16129757 -0.74618036 0.029121686 0.94642204
4 -0.48805192 0.358049 0.8379413 0.10536985 -0.26280186 -0.5289848 -0.35441482 -0.97775614
8 -0.20529142 0.15231825 -0.01122045 0.9884216 -0.26229328 -1.4016345 0.45764133 -0.23878992
44 -0.22284776 0.52772886 0.04032527 1.0270568 -0.32008332 -1.27327 0.3479567 -1.0654898
1 -0.5916598 0.7898784 0.44722196 0.26559195 0.02314083 -0.72198194 -0.322905 -1.4319724
31 -0.8267522 0.4109746 -0.07815924 0.91107756 -0.006143559 -0.9200087 0.28569433 -1.0924283
34 -0.8230781 0.41237074 0.15618028 0.6847744 0.47992617 -0.662122 -0.19044347 -1.1232924
43 -0.73049647 0.4831882 0.12589945 0.7024731 -0.22878502 -0.94480246 0.39105487 -1.2395837
36 -0.8957189 0.62658876 -0.089443974 0.8319024 0.38513884 -0.6051951 0.10059271 -1.3107291
48 -0.25250393 0.6785025 0.19039132 0.6717866 -0.70564765 -1.0457158 0.353359 -1.025487
28 -0.56051135 0.5901281 0.15008524 0.781909 0.067216635 -0.89120793 0.24385935 -1.2622881
27 -0.8769245 0.3839051 0.17113493 0.7384466 0.052168872 -0.8211472 0.1912628 -1.2903252
10 0.32910883 0.4351605 0.15576468 0.46552724 -0.05416222 0.6601521 0.25005668 1.7600288
39 -0.7730948 0.4246708 -0.08780944 0.9754151 0.2121471 -1.033529 0.109479845 -1.1315928
46 -0.7731363 0.58432376 0.34113437 0.5416973 -0.050832964 -0.6344531 0.072983265 -1.4572207
41 -0.7020083 0.5302765 0.18528716 0.7895605 0.16430268 -0.82654405 0.32189384 -1.3614781
38 -0.6571216 0.689044 0.47516274 0.37629944 0.019540126 -0.73831224 -0.13210848 -1.5473187
5 -0.27974942 0.38758665 0.84714335 -0.46943408 0.6529567 1.2330687 -1.0005018 1.450314
37 0.22268124 0.3282882 1.0423099 -0.47892264 -0.7942773 0.92502064 0.010524985 1.9821615
14 0.037544485 0.6203332 0.33989057 -0.13382456 -0.0019430465 0.7168396 -0.29272348 1.6008773
9 -0.38187194 0.62621 0.5869141 -0.66528064 0.09443026 1.0642364 -0.5182593 1.452214
21 0.07971255 0.19704916 0.37300006 0.1563571 0.49498227 0.54530203 -0.36673453 1.9956146
0 -0.19095519 -0.09558668 0.35852364 0.39816886 0.77741945 0.94078743 -0.10995151 2.0032554
2 -0.3461722 -0.08377666 0.21528868 0.92346555 1.539066 0.65426373 -0.29251045 0.83253497
7 0.22279476 0.2166376 0.25424793 0.40617898 0.58473575 0.6784342 -0.17622948 2.140981
24 -0.83865917 0.082838975 0.35731816 0.1859832 1.34397 0.9406518 -0.5369425 0.75149906
40 -0.5929071 0.5957701 0.095628805 0.9053437 0.06606621 -1.168337 0.36668274 -1.4997337
22 0.25484583 -0.13624595 0.4431009 0.42359602 0.17594703 0.71542174 -0.090121046 2.614245
15 -0.55486834 0.09213173 0.6712008 -0.065969564 1.1910784 0.953647 -0.7562456 1.0632212
19 -0.6608436 0.16397488 0.58732957 0.07003 1.074743 1.2931073 -0.41992968 0.9606659
13 0.25229773 0.05725262 0.2361325 0.4202044 -0.94720024 -0.35032254 0.90474916 1.7417723
11 -0.27325982 0.8656091 1.1440971 -1.0192628 -0.22168073 1.5322984 -1.0846925 0.8281821
25 0.31570306 0.67130345 0.79145825 -0.6972095 -1.5710049 -0.34162834 0.23696241 1.3084354
20 -0.12237627 0.8354801 0.9310769 -0.72689724 -0.95031106 -0.04733093 -0.37648726 0.007508355
3 -0.44228026 0.2765784 0.5685199 -0.19299844 0.9433722 1.3799006 -0.7511098 1.6292297
33 0.37762493 0.12685344 0.67971927 -0.19085258 -0.15627083 0.5738333 -0.07264055 2.6667714
30 0.5556763 0.35973653 0.029665098 0.9310465 -0.19133307 -0.45757532 0.24217582 1.0092374
32 0.51783967 0.0071414905 0.37742153 0.5774203 -0.14992294 0.6032496 0.40107837 2.6440945
29 0.040116068 0.58920497 0.45662844 -0.22913727 -1.7828139 0.30910543 0.59195435 1.3555655
18 0.60228455 0.3639869 0.286549 0.31965992 -1.0577711 -0.023413079 0.9080894 2.139031
16 0.035581984 0.90544045 1.4198122 -1.0160013 -1.392553 0.4819944 -0.21661629 0.045250054
35 0.17974043 -0.06829975 0.2839927 0.61781114 0.23406036 0.691671 0.2435436 2.4079657
47 0.13494001 0.9745673 1.2560253 -1.2404495 -2.086763 -0.38331586 -0.38933507 0.2516896
