50 8
27 -0.60563785 0.58513147 0.19935687 0.6180212 -0.5029298 -0.5549052 -0.109223336 -0.8029415
38 -0.21931213 1.2205943 0.106871955 0.51172984 -0.33789062 -0.4262467 -0.0056856447 -0.968188
34 -0.5335133 1.0802832 0.18008311 0.63338596 0.14343731 0.01183011 -0.11935111 -0.8882842
49 -0.56855077 0.96322715 0.4375787 0.44318667 -0.50094765 0.051102668 0.2570131 -0.8241388
17 -0.6851706 0.11880713 0.47185242 0.46495244 -0.33053768 -0.9515642 -0.12442485 -0.64222157
1 -0.44266367 1.0244484 -0.013301988 0.6773614 -0.0522555 -0.4741206 0.0061404356 -0.83073056
28 -0.66057616 0.40195465 0.4445354 0.44755086 -0.18027678 -0.79466164 -0.045375943 -0.7281506
41 -0.52431315 0.6441677 0.23689835 0.7986544 -0.61489886 -0.45353502 0.2104409 -0.8789534
2 -0.6565304 0.34209633 -0.10555955 0.47805184 1.6552353 -0.47172827 -0.17861398 0.39963683
40 -0.8140433 -0.031862926 0.29339355 0.35311848 0.14044978 -1.0824852 -0.24715905 -0.20854907
45 -0.5519629 0.70479864 0.08654362 0.6659158 -0.2982367 -0.9399793 -0.22869076 -1.0177104
44 -0.55383027 0.35989282 0.13460004 0.714041 -0.29417866 -0.9522255 -0.28184134 -0.72710186
12 0.38773364 -0.017543016 0.38321936 -0.1595241 0.87237406 -0.23010051 -0.7336917 1.8275944
39 -0.74490654 0.5317682 -0.08190015 0.45205888 0.6942319 -1.0318874 -0.41166148 -0.505916
42 -0.75287956 0.3678435 0.22049439 0.5906152 -0.03716317 -1.2027612 -0.19034906 -0.93703204
24 -0.6982798 0.48020318 -0.0072476715 0.29638952 1.2997066 -1.0535688 -0.24686538 -0.18660912
31 -0.6590879 0.20454885 0.016600616 0.54900277 1.1006397 -1.0520142 -0.21289468 -0.116717294
36 -0.6094159 1.0109633 -0.061768983 0.5648527 0.59071815 -0.48774973 -0.124754176 -0.6898305
23 -0.6449652 0.6137777 -0.089163475 0.3757771 1.0289005 -1.0692236 -0.1946146 -0.39748463
4 -0.34444594 0.8612707 0.6446551 0.48627973 -1.0870547 0.34383097 0.5644543 -0.59299445
43 -0.6123752 0.6174201 0.19273472 0.63251066 0.22280878 -0.76513904 0.15908638 -0.8340701
26 0.011846247 -0.6477629 0.6124976 -0.09628983 0.45855162 -0.73193824 -0.60040903 1.6123412
7 0.19436032 -0.3045933 0.47469693 -0.15875423 0.3537504 -0.20560133 -0.64795756 1.9495671
29 -0.09570115 -0.07052519 0.80928206 0.5355701 -1.6736444 0.39532232 0.5289044 0.4852129
16 -0.31480056 1.0456055 0.43651757 0.36619222 -1.1265591 0.105874345 0.6510941 -0.67032236
19 0.099881254 0.30073044 0.27078694 -0.1839501 1.4562578 0.04896225 -0.7383401 1.6138314
0 0.54214144 0.21994326 0.537933 -0.30160937 1.09507 0.22955106 -0.6702783 2.0303884
25 0.55579007 1.2866522 0.061608005 -0.3059855 -0.14007854 0.93658656 -0.08432859 1.4925218
14 0.43317834 1.5065033 0.007507401 -0.10944282 -0.11596036 1.1879351 0.20467441 1.1585146
21 0.32263526 -0.18147583 0.72379404 -0.32526073 0.7762108 0.07191736 -0.5172104 2.1202776
20 -0.63539433 -0.18006511 0.9569334 0.7184063 -1.7338865 0.024625475 0.34431612 -0.3657492
6 -0.793712 -0.7934964 0.7527684 0.75480795 -0.79719174 -0.9548466 0.15011047 -0.12439826
47 -0.5551108 0.5312357 0.1736209 0.8199464 -1.2100134 -0.6663548 0.32661048 -0.9503749
3 0.40452978 0.37929156 0.317419 -0.34092546 1.2016615 0.16858451 -0.66675043 1.985781
37 0.52808535 -0.110252455 0.7545027 -0.14833286 -0.2164843 0.5617175 -0.25182688 2.2329307
11 0.039027575 1.6594028 0.22188371 0.15381166 -1.0061098 1.0314689 0.3779934 -0.20061974
15 -0.5410849 0.44019905 0.1219095 0.15538235 1.459575 -0.59641224 -0.26389632 0.3281151
22 0.61745965 0.65163225 0.65835595 -0.4456935 0.2107372 1.0596001 -0.23660035 2.0687237
33 0.75609565 0.68479747 0.662132 -0.46529457 0.10960616 0.88362896 -0.1154004 2.1409874
9 -0.03387729 1.2951012 0.26266935 0.15883577 -1.1389369 0.8458453 0.5012421 0.09306806
10 0.3083213 -0.47881815 0.61089104 0.087882884 -0.9588896 0.08435327 0.1416585 1.9784377
35 0.55530137 -0.14021148 0.6592357 -0.17249715 0.46132976 0.4166914 -0.38098758 2.4034884
13 0.32149932 -0.12696414 0.58255136 -0.13503802 0.12971579 0.62954134 -0.13984187 2.3755918
32 0.8861675 0.6311853 0.117777675 -0.03860129 0.41937524 0.6932653 -0.17538683 2.3020098
5 0.19231932 0.39808542 0.56222636 0.40399787 -0.9889243 0.79264885 0.36322373 0.8976704
18 0.40345448 -0.42674246 0.5603532 -0.11818204 0.27263466 0.29349512 -0.36503023 2.7171664
48 -0.51022464 0.69767785 -0.08205466 0.46295166 0.36211154 -1.4391061 -0.40532288 -0.89880157
46 -0.5602421 0.038489725 0.5851114 0.88578707 -1.2806482 -0.27226 0.166796 -0.6160483
30 0.73754483 -0.28523666 0.48113757 0.049696434 0.27518845 0.20200013 -0.3607393 2.5943289
8 0.2898834 -1.0460436 0.663556 0.25610253 -0.8596791 -0.8306095 -0.10140946 1.7648168
