50 8
24 -0.56640196 -0.09427192 0.2710685 0.75213754 0.7123806 -0.56805986 -0.10573041 0.20274198
42 -0.5319918 0.7683481 0.02332234 0.4820965 -0.2579241 -0.8578577 -0.0935048 -0.33132023
1 -0.5816789 0.8905971 -0.019351657 0.59504426 -0.34483564 -0.61639243 -0.16968897 -0.47240832
43 -0.46737522 0.40239507 0.25146386 0.6209791 -0.18009585 -0.76835567 -0.16001822 -0.2819543
40 0.2515037 0.74579865 0.2058058 0.039580446 0.9690165 -0.99365586 -0.24248369 0.9022147
23 -0.007712401 0.57631373 0.35141304 0.06085605 0.5600162 -0.7773173 -0.033649966 0.57694757
26 -0.49447444 -0.18812801 0.5501487 0.68712354 0.46844435 -0.3382112 -0.34266925 0.15639965
39 -0.01991169 1.0718881 -0.24223305 0.29752788 0.2289047 -0.851228 -0.052676156 0.49897254
34 -0.44316933 0.95926964 0.2026725 0.45039484 -0.6306453 -0.16545169 -0.07974737 -0.42858207
19 0.046456806 -0.18967421 0.74215394 0.20971611 1.2508419 -0.107233435 -0.15409641 1.3734322
46 -0.7615956 0.38794816 0.4421827 0.50362533 -1.1424507 -0.23034026 0.028387256 -0.5412284
36 -0.5436775 0.9422627 0.23656455 0.3475332 -1.060047 -0.4361457 0.043004006 -0.57145417
31 0.019612692 0.34969625 0.3970631 0.60122716 0.49469668 -0.92688715 -0.4505307 0.11270331
18 0.1291501 -0.11649561 0.54211074 0.326994 1.3739766 -0.3162678 0.06852276 1.4011226
29 -0.004588586 0.53408974 0.19378057 0.31944036 0.37206763 -0.7950567 -0.119132504 0.51921535
16 -0.55782235 0.83963495 0.37486765 0.4161494 -1.1100695 -0.31052715 0.043074984 -0.7564879
12 0.12364307 -0.10662961 0.58083516 0.24674977 1.0807585 -0.07836441 0.21474963 1.4785709
41 -0.51048076 0.7804027 0.2600781 0.5301459 -0.8716177 -0.49419478 -0.058082998 -0.61095715
27 -1.0431329 0.23618329 0.31286722 0.66760993 -0.85723203 -0.25184622 -0.009161455 -0.6491272
8 0.111227065 0.19192132 0.16561115 0.42718786 0.8972086 -1.0333549 0.021449694 0.95846856
45 -1.0665718 -0.008700959 0.5464361 0.95761514 -0.7841618 0.12317531 -0.20703554 -0.86820155
6 -0.37750447 0.93709564 -0.07976138 0.6786794 -0.26010782 -0.67855304 -0.23765618 -0.40318012
7 -0.23968048 -0.4667888 1.0354935 0.16670398 1.0642059 0.79495203 0.1823112 1.3488821
9 -0.63713074 0.45524302 0.70843244 0.16835384 -1.1951118 1.1460946 0.8466008 0.034944464
25 -0.0619195 1.3074281 0.20291534 0.11296656 -0.971648 -0.15078321 -0.23132606 -0.031225465
28 -0.74964887 0.51317614 0.42165354 0.5268006 -1.278795 0.05284094 0.38500908 -0.63995665
20 -0.546749 0.60238886 0.34840956 0.61705196 -0.5867366 -0.538698 -0.17904714 -0.6888316
10 -0.85385 -0.37201208 0.5420857 0.9208929 -0.052975897 0.35567898 0.5216519 -0.17291419
44 0.29716316 0.8394864 0.19626904 0.11510072 0.13026288 -1.3725597 -0.49956602 0.49641368
15 -0.44712946 -0.97792983 0.98323977 0.46313542 0.87911457 0.53657514 0.3072257 1.2817726
30 0.21491009 0.24321413 0.48052412 0.2958656 1.5280116 0.15138651 0.062110562 1.4517804
17 -1.0146925 -0.44454724 0.72397244 0.70776314 -0.55075806 0.2660755 -0.00842727 -0.23543873
13 -0.007898987 0.10581914 0.24322349 0.33148786 1.1037356 0.015380961 0.5185388 1.407417
49 -0.8977416 0.47629827 0.5306373 0.51236343 -1.461841 -0.11379372 0.1419463 -0.8744984
48 -0.061723027 1.2351751 -0.005135801 0.48582035 -0.29700136 -0.71811366 -0.17273647 -0.34314418
4 -0.69813824 0.7692782 0.34224194 0.45600265 -1.6492151 0.039533347 0.44941053 -0.7450715
0 0.026780298 -0.19036585 1.0531569 -0.034724228 1.0695134 1.1034192 0.48529986 1.7100794
3 0.26986188 0.1941123 0.8476604 -0.13825369 1.4192382 0.68019295 0.28199163 1.8137804
38 -0.39298707 0.84220153 -0.030572187 0.61188275 -0.62426466 -0.86609167 0.06310341 -0.43671998
14 -0.3621593 0.6100694 0.66379213 0.011891109 -1.1159538 1.1909093 0.7917219 0.3942536
21 -0.13229002 -0.08718779 1.0502594 0.04617625 0.897267 1.1840991 0.45056358 1.2832724
35 0.4227223 0.07054253 0.9922044 -0.18814598 0.47619224 0.7003174 0.8114042 1.6663283
47 -1.3041618 0.034943752 0.6579099 0.9810087 -1.2960178 0.87866175 0.08812899 -1.0201164
22 0.58451486 0.1749278 0.9628708 -0.05014719 1.1181694 0.45540893 0.25753582 1.721113
5 -1.025436 -0.57398 1.0388088 0.70538676 -0.83847666 1.2374321 0.47272652 -0.11674385
37 -0.033544328 -0.70948905 1.3811287 -0.016610444 0.82487 1.240536 0.6039456 1.859306
2 0.4515742 0.021563267 0.9410956 -0.16881189 1.4265887 0.59387976 0.45087928 2.0763807
32 0.52166253 0.23038864 0.8692718 -0.3831839 0.5399587 0.5764996 0.7814411 2.0294676
33 0.31461573 -0.26935253 1.1942806 -0.16700104 1.0827987 0.84076166 0.5522842 1.9887438
11 -1.0351473 0.32085186 0.85120094 0.55451804 -1.7693834 0.46464017 -0.024416804 -1.0584036
