761.63882 875.36627
359.15579 806.35392
241.43499 782.36929
228.01551 777.96327
217.58463 769.26879
214.75163 780.79399
203.04181 772.20199
188.00059 771.43057
191.02867 769.08300
182.78755 772.11041
188.07543 766.52642
167.69905 766.69056
159.94776 770.07187
161.14777 762.63280
156.76674 760.47358
150.59713 762.79286
146.31386 759.30097
140.89010 761.23114
151.80728 757.93628
139.98711 759.65603
131.78617 753.69115
136.46265 747.31376
125.59545 744.21955
121.13706 743.18623
132.17168 743.70818
123.68996 733.36161
128.19795 737.73439
116.52767 731.01789
119.93400 733.89550
111.38739 728.25047
115.76769 729.20411
112.76872 720.76605
118.41564 724.35354
103.35780 720.16783
109.64863 715.90440
103.54082 715.17825
103.34955 716.97626
102.52279 715.13655
103.71722 704.45543
98.96260 703.40900
97.59288 704.34538
87.84734 699.39002
99.82715 695.75374
97.40763 695.18882
90.25975 698.98655
101.81613 699.97324
91.48364 683.86591
90.23369 693.25171
90.27860 694.09825
85.27821 687.94984
87.77426 697.80242
84.23683 690.72489
89.30599 688.43116
89.95393 686.00487
85.79119 669.07320
80.97318 675.11653
84.71222 671.48287
90.85954 665.49736
82.24115 670.50295
80.58803 673.82895
83.82594 667.70109
86.21859 660.96992
74.21259 648.78864
78.36794 649.31454
81.36525 654.90361
77.77334 653.71285
75.36381 649.80070
76.72965 658.22532
77.76041 653.39736
78.68277 655.36295
78.71837 650.91751
74.81841 647.89352
74.25436 642.05035
74.46895 647.47404
76.77582 646.29388
73.09216 641.66943
78.39525 636.28320
82.26961 641.48299
75.05163 637.38998
74.23496 635.01834
71.39176 633.37834
75.59881 624.22921
69.64664 614.54076
74.36216 623.55970
71.97836 624.03235
73.88346 614.33623
74.71829 609.63879
71.23050 620.55821
71.70523 613.02515
72.39485 623.41457
71.98993 615.03301
70.06414 607.42179
72.10346 610.13479
72.92872 616.39218
65.08679 603.61180
68.46964 608.82136
70.86537 604.29875
70.40373 607.63121
67.12337 597.43903
70.78418 602.34389
67.24018 590.70459
72.21276 594.65107
68.46483 593.12046
70.69910 589.11157
65.27303 601.13495
64.86380 589.41556
71.06315 591.63850
66.18078 592.16938
67.15543 593.18018
69.02306 581.32436
68.35695 577.89511
66.45825 582.16267
63.86175 587.65429
64.42153 586.24217
67.15612 575.44330
65.61922 582.77491
67.38141 563.68935
66.94732 583.45795
64.52965 572.06947
64.11200 567.65499
67.40724 569.50345
66.84641 567.83170
64.06595 570.66970
65.56496 560.63519
64.90612 559.64461
63.16082 556.33899
68.96252 550.15015
61.79626 559.30914
66.42017 549.30729
66.86400 549.64098
60.28440 545.03986
63.48497 544.57553
65.91713 546.43705
65.30245 545.03237
69.59703 543.11009
63.16171 540.46238
63.43152 552.69660
61.35244 531.16301
59.14665 531.06808
63.87037 527.91032
60.90821 535.51988
60.60412 534.66222
61.52681 530.49914
61.56349 521.13610
59.18746 515.99272
63.47828 518.83707
61.13074 519.94484
61.98293 512.48884
60.13438 523.95448
64.97486 519.72937
63.41183 499.43592
63.03555 509.52491
60.98643 505.87027
60.93138 514.85534
63.45837 503.61689
64.59350 496.46759
59.97218 504.16674
60.68706 493.25182
60.07960 493.13145
61.10065 494.93656
61.42168 468.75858
61.05128 481.03357
59.86067 490.79888
58.60704 481.25914
59.11499 475.63193
61.98173 492.11946
63.13274 466.74940
57.92191 479.20901
61.39911 473.21345
62.51604 470.40166
60.23550 475.50873
61.85169 477.21529
58.88880 482.10646
59.97785 472.31816
59.55251 464.49856
60.04755 466.69591
58.05609 452.94368
57.72837 451.57558
58.26995 447.79290
58.22094 451.73974
58.31146 444.61724
62.05971 439.27143
60.61949 455.70331
57.58413 442.62375
59.70962 452.94741
58.67479 438.65583
59.30414 445.53084
58.11193 442.34090
59.09844 441.17229
57.56200 427.10562
55.95592 432.78063
59.75259 439.27535
57.08517 425.05228
60.37972 429.38011
57.47458 423.48116
61.59140 431.69723
59.52653 415.33819
56.71505 419.79976
58.57017 418.16282
56.46298 418.85983
57.45987 412.74346
57.49954 424.28618
54.64335 415.49015
56.06201 419.28401
56.37128 410.22517
55.20884 416.21394
54.07539 407.81009
58.52216 405.31922
56.39476 411.77295
59.69554 408.56193
55.71410 390.29147
56.45798 392.50793
55.20950 383.34414
57.65819 399.28442
52.70016 385.56098
56.93437 395.49918
57.59976 386.24951
54.91966 384.28524
54.14385 383.76608
55.03380 370.27603
56.87017 384.18938
55.61342 369.39063
55.23450 364.01626
51.22648 368.82629
54.61096 355.10592
57.53324 365.89112
53.43566 363.75812
56.77979 358.50688
54.86542 368.72287
57.64442 361.36720
55.33013 372.24700
53.83210 354.01676
54.73832 349.93110
55.77177 370.26543
55.39570 345.86538
57.37323 341.97519
51.22767 348.61962
54.29096 342.49767
56.52504 337.27483
54.25851 338.68894
54.87833 340.64302
54.40639 341.65253
55.51332 347.57403
54.28185 335.79576
54.52432 334.98018
54.80009 332.51574
55.92050 338.80965
56.31004 324.54142
53.39676 328.60251
51.93341 331.73892
51.90702 315.38551
53.07211 316.03579
52.43953 323.19201
51.55977 325.60136
52.97007 325.53031
56.20499 312.21602
51.38825 314.00471
54.95622 305.31213
53.47753 299.37679
52.00368 306.68967
52.23992 314.31303
53.64689 293.86605
52.28227 304.61141
50.16844 288.26687
53.64882 292.86003
54.02427 305.03523
50.50121 306.60887
52.62913 313.18981
51.47086 303.32620
51.52730 296.98137
52.20995 294.07280
50.79487 286.06243
54.28403 284.37786
52.04619 297.26595
51.74478 273.73756
52.50196 274.72418
53.34351 280.68486
52.03724 273.74985
53.29831 282.49754
50.45662 268.95202
49.89338 273.99060
50.87900 266.20140
51.25333 279.82308
51.47049 275.91478
51.49686 278.46668
51.68592 264.13353
49.36867 265.79912
51.07561 258.20190
50.64094 262.47426
50.19056 268.35762
48.45468 256.15757
51.24190 268.59720
51.45486 257.86644
49.30754 234.97126
49.78330 254.02668
49.65208 241.81336
50.29654 241.32718
51.27366 247.23363
51.83575 249.22334
49.02203 240.89175
49.64332 228.16393
49.80425 229.25382
50.09226 239.95128
50.79991 232.42533
50.57285 226.49359
50.00142 235.66380
49.24939 216.83052
47.55959 215.58711
50.77034 230.13066
48.20287 224.97278
50.66859 217.00274
49.85828 223.91606
48.94570 223.16174
48.78661 213.38128
47.61701 214.16759
47.65620 221.39916
49.00715 219.08674
50.78814 208.23887
50.83788 201.19629
49.20982 214.99171
50.90854 206.10789
49.47157 205.43190
46.60412 214.09481
48.31384 203.94322
48.88268 189.01341
48.20500 191.58943
48.54200 190.81743
48.40208 189.39835
47.18179 201.29281
48.35958 183.39471
47.13861 204.95794
46.18598 179.39096
47.23111 180.86343
46.97688 182.10402
48.26603 188.00844
48.93173 191.05710
48.08598 181.79007
46.38165 180.78171
46.03688 166.46829
48.49154 174.87366
49.27269 168.24325
45.95259 167.15218
47.24994 172.00265
47.48120 164.98400
48.52244 171.35147
45.53846 166.45653
47.12719 168.71220
49.57635 176.63746
46.84392 166.22891
47.00534 174.31972
46.07698 158.03085
46.46986 158.15779
47.29291 166.21924
48.03862 165.46597
47.17427 160.73317
46.97977 160.28629
46.68964 155.40852
45.82831 158.07690
46.86070 159.96578
47.30909 156.04804
46.64542 145.35928
48.03137 152.39029
46.02625 146.50421
46.55585 143.39086
47.24869 146.52910
46.32045 139.54548
45.74866 137.77213
46.42951 139.46705
46.51567 140.51220
47.71465 141.03595
45.25757 130.85682
45.03301 138.81238
46.78491 127.77054
45.09234 128.37020
46.66015 128.97206
47.76301 139.17081
43.51646 122.33842
46.28445 136.90073
46.05022 140.43225
47.69693 137.27641
47.42670 130.36675
47.19204 128.18391
44.58627 124.60255
45.23286 132.69621
45.22190 119.84049
45.65436 118.98177
45.42406 123.59903
46.33186 111.55855
45.61380 121.46076
46.71692 122.25867
44.77481 110.89656
44.89039 119.91158
45.85972 115.76653
45.19494 116.24886
45.44395 119.36666
45.98909 107.76486
44.74299 109.04124
45.93632 109.13152
45.75666 106.78871
44.96040 105.85163
46.25477 109.88791
45.03079 111.72249
45.44335 109.91140
45.01857 102.23186
44.72110 104.59069
44.90596 100.20782
46.02818 106.13787
46.17397 102.33843
43.96717 98.76346
45.84029 94.67183
46.38520 102.66854
45.06342 97.79023
44.83876 97.08079
44.38142 96.75883
44.36745 99.32832
44.05941 89.30277
44.15762 99.38325
44.43029 92.43441
45.09621 101.74484
45.39125 91.97889
44.89896 95.43252
43.92028 93.70034
44.24926 86.84632
44.68586 85.85232
44.84216 87.04556
44.53978 90.47775
45.72922 95.13237
44.82469 96.44161
44.94897 98.12336
44.69051 90.89131
44.19975 86.58303
44.89951 88.07283
44.77492 84.09498
45.25831 87.43603
44.84407 79.34094
42.94094 87.20894
44.05513 82.32521
45.61159 90.63594
44.56679 83.27182
44.02475 84.42505
44.80859 91.08005
44.13446 79.73185
44.50231 73.83656
44.44907 80.03860
42.88331 76.50027
44.54946 77.10461
43.92822 74.74523
44.08299 74.06166
44.33832 75.93536
43.90108 78.81932
43.22465 72.75689
44.05733 74.02526
44.41582 75.20654
43.08843 80.97096
43.54069 77.80816
44.58835 68.86973
43.61796 72.04702
44.48261 74.08187
44.41446 66.64993
43.61892 67.65391
44.11211 63.75425
44.65881 63.81064
43.48329 60.73360
43.95684 73.28360
44.11349 58.25218
45.15711 67.48366
43.94669 59.19093
43.69112 61.09380
43.33645 63.82825
43.66205 61.82187
44.07415 64.63043
43.97447 69.66263
43.74580 61.40576
42.94701 65.48402
42.85478 64.65248
43.28380 61.58405
42.62351 60.62826
42.97843 62.88104
43.58156 57.31141
43.42273 65.31448
43.97574 60.91098
44.62425 61.70887
43.75305 60.89609
42.33745 55.43318
44.06392 59.33888
43.21265 52.50501
43.36516 56.82982
43.40693 55.47263
42.68759 55.89658
43.12802 56.62062
43.66005 63.56181
42.43960 52.69457
42.94477 62.69229
42.85720 53.42744
43.01415 54.24838
42.35017 57.18390
42.95165 51.79373
43.26959 61.64689
42.02987 58.55228
43.27014 61.39738
42.35090 55.24387
43.46769 59.26196
42.42994 53.49575
41.84447 56.75559
43.24397 55.56549
43.23434 51.75539
42.17710 58.18093
43.21231 51.92325
43.52576 49.81775
42.69377 55.06004
42.63511 54.40695
42.33962 51.20071
42.87587 52.57038
43.20002 50.92845
42.58450 53.90572
42.57104 53.25743
43.58490 52.33421
43.74898 51.82350
42.33668 52.43956
42.70699 53.99889
42.42879 52.43285
42.64098 47.83991
42.62220 48.92836
42.39618 50.55157
42.70836 51.43941
42.42826 49.56871
42.91434 48.36845
42.73034 47.52219
42.53262 50.15194
43.87281 47.39989
42.51543 45.68578
42.31479 48.91955
42.35768 48.85348
42.12267 46.82274
42.54469 43.69885
42.31282 50.27041
42.63218 47.15159
42.73461 46.38182
42.40051 47.25449
42.14118 43.91841
42.46088 47.56570
42.75938 44.45846
42.14290 44.62760
42.71748 46.75178
42.01465 46.95540
41.99171 44.37167
42.65181 49.45707
42.52423 47.32169
43.19903 45.90283
42.57495 47.17686
42.53058 43.35283
42.28798 46.96788
41.78465 45.64252
42.99716 44.37289
41.94207 44.82929
42.72041 48.28045
42.56164 43.64436
42.75267 44.40221
42.94647 49.02360
42.15156 42.97102
43.41128 44.58068
42.15156 42.87881
43.03752 46.01530
42.61759 44.87927
42.41534 43.84418
41.85692 47.81374
42.24883 42.95097
41.97435 45.97207
41.31740 42.43853
42.58075 41.84254
41.69629 43.50867
42.29199 44.67639
41.70067 44.26914
42.18780 44.02143
43.12558 43.46780
41.86860 45.19145
42.35221 43.12772
41.63530 43.87670
42.50820 48.86586
42.11598 44.34862
41.84629 45.53398
41.93145 44.08728
42.65741 47.87779
42.15179 45.17978
42.10605 44.10339
42.07009 46.33522
42.91783 43.96719
42.22508 45.87495
42.45584 41.61277
42.15231 45.22589
42.88892 42.78527
41.93294 43.20030
42.27834 42.15176
42.64436 44.73919
42.91981 42.21974
42.47805 41.95454
42.36175 40.67651
42.12324 45.13394
41.06310 40.15027
42.23481 42.05083
42.93300 45.04057
42.57406 43.70250
42.57420 42.10742
43.07562 40.60577
42.47557 43.25097
42.17939 41.18927
42.31128 42.27001
42.03411 42.43810
42.02944 42.20175
42.00709 42.86542
42.26323 41.39196
41.92332 44.01826
42.09605 41.10587
42.18989 42.94822
41.33578 41.87070
42.05695 40.39559
41.91355 41.73320
42.40281 41.84549
42.15530 40.82495
42.03501 41.16173
41.75032 41.00987
42.20042 41.91983
41.82310 42.22823
41.59378 40.59898
42.46341 41.61648
42.26766 43.12483
40.99903 40.98293
41.96311 39.66280
41.94087 45.26256
41.71439 41.57955
42.24974 41.42012
42.19385 42.10901
41.28003 43.20450
41.89788 42.53524
41.92041 42.15754
41.63446 41.99529
41.69874 43.13160
42.03823 40.09954
41.31260 44.27011
42.32709 44.06578
42.00630 43.13289
41.42014 41.18136
42.15443 43.54561
42.80454 42.72094
42.61156 43.65770
41.41754 45.30022
41.79272 41.46820
41.73982 40.60979
40.90401 45.75031
42.77577 42.79379
41.54589 41.53148
41.69726 41.78262
41.11455 43.34085
41.10246 43.98815
41.59025 42.94107
41.78575 41.99736
41.98088 41.58982
41.62062 41.29434
41.68098 42.03746
42.07521 41.71605
41.69885 42.64491
41.59923 41.70741
41.29874 40.91890
42.08821 43.23081
41.66599 40.12576
41.81439 40.81206
42.15650 40.52182
42.04655 41.32585
41.27699 41.82635
41.51755 41.98258
41.59404 40.06749
41.75743 41.28320
41.81709 41.43276
41.21756 40.09684
41.37518 40.74406
41.18673 42.86127
40.86712 42.12504
41.88974 40.77160
40.62602 39.72285
