1146.03107 1166.74857
1131.63084 1146.18760
1105.97777 1115.16487
1070.47282 1074.71447
1026.21420 1025.53631
973.29448 968.59180
913.41898 904.39601
847.79288 834.15258
774.78349 758.90247
699.30265 680.23922
620.86744 599.56205
541.53504 517.94819
462.16367 437.88320
384.96291 360.74573
314.23916 289.09689
246.02746 224.65744
188.54835 169.17258
140.23091 124.41863
102.37221 90.93168
76.67078 68.01530
57.48926 53.89968
48.50402 46.91213
43.36584 43.76327
41.47356 42.26212
40.63750 41.69681
38.91841 41.38460
39.88369 41.25427
39.29955 41.14916
39.52932 41.11338
38.92857 41.07798
40.42325 41.05647
40.31271 41.03973
39.31584 41.01392
39.79161 40.98282
39.72106 40.97135
39.69154 40.95384
39.00614 40.94495
39.11996 40.91371
39.79201 40.88769
38.46134 40.87354
38.65761 40.86263
37.58285 40.83736
38.55519 40.83726
38.71338 40.81428
39.38618 40.78848
39.93889 40.77446
40.63039 40.75390
38.98178 40.75420
38.17292 40.72968
37.53609 40.71495
38.15521 40.70863
38.53458 40.68787
38.41605 40.70064
38.76851 40.66165
37.30963 40.63227
38.05396 40.61634
37.67733 40.60223
39.11539 40.59870
37.37948 40.57940
37.23642 40.57020
38.29055 40.54906
36.91866 40.55666
37.69885 40.52481
37.94826 40.51716
37.02036 40.50929
36.69288 40.49386
38.07309 40.50977
38.17138 40.49514
36.56821 40.50868
37.05181 40.49747
36.88409 40.46135
36.64821 40.42964
37.17917 40.41219
37.83266 40.39062
37.58713 40.37648
37.29895 40.35915
37.60345 40.35340
37.09473 40.32487
37.33729 40.32863
37.27113 40.31103
37.35627 40.29421
36.94755 40.28964
37.29865 40.28485
36.44080 40.27999
36.48060 40.27497
36.38716 40.25826
38.89815 40.23803
36.23708 40.23181
35.48925 40.21894
36.28278 40.22707
36.74643 40.21099
36.83387 40.21208
36.83064 40.20145
37.06190 40.20936
36.64875 40.19039
36.42214 40.15582
36.97768 40.14415
35.92359 40.14445
36.12003 40.16124
36.03168 40.15045
36.30154 40.14996
35.97432 40.13809
36.57105 40.12877
35.99389 40.12194
36.12839 40.09929
37.15479 40.09336
35.66753 40.09101
35.02013 40.09853
36.41905 40.07515
35.18380 40.05195
35.87034 40.02861
35.86576 40.02574
35.86353 40.01320
35.99353 40.00153
34.54860 39.99627
35.88537 39.99120
35.35160 40.00908
35.05101 39.99778
35.70559 39.98743
35.82220 39.97500
35.77282 39.99515
36.04937 39.98201
35.67104 39.96274
36.38179 39.93998
35.45905 39.93420
36.02307 39.92567
34.53059 39.90472
35.11584 39.91121
35.43626 39.91107
36.41238 39.89810
35.25903 39.90386
34.55340 39.89865
35.43220 39.89360
36.34919 39.89410
36.09028 39.89204
35.74612 39.89513
34.59044 39.90031
34.87326 39.88228
35.37442 39.88300
34.74313 39.86179
35.01414 39.83394
35.18445 39.85996
34.50437 39.84911
34.68613 39.86086
34.67180 39.85207
34.88918 39.84545
34.86875 39.81711
34.90779 39.81849
35.77050 39.81990
34.47133 39.81899
35.07349 39.80345
35.36818 39.79094
34.68929 39.80942
35.66841 39.79525
35.13571 39.79850
35.04941 39.75783
35.11651 39.75971
34.95585 39.75841
34.91941 39.77203
35.41752 39.77327
35.17192 39.75429
34.23704 39.74320
34.39243 39.74680
35.03365 39.72673
35.47988 39.72029
34.88403 39.70631
33.97111 39.71816
35.03921 39.71746
34.83975 39.70808
34.88497 39.70894
34.48636 39.69647
34.78503 39.70268
34.67170 39.69994
35.14350 39.68913
34.55870 39.67946
35.47234 39.67641
35.25143 39.67942
34.87495 39.66900
34.74575 39.67870
34.64856 39.67769
34.59389 39.65955
34.93105 39.65293
34.39846 39.67339
34.39192 39.66787
34.70294 39.64656
34.64869 39.66378
35.26104 39.64726
34.41177 39.64472
34.87963 39.66733
34.41640 39.65305
34.19895 39.62466
34.63645 39.62844
34.29907 39.63960
34.40637 39.63527
34.63271 39.63094
34.57491 39.63245
34.52462 39.64479
34.02521 39.64799
34.45696 39.62328
34.00731 39.61737
34.87097 39.60883
33.94914 39.60571
34.32644 39.59634
34.54155 39.59813
35.09894 39.60401
33.96357 39.62477
34.49572 39.60977
34.77803 39.60489
34.24438 39.60751
34.57059 39.58163
33.72900 39.56920
34.06851 39.58045
34.46085 39.59078
34.19001 39.56981
34.20582 39.55801
34.55381 39.54688
33.81680 39.54919
34.09518 39.55807
34.61084 39.56942
34.51548 39.58051
34.22766 39.57945
33.78356 39.57079
34.51717 39.56382
33.92438 39.56626
34.25355 39.56985
33.74147 39.58017
33.67985 39.57872
34.02765 39.56597
34.11707 39.55170
34.23178 39.52893
33.85324 39.55232
34.33179 39.54550
33.86644 39.55706
34.29579 39.54910
34.36249 39.54703
33.94045 39.54622
33.87404 39.53161
33.73898 39.53449
34.29091 39.55803
34.15225 39.56829
33.81254 39.55811
34.03184 39.54765
33.60368 39.53346
33.89442 39.51812
33.66001 39.53815
33.51268 39.51712
33.97952 39.51674
33.95605 39.53400
34.13510 39.54449
34.54662 39.52958
33.52450 39.51378
34.24784 39.52685
33.91467 39.49762
34.33462 39.50589
33.79470 39.50652
33.83684 39.49810
33.40400 39.49496
33.93608 39.50355
33.82060 39.49599
34.10741 39.50199
33.69293 39.49220
34.03679 39.49135
33.91067 39.49878
33.75783 39.49341
33.85138 39.49483
33.58599 39.47600
33.65936 39.47291
33.58514 39.47540
33.74310 39.49155
33.38570 39.48887
33.53798 39.49124
33.62848 39.49478
34.05819 39.50411
33.89798 39.48440
33.18276 39.48607
33.40052 39.49128
33.60438 39.48607
34.29789 39.48817
34.00754 39.45868
33.86072 39.46308
33.50858 39.45321
33.65527 39.44929
33.95628 39.44943
33.46514 39.45871
33.50862 39.46383
34.07856 39.45842
33.68659 39.44786
33.68464 39.45430
33.80550 39.44910
33.74395 39.42809
33.71082 39.43179
33.74696 39.42759
33.50847 39.44966
33.70585 39.43711
33.56688 39.45115
33.45467 39.45524
33.54785 39.45141
33.62581 39.44680
33.81592 39.43901
33.74201 39.45196
33.45566 39.45102
33.43416 39.46177
33.75396 39.46074
33.71572 39.46155
33.64779 39.45239
33.65222 39.46550
33.51268 39.45390
33.33341 39.45378
33.50922 39.42897
33.39650 39.44383
33.77845 39.42871
33.30176 39.43607
33.81634 39.43914
33.31642 39.43015
33.84577 39.42479
33.83076 39.41272
33.36006 39.41719
33.68010 39.42624
33.51327 39.42247
33.56718 39.42782
33.20142 39.43220
33.37099 39.43952
33.84596 39.42532
33.61692 39.42691
33.44190 39.42375
33.53889 39.42582
33.63218 39.42930
33.76622 39.43741
33.30638 39.42076
33.38192 39.42709
33.49679 39.42627
33.66596 39.43531
33.58675 39.41368
33.33277 39.42790
33.03293 39.42505
33.03598 39.43518
33.56405 39.40925
33.31039 39.40463
33.72474 39.42136
33.18301 39.42058
33.69089 39.42865
33.50027 39.41445
33.35197 39.40599
33.44546 39.41437
33.45520 39.42074
33.70301 39.40958
33.58491 39.41183
33.19793 39.41807
33.31562 39.39642
33.54180 39.39854
33.49159 39.40433
33.30032 39.41474
33.39426 39.40000
33.48094 39.41811
33.06698 39.41259
33.60102 39.40871
32.91842 39.41664
33.57948 39.41121
33.49658 39.41671
33.44793 39.40079
33.35490 39.39883
33.13666 39.40070
33.48820 39.38854
33.09872 39.38912
33.55739 39.39622
33.29734 39.39682
33.23426 39.39992
33.25911 39.40478
33.21331 39.40340
33.29259 39.39740
33.85577 39.41509
33.57450 39.39757
33.25568 39.39465
33.24565 39.37879
33.42699 39.39730
33.35702 39.39574
33.41383 39.39780
33.27533 39.38785
33.10156 39.38444
33.38757 39.38369
33.43901 39.36859
32.96481 39.37575
33.50550 39.38112
32.97100 39.38104
33.47662 39.39564
33.14101 39.38710
33.45781 39.38314
33.40507 39.40215
32.94164 39.38863
33.40800 39.38196
33.24433 39.37563
33.56895 39.39255
33.39836 39.38567
33.19486 39.38745
33.47895 39.38649
33.27664 39.39324
33.41005 39.38638
33.18928 39.38153
33.19093 39.37168
33.04496 39.37453
33.30379 39.37228
33.15661 39.38611
33.29858 39.39929
33.14650 39.39040
33.21594 39.39557
33.13121 39.39283
