968.41855 361.91141
785.52920 363.36782
721.19293 363.84305
700.32737 364.09227
600.61801 363.15047
623.34348 363.09168
673.56129 362.40413
535.43063 361.14629
576.58265 360.87820
678.48875 360.53032
536.46560 360.76247
533.05615 359.71268
505.01292 358.47698
496.01160 358.78889
511.83633 358.08157
454.54349 357.68074
526.86752 356.51452
441.39751 355.66158
470.12210 354.14543
406.17349 354.90512
436.24101 353.54390
406.05999 350.91300
356.16465 350.10370
421.04014 347.79107
349.57344 346.72590
333.44015 345.51412
369.68303 344.94003
340.30223 342.91290
351.93739 341.59127
324.92165 340.74574
286.04399 340.03268
312.67980 338.96828
363.91712 337.39661
279.92113 336.55563
295.64002 335.55300
296.65197 334.31366
298.16728 335.21091
256.29830 333.46291
250.19998 331.60165
270.15431 330.93379
258.37825 330.88242
264.51482 328.71880
281.52582 327.87543
253.17018 326.50504
258.46713 325.53393
233.01563 325.96952
234.85301 324.92233
235.81601 324.25953
227.16399 321.41879
232.05764 320.60008
205.86598 318.15478
217.80467 317.57487
214.83204 314.45184
210.64175 314.83862
184.63701 311.27219
225.35876 312.13120
211.24091 312.74817
196.82849 309.03410
168.58014 307.03581
196.57084 308.13002
175.80744 304.33986
188.43082 304.90692
180.93109 307.57280
167.14957 305.37585
183.52438 301.55180
190.51671 298.28318
185.98435 298.33911
153.56361 294.65271
163.47025 294.16875
164.53686 293.20585
172.90841 292.29499
180.11397 288.45046
160.84279 285.89521
176.43046 285.88160
197.99764 285.32205
159.30110 283.43490
137.55525 284.83384
156.33965 285.31069
141.16560 284.99874
166.57924 286.77424
140.85925 287.87557
137.80135 280.72777
152.98202 282.39980
138.11610 274.85759
141.34554 278.90084
135.05430 270.46114
126.28317 271.52498
157.10643 271.19271
134.49136 269.98801
141.37813 274.02153
139.70694 271.16830
133.40525 270.07358
125.18538 265.54698
126.33559 265.33733
123.59943 268.11695
131.83815 261.92819
125.93819 259.56706
129.45582 257.67202
140.71280 257.29249
126.48779 256.08013
121.42225 255.57379
119.04347 256.69180
122.13500 257.90341
114.72493 255.28767
133.70740 247.78406
123.33609 250.17771
116.95553 247.47793
120.27561 249.50992
116.76907 250.31551
125.33985 250.54872
119.61429 245.97719
124.33901 243.53811
126.30008 244.55927
120.33163 242.17977
112.74455 241.99016
118.58614 243.19242
127.84958 238.72645
116.03785 238.49988
112.33047 237.66774
112.61873 236.90628
120.12503 238.70366
105.24502 236.70498
108.08502 235.65547
110.27641 231.96672
118.27717 235.11314
120.98884 234.30156
118.36332 234.16281
117.79553 233.93988
116.08783 234.97725
112.22830 228.51197
105.71617 224.69705
106.02888 222.36155
106.74380 227.23619
121.26591 222.86942
108.37429 221.07413
108.88093 224.42949
96.13920 223.37283
103.02964 223.58902
106.71932 226.36228
87.32381 219.16966
101.45741 223.85102
107.31288 221.47713
111.20494 219.47632
95.81945 222.50025
104.43868 218.10440
102.04942 219.53513
99.63800 216.92411
94.35749 217.68607
98.67808 215.33030
100.43867 219.93082
106.40598 220.74317
97.66206 213.08354
107.33557 211.63076
102.48034 220.40726
102.91654 212.92062
100.00525 219.06366
99.76535 214.91356
101.03191 208.23329
100.71274 207.16846
92.38318 209.53681
105.78287 208.28413
99.02899 209.59630
93.12413 208.30812
91.90689 205.43235
94.32450 205.94026
102.38563 205.47373
95.70736 207.55081
93.26398 207.87776
96.17660 203.04575
95.25444 202.08006
93.18985 193.87910
85.98027 194.05220
97.01858 197.88881
100.04359 196.65938
97.56467 194.44864
92.41394 198.86078
97.62636 200.32514
92.31682 198.91147
95.03957 195.02093
86.18030 196.53269
103.03553 199.52656
94.98390 195.31908
85.44749 189.88732
99.22576 199.18049
91.92022 191.44401
98.60575 192.97778
94.61386 192.48499
90.21676 188.19726
91.08312 186.35438
95.82658 187.84881
88.53404 193.64268
98.38281 190.32398
93.34752 184.10772
86.76475 182.84311
93.96593 182.55204
81.90215 183.63256
91.58605 192.19963
90.92117 190.26606
97.15004 188.76579
93.15945 186.65523
96.27822 185.30004
91.08975 186.21560
89.39895 181.01280
84.73552 186.84144
84.60876 180.48473
90.24410 181.43654
85.74958 175.94405
87.43124 179.01485
90.26998 172.92954
93.34818 170.91902
79.06865 180.34798
78.74290 178.06638
87.13177 175.34228
104.71515 174.28871
83.73521 180.95219
93.26954 177.60516
87.11063 173.61013
97.27581 177.88798
83.62291 179.12442
79.49875 169.45334
94.11809 177.93753
90.39031 169.89636
89.38806 173.12316
83.84756 174.60725
95.03533 180.21897
94.74064 172.87996
80.77319 167.50705
93.52536 168.96743
85.91311 169.28232
90.93166 170.33862
86.44300 171.89177
86.33989 171.58816
80.22163 165.85044
85.33340 168.62236
90.23720 168.17270
76.68529 168.28408
90.26150 164.34292
86.72635 170.13920
84.88059 167.63501
79.99581 170.63492
86.28236 165.51241
91.12461 171.67390
77.53985 162.68537
79.40154 161.95290
88.52556 164.48099
89.25957 166.50275
81.69016 162.17499
82.03367 161.39906
86.32904 165.47972
87.93647 160.65163
75.28108 164.04227
79.86296 159.60327
85.92453 161.64567
81.14273 159.69377
79.54566 161.49126
80.55142 157.11349
83.24363 157.55511
75.48729 160.12193
80.57847 156.05665
75.45624 151.76029
77.41408 155.08717
90.29973 155.31518
91.57101 153.08630
84.03731 153.91910
76.02511 156.45398
83.88391 151.46912
83.67837 154.96033
77.78784 153.80969
81.21685 152.10552
86.05941 150.47305
84.54846 155.63384
81.86317 160.71672
91.20998 150.64098
78.34863 153.56518
86.57181 155.20982
81.80995 155.11009
84.75335 153.07275
75.76254 155.85234
90.19047 146.79692
85.90474 149.16115
80.11830 151.79576
78.59762 153.51994
78.75176 152.39153
87.67980 152.92622
75.03204 148.19424
77.83939 150.29413
78.47542 153.63317
76.80587 147.20361
80.36130 156.65336
81.25699 148.40305
77.41182 153.90952
78.39149 157.07573
82.19228 150.68742
77.46928 151.40874
82.41206 142.85800
77.81353 148.76479
83.10193 145.22786
88.00302 144.06659
80.53966 149.79380
80.66391 146.91159
81.35890 152.19098
83.68199 145.91481
77.16697 151.85370
75.20974 146.96070
73.83398 139.80082
74.78194 152.30506
76.30160 144.34854
75.96826 144.07466
84.95953 147.76585
80.06571 143.57048
82.86810 143.37511
85.74701 145.55791
81.20974 137.25439
75.58182 139.04540
82.25221 137.99301
79.02997 142.99640
70.63671 142.95762
80.90618 141.09971
77.41391 146.55132
79.51951 136.27790
76.89236 145.40167
71.11708 137.92909
72.07188 138.84926
75.82830 131.71120
81.27579 133.08703
76.78096 138.19768
79.37044 140.63248
78.68927 137.37887
81.29732 144.87362
78.11377 141.13745
75.83522 137.11450
78.17402 145.55296
74.87168 140.70531
74.77352 137.32537
81.09322 139.68373
72.52363 141.63772
78.62943 138.42187
80.09483 139.60992
77.89432 140.02477
74.10046 140.75508
75.18993 142.37364
82.08345 140.94603
75.83297 137.78085
78.30018 134.95598
71.16265 136.97947
79.69585 130.11646
76.02926 137.55967
85.50622 133.82789
78.91093 136.00035
78.28545 140.71202
73.74255 146.27794
