1628.93546 983.54179
1223.84610 983.13178
1410.87430 983.09906
1227.97737 981.28751
1251.65192 977.73160
1109.83504 970.93353
1141.02014 963.11411
945.46927 954.68804
1005.24212 946.64913
885.00488 939.83164
912.58942 930.57946
877.59205 923.56669
817.16067 915.53293
862.89926 906.19686
819.46788 895.59155
739.55142 887.54332
814.77192 880.18669
767.34967 871.48282
650.71555 863.29060
560.43526 856.62144
676.11260 849.39994
679.93572 846.87772
654.47260 840.26758
637.35905 836.87348
593.98894 832.85606
727.38308 825.36552
623.74175 823.90627
542.93114 824.23812
508.79640 816.71806
580.78116 812.03873
579.29978 802.55118
609.51710 797.80691
549.43077 790.14597
517.01262 788.54253
529.24765 783.72188
457.60233 771.06302
461.84085 765.64252
542.16536 763.15150
557.59029 757.00225
460.54252 749.45416
488.39644 742.80985
495.91731 738.99122
425.04240 743.85512
452.76727 742.73769
443.26679 731.38011
418.21985 727.63263
374.51883 724.06541
418.32332 718.15335
418.47166 718.90856
383.37476 717.91319
429.59387 706.26867
386.86246 699.15534
408.98707 705.09738
453.26926 692.45848
413.69436 681.29969
451.80612 676.12119
458.37562 667.25476
352.44984 653.36327
366.41122 650.67851
395.04318 650.92026
374.59414 646.82471
330.18313 644.63470
331.32271 640.27436
333.10293 629.43125
295.55801 627.63514
336.32169 621.57642
350.67068 624.72076
301.93039 625.25563
347.41686 625.41862
278.15487 612.45306
349.99299 602.66154
261.90036 583.38876
276.45615 577.80735
267.11988 571.85361
274.11376 572.80082
272.94703 568.41291
265.59037 561.52402
277.41297 567.35907
263.25620 558.31913
249.04846 553.00219
255.69745 541.56504
262.13669 534.33924
226.67833 552.68248
257.93680 543.72773
277.96858 531.57516
257.73708 531.33779
221.20488 524.72059
249.74460 528.88035
242.00232 528.76960
320.70910 515.49887
246.39891 510.37604
248.91442 504.88811
228.94237 511.19150
242.30656 501.32735
206.95987 512.52471
237.81257 514.19279
215.94274 494.20869
207.21380 485.59298
212.00465 480.98090
255.11616 483.60272
181.19289 463.94053
204.03694 472.46619
206.18449 460.33968
202.93100 463.87826
203.85987 445.85671
294.88787 458.33079
186.70579 465.62399
183.59584 460.32971
183.19724 452.03277
181.94112 441.55324
173.41531 444.38223
193.49690 457.62070
185.62022 438.07746
189.22384 436.06991
167.68234 447.22036
206.81185 453.21232
179.19354 445.20771
199.48256 441.55770
171.52056 429.25326
187.26801 436.87815
176.59382 433.26967
190.43321 421.34390
191.79976 438.95394
165.42099 434.46024
152.68735 439.10098
191.81075 433.68794
167.30107 417.59003
153.85746 425.01020
158.64032 418.83173
159.35478 410.13558
138.08033 418.03934
221.53714 420.76330
172.98919 391.70265
179.97722 407.81566
160.82890 422.90080
181.27183 398.11026
152.91952 388.61562
151.97630 403.19801
167.56046 397.69145
145.36552 393.59116
143.48887 381.63382
148.12859 367.75687
143.64792 390.97357
127.50002 372.06056
164.63925 380.69782
142.06489 374.99873
123.18696 373.67452
135.22906 378.99838
150.74490 372.79557
138.77276 366.10493
154.90647 385.17328
134.82884 364.22473
142.41910 367.48996
140.42760 358.07939
148.81716 360.75800
145.41248 365.95273
126.85280 361.30164
150.73983 349.85335
135.29031 356.11494
143.63339 350.82852
140.61634 351.81452
133.69321 350.41900
163.00914 337.54324
138.65783 349.02823
130.81413 333.41627
143.18653 341.79488
126.51073 335.60874
132.58738 344.18651
127.58019 353.94328
151.80576 344.76639
126.94556 346.91097
117.25713 364.86308
133.78477 337.88055
126.66352 313.87121
130.27799 327.58947
142.27577 329.89667
141.03319 328.10934
115.69024 308.14779
122.04264 308.57103
127.60374 317.74317
122.78017 306.51214
129.67007 301.63064
112.55893 314.39877
120.75916 310.17129
116.79354 305.67923
115.80016 304.11763
124.86233 301.30325
119.15938 304.86796
113.88266 288.01584
119.37636 297.71550
105.77863 288.48801
118.17443 281.44260
110.59049 308.07359
110.19534 298.82584
111.58569 273.62284
133.32275 281.08823
119.15588 293.02929
106.54093 286.37172
98.50809 280.57286
110.30632 277.20075
106.59822 277.35715
106.72944 281.32146
89.19907 273.29863
113.11821 274.08493
116.30884 269.57364
109.71224 281.40755
101.25220 274.67194
101.65892 267.07273
102.88226 260.96143
104.96545 259.51093
99.47769 260.02181
101.42142 267.17729
94.72322 261.79906
105.88622 262.07981
96.24265 257.41944
108.00012 260.27238
93.19981 255.47397
119.59906 259.45527
96.16815 247.64865
90.61679 272.96588
95.92635 255.46699
102.91513 249.15599
96.54571 245.95755
97.37250 235.99454
105.39326 241.62148
101.10385 246.88869
99.03267 240.74272
101.15154 247.13694
98.31979 233.12869
104.97471 239.79486
94.12608 232.24781
105.07988 241.50844
83.05391 222.74111
92.84689 237.07130
102.81869 230.54229
101.37170 227.53509
110.71525 223.43580
100.59823 221.36485
102.19216 234.99051
93.03139 235.21620
98.70843 230.83574
93.73686 235.47535
106.09261 233.87709
95.68446 229.00446
101.82272 209.60485
85.24085 235.92063
103.96284 210.99664
87.25279 198.68847
79.65504 207.84408
79.95134 203.19512
94.09009 206.53303
94.31172 196.24181
88.62778 207.64854
82.09771 201.16598
80.62091 205.74135
83.40684 212.15075
89.53230 205.23856
86.86806 194.69976
102.08935 201.41552
77.09019 199.22491
85.95470 191.54010
78.28365 175.34122
90.70546 181.48971
79.51960 192.98419
79.56979 190.67642
85.64830 179.85645
76.80061 181.16563
86.13493 184.67998
81.66815 171.10389
76.69787 184.54815
84.74678 185.45081
84.28207 191.90438
79.77754 177.00497
85.28809 183.09203
77.40565 174.72017
82.30917 179.10280
73.47721 186.73033
79.38237 174.80115
66.31848 181.30593
69.39724 177.28288
82.64448 185.06749
77.83387 187.01111
82.08365 197.91735
75.05682 182.09779
80.17214 171.03776
86.43605 180.13590
86.12175 167.41195
81.52144 175.17263
87.90431 186.02005
82.01388 182.78608
80.05276 162.27720
86.97734 168.08936
91.44751 164.89033
83.74804 171.29066
71.98513 163.42476
132.92127 158.09817
72.77007 163.38442
74.64621 175.71949
83.05018 176.08392
83.51046 168.83210
74.70164 171.94439
82.10304 157.63022
73.20265 176.05113
76.52486 156.22053
68.85086 164.00859
73.46876 169.04439
70.02426 166.05525
71.09258 149.87532
67.81356 165.81828
69.01570 153.40699
83.10518 164.55212
79.17642 149.01147
67.58624 159.28913
77.88576 150.77765
67.22053 149.99294
72.05790 165.02828
81.92806 158.66603
72.81847 151.81353
62.78172 156.28277
72.58615 162.55648
80.15493 152.44400
79.48439 151.87826
68.58494 145.77180
75.82086 142.67983
78.22482 151.10806
73.34888 147.98606
73.16468 147.79150
78.64596 146.66519
71.57950 139.33323
74.98884 134.57434
70.27464 136.36781
69.58911 139.85202
75.54185 140.34026
71.81419 141.10980
69.77274 140.08931
62.83563 128.21907
65.90984 130.60874
65.62855 145.09768
64.99444 145.40777
75.81023 134.99746
67.99908 138.21370
66.33796 128.16133
63.38761 138.46275
67.98571 132.34301
71.91868 136.42828
65.54911 136.58639
65.14634 133.02628
63.63559 132.68195
66.24284 118.13338
68.44940 125.18677
60.26316 127.55923
69.27418 126.57951
63.70051 133.06354
72.72895 126.07887
65.41594 134.45917
63.96245 116.80841
67.85022 132.59909
63.16204 125.79851
111.36374 125.10805
65.22987 121.24243
63.76503 130.56273
57.36399 128.96486
61.05851 120.51439
55.96546 113.59069
57.92347 120.74778
68.05922 119.94556
57.01238 111.52897
69.01718 113.89626
63.60708 108.97746
69.26435 122.38665
80.63924 115.44627
65.51400 110.37128
71.86137 113.84246
58.87447 117.14174
58.05236 123.72664
55.96692 121.01951
63.35698 118.90194
60.55348 106.93677
60.20288 110.70800
60.63273 107.47913
63.50853 105.56642
59.23580 97.52005
64.58639 105.22917
52.86507 109.03917
58.79473 112.99518
63.69227 96.32670
61.21835 103.53976
60.03019 109.31519
60.64243 100.52460
55.26718 107.02160
70.03005 101.61339
59.66936 104.43748
58.83794 100.65653
54.48966 98.35251
56.32330 95.88855
68.37045 104.59055
60.29348 105.24991
59.37882 101.77610
60.29343 96.15165
60.43977 95.58869
61.15775 104.52873
56.86378 93.08571
55.63262 97.73355
57.99818 98.73013
55.15099 102.18757
59.59818 98.48323
59.67002 97.16616
61.71209 92.49267
60.84305 89.85852
58.27299 91.98968
66.63408 94.50777
57.69546 86.14330
63.14206 85.31955
55.90393 91.34716
53.86179 103.10662
51.02237 100.46984
55.24181 80.23536
60.41586 89.34620
55.33030 86.65006
49.89032 93.06842
54.41433 94.77570
57.92579 92.94404
61.38305 92.81179
50.14581 96.01268
51.55950 84.07240
54.54713 90.39612
59.64274 93.30100
60.23062 92.90133
53.47967 88.10924
57.13982 87.65775
56.76100 84.14820
66.99545 74.75905
53.07021 84.69485
61.77707 78.96171
54.56587 82.84458
51.86767 82.05802
55.66212 84.57718
51.70163 82.82827
56.43119 84.34423
55.63954 87.67379
60.52096 76.41596
54.01491 79.81847
53.10033 83.41927
56.71013 73.63580
65.24256 77.35391
47.94817 80.40301
55.99025 72.73658
51.24018 78.30101
57.15315 75.43587
52.82388 80.87050
56.66690 82.37872
51.76638 88.54752
52.46731 75.88810
53.96681 88.58750
53.65247 73.02029
58.35828 71.14648
54.14435 79.10168
49.90210 79.98844
53.43970 69.48264
50.37761 76.96001
58.07705 71.25516
47.80208 79.70652
58.39370 84.20525
52.47859 77.98229
51.78412 76.76922
51.57273 82.86745
50.01570 75.17422
54.42648 74.69171
53.43997 70.61658
54.79369 80.31488
52.41829 77.03479
49.68732 73.33917
45.45812 73.67174
49.98327 78.70706
49.24986 89.87114
53.24339 71.52022
54.23945 70.17746
52.18794 62.63178
53.94715 72.16307
48.84330 62.62538
51.93979 66.55566
49.73199 70.10048
50.68686 64.14573
49.28682 59.93624
60.42608 74.56330
55.15378 60.22571
50.44722 67.56996
47.57706 65.11431
52.39261 66.69518
52.24675 76.90901
50.13052 70.26755
57.05208 66.98657
49.47140 63.23615
51.18220 68.86057
50.95116 66.12425
49.50696 66.96414
52.63714 79.53135
46.07745 75.54582
46.74868 71.03777
48.84443 60.82802
54.63969 69.69659
51.80521 62.80489
56.22408 63.24878
47.62158 58.12345
47.07628 64.12145
52.25769 64.83489
53.94820 69.97880
50.48304 62.01523
48.52674 62.09753
51.30734 63.15799
52.46020 61.72186
49.31742 57.98752
55.63515 58.83833
49.07542 65.48305
43.41954 56.59891
50.02295 60.25941
44.75456 61.01684
45.71974 57.34942
50.57555 56.91684
44.82809 51.33294
48.70516 59.95340
47.85881 63.69182
49.52846 54.20797
46.46391 57.40290
48.57553 44.39952
48.25381 56.34078
50.90290 64.60136
50.68690 60.04124
50.20130 51.12829
44.41611 49.68677
46.00346 57.30142
50.13408 52.38367
50.37761 53.52871
50.66516 55.97253
44.54246 56.64672
46.88867 55.48156
49.44297 62.43663
45.37088 63.75982
50.71169 58.56576
48.77234 54.59610
51.70706 45.82832
50.88498 57.94614
47.03516 56.23762
48.05983 54.46168
51.84809 53.61592
45.51555 53.76208
49.18748 54.36532
45.02074 51.25808
47.99465 52.29937
48.50992 56.38274
46.46389 56.50235
46.69972 53.76303
43.39862 54.21629
46.56158 51.55101
42.20086 43.73121
47.51381 49.92189
48.55150 47.10745
43.35345 52.27629
42.94276 50.77538
43.05109 47.31738
49.01645 50.22483
43.06309 46.74752
50.22520 57.68678
46.87263 46.42989
45.82894 51.49071
47.74780 44.42631
46.90465 51.86009
45.41155 49.56572
46.26363 45.00498
46.47269 48.18057
44.06681 46.42712
47.66685 53.85156
46.55036 49.65872
45.83598 47.87951
47.25472 43.64688
44.69543 44.88851
48.95242 51.14620
43.88906 46.47165
45.75036 46.89822
45.43165 49.14594
42.77060 45.01635
47.87267 51.05270
46.93903 48.23192
48.80168 52.34541
41.49589 53.23146
40.87352 57.87466
45.74517 50.16435
45.70082 46.51665
45.43495 43.73126
41.00711 44.62662
48.00327 43.92274
43.51902 47.37325
41.57305 48.38466
45.68801 44.82151
41.79617 46.73349
43.79101 41.66746
44.66798 43.58556
44.01954 37.28327
42.81044 43.33744
43.38888 44.15817
42.27810 42.69910
41.41171 49.83896
45.36379 43.46303
44.05260 39.98199
42.66506 44.04734
43.97463 40.96592
43.70677 41.79577
43.55271 42.86698
40.48626 44.01065
43.57371 41.08597
42.49851 39.53684
42.68376 37.88164
42.38191 46.72270
45.14654 40.50072
44.25713 43.83446
42.16463 38.12628
44.25230 43.62836
40.53797 45.99595
44.75745 38.48690
40.61527 41.41195
45.36725 46.58769
41.87781 39.38295
45.96760 49.29631
44.60825 43.86117
41.56807 41.01613
44.03527 46.71888
44.15255 37.93171
46.00817 43.37225
47.36779 43.94384
44.35630 42.93782
44.44206 38.42336
43.87166 42.84606
44.22745 43.41874
45.48986 41.07821
42.98785 39.66451
41.13114 41.92895
42.30974 37.12183
40.66270 40.19177
42.43395 46.84674
43.65773 41.24473
43.04910 42.06018
44.45433 35.79576
41.09954 38.67531
45.80166 39.18602
43.22748 35.84484
42.78829 37.73625
45.71249 36.72471
41.42435 38.89901
45.09847 43.28711
43.25779 34.17984
44.55032 36.36339
43.80789 37.91257
42.27082 37.26745
42.72582 39.28528
44.81374 39.37578
43.26925 39.24345
46.87678 40.58178
43.07526 34.80924
44.00097 36.69488
41.70599 36.18278
41.44958 37.65207
42.14092 35.82764
42.31619 38.09944
43.35188 33.97460
43.65061 35.83654
40.92656 36.22483
45.36195 35.34177
41.45179 32.94947
42.88664 37.76175
44.75419 39.98509
41.50591 36.76302
41.79812 35.04255
42.83702 38.24679
44.00755 30.82725
42.15930 35.60361
43.25331 42.04840
40.86659 37.27266
37.83253 36.06288
45.83502 37.59805
40.41563 33.85262
41.83603 33.90130
39.68335 33.48328
41.29736 39.08508
38.86314 38.10462
40.06862 33.20271
42.00030 33.91842
43.12264 39.63678
40.75913 33.62200
43.38600 35.99543
41.21052 38.18334
41.52922 35.03916
39.79960 41.09054
40.28518 35.48588
41.99187 34.43740
42.34900 36.63083
39.96193 32.93342
42.36162 31.15754
40.83903 35.16970
39.70303 30.47015
40.03168 35.46224
41.07843 31.97156
38.42695 32.04735
40.51925 31.15835
37.33896 29.47712
38.34158 35.74177
40.48243 37.80665
40.23815 33.21672
39.25757 29.81133
41.39507 34.47091
40.37715 36.05251
44.36964 36.03859
38.76575 32.02149
40.99790 31.34546
39.67587 33.93855
38.66949 35.00536
40.15212 35.94262
41.51428 37.55424
39.83208 35.82979
41.18803 34.02439
43.76646 32.34855
40.77310 34.75080
39.42293 31.85289
41.61312 31.48272
42.96239 36.98009
39.75386 31.41595
39.80166 32.39419
40.33355 35.40782
39.91579 34.98698
40.09940 31.42897
39.51768 31.75574
39.53273 33.84887
38.32877 33.00093
37.55376 38.63095
41.28099 34.30036
40.82739 31.77475
39.88070 31.47420
38.12747 32.61333
39.05680 34.10916
38.63273 33.49649
42.17061 32.18110
38.08172 28.43938
41.62296 30.55177
40.71865 35.92994
40.01443 32.27908
40.68862 30.76080
41.02377 32.04206
39.35382 34.75166
42.45123 34.12767
41.12996 32.48284
42.35239 31.68219
39.59328 27.38993
39.71465 28.77000
38.78070 30.92989
41.48436 29.47002
41.24209 31.43281
41.12650 30.03399
40.93428 33.37583
41.29602 34.12187
41.03161 32.77007
40.02694 32.52893
37.65006 32.31751
39.87921 32.00420
40.89675 29.71751
43.58871 31.94406
40.62933 33.06450
37.88923 31.36707
38.44164 38.15311
40.45732 32.93795
40.19726 28.99655
39.58810 28.22697
38.41078 31.07934
38.05259 33.72735
40.64936 32.14333
39.29351 34.46828
39.18052 28.30713
40.48105 31.42967
40.64960 30.23674
39.19531 30.12000
40.37446 29.41969
39.60708 29.85345
38.56953 29.09340
39.03730 28.46566
40.16402 29.80934
39.47191 25.75896
39.51340 31.03590
39.82771 31.78595
40.46975 30.38229
40.75050 29.33973
39.75393 28.93057
38.44304 26.30443
44.35326 30.57986
39.92305 28.84029
38.73240 28.84292
38.74786 28.53503
37.81999 29.27527
38.64264 31.90675
37.67847 35.24017
40.19376 30.59881
38.25292 27.15189
39.03689 31.09747
38.58863 29.85273
38.96099 29.01876
38.26726 29.39064
40.02570 29.65095
38.53633 28.07986
37.64249 33.00282
38.83154 32.74769
39.81526 30.88543
40.71528 31.10426
38.46974 26.33227
37.93502 27.47994
38.97556 28.34600
40.00967 31.79501
40.20435 26.77316
40.06906 30.78548
39.53567 32.88253
37.38699 29.38648
38.92901 32.13294
39.43805 31.69027
39.34302 34.18635
38.90304 35.80025
39.17028 33.82238
39.41603 27.66537
40.62255 29.17005
37.89235 29.90369
39.43102 27.90066
38.95800 30.55790
38.90068 30.79834
38.30586 28.49520
38.07061 26.28675
38.54668 30.38518
37.73078 33.43828
36.63256 26.31088
38.00416 27.98130
40.62564 29.51350
39.13568 28.51888
39.59935 27.54559
38.22016 28.15338
37.68403 25.97387
37.70060 27.10257
40.73487 33.58359
40.61868 28.43917
40.65865 27.96370
37.95521 28.29271
39.94205 32.36775
38.62340 26.54088
40.99775 36.19207
38.35447 27.88179
40.61285 30.58246
37.21636 30.50611
39.69673 25.52158
38.44457 33.82131
38.20099 27.82270
37.76619 31.74419
38.96893 29.83697
40.43136 30.19404
37.45829 27.62105
38.99424 32.14130
38.94242 31.55907
38.15462 28.04573
39.51094 27.94894
38.87921 28.54841
39.50385 30.97725
38.24649 30.54510
38.37678 26.51954
38.76983 31.24453
39.61907 32.68984
37.23123 30.25757
37.92799 33.58852
40.10170 28.30896
38.93842 30.88067
38.44163 26.97857
38.89506 29.29088
38.81935 30.76841
38.91610 31.11853
39.97170 29.71182
38.07836 29.03917
39.00847 31.12739
37.36874 32.48783
38.29990 27.28178
37.38322 31.86222
39.37611 27.43043
37.58642 31.10939
37.56033 25.13201
38.74434 26.58769
38.34408 31.76619
37.30991 29.70743
38.36482 29.12064
39.63235 31.84241
37.85014 32.36620
41.47616 29.44469
38.25874 27.95305
38.26613 28.02665
39.57876 26.95467
38.91217 28.57388
38.23412 29.50723
37.61140 29.17495
37.98895 26.58431
38.51721 26.52991
40.18060 27.86054
37.52631 28.69380
38.86287 26.89540
37.88782 26.90845
38.61357 24.66656
41.54405 27.77018
38.13857 28.94931
38.18354 28.14812
37.36612 30.44198
36.81993 26.01010
37.08975 29.33998
37.83384 28.84636
37.45834 27.57195
39.23491 26.00250
39.97397 29.63649
38.44917 27.80433
37.40822 26.25281
39.66636 27.11182
36.76304 23.85156
39.25842 28.58828
37.69041 26.86082
36.67715 28.76916
38.26492 30.49399
37.50215 28.69211
38.35015 27.75929
38.41725 26.36703
38.30952 29.17293
41.08492 29.41018
39.84138 27.20351
38.18169 32.87546
39.33772 28.44107
38.18093 28.80628
36.56680 25.84313
39.02055 31.08537
38.79482 28.57761
38.36000 29.48109
38.36985 31.59793
38.08743 26.54555
38.96705 29.05826
36.77648 29.95922
37.53643 28.33928
37.88486 29.04863
37.90837 31.64758
37.05552 27.43589
38.54789 24.58243
36.97386 28.04694
39.53078 25.99778
38.88779 30.76010
38.96107 30.01070
38.36003 31.56067
38.71644 28.84820
37.99926 30.54052
39.58082 29.62739
37.29286 27.87813
37.22517 29.51419
38.66759 29.91258
38.84252 29.80509
39.17771 28.83652
38.72432 28.41630
39.61738 29.57380
38.14084 30.95142
38.22662 30.54525
37.97676 27.48690
38.75211 27.29731
39.19987 27.44688
38.02374 29.84404
38.11585 29.44654
39.60778 27.67693
38.86231 28.43802
37.80978 25.81166
38.95655 28.47388
39.02218 28.60126
38.86764 26.92281
39.17945 26.21762
35.01945 28.80836
37.73744 29.69822
38.00836 29.58504
39.28574 26.88423
38.74989 28.18388
39.12923 26.96937
37.99836 28.90468
38.67052 28.18392
38.58459 29.59996
38.24511 28.79716
38.12308 27.06386
38.76570 29.06670
37.64401 26.98363
37.13190 27.58745
38.13077 26.34400
36.45742 29.64345
39.75840 29.35638
38.94108 28.43972
36.94803 29.49777
38.53237 28.51449
36.54532 29.63650
37.20191 26.96563
38.12783 30.25910
37.83441 28.11708
39.20108 29.76134
37.23664 30.15652
39.14232 28.28074
37.16174 28.80431
38.61284 29.46468
37.64345 27.34363
38.03313 29.30839
36.98292 26.76577
38.04365 28.12688
38.05615 28.55051
37.50917 25.73853
37.47524 25.77042
39.24499 27.31113
37.27945 28.15157
38.86748 25.45670
37.46229 28.31010
38.28235 27.14029
37.13154 34.46630
37.30216 25.85872
37.98081 28.55097
37.52827 28.17607
