834.53267 926.37057
173.93167 737.02633
119.83011 710.40044
105.52831 741.01409
103.47971 745.62591
98.64438 742.14898
111.39706 750.34118
91.89374 743.27133
109.30180 753.12952
101.05711 754.87630
91.30324 759.26741
81.18173 762.60216
93.17544 741.75101
86.55779 763.46044
100.96412 749.60773
81.12964 757.88548
95.44859 763.94355
82.27911 734.47115
87.05296 764.93937
82.98061 762.41832
83.40146 777.93543
89.66114 766.96777
91.52247 775.07535
93.14653 767.59250
79.53367 766.29744
74.93405 755.11312
79.05876 751.65794
80.18674 754.23477
81.34525 733.04085
89.73441 721.49912
77.03022 706.78059
77.06297 701.99615
82.67577 701.36431
90.12780 696.68108
85.47540 688.31021
76.76017 694.35905
80.71696 698.42385
78.32242 674.19732
75.39306 721.53736
78.83277 711.89856
85.52156 683.94803
76.43926 680.89534
83.25868 691.33248
65.96630 683.44954
69.39638 655.15887
71.99912 700.91827
67.03127 696.58714
81.16434 696.98412
76.74720 688.72052
65.35213 684.00166
66.48353 687.40376
69.91671 672.57145
64.61573 675.19863
68.66344 696.02557
65.84299 677.25851
71.63169 677.43120
63.62672 695.54859
67.01164 666.68445
64.45678 672.71802
68.67439 652.29525
60.96870 662.93461
65.65729 672.56646
60.09824 658.07700
72.74316 660.52177
68.00068 661.48993
73.65031 660.57071
68.30532 668.45835
67.97821 657.62007
73.73672 693.46943
66.49380 664.94289
67.41847 650.76241
66.91766 663.83630
55.83098 661.75882
64.35461 666.99457
67.22225 660.90684
61.79099 649.13672
60.95754 643.66357
58.81023 648.74475
65.13489 652.62685
61.40144 620.69629
58.04488 645.46186
58.75728 621.14012
60.76947 629.66017
52.98513 615.77607
56.15930 621.61846
59.55758 603.58608
61.60619 621.30551
53.28100 608.55429
54.46830 612.59819
64.15729 605.52765
61.03524 603.39915
60.36628 608.61820
60.46966 587.47034
60.10182 570.79211
64.15942 594.45404
55.03761 604.24240
58.15517 578.30315
61.00173 568.19277
51.72247 582.16750
58.94282 582.63972
59.77323 577.96751
57.05109 562.03574
53.75281 554.46413
54.34182 573.48404
55.59404 557.92930
56.44647 546.35004
54.56582 565.89406
55.24480 549.75960
55.41780 586.04381
58.80584 548.30167
57.11451 562.52740
53.49815 526.42744
54.56782 543.30987
58.61672 538.24911
55.88988 532.52077
51.78356 540.15390
57.54510 528.05512
54.40587 530.72157
54.85030 553.46965
57.27637 546.83539
52.70272 540.27872
59.03351 546.36769
58.05756 566.27395
54.19741 540.38149
56.75434 556.06165
58.27123 541.42915
51.09038 540.07831
53.16272 555.27850
59.73889 538.51725
52.21548 532.93994
50.61576 506.70593
54.87854 517.32159
62.68680 545.72964
53.76061 516.55478
58.79999 531.75442
56.04962 535.95993
50.24483 533.84028
54.09994 528.90515
59.66884 511.27831
59.96964 527.49205
55.31442 502.89792
51.67908 495.85938
51.13874 487.33724
55.04147 484.74055
52.56284 502.53574
53.47991 508.24691
55.84670 498.12856
55.16364 485.74314
54.23664 480.94423
52.69932 470.07721
58.12523 504.30045
53.54544 506.72851
56.66156 471.03687
54.51514 455.72131
53.88454 486.73412
53.41515 480.52897
50.29271 509.20691
53.50249 473.39066
55.20859 473.42468
50.49532 470.27612
53.80204 449.70573
53.94272 480.40246
53.02694 467.81820
47.37799 463.11747
53.39963 456.84362
49.30935 464.58610
48.91133 462.35789
47.22661 468.42502
52.29662 450.60970
50.36113 478.74014
51.22034 465.85218
61.39324 451.67393
52.60565 457.00792
49.63632 449.70117
50.62001 469.32437
50.25393 424.93532
54.98050 467.50885
46.64022 465.80309
51.70721 441.35838
50.46094 447.36028
58.89979 449.42179
55.63826 447.29782
49.08425 456.31841
50.48611 448.58898
47.59972 447.20706
53.02594 439.42516
53.28807 448.96024
52.09592 443.58523
50.87651 441.70313
49.80064 420.09193
56.18728 425.17516
51.51545 426.06600
52.94778 414.52406
49.38217 415.30407
47.71831 420.31262
51.93536 421.74949
49.38732 411.58839
55.75961 428.80839
53.86518 418.30586
48.19197 404.39289
53.42365 428.23360
48.99750 425.13374
47.76952 394.56208
49.31791 409.16371
48.48081 402.63855
51.25777 404.50066
54.67474 404.85852
47.94418 383.53487
45.80382 403.85414
53.04720 392.01675
52.32066 403.56202
50.06162 409.35237
52.87233 385.39424
50.32249 370.14658
50.16166 383.32576
52.77748 363.85611
51.03066 393.28440
