382.41262 262.06972
297.96175 248.94095
245.16255 236.62702
195.61801 230.14774
189.39730 226.80359
195.15928 223.20270
181.66775 222.16631
159.22091 223.39262
161.80672 220.63592
166.67725 220.60710
147.54137 220.96462
169.09347 218.65611
152.32824 218.32329
159.97671 217.34702
147.36122 214.20241
140.84658 212.54111
146.73044 210.57110
135.07661 213.43052
153.83663 212.47251
118.02903 208.84464
121.49387 208.24395
132.66935 207.63696
124.60556 208.05195
117.42011 204.71642
122.41167 205.39648
126.88558 206.54143
121.59329 202.78174
118.01375 198.38401
112.01131 198.01309
119.84956 199.99567
120.58947 197.82643
109.19994 197.63540
105.22976 195.89109
106.52882 194.01900
92.78611 193.70062
112.26267 193.20990
101.52253 193.77502
102.50168 192.65785
93.50275 190.31523
93.07600 189.88247
96.12696 188.67621
101.46118 190.02849
94.46751 190.94836
89.64662 189.04989
99.09345 194.00034
88.32668 184.00306
92.47472 190.08580
91.59250 189.21416
82.33310 188.45471
94.46060 190.06401
86.23288 188.24795
98.11541 188.42721
89.12919 183.70628
86.66184 187.24028
90.72681 183.45356
87.01619 185.62900
80.82604 179.33140
79.29448 182.96276
82.40467 179.79184
79.88366 182.20447
82.48107 185.03918
80.86740 185.13474
81.41505 181.62374
80.03402 185.13804
73.99927 183.10497
78.39976 183.21789
80.59573 178.35905
83.13579 182.16720
75.60331 180.42015
77.72358 179.49106
84.89097 176.56426
83.80217 181.72148
77.82166 182.15268
82.99555 176.88214
74.92303 175.21095
73.72906 176.94004
86.43148 180.19066
74.52066 176.56559
75.73376 171.96082
80.82374 180.60233
77.24153 176.50430
75.80704 176.96855
77.97841 173.87051
72.39381 178.12766
71.05497 174.58548
76.39378 174.78853
81.73375 171.84547
78.87470 175.59535
78.56199 175.40332
72.14164 174.42910
80.86548 165.67922
76.84440 173.84086
73.53978 173.71334
73.50020 179.39221
72.80480 173.23944
78.10144 176.61087
76.86487 174.53499
73.48945 170.64655
67.23406 175.29003
74.39936 174.60759
76.54488 177.98588
77.91623 170.93641
73.39839 169.47086
74.44770 172.16462
75.46290 174.36092
75.39689 169.60187
77.80240 166.38633
79.49861 171.18441
70.32584 166.99732
74.24994 165.74483
73.47091 172.28086
73.24025 168.74337
77.05371 165.60252
70.69013 165.22749
75.40025 161.73739
74.39812 168.79526
75.07372 166.08449
72.05634 172.39870
70.57549 170.12348
72.06988 166.04522
75.51403 166.15614
76.57174 165.82029
74.58200 166.06548
73.77591 164.24138
69.10645 161.99518
74.22362 160.33498
73.91915 159.34049
76.05579 161.12161
72.59396 166.33368
72.34587 161.87675
71.82041 158.90263
69.17249 157.28784
70.34451 160.12039
72.23899 154.59818
75.51886 166.96803
73.59819 162.08250
80.09585 155.95932
76.44963 161.99711
70.86836 161.60399
70.92870 156.47314
72.10360 157.76891
73.11557 161.33837
69.13094 165.24091
65.96487 159.26708
70.80180 158.53574
72.05874 159.77479
69.73035 153.02190
75.17125 156.41155
71.87590 162.94048
69.42906 159.87228
72.13882 155.15023
68.08464 155.93266
74.07403 153.70904
70.52302 153.43634
72.33249 154.98607
71.13390 153.55934
65.31255 153.76960
73.59980 154.06497
69.74932 151.59406
71.63864 153.25614
68.64818 151.26846
73.39311 153.13209
65.92496 153.79977
70.33555 153.11070
68.45271 156.12582
62.82288 152.82588
73.84410 160.43480
68.71362 158.87429
70.00312 153.97683
75.17277 153.71193
68.53546 155.08383
76.76483 156.27332
67.62501 154.35835
65.49323 152.02012
70.42755 153.42920
71.71283 156.39038
69.32425 153.19398
74.70553 150.03866
71.43143 152.14986
69.57249 154.54265
72.18558 151.51065
66.23113 155.19486
66.66927 152.21515
68.24525 150.10458
64.84265 151.36831
71.82839 151.75834
67.83493 148.11772
69.10106 149.55443
72.72556 148.75922
68.21222 148.62827
69.48647 150.26588
71.04883 150.91064
72.27460 147.41645
69.59270 147.50366
65.49269 148.15641
71.28807 152.33218
73.81373 150.29959
71.47518 148.82549
69.26236 145.84293
69.73049 147.62077
68.36653 145.55961
69.78816 147.97704
68.50711 147.24950
72.49366 146.06412
65.51278 143.49533
65.29532 138.56895
68.15593 144.64185
67.70831 139.79811
71.99926 143.25940
65.87404 148.33707
69.20016 146.10214
69.82671 143.26355
69.47927 142.00147
74.13607 146.53896
68.56088 141.55826
67.12971 140.86067
71.49922 138.35241
61.82501 138.27615
69.46887 141.29601
67.46536 144.23312
71.69121 138.70539
63.86610 128.23931
71.42466 140.00327
65.72867 138.04441
71.58312 140.72944
69.29498 148.95911
69.81909 139.35997
66.61208 130.56426
72.27443 141.09112
67.29521 133.17977
65.60232 133.37010
70.63995 136.35060
71.52545 138.88256
65.69695 138.15115
64.19038 131.85726
69.24593 135.55440
70.09701 135.36733
65.80251 133.87546
65.47372 132.12647
73.08770 142.60043
65.79225 134.54218
67.29295 144.83355
68.22483 133.62770
68.41904 138.77355
68.99760 133.35288
67.67478 137.77560
68.35506 134.04312
66.26937 127.77348
68.40663 141.83847
67.60195 135.68473
66.17761 131.99437
64.18351 140.79484
66.85500 129.82809
66.02748 128.65884
67.87829 136.00276
67.85951 129.10086
66.43547 132.84739
67.74598 128.36429
66.65086 133.50310
67.82627 133.95314
65.26741 130.64185
66.73913 129.11747
66.35423 132.13480
72.97756 129.10695
67.89325 137.71030
69.70740 132.35549
68.17585 134.37308
72.52967 135.66436
65.72196 125.65047
70.33670 130.39889
70.46904 127.46467
68.44520 134.89914
64.54290 130.28114
65.76780 127.40431
63.96631 121.91154
70.55774 123.69127
65.67408 126.83546
67.21289 122.79320
70.69124 134.64899
68.97991 130.34254
67.04943 130.37011
71.04018 130.84593
70.32981 123.05953
67.22586 124.96471
66.38318 124.20090
68.06765 130.54877
69.27531 127.64886
65.78424 129.73618
67.11337 124.34381
64.59862 124.11344
63.63412 120.25236
70.26855 133.94291
68.43681 126.73826
66.01852 129.45373
69.59667 127.35655
65.24702 116.19408
66.79951 123.90116
64.84356 126.02221
64.40387 120.23696
61.18359 114.64042
64.83892 117.15701
66.39121 125.02770
68.13462 123.98831
70.43152 126.00855
65.13534 124.95038
68.22935 124.14877
66.16723 123.31052
66.89724 131.51232
66.15307 120.83315
72.52099 126.86537
64.69392 122.46558
64.70427 125.35150
68.31221 116.98319
69.25988 117.18091
67.62473 121.14518
66.35493 118.96460
65.13116 121.63218
69.25599 121.77289
68.54771 121.62422
65.66836 121.07975
64.56637 121.61345
66.17217 119.03242
65.23962 116.43226
63.70601 122.48901
66.86948 116.19663
63.77314 115.38908
68.74097 114.03501
59.71247 114.22028
64.11780 119.10171
68.10500 118.60062
63.67579 116.81070
67.66377 117.80568
64.31583 115.29721
66.80021 117.85916
66.66099 124.74371
68.31065 118.97704
68.61903 116.02565
63.01276 117.45638
62.89898 122.60255
66.16028 115.67706
70.47037 122.09320
65.70955 120.09526
62.30645 117.03717
67.30479 118.45543
60.29242 115.09369
68.21288 120.46674
67.01464 116.10035
68.25295 120.89999
65.17651 123.06622
70.07297 118.49137
68.59760 114.67143
64.26909 122.25866
65.80668 123.41395
64.25296 114.99172
66.89478 121.32950
65.58779 117.46794
62.65043 116.34333
66.17930 115.55429
63.67697 114.85814
64.98471 115.76822
64.99918 107.36044
