798.08959 870.89506
396.50385 804.76808
255.34956 777.57843
235.66520 769.44433
207.83099 763.94759
219.08340 764.59340
199.43516 758.46429
208.27257 765.57128
185.49174 758.03512
191.40797 763.52680
189.72552 751.34205
171.29458 746.13704
171.80840 748.31472
163.96491 742.57057
171.04871 740.88614
154.47630 731.41906
156.96385 729.41210
146.01677 722.77777
145.38523 730.58047
153.79798 727.16683
143.96721 718.66053
147.59822 728.16161
127.67473 712.90614
135.08255 714.92674
124.35270 699.78160
134.63941 703.97778
121.77798 696.73823
133.22141 698.07680
118.65585 697.36387
116.07717 691.81138
122.63103 688.22169
114.85523 677.07239
113.01169 679.46935
111.47798 673.35472
110.76976 676.20815
113.17582 676.91746
114.60547 665.31295
106.58205 663.63401
101.16910 658.67235
