813.02336 860.40830
470.61024 764.07745
265.03647 698.96310
231.74671 686.65711
218.32622 695.78637
214.95996 706.45138
197.83635 685.79504
193.53216 678.74620
192.44418 683.20687
177.78992 679.48252
167.96994 675.89433
162.69454 678.85996
161.46144 673.54995
149.99133 672.50529
157.84734 673.79270
161.60207 662.63144
143.64157 654.90116
147.44001 665.17673
143.83865 646.93804
144.28796 658.88143
124.86418 641.57383
136.41135 643.80660
127.44495 639.46095
129.75628 648.70260
124.84498 639.30996
115.53922 636.92525
115.69945 642.99006
122.78111 641.94105
110.49887 646.29821
112.12067 640.40409
111.78423 636.62752
104.54591 638.15465
111.31510 641.30564
102.96946 631.64096
110.13235 635.97974
104.29546 631.75342
106.66933 636.84864
105.34770 631.28393
101.87085 627.11257
94.50654 622.91242
97.95393 612.57432
101.41345 611.30293
97.34057 614.61811
92.04740 612.27429
97.89997 615.68425
83.07941 602.34764
94.29205 604.26533
96.56867 599.86169
95.28759 607.54458
84.42257 606.86136
85.60258 591.73076
86.28538 589.29392
86.46190 590.04618
90.01167 583.14575
84.02265 589.29437
88.27949 584.25221
82.35395 591.53008
89.58207 583.96235
84.88856 578.26434
79.83292 577.01751
85.19753 560.98498
83.67998 567.94146
79.16414 564.89817
78.87558 557.61382
77.39462 561.47067
80.01178 563.61013
75.09381 554.13184
77.14031 559.94591
75.88085 559.64057
75.66584 554.43384
74.66342 550.98920
74.57550 545.63674
71.64519 553.06396
73.15623 548.55226
73.02701 551.77724
74.40639 542.40497
74.55167 541.13284
74.62928 545.34700
71.60067 533.97944
73.73273 541.82331
68.61912 527.12069
71.37224 537.02692
78.16864 524.09897
67.70696 527.26507
68.15863 521.94298
69.86433 522.75673
69.94573 521.22462
77.31324 525.39959
68.87948 500.57520
68.55867 513.61531
69.41632 520.37412
69.80386 503.50485
70.14103 515.97483
69.12169 511.25868
66.64382 504.59515
66.44300 503.24427
69.64973 504.08029
72.09925 496.63163
67.09525 497.03417
67.86994 481.49329
65.05830 491.16238
64.62934 490.11193
66.00215 478.90715
65.08943 497.26043
65.59326 478.33404
66.44414 485.75637
64.26661 483.03054
62.52614 479.75295
65.41959 472.12539
65.66785 469.29867
64.35300 467.06886
64.76655 464.48761
60.42443 458.35965
64.57535 470.49217
64.53429 462.41500
67.12885 473.00139
66.90328 463.97371
62.96503 449.61210
61.40887 456.64871
58.45483 450.17371
60.86975 453.70565
64.89726 457.06419
65.66941 446.01140
65.21268 453.15300
61.26654 438.50613
60.79728 443.61480
63.10666 441.31528
64.93495 424.35118
62.83285 431.72738
63.48840 418.20930
61.02808 418.31141
65.11221 417.77160
62.86102 407.44460
62.69548 412.47726
56.94901 416.55229
58.40376 411.59804
60.95220 413.61739
61.52719 406.64292
57.07092 390.71633
57.42420 397.64479
58.64791 402.56151
58.76781 408.84727
57.18684 400.92634
58.82138 388.57482
59.55938 395.40312
60.38875 382.11391
58.28551 395.40499
64.21885 386.03505
56.91800 379.88009
57.37483 380.28233
57.83200 377.61018
59.06713 374.16110
60.10192 368.21112
58.92487 375.53358
59.00210 370.77211
56.94284 382.83208
58.42590 367.40272
56.02528 368.14144
57.49826 366.75542
58.54278 360.24583
56.54696 354.27508
60.09228 360.16937
56.99351 348.34382
58.91962 357.87557
55.81106 348.32536
56.45932 342.48985
55.91665 350.47407
57.13974 350.23203
57.01267 342.00998
55.30692 347.90601
56.40824 340.07187
55.58724 337.10617
53.85450 340.41301
56.51876 327.47760
58.96022 335.31771
53.11467 333.44200
58.53026 329.97646
57.20723 328.34282
57.37148 334.90946
57.08760 324.38133
56.02836 322.14742
56.10734 317.12653
56.33183 335.42698
55.56702 313.68177
56.05452 319.49316
54.00756 310.69031
54.70807 310.38098
55.51442 328.40238
58.09326 318.95040
53.40388 297.71755
53.52183 300.31614
56.67373 306.43542
53.49423 304.14445
55.18435 313.71971
52.38963 302.52227
51.85041 305.32973
54.08524 290.23988
54.13784 309.82763
54.31419 313.12112
54.86851 289.60625
54.21281 279.32117
54.18592 287.47943
52.24662 291.12572
56.76857 284.30574
52.36312 294.03444
55.33208 287.82734
52.34046 276.53753
55.32627 277.02573
54.87590 278.69417
53.45709 274.05008
53.60563 277.17584
53.01156 277.39031
52.84733 265.67943
53.73444 268.50166
55.91416 276.19550
53.34234 264.53450
54.13197 264.83517
50.40023 266.54773
51.34784 256.99668
52.10626 250.95180
50.18203 254.56071
52.39552 252.26492
52.01700 253.31877
50.39351 252.82866
52.66710 251.89588
53.13940 257.71097
52.98838 262.46718
51.71864 257.00239
51.36735 254.90076
48.19710 240.89593
54.72447 246.47610
50.65941 232.13356
52.17951 237.07430
52.62476 236.82961
51.30797 235.16078
49.46505 235.18007
50.71028 223.88892
50.22040 222.97983
52.43186 227.74156
52.53210 220.01559
51.80811 221.06074
51.82104 220.91997
50.13858 218.67788
49.82022 210.19731
49.56170 220.75827
50.69692 212.22173
50.59209 206.26646
50.00269 207.08456
48.49188 204.07438
51.30056 213.25434
48.57195 204.83084
49.95156 209.87504
50.89116 200.21839
50.81169 196.47826
50.35717 195.49868
50.18234 199.27959
50.94667 193.93234
50.42071 191.89166
49.39199 202.26241
52.59101 199.16037
48.86585 198.58682
48.41457 193.20623
48.62406 185.79273
49.30280 189.26795
49.80054 185.55312
50.80332 184.94204
49.99507 177.77721
48.62185 179.95407
48.65592 191.15191
50.60089 178.34231
48.30169 166.67352
49.82096 170.65156
47.17664 162.56176
50.15522 175.69040
48.72093 165.91909
50.02454 166.90618
47.41254 163.31525
47.27552 158.43113
49.38990 159.55538
49.01522 152.64386
48.58784 161.33822
46.89922 160.12891
47.65567 156.84382
48.68520 161.56641
50.71319 161.47630
47.89744 153.57018
48.07833 143.36887
48.43554 146.92242
47.26626 152.31541
46.91319 151.03705
45.36897 151.10747
47.36772 148.21845
49.19301 144.01349
48.02678 143.37172
46.60886 144.69434
47.04686 152.24817
48.46087 141.94871
48.56049 145.34108
46.81006 140.19566
47.16662 149.75154
47.76169 137.41775
46.10416 136.51487
47.67731 133.61233
46.11610 136.65489
47.04367 131.53197
47.71219 130.14842
46.10828 126.25226
47.84566 123.87741
47.41988 129.88067
46.79074 122.00248
47.90770 122.46721
46.89325 125.03709
47.03331 123.42062
47.34841 123.10536
45.18146 122.68405
46.87314 114.96552
46.37419 116.16100
46.95794 116.12612
46.73272 108.95791
46.38853 112.17408
47.16955 108.02644
46.43895 113.08955
46.41485 113.00573
46.33213 115.41095
47.19572 115.40519
47.37403 104.91281
46.78575 106.96747
45.68608 108.36499
46.76837 99.87363
46.22400 103.95703
47.40096 97.97967
46.19040 106.04283
45.87821 111.08156
44.28086 104.61292
45.30382 104.34430
46.98999 110.98709
45.71407 105.70695
46.19027 103.20010
47.78148 102.05278
44.02016 103.10492
45.32897 100.32668
46.72960 100.14798
45.96669 99.98848
46.01058 95.77968
45.05148 97.18838
46.57748 95.13616
45.52270 95.09232
45.90622 98.11187
45.71735 100.66959
45.23419 89.18209
44.92912 97.99654
45.58359 91.54597
46.11098 91.79549
44.20116 88.64436
45.38473 94.08223
45.59092 90.45571
45.96351 88.12198
46.46216 84.11757
45.85680 93.30441
43.87592 88.42096
45.68911 85.88717
45.38038 87.00019
43.21707 88.22704
43.79606 88.47357
45.80382 84.39374
44.82590 86.67545
45.23768 88.66072
44.42465 83.40066
44.10146 85.26808
44.03013 81.44409
43.18780 78.95587
45.60740 77.04976
44.57860 81.98696
43.40115 78.19130
45.92989 89.97955
43.58434 75.96179
44.41965 82.75714
46.18139 70.55168
44.39430 72.11842
45.19466 70.41803
44.78482 77.74631
44.16387 75.27645
43.50450 74.05707
44.49093 68.16295
44.88030 68.01637
44.76235 71.91568
43.82447 67.99126
45.65160 67.01861
43.55060 73.01486
43.36308 64.41477
44.16578 67.73658
44.49187 65.36895
43.45980 63.60881
44.55954 62.55976
43.97298 65.92750
43.02892 64.58000
43.80752 67.89197
44.07353 63.12231
43.07681 66.93055
43.51527 66.03822
42.34735 60.84873
43.34155 63.19833
43.80513 60.11260
43.84118 64.11332
44.17989 62.35710
43.56980 59.23175
43.32969 60.54600
42.65699 58.83388
43.20649 60.88961
44.14663 57.24501
45.07444 59.02711
42.90492 55.58044
43.65461 59.80307
43.86968 57.29686
42.91221 55.25968
43.13356 57.51183
44.21100 53.41513
43.08612 56.85554
43.16979 56.93012
44.13689 54.63228
43.34456 53.42228
42.74501 55.92448
44.07147 53.87604
43.41893 53.09745
43.59732 54.29370
43.53157 54.18078
43.55006 55.19985
43.11164 51.83951
43.94365 52.29758
43.22159 51.81850
44.44331 50.86807
43.06286 48.15609
43.88270 49.98386
42.63296 50.51364
42.20109 52.31909
42.61985 56.76135
43.29026 51.96988
42.76431 46.44040
43.36475 48.63425
43.54435 51.67741
42.08494 47.00592
43.22099 48.43715
42.56273 47.51674
42.41347 49.87399
44.16335 45.02322
