897.48244 903.59455
888.62334 892.91133
822.41904 859.09103
586.23800 757.00597
233.33269 609.82447
113.37065 567.11543
108.33865 553.14141
103.06124 542.66611
113.33656 552.40780
106.86433 551.57002
101.57896 539.25830
106.67968 546.90276
103.46379 545.58946
102.17445 538.17611
96.85411 541.31447
96.15275 539.92004
93.03231 540.25195
93.65166 538.53370
92.08928 538.53165
92.97159 536.91981
88.67082 535.60989
94.80199 530.61073
86.75846 525.60390
87.93357 522.04334
86.91799 527.42466
86.08480 522.25376
83.62822 525.95084
84.52118 522.24354
89.84491 514.68419
84.40016 518.04522
86.43027 512.26621
81.59384 515.56532
86.98451 506.25843
79.54671 504.29161
89.34635 505.48700
85.57743 497.23576
81.94196 487.57136
82.27126 493.87323
79.23651 490.57196
76.43859 488.85667
80.38248 491.78591
81.43109 492.36508
80.43728 484.35407
74.19991 473.02161
77.94125 481.51504
74.56249 483.37195
72.64176 479.46054
84.27692 481.57226
76.77804 480.26314
70.96716 487.06671
76.35316 481.56513
80.61494 475.93722
76.12405 471.09482
75.66952 473.76179
70.74606 469.18066
75.51767 474.68577
75.98914 475.00377
73.82121 474.00540
72.33549 469.52134
75.70265 469.28583
74.01505 473.74655
74.89546 474.15588
72.60351 468.27507
73.47667 467.60024
72.31548 467.31059
74.28060 466.74137
69.20258 465.53932
73.86366 464.08396
71.53742 466.90956
70.71369 461.65902
68.04612 458.31504
66.28261 460.80980
71.88538 459.97466
68.62087 456.49269
72.02495 465.46446
67.59439 455.60060
68.26873 449.52169
64.18507 448.85696
68.06393 448.84916
67.37081 445.40998
69.94951 445.20952
70.06350 448.46726
61.87313 442.14285
64.35853 441.52147
60.83832 440.90565
69.47081 440.71378
68.72750 446.65450
62.83114 441.08574
66.43654 437.19195
66.27111 429.63777
68.66862 435.85574
66.49008 435.32717
66.27496 425.62329
66.64329 424.94243
62.07180 427.25249
64.23028 423.82278
61.02055 424.70873
69.51276 422.83251
63.10996 416.47014
62.36035 411.54001
62.22830 423.17378
70.15830 418.74140
62.54156 413.16563
62.63464 414.91811
63.96391 410.83857
64.10617 409.17731
62.67504 409.62617
59.34788 408.99494
60.91934 413.69753
59.96641 412.21138
64.08330 413.35566
63.04259 407.30954
61.10402 409.11572
63.56277 408.45855
63.85221 399.58456
58.70329 392.13159
61.20552 391.70925
60.20062 394.96219
58.41169 392.86260
59.38011 390.34624
61.05270 390.27174
60.22300 393.88394
60.48673 391.95455
61.26123 390.29136
60.07227 393.93848
62.82974 386.39891
57.42138 384.30714
58.52605 385.03461
55.58183 382.32565
63.80770 384.09258
56.40504 383.50703
60.07624 386.28383
60.16583 381.72074
60.21321 380.23751
58.71002 378.05505
59.22783 375.19475
59.00041 374.37806
60.51754 374.64023
57.48571 371.62225
58.57981 369.95708
56.25758 367.09356
55.53466 364.52360
57.08993 365.65248
57.58691 365.01865
58.14909 366.85222
53.93871 364.31896
56.77103 367.91404
59.50537 364.81567
58.20407 362.49128
57.33561 357.91972
58.75402 355.84463
57.63685 359.38153
56.21899 357.90783
57.62635 354.26882
53.85254 349.82480
53.61697 347.93380
54.95401 342.30044
52.53370 351.34432
55.13966 346.02751
56.59914 341.68452
54.14206 340.95895
57.08390 341.86782
56.16806 343.44963
58.45275 341.22774
55.56710 335.91914
56.52095 334.46086
56.82652 337.75475
54.07426 336.51961
56.26391 336.24952
56.16684 331.28333
54.54452 330.18166
54.93788 332.64343
54.89252 331.69087
54.05944 326.71749
54.27302 333.05094
52.20438 331.87326
54.23571 324.84267
55.95275 326.30782
54.23720 329.09466
53.12586 327.91404
54.74077 326.43938
55.95413 323.77783
51.11042 318.84054
54.20361 324.51607
52.84972 320.69034
54.29819 315.83410
52.88340 313.30402
52.69964 314.93982
52.77276 319.61975
53.26594 317.65391
54.12056 312.84430
54.69999 314.88234
53.32168 310.51775
51.39168 311.75236
53.48128 309.98344
49.14837 307.13688
52.23967 308.77059
55.37731 308.27206
53.30988 308.43392
51.80750 296.49835
51.38556 302.18219
52.51668 305.77086
52.99944 303.95196
55.16712 302.26750
52.25341 294.30799
54.06665 295.46909
52.24548 294.97829
51.94407 294.12728
49.84549 295.02544
51.42645 296.62079
52.56129 296.07251
51.62034 292.76527
51.36444 293.89683
52.00440 292.19630
49.30572 285.37423
50.37615 286.06643
52.13461 289.56419
52.60958 288.61613
54.27047 287.53271
52.08306 289.97857
51.77926 280.54275
49.57143 280.14456
51.87937 278.61461
53.10285 280.89552
53.45861 282.04787
49.81446 279.72218
51.10925 277.30838
53.45406 282.36287
52.60913 279.56417
48.25572 273.58791
51.10845 274.90067
50.80460 271.77785
50.93353 271.83177
51.36669 267.60761
49.40735 268.68828
51.62284 272.30487
49.10483 263.07727
51.48419 265.38071
50.00839 262.74817
49.56780 264.99597
48.10800 260.36553
50.67099 261.03176
48.89490 260.41954
49.00744 259.43397
49.94210 256.89056
50.17077 254.93016
48.13573 250.00572
48.61394 251.23467
49.99796 250.74423
51.14308 249.55663
48.69233 246.97824
49.73903 243.09225
50.65892 244.46107
47.34235 242.33287
50.02707 240.91517
50.70657 240.63921
48.62358 241.85094
48.56299 240.59863
48.87261 244.02200
52.10028 241.43647
47.92599 235.08321
49.54516 234.11314
49.82352 234.69195
48.53045 233.58773
49.40628 230.00775
47.35142 227.83477
46.21107 229.78953
48.66130 228.35012
50.34678 229.05643
49.50894 227.35368
48.20054 225.92865
47.84525 220.93599
48.25229 225.61669
48.43342 220.35011
48.03937 221.26471
47.16446 221.55460
46.82941 222.25876
48.10023 215.33442
46.94378 212.85011
47.84182 213.42333
49.47053 214.07079
49.04242 211.92683
45.38083 207.37616
47.27214 210.14728
47.84611 206.14110
47.23547 207.58556
47.82316 206.03313
47.79710 202.07120
47.44923 200.47745
47.96878 200.66979
47.92486 199.65301
46.76379 200.02594
46.73870 198.15480
49.21319 197.12589
48.34871 198.42353
45.99876 196.65920
46.34024 196.26165
47.28456 194.16551
47.29264 192.44985
46.26925 191.83245
47.94114 192.08635
46.19219 189.33282
47.43484 190.93203
46.68017 190.95445
47.46825 188.65931
45.07453 184.61093
47.86381 184.63677
45.44067 182.39053
46.18269 185.00619
46.79658 183.71732
46.80534 184.43827
48.96531 185.35342
46.32031 182.05226
45.92497 179.06920
46.75759 182.28785
46.90049 181.18184
45.39105 175.81258
46.05134 173.85063
46.31042 175.99343
45.20127 178.20011
45.51937 176.87215
46.16623 174.16225
46.45139 171.61855
46.51581 173.37377
45.94466 170.82152
47.52500 171.89396
46.48449 168.62338
45.96345 163.82367
45.03628 170.26327
46.04247 164.28135
45.38492 163.15308
44.82560 166.37901
46.93364 166.86623
45.35962 164.82024
46.46890 164.17925
44.10921 164.21720
44.76523 161.55948
46.09742 162.26813
45.64890 161.13242
45.73411 158.10971
44.54960 159.59133
44.96265 159.71074
44.67094 155.59006
45.08216 157.18075
45.62523 153.51762
44.56796 152.38758
45.05104 152.77607
43.40126 150.31780
44.22081 148.55275
46.10740 149.69534
45.02287 147.99600
45.71533 149.41119
44.66877 148.93866
44.37273 144.91439
44.73909 143.07019
46.37845 142.86059
43.50027 141.91885
46.23936 141.59597
44.03335 139.21478
44.20654 141.88039
44.29668 139.86828
44.86848 137.91421
44.28784 137.63405
44.79010 138.22530
44.01355 137.96003
44.34793 135.78861
43.40810 138.22409
43.51441 138.21950
46.18745 136.02431
43.77716 134.64017
44.64722 132.75309
45.14134 132.64272
45.14216 130.97431
44.88942 132.99579
44.28678 132.63891
44.58443 131.15905
43.96290 127.33584
44.18090 127.73922
44.25495 127.65980
43.90635 126.72231
43.83831 123.94734
44.22728 122.64425
44.36255 123.06057
43.13248 124.30689
44.12386 121.14043
44.60281 121.79841
44.43520 122.30830
45.75676 120.65423
43.54820 118.04117
43.25252 119.48511
43.92045 118.59571
43.69329 118.95026
44.32011 117.44327
43.60734 117.46260
46.26260 116.85780
44.55247 118.91591
43.48522 114.55552
44.44466 114.64821
43.65635 114.28206
43.52705 114.05245
43.29817 112.58035
43.71936 114.12342
43.99224 113.42908
43.90864 114.59286
43.91984 113.56559
44.17962 110.59785
43.31221 109.41391
42.91826 109.87216
43.38850 109.17015
43.16418 107.62184
44.75260 107.65920
42.98706 106.52955
43.60272 105.47407
43.27433 104.01514
43.88357 105.62154
42.70854 103.06670
43.36026 102.73789
43.63737 100.36286
43.89625 102.14833
43.13635 100.17522
42.52306 100.99464
42.50411 101.17481
44.48652 100.97413
43.68511 98.26984
43.20990 95.55450
43.84117 97.52727
43.24735 96.33153
43.12567 97.60769
42.98040 96.15312
42.24000 98.02536
43.81357 95.48738
41.68215 94.60716
41.96821 95.14012
42.08365 94.30922
42.36608 93.73665
42.58903 94.05783
43.21516 95.01918
42.65953 92.24176
41.86869 94.19808
42.18487 91.64214
43.05202 91.46836
42.63125 90.68455
42.66250 90.73782
41.76303 89.99315
43.48195 91.11761
43.47627 90.11173
42.90858 88.82119
42.33112 89.59854
43.20610 87.32872
43.67266 87.88158
42.55482 88.26800
41.76432 87.85081
42.86103 85.61992
42.74673 85.30215
42.71836 84.80008
41.97048 86.14611
42.81459 85.43891
42.39697 83.04763
42.17059 82.71364
43.94087 82.62903
42.98220 82.27129
42.02335 83.44803
42.10827 82.72722
42.96291 82.89361
41.81133 81.77561
41.10159 81.31569
41.57850 81.22178
42.44335 81.55848
41.93311 80.85520
41.47533 79.46131
41.72433 79.23377
40.97801 79.77168
41.64003 80.00325
42.53153 79.49269
41.88732 79.36217
42.48217 78.86412
41.40242 77.31940
42.33525 76.76699
42.23737 77.23917
41.72964 77.36174
42.22813 76.47877
41.86115 76.56546
41.93377 76.57841
42.50295 76.48590
42.78293 76.95519
43.20089 76.34692
42.09116 74.15685
41.68525 73.69502
41.26066 74.84788
42.46686 74.31801
41.67820 73.05013
42.46062 74.56157
43.00904 73.87432
41.65457 72.86858
41.23775 73.19409
41.97850 73.37221
42.34381 73.06483
41.38977 73.19647
41.85894 72.76112
42.00897 71.72609
41.27565 71.22998
42.51604 70.84616
41.59029 70.88560
41.49668 70.64422
41.69612 70.99679
40.93884 70.80967
41.79703 69.90374
41.13230 70.26863
41.60650 70.23530
42.07509 70.61280
41.75192 69.38017
42.48335 68.86506
41.33392 68.15965
41.97013 67.66115
42.07905 69.01961
41.64383 68.08302
41.39787 68.04620
41.52271 67.38752
41.86636 66.41246
41.11588 66.88708
41.47978 66.22304
42.10987 65.44757
41.76484 65.76217
41.62694 64.12945
41.11558 63.78639
41.38754 65.11609
41.89479 63.90779
41.42561 64.25984
40.77209 63.80859
41.70505 63.38790
41.44953 64.37538
41.39484 62.53562
42.40287 63.28668
41.25310 62.73417
41.51294 61.51140
41.48937 61.41004
41.82397 61.45764
40.90542 62.07746
41.59844 60.59985
41.72736 61.50184
41.07324 60.56344
42.00745 60.75028
41.67046 60.64509
41.28663 59.39686
41.11378 59.31309
41.66979 59.75995
40.95383 58.92622
41.52754 59.44619
41.23719 58.90019
41.16605 59.77402
40.50758 59.70975
41.30083 59.53546
42.37191 59.39081
41.89906 57.90433
41.97757 57.56633
41.41170 58.14791
41.58336 57.78321
41.21229 57.71037
41.92449 57.19281
40.87605 57.03226
40.97838 57.17019
41.48553 56.26451
41.10032 56.87930
41.01822 57.78248
40.60447 57.04347
41.06934 57.33159
41.37181 57.46550
41.31859 57.07795
41.05119 56.92054
41.51562 56.37129
40.35234 56.08765
42.67871 56.56396
41.38020 56.45519
41.60948 56.56455
41.38562 56.27631
41.52366 55.55716
41.06531 54.59786
40.88004 55.06628
40.92221 53.93795
41.06412 54.45822
41.29548 53.67544
41.30082 54.56448
41.32968 53.89605
40.70285 53.65910
41.02583 52.90410
41.12679 54.02620
41.06921 53.19320
40.89818 52.57219
40.66534 52.50015
41.39637 52.66768
40.90818 52.65359
40.44717 52.11704
41.65824 52.96859
41.72197 52.30887
41.28760 52.07883
40.59291 52.19895
40.10078 51.96557
40.81852 51.10639
40.15266 51.26039
40.53370 50.51567
40.67026 51.00593
40.66847 50.98356
40.58016 50.24854
40.91451 49.44602
41.70354 49.35374
41.57374 49.40814
40.61675 49.32307
41.54545 49.23373
41.03316 48.82338
40.62272 48.25719
41.17631 48.50077
40.74367 48.12198
41.18244 47.93416
40.45513 48.04744
40.13291 47.46401
41.54746 47.69589
40.15613 47.61068
40.51865 47.49500
40.50437 47.35756
41.05925 47.21976
40.65705 47.53305
40.84006 46.69099
40.66877 46.67017
41.09667 46.87669
41.48086 46.39856
40.77676 45.97812
40.49611 45.73102
40.65391 45.86870
40.52348 46.12242
40.69770 46.12741
40.64123 46.20355
40.69137 45.54502
40.75711 45.83498
40.58073 45.95489
40.45460 45.85022
40.73074 45.58289
40.45016 45.61146
40.70352 45.77532
40.64147 44.87137
40.76330 44.98000
40.65190 44.83594
40.32116 45.43151
40.93284 45.26300
40.83139 45.28046
40.56714 44.97856
41.25210 44.95752
40.38839 44.69188
41.32295 44.83752
40.56368 44.68919
41.20670 44.67113
40.59905 44.59897
40.86343 44.90583
40.90908 44.99706
40.30592 44.43386
40.94562 44.95136
40.52423 44.38294
40.55231 44.76431
40.56829 44.40650
40.95215 43.80935
41.62209 44.37946
41.00568 44.25395
40.33118 44.14959
40.88137 44.32643
40.64589 44.25830
41.01731 44.18973
40.65004 44.09992
41.11234 43.67519
40.61196 44.03780
40.39550 44.06242
40.54877 43.60501
41.13941 43.49657
40.51522 44.15810
40.87358 43.68378
40.14900 43.48089
40.96202 43.48465
40.48412 43.84091
41.07710 42.92967
40.91625 42.80900
40.58667 42.83565
41.31819 42.86217
40.77837 42.94699
41.01436 42.83628
40.00560 42.54915
40.41874 42.60196
40.62973 42.75981
40.60797 42.37187
40.14130 42.49805
40.30443 42.33674
40.80131 42.26635
40.41490 42.59496
40.72306 42.15626
40.02744 42.12466
40.40755 41.97678
40.59307 41.79206
40.46515 42.12973
40.34319 41.63131
41.21935 42.09118
