955.49476 1204.02221
547.06233 1104.79321
348.27074 1032.64961
302.57084 1006.09936
256.36531 992.70074
264.39993 997.40839
250.51279 979.13567
197.22179 976.31640
241.83375 979.41163
212.80512 953.74095
225.04983 952.33099
193.34712 962.63601
211.81098 961.32592
213.04361 953.11901
198.35330 944.24896
184.84049 939.59238
189.51022 931.35988
177.01428 924.69012
207.17591 935.55239
181.25856 919.46405
180.78347 933.21954
169.16907 913.13713
186.39494 910.75977
164.71905 912.09939
184.82488 912.71229
187.07827 926.37122
188.69194 902.53932
163.26136 907.52086
141.14913 884.91222
164.68800 893.88761
143.40260 896.15006
164.18821 894.37127
148.76089 886.29596
139.18521 876.45832
135.53931 876.32157
149.23494 870.17146
134.03082 857.45947
132.51713 867.20359
125.03402 846.18839
120.58298 853.47094
131.83425 865.59765
135.40079 859.57458
123.70002 844.81319
134.31688 834.13311
128.73683 855.91400
130.27696 845.46178
120.73230 837.78377
104.27789 839.62175
117.62833 847.70469
114.37032 837.23514
118.67351 835.00474
114.80895 827.33117
121.68713 827.38320
115.93556 831.20493
118.37539 830.25999
110.52726 826.88918
115.37513 811.05993
109.49550 803.95108
104.82929 809.55900
110.42333 812.99158
109.06373 806.45893
109.69716 816.24377
104.70961 804.58931
113.81602 792.25710
109.74512 801.86410
91.26887 812.04981
106.89526 813.66824
95.49602 809.83056
101.32168 790.13385
96.53555 795.55160
106.23075 784.53259
94.46700 781.55525
108.32697 785.75739
103.27494 775.95542
101.40256 795.14313
91.95357 786.92599
90.15462 784.92138
89.49971 781.46485
96.78927 781.52048
90.95131 760.61546
96.12361 773.45542
97.56383 771.65488
95.77907 770.32072
81.28386 749.85564
89.65605 765.27093
89.47277 763.42888
94.96338 763.48517
86.36938 753.51011
84.11340 737.17031
87.77782 748.78079
96.62224 751.30686
89.32649 741.52286
84.72583 743.88136
89.93913 735.47468
85.05627 738.85977
85.73273 709.37835
80.46915 732.55002
86.45990 726.40513
85.02697 733.46588
89.72905 726.18578
82.94603 714.41411
78.12137 724.96553
88.67146 725.99564
84.81237 716.93618
84.93417 727.48514
86.78003 715.46867
74.35688 700.42190
82.55787 708.63878
70.83298 716.42691
77.37161 710.53703
73.96382 700.05581
81.77968 713.98747
84.20797 699.00955
86.05276 682.70682
83.43897 699.87315
75.45477 691.32555
76.22815 707.43901
73.57730 676.56754
67.23055 707.10630
79.17751 688.75661
78.72105 696.55146
75.53228 695.76632
78.97037 695.16539
72.94632 701.02592
75.51223 692.37427
74.16292 678.98206
75.91644 705.52786
76.29410 690.65329
77.70791 673.43965
76.49629 675.03670
73.01859 684.28450
68.61591 690.31456
69.05277 686.80193
71.05474 689.52626
76.74901 666.10706
74.17412 668.32016
72.07284 660.84270
78.04702 673.86447
70.91584 686.05110
76.42211 675.65488
78.36528 669.58146
66.98458 650.29527
69.42168 678.56647
71.94600 669.83821
67.07654 662.87325
67.89806 661.00534
62.95998 648.04392
65.62915 651.17580
67.78554 642.81901
62.03336 678.27104
70.43249 656.72251
69.87140 648.44292
72.22078 639.64319
65.22082 646.29568
74.84527 663.44289
68.22492 663.88954
68.68207 641.86964
74.49505 639.98924
74.70103 641.65316
71.34223 628.09095
67.27297 635.85320
63.82656 616.19363
83.60212 658.16501
74.18942 625.82022
63.92738 608.77303
73.54117 614.22731
67.27364 613.13403
58.20173 631.94019
68.21579 608.28430
62.30121 603.04317
69.09931 606.86705
68.33736 600.29738
71.34367 599.26546
67.81630 594.75544
69.18234 591.23845
73.28815 596.20473
70.12928 602.00307
67.12560 593.32586
68.19479 585.58490
76.08389 601.23581
63.85825 597.68290
69.13303 595.99074
67.87108 593.28836
72.42159 578.46480
70.69095 590.34430
63.91440 589.91330
69.60103 610.79592
62.38814 566.77875
62.85779 580.99098
76.13464 570.26907
73.97232 584.97278
64.04818 597.60489
69.92533 608.68324
68.81803 585.15503
60.56609 603.87160
63.50499 599.70893
68.72622 594.05707
57.84267 579.00418
64.36695 596.55252
74.54075 598.97461
66.21045 589.86408
57.00841 571.82527
65.67635 564.35518
62.59160 554.73442
70.69006 567.23613
64.84963 560.27086
60.17172 578.73068
63.94058 553.28999
64.11851 574.67343
67.87635 566.08168
64.54383 552.09524
66.73546 572.27017
64.53820 543.32015
70.68346 578.40334
66.07749 559.54831
63.17626 568.01441
60.62393 555.76787
62.51702 552.39233
63.18470 559.47250
60.59971 540.39694
64.55911 535.65730
61.60437 539.90025
68.14366 527.50748
60.78019 517.38269
64.03326 507.61502
66.44944 525.03772
61.16375 524.24434
58.37510 531.72070
60.59890 535.28369
54.65639 479.52180
59.67821 518.23494
63.14392 500.31184
58.70844 494.15594
68.43526 510.63907
59.67915 498.08502
66.05805 472.62082
64.89232 515.53410
67.98290 502.31775
55.79645 464.14328
58.14386 492.93047
63.83526 509.67552
63.81632 489.96394
62.72637 494.47308
59.01432 487.15581
55.81439 485.96477
62.16849 494.12708
64.42198 492.84209
60.84431 478.21354
60.09563 482.14285
61.46915 469.94043
58.18633 494.17483
56.24695 473.97929
62.49642 455.54242
61.36682 482.25293
59.44217 456.66899
55.74037 466.28213
56.73742 477.60799
59.81164 462.17341
60.76960 457.82061
59.29017 449.80239
56.88516 461.55755
58.10223 448.97140
63.73765 468.95937
54.12482 449.93975
63.91767 468.57153
59.11804 467.66044
56.30706 440.34429
55.65876 466.99322
61.88953 432.11163
59.79866 436.61564
61.78669 456.12743
53.56889 437.51465
62.30938 429.27585
56.80367 427.73788
60.83639 424.17461
52.43423 436.70667
56.63894 437.91428
56.62318 435.03441
56.07694 429.29041
59.86406 419.59551
56.55131 418.61475
55.48152 406.41564
54.79186 409.55997
54.97466 396.28747
55.99168 391.48918
57.41372 416.82751
61.00529 410.91511
56.42153 406.18999
55.75059 431.19643
61.76614 404.80272
57.05058 404.13228
53.73142 412.06813
51.22144 387.31269
59.11021 413.66196
55.31186 395.59752
56.49271 395.47473
54.01246 377.51186
55.95801 378.99127
56.42356 386.46980
57.94520 398.71651
57.48362 369.08262
57.17327 392.15637
55.88273 400.57016
55.59757 367.57812
57.99858 369.49552
51.51841 387.74661
54.84494 387.29002
57.11526 380.25881
56.69940 382.84389
57.02310 395.40375
58.95701 381.57593
51.69499 375.50650
55.06618 366.48978
52.06049 408.40763
61.03348 367.66849
53.32284 382.88341
60.32876 363.37163
54.96188 366.27131
57.35914 362.09388
52.56804 372.48773
57.66825 396.19351
57.79708 379.94536
53.59297 381.23448
57.48810 367.02967
50.60724 373.43370
55.72738 364.34394
55.50470 361.13928
55.71842 358.69013
50.69784 373.71355
51.04191 367.16279
56.57559 385.12680
56.24916 369.71834
55.06439 357.35656
52.02115 356.33989
51.29771 334.18170
59.70028 348.60026
52.30345 349.17951
54.47708 365.54428
53.65528 373.94141
55.21065 340.84692
56.26752 334.74908
59.71321 346.70921
60.45454 341.53236
55.34399 330.94308
55.65288 336.83224
55.25355 340.44021
53.98016 331.77309
58.02852 368.69940
56.81803 355.75309
51.95026 347.13921
52.97677 321.15996
53.93026 316.59162
56.83990 340.20461
59.02645 334.71394
55.79448 315.28077
56.26292 329.34924
58.61661 335.19236
46.86814 323.68437
53.78403 313.16778
51.40783 322.61447
57.45878 329.26732
55.24345 344.75433
58.36300 316.31005
50.38670 319.97272
57.64973 322.06784
53.18539 331.13491
54.85518 314.35363
52.54932 303.40308
55.51723 314.45308
54.18908 297.54363
50.43548 326.88467
51.18489 307.69804
51.89683 310.02607
48.22023 299.73627
51.45179 294.63846
52.40633 302.54860
57.40882 294.14325
56.14290 290.05034
53.67393 291.88131
52.52494 286.86752
53.33960 291.06987
55.15809 291.64359
53.57038 302.63202
55.82686 269.39193
55.30741 277.56848
50.83128 306.63917
50.37368 301.52468
53.16857 265.47841
52.91883 270.26739
49.80927 276.19833
55.41263 275.00262
51.88475 278.32630
55.03677 285.88223
50.32954 259.41378
53.82086 289.24702
49.97066 267.23534
48.73430 280.35557
54.56418 254.62080
51.13528 283.34619
53.95890 271.27676
50.89120 272.39039
53.78846 276.37608
51.25385 267.11181
48.85435 269.42898
50.27388 270.94154
44.61238 272.06090
46.06806 243.40640
52.89568 256.74284
47.23668 242.74828
48.62550 237.42313
54.04241 257.94158
53.08185 241.33396
48.53278 261.57361
50.56213 246.30121
48.46075 257.00699
52.04206 259.35275
47.13412 269.00230
51.77557 261.75640
49.45832 247.28684
50.08346 258.51370
49.72090 264.93679
46.19361 262.85377
49.17418 245.08229
47.21722 258.57278
47.33010 241.18051
56.15668 241.56921
49.60576 230.45271
47.87606 229.79569
51.64419 244.21549
47.18675 252.16550
46.67600 213.08044
57.04860 252.07203
48.20048 260.43119
51.37491 257.53718
50.22989 232.57044
49.59287 245.06377
48.93222 236.45689
51.84386 241.21943
46.01488 254.60024
51.53671 235.00218
48.39878 233.86931
50.17024 221.96510
49.44017 215.04652
53.01364 212.39957
47.77331 256.90879
54.41024 223.39768
48.68173 225.78652
51.29109 229.02856
48.68494 221.18252
54.08283 229.75210
50.83120 207.16685
50.32888 228.93227
49.29466 211.74959
50.97867 217.54221
49.87068 202.67760
49.03993 212.90816
52.42987 219.79151
46.70974 211.96053
49.72848 202.60623
50.13770 201.96012
51.55732 213.74666
45.73446 226.94608
47.58037 216.17798
44.16600 207.01453
51.67609 201.46070
46.44888 199.28323
46.28333 205.86790
51.01001 199.48318
48.51010 199.22436
45.90288 201.61509
43.83480 190.37528
47.76562 198.85650
48.92428 190.50927
47.41705 194.86481
47.82294 163.82348
49.47105 184.54556
47.66497 183.54901
43.39475 199.50489
47.66418 178.58420
46.87760 183.12485
51.79977 201.42814
45.96814 191.89875
49.59458 168.79690
49.46061 179.42434
49.56082 161.35842
46.89491 195.89887
46.70960 188.82281
47.77196 187.46566
47.62674 174.65108
45.63817 185.55359
49.51445 197.70361
47.33071 183.47208
50.61815 198.62294
49.42951 183.74519
44.40377 188.45770
47.29714 173.00602
45.33326 209.55004
48.84772 193.10426
45.38612 189.31382
43.71241 169.34280
43.64037 183.06772
46.58119 139.30469
44.18708 181.81342
46.50020 161.86715
50.68568 177.05264
46.63673 173.51146
47.37618 164.26971
43.17928 186.39760
40.06437 151.73362
49.91258 182.81012
41.78533 179.70829
45.05450 165.31953
44.96215 178.97705
46.16117 190.44574
48.77704 155.90697
45.82987 178.32871
46.02995 154.08740
48.66652 158.83114
45.76449 156.37217
43.65648 167.23057
45.40832 148.00015
44.32276 184.35956
43.90869 142.51206
46.28848 154.66166
44.94939 153.25839
43.69642 153.66563
44.88483 151.77949
47.90470 144.24867
44.79031 154.43813
46.45253 162.14441
46.73696 145.43775
43.18600 157.28989
44.06210 146.10327
43.30198 147.43932
43.23760 140.58874
44.48298 142.46073
46.86746 139.75923
47.58672 144.39078
43.78281 148.62626
46.48364 145.15366
44.25199 145.19304
48.75038 140.47246
43.61755 127.25115
49.08207 131.11311
45.16525 147.37462
44.83529 138.14469
41.02836 161.49529
45.85318 129.19430
44.21534 135.00824
43.25967 144.40332
47.33638 149.12930
43.33743 152.73819
46.36470 135.53765
45.75263 133.34357
43.80826 139.36526
45.76213 152.42466
45.20392 136.30482
42.74864 130.53951
46.93908 126.42280
46.18050 138.52810
47.46529 136.19614
42.06912 135.39084
48.53674 133.62080
44.36173 139.97371
43.88321 130.03203
48.86824 141.34604
43.12390 122.48240
43.25009 137.75113
44.32922 117.58214
43.07960 119.13043
45.94540 116.79700
42.10536 115.18966
47.27984 124.30685
42.64102 114.93139
43.12943 118.71687
44.03586 112.13547
44.19120 130.45246
44.48656 125.30937
42.62449 115.18184
41.67180 116.02123
40.34503 108.76137
43.21614 119.48839
43.30812 120.25731
45.07951 126.59111
43.06923 108.89055
42.71314 123.24048
44.85504 113.38325
44.29335 119.07534
44.66067 114.27083
46.34443 112.20186
45.09068 107.34501
46.33068 87.92043
44.15709 101.55552
44.35609 103.01819
43.56049 109.13333
44.73263 107.04097
44.98301 116.98122
43.90699 118.22891
43.41211 116.49729
42.57684 94.23469
46.63156 110.50850
46.43881 90.75686
43.84236 100.63097
41.94546 91.62351
45.92982 96.70927
41.60722 97.98227
42.09015 92.89705
42.14638 105.42773
43.09627 93.21266
45.85514 86.27329
43.97389 98.16423
45.15974 103.79525
43.09812 98.23335
44.34762 99.18451
43.43540 96.62143
42.46526 90.04148
43.58414 84.46579
42.20241 96.73230
41.89772 81.29704
43.11574 95.32538
44.25170 84.72764
42.82405 82.00530
43.79891 85.70761
46.16827 88.91314
41.02574 102.54915
42.37371 91.01407
42.09833 87.05999
43.37098 114.33472
45.93830 98.33346
41.91665 87.68408
41.38824 98.68229
40.68880 89.83490
43.10324 83.16959
42.98614 93.58782
41.02185 78.21978
45.27496 96.74742
41.30670 104.99555
43.17866 92.22771
42.62556 82.75589
44.15301 91.08652
43.13672 72.51577
44.82870 79.27227
43.38883 81.96587
39.60908 73.88460
43.30068 76.80354
41.51709 80.63527
44.75960 88.09943
42.42174 86.57580
40.86561 73.15354
43.75999 75.88237
41.64033 83.90176
40.54080 91.72646
44.94694 98.11379
42.33791 76.20558
39.79259 68.98120
42.16644 78.82737
43.75462 65.25852
42.17269 82.24362
42.42553 71.31272
42.74485 95.07938
41.26524 85.00095
44.62974 79.06936
40.33804 91.06123
43.38030 97.56952
42.09578 77.43896
43.42406 71.04719
41.18881 75.59117
43.78050 69.63423
42.07197 70.54887
42.79483 87.06166
40.25548 67.85295
41.82849 73.72410
43.65707 78.21558
43.55529 69.92840
39.20784 71.69347
40.52495 70.57462
41.96536 66.95594
41.32027 71.94490
44.52536 73.34988
44.17714 83.87517
43.22284 74.21306
42.69116 67.06528
43.30867 75.50425
42.89022 72.40900
40.58286 78.60301
42.82846 75.21945
40.91912 80.11012
43.15360 73.55956
41.86398 67.14817
42.25600 75.35477
45.08831 76.71910
43.55748 66.10363
39.56092 57.10761
42.36180 75.35729
43.14015 60.91428
41.82199 69.86693
37.88619 71.85058
40.80921 64.74263
40.05864 62.13832
41.39376 61.34626
41.94734 75.70647
40.85950 71.88632
41.13508 80.56409
43.34821 70.81945
42.46210 74.88605
40.77667 65.30356
41.87471 66.05063
40.54911 62.79567
42.94157 60.14096
41.57551 66.67069
43.08261 61.20801
40.24021 68.95765
42.20329 73.22114
43.10624 70.62315
40.78816 67.64916
43.15227 58.58286
42.66717 64.49536
40.93355 57.10109
44.57998 75.41521
43.73460 64.68485
38.80258 63.91682
42.88230 58.57190
40.53202 56.44643
39.81755 53.30365
41.27095 66.76823
41.51065 70.89569
41.08931 72.58304
42.66425 72.45241
42.66930 59.21794
39.34647 58.50591
41.18708 53.56789
41.36091 63.79583
41.19723 77.60531
43.02842 60.26665
42.35891 63.23296
40.67663 73.43973
42.35150 63.39357
41.65407 66.37403
42.07742 64.82327
42.06281 62.74448
41.30309 59.34675
42.65029 64.99075
42.01026 61.80951
42.00152 59.41059
41.56976 61.07502
41.83181 67.70142
38.57511 72.56839
42.00469 61.21122
40.15536 53.84474
42.11310 63.82548
39.48108 60.77294
41.33855 55.21803
42.91445 56.36737
39.81355 69.19516
41.60319 61.54385
40.74785 55.31450
42.51647 60.00517
41.40818 57.53175
40.85472 62.50901
43.38122 66.15445
44.04717 58.30324
40.48503 54.28475
39.48382 55.38661
38.13111 54.55529
40.30941 51.82117
44.40831 55.07322
42.32043 56.39365
41.35804 53.98821
40.32259 50.89307
42.30330 60.67449
42.33188 66.88346
42.04821 43.02614
41.11144 61.05916
41.98280 53.32345
42.69374 62.82086
43.94688 51.45502
40.97654 49.07070
44.09959 56.64887
41.67136 50.16345
40.88114 61.85053
41.09648 54.20053
41.28663 57.14244
41.95104 57.78052
39.54896 47.33519
41.40950 51.82142
39.85061 54.77460
40.17595 63.84394
40.82650 51.34528
38.53385 47.23093
41.57030 51.66185
41.15705 47.59354
40.03418 61.70702
40.54131 51.88177
41.09417 56.09472
41.24011 55.50413
41.76959 56.01533
41.53768 59.23775
40.82471 46.53876
43.42629 46.52446
38.86411 51.47629
39.23546 57.40668
42.61394 45.70864
40.94318 47.99999
40.53988 52.78075
40.81397 59.72567
42.81957 48.16217
41.26137 53.27033
41.67091 49.53092
43.23622 47.71416
39.37500 50.91129
42.54820 59.46091
40.11201 48.51025
42.19114 53.03037
41.03147 57.72490
40.96394 52.09300
42.64974 53.25481
41.60952 53.70771
41.81255 49.76607
40.25750 42.69916
39.78875 48.54903
41.50707 45.00467
42.02626 46.89866
39.48103 46.59840
41.71365 56.06253
39.78046 52.56580
40.86712 55.83796
41.21161 43.29246
42.09314 43.81731
41.21950 44.11134
40.32720 49.05292
39.67307 50.63350
39.84566 53.32113
41.84172 46.56523
41.82614 41.07194
41.04828 51.94631
41.29778 48.52184
41.43086 53.10114
39.11034 43.92357
40.47214 45.05319
41.99222 46.70949
40.26596 43.87119
39.33426 44.48231
40.01745 46.03512
40.49981 53.37281
40.75075 41.19726
40.62869 49.03140
40.23378 40.23450
41.07847 43.39388
38.94335 51.71751
41.78278 44.85510
39.32961 56.89375
41.65315 38.09613
40.58988 48.05208
39.28803 41.79310
39.74439 41.50015
39.35398 50.97448
39.82109 40.61839
39.24180 59.77928
39.81399 40.83646
40.20490 48.98271
38.83929 38.99328
41.83382 46.42304
41.02110 42.86835
38.38819 43.11405
40.67520 45.15719
41.80275 55.01022
42.13166 40.26079
39.37282 41.27612
38.97897 45.22187
40.13167 49.49939
40.00974 39.29724
38.87953 43.56972
42.14060 41.08224
40.44540 39.10244
40.99488 39.46029
41.41616 40.64584
40.17719 39.72653
40.71101 50.19955
40.85782 40.24252
40.24333 53.29320
39.17046 43.26916
41.34445 39.61252
38.97772 46.77987
40.23812 41.58760
38.01250 43.25315
40.66884 45.69257
41.68899 41.70940
39.60361 50.58721
38.51797 43.38959
41.10263 44.54758
37.94024 40.20781
40.22433 36.81406
41.21477 46.58020
40.14528 40.70388
40.21634 49.29980
40.70343 38.15011
43.13484 43.30064
39.41948 39.74247
39.52707 44.90065
38.75512 39.01559
40.33160 43.53166
39.20867 50.18200
39.67741 39.87084
39.95336 40.60267
40.42799 41.98531
39.60910 42.73863
40.85022 40.84670
42.37372 36.53807
40.25063 38.02207
39.88227 37.02940
41.22405 44.55963
40.23385 40.43941
38.22774 45.70411
43.02198 42.31638
37.83991 45.19992
40.96517 40.91033
39.90955 41.30359
39.06769 36.41136
40.25560 40.61357
39.22142 35.84151
40.38988 37.66528
41.14823 38.06776
39.62615 39.98717
39.07318 42.06208
43.44491 42.08234
39.75234 40.70176
38.67892 40.57456
41.72664 44.68723
40.78739 37.46513
41.43623 39.09445
41.78128 40.97900
40.42832 43.87220
39.02399 44.96720
41.64278 37.95539
38.72555 42.19746
39.70525 38.88100
38.99761 45.86388
39.40136 38.51605
38.46692 38.12499
40.68416 43.61469
40.79902 42.87414
38.28756 41.24413
38.91625 39.33927
39.65455 38.82342
39.85772 35.42468
39.18810 39.58611
39.90673 46.79913
39.08406 46.45294
41.41302 41.66924
39.66927 39.82855
39.83777 43.22431
39.48069 48.80772
42.19302 37.40379
42.06791 37.27757
40.99361 39.49287
42.29228 37.54289
40.81003 42.57351
39.92922 41.35769
40.32311 35.39709
40.40437 45.79386
38.27224 36.33934
39.25775 37.78624
41.54252 38.05909
40.11109 43.54861
41.40368 37.24149
41.89158 38.65661
39.24815 36.08983
40.51817 35.58815
39.43459 40.59446
39.25756 38.16344
40.39419 39.33685
37.68426 39.12328
40.26648 38.16053
39.50520 37.26323
40.65667 34.79091
39.54614 44.74411
38.70614 39.82717
41.24673 38.74624
38.41590 43.84012
39.55834 41.40181
42.22594 41.80340
38.97296 41.18670
38.87235 36.53723
40.64509 44.02543
40.58974 38.21062
39.25558 37.30369
39.56961 39.73428
39.60433 42.10387
41.35428 37.04507
38.97303 35.01267
41.08024 39.46936
40.43041 42.49725
39.91916 39.81507
39.29164 35.96987
38.51850 35.39589
38.22441 41.75086
37.76607 35.10221
40.18064 35.83445
40.52260 39.08109
39.54125 35.28187
39.18915 36.41749
38.72507 37.22271
39.84356 40.06585
39.75364 39.87152
39.35319 34.85509
38.78907 41.58512
41.79162 38.27278
38.03441 42.36328
38.22889 35.60798
39.07393 34.61417
40.98390 37.39980
41.80573 35.67029
38.44608 38.92713
39.11834 34.54692
38.87394 37.23471
39.19213 39.24839
41.05896 38.42646
40.75385 35.28341
37.79776 35.10544
38.36093 35.08070
39.77047 37.73508
40.12076 35.54687
39.03640 34.63235
40.08855 34.84185
40.03075 35.31823
39.73574 35.06462
39.45059 36.08860
40.31792 36.26922
39.71873 34.82873
39.18847 48.36742
40.68893 38.34134
38.73469 36.98758
42.56150 35.71783
38.36457 40.51377
39.92592 36.59166
37.99075 41.69548
41.77407 37.85895
39.55336 34.95288
39.13489 38.96294
38.76887 34.64310
41.09658 37.90538
40.12485 38.16658
40.48540 35.31461
39.43341 39.14554
41.21570 35.56394
38.87625 34.69072
41.69163 36.63880
39.90056 34.61353
42.13832 35.89098
40.48515 35.84413
40.91371 36.98885
38.69857 35.84606
38.75206 34.95399
39.82734 35.62293
38.74888 36.23591
38.55792 37.79859
39.16768 36.57390
38.00245 34.69578
40.54952 36.15007
41.67570 36.09200
40.29634 35.00326
38.09940 34.66080
38.20778 38.32846
40.24099 35.20636
39.59465 34.72586
41.63033 35.75469
40.59024 38.59538
41.89169 38.38136
38.21084 35.97868
41.18905 36.11747
41.14904 37.16915
39.21019 34.65213
40.10149 37.99729
40.88977 41.15263
39.64888 38.66970
38.41114 37.46665
39.59684 37.32824
40.29758 38.21431
40.29483 34.61136
38.44466 34.76510
40.95225 34.64061
39.89948 35.21540
41.30180 35.83310
37.99206 36.40901
39.70612 35.65649
38.70547 36.86764
39.68842 37.07854
39.72048 37.17971
38.96196 36.40413
40.39546 34.70187
38.29379 36.25255
39.33976 42.05330
38.87401 34.83690
40.25911 35.84715
39.49225 35.26307
39.34148 34.84729
39.36502 35.23129
38.57727 35.04429
39.00755 37.68872
38.39133 37.13871
37.96884 36.04052
40.46439 34.71662
41.68230 36.05627
40.67411 35.95259
40.47438 39.08237
38.17923 35.90861
40.26255 35.29871
38.50628 35.81804
38.75035 36.77018
39.73335 35.10925
39.21450 37.13817
38.89113 35.09729
39.79390 34.66575
38.12166 35.11114
40.07179 39.28293
40.27592 36.22480
39.52071 35.21579
39.57555 38.11178
39.57646 35.98876
39.17122 35.43761
39.70477 35.80281
39.24025 38.07765
39.58680 35.50595
38.29720 34.56514
39.25104 36.23358
41.07135 37.01186
40.20074 36.54047
38.59770 38.43934
39.33998 34.76564
39.92076 38.83633
40.95558 36.41394
38.90047 35.31355
40.39966 34.60882
40.26697 34.96866
38.44877 34.55213
40.96958 36.23982
38.91231 34.62370
38.78518 35.36274
39.35373 36.53753
38.37067 34.95806
39.12117 34.53547
37.80311 34.82662
39.27867 34.85855
38.46380 34.88241
38.93006 34.70872
39.98165 34.76383
37.55833 34.63979
38.94744 36.19798
39.73826 35.59793
40.58448 35.93723
38.66365 34.66636
39.57060 34.71394
38.22904 34.58881
40.24995 36.54849
39.10226 34.62826
38.57095 34.78215
39.63400 35.03971
39.26940 36.28126
38.68029 35.68026
40.44664 35.31824
37.95050 34.68847
38.89715 34.54821
41.36143 34.57872
40.20331 34.80955
39.07768 35.11098
38.64273 35.69508
39.89255 34.75410
39.04674 34.56925
37.06848 34.61216
38.08876 37.52995
39.81705 36.82556
40.14224 34.57376
40.71244 35.02167
38.59456 34.62838
38.71143 34.81054
39.05749 35.27252
39.93634 36.82559
40.85378 35.20727
39.07049 36.96720
38.69416 35.96667
39.69872 34.96950
38.78596 34.57311
39.10380 34.59825
38.64937 34.94159
37.43612 36.22661
38.10088 35.66238
40.64380 34.65358
36.74989 34.59232
39.47273 34.73065
38.47842 34.56674
38.11918 36.76780
39.39494 34.87993
40.61183 36.92078
39.37477 34.72481
39.68166 34.84312
39.06132 35.48076
39.60409 34.78043
38.26479 34.57763
39.66937 34.58315
40.14038 34.73157
38.05684 37.55077
40.27840 34.58141
38.73618 36.29930
39.31229 35.19192
37.83161 34.87673
37.86571 34.99709
39.71088 34.89565
39.56575 35.08717
38.29421 36.78899
37.72337 35.25323
36.93714 41.68036
39.07510 34.57491
40.89185 34.99133
39.37799 34.58140
37.83545 35.28626
38.35049 34.98872
39.57115 35.80679
37.23238 34.84137
39.70093 34.78791
38.55285 34.83657
38.14100 34.63224
38.19211 35.56637
38.95796 36.00857
38.36271 35.76114
39.46709 34.68751
38.86161 37.34544
38.52690 34.86744
38.80640 34.75408
39.31427 34.76554
37.53789 35.76395
37.82917 35.71262
38.58270 35.05598
39.58401 34.70435
39.73235 35.68784
39.71132 34.67357
37.88764 34.77176
38.33543 34.53891
40.16032 37.03159
38.46762 35.34533
38.26315 35.06947
37.09566 34.86594
40.00070 34.70041
38.60940 34.76755
39.95736 34.76883
39.52158 35.01250
38.10502 34.62899
39.13770 37.11704
38.02587 35.03683
39.27306 35.35606
38.52075 40.13577
39.23365 36.57110
39.90405 35.71963
39.60374 34.92300
38.75546 34.75540
38.04822 34.63340
39.20256 34.68618
39.59041 35.02418
40.13815 36.85333
38.92512 35.32222
39.27094 35.40174
39.28371 34.61690
39.01321 35.05317
39.76814 34.79389
39.44860 35.05271
38.74598 34.86335
38.85664 36.68028
40.77363 34.92901
39.19310 35.74354
39.05509 34.67127
40.26618 35.53743
39.31718 36.27846
41.55399 35.70449
38.96186 34.84665
39.74572 34.66263
37.52911 34.64842
38.74549 34.69421
38.39274 34.70444
38.21208 34.98222
39.08678 37.65908
38.21736 34.63569
37.80197 35.03087
38.78043 34.71275
40.46121 36.27704
39.49225 34.87678
38.67441 35.57764
38.17441 37.48914
39.02704 35.11853
39.45493 34.94378
38.14775 35.13117
39.34328 34.52989
38.21634 35.68248
39.98210 34.76488
38.36469 34.75846
37.64299 34.60747
38.78861 35.74668
37.85010 34.65091
38.56215 34.64743
38.06308 40.84343
39.54100 34.50720
37.19413 34.53617
38.61090 36.11394
38.56152 34.49464
37.80719 36.98051
37.61437 34.75121
39.29033 34.91884
38.32859 37.52412
39.61475 35.78272
36.98424 34.80368
37.69479 34.53892
39.39276 34.70623
39.81301 34.57258
38.12000 34.59028
38.62933 34.63955
39.66576 34.55677
39.37738 34.65585
37.15903 34.64363
40.72770 35.29352
38.76074 34.61071
39.78290 34.61315
39.78083 35.90152
39.98424 35.02225
38.48757 37.98172
39.98616 34.78014
39.16116 35.14591
38.64246 35.63902
40.29483 34.74492
39.02909 34.82261
38.52271 34.67240
38.10755 36.55584
39.26287 35.14320
39.39261 34.60367
38.04018 34.79230
39.17624 34.60623
40.03122 35.37212
39.68020 34.67160
38.66196 34.79965
40.39401 34.64540
37.54501 36.78373
38.80038 34.65461
38.23215 34.59832
37.67114 34.99257
36.95291 34.65519
40.03925 34.73712
37.97388 35.12421
38.21101 34.66462
38.21921 37.19231
40.87400 35.28858
38.10330 34.63444
38.83384 34.58988
37.56209 35.91132
39.32691 35.46473
38.44917 35.91221
39.49612 35.03526
38.50444 35.67873
38.74654 34.54907
39.02597 36.16648
37.72201 35.01330
37.51330 35.35586
41.02082 34.64283
38.34152 35.45404
39.39473 34.68631
37.39666 34.92645
38.54319 34.57708
37.99946 34.74326
39.45020 34.68728
39.05620 34.72181
37.63884 34.98828
39.24798 34.50866
38.38570 34.67067
39.03710 34.53158
38.25290 34.60575
37.94890 35.05725
37.31562 34.50291
38.32653 34.51019
37.06143 34.52977
39.23909 34.76661
38.04911 34.71416
37.83567 36.29927
38.52137 35.14491
39.36745 36.95826
39.00139 34.60369
38.39282 38.57614
38.16301 34.98296
39.19452 34.68395
38.40507 35.06114
38.80934 34.91351
38.12774 34.59004
38.85395 35.98893
39.80594 38.77242
38.47456 37.91937
37.98555 34.92491
37.17808 35.62835
39.17008 35.46033
39.69497 34.63706
37.51093 34.67360
37.58966 35.67708
38.48448 38.57252
38.93729 34.77072
38.30351 37.81715
38.32625 35.28421
38.40499 35.73628
37.91872 34.81320
38.89940 34.63020
38.68158 34.81222
40.50798 36.68330
39.84711 34.75165
37.76699 34.67934
38.33702 34.92595
37.71897 34.75219
39.19171 34.74099
38.51981 37.07629
38.83095 34.66120
38.65383 35.98725
37.54844 34.98049
38.65053 38.09756
38.59948 34.88099
38.67155 34.63164
39.23630 35.41354
38.52974 35.63780
38.84967 37.99086
39.51567 34.65261
38.34729 35.22103
40.40301 34.73345
38.45925 34.61227
39.24683 34.61057
38.52425 34.87689
38.69221 35.10347
38.15579 34.62753
38.26902 35.52973
39.49138 34.98752
39.57255 35.01757
39.87913 34.55059
38.67134 34.63659
39.71899 34.88398
38.93374 34.66713
39.20246 34.58228
37.56664 34.53734
38.92438 34.63348
37.92471 35.09926
39.56083 35.95594
38.99105 34.62094
38.62153 34.65199
39.24109 34.59777
38.24305 34.61346
38.30323 34.93538
38.93330 34.70318
39.34732 35.11682
37.97794 35.48894
37.96584 38.56638
39.54894 40.84284
39.23773 36.32402
39.27439 38.77203
37.97574 35.63759
37.31226 35.12528
38.79009 34.67864
36.58421 34.76412
38.25464 34.77315
39.01855 34.61862
39.15398 34.58374
39.55005 35.53156
39.09235 35.31616
38.11269 35.51075
39.52210 34.68605
39.06427 34.74668
40.14981 37.71476
39.43451 34.64456
38.38252 35.54578
38.79444 34.63975
39.70308 35.02531
39.10260 36.19625
39.20697 34.64299
39.00132 34.65978
38.45662 34.84049
39.60639 35.52033
37.96858 36.27811
39.24586 34.83286
39.59257 34.64298
38.81163 35.08882
38.22871 34.77698
38.59511 35.05630
39.23617 35.47805
39.04123 34.72392
38.06042 35.04565
38.75903 35.41167
38.51986 34.69357
37.87428 35.07209
38.39695 34.61924
38.24832 34.69982
38.70634 35.12423
39.36404 36.01430
37.93571 34.61390
37.92584 35.05631
38.48376 34.84678
39.52107 34.82520
38.24832 34.65899
38.20579 34.87981
37.61502 34.94951
39.09661 34.59517
39.25073 36.75903
39.53338 35.35661
