497.80048 67.24134
44.46497 69.50041
41.08562 65.34214
40.44732 67.47681
37.39612 59.00237
39.48829 64.63875
39.44384 65.03967
39.40182 50.50016
38.08089 47.51886
38.83694 48.55022
38.48816 46.41225
37.27559 45.93150
37.07724 45.60156
35.57160 40.49741
37.09408 41.07229
34.93958 40.82465
36.01757 43.95369
36.12050 44.11279
36.99923 42.20174
35.01412 40.09803
37.28602 47.17140
34.98372 41.20471
34.99539 42.20792
36.29757 42.07992
34.81527 37.70985
35.82603 43.64837
36.35705 37.94432
35.75682 37.61325
34.01389 43.16596
35.42805 37.27806
34.82982 37.76581
35.50928 39.51721
36.01869 38.91908
34.64835 38.98999
35.27172 43.52572
33.64387 45.32247
36.60282 39.38794
34.70070 37.30443
37.73487 37.38706
34.83720 41.35852
34.45665 36.81281
36.51205 38.16166
34.28852 42.49276
33.81928 39.50358
36.01950 38.69550
34.60670 39.17165
36.69906 46.53750
34.15057 43.43127
35.57893 37.46962
36.08980 38.04869
34.17107 44.37848
35.44334 51.94157
35.03095 42.79522
36.57751 37.50971
34.53735 36.72172
34.64273 38.64045
34.97056 36.76782
35.41743 45.96001
33.56638 43.17271
34.64208 40.34753
33.85773 36.53190
34.94384 40.82512
34.64002 42.97573
35.72519 38.42309
34.40715 37.06043
33.87807 39.42624
33.93248 36.49307
33.70083 40.37041
35.61567 38.52560
35.01234 36.92415
32.70041 36.43611
34.98581 38.44053
33.45647 38.20316
35.32172 37.20239
33.32236 38.46149
34.10231 39.11474
34.01217 37.40774
34.61835 36.94844
33.16628 37.46281
32.88521 37.25707
34.74521 37.41234
34.31195 39.36954
34.83375 36.34031
33.49178 38.15478
33.11197 37.64934
34.81448 36.71726
34.49243 36.88969
34.21181 36.62089
32.65301 36.38023
34.59315 37.50542
34.46140 43.05200
34.13751 36.62458
34.98323 36.27907
33.28292 36.68344
35.08268 36.28230
34.91306 40.21737
34.43870 36.87979
34.10156 36.65803
34.68748 36.94682
33.95236 38.04926
33.29771 36.76772
33.03691 36.27488
34.48768 36.39033
33.49707 38.15401
33.81656 37.42030
33.46337 45.66691
35.59118 36.31558
34.62344 36.84208
33.16137 36.38916
32.91190 36.53384
33.89295 36.26262
33.57263 37.32315
33.45928 36.45741
33.67194 36.21117
32.73561 36.64939
33.74803 38.75813
33.69178 36.37129
33.43232 38.48257
33.58302 38.38711
34.41163 36.18223
33.90363 36.28720
32.97374 36.53519
33.61366 36.56294
34.94710 36.17282
33.79527 37.39719
33.36888 36.46545
32.51426 36.92190
34.44964 36.13247
34.24434 36.13638
33.54357 36.42448
33.52516 36.10010
32.54620 36.10638
34.52188 36.66587
34.62978 36.48654
34.04720 36.24331
32.78428 38.55357
33.83085 36.57986
31.69530 37.00046
32.52048 36.61516
34.56806 36.35563
34.36133 36.77088
32.39095 36.44410
33.73648 37.61652
34.79418 36.12692
33.02944 36.38269
34.03719 36.56904
33.73758 36.78609
33.76707 36.23245
34.44584 36.21072
33.37999 36.26549
34.07072 36.34215
34.72056 36.08150
34.00230 36.22735
34.59112 36.03889
32.96193 38.75741
34.72898 36.02947
32.73281 38.68764
34.19734 36.02448
34.27301 36.09967
33.17105 36.49894
33.58110 37.65549
32.64007 38.15317
33.48729 36.02970
34.69956 36.36131
33.46625 37.20949
34.12346 36.07189
33.84559 36.10475
33.95291 37.77593
32.69262 36.11610
32.95302 35.98945
33.74110 36.09111
34.28928 38.07364
33.23631 35.98877
33.84109 36.10768
34.14744 36.00758
34.02475 36.05404
33.85552 35.99873
34.36670 35.97298
33.77206 36.26982
33.38238 36.58250
34.70926 35.97918
34.08879 37.25615
34.13756 36.15755
33.40875 35.97537
33.01914 36.11297
33.26899 36.58227
32.37215 36.04529
32.28272 35.96458
33.65137 36.00966
33.29797 36.08351
33.53845 36.58709
33.32400 36.66083
33.17059 36.07332
33.46536 36.00072
33.84699 36.85726
33.42606 36.28787
32.09663 36.38623
33.40788 36.28133
31.78225 36.21923
33.76798 35.94637
33.41830 36.06247
33.12133 35.94554
33.35176 36.39723
32.50000 36.20284
33.18843 36.10629
34.60142 37.18698
34.37234 36.00488
33.37682 36.26782
34.27779 37.31262
33.23864 36.99607
33.07756 35.93253
33.31548 36.22774
32.94336 36.49841
32.95075 36.01085
32.61367 36.58959
32.46393 37.09669
34.52190 37.27267
33.24881 36.04875
34.52128 36.20990
34.04705 37.42753
33.52824 37.62672
33.09013 36.00936
33.47640 35.92451
33.09719 35.88974
33.81463 37.00573
32.86381 35.89356
32.78783 35.92306
33.13509 36.09979
35.04179 35.94494
34.18505 35.87981
33.03243 35.92283
32.37984 36.10175
33.42271 36.16495
33.33265 35.96724
33.18634 36.11140
33.24639 37.02056
34.74289 35.90570
32.48664 35.89521
34.20514 35.90295
33.34637 36.71342
32.86112 37.00836
32.69977 39.22968
32.56191 36.71917
33.03557 36.04523
33.81376 37.31626
34.17488 36.45668
33.98759 35.89381
33.03849 38.94947
32.83259 36.91437
33.99340 38.75651
34.48562 36.41987
34.69078 35.93902
33.39853 36.01267
32.98469 36.39144
33.88179 35.86809
32.96248 35.85225
33.39475 36.90094
33.70435 35.90030
33.97324 37.74668
33.41942 36.63807
33.83161 37.00298
33.87294 35.84669
33.17010 35.92656
33.11076 35.92332
33.95516 35.82232
33.49352 37.18330
32.59830 36.14722
32.97251 42.76639
33.66016 35.89688
33.77309 36.12592
32.82032 36.82260
33.56514 36.36262
33.38744 35.95376
34.43684 36.20860
33.65179 36.04585
33.85581 36.34909
34.06793 38.21984
34.34827 36.20348
32.21829 36.20691
33.70327 35.83232
32.62223 37.24774
33.82807 35.85314
32.66606 36.61177
33.90041 36.74119
33.50829 35.82576
33.05260 35.82340
32.38385 36.97746
34.47966 35.81100
32.81233 36.63344
32.89104 36.39710
32.95290 36.40865
35.04008 35.92019
33.39196 36.43769
32.75990 35.83658
32.79280 35.81600
33.61496 35.77096
32.13169 36.02673
32.63136 35.75651
32.15110 36.12001
33.65799 35.82527
33.01295 36.43117
32.78964 36.04584
32.63775 36.62759
32.64357 35.83818
34.02008 35.75163
33.24389 35.83551
33.19590 35.80096
33.15245 36.03419
33.42582 35.77974
33.50409 38.85763
34.06366 36.22755
38.83404 35.82016
32.18436 36.27277
33.81857 36.27491
33.52242 36.05031
33.33912 37.52959
33.27645 37.81003
33.42259 37.35228
32.63035 36.73531
33.10911 37.89080
33.68773 36.79539
32.61693 37.83244
33.49139 35.80387
32.81991 36.66103
33.92467 36.60897
33.01369 35.98943
32.73453 36.11342
33.60650 35.94948
32.65016 35.77406
32.99429 37.18998
32.85098 35.89086
33.34487 37.52793
32.98744 35.75421
32.23034 37.03117
33.79372 35.90715
33.07955 35.81189
32.30581 36.35085
32.99488 35.76988
33.57562 36.63896
33.65469 36.06018
32.49237 36.01712
33.22412 38.23767
32.76443 36.34008
33.61275 36.08124
33.67990 35.90940
32.68536 36.14991
32.79996 38.17555
32.25674 36.33358
33.33504 36.07628
32.87377 35.76034
33.69974 37.58196
33.09094 36.92203
33.29159 36.57316
33.69835 36.89427
33.31215 35.80442
33.09435 35.96829
33.62090 35.70366
32.46477 35.95924
0.00000 0.00000
0.00000 0.00000
0.00000 0.00000
6.43729 9.53555
12.12012 14.73401
16.83346 18.77187
20.28772 21.70971
22.82129 23.81678
24.60760 25.33972
25.91297 26.46355
26.90695 27.31606
27.66286 27.98103
28.25638 28.51314
28.74682 28.94819
29.13569 29.31038
29.46196 29.61660
29.75015 29.87889
29.99624 30.10608
4.61235 5.03698
4.57872 5.03242
4.50592 5.19227
