944.00717 1059.44849
426.40282 985.69548
276.85987 941.71907
230.43604 924.64276
212.07817 901.10562
195.49182 907.68621
217.42334 902.13476
213.35456 899.19600
217.19335 906.29416
200.04171 895.95846
201.07846 889.95048
201.90084 889.29238
189.89681 887.37202
181.62551 884.43940
181.34019 876.32888
179.47683 877.51032
176.87164 869.12137
158.40396 863.54435
144.49280 860.18944
140.06778 850.14281
168.61049 855.65690
165.31514 841.59148
139.33427 836.03213
146.51895 828.21237
166.00547 837.02016
155.40927 826.51302
151.74171 838.48830
134.72014 822.11482
125.40332 814.68218
128.27921 819.37482
129.29176 800.87125
144.62163 802.33820
128.67874 805.67433
130.12425 802.33848
140.52762 798.33299
138.37816 805.50022
114.31580 801.47225
112.41533 799.22253
125.41227 790.55031
131.70759 779.70342
121.21570 775.30274
105.53600 774.02097
104.38790 763.93510
104.35943 754.41352
107.40786 755.35555
128.14894 765.44102
100.75537 744.10832
96.29888 751.00794
89.74209 763.89247
104.82149 748.76792
112.29742 756.49200
