780.43908 713.87875
314.44563 331.42907
86.87593 238.26675
72.68568 224.31029
70.47362 195.90257
69.82044 172.61845
63.00744 160.11023
58.93557 153.75461
55.38535 139.88423
53.93581 127.77816
53.82523 123.20557
53.44760 116.04339
52.02394 113.81000
48.28223 102.28794
50.16814 94.53869
49.19144 94.18086
49.27852 89.39571
47.17076 87.27994
49.90231 80.34487
47.51778 80.19076
47.52920 79.15400
46.62619 76.77560
45.21985 75.77853
47.48793 71.72001
46.94923 71.98633
46.93972 67.45454
45.02160 67.11702
44.51116 64.90791
45.95460 62.29700
43.25881 59.26797
45.77742 59.52575
45.39640 58.60652
43.51532 55.80854
43.38606 56.17821
45.10946 54.96867
43.84962 54.45873
43.75562 55.56553
43.19976 54.57247
44.25710 52.30625
43.76832 49.85286
43.32768 54.67238
43.58639 50.88954
44.38194 52.01524
43.63954 48.03776
42.56726 51.80964
42.93228 47.03773
43.28389 49.65863
43.92150 47.49998
43.61717 48.38200
43.51029 46.93337
43.30461 45.94423
44.09693 46.55897
43.38636 45.41374
42.81207 46.42802
43.87031 45.98848
43.68521 47.33723
43.39881 46.59241
42.74093 44.55322
42.31466 44.72869
42.49526 45.32026
43.25024 43.73852
43.37044 44.67566
43.03283 44.60032
43.87529 42.76666
42.08014 43.80638
43.03901 43.94063
42.72570 43.76062
42.55198 41.77454
42.94000 44.16196
42.86049 43.48987
43.06010 41.96656
42.62720 42.11630
44.77292 43.01261
41.81783 42.08433
42.07164 42.81758
41.86143 42.00944
43.14029 42.87995
42.19393 41.59593
42.44753 42.07599
42.61280 42.96719
44.03321 41.23977
42.22911 41.59763
42.87095 42.09179
42.88200 43.09766
42.92710 41.76102
42.37049 42.46149
42.52590 40.96754
42.04402 41.99755
42.41080 41.08975
42.22433 41.15331
41.91854 42.23650
41.99841 41.12608
41.30344 41.13078
42.90882 40.63191
42.48555 41.26246
42.29621 41.01300
41.83279 40.72338
41.42165 40.90003
41.55022 41.62445
42.40143 41.73864
41.87364 41.37008
42.30479 41.29695
42.73737 40.67579
42.10096 41.36053
42.25852 41.18370
42.85803 41.30464
43.40585 40.77309
42.79828 41.12888
42.75514 40.63270
42.49459 40.86666
41.89116 40.41110
41.92510 41.73983
42.42980 41.95961
42.17526 40.54470
42.42571 40.48726
42.18198 40.91709
41.75656 40.99477
41.56350 40.48062
42.19758 40.68279
40.99929 41.72868
41.46635 41.19791
41.70619 41.40262
41.08142 41.73391
41.75058 40.52584
41.95861 41.21558
42.37128 40.55920
41.70246 40.66866
41.58223 40.70579
41.32472 40.67980
42.03119 40.74372
40.79095 40.64889
41.70941 40.71695
41.93139 41.01650
41.48417 41.23588
41.54775 41.13528
41.82738 40.50709
42.22299 40.60731
42.22716 40.50669
42.06706 40.70132
42.08922 41.17097
41.40303 40.41691
41.42504 41.04074
41.78765 41.09035
41.21427 40.45341
41.61409 40.81656
41.72474 40.97708
41.91498 40.69913
41.95845 40.76477
41.76200 40.66539
42.05321 40.74176
41.95292 40.95390
41.63421 40.98918
40.63922 40.89959
42.19998 40.54665
42.10061 41.52775
42.78220 40.59986
41.48726 40.99675
42.13376 40.86469
42.06676 40.78158
41.77179 40.50414
42.12049 41.07146
42.53024 40.66387
41.47428 40.77240
41.39395 40.84960
42.02649 40.96933
41.17973 41.17163
41.76452 40.50400
41.73756 40.69363
40.57922 40.55146
41.70157 40.86882
41.03184 40.83887
42.02549 40.88589
42.16099 41.16779
40.83379 40.43821
41.73891 40.43424
41.58484 41.57019
41.14981 41.01026
41.14089 40.67977
41.30639 40.99253
42.40104 41.05757
41.50647 40.56030
40.74689 40.84519
41.57347 40.40353
41.74964 40.41797
40.54876 41.16301
41.33166 40.68935
41.70332 40.55556
41.18275 40.84649
41.64044 41.39591
41.52257 41.07636
41.99764 40.94517
41.72769 40.90654
41.08678 41.39440
41.74858 41.38430
40.85901 40.81518
41.24940 40.58609
41.14858 40.93226
41.34125 41.05582
41.33515 40.98903
41.63356 40.85475
41.12122 40.51924
41.29899 40.59926
41.40913 40.94862
40.79560 40.85885
40.99061 40.87287
41.32457 40.87493
41.22097 40.99495
41.53567 41.02024
41.52541 40.71964
41.19253 41.22963
41.23313 40.68336
41.12802 41.03470
40.94839 41.09782
40.92452 41.04340
41.20370 41.06579
42.21958 40.86407
41.22573 40.92062
40.78452 40.61074
40.73330 40.26325
40.52230 40.41786
41.24185 40.65435
40.85510 40.78590
41.32146 40.82613
41.55058 40.67166
41.71959 41.15294
41.11919 40.98490
40.98762 40.76066
41.28725 40.79323
41.13630 40.84571
41.42771 40.61100
41.11089 40.92082
41.31053 40.70508
41.17950 40.63328
41.02647 40.72536
41.23697 40.79449
41.24054 40.65433
41.05348 41.06318
41.53789 40.73060
41.21549 40.64492
41.23879 41.08678
41.10092 40.48782
41.58673 41.09546
41.01061 40.90531
40.61800 40.91619
41.17058 40.60733
41.10232 41.48139
40.62733 40.95849
41.19717 40.49925
40.33079 40.79901
41.56111 41.13237
40.70512 41.33832
39.87322 40.34822
41.13667 41.18526
41.42458 40.63089
41.12867 40.53358
41.10248 41.11328
40.83258 40.96885
41.36373 41.07266
40.72224 40.56854
40.39495 40.51957
41.40556 41.21803
40.94614 40.84277
40.67755 40.68154
40.70880 40.72573
41.18335 40.67634
41.13110 40.76212
40.35036 40.72428
40.93617 40.28914
40.88522 40.74192
41.20209 41.32767
40.86605 41.13439
40.63118 40.80685
40.68378 40.33699
40.95612 41.38261
40.95725 40.55932
41.08749 40.79890
41.22256 41.09029
40.77379 41.11953
40.77210 40.84095
41.20493 41.00963
41.46988 40.49352
40.69491 40.91177
41.33505 40.45958
40.84880 40.68543
41.26258 40.79531
41.49552 41.04460
41.76605 40.86427
41.59337 40.85265
40.61366 41.06032
41.26336 41.26232
40.58022 41.21841
40.89270 41.15646
40.44395 40.89416
41.38576 41.01055
40.29989 40.75714
39.92534 40.84284
40.94673 40.92418
41.30466 40.72840
40.43016 41.08771
40.61331 40.89185
40.70376 40.50964
41.07663 40.58993
40.77083 41.16845
40.58581 40.92544
41.61442 41.32702
40.61797 41.10377
41.12005 40.93480
40.81755 40.75481
41.04906 40.89322
40.96494 41.04548
40.59647 41.26368
40.79084 40.61858
40.64043 40.80019
41.01522 41.17730
40.70496 41.38102
40.75335 40.68644
40.85208 41.00379
40.87041 40.85654
40.56615 40.45733
