781.52109 818.17804
525.67100 763.69551
323.02658 698.67467
220.49842 662.70327
200.29013 638.15179
195.16233 637.66425
203.79880 632.40623
174.61218 627.87880
203.18528 625.92884
178.32564 615.81898
153.91259 613.46999
164.54333 617.41835
153.29848 604.55589
161.92693 603.53676
147.74656 600.55657
156.80917 594.09582
156.63377 594.91364
135.98586 583.76260
157.35270 590.05294
133.10452 584.64029
119.43081 571.28739
139.54960 576.86879
133.43136 573.34734
128.33846 577.25996
130.38612 567.33230
127.89166 555.93192
122.55259 557.29554
117.45195 565.33638
126.77483 567.93554
113.14800 546.96653
115.73486 556.73973
124.46682 559.64152
109.51818 547.46715
115.27629 546.22310
110.50105 533.99008
113.36649 548.70706
105.75482 543.56090
105.36922 537.25845
115.23071 540.11907
107.82055 526.47935
108.21505 529.02551
106.21187 533.43585
100.72637 531.14379
97.21759 536.97945
85.78490 525.45979
92.07968 529.12604
93.93632 530.39301
83.14942 517.44051
85.45097 534.05048
88.76579 526.98796
85.34672 519.88717
79.94605 507.37061
85.64854 514.28920
81.50103 510.72631
85.03759 515.06440
84.64294 516.05832
77.33407 511.31257
74.62840 504.10958
90.82961 512.68597
77.78843 517.54403
79.38516 498.74562
77.87079 506.29589
77.13131 501.26162
82.20341 502.70581
77.17226 501.42126
77.19556 490.74687
87.35020 500.24684
76.76498 502.66401
80.51392 515.89155
82.38941 500.06193
77.62210 498.84326
72.33629 494.12984
72.46866 489.16496
83.96114 499.99814
67.58893 485.72848
68.63241 481.00908
71.80117 487.85231
75.22054 482.96784
69.65873 472.90991
73.07310 475.35266
72.82014 477.95264
72.27478 471.47310
66.07099 470.05154
71.25415 471.24456
70.96007 476.43794
71.29008 445.97477
67.74929 464.88229
74.02238 459.14686
74.18297 463.84639
67.02378 463.16605
69.54676 463.11792
67.13793 459.19784
64.64991 458.60168
59.79546 452.97339
74.44523 449.95245
68.40029 460.32791
65.79047 449.75672
65.22627 442.51447
67.25389 441.14131
62.05851 442.48083
63.68722 439.39587
69.49872 453.32581
65.66264 439.36946
68.27385 427.54174
68.15513 435.31796
66.49711 433.46070
65.50531 429.72310
65.69264 433.53751
65.88964 442.88978
60.74132 428.17495
56.31061 435.46651
63.45612 431.76183
57.29767 447.19100
62.67273 438.61561
61.15999 430.70220
57.64923 425.83907
57.83960 412.96263
65.71552 425.85971
62.49195 433.22761
65.47397 431.86382
66.54994 419.88698
57.22528 405.82498
68.16426 418.06821
66.26161 422.18596
59.84677 403.67049
58.43323 400.80683
60.39571 413.63515
59.50578 403.29995
67.87803 409.44233
65.89953 403.10739
60.20431 399.03029
53.37851 410.44831
53.38032 389.17251
59.74354 402.74475
64.24851 403.10916
62.80583 383.89176
63.75079 419.35278
55.57248 392.13230
59.08122 390.63403
60.56911 400.28534
59.78986 396.90282
64.49875 388.50588
55.23558 394.73671
56.17511 394.57119
56.00969 395.76120
54.54113 383.23724
56.92168 380.54538
60.20220 390.94677
56.36023 387.28293
57.62745 384.09869
58.75371 380.39638
57.94452 381.51605
54.92619 376.66472
57.71104 364.40721
57.51368 375.11691
50.99318 364.76700
59.93087 377.17785
56.16258 379.10337
62.17798 379.07185
52.73713 389.23887
57.88493 373.67867
57.22631 364.23484
59.25002 362.42577
56.09786 392.60683
55.42860 369.84219
51.78535 354.42683
54.83682 352.07693
65.36430 387.46312
54.12935 353.23798
51.52110 352.86173
55.24037 362.44618
59.41218 360.47786
60.71777 353.75117
51.33153 364.47403
52.95021 353.06539
55.11154 344.08267
52.65558 337.17563
58.91847 330.70338
58.61802 343.64339
56.02522 341.61925
52.09944 346.18546
55.53066 338.50388
57.63329 334.77060
48.56826 334.27123
62.51346 337.86919
51.93639 339.05980
62.81345 360.29280
54.20631 335.84786
50.62809 335.08570
56.36479 334.81656
57.59366 335.12803
55.42744 319.65806
48.23279 332.20884
51.46533 323.32482
54.45816 335.11733
57.29496 342.43877
58.06551 320.64518
54.98173 329.06101
53.22497 327.21121
52.39320 319.50304
54.07484 311.16690
53.16054 328.39103
49.02606 309.89943
51.08341 323.01406
48.99976 332.26648
55.06840 338.42897
51.82739 320.08841
50.00943 316.49175
49.77069 315.76256
57.01115 314.91002
48.86503 321.41806
54.74501 325.11500
54.65402 317.65427
55.14362 320.74861
53.83419 300.79295
52.94640 309.72376
52.42090 314.72470
46.14565 295.80298
54.98705 320.10826
52.78152 334.53748
50.06400 313.59423
53.99451 321.33266
53.54416 312.54871
52.37043 315.28107
52.99025 332.47327
49.24074 309.98553
54.95942 311.97120
53.84592 308.81477
52.06360 312.99869
54.15015 305.21151
54.10472 319.71678
52.99712 313.47194
51.94994 298.80200
54.91596 314.61548
51.08933 312.61428
48.73973 305.24978
52.84160 307.44584
54.00113 308.14948
48.15227 305.86254
54.35700 312.10591
55.81573 305.35660
53.51969 297.32952
47.73514 295.93831
49.12462 300.91284
51.18158 308.59509
48.79569 291.87371
57.83652 307.41776
52.70189 308.31202
48.14700 287.67613
52.14521 303.03343
48.75629 275.55604
51.38417 292.75818
50.38908 293.24129
50.66921 269.23202
50.11066 303.71906
51.23528 307.86192
51.12647 287.44687
47.51929 288.12243
57.07496 292.78089
47.93347 276.91922
49.55283 274.76015
48.90081 276.24155
48.92992 278.25329
50.02070 284.65021
51.72290 269.98912
50.35181 264.03379
48.43020 278.20258
56.68553 281.05733
48.94306 282.65133
48.70476 287.07081
46.63109 294.69749
49.39896 276.89560
46.68508 288.62629
48.39472 267.98704
51.15130 273.47320
44.45652 281.09547
47.66820 279.31538
47.98302 269.31842
47.80833 260.55545
51.52198 302.95274
49.62904 254.32274
51.18732 266.57188
50.10645 299.15155
47.05268 271.65071
47.79668 266.44533
47.35447 260.42974
48.49741 269.68177
50.90825 265.57696
47.56600 255.94281
50.45286 260.07337
52.89649 272.26068
54.85446 256.23364
50.84207 253.48236
48.68381 247.38152
52.27970 251.68744
47.83008 255.38844
51.68116 269.14966
50.29441 246.08965
50.79041 247.53628
48.33069 237.45870
50.61466 235.10087
52.49743 254.95510
52.99339 252.19600
51.72715 247.87459
49.55272 260.78895
48.92287 233.38467
49.75785 235.18363
49.58865 234.58443
46.31910 242.34952
48.26202 251.23705
47.68529 255.84296
46.02167 244.88734
49.53899 241.15411
52.27200 245.27177
49.23583 235.98174
47.36865 230.49240
46.67138 246.84540
45.39658 230.68538
49.25890 233.70529
51.81497 245.12899
48.26759 242.88872
50.47883 243.24138
48.40836 233.20390
49.42540 238.76397
50.03781 236.75601
46.09100 229.92671
45.51766 238.15881
49.76519 220.08377
44.08773 248.05142
49.53205 239.70565
50.21671 239.80136
50.50381 251.47884
47.86089 222.32840
51.14249 221.60812
52.22931 238.92289
48.11846 216.77581
50.66315 217.25987
47.91919 203.13019
48.99547 216.40097
51.84839 235.12334
46.46211 238.15986
47.67458 210.20925
45.21883 230.00592
47.46243 238.57008
52.95905 222.92414
48.51552 240.41985
48.70703 214.08977
47.64152 220.27527
46.97431 207.46716
46.19114 224.44843
48.30265 216.38833
45.72510 215.41956
39.58936 221.97997
48.03750 232.35674
47.10558 221.51263
41.00947 213.90871
48.85504 222.83548
47.46269 221.01709
47.14752 212.58457
46.89152 211.38068
46.48663 196.47298
50.92603 218.63826
49.86102 192.99060
48.73037 213.92098
44.52458 199.27340
48.38426 214.73430
49.55536 215.69363
50.04040 209.17606
44.14543 210.21922
46.80110 210.02795
47.00429 203.09811
47.25926 214.41775
44.88833 205.97088
44.44953 195.60485
45.14232 189.91800
45.06822 221.48363
46.00323 199.04909
46.49446 200.05238
46.08607 199.22856
51.55172 207.46055
48.32602 193.33626
45.72673 215.60836
46.78810 188.56862
44.08823 185.50996
46.79595 187.70275
46.55591 175.55368
50.44888 197.36542
43.25625 196.66489
46.42638 193.44539
47.39400 194.71457
44.33297 193.51625
49.82473 192.34852
47.36975 192.60272
46.89623 183.99385
45.32949 183.55298
43.03095 190.99412
48.77421 178.74349
45.12526 170.53977
43.00094 185.57208
45.71580 181.85610
44.94769 182.77910
45.73838 169.06790
44.82870 191.42249
42.57071 183.83687
47.72827 176.01172
42.95082 174.26536
48.93345 180.60674
44.17613 191.26348
48.19205 184.51905
46.44939 173.55234
46.61813 185.17142
43.79822 176.67370
43.78479 169.85066
47.38733 173.50086
50.37319 174.27033
44.45385 183.96518
44.58462 174.42604
44.05862 192.49287
45.94355 164.24222
43.56827 165.76990
43.52278 164.98626
44.43940 177.81555
43.44027 178.59047
46.10728 162.04429
45.16596 183.91133
44.89409 172.64040
46.01879 169.14258
48.40456 169.29326
47.44926 172.79811
46.17896 178.47798
48.45030 178.98444
46.46809 156.32539
44.62058 186.17908
45.77961 177.44171
46.19095 175.51404
45.26401 160.61386
45.17641 163.38888
45.05225 163.49280
46.64020 156.25718
43.64684 171.72822
45.54923 163.66822
43.80647 151.86328
46.57001 164.60443
44.05993 151.46995
47.11031 171.25323
45.04814 157.43759
45.68160 142.21645
47.10604 161.37564
39.31376 157.09174
41.55011 167.22358
46.66013 160.86609
42.46056 137.96622
45.96754 144.49961
43.96573 159.62882
41.79389 155.42883
44.06333 140.50297
44.16331 167.61980
42.21324 144.20107
43.05301 160.81058
45.14360 158.75460
44.70178 153.41012
39.90048 164.12430
45.58466 158.70009
43.11018 154.40771
43.88589 153.76605
44.47384 150.83418
48.46787 137.75837
45.29460 154.58670
46.16843 157.83630
45.54289 143.37427
45.61864 134.63447
46.81179 156.61958
42.17456 140.34417
43.35642 159.06685
45.15107 146.83238
42.68247 152.03153
43.42455 144.50939
45.93567 144.64096
43.73645 145.31612
43.36730 125.75618
43.85228 133.67660
43.10485 136.02717
43.11815 138.23635
44.77558 135.96956
45.14896 138.49845
44.44144 134.54337
44.54984 134.77090
43.78005 152.50178
43.54035 139.26374
45.53423 134.61010
43.09734 135.99343
44.65338 127.62405
43.52056 135.11799
41.20408 137.35257
40.22062 131.39008
41.10951 127.68366
46.93109 138.09205
45.81929 142.26931
44.81989 121.83087
44.73651 141.37510
45.67208 135.49341
44.79204 127.48544
42.75888 131.23104
43.68216 121.12159
44.96138 130.36205
42.72729 118.91266
43.22139 136.54310
42.74636 114.68172
43.06408 133.85348
45.03762 138.28728
41.82431 123.42405
41.08438 127.81526
42.40962 106.20196
40.98234 124.99050
43.58966 136.21118
44.75408 130.55629
45.08371 126.43680
45.76623 138.27873
41.58163 121.53379
43.19114 120.05441
42.64262 115.56356
46.94374 128.38907
42.63260 120.60833
44.07235 125.35348
42.54745 120.78796
41.04913 124.89011
40.77668 123.26940
42.94921 113.61706
43.31969 124.51140
41.60056 109.28546
43.78947 127.81253
39.98742 130.47321
45.10793 126.11040
43.96916 115.51934
42.66518 118.57980
44.26645 102.29916
44.31822 119.65549
43.99852 107.07489
40.75435 104.90626
41.74432 120.91780
41.93298 114.97071
40.85232 112.25011
42.89843 110.60880
42.19254 136.07225
42.16661 117.53221
43.08837 123.86831
41.48865 125.60843
40.57413 114.59801
42.34819 109.60340
42.45164 120.23651
42.07268 117.65705
40.79393 106.99901
41.46932 103.40882
41.95121 121.58864
43.40717 96.05698
42.37879 127.06186
43.55565 102.31540
43.54394 130.96632
43.11718 112.69349
43.62630 121.55962
43.04795 118.65487
39.91498 99.53754
39.92852 107.69139
41.76140 107.93898
42.33969 110.71219
43.62793 97.45054
41.94507 97.72259
44.61383 102.97933
40.13097 97.43062
39.77647 98.44485
41.59324 103.20508
42.23556 105.97705
38.95180 100.21133
43.56483 110.37873
40.34530 93.62900
41.70100 110.74466
40.80009 99.63191
45.28407 103.32574
44.42349 96.23574
42.12219 94.83922
43.00577 123.17390
42.55897 108.89404
41.37388 96.64338
40.15910 98.42498
43.60642 111.75045
41.45239 101.46841
41.21314 99.68860
40.27503 104.14201
44.06476 107.68346
42.82156 102.97349
41.27886 103.91521
43.37021 110.65291
42.52355 109.28555
43.40044 104.32531
41.48340 96.08048
40.30618 88.24877
45.39023 86.95403
41.39240 100.35847
43.38324 92.81856
43.76011 93.17137
41.32504 89.02518
44.47515 98.88797
41.08422 91.08861
42.65881 90.71784
41.24395 85.87865
41.20300 90.36859
41.60959 104.07877
41.81363 92.35964
43.89712 89.73480
41.41614 86.34978
42.82287 92.36539
42.01475 92.69185
43.79856 93.12696
41.17299 92.12599
42.42223 101.70697
45.52624 104.35916
40.48813 93.28336
41.57958 91.34859
43.05080 89.03854
41.52111 84.95560
39.98492 83.51128
41.72796 83.39076
41.47499 94.36963
40.64074 96.22359
42.96067 95.75233
39.89755 89.02929
43.47698 92.48954
39.13936 92.95545
40.21969 81.42596
41.69135 93.07832
42.63279 91.35038
43.13069 90.42311
42.84975 91.32629
39.81438 89.66186
41.74115 111.43762
39.52115 89.77667
43.28702 89.06569
41.72021 80.99208
40.58025 92.32251
42.19386 82.32341
40.19095 85.65662
44.06933 92.53240
39.91145 80.62690
41.96542 92.27640
42.12454 79.33168
43.07596 83.08163
39.87540 84.16291
43.14195 86.02327
38.08910 83.86010
43.81117 73.45782
39.98092 72.56747
41.69363 77.00156
41.26150 86.18844
42.29791 86.91138
40.05565 73.78514
41.62148 96.56832
41.36334 95.56408
40.60867 86.24289
43.26345 95.02147
42.92422 99.77463
40.96261 75.39466
41.10779 83.84441
44.83646 90.83342
41.53037 79.83520
41.64454 82.33804
44.17383 83.50364
41.21165 76.30333
40.94450 70.59372
40.05275 68.98695
38.47693 69.81296
41.59212 82.13309
41.60679 78.01365
44.62751 74.79207
40.40421 80.54493
39.65944 68.93155
39.94000 74.04808
38.92352 81.55959
40.05562 70.04718
39.45605 67.81428
41.67211 77.06930
38.77200 68.05672
41.00138 72.96328
39.46174 80.19393
39.66137 75.45282
41.16528 77.39154
40.06311 68.43456
41.09713 69.54517
41.15035 68.65855
40.53231 64.68209
43.00309 74.60193
42.31073 58.51889
40.47624 79.61021
38.49700 67.33198
38.80526 71.40396
41.10763 70.32955
38.92627 69.14401
40.45962 61.33851
38.39175 62.02197
43.67167 69.91427
42.75888 69.97771
42.49665 69.79904
39.88043 63.03864
41.62340 72.23701
40.32281 65.13089
39.24000 73.75356
40.59771 74.25048
38.63640 62.63927
40.66052 59.73690
39.94261 62.10940
41.44529 59.37121
43.43441 69.79193
40.53967 56.78242
40.29875 72.46174
42.03417 70.00678
38.25581 65.56429
39.76287 68.09003
39.28162 69.32842
40.37702 65.25803
39.56094 74.35569
39.45746 62.62279
41.38245 66.59155
37.14438 68.35531
39.53757 63.99866
40.59204 73.50433
40.11500 56.40840
40.09999 58.12898
39.48308 76.50495
41.84753 59.41548
39.49128 60.32269
39.37310 64.54660
39.80622 70.39262
43.04760 68.98287
40.38926 60.10543
40.71977 58.10091
41.78788 56.02186
37.82481 64.37580
39.55595 71.39220
38.40770 67.97960
38.20464 66.16866
39.82234 60.80505
41.00085 70.36267
38.09736 67.80785
45.11544 61.01437
40.07015 58.56979
39.97303 63.50106
39.08676 63.42394
41.19679 67.56198
38.29387 61.99538
38.22933 67.64851
39.42498 72.50932
42.33511 56.29212
40.42758 59.17393
39.16205 53.62449
38.96064 53.93696
38.69098 55.63159
41.31903 55.49709
40.46067 51.89500
38.99446 57.42830
40.41176 65.94141
38.52033 59.28176
39.81251 63.08681
40.29292 55.22490
38.81255 50.58614
37.33085 62.49114
42.11228 55.51457
40.12984 55.97042
40.84619 51.66125
40.45283 55.98559
41.44984 52.03882
39.81603 54.22603
39.44646 53.79971
43.17356 63.26890
38.92751 54.93903
39.65454 51.56037
38.66675 60.70143
40.21095 62.29299
38.37283 70.47855
38.55697 46.71528
40.53945 48.23581
40.49885 54.39155
38.99262 53.97035
40.51548 61.30950
39.71830 52.87733
37.97804 52.55780
40.64459 62.05068
41.46093 54.95782
39.38508 52.80279
38.62384 46.93246
42.76977 58.20931
41.87216 49.59225
38.31809 49.64540
41.31241 53.31578
39.84281 55.98705
40.10300 52.83764
39.43381 50.90984
39.32212 45.47614
40.43977 60.18999
41.73478 50.58670
39.88977 59.83958
41.64575 50.62649
41.11496 52.05727
39.27881 61.97894
39.25805 52.71539
38.23914 58.60160
40.76983 52.52358
39.32169 49.38165
37.25636 49.21414
40.65764 54.02190
38.38833 61.48410
40.25356 52.16882
38.58507 53.47811
38.11660 54.34939
41.04271 52.85798
38.30206 58.11747
40.45491 56.78634
40.40656 50.46016
37.54753 60.68084
38.43706 56.94441
39.02289 65.63620
39.76615 46.53787
40.21413 64.62007
40.98354 46.35978
40.41139 54.83311
41.73341 56.92292
39.34798 62.73387
40.71144 58.74611
39.31110 52.62311
41.03138 58.06246
39.12102 50.78362
38.69608 59.96664
40.59106 55.46293
40.42295 54.11977
38.59563 51.25341
40.95631 51.90120
38.78283 52.69361
38.05941 61.16881
40.06121 52.17359
36.59102 48.70909
39.36256 46.91997
39.54638 48.70095
40.61894 50.15504
38.54976 43.83646
38.22332 48.27131
38.47530 42.74459
35.70233 58.64887
39.91202 48.95424
41.56717 55.25034
39.43688 53.22113
38.57830 45.47101
39.98019 46.11996
38.49373 48.30027
39.68894 54.36530
38.87010 53.36662
39.53128 53.39382
39.40717 56.05906
40.47147 55.21575
38.03581 50.78857
39.26090 61.85167
38.27639 54.16185
38.72896 66.45187
38.65295 50.27267
38.69469 45.30946
39.70891 42.51343
37.08173 50.68709
39.64156 64.15256
40.01350 46.01205
36.78574 38.02350
39.17096 42.80022
39.65162 50.31287
38.58929 48.11571
39.23097 46.76830
39.11461 54.55883
39.19393 53.37288
37.78541 46.88579
40.01717 42.47599
37.76059 45.58009
39.70201 42.81273
37.89440 45.44105
37.20965 46.82111
38.43995 48.91448
38.36485 45.97382
38.37469 43.94159
38.59173 48.57585
39.32745 55.58234
38.86562 43.43435
37.20133 48.24057
37.92917 48.90281
39.49022 47.85452
38.53960 46.85187
37.56564 42.79895
36.91739 40.05464
38.68933 40.21863
37.47617 46.00382
36.77157 52.40960
40.90705 41.76903
37.62621 47.36705
38.88364 46.90739
37.91564 55.14667
37.62133 46.18629
39.01965 45.95068
39.68557 48.35987
40.90877 48.30596
37.81592 37.80811
37.39199 45.54893
40.65538 41.44420
39.35509 39.05912
39.50338 45.13198
38.13663 44.53216
39.23787 57.85739
41.63001 48.73471
39.86579 39.20550
38.54664 52.05695
39.56572 44.35212
39.44287 40.38480
38.91630 58.04078
37.39955 37.31351
38.06509 48.36855
39.03348 42.85809
38.61149 38.88510
40.62260 42.89493
37.46689 47.08221
38.20629 40.76895
37.57916 47.93425
37.48566 50.08364
38.47290 38.33416
37.39287 47.77394
39.91621 43.17041
39.46453 44.23127
39.56922 38.88614
38.87826 44.18825
39.01469 38.68979
38.64003 41.04607
39.03099 44.93809
38.26873 40.60374
38.58228 40.34766
39.79040 41.10628
37.75248 44.60814
38.40656 43.85901
39.25863 47.65826
39.43220 44.60688
39.38545 36.98419
38.80210 38.59477
37.24440 37.04847
38.31593 38.55223
38.74861 38.36961
39.63603 36.64497
40.35274 44.80249
38.09109 41.11000
37.55692 43.23741
38.19998 45.08152
37.40093 38.87718
38.04634 36.79205
38.84732 38.58813
37.97957 44.52525
37.42653 56.23077
38.46097 41.20392
38.24107 39.27177
40.07226 42.47274
37.14698 42.53210
38.79707 36.95825
39.65523 40.65630
36.77288 47.79038
38.58799 46.74524
37.56092 36.60591
39.44021 37.94411
38.84506 34.86449
37.58310 41.56336
37.16745 41.18038
39.82444 42.29950
39.79394 40.15433
35.83899 37.91511
36.99904 44.71650
37.53846 42.50983
37.60353 36.16093
37.27772 37.16801
39.38323 42.99584
37.76640 39.34745
39.02483 39.58332
39.03991 33.13702
39.75390 37.64485
38.22868 39.23910
37.75674 38.19428
37.65539 37.32210
37.47941 37.15636
37.71845 35.24497
38.55535 40.25885
39.90141 35.43409
36.78614 37.03993
38.89610 36.17241
38.16646 39.22306
36.39775 36.04022
39.99482 38.47024
39.15247 42.28854
37.82000 39.22123
38.34775 42.89181
37.56403 40.17331
38.86543 35.63096
39.33199 47.34721
39.20287 35.76147
38.32130 38.92948
38.99518 39.84123
38.82590 38.74286
37.05760 35.45625
37.26949 36.59782
37.76322 39.53122
36.91712 33.91926
41.03814 36.64704
37.65633 35.53981
39.01324 43.20240
37.30499 46.26337
36.69531 37.12203
40.60286 42.27620
38.76059 41.18974
38.60389 34.45673
38.59231 39.55383
37.88368 37.63279
38.93458 37.87989
39.19300 39.87774
39.55278 42.48585
38.64027 35.38845
38.82062 38.95336
37.11753 37.43820
37.50826 34.36749
38.60368 35.47826
36.49024 40.05232
37.71471 35.84660
39.11329 38.45314
38.13269 41.20101
40.03635 33.70512
38.08357 34.37314
37.83295 34.80096
37.52903 36.64569
36.85035 37.35954
36.18931 44.47148
38.05156 41.20587
38.66345 36.14883
37.77686 37.50429
37.85064 40.26688
38.14446 36.26829
39.59595 36.35258
38.02847 34.10464
39.06949 36.33723
38.77965 35.24834
39.09227 36.12133
37.11170 36.76657
37.99264 35.30204
38.37180 36.87279
39.72104 38.03419
37.69792 37.92001
36.39204 34.51188
38.09466 38.90294
38.40981 34.97826
38.20118 35.43189
38.29373 34.93093
37.24017 35.47580
38.46029 35.72614
36.95458 39.24116
37.76550 37.66732
39.22232 39.24313
37.70687 36.72864
40.04231 33.48350
37.95953 40.69967
37.69480 33.12542
37.61918 35.44776
36.92270 42.47124
38.47889 38.18952
37.64534 34.52903
38.85386 34.29850
38.26576 44.07297
39.11356 39.28839
38.46892 40.67391
39.23688 40.17157
38.62114 38.54166
38.57841 40.66212
39.12872 39.97917
39.09942 35.27079
37.40058 34.57197
39.06945 37.63030
36.93683 36.25899
37.69877 39.39253
39.08591 37.94954
38.24652 36.16166
37.38243 33.45556
36.35012 35.08524
38.52892 36.00545
38.00881 39.71367
38.66852 35.20921
37.81322 34.08553
40.05910 35.15489
37.99777 40.10866
38.96849 39.17429
38.31253 40.29640
36.17024 33.39441
38.48037 35.81612
37.61746 36.92254
37.93938 35.49567
39.37821 40.74476
38.34116 36.18387
38.37601 34.94097
38.09507 38.03543
37.86669 34.79662
37.33063 34.69753
38.97001 33.55695
38.64726 37.86892
40.77712 35.90458
37.77566 34.67340
37.10021 33.90743
38.30578 37.17793
38.12658 34.17124
37.32327 36.21359
36.04761 34.75183
36.90995 36.21325
38.97632 35.17828
38.56609 34.87713
37.67433 37.69106
36.30400 33.74863
39.59354 35.63416
38.48846 34.17113
35.68078 35.36983
38.46138 33.72133
37.18266 34.14088
38.37619 33.96036
36.84781 35.17969
38.22335 34.91076
38.48009 35.60292
37.17462 36.26424
38.16967 34.12868
37.28357 34.83301
40.33929 33.56034
39.16791 37.04429
38.80446 33.43365
36.18418 34.26930
37.50142 34.72394
37.19662 38.01256
37.47163 34.04045
39.59924 34.12008
37.95056 33.27550
36.95918 34.64107
37.39361 34.35702
39.15660 35.67733
36.53848 34.09966
39.73101 33.35356
37.63412 38.08796
38.28097 35.03872
37.08271 36.37830
37.03653 39.85304
38.53244 34.96345
38.75581 38.41473
36.02490 36.22057
39.15165 33.14950
37.94911 36.09417
37.40465 33.21824
37.60231 33.33819
36.73544 34.75553
36.00500 36.62606
36.16600 33.25115
38.84820 35.49488
38.60659 35.00481
37.31197 33.79597
37.35581 33.39023
38.64929 35.57338
38.32154 36.41078
37.71798 33.46075
37.02243 34.18202
36.98993 33.97965
38.58297 33.23114
37.16389 33.42965
38.64767 34.17841
38.04622 34.98154
37.77694 34.97031
36.83798 35.32604
39.44439 36.63151
39.45856 35.98867
37.04492 34.57280
37.42974 33.29847
37.30420 35.83641
36.23508 34.23329
38.54009 33.24058
38.00127 36.73200
39.70261 33.78779
38.27604 33.40339
39.32266 36.82551
38.76119 35.09374
36.60933 35.06242
37.31278 35.11827
38.68158 35.29261
37.47613 34.09307
37.95078 34.84627
37.41951 35.22821
37.79212 35.43386
36.68273 34.10126
37.85934 35.59545
37.42161 39.46990
36.92745 33.29892
37.78972 37.26271
37.40248 33.96906
37.23322 33.35268
37.66956 33.22980
36.28908 33.25094
38.57409 33.56305
38.16381 33.26519
37.47128 33.29792
37.61688 37.59960
36.44850 33.82013
37.57951 37.37017
36.87052 33.53990
39.37337 34.43564
37.70240 33.22348
37.79459 35.52483
36.73077 33.48414
39.23088 33.74003
36.79583 33.67068
39.07298 34.41561
38.04244 33.69334
37.68107 33.99722
36.40096 33.16636
36.52429 35.40635
37.68191 34.16046
36.93564 33.43017
38.08438 35.84110
36.13963 35.82438
35.51010 35.59801
36.90683 33.95667
37.09415 33.76532
36.68981 35.31683
38.85779 33.49793
38.02667 33.16109
38.58857 33.50443
37.64716 33.45932
37.04090 36.90776
38.10883 34.71917
37.15164 34.92117
37.71362 37.65347
36.48022 38.32864
38.69954 33.28702
38.73997 34.25421
38.31868 35.12822
36.27924 33.58036
37.89308 36.67861
36.02470 36.01415
39.33182 35.05163
38.19731 35.59148
37.60842 34.80035
38.95528 35.46734
38.26164 36.76540
37.82438 33.75146
38.45089 33.31737
38.26853 33.22135
37.18658 33.55086
38.73156 37.26630
38.43394 33.73403
38.00235 34.85619
37.61206 34.08670
37.31277 33.15851
37.43974 37.43569
36.10989 37.83098
37.07832 33.76711
36.79838 34.39215
37.65354 33.57208
36.44495 33.30672
38.95328 34.19127
38.20601 34.10380
35.97698 33.17982
37.97504 33.99301
37.62733 33.38984
37.89108 33.15535
36.14531 33.76881
36.56347 35.53025
38.21969 36.12261
37.42952 33.55038
37.46722 33.16872
38.11143 35.30378
37.17170 36.19126
36.13244 34.61919
37.96380 36.26679
39.49195 33.54420
37.41194 33.86865
37.33378 33.16361
37.11246 35.51192
36.42739 33.45521
37.49238 38.46899
36.50353 33.68072
37.16707 34.56612
36.66680 33.66494
36.79437 34.91962
36.89353 33.60993
36.24387 33.31746
38.04682 33.32884
38.33728 33.20672
36.69671 34.11123
37.08133 34.49747
37.23658 33.76532
35.95094 34.08826
37.63896 42.92416
37.39017 35.60389
36.46027 33.29675
36.83733 33.64039
38.06321 33.85903
36.94446 37.40049
38.31744 33.20731
37.90714 34.14146
36.76774 34.33310
37.74494 33.54449
36.93669 33.47900
38.52444 34.84665
39.50117 34.14025
37.43229 35.84980
37.20619 34.27157
38.09795 34.46833
38.33238 34.39575
38.96318 33.71365
37.88425 34.06442
38.21249 33.16814
37.08176 35.16578
35.70744 33.57840
37.39089 33.81431
39.10998 34.22695
38.04548 33.57827
38.41376 33.93791
37.09450 34.57511
37.19556 33.69558
37.95202 33.14223
37.00675 34.95583
37.51652 35.94273
36.84375 33.87348
37.37193 33.18639
36.84342 35.71906
36.88746 34.40990
37.63980 33.15610
36.39694 33.20940
38.94891 34.21106
36.86063 33.90767
38.10002 34.46428
37.13101 33.99153
36.97172 35.69962
37.39016 33.99548
36.74165 33.17568
37.68332 33.36573
37.54093 34.04596
37.75310 34.16832
37.43732 33.25542
37.58692 33.29052
36.74175 33.41072
36.30503 33.35612
37.43352 33.20792
37.23011 33.24579
37.48785 33.46821
36.50283 33.16296
37.85119 33.60206
37.99224 33.62527
34.22445 33.49116
37.28081 34.94337
37.83491 33.24499
37.99553 34.15946
37.92558 33.29823
37.78348 33.47068
37.97236 33.78742
37.78806 33.32729
36.49401 34.45351
37.58005 33.29956
38.80272 33.68925
37.00602 33.17045
37.07397 33.27671
37.88425 33.26776
37.43760 33.32063
37.65420 33.17991
38.56664 33.31183
35.88009 34.29782
36.11822 34.20978
38.41923 34.01058
37.66786 33.24206
36.63513 33.99961
36.66796 35.67851
39.30098 33.74316
37.05879 34.19017
37.27629 33.86893
36.48094 33.46744
35.93886 33.98134
37.32406 33.41911
36.61995 33.17064
38.34220 33.52900
35.80694 33.91331
37.23994 34.43524
37.44363 33.66944
37.22196 33.19784
36.04505 33.20197
37.03182 33.47701
38.27808 33.94442
37.93162 33.32302
37.30894 33.80233
37.02379 33.32388
37.50835 33.50446
37.68962 33.26737
39.44875 33.71307
36.90564 33.88905
38.02408 34.07602
35.95901 33.44920
36.40272 33.63463
36.24169 33.49950
37.73720 33.23296
37.73549 33.82060
37.04645 33.20706
38.01110 33.79184
36.37764 33.23056
36.64756 33.28511
36.85300 34.01060
36.54912 34.39072
36.54019 33.24717
35.98646 34.14316
37.26673 35.37512
39.52866 34.82814
36.16576 33.49872
38.41767 33.78081
36.58506 33.97989
36.55703 33.27445
38.27159 35.21191
38.16661 35.97449
35.75039 33.21309
38.74875 33.18383
36.88966 36.28633
38.67482 34.02420
36.55616 33.33668
36.59442 34.51774
38.72279 33.68400
37.40665 33.17572
36.81906 35.31717
37.87926 33.29060
36.78725 33.25521
36.62525 33.54628
37.82500 33.39757
37.74946 33.37757
37.30666 34.12361
37.49745 33.79596
37.65602 33.79525
36.20495 33.29585
36.19336 39.52227
37.23849 33.91795
36.70243 35.65123
36.93438 33.63131
37.09951 36.74187
36.96011 33.20090
36.28693 35.01049
38.52540 33.27602
36.09794 33.14647
37.85868 33.63230
36.04531 34.31008
37.56329 33.63760
37.47119 34.50452
36.44842 33.43298
37.14963 33.90208
37.75748 35.18107
35.47328 35.09379
36.55421 33.40003
37.44786 33.36808
35.30775 33.77773
37.80624 33.29125
38.43629 33.25961
37.09776 34.01355
36.60775 33.28964
37.61782 33.25714
36.53429 33.19277
37.31598 34.71041
36.63910 33.30784
38.86948 33.58686
37.22025 33.18989
36.74957 33.97740
37.49880 33.15514
37.51081 33.14520
37.23775 33.26757
36.69659 33.16042
37.23954 33.50646
37.54465 33.16272
36.44894 33.41787
38.35184 33.46308
36.27969 33.43268
36.98128 33.32400
36.12975 33.31098
36.61374 34.76447
37.36072 33.30920
38.10715 33.54346
37.64271 33.74483
36.35537 34.04038
37.55466 33.19926
36.40086 33.81520
37.45875 34.20651
37.38404 33.99476
37.26538 33.77310
37.90385 33.16089
37.59519 34.53266
37.03308 34.53467
38.67223 33.64175
38.58437 33.19993
37.25831 33.38283
37.94713 33.20402
36.99670 33.42909
38.79836 33.97529
36.37968 33.22253
36.49555 33.29906
37.41447 34.07677
36.98912 33.34918
