1015.62028 892.61709
482.06520 372.70510
73.06280 222.21934
56.36187 205.66786
64.85679 194.36303
56.92931 179.22610
51.99380 169.59413
53.32520 165.60898
54.32209 170.85129
53.76464 163.54875
46.51401 149.79875
48.41744 147.46153
46.79670 137.95120
49.27411 136.35393
46.60920 138.26626
46.44536 118.44816
42.66078 125.88784
48.78477 121.17751
43.79885 115.81891
41.18679 107.98049
40.40748 99.85441
46.93163 105.27310
40.79028 96.91827
41.56837 101.17491
42.93291 95.96858
40.80732 93.55207
41.88130 106.74803
45.12148 92.48838
39.24516 99.85561
37.90910 86.00203
38.98357 80.78129
40.78989 82.72016
39.26169 83.20901
39.79784 85.03571
38.29811 79.80248
44.62701 81.86942
38.50384 73.48537
42.53946 69.84047
42.32461 75.96311
41.68905 69.13759
40.51818 70.02761
38.09413 68.20520
39.95311 73.28445
39.81473 71.97205
41.19551 63.49720
39.10795 72.95625
40.22881 64.32286
39.05508 61.43614
40.22464 66.16683
38.96495 59.29721
37.58105 69.22104
39.28565 59.91737
39.48545 63.08334
38.33081 60.87014
39.42704 55.71092
44.62661 57.29419
35.79892 62.74743
39.02469 57.05196
39.65433 61.89410
39.11876 58.25519
37.90667 55.64316
35.56846 54.35329
38.99371 56.01002
36.42800 54.91238
38.21314 55.57794
39.48392 59.62307
39.24504 57.62414
36.46861 56.71370
38.59147 57.13087
38.42246 58.39656
37.22534 53.04484
37.36815 58.48496
38.41046 58.03086
36.53743 53.53652
37.77679 51.83620
38.22298 51.91199
37.33343 49.49970
38.96222 53.62930
39.29757 52.94821
40.21432 55.25344
35.73384 51.99165
37.24685 54.08884
36.73785 47.33030
39.08430 52.55672
36.60701 50.38727
36.48734 54.00793
41.19237 48.05683
37.52673 53.27119
37.37477 51.87862
38.65969 48.20010
36.40464 47.53342
38.29911 51.39701
35.67642 52.53852
37.06230 51.31599
37.56769 50.40233
35.39211 49.65847
38.49599 50.34334
38.25669 47.34124
38.48933 50.19379
37.05396 46.58234
36.17852 45.99318
37.36880 49.88375
36.66882 44.40171
36.82334 51.79789
36.52791 47.97746
39.00242 48.02424
36.37310 46.38262
35.84883 47.15548
37.58133 49.74048
36.03380 49.84141
38.03125 44.65947
33.67954 44.07904
36.44642 48.29370
34.61826 43.73573
38.49043 42.68526
35.17663 47.42262
35.87483 43.69094
35.62521 43.42889
36.39392 46.31388
39.01192 42.86055
35.30403 44.55704
38.01070 45.68759
35.98412 44.70940
35.85946 44.52259
38.73659 44.82481
35.06765 44.27196
36.81532 44.24079
36.71396 43.91855
37.51376 44.49318
37.06039 43.96970
36.60183 44.58786
36.18298 41.90851
35.45193 45.33683
36.63668 43.12623
36.68196 45.23664
36.52166 45.98598
36.00266 44.15740
39.06838 42.46699
36.00853 48.02380
34.48377 42.25075
37.11969 39.85628
38.09058 45.34468
35.30512 42.98653
34.86706 42.05287
37.12357 39.58264
35.96707 44.85932
35.88076 42.30942
35.20806 48.25462
35.65895 43.68868
37.30597 41.26739
33.47048 44.24638
35.64891 43.03718
36.83685 42.22379
37.38576 41.14439
37.44702 45.66956
36.14698 43.31384
36.67662 43.89490
35.05363 40.56964
38.12803 42.27562
37.17787 42.80874
35.35938 42.02275
36.30806 41.83618
35.69159 39.41989
34.58705 42.40092
35.58354 41.54481
36.99235 43.11426
36.16655 41.46599
34.37742 39.82106
35.33407 41.86812
34.90073 41.41640
34.40431 41.54097
37.33334 41.04605
38.01915 40.38045
34.68790 41.49479
36.60455 42.20840
35.26376 40.57731
35.31397 40.39883
36.95281 38.18384
38.23867 40.09153
34.64911 40.21125
36.68565 40.06443
35.74887 38.74601
36.78862 41.13647
36.47809 39.04535
36.88119 41.01166
35.00227 40.27024
34.03099 39.48149
34.56419 38.06325
35.74332 38.40542
33.95200 40.65769
36.81755 40.17378
36.01792 38.29655
36.86059 39.03043
36.55902 39.87410
37.34962 41.12569
35.06913 39.57224
35.92888 39.03533
35.33856 38.61151
36.44995 41.71201
36.93769 40.08120
37.31132 39.28922
35.62404 40.67749
37.34175 40.49566
35.20327 38.02976
34.07514 38.79524
33.90946 37.22709
37.26394 39.87669
36.97798 38.70965
34.80978 38.67637
35.64858 39.38338
35.52666 38.77862
34.89748 39.26278
35.70512 37.01335
34.43956 38.77957
34.76682 38.74455
35.46600 38.31062
35.77461 38.52516
36.22270 39.85170
34.37084 38.30431
34.00434 37.80849
34.42968 37.94031
35.02830 38.18379
36.08818 36.83086
37.04716 40.77117
36.26121 37.20126
34.28460 38.05827
36.84536 37.35701
34.00273 40.25202
36.12238 39.38324
35.59814 37.30143
35.67850 37.84658
35.21464 36.82527
35.65425 37.73786
34.52807 37.19630
32.96822 37.53132
34.71906 39.19413
36.32706 38.01810
34.82935 37.58027
35.15085 38.08306
35.53462 38.10924
34.74930 36.64992
35.44976 38.95790
36.01448 38.48197
34.88413 38.79902
35.12666 37.29804
37.15665 38.63233
35.32588 36.49478
34.93647 38.13165
36.04215 37.51393
37.71328 37.46567
34.02587 39.70968
35.57799 38.71384
35.32809 38.37286
36.78379 38.99591
35.27275 37.27951
35.17609 36.54667
36.10166 37.62630
33.85463 36.66377
35.15528 38.07511
33.41779 38.72886
34.94016 39.53716
33.55815 36.93232
34.78530 38.13935
35.55035 36.94214
35.37370 37.37430
37.11815 37.07836
34.28925 37.14415
36.53160 38.29840
33.79597 37.48095
33.48389 37.75474
34.34317 36.95127
37.26314 37.33650
35.07356 37.91416
35.89147 37.92077
34.31170 38.12079
36.85140 37.17698
35.18326 36.57576
36.28333 37.43070
33.66989 36.67659
35.41401 36.66775
34.62952 37.10128
33.48889 38.64200
35.13072 36.42631
34.95408 36.61923
35.54040 36.46066
35.99610 36.94946
35.52672 38.80015
36.10175 36.43251
35.07996 37.81468
35.87515 37.47264
35.52621 39.21960
35.92631 37.89020
35.97825 36.57857
35.37752 37.73829
35.51623 37.27055
34.95053 36.87377
33.49067 36.57740
36.27221 37.52144
37.12342 37.09439
34.52914 36.20285
35.79702 36.30887
35.00992 36.48586
34.41186 37.56635
35.33961 36.85148
34.39703 37.90898
35.65750 37.40693
34.48099 37.65289
36.81849 36.54678
34.69551 36.55902
36.07545 37.26126
35.41597 37.34966
35.99660 37.99371
35.47106 36.37863
35.97150 36.92932
35.18522 36.84652
34.48808 36.16789
34.41175 36.79676
35.65791 36.55632
34.67628 36.96074
34.62608 36.40307
35.49198 37.00281
33.94159 36.73527
35.45310 36.40017
34.28020 37.21291
36.59096 36.94737
34.34384 36.24285
35.04613 36.15669
37.10098 36.46395
33.97768 36.50524
34.20560 36.51840
36.23603 36.31712
34.23014 36.93518
34.57088 37.57316
34.06073 36.42505
35.14659 36.19298
34.22697 36.65409
34.95685 36.36918
36.35435 36.57165
34.02505 36.44364
34.49624 36.48495
34.97652 36.78315
35.13721 37.16836
34.35687 36.13192
34.86091 36.39581
34.33936 36.22878
34.65799 36.68279
34.76815 36.60563
35.18895 37.49677
34.84030 37.74325
34.72118 37.03209
34.29309 36.20664
34.76207 36.21499
34.17233 36.26335
33.62851 37.05757
35.85707 36.41667
34.40713 36.42390
35.36283 36.65809
35.51759 36.37212
34.27871 36.37643
33.81613 36.42895
35.47927 36.72152
35.28364 36.37385
34.32969 37.53173
34.32929 37.01932
34.82814 36.83903
33.06549 36.43162
34.52200 36.73148
35.81581 37.13364
33.89162 36.89750
35.49182 37.30228
35.49318 36.21389
33.51961 36.41832
35.79567 36.76747
34.46569 36.97224
34.45883 36.11982
34.01856 36.84613
34.65725 36.27328
35.33111 36.53547
34.55738 36.80907
33.69522 36.13980
34.01107 37.11674
36.07774 37.12178
34.17086 36.71126
33.56417 36.43012
35.51250 36.65205
32.49042 36.07705
36.42043 36.44706
34.29750 36.61671
34.33353 36.91085
33.81697 36.32552
33.31325 36.25306
36.54455 36.12254
34.00012 37.33166
34.34502 36.32314
35.20505 36.45217
35.08570 36.12079
34.33780 36.80668
31.79253 36.62174
35.00195 36.99973
33.07289 36.22143
33.93442 36.41762
32.94630 36.03854
33.99620 36.03779
34.72457 36.07807
33.53264 36.03721
34.93517 36.19105
34.53857 36.13639
35.24318 36.35156
34.86433 36.28044
35.55160 36.21576
34.31578 36.23676
35.16611 36.03255
35.97003 37.01779
35.46059 36.09850
35.06731 36.08620
32.96320 36.06448
34.13628 36.07292
34.07447 36.02110
33.52807 36.08923
35.16949 36.57542
35.10219 36.12279
33.82714 36.08397
34.56620 36.37923
34.85708 36.15250
34.95128 36.42978
35.21362 36.08850
34.32992 36.00837
34.62917 36.00832
33.30499 36.53513
36.36831 36.19970
34.70237 36.03799
36.01635 36.39029
33.56153 36.23217
34.03415 36.22220
33.51173 36.17637
35.64442 36.30521
34.65434 36.11705
34.55823 36.10700
34.37098 36.01206
33.60023 35.98649
36.36163 36.28292
34.15392 36.07206
34.24742 36.29993
33.63624 36.07667
33.94680 35.98000
34.59476 36.32936
34.13236 36.04070
33.72057 37.01442
34.19212 35.98805
35.27848 35.99089
34.35064 36.07774
33.46586 36.05513
35.06554 36.54509
33.48718 36.88291
34.47175 37.19244
35.43559 36.26685
34.44522 36.06104
33.23031 36.19802
33.88675 36.12929
33.94644 35.98321
34.23550 36.15868
35.09660 35.99896
34.49402 35.95647
34.03131 36.46054
35.08109 36.08214
34.91451 36.35256
33.26786 36.20508
34.01456 35.94839
34.48127 36.17793
34.48997 36.09347
34.43709 36.78165
34.19083 36.46400
35.30204 36.01004
33.10012 36.47117
35.25058 36.43091
34.86718 36.32415
34.58418 36.00148
33.66922 36.46466
33.66732 35.99724
34.39901 35.93625
34.16927 36.03423
36.17982 36.10064
33.59009 36.36131
34.04552 35.92667
35.47114 36.09187
34.46835 36.50209
33.16754 35.91416
33.88778 36.47448
34.13588 35.98235
33.69024 35.94211
34.18638 36.26135
34.42357 36.90463
34.95201 36.21141
34.38277 35.90401
34.32544 35.95767
33.86479 35.93883
35.09915 36.18225
34.65923 36.04305
33.06126 36.18843
34.50865 35.90041
32.88823 36.16478
34.31027 36.19623
34.21475 36.04690
34.47883 36.18111
35.10198 35.89702
33.78966 36.04601
34.77767 36.14268
34.29879 36.02519
34.68183 35.89907
35.63450 36.06727
33.99862 35.93086
34.68816 36.04387
32.59567 36.85369
35.84160 36.29884
33.76382 36.09318
33.35077 36.09663
34.73268 35.97936
34.18752 36.00962
33.85382 35.98007
34.63371 36.03316
32.78583 36.04569
33.83653 35.90645
33.47608 35.90471
32.75569 36.16401
33.24018 36.11731
32.84231 36.53153
34.11504 35.91878
33.57061 36.02689
35.93560 35.90090
34.90773 35.91279
36.20415 35.99368
34.66247 36.24835
33.71068 36.08308
33.35801 35.91180
35.78269 35.89005
33.93259 36.01093
34.19865 35.95945
33.46809 36.05147
34.26891 36.04188
33.96123 36.49630
35.54760 35.90318
34.74046 35.92823
34.50007 36.00246
33.92241 35.97543
34.11001 35.87286
33.04746 36.08779
33.61140 35.92781
34.70725 35.87372
34.54231 35.93278
33.50301 35.89154
33.91266 36.25315
34.37304 35.86639
33.69259 36.16755
34.99272 35.99030
33.98502 36.74385
33.56522 35.86748
32.11564 35.86045
35.38911 35.88216
33.19920 35.88951
33.63793 35.95867
34.13283 36.17011
34.69967 36.21883
33.70671 35.86903
33.73852 36.32773
33.39539 35.95551
34.19987 35.84086
33.51887 35.83657
35.43380 35.83656
34.58017 35.88274
34.02264 35.84877
33.46962 37.35528
33.58621 35.83935
33.40501 35.86561
34.67111 35.87937
33.88010 35.95331
34.04457 36.01932
32.69549 35.85229
32.63111 35.86755
34.34879 35.86414
32.83322 35.84889
34.28477 35.82905
35.38374 35.86017
35.28436 35.82807
33.37193 35.88954
33.81887 35.82183
33.56619 36.17689
34.61217 35.83842
34.51354 35.83299
33.87636 35.85329
33.10521 35.81508
33.27394 35.82594
34.15008 35.83432
33.99410 36.03895
33.15086 35.80248
34.55464 35.79634
33.35185 35.87500
35.35486 35.83684
33.95593 35.79364
33.65616 35.79336
32.49849 35.84738
33.34106 35.86077
34.45900 35.81891
33.38824 35.89122
33.69531 35.79359
32.91280 36.05570
33.17722 36.45379
33.31314 35.77897
32.53235 36.16957
33.39362 35.95020
34.09863 35.84848
32.90568 35.85943
33.94014 35.77069
34.33339 35.79336
34.17514 35.82549
35.27772 35.77077
33.29405 35.93104
33.91322 35.78639
33.52838 35.86682
33.48757 35.76957
33.54783 36.32623
33.95364 35.75900
34.48727 35.76870
34.31593 35.78156
35.02404 35.80776
33.86565 36.10273
33.98300 35.88945
33.89228 35.88315
34.40178 35.76712
33.25629 36.21647
33.17432 35.75526
34.36561 35.80582
33.71764 35.83644
32.93935 35.75866
34.88444 35.81872
33.90646 35.74881
33.64696 35.75121
33.47726 35.90760
33.05891 35.85967
35.64704 35.74787
34.34782 35.79193
33.38851 35.77155
33.66669 35.80966
34.03746 36.12561
33.60904 35.76449
33.31699 35.86595
34.88202 35.79782
32.31648 35.73488
35.20143 35.81197
34.16601 35.89647
33.20812 35.72151
33.21514 35.88267
34.83884 35.73225
33.80980 35.90855
34.13846 35.83078
34.48286 35.75258
33.92059 35.77676
33.79915 35.90683
33.76402 35.78370
33.81555 35.72252
34.32961 36.06938
34.55945 35.78582
33.20663 35.75952
34.05944 35.71878
34.16590 35.71024
34.59974 35.71242
34.24503 35.76078
34.09315 35.75491
33.77873 35.77703
34.13742 35.73756
33.67407 35.70390
33.23325 35.73978
34.68484 35.71051
34.83459 35.72860
32.82152 35.70754
33.01022 35.71031
33.73855 35.69933
33.38559 35.83432
33.35844 35.71563
33.28074 35.82015
34.27331 35.73550
34.30003 35.70045
32.90081 35.69652
33.51582 35.73553
34.46027 35.73475
32.84489 35.80794
33.89354 35.69941
32.44475 35.73136
33.73545 35.90285
33.82360 35.74663
33.69819 35.68471
33.75238 35.67972
33.34827 35.77003
33.14231 35.67940
34.96761 35.84801
33.78386 35.68678
33.36626 35.73855
33.96443 35.76410
33.50627 35.70718
33.26028 35.67893
33.42077 35.94275
34.55794 35.67338
33.38973 36.14410
34.34321 35.70521
32.89169 35.68248
33.96259 35.67195
33.60268 35.81983
32.92793 35.71784
33.47464 35.84039
33.31822 35.94904
34.06516 35.70280
33.47392 35.66881
34.23057 35.98822
33.66833 35.83905
33.32252 35.67678
33.60323 35.67502
32.19538 35.68037
33.36924 35.80431
33.58465 35.75303
34.23087 36.08180
33.45930 35.69968
32.68044 35.92079
33.74077 35.72641
33.02129 35.80280
33.67798 35.85070
33.48550 35.80603
32.87666 35.95467
33.58886 35.90243
32.65096 35.70069
33.84112 35.69007
33.39988 35.79570
33.63906 35.65420
32.79102 35.92680
32.84961 35.67188
33.37210 35.67669
33.18876 35.65901
35.59730 35.65206
33.28346 36.28197
33.29100 36.48227
33.77363 35.67384
33.67278 35.65653
34.13858 35.70129
33.38120 35.98581
32.52701 35.74792
33.08025 35.67401
33.36385 35.75496
33.44076 35.77263
33.83659 35.66052
32.73159 35.68841
34.32636 35.66151
34.35250 36.14053
33.20934 35.66638
34.59050 35.74592
33.53080 35.78440
33.95103 36.09005
33.47732 35.80116
33.43744 35.96346
33.08970 35.67770
33.04795 35.66456
33.55918 35.92531
33.93036 35.79845
32.34934 35.66361
33.80366 35.72140
34.31089 35.70861
33.54902 35.68398
32.88913 36.00578
34.18992 36.08535
34.77712 36.14539
33.07333 35.66792
33.52988 35.90037
33.32377 35.92470
34.08808 36.30327
34.13500 36.04335
32.64184 35.69402
33.54321 36.06958
33.39058 35.85626
33.77324 35.82641
32.57658 36.32130
32.81960 35.89490
33.94846 35.65029
33.42614 35.76887
34.00245 35.63716
32.64700 35.76376
32.49847 36.26954
34.49897 35.79212
35.18284 35.65364
34.19747 36.31691
34.45396 35.71353
33.22630 35.65681
33.43715 35.67370
32.69970 35.70332
34.20329 35.86323
34.08132 35.62169
34.21492 35.64253
33.13758 35.62254
34.12917 35.79689
33.74167 35.83952
33.07115 35.70835
32.74999 35.89994
33.43619 35.73092
33.34689 35.69755
34.38697 35.63142
32.57603 35.94477
34.12057 35.70485
32.52091 35.61632
33.92322 35.67249
34.07873 35.71049
33.41829 35.86494
33.43613 35.96726
32.15734 35.70625
33.78124 35.65646
33.05240 35.60091
32.34248 35.69419
33.99194 35.60308
32.28617 35.66277
33.93539 36.07193
32.81610 36.02169
32.85472 35.60215
33.10978 35.68207
34.54055 35.73719
33.72432 35.61064
33.86697 35.62110
33.82814 35.63361
