1142.41409 1161.05315
1124.61387 1142.81027
1100.83690 1122.09178
1072.86243 1099.70313
1038.90981 1075.98969
1001.54294 1054.30018
968.56425 1034.15784
932.39301 1018.09381
921.71057 1003.82311
890.06409 990.03185
881.92163 979.59460
859.81203 969.97710
843.46072 960.09693
844.88455 951.10914
837.90502 943.23424
827.23888 935.71572
829.72546 929.66430
820.56491 922.81514
832.01527 916.39504
809.84410 910.66772
807.56017 904.42554
817.75373 899.26081
802.91891 894.38688
784.74684 888.68929
767.11054 883.98091
777.47598 878.19750
773.72047 873.35319
771.59028 869.64524
750.07058 864.80731
749.34126 860.94577
762.09706 856.48100
737.57623 851.91957
744.05714 849.09801
751.93382 844.32677
753.83028 840.96293
731.90718 838.27840
740.84719 833.95436
698.52744 829.71744
733.63352 825.98546
722.50036 822.45727
720.97677 819.54685
719.76656 816.00492
694.46192 812.28369
724.60976 809.06695
674.35573 805.17132
695.07542 801.10570
679.67631 797.78499
675.22792 794.45963
664.41649 790.68193
688.07359 785.75783
694.37657 781.07063
670.71849 777.76604
652.99236 773.56340
678.48807 769.87697
636.01888 765.12522
652.74331 760.71010
644.01841 756.58066
619.51727 754.01915
618.66849 749.63992
603.92164 744.02027
614.53482 740.08122
610.91933 736.24573
601.73880 731.32132
591.63728 725.58024
577.54549 720.58607
580.74244 716.80506
576.21272 711.45532
551.75192 705.87079
567.60538 700.94216
532.50270 698.62940
540.74731 695.88694
555.45687 691.32890
511.64852 685.66856
521.92678 679.43143
509.81492 672.72812
517.78417 667.26725
490.09766 660.99214
488.27693 655.91941
485.59126 650.86224
486.67721 644.90607
457.62798 638.35367
473.28172 632.77160
451.65236 626.50998
441.18395 619.74637
426.64477 612.73145
414.96567 605.81022
403.27745 599.08253
415.23812 592.28825
402.79556 585.92828
379.01563 579.87614
380.87980 572.77643
370.78445 567.10411
363.38608 560.63917
352.17358 554.38911
344.64228 547.02731
339.55765 540.58062
341.90963 533.94038
321.34468 528.82845
315.41508 522.23294
310.74788 515.55582
307.94364 509.50546
293.79444 502.93507
280.03147 496.86305
264.84810 491.56090
276.80953 485.70518
283.45500 479.00224
263.20606 473.01607
263.78145 467.31184
262.82484 461.42509
239.37411 455.77788
234.56583 450.95243
243.29493 446.05682
238.14245 441.66427
224.92463 437.03332
219.51621 431.94073
229.97155 427.58598
216.79937 422.72344
213.43577 419.27000
206.11410 415.76981
207.63201 411.90051
207.55274 408.37931
244.17026 405.83168
198.67157 402.42122
196.35512 398.37639
184.94688 393.90818
204.36628 390.32926
195.97857 388.10183
200.39310 385.39410
192.90719 382.20715
207.45108 381.45108
192.76187 379.57012
195.24823 377.57025
201.62849 375.43811
183.55250 373.90077
180.55901 372.33674
183.98026 372.28044
197.60298 370.24406
177.70265 368.49743
175.74415 367.06175
175.55447 365.33737
186.68541 364.20583
175.72014 362.49367
182.75450 360.98080
177.01632 359.40755
174.26650 357.87695
169.39644 356.03769
180.06360 354.68079
183.18334 353.88383
177.99173 352.70538
167.29551 351.32738
173.88878 348.82377
171.18257 347.71323
178.17517 346.29822
176.20898 344.81964
175.63946 342.23249
167.81531 340.36998
179.63888 338.71597
182.90718 336.17867
170.66480 335.41488
167.08748 334.90850
179.31972 333.35900
168.08661 333.44366
178.68695 330.71504
161.54180 328.61550
165.46651 327.29548
167.39906 325.44549
170.66495 323.09236
170.91625 320.90663
165.93844 319.15020
163.33463 316.51847
174.55885 314.63105
176.32256 314.16495
165.79117 313.23137
162.27807 311.56447
169.05726 309.50099
169.23285 307.59933
163.11824 305.47695
162.13584 303.51432
167.16670 302.17105
161.95260 301.47538
155.72363 299.53900
165.56514 297.78966
155.50248 295.36554
163.54908 294.99844
165.15931 293.47340
168.40368 292.67803
162.70382 290.60853
161.78920 288.23943
158.09456 286.22349
162.38906 285.04999
154.96877 282.96200
161.94549 281.56753
170.61887 279.22225
156.23182 277.62529
140.69171 276.00390
160.89374 274.36869
149.74540 271.64473
157.23561 270.18779
153.78470 270.17874
150.25763 267.61220
142.85361 265.40239
148.11683 264.07533
156.88965 262.89883
135.29529 260.18809
132.48673 258.43237
148.12854 255.71437
156.80442 255.95072
154.50451 254.21044
157.32796 252.72341
152.51937 249.81979
154.08207 248.76083
146.30142 247.19951
158.42957 245.11042
151.43213 242.74868
147.19192 240.90147
139.64990 238.00728
147.54192 234.28064
143.33459 231.73455
137.87944 230.91399
159.72574 228.72329
146.93279 228.58823
150.76706 226.51505
159.63537 224.40485
152.96188 221.84631
145.59468 220.29238
153.09891 217.08683
147.62565 214.74296
144.13560 212.40517
144.98641 210.00503
150.70440 207.13498
153.74498 204.72733
138.48247 201.77410
151.22508 199.73045
153.60037 197.14063
153.06314 195.12833
143.06558 193.62372
140.09966 191.60482
137.05783 189.68399
138.40475 188.00534
134.94028 185.64824
138.76267 183.88608
137.66476 180.97136
142.09544 177.95037
138.07309 175.44601
137.46512 172.77633
137.37830 169.83911
134.87040 166.56616
135.87744 163.70776
143.35241 160.23827
136.90544 158.87142
139.99477 155.40038
125.15800 151.98194
137.37181 149.27476
133.04751 145.95594
130.12423 142.47622
124.43100 140.44551
124.21763 136.77209
134.34160 133.59316
124.03767 129.74725
129.27765 127.02455
127.64396 123.60822
129.18701 119.80976
132.36191 118.07117
118.06499 114.92153
120.61777 111.86228
122.43151 107.93107
118.48919 104.56432
118.06706 100.61072
121.05319 98.36152
116.79902 95.60201
112.93350 92.70805
113.87114 88.50764
108.00245 85.69133
110.46870 82.83421
113.63948 81.25387
111.29059 77.85340
113.91692 74.84439
101.84345 72.41660
115.79014 69.64221
102.51720 68.24936
97.95656 65.24027
111.64421 62.70078
107.59649 61.16953
100.91406 59.45925
97.45636 57.91568
104.59800 55.73376
98.36337 53.67187
91.81843 52.40136
100.87649 51.44099
100.51610 50.19551
104.92540 49.40627
98.08294 48.61244
96.21933 47.66480
93.05791 47.44360
93.43854 46.57179
94.56456 46.20559
93.86221 45.69448
93.74785 44.74266
92.67066 44.08023
93.32186 43.38773
91.17267 42.99581
87.49410 42.68971
91.69996 42.35618
92.46363 41.96536
94.65022 41.45886
99.03844 41.14477
86.10291 40.93390
86.28312 40.71156
87.28927 40.50253
97.25855 40.22249
98.12824 40.01818
90.33529 39.81764
87.92783 39.74131
93.30707 39.61793
91.55005 39.56505
84.07617 39.50168
89.40119 39.48715
85.87167 39.49042
82.47390 39.49317
83.28434 39.53362
92.52224 39.59018
82.30275 39.72590
85.78003 39.79163
82.34226 39.87929
80.70738 39.99587
81.99408 40.12193
91.32928 40.26487
79.26190 40.30930
85.39697 40.51760
84.07077 40.80940
80.39866 40.97603
83.58686 41.21818
82.04345 41.35581
81.18181 41.63012
85.07435 41.64119
82.36003 41.75965
85.64907 41.86414
84.02291 42.21588
79.82956 42.63263
80.74748 42.90150
88.82295 43.00573
90.52954 43.38095
1142.58469 1161.20786
