598.54352 675.52369
115.37244 627.55588
103.86902 622.42185
96.55419 611.64707
98.32408 594.27280
103.35398 592.29752
85.56055 594.17727
89.61072 594.81709
94.00272 596.57194
87.53353 614.70748
86.52658 598.83969
91.44130 602.40492
81.81172 593.09740
96.01546 599.65329
84.21449 591.81572
80.79815 586.61701
83.20352 599.77028
81.36572 586.45492
78.83822 600.01147
89.45231 611.91499
81.37459 607.17782
77.23543 591.82203
72.71238 585.01846
76.86301 595.59090
80.26628 591.25251
75.92059 587.09119
77.76111 584.58623
73.30182 584.79895
74.36396 573.91546
76.13557 591.12821
74.80491 587.39109
67.91496 588.82772
71.79242 587.68816
69.42255 590.67604
77.89400 578.28042
68.88612 568.06509
69.82969 574.58780
71.00677 579.38958
64.18464 570.73310
70.31514 574.49197
68.58792 565.43437
69.17697 580.23685
71.63023 568.68649
63.73865 559.28813
66.18188 578.95332
62.56649 565.67605
64.63227 555.37555
66.20870 565.71163
63.52189 568.95651
63.87921 556.98808
63.08043 571.70322
62.88118 569.76735
61.68372 559.42944
66.02820 572.06913
66.54356 569.06417
59.53433 570.20533
61.81525 562.23410
60.23011 568.15485
65.72272 555.46622
63.02247 556.49287
60.17030 549.44498
61.39715 561.86849
60.17312 547.33038
61.40741 550.75186
58.99886 536.98541
59.74567 542.04333
59.75960 546.62034
62.53429 534.54156
60.61677 533.98575
64.77475 575.27123
66.39924 563.89267
60.93640 551.05652
64.74403 562.41198
61.97631 570.89221
63.91323 553.82340
61.54135 551.64599
62.02339 552.26060
65.07659 548.26390
59.62458 541.67114
58.72137 544.29715
66.14247 542.76933
63.67563 544.38407
60.58439 526.35368
60.46743 524.63161
57.76168 540.12658
58.87402 542.96541
59.01666 533.20925
60.40451 542.40533
58.13969 543.51405
57.04158 545.29484
63.90988 547.62916
58.60408 528.91175
59.84486 544.14153
57.84800 539.79986
56.23593 543.54808
57.69985 538.33441
58.57079 537.06551
55.24248 537.84107
58.62607 552.16758
58.92367 532.59953
55.93359 518.64403
56.39712 519.43714
57.78839 516.68132
55.87223 525.48685
55.49308 518.28827
59.45282 514.19735
54.84444 511.52655
55.55326 502.10923
58.17924 499.74451
59.22087 511.75529
54.84612 503.21409
55.77640 499.25299
56.66374 492.53938
55.83482 490.71156
54.97291 485.28500
56.58624 492.06355
55.19337 482.41477
54.83508 481.32649
57.24986 487.82487
56.10857 484.14127
54.76527 481.27418
56.77543 476.03951
54.80362 473.16114
56.01055 467.78785
55.07377 475.13329
54.81350 477.22571
53.88214 473.68588
57.21904 475.59811
54.51317 473.33828
55.15521 470.94567
54.04615 463.86383
55.59388 479.15711
55.21740 462.18377
54.23483 455.35141
55.22180 452.69469
54.78895 446.74967
57.52499 463.61244
54.74235 453.05811
55.71296 460.88575
56.54641 476.58884
54.11852 465.09782
52.84797 444.67558
53.19995 475.70811
53.30651 453.52996
53.18476 449.24618
53.01924 449.54593
52.98329 455.02053
53.93624 466.81261
52.71945 454.08712
54.75341 461.39585
54.46067 449.63245
51.92490 441.54814
51.87110 440.15739
53.78894 435.80494
53.17754 444.03320
52.34666 433.68826
53.51767 437.67066
53.53165 442.36737
52.80461 427.06403
52.58864 427.83219
53.01079 422.32851
53.76793 415.26512
53.43344 422.78347
54.89012 418.34393
52.14060 392.69464
51.06209 393.33577
50.39608 387.97744
51.28042 364.77343
53.81345 378.20457
51.22221 375.81829
51.33986 371.72090
49.82836 363.86514
52.66808 369.07327
53.22760 387.41671
52.31468 374.74844
51.36229 359.11083
53.41223 354.00037
51.21190 350.10609
50.48991 341.33016
51.48543 358.09571
53.43778 349.57364
53.47167 350.80861
53.46996 351.82862
50.92824 340.08763
50.92241 343.98924
52.66166 326.76044
54.19286 323.49724
48.68998 323.38039
50.25629 319.97118
51.05906 315.05123
51.54475 312.53774
50.71755 318.91216
49.75531 318.40498
50.53739 325.44332
52.45599 302.67100
52.58588 303.40040
49.91307 292.83802
49.54602 304.91445
49.95175 303.55584
53.02600 293.36194
51.01029 301.83922
50.51267 285.05808
51.74241 289.09158
51.25123 297.96415
52.39644 289.25402
49.31018 288.46213
52.07316 275.25683
48.97280 276.26978
49.21358 272.55708
51.58834 273.27921
48.43915 272.16664
52.03360 262.75982
50.50404 277.94103
50.55397 272.97340
50.69740 271.14996
48.38526 262.98638
49.29381 259.72091
49.81926 258.84445
49.49954 230.79585
48.16326 240.52247
48.08088 220.92504
50.66473 218.32411
50.62082 218.76220
48.29730 220.16639
48.94071 216.44383
48.36822 215.16015
48.88737 216.37807
47.42419 220.17969
49.87564 220.97130
48.56632 219.38766
47.69290 208.64886
49.91844 210.81839
49.15240 195.87013
48.68946 211.97171
47.21282 208.57803
49.31380 196.61817
49.24737 190.57443
48.73888 179.67121
47.67142 178.50462
48.65027 181.54703
48.66643 186.71948
47.25641 173.68651
48.70431 198.60290
49.29941 187.56307
49.79608 181.11785
48.53092 173.44447
48.43550 163.33292
48.27337 168.94897
46.89782 174.55168
49.18870 170.75408
48.03704 169.31140
47.07357 166.60915
48.74011 163.10531
46.40932 160.06562
47.83463 163.81689
48.15388 156.21688
46.99849 158.88977
47.41819 156.02188
48.50368 167.97208
47.60564 157.01058
46.97949 158.99684
47.02251 164.56199
48.56465 152.35894
47.91260 143.08847
46.86341 152.39431
48.02341 158.48551
47.06964 151.08715
46.19947 155.74875
47.15625 147.12297
48.56313 145.56550
47.46168 155.01857
47.88441 144.92948
46.73043 143.19183
47.19343 126.17655
46.97112 127.96080
47.06480 143.28512
47.59957 138.68774
47.63891 136.95947
46.02536 129.00718
47.27696 134.41824
46.91997 123.55015
47.30458 120.30220
48.43174 121.27547
46.53561 116.81880
47.50173 115.52329
48.26301 116.16974
45.86499 113.61408
46.23278 118.21969
45.89843 118.65047
47.90892 113.45935
45.95415 104.42604
46.07385 94.60461
49.05143 109.33369
47.22688 113.36332
46.61940 101.65523
46.16643 98.60557
46.75740 111.67912
47.30596 102.01743
45.29354 91.84326
48.00557 96.42953
46.54475 86.41270
46.11107 90.12559
47.37030 84.27116
46.53528 88.89446
46.12954 90.35384
45.39687 86.40029
47.95046 89.88464
46.39581 82.00649
46.45418 93.78571
45.15802 90.52575
47.11416 87.56527
46.78693 84.00415
44.73627 91.99798
45.52347 83.95002
45.14606 80.68619
45.19110 78.17053
47.56790 79.70098
45.57381 71.83644
46.39163 76.63265
47.03202 78.44871
46.22311 72.29003
47.91089 69.62502
44.20385 72.33761
46.21017 70.73509
45.51460 68.89523
46.58471 72.09949
46.57636 67.65055
46.46398 69.51519
47.44000 65.97330
46.02494 66.56980
45.17962 64.03500
45.24864 67.09598
46.80617 60.50503
46.10150 60.94684
45.25690 63.00691
43.87702 64.75166
46.38076 59.88987
47.30432 66.75225
45.23193 66.81368
45.67067 62.36261
45.48002 60.91742
44.77014 63.12129
45.54765 56.09020
44.66472 57.48626
46.77883 60.01329
44.26546 59.46922
44.98597 57.33383
45.23999 65.97817
45.98611 58.53362
46.40945 63.75942
44.46148 63.03861
45.22178 58.86186
46.34350 60.76973
47.55227 62.01126
45.06841 57.57805
46.64966 63.34642
45.86180 54.17602
44.68078 50.78595
45.64318 56.38904
45.89955 50.98854
45.51869 51.89895
44.90792 53.53072
45.19040 55.30656
46.46840 53.13309
45.61836 50.56955
46.09994 55.93061
45.22224 52.39337
45.49944 47.12047
44.89361 54.82166
45.29501 49.09826
46.16150 52.30743
45.16892 53.17350
43.67176 48.50875
45.16156 48.89435
44.79347 50.29764
44.26781 52.64208
44.42603 48.44924
44.55104 49.80430
45.12051 48.17926
45.25625 48.43780
44.85313 46.69761
45.65297 45.65501
45.28445 48.94207
44.55040 44.49633
45.04835 49.13042
44.78296 51.87017
44.14750 46.49384
45.52432 45.53862
44.00405 47.74298
44.12565 45.47831
43.70620 44.09266
43.50829 48.00718
43.40862 43.28457
43.85048 48.16590
43.93429 44.82800
44.70212 45.39890
43.92156 43.11667
44.25001 44.76917
44.83210 46.23065
44.17870 45.27861
43.31402 46.95683
44.00527 46.51637
43.46765 43.33903
43.88911 42.44727
44.06634 48.20090
44.65913 49.81942
44.92729 45.99494
44.29176 43.48737
44.19629 46.82759
44.98661 41.55613
43.97552 44.69051
44.05283 43.23666
43.93449 42.42579
43.98163 43.04974
44.42733 43.23419
43.38500 50.78329
44.03121 44.81003
44.20639 41.42781
44.35938 41.87837
43.83709 43.59483
44.22209 42.59479
44.83222 42.72929
43.72038 41.09860
43.26036 41.59663
44.11228 39.86638
44.45792 40.31135
43.50863 40.94974
44.19930 41.66357
45.15831 41.81571
44.81907 42.75578
44.92527 43.69279
44.88789 41.17215
44.52569 40.54354
44.03710 41.10201
44.93982 41.19418
44.65922 41.83031
43.93658 40.43899
44.43887 41.60676
44.51617 41.02115
43.72640 40.81178
46.15547 40.89429
45.14218 41.84403
43.54413 42.91491
44.81431 43.22724
43.45559 45.93978
44.73982 41.98262
43.62799 41.01747
44.46472 41.69497
44.04811 43.54988
44.75434 40.63627
44.26396 41.46874
45.32094 40.84203
45.49449 43.08250
44.76939 42.11408
45.00880 40.33822
44.30200 40.55302
44.36596 40.64980
45.32261 40.62953
43.90027 40.47800
43.72838 40.83070
42.36280 41.75428
44.73555 41.61697
44.80092 40.58663
42.59753 40.52087
43.74215 40.43475
44.38430 41.48612
44.11301 41.18837
43.89217 40.90588
44.23141 40.36158
44.62537 41.84952
45.36964 43.99302
44.57112 40.96083
44.71790 41.28814
43.64462 43.16909
44.62127 41.58997
45.06286 41.00178
43.39180 40.94040
44.07534 40.32332
43.41506 41.05444
44.10792 40.43949
43.40348 41.81812
44.74077 41.96620
43.67310 40.51896
44.56888 42.56097
44.11532 43.12079
44.65471 40.78680
42.71883 42.85435
43.38816 40.89004
43.88307 41.42443
42.86924 41.76014
45.33208 40.36809
43.65274 41.09364
45.07910 40.13896
43.95692 40.05677
43.88390 40.25550
44.06552 42.29842
44.11035 39.97022
44.35892 41.96194
43.66516 42.26191
44.32678 40.97012
43.82307 40.40764
44.23405 41.77424
44.55253 40.04932
44.42567 40.81552
43.50366 40.90542
43.57153 42.45527
43.49001 41.11322
43.58696 41.25299
44.86379 40.42887
43.14534 43.33638
43.85055 41.32389
44.38393 41.54517
44.24913 41.67918
44.03197 42.62577
43.19408 42.28073
43.62104 43.16211
42.83324 41.62476
43.67681 40.97515
45.36198 42.02152
43.56524 41.39698
42.14105 42.12012
43.97488 44.12091
43.14641 43.16771
43.51789 45.75848
42.83027 43.96321
43.19834 40.88614
42.70513 42.25186
43.71601 42.87411
43.90807 42.94180
44.16464 44.20881
43.33609 41.37587
44.31943 42.13416
43.15440 42.93069
43.19483 43.90091
43.14942 43.78450
43.21517 44.42815
43.64974 42.80498
42.45053 40.89335
43.53869 43.30091
43.91862 40.49528
42.86045 43.05849
43.75332 43.46284
43.31135 43.77935
43.93146 43.20000
43.87187 42.61252
43.39351 43.00432
43.73071 43.92133
43.21893 41.15955
43.83990 41.88475
43.48324 41.44141
43.42847 42.70143
43.10185 42.84740
43.66751 43.34531
42.26516 43.68095
43.15918 42.30512
43.46586 41.35769
43.03186 42.52118
45.06837 42.67032
42.60889 40.13736
43.49130 41.07049
43.41440 43.87147
44.56966 41.70729
43.52040 43.55402
43.46547 43.70103
43.29287 41.74231
43.72435 46.88108
42.42592 42.68901
43.42493 42.71087
43.28624 43.96498
44.45989 48.60549
44.77715 41.82249
43.12598 43.20005
42.43891 41.49607
43.13054 42.93321
42.96285 43.25208
43.61474 44.92341
42.59643 46.19336
42.46768 42.89951
42.78722 42.32840
44.79177 43.67246
43.28273 42.47677
42.56013 42.27524
43.62419 45.14055
44.25522 41.74857
43.04519 41.37227
42.62463 43.35088
44.19528 41.19401
44.03291 42.41789
42.63617 41.66346
44.10302 41.32880
44.10166 41.65313
43.20220 46.03702
44.05947 43.70188
43.32942 45.40780
44.45473 44.55940
44.24519 41.01355
43.50444 44.19460
42.59247 43.27641
42.41308 43.66824
42.88799 41.91213
43.22971 42.49463
43.22065 45.26274
43.17427 43.11847
42.03497 43.47095
43.53242 43.67944
43.57390 44.86872
42.63735 45.39883
43.61077 44.37279
44.29618 43.34599
42.19598 45.04976
43.24593 44.31591
43.63432 46.05261
43.68392 43.71065
43.51995 50.23630
42.77132 42.50386
43.16239 45.41532
42.02770 42.05109
42.76467 45.31635
43.07473 43.01873
42.18617 41.65780
42.79555 42.76521
42.74184 45.31223
42.73352 43.02606
43.37093 41.93458
44.02962 45.97615
43.09931 42.37792
43.28289 44.72112
42.27389 45.87163
42.53329 42.01521
42.73921 43.80419
42.67340 42.39485
43.41092 43.24326
43.87211 42.08625
43.13123 43.69814
42.55829 43.58751
43.56356 45.55322
42.62577 45.40061
43.11928 44.48809
43.83294 44.41363
43.01923 44.43988
42.46310 43.23427
42.43671 42.61966
42.68038 45.51691
42.88297 44.12502
43.94570 45.29814
43.84022 43.44247
42.47209 44.21562
43.24486 42.94198
43.70957 45.69747
42.34638 41.89018
43.97854 42.41211
41.94943 41.95574
42.92070 44.77449
43.68438 42.84658
42.17511 43.95965
42.76781 43.56323
43.16359 40.46904
43.17390 41.41575
42.36037 42.36807
42.74959 42.36526
42.67159 41.15964
42.51846 41.75932
42.65256 41.21545
42.65891 41.97758
42.57572 43.53968
42.50833 42.37445
42.31235 40.77236
42.66129 42.11314
42.99032 42.15761
42.82638 40.75270
43.10794 41.45226
42.87973 40.82719
43.42245 41.25141
42.49195 41.91120
43.18762 42.45522
41.68377 41.61724
43.32939 41.33897
42.46135 43.25414
43.01236 40.71751
42.96470 42.09436
43.73145 40.33879
43.08712 41.69990
43.24465 41.07064
42.66676 42.62151
43.50673 40.84604
42.84726 41.35997
43.10478 40.53541
43.27871 41.12092
42.81963 39.81538
42.45043 41.77838
43.24459 42.01268
43.45119 40.60841
42.85202 44.68489
42.76786 43.42550
42.00932 41.69077
43.08770 42.76957
42.70238 41.08232
42.93492 43.36603
42.27524 41.07398
43.07743 41.32937
43.02430 42.04158
43.21534 41.58147
42.66879 42.40850
42.09037 42.74941
42.87252 42.10202
42.65046 40.89511
43.02117 42.32452
42.44489 41.47976
41.97182 42.41305
42.25493 41.08886
42.54344 43.22650
42.23323 43.33362
43.08752 43.10623
42.10550 40.82365
42.24401 43.30870
43.10720 41.76833
42.40337 41.77665
