964.13731 901.94916
866.48360 898.09553
772.52303 892.50972
655.32529 884.79800
558.93286 875.86920
468.81040 866.74469
393.70683 856.70933
324.92153 847.03652
312.62659 839.28770
293.28525 832.49466
267.20642 826.86152
267.18075 823.33750
253.93161 821.18675
253.63279 819.24165
246.34765 817.78870
263.58087 818.64091
258.23918 816.80294
240.34075 815.39723
219.68302 815.29451
253.35047 815.35508
237.77966 816.86894
231.18984 814.91970
224.27840 814.25625
227.56178 815.05421
227.46071 814.23230
214.27650 812.15261
227.65441 810.41534
221.34177 808.52500
218.15094 809.15155
211.79543 810.16265
205.88932 809.16085
211.36442 807.54269
213.07764 808.44637
205.63285 808.28290
210.28051 807.94151
201.12892 808.00980
210.81049 804.81612
198.79460 803.82261
188.87441 803.03791
202.15546 802.42348
189.44587 801.64862
192.21902 799.82009
185.85052 799.67973
202.08030 797.21090
200.01475 797.74236
194.55086 798.66534
188.54098 797.69685
175.68692 796.48488
199.67552 795.84490
188.86095 795.16998
183.96048 791.38596
176.84049 791.43299
179.78775 790.94632
172.14820 787.13870
181.61177 788.80564
178.84530 788.35565
188.74669 789.94955
180.73762 789.65514
170.37451 786.84637
164.11220 783.41199
176.02780 780.79994
177.14530 780.54124
158.83168 781.08575
174.88211 780.04338
168.04738 779.19345
159.39779 779.16002
165.61248 780.21381
160.70177 777.48459
156.53312 776.66429
167.24730 775.42698
169.13535 775.25409
157.43843 773.48677
159.55400 773.24464
161.31133 772.85969
157.33574 770.15546
160.30403 770.68147
158.87654 770.45056
167.94960 770.95973
158.64169 769.70563
155.51038 766.49469
151.30280 764.81729
148.13741 762.40751
164.79094 762.75077
147.19478 759.99803
155.06162 758.71652
140.54774 758.96071
152.96133 758.38092
147.44769 755.06525
144.03680 755.14592
148.54415 755.28517
138.95422 752.73951
148.49483 750.09607
138.26115 753.10141
141.57258 752.03452
137.68770 750.56628
154.98419 748.65227
143.47608 745.99754
145.87089 743.38718
136.88811 743.81088
140.34076 744.05194
143.69705 745.92561
149.96713 743.26170
132.95000 741.69159
140.79202 743.96192
134.78731 742.74976
137.81440 740.60428
130.36254 738.87130
134.25329 736.31677
130.56705 734.13394
134.35119 732.77402
142.98108 732.18439
140.16506 731.86832
134.90172 731.72147
129.79255 730.10541
126.75253 728.90524
121.57556 728.93712
133.26093 730.69305
125.43750 727.39025
124.65934 723.64745
121.88132 724.30990
126.44029 725.06756
122.29630 725.00319
124.54903 722.10822
128.03446 719.02135
121.50662 718.05284
119.43323 718.40834
122.55582 716.26857
130.21058 716.21018
122.62244 714.09890
126.02476 713.55772
116.42849 717.84787
115.52858 716.21371
113.98341 716.20753
115.03656 713.97663
124.91733 716.45510
124.93636 716.50401
121.17570 713.55267
117.71524 711.31984
123.19485 712.96805
114.55751 712.42407
116.96972 709.05020
116.73778 708.74580
117.11117 714.44396
112.51803 709.61091
117.99887 706.73827
111.73814 706.46909
111.45130 703.20094
118.01775 703.01761
104.18411 705.54444
118.60921 704.93286
114.65939 704.45341
111.54971 703.42592
106.07978 702.44280
111.38143 704.38581
111.59153 704.06442
104.63906 699.79827
114.66041 700.85121
105.04239 700.23926
110.41270 696.07490
108.40758 693.67394
116.23462 692.63371
108.99978 692.05658
102.89677 693.82005
103.29079 692.30365
110.43913 686.10247
112.95352 688.92728
111.32894 689.23106
105.43538 687.62775
104.94948 688.20187
104.20544 686.55190
109.23667 682.02011
108.79206 685.83377
95.41145 683.91861
97.31396 680.91113
98.48902 680.88194
100.20695 680.78937
101.97567 676.56940
111.20327 672.44668
95.49007 671.56981
99.00018 672.70677
96.27031 674.13117
101.30239 674.33820
96.18950 672.66565
98.85441 670.39921
100.80399 670.11821
103.23389 670.77855
101.40597 665.85377
95.23842 662.94835
97.67108 664.11396
100.05952 666.86619
96.98190 664.75179
94.85302 666.66151
94.31263 664.00492
92.50570 661.28216
103.33568 664.79565
93.36503 659.26370
103.40923 657.21580
99.01682 656.85315
102.33624 655.95999
95.73447 651.32042
97.53005 650.50811
102.44030 651.96710
101.70955 657.73479
87.60409 653.98884
92.53317 648.84040
95.73788 646.78939
102.61568 648.45807
88.27788 649.00266
91.28895 644.19945
95.92941 647.54974
96.14015 644.05253
92.06105 643.31940
95.63684 643.55165
91.10782 641.16649
87.50382 638.67895
97.86090 641.52014
91.76695 640.78259
89.35526 635.51008
84.85661 634.33354
88.97436 632.56382
93.13424 632.65063
92.83415 635.18583
91.69920 633.07917
89.37702 635.23835
90.07627 632.79255
89.10302 632.86586
89.63887 628.55448
91.30396 634.21054
89.24798 627.90361
85.01246 624.72692
94.32634 628.09564
92.83097 623.81089
90.61804 628.10834
85.44622 624.32183
91.54484 625.46851
92.25555 623.91809
93.87336 623.91073
88.98228 624.03828
84.25207 624.42276
83.66086 623.94136
86.38939 621.25548
86.77790 622.31162
80.29471 618.24106
86.09825 616.28933
88.35582 618.27915
84.75434 618.69115
86.79696 617.30923
91.87359 618.46061
81.19916 612.22012
85.35983 615.46896
90.22639 617.31728
82.81040 612.46864
85.67068 611.67543
84.34431 609.89840
78.28520 611.70488
85.84702 621.46264
87.42209 617.56463
82.35970 618.75414
82.71896 617.07668
78.40429 610.67875
80.27671 616.03813
78.82782 613.24409
81.81053 610.33303
83.48662 608.98622
83.63057 608.84340
88.04300 610.29554
89.21551 609.19199
84.91043 609.96818
85.08863 607.91833
80.92710 605.01123
85.22102 602.26109
83.90620 597.51698
82.85060 602.96401
76.53357 597.79523
79.43666 601.87774
82.21568 599.39044
78.21585 604.00962
84.31967 596.87891
89.09139 600.53334
88.01491 597.13353
83.87061 601.79658
85.84780 599.93513
82.26098 593.72519
84.00412 599.58778
77.70737 597.68991
83.62099 594.92328
84.66284 592.97459
83.60598 599.20759
82.18902 595.20701
84.32859 593.87500
84.41930 591.27700
78.15914 593.09513
89.35001 594.17116
77.80457 593.76268
82.11949 592.99636
84.18650 583.84871
76.54131 590.08152
85.86521 588.62430
81.98135 588.52705
85.61327 586.24396
79.80868 588.08561
79.31555 587.38972
79.45248 581.54018
78.90604 584.32965
78.39387 580.06768
76.80225 580.79572
76.97438 580.00467
74.05121 584.12749
75.96417 586.99864
83.13927 589.14471
81.02025 581.33992
80.92522 576.99453
80.81675 578.45437
78.76762 581.47874
77.74832 576.99693
87.64040 580.74408
80.14655 576.48243
73.79992 577.16605
81.80474 577.80728
78.15910 576.81243
75.43836 572.79315
82.93333 574.95455
81.79856 564.73219
77.66846 575.55672
82.41584 569.87428
76.06296 574.49808
83.81740 569.70442
75.43565 572.15414
79.38392 570.53050
85.98870 571.74329
82.06219 570.88845
77.16557 569.71719
80.31488 569.74675
77.36698 568.78134
76.24898 566.25332
76.84345 563.13091
77.42311 566.05945
79.13516 566.11568
74.72788 561.48575
82.63122 564.96001
77.01819 562.86596
75.23893 564.38790
78.46336 561.37497
77.23974 557.97760
76.13573 563.27216
82.06081 558.66470
79.36907 565.24444
79.03036 560.54134
75.45149 554.23284
81.09747 553.38205
75.82877 554.66566
75.78207 555.05455
72.66987 557.87992
75.08744 555.34843
78.50986 552.88812
74.54656 551.31679
74.45224 553.36958
78.34878 548.18408
77.54862 555.38994
79.22185 552.44283
72.92137 556.28181
74.65992 552.95993
73.68569 554.85241
75.81877 553.43510
74.91696 544.49118
76.57955 551.28297
76.09862 545.85504
72.21578 543.56437
75.20345 537.65701
78.87009 539.13268
72.97299 541.66227
77.32263 545.16142
72.60246 538.94086
74.13292 536.58327
78.00737 537.68090
73.50603 537.40741
75.02029 545.80048
76.30874 539.87750
74.51497 543.18280
74.18293 534.31307
77.34224 539.19701
71.62924 533.02588
73.37961 536.77184
74.98331 535.24723
75.59456 531.97057
76.93171 532.20376
74.18959 534.99671
78.34960 535.43288
71.32995 526.69411
73.19714 534.80043
77.84917 531.50083
82.23441 525.25129
76.08769 529.56334
73.69875 530.73880
70.47631 532.05776
71.72304 530.08269
70.25741 526.91689
74.40202 530.61541
76.69831 529.48322
76.97350 517.13480
71.22559 527.93900
72.96598 529.49518
72.24901 528.61455
73.01429 523.77216
73.95826 525.38072
72.86627 519.28874
69.96226 517.80315
65.61178 528.41703
74.25837 527.90230
75.10261 522.16676
74.45309 513.98978
74.49174 514.78664
71.24725 520.83908
70.95853 521.48572
74.36671 518.15144
74.87757 514.48002
71.45734 516.51672
76.07214 515.76422
69.54556 511.29414
75.42475 510.66353
76.05663 508.29099
68.90306 512.48507
73.60101 512.04813
77.10878 512.99071
76.47830 509.46585
75.00197 513.78523
69.34892 509.53619
72.91452 514.13357
70.50384 512.49890
73.03059 512.44955
68.77814 500.57845
69.62857 506.59438
70.07340 517.57641
69.83091 505.68831
74.54959 511.29432
70.72702 504.76769
70.20097 503.70158
67.64367 509.70089
72.80008 514.87793
70.87047 503.89816
74.49696 500.39933
70.63733 493.41405
72.45647 504.53450
73.07080 503.16444
76.17691 489.93009
71.34466 502.20722
70.12063 495.54707
66.37772 500.96833
68.01047 496.70454
70.73247 489.51594
65.21265 499.03689
74.70847 506.26739
71.88430 495.60395
72.09467 500.02867
72.89182 490.43552
74.94539 493.99804
75.48007 495.06212
70.60791 492.12759
70.65745 490.53990
69.88889 494.73044
71.88803 488.07958
67.15054 488.10235
72.93344 493.94989
65.41781 489.81909
69.28509 494.00303
71.19901 490.38657
68.59343 485.18666
64.51895 490.63012
68.22759 494.15996
69.21892 483.55680
71.43569 487.19952
70.44651 488.02848
73.20019 490.03080
68.01873 488.77116
71.10214 489.51264
69.04480 491.62329
66.99061 488.57052
68.20595 487.18773
70.59712 478.76885
76.37685 491.43131
68.62371 482.31023
72.44662 484.21910
69.28157 480.61224
69.79183 479.07152
70.44318 486.43634
71.44319 480.94896
66.63279 481.91283
69.36860 481.37474
71.09440 480.94941
67.70668 483.39436
71.23064 479.85716
66.63730 474.34639
67.84101 481.63708
70.83851 479.05247
72.63493 478.21176
66.19872 478.16867
70.95942 473.42088
66.16555 475.05268
62.91786 478.59535
66.93795 480.90287
64.29531 475.87393
68.86452 478.97222
67.07377 474.72224
65.12725 463.85262
65.76770 469.93464
69.63415 468.92418
66.50493 468.00767
71.56533 469.58292
67.04599 463.96837
65.54964 475.45305
69.75390 465.23252
72.99864 466.25497
70.99429 470.38412
70.47963 469.80286
67.37161 467.86659
66.78852 460.06723
66.63203 468.60272
70.37603 460.97378
72.67974 466.94385
70.43397 462.21972
66.73615 470.81732
66.13994 464.80608
68.78701 465.30694
70.43722 469.40933
67.65905 457.87395
67.47659 463.89781
64.66475 464.62531
66.22002 463.52507
72.16554 455.33280
69.87547 460.38128
66.08357 457.57633
66.00080 459.88403
67.50205 462.04789
66.81936 457.06046
63.68056 454.94371
71.28793 449.30615
66.53603 460.92314
68.90627 453.24502
69.07967 449.63568
68.37403 450.43112
72.25518 455.94041
70.04556 456.61969
66.55682 446.78078
70.12969 452.96993
62.29953 456.00386
63.74730 446.66911
61.27467 454.04198
65.98176 447.00437
65.87939 452.72136
65.57343 449.08645
67.74396 450.91902
71.15589 448.14673
66.49616 446.10325
68.02868 453.52386
66.58143 454.12423
70.58554 440.56870
65.75203 454.45127
68.10191 447.99762
66.40807 445.84641
65.74978 450.20836
67.10768 447.39790
62.84155 443.29307
69.22497 444.15314
62.90397 443.35939
62.34982 438.04443
63.00951 439.21069
69.23507 443.44984
61.99201 446.06950
67.50010 436.65819
67.16170 442.80994
70.52447 432.99035
63.16774 442.31760
63.10582 445.59966
66.95396 433.35577
63.42882 438.13177
68.91653 434.21383
64.36082 439.15311
65.32167 433.96754
64.84097 433.94967
66.51650 440.09802
63.70994 436.95854
67.45703 426.13363
68.54279 434.85704
64.03148 430.57023
69.43601 431.29107
64.85554 428.58338
67.55340 427.35444
67.00996 434.46742
62.90584 426.63131
62.74370 425.66096
65.49184 427.12927
63.86131 421.34663
63.47559 431.49081
63.98332 430.90742
66.84814 424.50349
65.09210 422.13125
66.56461 416.67541
61.45201 423.44373
60.62936 413.87335
62.39764 415.49799
69.28016 426.83563
69.07033 419.35876
67.83219 417.21577
65.00048 418.07323
63.47470 422.40849
66.54912 425.72957
60.48664 426.47278
64.01318 418.52722
63.18905 426.62734
65.24882 417.72210
61.87222 424.01287
64.80811 422.66647
65.92904 419.60992
69.27940 421.22352
66.45132 418.23327
67.53774 419.89947
63.42142 425.28099
71.44869 415.13244
67.25151 422.25877
65.19665 424.11969
65.15362 423.40827
65.94376 415.30472
64.66101 419.73168
63.66086 418.46695
66.84767 417.06523
67.76794 418.44299
63.22830 421.16998
60.84732 418.12885
65.86007 427.35873
68.13446 421.58599
66.14631 422.10277
68.29104 418.92184
66.14810 417.44464
61.94267 424.75041
67.59215 427.40821
65.10502 429.51074
61.74599 428.68045
61.28659 424.00367
62.63327 424.30536
65.15663 426.39885
61.81349 427.55967
61.98323 422.58286
66.35870 423.67543
64.59566 423.49972
67.69876 424.04996
62.72672 414.56587
67.47598 422.91203
66.70383 416.11128
67.49402 413.76141
66.35067 415.15437
64.31683 415.64880
65.90604 417.78083
63.89840 418.79207
61.73782 411.23825
58.69772 417.83570
63.22212 413.19975
65.10651 415.82475
61.93281 421.96924
61.97880 417.66177
63.14148 421.25752
59.59439 416.80648
62.30308 419.28196
63.31379 417.05778
66.46522 412.00724
61.29568 417.82430
61.47986 411.78906
62.29279 418.21309
65.92640 417.40430
60.57540 412.36586
59.69638 414.03416
65.17836 414.40844
61.04644 408.16447
59.82875 407.36926
63.94081 400.92806
61.24992 405.10845
66.91756 406.18125
62.27740 407.50651
64.49729 408.75067
57.88772 405.59251
61.27991 401.74642
62.67636 404.99307
62.33305 406.48603
64.05958 400.94593
64.19615 403.42438
60.52957 400.68238
63.20212 407.65198
60.63154 396.87248
61.97216 399.85224
66.91721 395.93559
62.78405 397.42291
60.67582 404.13619
61.92823 394.98435
62.47587 406.06553
69.45481 398.23626
59.50743 398.45805
60.43676 408.61055
59.13594 401.41881
65.14090 403.80774
62.43691 395.13631
68.97544 394.80432
60.83796 396.49885
61.79673 398.21362
61.91693 393.55777
68.59114 405.07321
62.92325 404.03878
61.56375 400.43692
61.10518 394.79284
61.98122 402.53569
61.58677 398.81554
60.38263 405.97799
62.76401 398.25551
61.79861 400.67053
63.71251 403.70175
63.59150 399.45206
62.33633 399.84382
62.02160 400.14806
60.29421 401.14740
63.33237 402.96667
63.00323 400.58472
60.39996 399.56103
63.74300 403.40857
60.27367 402.23492
65.54243 402.70783
58.51084 396.39941
59.41887 399.95807
59.35169 394.40001
64.65464 401.17224
61.79564 392.16648
64.83982 391.53348
59.83298 393.02031
59.72002 391.62054
63.77305 392.13033
64.15764 392.53619
67.76213 386.42591
61.84780 391.96527
62.49026 387.47157
62.22117 393.98289
59.63986 389.18758
65.06877 387.11170
63.54196 393.45427
58.12663 387.45333
63.24529 390.59748
63.40368 389.82195
64.70674 387.76088
66.39191 383.64730
58.29508 394.63234
61.57771 394.15256
62.83584 391.24885
58.86473 386.57190
57.21636 389.87855
64.05327 384.39735
63.01087 392.10652
59.43304 383.22983
59.22223 393.68526
59.72594 390.30619
61.35379 382.82765
64.81657 387.92658
59.44494 389.11563
59.53568 383.25148
66.64761 392.91233
60.42499 390.25826
62.49120 383.35545
61.74470 393.05316
62.99002 379.92427
61.07651 383.79254
59.39863 382.94056
65.15214 381.44999
61.91943 385.05458
61.78203 389.12891
59.66877 375.48458
60.60987 382.71239
60.82133 382.94763
60.64404 380.96391
57.92080 373.61073
58.65159 373.38352
62.20466 372.31040
61.97749 378.02770
60.78141 371.91041
58.87630 378.17785
61.89857 373.65085
59.77276 370.50058
59.75733 375.35731
62.38529 376.23957
63.01856 376.37679
59.70658 371.64273
62.66236 377.80868
62.55994 370.46798
61.17166 373.93647
58.85940 364.46739
60.03375 369.10715
63.51901 360.46523
60.12498 364.50756
55.57505 367.48425
61.94564 363.37850
57.41923 368.49551
61.28206 365.16426
58.65334 360.77068
61.05867 368.62376
59.92069 365.02476
58.99985 366.60185
64.07258 361.83759
59.05678 360.98145
61.84293 356.13497
57.06250 364.07953
59.82888 363.86771
57.96892 355.96432
62.45790 372.09699
60.40401 364.76265
63.67555 359.83254
61.70913 364.16432
57.97905 364.10655
63.23860 364.27715
63.45061 355.14836
57.14178 358.26565
62.00264 362.00558
60.75061 366.72494
56.35041 363.78686
61.73509 366.84614
59.15457 363.33621
59.27996 365.09623
61.02147 360.03372
59.27383 364.17202
58.58441 362.35335
59.27826 362.47280
59.81659 357.99949
59.81856 356.92329
61.12060 360.64825
58.30769 350.97802
57.18262 358.03091
60.85035 361.36880
60.02712 361.45296
62.05205 352.47653
62.34997 361.20839
60.71919 359.24071
55.40612 354.51154
64.29136 361.47977
59.20193 351.10130
60.50128 356.02019
64.86600 362.54948
58.84670 354.76685
59.95868 367.13857
59.50475 359.96634
60.73508 351.92457
56.78828 368.60518
60.82184 365.68584
59.09849 362.81199
57.90448 358.14823
58.58397 354.75143
59.04850 353.83763
59.15862 349.83560
61.45208 359.18535
57.27330 355.33547
59.18964 358.24531
60.98072 351.97520
57.36828 357.27355
60.68750 356.36962
63.05861 358.75258
57.85980 359.40569
59.72833 358.52744
57.90886 365.28549
61.95865 357.49396
59.08699 361.73170
62.70423 356.73852
59.56155 369.34026
63.06787 354.94817
60.86476 353.18892
59.78790 353.85294
59.26178 355.32464
59.08416 360.28137
60.04952 343.82285
61.09599 350.45175
60.04566 355.77111
57.36697 339.58782
57.98746 353.36752
60.27054 351.41807
63.00841 345.47690
59.84827 349.82750
61.51237 350.51570
63.65194 348.68818
58.87673 348.36192
58.58809 339.10322
58.05171 351.32528
57.24247 342.08216
60.18138 344.60888
59.10186 350.15789
60.99686 348.30015
62.70246 349.35762
58.17142 343.52898
58.88167 343.26139
57.48014 341.91903
57.16072 342.11533
60.21591 352.52843
58.90996 339.35983
61.51648 345.85082
60.78404 344.74886
58.52541 346.43436
59.87782 347.45485
63.20416 346.15447
60.30706 339.11070
56.50960 335.07260
58.37372 340.43991
57.82926 347.36177
56.09656 330.95252
57.48013 348.30305
56.21437 340.11860
58.11219 341.85278
61.21414 344.19717
57.19408 347.94675
57.22253 339.88274
57.35028 342.17891
61.74764 344.93816
56.80460 345.36891
61.55607 334.04467
60.82907 341.51792
61.80408 345.74239
61.57096 343.08032
57.44683 339.61267
61.31537 340.46292
58.47568 340.86858
55.74477 335.92711
60.02324 342.01045
57.90101 338.77863
60.71974 330.64244
58.22687 337.50602
56.89223 336.59178
61.59987 336.66284
57.05249 325.23554
58.05644 333.92445
59.60801 330.38942
56.08403 337.09825
60.83279 339.24653
58.32944 330.60348
57.03868 335.19031
56.78714 330.06462
58.55254 325.72776
61.84088 326.72962
56.21445 327.25221
59.09094 336.54381
60.40038 318.24455
57.80226 338.88244
57.61042 319.09246
58.23515 326.90224
55.68578 335.60927
57.17226 323.73820
56.53663 322.24387
60.96548 328.09829
58.57524 323.21050
59.80206 333.40556
61.37487 327.84063
59.80739 330.72947
57.72994 330.41159
58.72534 324.47223
60.39153 334.20349
56.90420 329.50085
55.89523 323.59269
56.79971 324.38394
60.20433 319.69610
55.44271 322.34760
61.68704 324.92977
58.98622 318.39458
54.90177 322.79326
57.64633 311.07624
60.10128 319.60238
56.47565 317.49970
56.31617 317.56001
57.07989 328.59182
56.20916 326.30926
59.77520 320.80927
58.27751 323.14308
54.71175 320.81951
56.98494 320.11500
58.28040 319.71179
59.46068 320.02110
53.43925 326.20933
55.92428 326.04975
56.79085 314.62333
57.70214 328.47352
53.81600 318.44375
56.85427 321.29664
60.69457 327.61722
59.98741 317.14630
59.68245 322.64824
56.02747 319.55690
56.49859 319.35496
59.30833 319.34859
55.71397 325.74382
57.86884 314.52003
58.36666 318.71227
59.47211 322.68814
58.47826 314.66323
58.44133 310.86249
57.58841 318.62307
56.49954 317.28317
58.14495 310.94895
55.52553 314.16824
55.44940 311.50824
55.47199 314.25131
59.22569 313.97080
57.69078 305.07743
58.03776 315.75362
56.90824 309.70851
56.87139 310.76874
58.47141 314.04197
56.74356 315.35897
55.83432 309.93491
58.30688 314.21958
57.02704 311.55106
56.14041 312.87795
56.11630 319.86511
59.17489 315.43176
57.36664 303.95602
53.96145 315.29680
54.77843 310.32510
61.29765 310.83909
57.89676 311.40249
57.98927 315.93466
58.51230 307.84225
58.22692 306.79896
57.09103 302.11049
55.00592 307.50003
56.72292 312.06307
56.54430 305.36651
58.17911 310.31593
54.17823 304.98952
57.40747 307.20609
57.17900 312.98182
55.94610 316.23640
55.45007 307.94861
59.21389 307.30352
55.33531 313.44780
58.39078 311.59949
57.35742 310.86123
58.73202 308.70082
59.40030 301.77619
55.47380 303.03550
55.46933 310.37832
54.65460 306.64073
57.46217 305.96939
61.38856 300.28709
57.47022 309.00796
54.91062 296.71571
56.87196 308.21894
57.23759 294.82182
55.18326 302.81825
57.88965 310.81966
56.91271 305.49410
55.43516 304.79702
55.94818 297.76048
58.22450 304.63966
57.85921 307.43863
57.96506 303.73184
58.21042 297.56358
58.80343 293.24695
55.56677 309.51587
56.55095 302.46363
55.47099 304.37483
54.89826 294.64066
59.55754 305.39886
57.25541 295.83265
53.38599 299.45080
55.85967 298.68680
55.44693 307.31288
55.81341 294.88115
57.94600 304.71837
56.30193 303.91824
57.21144 297.80498
52.47784 297.86215
57.07576 299.69694
56.36113 298.30150
54.90634 292.36914
55.07434 292.94271
56.30143 305.51193
58.67982 302.30679
56.97369 299.10415
54.85614 306.16882
55.23438 292.39202
59.62220 305.90112
52.87866 294.48628
55.48189 296.29046
55.52669 296.25819
58.48035 293.52607
55.88314 294.29998
53.41484 294.38712
54.71873 300.43243
57.47605 302.52063
54.47984 299.64026
57.82119 287.59021
54.10666 296.95109
54.74817 288.80562
54.63513 294.58987
55.93806 292.08209
53.94756 295.56169
57.95197 301.60012
53.58198 293.09595
58.06595 291.01500
55.75142 295.76509
54.10526 291.12105
57.64179 294.31653
58.08094 288.40059
55.73188 297.08586
54.95300 284.87902
54.98014 290.63772
53.68430 287.09401
56.31931 288.30503
56.05754 291.92149
58.60731 288.77620
56.94260 291.10472
57.27063 281.94818
54.88540 288.58561
58.86551 282.98989
59.26867 289.18244
55.31261 283.50337
53.89981 287.08631
53.61724 282.43735
57.41640 287.26217
59.08904 287.56035
56.21161 281.78696
52.75171 283.87669
55.39925 291.62010
54.06552 287.98520
55.82490 282.96531
56.00155 283.74408
55.02375 285.96757
54.12824 291.13522
54.54477 286.23380
54.27205 279.80245
56.14995 281.45868
55.11602 282.56707
51.77404 287.12662
60.43368 286.52524
54.77572 285.64390
54.05401 284.26794
56.20723 281.82726
56.39490 277.14773
54.56210 280.04669
56.55038 280.30691
57.91132 280.60794
56.19804 276.59950
54.16393 282.06801
56.59833 281.16646
54.86858 276.36705
56.66306 281.65828
56.02723 281.86329
56.25190 272.93967
56.35830 283.83356
53.55099 285.44765
54.03720 286.14918
56.36273 276.58978
55.01565 284.10343
56.42933 276.17743
55.62863 277.43845
54.57837 282.06284
54.89544 274.05572
52.98454 283.57074
57.46603 281.73648
59.42603 278.90608
56.48646 282.49030
56.48280 279.88621
57.49480 288.18272
55.00188 294.43174
53.06894 284.97697
54.30221 278.36137
56.49814 288.32106
58.39378 285.03338
52.29001 277.45673
54.71002 274.24229
56.50158 285.48291
54.97791 283.57040
51.37907 284.95589
56.71940 276.93844
54.26912 278.47361
53.51849 282.97470
53.99573 273.59951
52.52350 285.99594
54.97561 274.94131
58.06510 280.83949
55.17502 277.05454
55.87093 271.77078
58.17800 284.04286
52.82695 284.59966
55.22267 270.94069
58.17537 285.25310
53.11591 282.97477
53.93528 277.38615
53.39269 286.85612
54.62947 276.94379
54.41530 277.50330
58.76789 282.65763
57.13717 284.19057
57.87976 275.99531
53.23088 276.16921
53.68493 279.15573
54.05864 280.78030
55.85980 285.08078
53.95247 277.70478
53.26989 280.30303
55.63437 277.54600
56.55955 279.10557
58.23393 278.52975
57.13986 272.96668
55.57795 279.49245
56.03099 271.58376
54.58665 280.02129
53.57214 278.32884
55.05455 273.19948
53.83183 282.12641
52.20122 279.47770
55.62509 272.12725
55.25192 277.54134
55.97769 280.00058
55.91625 271.62432
55.15173 280.13068
54.84933 277.56138
57.48987 279.67951
53.73452 277.39592
53.93166 283.43373
55.05321 279.78370
56.64587 285.06507
55.23485 277.72839
54.74349 269.10659
57.20544 285.43020
53.17006 283.26657
56.11910 280.70270
54.13207 277.88118
54.89258 276.58432
55.51148 274.47226
52.87964 283.47032
55.63263 273.26000
56.71988 277.44879
55.85547 273.37049
55.13488 268.25523
54.99706 271.19403
52.63257 267.68786
58.65405 270.93919
54.31056 268.41901
57.09870 277.92274
52.34204 267.66402
54.86596 269.85655
53.67748 266.70239
57.33077 272.16274
57.48994 266.42293
53.58522 268.79699
57.27422 271.04473
54.01729 262.95620
56.62865 275.37803
49.64232 275.27554
51.80291 272.30144
52.63718 264.99006
56.24424 270.20961
50.77539 275.69852
54.77022 272.20745
54.01769 276.12243
52.58262 270.51356
53.50274 274.31494
54.77119 277.54052
54.29314 264.56044
53.66652 267.13667
56.54355 275.58545
55.66088 260.66453
56.08224 273.08510
55.75544 270.04210
53.72194 266.80955
53.87112 266.66469
56.35857 263.35355
54.75491 269.51237
53.36100 264.70117
53.62313 264.72971
52.78614 267.22171
54.85040 262.26761
52.79246 267.39997
53.16251 268.05589
55.53021 266.44112
54.09447 259.80319
54.15537 266.30824
55.33742 265.28447
53.96599 255.92067
53.30583 264.67493
51.73425 263.14553
54.05689 259.32803
55.03061 266.77866
53.54041 268.12454
54.57875 258.27007
54.18884 256.58283
53.14370 261.45596
54.84163 267.26032
54.05070 260.53734
52.56750 258.32574
55.99231 266.64837
51.65337 256.87351
55.65434 265.65058
55.99540 257.72781
54.85147 255.91008
57.79168 260.52438
54.83033 255.87213
52.66349 255.78067
52.56058 259.26954
51.37119 249.29120
53.07736 264.55702
53.46133 256.74123
50.56026 250.12832
54.79210 255.88089
55.13367 251.58689
51.79431 257.93554
54.64754 253.20458
55.76537 266.73408
51.82973 254.00438
52.58984 254.85745
53.93037 260.11861
55.33632 264.31329
53.50590 253.31825
54.76835 252.22918
55.04109 256.20405
52.21694 258.18366
50.86601 264.10916
56.29243 263.19024
52.53993 256.22729
52.30891 258.07622
51.55779 253.20299
54.09355 257.67480
53.13387 261.55072
54.38788 260.69447
53.61132 260.88538
53.23917 262.84028
52.69437 259.63127
51.54862 251.58398
53.03452 262.56821
54.26526 255.59415
52.10041 260.00948
52.23456 255.90593
53.86150 260.54939
53.31456 252.99449
54.47858 253.93249
56.02223 258.17594
54.85632 246.76444
50.83149 251.32505
56.08761 253.04903
54.75808 248.32331
54.38128 250.68798
54.26795 252.13303
53.29814 258.84106
52.96479 251.99515
52.24388 255.29358
53.27359 249.78158
50.71316 261.12204
52.98813 251.50141
50.47549 255.60784
54.14609 248.58144
51.50903 250.03439
52.97266 250.62635
51.91155 256.73174
56.68883 248.58909
54.95158 255.49973
53.68248 259.26390
53.27863 249.87469
54.29706 250.82079
53.86188 253.46087
