1092.33671 1001.65449
771.65428 568.31049
343.32268 195.84117
97.71795 64.74425
40.84993 42.91860
36.83474 40.90423
34.92638 40.35640
37.49335 40.63058
48.63719 40.68919
37.16328 40.28321
34.18798 40.58577
34.78443 40.43800
34.17465 40.40126
35.24102 40.31296
34.65470 40.32705
34.70114 40.00837
34.63726 40.51091
35.78571 40.27709
34.16387 40.31478
34.45690 40.60591
33.69247 40.39711
33.70148 40.28075
34.55354 40.16689
33.77286 40.36706
33.95199 39.85690
34.38247 40.15004
34.12251 39.95687
34.15875 39.68376
33.58975 39.83493
34.20497 40.11645
33.70004 39.83373
34.38260 39.71264
34.20724 40.12099
33.86595 39.94984
34.06968 39.81020
33.61569 39.88672
33.89504 39.76408
33.85437 39.72990
33.74458 39.73207
33.75224 39.76684
33.98788 39.63618
33.63821 39.73749
33.85724 40.23906
33.82483 39.70628
33.95854 40.09041
33.75013 39.88863
33.61016 39.76858
33.89893 39.79884
34.14132 39.95980
33.58544 39.68881
33.87100 39.95329
33.42064 39.86765
33.53722 39.71987
33.87029 39.81849
33.78341 39.79477
33.29974 39.68524
33.64486 39.61010
33.63084 39.87638
33.45109 39.70506
33.24303 40.08295
33.56728 39.86111
33.39504 39.59816
33.22363 39.59326
33.22664 39.79843
33.18357 39.86249
33.45010 39.81784
33.41710 39.98934
33.36810 39.63782
33.46739 39.56359
33.52782 39.59002
33.15071 39.67872
33.30585 39.91513
33.34978 39.72773
33.05539 39.69220
33.16694 39.67996
33.37884 39.61519
33.17453 39.63586
33.15207 40.03715
33.45269 39.92233
33.16501 39.70729
33.05598 39.99204
33.18628 39.71762
33.23653 40.09075
33.26713 39.73395
33.14748 39.74319
33.30866 39.80873
33.17597 39.61037
33.11280 39.53983
33.02593 39.67153
33.24749 39.77228
32.98359 39.67294
33.09901 39.66626
33.13374 39.59494
33.20787 39.83248
33.01083 39.83824
32.97472 39.61480
32.85971 39.96747
33.14250 39.79809
32.93077 39.83663
33.00015 39.52882
33.09463 39.72845
32.96048 39.67788
33.13008 39.73374
32.88932 39.53869
32.94567 39.63125
33.02099 39.60851
32.93665 39.74685
33.00192 39.59096
33.02135 39.65832
33.02135 39.61502
33.15656 39.56952
32.88152 39.91686
33.00769 39.56322
32.95217 39.72422
32.87018 39.53295
32.91199 39.71776
32.81915 39.59376
32.99731 39.57695
33.09583 39.60492
32.93170 39.59241
32.98856 39.61226
33.01849 39.57950
32.85796 39.87208
33.03383 39.51798
32.85470 39.65065
33.01529 39.66388
32.98157 39.54626
32.91442 39.97780
33.08293 39.91052
32.87435 39.62406
33.00485 39.87883
32.89155 39.62017
32.85455 39.72294
32.98382 39.66421
32.81856 39.71024
32.94054 39.63721
32.84675 39.52221
32.78518 39.53125
32.83708 39.85864
32.82452 39.51708
32.92991 39.59745
32.81562 39.60563
32.94665 39.78906
32.88464 39.58116
32.78305 39.68411
32.85102 39.74465
32.92727 39.61930
32.91984 39.72289
32.90182 39.55750
32.83325 39.72313
32.93630 39.69722
32.84934 39.91406
32.91389 39.77133
32.80540 39.76096
32.79330 39.56897
32.83468 39.52281
32.85258 39.59864
32.91250 39.58127
32.71466 39.75206
32.88734 39.56785
32.75286 39.73189
32.80919 39.57567
32.81350 39.55961
32.75575 39.59279
32.91540 39.75064
1147.90341 1172.12639
1143.44972 1166.05011
1135.91163 1156.98108
1125.55850 1145.22875
1112.67385 1131.03467
1097.49046 1114.69292
1080.29617 1096.38126
1061.23519 1076.26684
1040.42784 1054.47986
1018.06505 1031.20433
994.23261 1006.49064
968.99450 980.49092
942.59665 953.35555
915.04605 925.09822
886.35234 895.77701
856.79291 865.60899
826.37333 834.61387
795.44161 802.88626
763.19434 770.53410
730.70972 737.66575
697.62487 704.36713
664.14807 670.83676
630.71576 637.03470
596.86858 603.29034
563.23465 569.55115
529.39516 535.91290
496.06615 502.66676
463.29230 469.73056
430.32806 437.40063
398.37647 405.72389
367.08232 374.77399
336.31124 344.63080
307.11815 315.61399
279.20896 287.71601
251.38483 260.93640
225.60124 235.54026
201.60230 211.56173
178.11743 189.10227
157.12967 168.30703
137.57893 149.01742
120.10754 131.60523
103.55091 115.93608
90.03100 102.06992
77.53668 89.91563
67.49538 79.59478
59.35103 70.93923
52.41618 63.70830
47.29588 57.84213
42.85881 53.24214
39.58810 49.81183
37.14539 47.24148
36.18495 45.31347
35.11077 44.08555
35.01932 43.08361
34.46861 42.42539
34.24939 41.92114
34.25833 41.65921
34.19322 41.42945
34.38617 41.25128
34.62854 41.12602
34.00030 41.08681
33.93130 40.97190
34.43062 40.94108
33.24245 40.86706
34.86310 40.84556
33.72411 40.86416
34.34530 40.84138
33.98181 40.80398
33.93507 40.78521
34.12495 40.79519
33.71600 40.81186
33.72726 40.80860
33.74380 40.80627
34.26988 40.76439
33.35171 40.80892
33.40300 40.79714
33.63876 40.69608
33.42724 40.67147
34.19018 40.69178
33.67932 40.67763
33.73730 40.69181
33.99229 40.67471
34.97725 40.67993
34.61126 40.68733
33.61890 40.69325
34.33242 40.66210
34.36093 40.65644
33.32922 40.65639
34.28517 40.65744
33.83954 40.64041
33.95317 40.64407
34.36382 40.62916
34.03282 40.63778
33.35682 40.64213
33.92780 40.62590
34.92623 40.62620
34.08805 40.61448
33.84532 40.61213
34.06337 40.60883
33.98683 40.61859
34.51865 40.64846
33.92675 40.60356
33.96891 40.60306
33.98081 40.57128
33.50657 40.57308
33.69088 40.57502
33.65918 40.60275
33.71005 40.56737
33.99677 40.57268
33.89170 40.51602
33.55652 40.49492
33.66962 40.47041
33.48456 40.49301
34.02941 40.54221
34.24134 40.53760
34.51188 40.49607
34.34042 40.50153
34.51481 40.54701
34.03522 40.53136
33.80578 40.53168
33.92944 40.55974
33.94776 40.54042
33.79944 40.50134
33.48785 40.54025
34.15732 40.54694
33.62373 40.54906
33.91203 40.53769
33.82105 40.53740
33.85189 40.54159
33.76573 40.55930
33.57936 40.54556
33.48114 40.51588
34.12962 40.51779
33.79964 40.52950
33.73256 40.49142
34.06352 40.47147
33.75022 40.49057
