772.19187 863.56163
398.80352 784.02231
243.07429 751.90528
217.55923 745.63938
219.49512 746.79687
227.56329 751.15503
209.27659 746.99443
186.38410 750.27721
184.87758 743.42359
198.25101 749.07592
180.57736 750.89460
171.83186 745.10547
174.58235 743.46341
168.16025 739.68525
181.35964 745.43211
149.90564 733.17844
164.57307 734.70230
153.62880 727.21064
154.08634 730.87959
142.28597 724.33216
129.86704 719.97672
140.90400 722.63799
138.13595 713.61030
130.86920 713.57203
120.58810 705.83609
120.97504 706.75967
121.29885 703.47467
110.92076 690.13450
121.29973 690.21862
111.56728 690.74273
115.09049 681.76175
107.58625 677.42328
114.30220 674.63351
114.79505 668.51494
101.46817 672.51913
102.05248 665.07195
106.46397 665.22546
103.42754 667.41892
104.77446 669.04437
108.22422 679.43787
108.98827 662.28220
99.13100 670.01459
95.45512 665.91557
93.95720 662.20359
90.70117 664.38056
91.69438 655.84396
103.57930 659.41677
86.20088 644.01910
92.26759 651.58683
90.37301 642.78508
87.55278 646.47748
90.09866 651.51802
85.24898 643.18609
89.53671 647.07003
90.73719 648.16512
86.50294 646.53963
88.45848 645.78186
89.47578 638.89495
83.23069 631.67181
80.94730 634.48183
84.81157 625.24950
81.77405 625.43833
80.80566 616.65886
80.98097 609.70784
82.37315 619.92081
80.96520 610.06227
89.45348 607.21026
84.45741 608.30804
78.98780 605.41098
76.09818 586.39259
78.38865 593.87689
76.87587 589.19478
76.66773 592.53888
77.69698 584.61950
74.05549 584.60258
68.26678 583.04088
74.04478 581.23856
71.66139 584.90744
74.39321 577.88369
74.74679 574.55354
72.33370 578.08247
71.06111 579.21540
74.30455 569.64968
72.74639 572.92756
70.99924 570.59924
71.72836 567.97769
69.95930 563.03292
66.24392 558.50678
72.98296 568.51419
74.90654 553.88137
72.43866 564.07315
71.02690 560.55123
72.73185 567.17171
70.08274 545.28273
69.82481 563.06922
72.73031 554.80366
69.81670 555.05678
69.02956 553.72199
63.97397 540.13929
67.25105 548.19288
67.85417 543.55830
69.52416 550.00290
69.21666 533.62502
67.17549 545.83959
68.28697 534.84291
70.05831 534.93519
68.30277 531.66026
66.77425 526.14370
68.84893 523.94920
63.35823 521.32656
64.16577 517.16072
68.85767 513.77893
65.82484 512.98930
66.05759 511.43121
62.38975 513.77901
66.44805 518.69244
63.91960 504.40466
61.91834 502.92937
64.44300 510.85883
66.71899 509.86170
65.75820 507.22496
63.28587 500.45655
64.48210 520.84248
63.25654 500.13875
64.19753 491.18668
66.43903 501.14467
63.58639 502.46212
69.57702 490.98019
63.16604 502.68150
63.40576 499.69686
63.64310 481.88697
65.12584 481.41780
61.39027 486.75903
64.65524 491.58810
63.56968 485.43848
62.33634 468.39420
59.65888 479.75167
63.30372 480.62630
60.25155 488.80458
62.06176 488.99876
61.01647 490.18812
59.40084 488.80572
64.37562 469.18674
63.28188 473.97183
59.76840 476.53442
61.53595 481.11824
63.04721 470.04757
61.26067 466.47801
59.95631 459.88426
60.09010 468.00716
62.15035 474.06206
58.36296 457.57632
60.83416 460.39810
61.18751 463.26565
64.87504 461.21842
58.92298 462.25849
60.18997 468.60807
58.51648 456.27165
61.34485 456.01890
61.87479 455.54920
62.31865 466.39495
63.09032 461.31156
62.41784 442.63700
56.58091 453.55522
58.24692 441.91865
60.68509 449.17057
60.95526 432.79695
61.30383 443.78205
59.34993 435.91176
59.10208 437.61639
60.14288 447.49453
61.17510 425.68876
60.72206 424.09245
58.95310 434.40572
60.99490 427.26133
56.96265 420.85044
61.89684 415.43104
57.11224 425.84968
56.30727 440.65325
57.54224 415.48118
59.08337 416.32022
59.26464 415.84536
56.01493 413.04777
56.35754 420.74726
58.37228 405.96836
61.77529 407.18975
59.54537 410.72937
54.68844 413.29904
55.19191 408.72506
56.66245 418.25503
59.43939 414.76118
56.96122 393.26924
63.60191 396.37604
56.05554 381.02465
58.21046 393.13282
61.01844 381.68266
56.87703 393.21661
58.11844 392.65829
57.43142 389.41747
59.18070 375.90834
54.38746 391.56301
55.77190 366.02927
59.52433 380.74472
54.85166 367.87690
54.96153 372.34927
56.21227 359.61763
57.04535 370.91678
52.96453 364.10898
59.23762 376.80456
53.56576 351.74272
55.34002 356.49779
56.66057 347.43642
60.60066 356.30515
55.54830 355.19089
55.96993 350.91873
54.47616 358.53332
55.98374 360.54630
54.87659 359.11355
55.52098 351.61908
55.71734 343.54099
53.25361 349.95915
55.75737 353.82024
54.15993 341.17878
56.59812 337.42061
56.20851 351.80439
53.96059 341.68018
54.60373 348.38494
55.97491 338.15600
53.77051 344.99466
53.39452 339.43760
54.86682 331.33154
55.69838 335.93748
54.22213 331.48552
53.15842 331.45782
55.77471 327.00914
53.06770 331.06159
52.60331 325.97321
53.82193 327.48297
54.43394 330.95919
52.68222 327.22038
52.98022 318.63307
55.71170 327.85619
53.50448 315.59689
55.10613 310.91104
54.35608 322.17962
54.31690 313.15831
55.75645 306.48917
54.32117 310.34142
54.43376 295.54775
52.96514 306.88760
53.36538 309.22017
53.67728 298.27387
54.35971 304.13801
54.83202 303.93299
52.21915 296.30157
54.63415 289.77162
53.85042 293.83664
55.72179 297.89479
56.34601 296.55093
53.82001 293.36979
50.37518 286.60847
55.31354 298.42045
53.30903 287.04576
51.61256 287.07281
53.35759 298.71842
53.22848 289.64268
53.09373 302.85529
52.38838 292.90496
51.41831 284.33460
52.63036 277.92014
53.58780 275.50184
52.62808 275.25343
51.64929 272.99435
53.76896 286.19965
53.51056 276.74228
52.31800 275.24213
50.71347 260.19082
52.56381 283.77196
53.78892 260.75775
52.71763 264.35721
51.70597 256.46754
52.81378 262.68666
52.20158 256.18191
52.17196 268.82633
52.87938 268.48463
51.27909 263.37634
50.48872 242.49893
51.96994 263.32147
51.51535 245.11468
52.25588 248.11555
51.99898 246.71316
50.40320 248.49808
51.97359 235.78303
53.13900 246.15953
51.17837 241.04727
49.82271 249.51306
51.60203 237.21198
50.25483 235.84105
51.71999 251.14764
51.67010 250.52985
51.77411 245.52037
51.87543 246.67854
51.04382 225.02411
51.34899 234.11484
51.90054 232.09044
49.11480 229.62728
48.61317 237.32074
50.08818 242.42314
50.72400 224.90511
49.14112 229.88999
53.08986 233.44032
51.01541 221.97208
50.79775 224.86217
51.42608 238.68870
49.58378 218.26778
49.60508 220.39620
50.39345 223.60653
50.53311 226.39420
50.35800 222.44153
50.29486 212.17140
49.25926 215.68606
52.63861 220.86473
50.23617 207.98527
50.59537 209.07247
49.98049 212.21291
47.97831 221.52147
50.77368 206.02883
51.20303 204.31360
50.94924 209.55528
48.73443 213.16530
51.02278 209.19522
51.92129 183.50321
47.68221 201.41133
49.29057 191.40199
48.99186 207.37521
50.13914 194.01247
48.41090 196.48998
49.08458 186.15970
49.70113 190.98603
48.50037 176.08573
48.56418 181.78961
50.45491 182.96933
47.76720 188.04613
49.32799 180.02850
48.66818 175.05318
50.26169 171.94107
46.72133 175.91643
50.29245 186.08043
50.94866 172.12440
48.89371 175.30146
48.10043 173.63663
51.72097 165.03580
47.84890 167.24611
48.88756 171.33489
51.42042 170.64311
48.02941 159.52052
47.97611 167.87452
49.80057 159.46876
50.05618 160.50517
48.25013 159.88922
46.54459 157.56493
45.56142 164.37582
46.45172 158.84889
49.16070 150.85415
48.49489 153.21556
46.86450 142.33725
47.84738 150.45252
49.77659 151.33891
46.78951 155.54161
48.64628 152.89107
46.93184 147.96618
49.00761 153.26328
46.32032 148.56520
48.31360 150.48738
46.94846 132.27779
47.92494 149.30004
49.14704 150.26024
47.79081 141.03299
47.21355 152.89048
47.86002 148.33999
46.76069 140.65413
47.97890 145.23905
45.01729 130.88652
48.75867 133.41129
48.39376 131.64543
47.00421 130.20791
46.14990 140.26995
46.19669 144.29347
46.35559 128.48469
47.04394 136.64000
49.85337 124.91370
45.80207 132.24224
49.46164 136.30771
44.78602 124.70182
47.07720 131.01619
46.85968 130.91916
47.02143 121.94081
45.39244 126.00393
46.36846 119.57756
47.25036 128.87947
46.51223 119.63232
46.82965 122.55294
46.20787 115.75888
46.84230 116.97839
46.72880 119.30379
47.02340 118.55185
46.84167 113.96473
45.40261 121.90512
46.18948 103.69460
47.32390 111.39410
46.41932 108.24856
48.56507 106.29647
46.28153 106.86456
47.52003 106.63039
44.91507 106.18319
46.57216 117.70450
45.76511 104.51693
45.77570 103.96082
46.49585 111.93498
47.14886 104.24260
46.38756 100.91187
46.17741 109.77869
45.64506 103.73135
45.73021 108.51582
46.33489 107.12809
45.63575 102.94140
45.52406 105.03500
47.56353 97.71557
45.96755 100.88895
45.02591 95.98766
45.64033 93.77291
46.25261 101.48185
44.57186 95.72990
46.99963 87.12062
45.07122 99.81718
46.86092 105.00866
45.36286 99.53464
45.49532 88.06078
44.13703 90.59853
46.20877 89.63779
46.95542 91.74587
44.82139 87.29373
45.05205 95.53849
44.45305 78.53547
46.09830 89.82971
44.68310 87.45305
44.81958 86.32055
45.05379 87.00516
45.53009 89.34890
45.09327 79.75812
44.33596 87.12986
45.12374 81.18114
47.12668 86.51726
43.87584 77.06348
46.84689 90.77202
45.51212 89.13297
46.96905 83.04893
45.47596 90.32905
45.77358 79.90833
45.50095 83.17457
45.78239 81.51035
45.26388 81.01686
44.28845 84.97957
44.71196 87.66691
45.14618 82.90101
44.51581 89.32185
44.08929 75.86787
44.46848 83.91237
44.40936 82.91462
45.00599 83.25885
44.83740 79.87635
45.77920 80.22972
44.82231 84.08507
47.03983 74.87359
45.13470 79.99015
45.08343 75.38506
45.98564 81.09017
45.14272 80.81751
45.27291 79.69774
45.12789 72.69131
45.46631 78.06083
45.94897 73.86774
46.00096 80.43859
46.42565 77.46890
44.56922 73.52421
44.01793 68.99156
44.74405 65.91198
43.97781 75.73062
44.87960 72.79521
45.57396 75.35372
44.84316 71.04248
44.51053 74.64068
44.03091 68.92802
44.83400 72.27555
47.28951 67.66755
45.43206 69.26895
44.51576 66.89011
45.11362 79.56439
45.32324 63.84795
44.62166 66.12841
46.36199 69.10230
45.27330 62.59704
45.82848 64.26630
45.28218 64.07435
44.17291 67.84677
44.87823 67.12054
44.45412 58.55155
43.73784 59.92904
44.51115 64.60214
44.57833 65.77052
45.05955 69.17532
44.50577 68.76331
44.52853 65.57331
45.39192 68.72539
43.23797 67.80165
44.11549 68.64784
44.00338 60.67775
43.95968 64.54322
44.78932 62.25789
44.49598 63.54045
43.57178 60.08406
44.53229 59.26797
44.99712 61.94348
44.84393 59.78767
43.91524 53.94147
44.06406 56.81612
43.68464 54.57520
43.53819 62.06072
43.02608 54.23745
43.18010 56.31892
42.93790 58.25676
43.94093 56.97601
43.66932 59.38653
43.54423 51.61255
44.54398 50.30573
44.70148 53.84689
43.20580 56.76746
43.57705 54.27934
44.29135 57.43267
43.70676 55.74876
43.37089 53.35652
44.28446 53.88446
44.86046 51.92883
44.11536 52.36312
42.92931 52.82081
44.30794 54.82946
42.70768 49.19398
43.46135 57.44119
44.49857 55.99871
43.99898 53.43259
44.37096 53.19126
44.08055 52.85941
44.18454 46.72037
43.37085 48.90430
43.03089 57.03101
42.56385 49.49216
42.93732 50.55116
43.35100 48.04330
44.39056 50.87167
43.05653 47.37528
45.12094 47.91451
44.03873 51.90413
43.60449 50.99820
43.90636 52.06364
42.43834 57.90343
43.03938 49.07275
43.10932 46.94375
42.89715 51.66789
43.37317 46.65516
44.25528 50.15561
44.08676 48.55791
43.58131 49.12398
42.65991 47.54745
43.08963 49.28157
42.58491 51.55367
42.52364 49.07833
43.11149 45.19703
43.53522 48.21435
43.16548 46.62151
42.41891 48.50653
43.76120 48.11337
43.64375 43.74057
43.83668 44.46422
43.36124 48.42767
43.79274 42.53187
42.95190 50.12666
43.04164 45.46087
42.63375 45.77611
43.51829 47.49067
42.91511 45.56023
43.37784 43.13271
42.39750 45.08812
42.72773 44.35394
43.43705 45.38672
42.61477 44.41400
42.38712 45.51886
42.89933 43.89857
43.26062 44.46896
42.58788 47.53928
42.79786 43.56337
42.59841 50.01383
42.87946 45.70556
43.67760 45.08101
43.14370 46.63034
42.22915 45.62274
43.38096 49.80411
42.25068 44.95274
43.11450 47.66803
42.47675 44.31893
42.35399 44.55006
42.07713 43.82354
43.05927 45.25826
43.98233 44.21198
42.36159 46.43636
43.64007 45.04124
43.02230 46.42509
42.99250 44.97344
42.45234 44.21523
42.87498 41.98586
44.06872 45.26898
42.74238 42.13894
42.51935 44.17515
42.59235 44.53907
41.89088 43.59313
43.00085 45.14032
42.61796 45.56744
43.12195 45.94975
42.04046 44.36393
42.60171 44.87107
43.18845 44.52941
43.12243 44.21670
42.72742 43.03584
41.91298 44.39974
42.36315 43.53575
42.90672 43.50166
43.99482 42.36944
42.46036 41.04070
42.12156 41.53096
43.38422 42.34649
42.71048 44.77224
42.99913 43.21808
42.51809 41.12747
43.30681 44.02691
42.64472 42.08859
41.41646 40.77466
42.52570 40.61106
42.66446 43.21057
42.15710 41.13721
42.88442 44.16465
42.54107 40.15488
43.16283 41.79608
42.69519 42.48370
42.89055 42.52241
43.32297 42.93705
42.82245 42.48747
42.29834 42.74954
43.42871 40.78126
43.08091 42.67722
43.02629 43.03212
42.49203 42.43256
42.46980 40.68561
43.21829 42.37556
42.41082 40.86446
42.71116 44.70303
42.99393 41.97942
42.38184 40.55815
42.61597 41.43064
42.40548 41.90214
42.12936 41.73171
42.51770 43.91375
42.71789 40.34003
42.58346 40.73827
42.44772 42.31000
42.67339 40.61653
42.32720 41.75272
42.70376 41.36047
42.17519 44.14881
42.83431 41.08675
42.78009 40.82908
42.42203 39.94802
42.89270 41.27068
42.33955 41.27270
42.90120 41.27056
42.42217 40.83319
42.95414 43.02511
42.62894 41.59336
41.64268 40.38496
41.68715 40.28629
42.41398 42.52438
42.09754 44.49380
43.23250 40.77435
41.88194 43.42035
43.75428 43.16184
42.13635 41.53647
42.15833 40.78637
42.72490 39.86586
42.81475 41.78208
42.87339 42.02304
41.76284 46.42128
42.76086 41.39612
42.11228 44.72624
42.25985 41.48211
42.20736 41.46675
42.78386 41.46399
42.60201 40.45321
42.27265 42.04603
42.21813 42.50921
41.90621 43.27047
42.09166 41.79703
42.32764 45.56554
42.04589 41.26335
42.93602 41.02851
41.56353 40.39145
42.26422 40.40223
42.00802 40.22338
42.26593 40.27186
42.71370 41.47509
42.72337 41.10329
42.37723 40.63659
42.73060 40.32280
42.80429 41.71559
42.97547 42.44311
42.65187 39.81853
43.32946 41.35552
42.15594 41.13354
41.98438 40.74920
41.83746 40.06295
43.00519 41.80921
42.26565 42.15095
42.19574 40.37834
42.58324 40.39489
41.70946 41.41182
42.65438 42.49906
41.82209 42.04325
41.89539 40.55929
42.28199 39.95110
42.19934 46.48850
42.28705 39.80107
41.98543 40.81989
42.74622 40.25725
42.53971 41.39271
42.27739 41.68744
42.50084 41.78003
42.17812 40.54100
41.81042 40.38950
42.46289 40.38339
42.28718 41.58701
43.29628 43.07657
41.39729 41.92357
42.09744 43.23169
41.78041 43.13996
42.64749 41.04261
41.86489 42.60594
41.80960 41.78465
42.85700 41.38767
42.04972 42.04851
42.10291 40.65509
41.97049 40.85287
42.06234 41.33074
42.50860 42.38740
40.98789 41.54645
41.29020 39.80914
41.33752 40.86152
42.33321 41.09773
41.92013 41.33570
41.64407 40.86198
41.58031 40.22291
41.38906 41.90856
41.37557 40.64468
40.99182 40.78355
41.59078 40.96523
