899.46045 864.94244
558.49324 759.75180
254.54356 638.75435
190.00988 602.73108
170.31288 606.65413
166.96522 610.91748
149.83662 612.28853
144.99975 609.02990
149.51358 617.16171
139.53043 611.51936
133.27530 611.26432
149.05766 622.08353
139.94485 616.78329
121.51579 619.27151
126.39164 614.56604
118.77035 606.00110
121.34353 603.56048
116.51594 612.13409
110.42570 609.07285
116.94201 606.03868
102.96622 594.39099
110.86933 604.01237
106.53284 602.27822
101.24677 599.82731
101.77398 594.37484
102.04577 590.79606
98.79675 592.31044
99.03534 597.92030
90.67821 596.77131
87.85297 587.36387
94.25430 579.33460
96.85583 588.99460
92.45661 593.80648
92.55364 595.75763
87.20927 596.87354
83.99152 594.45776
88.29119 585.43420
83.74910 585.23680
86.54760 580.69496
79.98489 588.40572
86.67997 588.14253
82.45458 584.44376
85.40173 586.10721
79.69808 584.39610
75.79546 575.43893
75.94020 569.29420
77.86164 575.33278
81.17106 571.25321
80.90801 573.49536
78.23741 573.14142
73.45276 570.20307
72.55582 557.87384
75.90545 564.03305
69.04286 546.34328
71.29439 550.92389
72.46944 551.66829
71.81497 540.30952
69.91352 545.74716
69.84134 541.37119
68.83059 532.59227
69.35660 534.45355
70.74954 551.50410
66.82504 534.60198
69.01078 520.66144
70.07886 525.23956
69.72676 526.97231
72.73835 513.38539
67.74900 523.89956
65.83919 506.81844
66.96927 496.95503
60.83680 498.19037
69.19949 499.13556
62.23491 492.82071
60.80116 492.13294
63.88437 493.22526
64.16443 479.69598
63.51797 484.41328
63.52797 484.42257
60.95926 473.90058
67.27654 471.97971
62.99003 465.27218
64.12980 463.83295
61.96943 464.12907
63.25241 454.86228
62.95998 451.75759
59.17900 445.34252
58.08321 450.37545
59.75347 445.25431
57.74906 449.90609
59.67207 437.68224
55.98765 442.31103
61.28227 442.21244
59.82930 441.96230
61.45074 438.52205
58.53665 439.55879
58.77483 439.26971
61.34196 427.33458
56.30918 425.23392
61.83367 417.58009
55.44808 414.51616
59.44019 411.55122
56.91821 410.86729
56.12490 406.84040
57.59067 401.15927
56.83840 401.38940
57.86378 402.96961
58.74439 400.89160
58.63054 384.01059
57.52601 392.42959
56.80493 396.32507
57.55032 386.94598
56.05899 386.53027
54.32247 371.66282
55.57597 375.12687
53.76352 379.78499
55.37715 373.47921
56.10768 375.03357
53.28026 373.71948
54.02546 368.16590
53.39182 363.55780
54.88353 359.78850
54.40119 365.96652
53.16039 365.24881
57.14423 361.57958
51.25261 352.53545
54.55495 345.37210
54.41813 348.32489
54.05891 344.78673
52.67727 340.90817
51.62322 330.75240
55.18167 333.92276
52.78328 315.57013
50.47696 322.21839
53.34096 319.84963
50.79677 315.87618
52.32409 316.39302
53.83246 305.70401
52.02650 310.41822
54.05073 301.86132
53.41158 296.46063
52.55306 299.13825
51.04223 298.45154
50.12647 297.08454
50.81935 288.74206
51.72340 289.54047
52.05325 286.57109
49.70943 285.64544
50.52580 276.71974
50.84629 278.69437
51.52782 274.67254
50.02553 276.43281
49.81330 274.99694
51.76980 274.77663
49.88566 263.91809
52.18410 257.24910
48.43830 254.26483
48.56028 257.88609
50.50150 259.75886
46.98552 247.78134
50.03644 252.42773
49.76388 249.36913
50.24233 239.00581
49.23703 247.45783
47.59951 237.01926
48.58350 241.33202
48.54910 228.90026
51.34947 230.62472
48.08412 234.15059
49.96342 228.43778
47.59973 230.96157
51.48194 226.88739
48.98651 215.45881
48.25984 221.81758
47.63091 215.92020
48.37814 213.22162
50.12094 209.87752
49.55790 207.07008
48.03132 201.11535
47.11347 191.92918
49.49919 198.78648
48.89154 194.43091
45.38314 193.80912
45.91520 193.03906
49.30993 194.36907
45.61482 190.20613
47.56698 185.65630
47.28697 182.74538
45.46467 177.84176
47.51776 178.77270
46.30579 178.22989
46.71686 170.41342
46.93765 177.80945
45.83566 171.43666
46.11452 173.16361
45.96879 169.46068
44.98840 163.72021
47.63697 163.01060
45.88802 166.70856
47.20618 167.36473
46.64557 162.77298
47.48733 171.01546
46.19457 157.22220
46.72338 158.83298
45.28220 162.83207
45.81021 156.65603
47.50411 163.55324
44.84504 152.89578
45.07525 149.54003
46.59733 147.92352
46.62591 148.71256
45.58404 147.50303
44.56109 147.59842
44.32072 149.50838
45.12474 142.82436
46.67368 134.78378
43.64969 144.88795
43.97069 140.84328
45.21000 143.82482
45.03496 136.85417
45.83689 131.78343
45.59568 134.27160
44.75992 129.83846
44.57820 133.47431
45.44598 125.84595
45.11845 123.51226
45.22310 121.29161
44.70461 124.90114
44.54440 120.17395
44.29989 118.15106
44.17187 111.69273
44.42639 116.55480
44.14426 116.36535
44.27048 106.15627
44.78984 110.80703
44.48063 106.28641
43.42574 105.79994
43.93453 106.21487
43.04246 109.28385
44.50219 108.20035
44.78250 109.51926
45.10328 106.22089
44.22680 101.75481
44.43099 98.88538
44.75592 101.41858
45.88165 100.07084
43.60083 95.76401
43.84473 93.64840
43.14891 95.57468
44.16289 97.20752
43.85507 92.09281
43.85384 93.96526
43.67952 95.35030
43.84156 86.08304
42.95196 84.96222
42.53154 86.15820
44.14654 78.63330
43.53899 82.91833
44.18451 82.44529
43.55417 76.36834
43.37132 79.95051
43.23303 81.57884
42.93006 71.99743
43.11098 72.81398
43.27150 75.63908
42.05291 76.12360
43.00879 74.46280
42.35538 74.36088
43.05482 79.34191
42.45009 76.94995
43.12914 71.35322
43.09878 70.68202
42.62047 73.24003
42.66584 70.93559
43.18085 69.00426
42.23750 71.50494
42.19454 70.01970
43.28215 66.59292
42.54082 67.76459
43.58317 71.48079
43.16009 69.61376
43.42690 65.02788
42.52928 64.98488
42.41298 65.54427
43.34632 63.93572
43.13876 67.29408
42.89817 63.38399
43.16282 60.46554
42.05110 65.30447
42.27941 61.55669
42.41759 61.39175
42.47722 61.19926
41.99169 62.26104
42.86717 63.94252
42.68743 61.56597
42.66603 59.90457
42.01080 59.30693
42.46650 60.45572
42.35556 57.82911
42.75223 56.30495
41.30431 56.96643
42.71081 55.17798
42.11012 60.87391
43.20558 56.52039
42.39781 54.22305
42.93825 55.59223
41.62680 56.72928
42.05334 57.88505
41.89210 57.48334
42.60220 56.62907
42.93371 55.46000
42.33126 57.79123
42.86768 54.06192
42.86116 52.59097
42.09448 50.47579
42.43231 54.19845
41.81982 50.66172
42.35855 55.41290
42.13060 53.86230
42.60744 48.56997
41.76846 50.18600
41.80502 51.65211
41.73435 49.77603
42.56411 50.58963
42.42473 46.56864
42.02379 49.61505
41.38461 48.01503
41.11272 48.21464
41.96291 49.90122
41.26768 50.60771
42.21021 48.26338
42.48482 46.98132
41.97348 51.79133
41.61385 51.00195
42.33877 50.79458
42.20402 48.37950
41.48777 48.32806
42.38916 49.44748
41.51823 50.98467
41.60455 53.40865
42.12823 49.21529
41.43057 51.79033
41.56311 48.95717
41.39395 45.87727
41.58591 49.26958
42.65598 45.07434
41.46362 49.73151
41.36896 46.76098
41.03668 47.37455
41.52906 50.13172
41.23079 46.09874
41.57029 47.22214
42.05500 45.54584
41.68735 45.22112
42.22828 47.65897
41.29482 43.86541
41.80679 46.07384
41.14024 46.66531
41.17108 44.75489
42.36771 44.40419
41.41224 46.32137
41.14275 46.99514
41.02352 44.87716
41.53180 43.01034
41.08280 45.25522
42.39536 45.76091
42.00468 45.55027
41.61084 43.26628
40.87488 43.07681
41.68674 43.31740
41.58799 43.01261
41.57732 42.24478
41.46575 43.13943
41.26154 42.94428
41.41609 42.26319
40.85201 44.24560
41.48682 43.26154
41.38672 43.14732
41.13640 42.06532
41.12073 40.77002
42.01471 41.03540
41.83913 41.46669
41.84134 41.69750
40.58511 41.72963
42.14115 41.21136
40.61302 40.77216
40.83507 40.84664
41.34912 42.45241
41.49090 42.25084
41.24170 41.04576
41.46524 40.82480
41.53346 40.30340
41.92662 41.99064
40.98374 40.92337
41.20775 40.83218
40.61150 41.93969
41.55006 42.39868
41.26813 41.13237
41.12620 40.21207
41.70864 41.71720
41.02071 40.16202
