903.24048 900.91453
719.86569 885.70596
594.90252 866.67467
454.46952 844.79046
304.09224 824.10720
265.16638 806.66736
220.69306 793.64464
212.40212 787.10128
210.53608 786.89216
207.80799 785.69979
217.69286 782.23019
211.24550 785.14533
191.46385 782.11954
199.18329 780.51839
180.97025 780.85733
186.30186 776.72547
172.63406 777.91871
183.56475 776.15680
179.55027 776.04953
185.46982 778.53929
169.64992 775.41702
160.54305 775.55283
192.56042 768.53734
191.47453 766.41169
164.45597 765.05456
178.31704 762.22156
175.25202 761.06138
173.02016 759.83392
175.25747 758.23648
160.46547 749.98026
178.45232 749.51378
152.76571 749.68288
156.48779 748.63562
165.18651 751.45190
154.75344 747.95741
162.01536 747.31276
154.18170 743.17614
155.89993 742.85939
159.00667 742.91648
157.12120 740.97478
149.31684 736.00713
153.49961 733.14928
144.16688 732.00559
140.18359 730.03556
154.62043 729.22219
154.86245 727.49945
141.89791 725.68626
140.59261 724.93857
138.61353 723.56099
147.29154 727.47561
144.62401 720.02596
143.77118 721.70321
135.15262 714.09646
137.70792 709.23674
151.13006 706.90786
128.21254 710.13771
135.08731 708.03400
133.76936 707.45434
133.22465 706.83623
139.28098 700.88710
127.40299 701.47681
129.89340 699.94658
129.37947 701.86888
131.45933 698.08141
131.51234 694.29613
124.80372 690.71334
148.45210 692.19604
129.45006 693.58868
136.06638 687.34740
114.73681 689.66125
117.45884 687.09767
128.25344 686.93171
121.65746 689.61256
121.72687 682.05653
118.43913 675.89454
115.93944 679.58662
114.64575 674.85294
113.82366 673.64990
113.67632 670.95536
105.14662 673.87008
108.69040 670.05722
120.12640 671.17859
116.50594 675.19987
125.83757 666.98274
117.11328 665.33036
105.42725 665.78239
106.58953 662.17005
111.74464 664.84164
111.92956 658.52053
118.52281 660.21239
104.70632 655.31063
116.35116 658.14603
114.52442 660.44033
102.97896 653.85859
104.05259 652.04415
102.84058 642.60455
113.51008 646.90306
102.65411 647.24265
104.12508 642.44178
106.87245 643.99900
102.64826 641.09996
107.19211 642.77587
97.50740 637.45957
102.06380 643.84435
99.02976 638.03349
101.40856 636.17680
108.73430 633.17278
96.89335 633.84307
97.49205 627.50312
98.96536 621.38854
103.01337 618.57427
102.45538 618.13934
98.96649 616.35653
99.39558 621.00759
88.14070 617.05703
100.09435 615.22768
97.55635 612.21242
101.66591 612.73780
92.01531 612.90140
92.41603 608.99362
90.17438 605.42107
89.62293 609.39360
103.81192 610.36659
96.52590 604.23000
94.27708 597.21334
95.18981 596.29246
96.25762 593.56607
96.20689 595.32074
82.23623 590.07140
93.49688 586.06807
84.18859 584.25711
89.21655 584.90022
92.86282 589.37313
90.80885 585.46030
90.01797 586.03946
83.91451 576.82349
89.37753 578.17352
91.83766 578.32287
91.39097 581.78142
96.33794 584.79009
85.89687 579.72557
84.01672 576.90134
91.22942 579.12681
88.96657 576.66861
91.97840 570.19931
87.99772 574.35674
83.68987 570.66702
84.29023 573.58567
86.98569 568.22060
79.41858 558.56103
82.53603 554.90111
81.26978 565.57072
84.30386 569.10694
83.12442 565.28528
86.81304 558.76203
84.30942 558.32629
82.28051 555.88468
87.49285 558.68071
84.38698 557.92541
82.81473 555.00057
81.34645 555.74470
78.79442 557.83084
89.98369 556.62212
85.90051 547.36358
86.87169 553.23503
84.00351 545.28264
86.30625 550.99934
79.23320 551.21525
77.43514 553.03950
84.99645 546.41074
80.35336 542.40741
79.34611 549.62917
87.15180 546.00424
79.95062 543.72153
79.86881 536.50521
73.70334 535.76585
83.82523 539.59192
82.44678 537.38415
75.91144 538.37540
81.23764 530.75144
81.02241 537.47209
81.80579 542.64198
86.65840 530.41841
80.59596 541.52454
75.98629 533.33645
73.54285 530.63063
83.00548 525.83217
72.58463 524.92712
74.49443 530.42451
80.65657 528.41337
79.71313 521.76180
82.55953 516.85383
79.17832 519.27997
77.66777 519.16061
77.89447 517.79622
81.79367 516.12029
71.97358 523.29429
72.83927 516.76963
76.04621 519.33639
78.78385 510.67579
79.42993 508.82612
78.08746 513.71988
72.92628 513.72048
73.46752 517.51016
74.35954 507.90595
77.39085 505.90718
74.64214 509.45082
73.78644 507.94479
80.34822 506.20004
79.40014 503.08152
74.85928 506.76090
72.93446 500.26005
75.10375 499.95721
72.56935 497.35079
69.73082 495.90297
70.79935 504.26006
71.80598 494.44348
76.19269 492.82283
77.94360 499.56191
72.68348 490.08484
67.65598 493.99789
73.94182 493.60282
75.00674 495.23866
74.39009 488.62013
70.35975 482.60228
79.26706 491.36024
77.17576 487.05444
67.97675 485.29875
75.87663 487.50529
70.40035 482.90728
71.28350 484.98252
76.48831 487.72818
72.01928 486.47688
70.54572 487.36083
73.38435 485.03422
67.34478 478.60526
71.01270 479.73947
69.15217 480.31087
74.07567 475.04120
71.53869 474.74553
77.83513 478.54035
74.35049 470.90459
71.31577 475.21654
72.06346 464.71651
72.50896 471.44385
74.12454 467.33960
72.45581 470.97167
74.80156 463.87198
70.76473 468.99151
74.20031 459.00234
77.30775 460.06200
68.82982 461.29476
67.82943 462.53949
71.62016 467.52192
70.24327 460.37978
70.62183 457.61277
70.61173 459.02634
67.49065 462.22196
74.15972 455.11436
66.13805 460.97544
66.97569 451.46569
74.89481 454.23826
65.53440 459.57699
68.89232 456.22402
70.40088 455.48546
68.60384 451.96483
69.50305 448.52692
71.54610 446.19245
70.54272 441.51130
70.95998 448.87195
70.46690 451.25534
70.12248 446.80725
68.42666 451.95261
66.39037 445.32127
68.00046 440.18653
75.68573 445.01428
66.28268 451.09054
69.89873 444.15071
75.51008 442.73685
69.31844 445.25057
69.71514 442.34214
70.61454 443.91407
70.15665 447.96132
70.36964 447.78718
68.55073 440.72366
70.42107 443.40463
64.06632 449.02209
66.89140 436.96322
67.97121 439.21358
66.77820 433.26297
66.94306 437.64616
68.24259 442.41231
66.76436 445.90681
63.92410 439.42257
66.28953 440.19812
69.95814 428.59035
67.25089 442.70613
62.71980 434.69950
67.93553 430.58370
64.44691 437.30513
69.41629 436.04111
67.95591 432.04977
67.27315 429.56710
64.87539 436.15700
61.22927 419.98678
63.04843 428.17519
70.49009 427.63213
69.40914 431.68868
68.43102 428.10681
65.26953 427.65992
65.18494 428.45384
68.67393 427.55201
64.67493 436.49032
63.94061 429.54847
67.10600 427.18269
67.68664 426.81987
64.71795 427.15812
66.32845 429.89373
67.54318 427.11252
63.18567 421.60975
67.04048 431.76040
61.66389 431.29113
65.55931 420.29437
66.25471 429.60960
67.83392 412.08489
62.88675 417.31252
67.22025 417.16417
66.69614 424.00479
63.76699 422.59180
65.09190 415.31417
67.50709 413.17826
62.47196 414.12614
68.38261 418.12501
68.25157 413.05023
66.04620 421.99136
67.10758 415.49689
68.03118 414.33617
63.53317 411.59282
63.31771 414.40235
67.10277 405.34435
63.36740 402.87740
62.89981 413.45169
66.18084 416.15138
62.87945 401.47201
63.75854 412.38838
67.68188 405.20459
64.42757 417.17704
64.15843 398.35589
66.71465 409.51684
64.22459 402.20130
62.53267 406.66395
62.32395 402.29342
62.93398 406.57023
60.49769 401.16127
66.01711 407.28710
63.85694 392.83257
61.71134 387.93204
63.76124 394.98783
58.96578 398.39672
64.48349 401.43098
61.66657 398.37573
63.91979 405.95209
64.75949 395.95356
67.50873 393.25409
61.32131 392.77861
62.40296 382.59583
63.57695 391.85634
62.17186 394.13201
63.31474 390.14307
62.03775 382.49364
59.14917 382.87508
65.87312 385.26471
67.19075 386.90181
60.30482 384.96308
63.68722 383.43512
64.46331 379.22852
65.47448 383.90821
61.99260 375.52831
66.81970 371.74356
59.66259 382.03776
64.45427 374.19356
64.42856 370.69583
62.74114 378.96186
63.30086 377.52479
60.39864 372.06756
64.41718 368.85369
61.12876 381.29185
60.69288 371.81970
59.09427 373.77243
57.18709 372.71672
60.70553 372.08957
62.13995 376.75704
63.36418 362.98053
59.42128 379.79107
60.22430 370.61183
66.68855 368.64061
58.43159 377.12996
60.90513 368.77291
60.19261 368.50642
61.63823 360.53781
62.21476 364.27210
62.35688 356.81864
61.81313 367.79422
61.90235 367.34547
62.36956 370.22986
62.16313 358.35303
64.76757 358.00440
60.72769 364.88533
62.22432 359.80414
55.83313 360.15417
58.17334 359.48222
63.88093 355.02053
59.47662 371.06932
63.20099 363.57648
59.53243 352.10865
58.99477 362.28782
64.90051 359.77314
63.51166 356.00218
59.86137 356.92486
62.03815 358.38664
62.40771 354.11452
59.55001 358.19080
56.25327 353.62276
58.53346 358.71370
61.70714 358.17916
61.92031 352.93218
60.88137 353.78683
63.55952 356.83809
62.02540 360.32580
58.74595 360.64435
64.09573 355.34969
56.89576 353.15200
60.70706 357.44418
60.78250 352.28950
59.96056 350.83700
58.07896 352.56393
60.21023 351.75575
57.79008 350.00620
60.18228 346.25005
60.36535 347.56254
61.40415 350.16456
60.32867 350.80399
57.50991 354.29962
59.37994 352.99767
59.60254 349.59207
59.83308 348.03253
60.97110 352.11573
60.03233 347.20483
59.98295 349.42417
60.15263 352.81403
58.05261 355.26786
62.52916 354.20191
63.68517 345.24290
57.20898 342.21176
60.77265 341.78672
56.16978 331.31272
62.12198 347.65085
63.15896 333.59623
57.81112 335.24630
61.10960 347.67377
63.06955 339.61067
58.26842 338.11577
57.91242 340.87926
59.76684 343.12515
62.05245 336.01666
57.87360 341.68170
59.59829 333.55414
57.78660 332.46133
57.04958 332.76919
60.39076 333.67816
57.70689 332.15636
60.85636 335.60171
56.51962 333.16201
56.46884 323.94926
62.75137 335.15307
62.27100 323.48619
56.27061 325.14316
58.53187 329.33490
56.83513 328.82792
57.76016 323.27770
57.86543 328.21430
60.47181 320.96670
55.49253 322.24720
56.59283 330.47519
59.84638 312.24834
58.54962 321.48415
57.58688 327.17166
56.32945 328.49227
57.23286 320.03949
58.30371 318.53059
59.16480 313.39087
55.17132 315.47737
58.71861 323.45961
57.41005 320.22267
58.07802 321.16751
58.55366 320.81420
59.36036 319.32698
59.79598 315.40019
58.74805 318.19175
59.76637 318.93834
57.48922 317.22796
56.98216 311.25904
58.11765 319.38676
57.86825 308.47615
57.12494 296.51214
56.84326 319.53116
56.06483 310.56476
55.98835 306.70335
60.66688 306.29398
56.09326 298.03963
58.03529 318.12775
57.43362 302.71326
57.64846 301.63082
57.19557 304.55661
63.63062 316.56003
57.58592 303.80820
57.29711 306.35211
55.32518 309.87484
57.99404 302.16279
61.57277 306.68923
58.93099 299.85835
56.15871 304.55923
57.70745 299.96968
55.26586 307.53833
57.82400 299.11047
55.11924 298.74704
57.34749 296.40261
58.82017 299.38397
58.35544 300.61727
57.98097 303.20608
56.54178 304.63086
58.24449 309.21673
58.53463 299.42766
59.06859 296.25472
56.57892 303.44497
57.05516 304.63293
57.44392 297.40475
56.38852 295.16228
56.28135 297.32270
55.37981 297.45378
57.62743 298.28191
57.42405 297.70036
58.38143 293.76141
57.07622 291.30477
57.02370 297.37810
55.30887 290.15610
54.07500 291.68131
54.52526 291.76858
55.55207 293.20565
56.24993 287.62146
56.93846 287.35796
56.28124 296.64924
56.53626 293.49385
55.85750 293.10715
55.72752 283.78419
58.63945 290.74289
54.24250 288.38268
53.90261 287.49654
56.98763 288.57449
54.31025 290.78228
56.02267 299.62895
57.86329 288.87008
56.03842 287.57134
57.17795 283.70274
55.47154 290.00246
55.80750 292.58826
54.48126 291.00467
55.57889 281.15689
55.60282 287.82475
56.80120 284.76724
56.58210 284.82109
55.44749 281.43473
54.59689 279.44586
54.64877 282.69467
58.29070 279.31686
55.62689 282.26804
58.70558 279.01265
56.50666 286.06830
59.10591 280.89862
53.11501 278.39372
53.68338 280.72119
54.31316 279.34577
54.07306 276.99625
55.73750 287.40382
52.63347 270.42741
57.00199 279.50767
54.80014 280.91386
52.99026 281.43954
55.47141 286.16232
53.53331 271.28368
55.46904 273.56605
52.99929 261.87478
55.68279 276.40683
55.62890 272.25182
54.73816 289.69554
56.10986 269.99182
56.17032 276.88299
55.57183 276.52236
53.74140 281.62514
54.26849 261.16554
56.59886 263.83475
54.64670 271.68898
54.07366 269.50446
56.16476 270.27899
57.38205 274.26244
56.27016 264.65623
56.21356 268.13418
53.00384 263.04340
53.21816 267.98917
54.69826 272.18359
52.54397 259.29249
56.64656 261.14406
52.95125 261.85441
53.45200 265.97404
53.48042 263.51803
54.09570 257.10778
56.78061 265.38002
53.03112 264.74688
54.35036 263.80320
53.69266 261.45372
53.01502 259.39992
53.81541 260.84342
53.97361 258.71731
55.31837 260.10360
52.58579 267.09874
56.07679 257.98752
55.62338 257.49100
52.35908 264.78623
52.31950 256.48682
55.77042 261.72483
52.34315 255.02342
52.96539 256.70124
55.68934 263.15833
54.32914 255.56799
54.38417 267.45226
55.49952 253.88924
54.30567 257.61659
55.24005 255.44211
54.59163 249.72095
58.41579 257.30279
54.83272 251.36082
54.38270 262.74792
54.68370 247.94503
55.49263 254.81636
55.85295 250.70577
57.02159 246.11478
54.56868 256.78419
55.68476 252.05072
57.24383 250.83286
52.65495 254.36781
53.01873 261.87193
52.92974 250.04045
54.87565 247.04527
56.31854 247.29443
54.48563 254.74159
56.58368 245.94456
54.65959 245.81037
53.67063 242.47813
52.71429 244.13873
56.29576 240.99930
56.62305 243.18673
51.56945 245.43695
53.07663 248.22042
50.18874 236.45038
55.81259 243.83983
53.76668 243.13365
52.84337 241.25498
52.56179 245.61647
53.57663 248.13485
53.15423 248.61059
53.32580 243.03774
53.18297 240.05775
55.28862 243.17464
52.95985 240.66813
53.12982 238.46724
53.24382 244.34318
52.56010 243.22003
53.07690 245.84567
52.43395 239.85630
55.03140 243.29029
54.89401 240.41217
55.36349 236.50977
52.08667 246.18791
56.87959 245.25672
53.30709 244.79396
54.75567 239.54813
52.79402 240.80565
56.03930 236.32395
52.35979 238.78486
52.58150 224.23213
53.55817 231.73395
52.01990 229.37126
51.94352 234.48990
55.54036 237.26863
52.87140 223.81495
53.71037 234.48281
54.30319 236.09499
52.94345 227.19159
53.30821 224.47118
53.09230 233.01751
53.30556 232.89304
53.05356 234.04706
51.80501 223.70437
54.31280 235.59730
55.81543 236.96114
52.61351 229.86684
52.45863 221.06323
55.13157 231.92632
51.59562 223.62425
49.53275 225.75076
50.98028 231.38084
51.81597 231.61594
55.23139 226.33611
52.39249 226.91470
53.62586 224.18140
51.92914 221.75353
53.14998 228.95548
50.31398 225.77281
53.77439 226.72034
54.48488 224.48804
54.32093 234.55541
54.58699 224.80688
53.26812 222.31072
50.50408 220.25915
51.57056 225.20444
51.67956 219.13166
53.68214 231.59315
53.60537 234.33345
52.89227 227.66892
51.43355 219.61306
53.07322 223.66082
52.60926 218.31064
52.98486 220.05894
51.19024 218.19127
52.05484 224.87507
52.72334 222.94258
52.17052 209.57041
52.70916 217.10899
52.47775 221.25560
51.06090 215.49101
54.94954 218.53523
50.33691 215.11006
52.03734 221.24543
51.58358 208.16435
51.69018 220.74818
51.37644 217.53366
55.13461 212.64997
50.91744 216.89883
55.52181 209.15359
50.74293 217.20686
52.39798 218.14549
52.35830 217.38846
50.16963 208.86886
50.79717 217.83612
53.03652 219.06891
53.60697 212.94009
51.31157 219.85672
53.38597 217.24567
52.81632 210.07890
52.06966 215.67544
53.38268 211.66740
50.80741 213.24769
51.28124 206.16026
49.80046 212.37365
51.99396 212.37119
52.27799 212.31925
50.69828 209.38812
50.21124 204.13574
49.88668 212.89523
51.48377 207.63722
52.21720 205.63947
52.18890 207.06234
53.05268 207.81567
55.06542 210.81327
53.32964 201.06247
51.20753 212.16020
51.88834 211.33221
51.91220 212.74024
50.85719 206.58937
51.45427 215.31199
52.65133 209.27474
51.07396 210.01284
50.86563 206.68786
52.32384 206.83161
50.55598 206.73611
50.88446 201.53095
51.96005 204.01575
50.95802 204.86375
50.44031 208.96682
50.25874 201.86405
50.99424 202.81065
50.35530 207.19131
49.54484 199.74300
51.07022 207.21618
52.63208 190.26923
51.37453 200.03156
51.10107 200.80180
52.19996 210.23723
51.13897 206.17554
50.11101 202.83069
52.73268 203.05826
50.37486 209.08522
51.89576 206.16167
50.93409 206.16064
51.06540 195.47139
50.51903 201.70748
50.22087 199.54558
50.58910 199.92552
52.01023 193.24420
49.71172 205.70436
51.62201 192.10741
51.12803 206.79664
53.71586 213.37309
52.68047 207.88907
51.63773 205.97121
50.81477 203.53107
51.36267 207.17816
48.17044 205.51494
49.14096 199.96530
52.34361 205.31671
53.15930 198.86954
51.24597 197.28048
51.86613 195.22671
53.28856 201.31337
50.09439 206.18067
49.31954 211.59803
51.30000 198.80446
49.02178 203.82539
52.33725 202.03151
50.44754 195.09037
52.35544 206.43275
51.29280 200.09912
51.50275 196.41365
52.99549 187.95233
53.11959 192.25841
48.32207 190.59925
51.10250 187.88444
54.19606 186.46493
52.29642 202.70330
51.76544 193.50569
50.69508 205.59709
50.36451 186.58029
48.24760 193.91794
52.16364 192.43919
50.20326 190.20165
50.01903 196.84592
52.56401 190.67960
49.94337 195.38521
51.96993 190.70049
50.79532 191.69738
50.99899 190.20842
52.22674 186.72841
49.46638 194.73154
51.84880 188.78043
51.99896 186.17244
53.56337 185.19668
51.63910 191.91889
49.12859 188.58650
51.65030 187.53133
52.10965 196.93771
52.07933 181.08740
51.28335 190.86821
52.30782 193.44860
52.30545 186.59297
50.17753 183.56186
52.63370 185.59077
50.03130 192.47487
50.49202 187.70894
52.20714 184.59956
49.70484 188.86315
51.85014 187.72377
50.85672 189.49634
50.20699 180.73252
50.91258 184.63923
53.72129 192.04346
49.89053 179.96601
51.07849 186.93082
53.43842 186.37821
48.68514 193.30613
52.06061 186.84637
49.00138 182.73000
51.01997 187.60773
49.94246 188.03505
47.24100 174.99821
49.91916 193.24683
48.98131 185.88938
52.09014 190.00078
49.78001 183.51911
51.21944 181.35839
48.93555 194.21578
49.71030 183.05805
48.00527 184.60864
48.30784 180.46398
49.80844 174.75784
50.27945 187.16754
49.90735 182.53318
50.52634 178.76404
50.04445 177.45059
51.53930 188.38977
52.32797 189.19228
50.90844 179.98953
52.10416 181.55084
51.46621 181.68303
51.09170 185.71343
48.68006 179.84100
49.68031 185.56291
50.03319 189.28478
51.87363 177.74630
50.34972 183.11842
50.53920 176.38449
52.86396 172.03489
50.82233 184.44062
48.57085 180.56221
50.60123 176.01383
50.13859 176.18704
50.09224 178.71280
50.21497 181.94539
49.51648 180.37732
50.80493 179.64416
50.71620 171.25931
51.22023 189.40834
51.92562 181.70003
49.96364 169.68581
49.56579 177.70604
48.40323 169.93090
49.37320 174.56023
48.89486 173.62369
52.70733 175.85145
49.89758 171.30204
51.73396 176.75757
49.45953 175.91929
48.43118 187.74476
50.14589 182.35065
48.15726 170.70170
49.66206 176.48586
50.11277 184.39839
49.99930 178.58058
50.01921 179.29146
48.22880 182.94445
50.91666 179.80387
49.29877 181.37914
47.16354 173.83860
51.31519 175.61880
49.24145 177.33386
48.44552 166.31626
50.47623 177.54383
51.81510 168.00307
49.03499 172.92492
50.52230 173.67818
48.60940 168.76801
50.46890 172.60530
50.21288 165.42157
50.96017 170.95750
49.73620 172.76262
49.48554 173.67676
49.64133 172.79446
50.35895 170.96971
48.91964 170.98225
49.57059 171.81916
49.55556 171.20720
49.71878 170.29843
48.97907 176.33166
50.25709 177.12575
47.20829 163.28671
49.43592 166.35901
49.40556 170.80841
50.87759 168.38291
48.99650 171.65136
50.01235 158.50676
49.13761 167.49503
47.81306 160.41267
47.57594 166.38966
49.47954 168.39310
49.30727 171.41021
48.44092 163.03753
48.39414 169.77776
48.55876 171.47217
48.93267 168.52259
48.47911 160.75397
48.99370 160.94061
49.56636 163.28262
50.59347 168.16351
50.11935 162.87491
48.71562 158.10877
48.10191 158.33120
49.31637 166.11524
48.97087 160.60082
48.19069 166.31565
48.88153 161.76954
47.18427 150.33366
48.08276 162.89785
48.34735 164.58963
47.83959 166.64476
49.94004 158.61751
47.86059 166.72083
49.69068 156.21323
48.34652 160.13177
49.18689 152.81652
48.63489 160.33147
47.89447 155.34939
49.16577 157.87501
48.53505 163.62801
48.14562 159.29157
49.47569 161.31354
50.75883 157.76993
48.03178 154.40200
49.01610 149.32079
48.56399 152.53957
49.16907 154.56294
48.97680 149.31498
48.67654 154.99192
49.26196 161.37086
46.75489 160.57785
47.86659 161.77721
48.74207 154.26871
48.77874 158.20888
48.17604 162.73259
49.24445 158.37350
48.46453 154.11569
48.45850 156.58325
49.19374 153.23168
48.97267 160.52211
47.97295 154.96584
49.16030 146.13614
49.47715 159.08757
47.58169 156.39810
46.61801 151.92558
48.34852 152.17958
48.02961 153.18957
49.76121 160.75574
47.14762 147.13529
48.52632 152.41694
47.77219 148.65868
49.14473 151.35638
49.37942 151.86341
48.33175 151.61907
47.41760 141.15260
49.01300 145.20420
48.33406 152.21297
49.18023 150.37133
47.26597 154.12125
49.47989 149.60015
48.57998 142.81073
47.90836 150.73010
47.89957 142.39022
48.37131 145.07531
47.42273 156.92664
47.97733 149.27792
48.70683 149.22541
48.78268 147.04529
48.15163 154.91545
48.57462 144.84884
47.22842 142.20882
46.47764 142.09507
47.72886 149.14396
47.14813 146.22257
49.76616 134.61868
47.46872 152.38579
47.28211 142.41210
46.59715 147.72089
47.46260 144.43065
48.56904 146.68674
48.34067 152.14855
48.36461 147.94360
47.48836 143.90314
48.42931 144.61345
48.98742 142.48329
49.59567 138.74683
47.46377 137.81149
48.99418 143.01557
46.97076 143.62400
49.01014 148.60001
49.88131 138.25986
47.62728 141.63957
46.64922 139.59427
48.38395 140.01676
47.84790 136.92995
45.55285 147.52888
47.01067 139.56398
46.38415 142.43446
46.96876 135.96330
49.80367 140.39590
47.38182 139.58297
48.50796 137.75071
47.65364 138.24141
48.21069 139.68129
47.89165 137.15584
46.97581 139.07248
48.69688 141.13328
47.26911 143.22977
48.07276 140.30208
47.37027 141.99033
46.80912 137.20692
46.47520 144.19139
50.05188 140.24390
47.93462 138.65175
47.55795 143.19887
46.65929 136.04481
48.56260 134.32616
46.60622 136.34029
47.28162 126.36147
47.02638 139.96788
48.16817 138.05752
48.43939 133.88364
47.11237 133.74252
48.18312 128.84222
47.71730 138.51249
49.04065 140.34265
48.38039 133.80920
47.28179 130.73232
47.10026 135.70655
48.21838 137.71167
48.32831 138.86140
47.61000 134.37428
46.53793 136.67007
45.93897 134.41047
49.50013 131.19426
46.98401 136.80928
48.30644 135.56437
47.41063 127.46794
47.56451 130.65753
47.04112 141.21374
47.67157 133.39928
47.17535 133.86380
48.19077 131.56616
46.94731 130.54088
49.77024 130.50325
47.80581 134.56146
48.55322 130.98130
48.15609 136.49160
46.32049 136.20184
47.89236 130.97372
47.80075 137.55311
49.56286 127.23201
47.09849 131.05411
47.85267 132.76117
48.53138 132.53469
46.72264 134.15732
46.41606 129.07207
49.57451 132.42783
49.40276 135.78085
47.80795 129.28129
47.35621 125.77265
46.66290 126.83247
46.12245 131.82124
46.67292 127.90222
48.26820 130.16532
45.59467 124.68214
48.24147 131.39248
47.42589 132.78909
49.64034 132.05795
47.77558 135.10594
48.97752 132.34508
48.85881 130.49058
46.52334 142.13588
49.21953 126.27896
48.56622 131.28357
48.19729 140.63959
47.38862 132.99409
47.11302 127.76189
46.57901 136.50574
48.78810 128.57205
48.18128 125.68175
47.04904 131.24221
47.01279 128.80242
47.62964 127.80384
48.24459 125.28576
49.73590 130.73929
46.76158 124.28519
48.71865 130.09450
47.12794 127.43597
47.79560 132.49963
48.00812 126.00072
48.69365 130.58483
48.30202 124.85449
48.53468 130.04657
47.17734 127.63463
47.28569 124.02140
47.94720 130.69802
48.99608 128.28103
46.85165 130.47668
48.61495 124.29037
45.67078 128.18918
46.83712 125.62804
46.38027 132.38582
48.84902 133.12492
47.46048 129.51779
46.99504 134.79390
48.30933 121.96504
45.87901 122.05458
47.34988 123.76250
47.78449 123.66667
47.03843 127.70716
48.82799 120.64911
44.93891 125.90675
47.23533 120.99317
46.77590 122.67982
45.91416 117.06291
47.58948 126.96953
46.85315 130.68450
48.94608 126.42639
47.56596 124.34620
47.16879 126.18179
46.49358 117.04055
47.29181 120.39072
47.33647 124.45564
49.69526 124.64138
49.15811 123.45140
47.37566 124.06519
46.90445 122.03652
46.41429 120.85101
47.24786 122.21185
47.41460 119.84603
47.54298 120.06568
46.18573 118.98141
47.06216 121.00953
45.94259 121.76314
48.44936 124.73662
46.78506 122.24602
48.12764 112.88017
45.65148 118.13001
47.60411 120.96583
45.61463 118.96580
48.15996 129.66260
44.23561 122.62224
47.77979 118.97639
47.60310 119.77873
47.35255 124.08824
46.95861 128.53229
49.03468 124.20388
48.85512 119.32668
47.08780 123.37432
47.95843 112.68474
46.07305 117.14404
45.76201 120.66760
45.60913 119.21572
47.02665 110.73736
47.65944 122.40140
47.25214 118.51654
47.46575 118.46587
47.99418 116.89647
46.42304 121.24429
47.45342 119.60718
46.36868 116.55700
45.82000 123.47717
47.20076 116.16401
46.38815 121.44710
49.76676 117.90101
46.23836 121.57977
45.49710 114.59557
45.33661 114.31760
45.76636 116.94543
45.70585 117.35325
47.79454 117.46966
48.32183 118.22597
45.61632 117.97436
46.07245 117.68671
46.01340 112.88904
47.24377 119.88227
48.21035 112.86460
45.16757 117.86948
49.81351 112.61929
46.06382 116.82650
46.96867 113.75375
47.66583 113.17524
47.51522 116.51106
46.66277 122.50399
46.70960 109.95103
45.33757 114.48615
46.64083 110.81806
47.19806 109.40831
45.65348 114.74088
44.52713 112.71108
47.21538 109.20162
45.87574 110.82838
45.64312 115.01886
46.40507 112.39561
45.03178 108.49329
45.29766 113.07068
44.24638 111.04049
45.79331 112.73359
48.11085 117.42149
46.07871 105.77847
48.41845 105.68779
46.78573 108.74203
45.59068 114.26310
46.02485 107.71362
47.35885 113.39503
45.40094 110.19309
45.71925 114.40107
46.16570 104.98626
47.39768 107.36491
45.12514 109.69926
45.50774 102.98612
46.72580 112.58706
45.91716 105.62774
45.48384 107.43171
45.64985 110.28697
46.44021 105.72457
46.73274 104.68206
46.95556 113.60493
45.98359 107.79684
46.31001 107.50132
45.22993 108.65909
47.41108 102.75028
45.36220 103.35609
46.35989 108.51064
46.55358 108.84957
46.07318 104.21606
46.89976 102.03221
45.51755 110.36805
47.85318 104.62237
45.77446 108.08405
46.79614 108.94446
45.49059 107.89071
45.94779 110.36155
45.43808 99.57578
47.38249 109.56785
47.16543 105.52244
46.23010 101.61294
46.43120 107.04677
46.99735 102.50159
45.53138 97.19155
46.56431 98.00576
47.07753 106.76111
46.95148 106.35994
46.39355 106.69337
45.47392 111.29014
45.92446 106.24950
45.81610 102.71549
46.66870 103.48646
45.73182 103.28209
45.38756 103.66332
45.71868 100.00920
47.05314 109.70338
45.40402 93.89931
44.83038 98.78836
45.92748 103.90452
46.08928 94.08199
46.64066 105.16190
45.73585 94.60598
47.75159 100.74310
45.43162 97.98499
47.38768 102.45544
44.83967 98.85832
45.51849 96.07910
46.71282 100.02176
45.60317 101.77787
45.99898 105.16719
46.02069 102.37214
46.50923 99.30615
45.61184 99.29696
46.83373 99.96531
45.93226 104.28798
45.10363 100.18825
46.10058 100.57017
45.01338 99.34499
45.86244 96.97434
45.28609 96.85843
46.33959 92.72102
46.34640 97.84625
46.12498 96.23368
44.65512 97.27843
44.36985 97.46706
45.98051 103.49478
46.07368 101.06184
45.57456 94.21001
46.64521 101.10184
47.42986 93.47269
44.54500 96.98036
46.39996 98.03939
45.27828 90.81255
45.73169 95.19544
46.09741 92.88411
47.17991 94.44513
46.33360 95.55555
44.65894 98.18912
45.43318 93.17887
45.61557 94.66993
46.12552 97.38478
45.04764 98.36721
46.44576 98.81685
45.17472 96.02525
45.41542 97.10851
44.03142 90.55517
44.08374 95.21759
45.18577 94.17826
46.56530 93.72685
47.77590 99.03469
45.32162 96.93869
47.02111 92.05080
45.70485 101.73334
46.87551 94.05478
46.00192 96.86126
45.23495 94.62876
45.69864 93.36244
45.80176 87.26206
46.10596 89.15802
45.22589 94.29950
45.40610 94.93666
43.23949 90.64392
45.51203 91.19597
45.44753 90.02718
44.46076 91.09793
45.71951 93.42915
46.96798 95.52532
45.73984 85.74955
44.39349 93.33374
44.43242 92.80518
44.76074 89.79622
44.99334 86.94504
45.36201 92.20505
45.16164 93.34778
45.16102 85.48689
44.82976 88.63406
46.55442 90.50732
44.63816 85.92319
45.74317 87.01314
46.44610 86.63968
46.71840 89.97083
45.26477 88.81231
44.59767 90.76632
43.66809 93.80131
45.40353 93.87287
47.97292 95.09612
45.59261 90.55937
46.33089 93.38948
45.07950 91.20661
46.24292 87.64487
45.42476 91.91721
45.29082 91.27909
45.43273 84.77779
43.37478 89.39272
43.68437 90.57092
45.41659 89.79949
44.86864 83.11444
46.42001 85.83502
46.22193 86.20699
45.92078 86.26800
45.18805 88.93295
44.97653 92.95412
46.77824 85.23850
44.59329 92.84948
44.54734 84.76648
44.61472 87.10655
45.83444 91.00855
45.23665 94.57952
44.68297 94.84106
45.80808 94.50119
46.14574 93.22057
45.73004 89.52718
45.11168 90.70599
45.58504 83.44797
45.73110 81.68005
44.22260 90.37454
45.45264 84.56432
44.83023 85.09341
44.73422 82.80401
44.95466 87.85580
47.53683 91.22937
46.50061 87.40666
46.35813 84.77955
45.35509 89.49280
46.23768 81.67161
44.48592 83.52547
44.93201 87.47536
44.96522 80.61966
45.54677 86.53786
44.87392 86.45280
44.99430 85.18839
45.77201 94.62439
44.11529 91.80894
44.08300 88.11295
45.50648 88.77742
45.53283 86.97446
43.99468 92.90090
44.82195 91.45135
43.90986 88.53348
46.34004 85.16463
44.27665 87.66940
44.52353 83.86168
45.24755 86.72098
45.96207 82.65298
45.08495 87.09195
44.15517 84.98778
44.98226 87.27349
45.29233 82.50898
45.87103 87.95199
44.42730 88.77434
44.76474 83.64751
45.40334 85.23894
43.66115 87.47595
43.88401 87.31154
46.11058 84.75403
44.38952 85.42772
46.65933 84.57637
44.26902 87.30016
46.38249 83.18324
45.75296 83.12693
46.53326 83.75468
