2243.77144 1183.93078
1700.82274 1175.30599
1400.63478 1168.12711
1291.64753 1160.61050
1386.49756 1155.06475
1364.00421 1150.39198
1206.47287 1146.42879
1123.07363 1142.62829
1120.90505 1137.58787
1139.99026 1131.62387
1118.66462 1130.62046
1047.59128 1125.70337
937.49125 1123.22080
934.29010 1122.70403
1038.52770 1118.37858
1012.01733 1115.90475
965.29882 1115.38861
844.54931 1116.83021
961.98273 1108.33001
774.91157 1105.39847
925.55244 1101.54516
812.37460 1099.92756
777.22993 1098.56523
714.17542 1090.33044
761.76172 1091.01355
734.52807 1086.68663
692.64433 1085.63858
675.77054 1080.08315
663.46804 1075.05146
647.69228 1073.68542
595.47192 1071.41442
644.46692 1065.84263
643.71213 1065.86110
599.82890 1059.22011
625.81658 1059.60715
738.68546 1053.88625
594.78337 1054.90377
643.54372 1045.92596
584.92670 1046.86278
559.10973 1042.08907
617.05533 1033.80912
604.80575 1029.03014
677.18219 1024.88951
616.76759 1024.54872
478.00196 1019.83980
595.84733 1015.73650
501.84354 1014.39137
477.32632 1004.07392
519.52403 1001.11806
514.37457 1003.28630
545.98753 996.00523
408.76887 993.24569
494.45441 991.29323
405.41636 989.67763
582.30774 986.31046
414.79576 986.49932
449.44883 976.48085
486.85987 981.95395
441.61162 970.07766
482.87556 966.06763
437.22543 955.33323
401.29616 950.78414
400.05782 958.81075
426.89067 951.14954
344.42626 950.40683
373.06046 944.72989
359.75019 936.19456
420.76470 924.07718
371.47609 926.78912
348.49473 928.70015
357.54794 921.40450
337.62012 914.14906
351.02350 906.95454
361.63639 910.72367
424.37377 910.27452
338.39280 915.06907
289.18699 910.96743
348.47029 901.92311
304.66588 910.81132
338.04349 896.04557
390.11327 891.16786
313.43576 881.95548
369.69286 882.76696
273.93291 871.42567
319.03889 862.24846
284.59588 881.42627
317.25465 875.46554
314.62418 874.80084
304.20756 860.31785
277.79766 861.53839
288.09011 857.10186
301.59056 850.92531
298.88101 848.89727
303.19621 840.71432
286.19446 859.78478
291.94817 837.34572
230.54914 848.43160
276.26070 829.74465
290.60494 828.52844
245.52292 823.18083
253.33242 832.23691
305.89944 829.22180
269.05886 825.41156
271.63689 817.07990
243.83478 805.74666
245.55239 824.87629
238.54690 817.44078
233.88349 805.32066
283.95516 810.42639
254.53868 807.00668
248.17660 795.39767
291.84541 778.57116
223.97627 784.13427
231.77157 789.86407
228.82800 777.58964
237.66387 770.83253
238.68917 769.57652
273.47081 766.62268
208.30706 759.60242
214.55966 765.89939
214.57012 771.90854
225.72121 767.92527
220.04518 758.41355
193.59132 756.47145
211.07992 753.04623
233.76769 752.81601
194.44789 751.99820
221.60206 749.09069
203.70733 740.26490
204.88662 743.76983
213.51473 737.47170
183.76851 735.86832
223.61563 731.08845
212.97359 727.91380
212.13378 727.54102
186.78722 728.06497
206.13989 716.00112
189.05234 738.67539
203.47216 722.53961
189.62327 706.19678
200.99180 699.75745
182.38854 695.45731
199.11348 704.77077
209.02021 692.26455
163.44892 710.24814
182.61590 709.39142
183.36465 705.98792
194.67488 704.96722
190.28753 695.50942
196.68721 684.32673
196.11228 687.52720
185.31185 691.81590
178.93651 684.34070
154.18366 684.47397
181.63700 700.94020
170.62751 689.23039
176.49275 661.22038
169.51297 658.40272
164.87602 671.90047
161.08109 655.56987
154.49663 655.31438
188.84618 649.91878
171.95900 666.44632
161.29724 673.21191
169.64745 656.53173
170.13236 664.63801
179.75864 657.32046
157.33165 638.95007
170.60470 642.59635
159.78731 620.98216
156.22444 625.01645
179.55354 650.41766
159.52600 631.02715
157.49991 641.65442
163.28585 631.98728
153.43720 628.02070
157.77969 633.13679
143.63949 625.80183
158.82484 634.25827
156.35483 635.27672
159.60369 614.60574
148.19542 617.44150
165.39012 631.36390
153.49594 613.50982
155.91342 627.73048
143.63995 616.47552
171.78980 624.42998
139.73217 599.31433
127.12161 616.45150
149.03612 623.53163
144.99572 621.36920
154.12881 606.71666
150.10949 607.10176
131.60237 603.47390
137.10480 603.87687
168.95974 592.20135
135.30186 594.10842
146.25041 597.70543
134.90272 579.81989
149.35709 578.76331
146.66553 583.00105
149.30369 575.21938
139.85086 591.24093
165.86332 594.30344
138.08275 572.71879
161.41188 569.44981
145.28838 564.04154
140.64835 576.19708
136.59743 573.24952
148.93532 568.49417
129.05692 561.58381
145.51694 563.70376
138.99068 565.32958
150.38189 562.01494
154.87278 557.76568
128.56212 569.59188
133.41986 530.45290
127.13663 546.63768
123.66766 556.74073
143.17675 541.19051
138.73867 539.31528
132.98350 551.49163
131.83386 545.75686
117.88161 545.25999
140.72334 554.98202
131.16303 549.33664
123.16718 551.01147
127.86724 538.94995
135.64583 541.69623
128.81848 531.08363
118.42961 516.85134
133.41099 514.14957
129.92453 520.22306
120.26092 533.92089
135.62011 524.09820
130.61772 497.16798
128.76703 516.41678
133.39197 508.51579
112.31938 525.26190
106.37801 511.28759
139.68163 507.08460
122.34936 505.75649
142.90103 498.38020
119.50665 490.50607
127.45156 508.02974
131.92123 496.48480
113.19871 499.44245
113.17372 489.12605
114.42016 490.04246
118.98755 498.42750
108.42588 502.04720
118.25572 498.02931
128.34707 479.75575
108.80601 508.01438
112.08367 492.23098
129.37804 454.77388
110.87709 465.51392
118.76506 461.45319
107.48884 451.68343
112.12794 457.83374
122.92042 463.41761
111.59392 451.21474
110.39949 455.41842
106.45910 466.46764
128.44389 428.01381
112.03155 461.08186
112.02371 461.74916
114.82707 447.37118
109.78436 461.41451
128.02750 427.92597
116.28280 443.52715
102.23435 432.55824
124.19398 438.06899
104.95595 436.93237
93.69631 432.31979
119.80223 441.65832
108.49828 437.28983
100.21798 436.11229
106.42989 440.53809
111.12083 423.63576
109.82695 447.10675
105.47102 436.94748
97.61297 430.14699
104.92394 434.95892
94.69137 417.69159
109.79641 415.15291
108.81312 426.47812
103.91545 405.13105
105.48464 417.30365
113.13404 417.11415
115.52374 413.77163
95.03930 422.60405
106.16092 417.24559
97.79807 386.85019
98.85891 388.66548
97.96792 390.76319
95.10640 388.52019
100.93196 382.76658
98.54141 374.74987
99.40771 397.68645
100.19832 397.71898
112.64905 385.03831
99.66536 390.37838
93.48105 389.49174
100.83015 372.04566
91.80754 383.37597
107.93234 359.59547
94.70799 354.59931
118.35385 362.51336
76.91914 342.67527
80.05299 356.46524
86.82767 366.94630
111.49677 364.49415
92.50964 362.30618
98.46146 358.18842
100.31136 332.08259
99.95955 351.26461
104.62379 330.52667
93.28494 333.29644
82.07399 349.34070
92.16391 337.16492
85.94736 356.03486
88.24965 332.76347
83.28579 329.38526
83.14015 331.63472
95.64205 322.71307
94.95870 352.56985
96.84455 345.58526
93.49511 344.23933
87.23448 336.84673
90.37878 329.82970
101.42795 320.08575
94.20650 309.25884
86.67657 322.63890
83.47046 313.42829
84.87469 319.78593
94.06367 297.92495
83.09985 284.81813
84.92906 305.79720
86.40841 317.23940
84.03378 304.40258
80.00984 302.38292
87.28731 322.22825
77.22060 293.94692
93.80996 294.55138
89.47994 293.77838
88.84616 276.51060
86.37192 285.88674
81.82176 296.60314
75.32439 276.35203
84.98679 276.03639
91.74753 277.45032
82.00570 266.26884
76.66178 264.69201
82.28697 255.61876
73.65102 270.91428
85.42204 242.36343
68.66424 274.66820
75.93874 271.53516
86.81638 256.22399
71.56158 240.68583
75.57058 258.66466
74.06625 250.77861
78.51156 233.25611
88.12330 246.37965
82.11268 245.08470
67.54589 225.06786
75.81315 240.31437
76.56682 236.45927
82.26201 236.95463
75.38095 224.00872
68.55955 235.43954
74.81088 234.58583
72.92660 224.68707
76.08307 231.54465
70.89860 234.66177
71.39762 219.91279
73.37325 240.35936
70.07858 227.21594
79.29535 230.40741
70.96915 235.26052
73.98285 222.13577
78.29352 222.34593
69.65217 210.73966
70.59927 213.43512
71.11849 217.03063
72.07321 231.53736
72.67537 215.10406
78.20591 221.70926
75.99157 203.14543
76.74145 230.70755
62.98463 212.77784
68.81756 209.11535
80.84356 217.16352
72.27814 229.79623
66.95296 213.98482
70.00934 209.29854
70.33774 211.93965
70.85106 203.94715
66.77444 202.24537
75.00647 206.23618
67.49018 210.39803
67.62154 222.65488
70.84496 189.17052
63.27902 179.91727
72.76745 182.79682
70.81716 202.10860
66.96576 189.29602
66.36685 205.71862
61.42593 197.34809
55.71067 185.66277
63.45418 181.69697
66.42179 173.35224
61.57434 161.88670
62.96160 177.18087
68.98569 177.38853
63.45982 188.09448
66.66217 187.08995
65.55989 169.54717
65.84607 186.88141
65.75128 172.19799
64.09836 160.80881
62.00975 157.28932
61.07530 172.13788
60.23337 155.54001
62.31121 158.26882
66.84956 158.10344
54.76595 178.12403
63.47107 154.27660
62.65089 154.02350
57.08392 151.66206
55.71868 149.01089
62.41593 162.07687
59.44874 147.27060
56.25895 154.23905
54.87097 155.26500
57.93836 149.77343
61.97420 155.20851
53.12217 138.88138
58.30310 138.55022
56.51853 135.08912
64.45880 141.26851
54.75109 131.64450
54.57924 137.78486
61.74151 142.37996
59.76376 131.68692
56.95316 139.76813
54.49534 131.21630
54.16783 133.44946
58.02634 133.81373
51.72807 126.69211
51.17781 138.72496
54.11123 143.23970
49.11674 112.66472
54.20516 126.36621
53.19460 112.91079
54.63069 119.59064
53.56614 121.77550
55.44664 115.15283
54.46741 117.07581
45.65146 112.24712
56.09187 111.41458
52.01576 120.86580
49.32782 112.51193
52.79108 106.44839
56.88813 113.33305
55.57345 114.82730
53.34407 107.48235
52.16838 117.20350
58.63648 116.61057
52.97249 108.54924
53.39271 91.66840
53.38354 109.60943
55.09283 100.71740
46.94570 98.60439
52.77305 103.69248
48.24439 90.98213
50.78331 112.67113
47.63901 100.02198
46.70220 97.62940
46.53963 93.58141
48.57551 103.57289
57.43294 98.92017
52.47632 97.93220
49.14518 94.85990
50.32638 103.15633
53.15594 99.32373
45.83780 95.30852
43.77006 106.28800
53.21248 96.62979
48.91916 88.73940
53.09589 95.98032
51.40918 91.20624
45.70836 88.11864
49.61291 90.58862
41.49888 85.32377
43.18566 91.28606
53.88554 84.74810
50.46674 81.88281
45.82456 87.62648
44.25638 87.47385
47.21450 99.23668
44.47180 85.29587
44.15355 89.78869
47.17625 78.13938
49.34151 78.84458
42.19934 77.83198
45.81996 76.43054
45.68268 72.84393
48.73042 70.19950
45.71019 77.65753
48.41328 77.18391
42.91252 81.28742
55.07462 72.75769
44.41591 74.74430
43.22340 72.30136
44.49253 66.94073
42.50884 71.02940
48.34995 74.32594
42.72073 71.48823
42.09558 78.55307
44.70124 67.87547
41.85265 74.69011
43.00880 68.36167
44.99401 69.97897
41.75901 63.98395
47.36091 68.52308
44.41977 65.66072
45.73894 71.15350
43.30233 65.92237
46.08745 69.66801
46.11922 67.43804
39.24993 65.64106
43.27436 64.75779
42.97348 59.62940
43.95466 70.84616
44.31739 61.79913
41.13302 60.89737
39.35244 60.79856
41.09926 62.09121
44.25021 59.70096
44.00707 58.49978
44.48440 59.33968
42.11763 67.26868
42.63529 63.59717
40.80585 60.70812
45.20339 66.97950
45.44117 60.51554
37.86497 64.72574
46.22268 61.09022
42.35371 61.75952
42.77255 60.78051
40.44263 61.85685
43.93613 57.71176
42.39892 60.49708
42.12773 54.57648
40.30588 49.56522
41.09278 56.54870
40.55729 57.28279
40.73666 55.05410
41.94612 58.20921
42.32724 58.09107
44.13371 55.51762
45.63355 58.34215
41.28350 49.71651
39.61890 56.14851
38.08865 51.37771
40.94505 64.95899
43.06860 59.02020
40.48161 58.89072
39.67402 53.06688
38.58082 58.18291
40.24926 53.50573
39.04207 62.36850
39.30023 56.21137
41.31103 60.18723
39.41433 56.63468
39.26803 54.70815
43.75243 56.75655
37.34053 58.99484
41.29026 49.85308
37.94935 50.37596
38.99246 54.81791
39.06981 54.04692
40.91735 52.72315
38.28343 49.66120
40.27646 46.85129
38.74790 48.01386
38.37153 50.12202
36.65138 47.74918
40.08288 51.69787
37.50943 52.27069
35.83259 45.24094
37.77932 41.78208
40.51365 43.59468
39.79277 49.39364
40.23386 55.74086
38.11994 47.34458
37.41264 46.72202
37.63206 46.24113
38.97737 47.70441
41.90987 51.57837
40.16646 49.19651
37.10438 47.32954
38.00944 50.09924
39.66868 48.51845
36.65904 46.23666
40.39468 49.13029
37.01232 49.08457
35.37161 49.45557
37.36658 48.50202
36.30653 45.62476
36.86569 46.86369
36.42933 52.70531
37.80109 48.78033
33.97990 45.56640
36.91169 46.59001
36.73341 46.66420
36.18152 47.76208
36.93774 45.37125
38.11931 47.26992
39.68919 45.15022
36.70083 39.19985
37.60989 43.85880
36.89469 42.55144
36.97420 44.82615
37.96652 45.08358
36.93675 49.13406
37.71845 41.60898
35.81618 49.00603
35.61065 41.21310
38.62455 49.03196
39.77260 48.52098
38.55848 40.95896
35.23747 42.90569
37.25078 47.61930
36.66068 44.07553
35.43973 40.13986
36.96139 45.60551
36.18709 40.31546
35.29282 46.66424
34.42668 40.74418
36.40644 38.22444
38.83299 43.45929
35.70196 38.39314
35.65711 40.86250
37.99328 41.92226
37.74356 42.74518
35.95420 45.14246
36.18123 41.33485
36.49255 42.23885
36.14094 41.77978
37.39591 43.50664
36.72148 44.20204
36.79869 42.22765
35.34948 45.20949
35.88773 41.42429
36.31543 40.06194
35.08836 43.45946
34.82150 41.48882
36.38859 44.20596
35.15916 44.69142
34.45399 42.50748
36.08254 40.69288
34.95877 39.32894
36.31217 43.45798
34.91480 42.96460
35.40410 48.49980
37.11478 40.89387
36.75312 44.09472
34.45400 41.32406
36.24753 40.94904
36.66075 42.06114
34.91781 42.39730
37.66307 42.13510
35.79027 41.26316
35.13994 41.84681
35.58933 42.88842
36.71590 37.05478
38.62267 42.54957
34.46016 46.52014
35.99945 40.85821
34.24837 44.28279
37.11285 44.61454
35.09388 45.11098
36.57383 40.43018
35.15117 39.95856
36.90055 41.87583
36.94126 40.00381
34.89079 45.18100
35.98918 38.58797
34.37553 40.51677
35.61740 39.34491
34.95765 37.79352
36.52566 39.15034
35.54889 35.44152
35.10135 37.70571
35.16327 38.46991
34.61461 40.01152
36.01321 36.62202
37.13725 38.68737
36.57736 35.27492
35.74290 39.67850
35.85790 39.34590
34.99728 34.46578
35.61550 37.01447
34.98163 38.74139
36.58660 36.01858
34.67516 38.58618
37.14816 38.84246
35.04907 36.48658
34.04235 38.23183
35.24757 37.52980
35.95712 36.65151
35.38399 42.52789
35.38338 37.92660
35.07532 35.96831
33.73086 38.22826
36.59200 40.11361
34.73308 37.05690
35.02341 40.68367
34.30460 39.16858
35.29731 39.52266
35.33688 38.65481
34.24705 36.92914
34.19339 36.35702
35.20875 34.39392
35.45769 35.54346
36.47157 35.39141
36.09218 35.29090
35.09550 38.61071
34.66795 36.25982
34.76696 36.49285
35.59637 35.24982
34.84199 38.79744
36.53477 36.64693
34.58021 34.47790
33.57993 34.89131
36.10964 34.00774
34.95663 35.82062
35.38122 36.48247
35.13960 35.63837
34.76372 36.62582
34.96370 35.81249
34.39805 36.98317
33.87669 37.37766
35.76727 37.28700
33.41446 36.95170
35.72387 36.01151
35.55143 35.44437
34.34573 32.94858
34.66731 37.51594
36.31500 38.80160
32.97294 40.41786
34.58583 34.23516
35.61175 37.39869
36.05625 34.72678
36.92745 35.81533
34.09491 38.10560
34.66797 33.55056
34.90101 35.72853
33.58866 34.03189
35.11715 35.42887
35.34900 36.03748
34.69526 33.60970
35.05637 35.69186
35.48466 35.94713
34.30733 32.90738
33.48470 34.58904
34.05832 34.81531
34.31459 35.70528
35.08301 35.37723
34.07187 35.68109
35.28814 35.24791
34.55917 32.42845
35.34831 33.31230
34.91577 34.92880
34.67488 33.74614
34.49592 36.02549
36.61194 32.60344
34.82709 34.81014
34.58832 34.89704
34.95837 33.76636
34.94032 35.49248
34.20345 35.42936
34.87118 37.10390
35.59864 37.18438
34.72872 35.99906
33.95104 38.77466
32.82203 33.23471
34.04406 38.19440
35.15162 34.44337
34.20390 35.43846
33.81552 31.76036
34.84052 34.17131
33.50874 34.07159
34.67465 34.88930
35.81062 35.00862
35.74565 37.60009
34.16409 32.55032
34.19626 34.71402
34.34533 33.52565
34.91462 33.72549
34.87329 33.13367
34.58585 32.44307
34.29378 34.16145
34.18664 34.09115
33.94857 33.82975
33.63816 32.63485
34.09970 34.79016
34.71167 33.71964
33.33516 33.27410
34.81099 33.46800
34.63900 34.91043
34.79706 32.48419
35.00422 33.75525
35.06330 36.36940
34.13476 35.70888
35.26469 33.85567
36.72750 33.45501
33.08596 34.51447
33.68844 32.40865
33.91033 34.82729
35.34121 34.16438
33.81989 32.85041
34.47778 38.11752
35.02716 33.20606
35.33276 34.37829
34.53896 32.88354
33.76416 37.01769
34.24667 32.16282
34.12400 33.85859
35.37577 33.60025
34.09483 32.23341
34.54758 33.71055
34.16686 32.64274
34.97578 32.55959
35.60543 34.41640
34.62541 33.85348
34.25841 33.02231
33.95328 35.84863
33.73866 32.10645
34.50218 33.27466
34.04883 34.02948
34.16729 33.78874
32.78072 34.22460
32.72892 33.47881
34.97655 32.94554
33.49126 34.33671
34.35640 32.45829
34.33989 33.08027
33.84569 33.84075
34.09653 33.60080
34.37185 32.49754
34.95894 35.01376
34.67228 34.63355
34.67842 33.84358
34.70817 33.66496
34.96359 32.67741
33.66132 34.05198
33.78508 34.81686
34.04102 33.54269
34.39852 32.58835
34.46138 34.10511
35.01255 32.82353
35.67851 32.58003
34.11331 34.90616
33.98748 32.11147
33.51402 31.16697
33.74861 32.57223
34.01034 31.22409
34.19244 33.51369
34.69441 32.48179
34.14280 32.70757
34.58132 32.29221
33.86705 32.66375
33.97857 32.09499
34.21800 32.79882
34.27880 32.49257
34.30428 32.44307
33.56186 32.30369
33.27666 32.13663
33.99164 32.40924
33.35103 32.24719
33.96542 31.42821
33.94102 31.56965
34.24566 33.62897
33.69022 32.30723
32.81980 32.39767
34.16476 34.46365
33.90791 31.60981
33.46406 34.44895
34.75188 33.67125
33.16083 31.97651
33.91084 33.77812
34.76563 32.44014
33.59509 31.76067
34.08238 31.59629
34.37803 32.76513
34.11116 31.24317
33.58231 31.37093
33.25875 32.78301
33.40493 30.87972
34.08904 31.69991
33.63555 32.39062
33.66557 31.65863
34.92122 33.63520
33.73450 32.86991
34.33413 32.52697
33.93619 33.85233
35.03150 32.96158
34.13384 31.62723
33.71013 33.11970
33.86078 32.75912
34.88406 35.17750
33.86675 32.98047
34.50063 33.90458
33.02021 32.79529
34.39237 33.80684
34.56598 34.42783
33.79203 31.29287
35.39228 34.11564
33.39073 33.31350
34.46507 32.36305
34.85051 33.36567
34.10431 31.72359
33.53530 31.72487
33.05092 32.46843
33.32619 32.68742
34.70349 33.55135
33.92434 32.51848
35.64964 32.67626
32.97195 32.07743
34.33161 31.29645
33.94169 31.52745
33.43102 34.64656
33.34114 31.95595
34.10655 33.50402
33.30226 32.69881
33.87617 31.69416
34.15370 31.76666
32.38240 31.84668
34.04469 33.87231
34.88940 31.85142
33.74482 31.53091
34.20968 31.27659
33.90941 31.51640
34.99265 33.23568
33.24664 31.85167
33.73443 31.47356
33.86982 32.28167
34.31773 31.67407
33.17003 31.63197
33.79510 31.75614
33.26789 31.90509
34.57385 31.77990
34.83642 34.51473
33.87837 31.84913
33.15306 31.96725
34.10846 31.36007
33.86503 31.72331
33.94476 33.23905
34.18881 32.82851
33.71948 32.14574
35.32662 32.48145
33.05798 32.86057
34.13864 33.32935
33.32688 31.20152
35.29809 32.40220
34.65858 31.60749
34.36760 33.04736
34.34092 31.78661
34.02925 32.24579
33.75125 32.35914
34.18670 32.65231
33.28053 31.14631
34.05831 33.14939
34.05597 33.44172
33.58276 31.85344
34.83482 32.53858
33.28120 32.27438
33.84405 31.08186
33.13669 32.07659
34.05565 31.77281
33.90012 32.48861
33.66256 33.55542
34.57148 31.33730
33.65439 33.34802
34.76442 32.43740
34.08037 31.42353
34.37140 31.65103
33.26247 32.84532
34.14164 32.36748
34.06716 32.92172
34.49858 31.36367
34.03457 30.97658
34.03512 31.77325
33.31606 33.70102
33.76731 32.46986
34.18779 31.44552
32.59372 31.95059
33.29781 32.09459
33.51542 31.37223
