959.79781 900.77748
769.42559 882.31826
586.53943 850.83981
387.28522 816.63170
301.93280 793.51247
250.24373 779.25276
250.01148 774.65815
228.62272 771.89503
227.14687 767.51759
221.67841 764.16426
208.01987 763.95211
209.39707 761.07474
217.40486 755.33240
217.11737 755.44514
195.44498 752.56000
201.52682 747.91453
195.16449 746.19232
184.86363 739.96134
211.64976 740.25459
186.84153 738.04426
191.05919 731.01353
181.88032 728.77998
193.65146 722.89195
176.54863 725.90798
169.82673 724.13920
171.51627 714.72022
160.80538 720.52969
162.38081 714.57364
161.00223 712.81992
167.24208 709.87137
156.62268 712.26116
146.21178 710.10064
151.53213 706.24068
152.09369 701.71108
146.94550 703.80564
155.96189 696.29312
154.29663 691.11063
142.95486 689.10736
146.12827 693.71749
135.73375 692.30142
143.19998 686.05009
137.09662 684.38916
133.09369 688.51500
133.17739 685.04111
136.85008 680.48150
125.80155 680.40290
141.19192 675.40349
121.08626 678.58371
123.65849 674.53104
111.82747 672.58278
123.00535 676.93219
122.45742 669.53886
119.51293 663.55490
120.13848 656.98831
127.93502 658.82443
107.26027 657.63853
110.02217 657.60232
111.22177 652.40558
104.68780 644.50898
103.07604 648.38136
107.89166 651.43839
114.83536 642.08234
96.60305 636.34854
104.73643 644.16111
106.79515 637.58432
106.06155 636.01253
115.22284 640.59515
102.91230 630.73083
100.27266 623.89810
96.69206 626.05588
94.42207 632.81477
95.35469 619.84027
90.60716 617.84474
92.03505 624.28241
96.47915 615.92814
88.03372 617.78955
95.52202 619.89594
98.07562 617.14300
87.37381 613.35378
90.02500 621.19405
90.99278 616.19557
96.48186 603.61046
90.07448 609.02654
88.47335 605.77698
82.81382 598.99410
92.57533 595.11225
91.62123 600.79232
94.74132 602.48599
86.73311 593.46108
82.90987 601.86245
89.25513 595.88500
91.37976 585.53723
89.31432 593.84091
80.87799 589.37394
88.90355 586.06954
86.20927 583.12780
76.59517 583.83618
78.94765 597.98376
85.99963 583.37538
81.28992 577.72650
82.59426 579.72569
86.36139 579.34157
87.69443 584.41739
82.34646 585.88038
78.43223 572.10512
79.57637 573.52634
78.17940 565.56664
82.11928 575.71329
82.14133 578.16123
84.91270 569.02030
80.46265 562.89198
76.30828 560.61665
76.14907 558.94036
74.04922 554.18923
76.42285 560.30350
79.78002 563.44168
78.05739 561.76383
78.68385 555.27610
80.02506 560.63429
76.24757 556.97403
78.19640 554.35282
77.46090 543.24819
83.34727 552.16707
73.23321 561.21704
73.47788 541.14564
79.45030 541.24443
71.93603 541.51448
76.00660 550.28575
73.85775 542.58222
74.39788 528.63526
76.19339 542.17453
76.16663 550.08248
74.59062 542.30113
71.42366 526.73158
75.26524 532.83557
67.18015 532.33331
77.68025 528.67782
74.94124 534.38445
75.16418 534.69140
71.90666 521.52562
73.04123 528.52942
74.44640 518.18175
70.63028 520.29798
73.63719 521.54452
70.25233 523.15790
72.96042 517.94406
69.81630 522.40114
71.60965 518.11023
71.73529 512.56109
67.60132 517.52958
73.64755 511.00860
64.90995 510.95983
69.69815 501.95408
70.60617 515.35102
67.57722 506.40142
68.61511 503.80978
72.44242 520.65761
67.54384 508.26870
68.78667 504.38061
66.69374 519.17950
70.76921 500.62836
67.65087 505.42484
70.25712 496.38278
64.45546 500.33094
69.33220 496.75025
66.87772 497.25391
62.80401 483.60515
70.15361 494.61978
67.45710 497.39993
68.10734 491.05680
69.61036 487.63881
69.50026 490.52277
70.57756 487.29203
69.00529 486.21999
63.70180 484.16994
65.84425 483.41607
65.69024 488.90559
68.37931 480.50836
63.11776 488.30505
67.05961 485.13043
71.48884 489.88609
66.51821 497.60249
66.08472 481.15351
66.47028 477.02613
70.72302 482.36152
67.61237 474.74545
66.02880 469.77933
67.73998 469.68903
69.20562 469.23609
65.72561 486.85247
65.39662 489.79984
64.47967 471.54680
64.04711 465.96644
65.65961 474.99711
67.51057 472.64338
68.76098 467.41944
66.46653 469.29337
63.55556 466.61267
65.60283 466.57961
64.13242 463.64219
66.19139 453.29457
64.45358 472.73796
63.31186 459.12347
63.71523 456.98089
62.90993 460.68603
67.72685 470.61253
60.39371 467.73525
64.72571 464.01226
68.48330 476.56233
66.76791 456.08810
66.53787 458.78360
63.62946 467.69686
63.27263 465.63709
64.86634 456.28259
69.10943 462.97685
63.61396 453.68467
64.23405 446.61293
65.69072 470.06515
62.07968 448.52593
62.49835 453.66612
66.01151 460.88626
68.38282 454.85828
66.55707 449.07987
64.66520 442.73004
65.10267 453.40283
60.39674 447.53082
61.48820 449.57396
62.67761 457.50604
65.48911 453.64084
67.40576 450.19611
62.30979 430.95066
65.24513 438.35651
61.90745 445.31908
65.84638 433.42988
63.95520 437.88001
57.80820 439.40095
65.22595 445.20808
66.10190 446.91684
62.08455 439.82208
61.63119 445.13227
64.52598 449.28898
62.30788 428.73790
63.54541 434.19100
59.60250 428.26395
62.21985 444.85898
63.35486 431.78649
63.73794 429.06082
66.70014 428.58188
63.29592 426.79479
65.43344 431.25785
64.89397 428.56735
61.91317 419.62201
63.03241 418.99542
61.16670 423.73107
59.25099 420.25024
58.96927 416.39065
62.62766 427.90016
62.34937 419.16795
61.97865 417.94995
61.18536 418.45601
63.82355 420.54338
60.67591 422.25425
63.04286 422.66359
61.73060 403.88942
59.11458 416.34753
59.47529 419.87439
65.27113 405.29700
60.12521 406.81333
58.85817 408.89875
61.19075 410.80964
62.28536 398.26730
62.71283 408.63800
61.62525 411.77240
59.81127 408.22704
62.30700 399.16023
61.39820 408.85577
58.64720 398.46729
56.53710 401.27112
59.86606 417.23166
61.48273 399.69893
60.55418 395.84658
61.04629 401.08666
61.47030 412.34812
63.32951 398.40095
63.86653 399.93168
56.01023 403.01037
56.72156 408.45829
62.86305 386.88019
58.90027 387.59728
60.96673 397.18366
61.82969 407.46785
60.92508 400.86816
56.81156 400.91450
59.54850 397.87023
61.55623 402.70721
57.70755 400.95851
58.14994 399.80292
57.81911 391.51901
61.08151 397.33309
60.81218 391.22149
60.74264 391.59480
61.09885 396.43806
56.89886 390.02967
59.00615 388.86990
58.34531 382.09291
57.26540 395.44692
58.02705 389.25162
57.54702 377.01015
59.39135 374.21708
61.26627 381.14242
61.25776 373.61844
59.63635 383.07783
57.20602 369.65070
60.58409 375.02822
60.35068 379.53903
56.13572 373.32256
55.26047 366.20937
58.12258 368.08965
59.16669 368.99802
56.76529 393.96675
57.78691 385.78936
55.49849 379.53292
56.59236 366.01459
58.73590 394.59960
54.70258 368.26585
54.78522 375.49577
59.04480 368.59785
61.62773 380.18100
59.24750 370.81697
60.15383 367.93869
57.01740 380.52470
57.59491 356.33970
56.45383 360.31358
58.76402 355.77129
58.03906 370.74321
61.38737 374.95284
59.41683 361.53090
61.38460 355.86147
57.81352 364.01309
57.99757 357.55452
56.05241 367.07993
57.63004 364.30266
57.01508 359.30495
57.35960 363.26051
57.26280 356.06273
55.45827 358.39179
56.25335 360.24762
55.62552 375.05134
56.74550 351.29977
55.79519 344.69063
61.66100 343.72184
59.00116 349.68482
57.67483 365.74653
58.46819 344.54411
58.67896 352.35485
55.84796 349.50106
57.86718 346.24312
55.24874 360.08975
61.51380 359.00947
55.50775 346.35389
60.55366 344.97180
55.10055 340.88120
58.55357 334.56098
58.69913 344.20903
59.86191 344.14034
59.02625 336.45103
57.66853 350.26134
55.33709 331.30960
56.87683 348.98476
56.50912 343.08970
54.12654 336.41599
54.70187 336.49713
54.04032 350.46777
57.02036 340.39806
56.90428 335.94632
57.73245 330.58938
54.73612 313.67710
53.31606 329.55273
54.86553 328.26069
52.05236 327.71638
58.02936 331.35351
52.68953 339.47990
56.63351 330.24895
54.63850 329.79678
56.26366 331.40371
55.99866 328.01208
56.39553 325.83655
57.86188 318.25126
54.14599 316.44621
55.77809 318.64689
54.29131 316.82045
55.51590 307.09006
56.09411 316.15936
58.50741 314.95682
52.93316 317.37807
54.63368 327.61494
56.18834 311.28708
55.83340 312.58143
52.28704 306.35706
53.24959 313.62674
55.06190 318.62891
55.74889 309.06348
55.42354 314.33050
54.71226 315.89962
55.20431 319.23846
54.05629 307.67499
55.02783 309.25080
55.54813 314.38755
56.46682 312.74217
53.05815 307.31798
54.80533 319.35542
54.99333 299.20862
56.90506 303.45034
57.01343 318.58029
53.39169 305.36318
52.14137 300.26963
54.24217 320.52337
54.43319 298.72678
54.02605 306.42395
56.17729 299.98191
56.95673 294.76194
53.04490 307.95132
56.46163 302.97339
55.71393 287.93017
54.02619 286.86211
54.87624 293.69727
55.73556 292.80031
53.23932 289.18394
53.63294 292.43643
55.08139 303.72033
54.72611 293.12999
54.92523 280.23201
54.15918 287.57585
54.60912 289.75504
52.93942 294.15646
54.30479 284.41574
51.64169 291.98075
53.56147 291.76483
54.03838 290.58501
52.04448 285.28782
53.31196 292.84224
52.30597 286.23538
53.01888 284.24969
57.82385 281.70277
53.50693 284.50157
53.27416 278.40359
54.47249 288.44805
53.30371 280.64903
53.40957 283.32373
53.83567 274.71148
51.13028 285.13816
51.52537 287.50603
53.07390 266.79327
55.05293 281.99041
55.93226 286.28871
54.96602 273.66469
51.99684 272.11378
51.55513 273.10290
55.07235 271.22278
51.72360 274.60246
53.18927 269.41624
52.16433 270.04709
52.58772 273.76470
54.06726 270.73849
51.89213 278.18024
53.88010 271.53332
51.56973 270.27140
51.49098 264.54424
53.74253 266.35827
51.71658 256.10200
51.17161 257.85968
52.92602 251.82609
53.87802 262.01503
50.55778 256.04794
52.03315 269.33998
54.45346 263.81313
51.32297 263.79948
53.16267 262.15119
50.64412 256.44159
50.80766 254.38258
52.86352 251.84938
54.01289 251.62270
51.10300 260.65089
51.48672 253.52853
49.70640 258.48653
53.47980 257.52800
52.48990 251.80405
50.85930 252.76283
49.82118 248.58424
51.97697 262.73837
54.25301 249.10253
52.63014 245.68960
51.02676 249.12247
49.99775 246.20344
53.03348 263.58441
53.63372 247.34186
51.58067 250.71113
53.96272 253.16146
50.74569 241.43629
53.14950 263.00680
52.42129 242.04404
51.03418 256.41490
52.46954 252.46464
49.95871 248.54436
52.41907 242.39477
52.06548 255.56531
51.79090 244.98268
51.65123 242.33727
50.64202 248.57209
50.76454 240.43399
51.73348 244.30165
50.79454 239.07437
51.85598 238.32174
52.10017 239.82648
53.30941 241.84363
49.54903 245.78783
51.18995 240.11925
50.10898 247.15884
49.78572 236.42902
51.32604 240.33888
48.72287 239.07236
51.79859 243.37720
50.75983 242.80435
49.94137 229.24532
51.13596 235.88876
50.13831 224.76242
52.18934 242.94945
50.33740 229.07762
51.22161 241.82829
50.96723 237.60660
48.08138 239.85298
52.62385 232.40237
51.21110 237.05601
51.41157 234.23259
50.40646 231.78353
50.32047 231.04721
51.17541 223.10023
50.16435 234.09914
50.23466 232.80036
50.57296 233.54199
51.32143 229.42958
50.60001 229.72070
50.83579 230.08212
52.02907 226.26736
51.39709 217.67029
49.56947 222.43234
49.94751 222.04854
51.17896 213.26139
52.18547 213.56363
49.55350 224.92633
50.63120 225.64660
50.07639 224.38788
50.77770 225.16879
50.29176 221.21902
50.47504 214.22365
48.19313 223.44659
49.52795 222.82070
49.37845 212.42334
50.80913 214.15104
49.16869 217.39775
50.63422 215.64714
52.74586 224.31770
49.72056 210.69898
50.39737 216.23547
49.48711 209.49055
52.46816 214.06778
52.96957 207.34368
50.44972 213.58813
50.76925 217.95577
50.80246 204.05161
48.45729 204.78590
49.08413 209.59550
48.69057 212.57854
48.54028 202.26206
51.13695 212.34064
51.06431 213.55279
50.89210 211.08924
50.56616 216.69296
49.36873 197.67784
49.71714 210.89362
49.74391 202.24999
50.53887 200.58237
50.43297 193.25785
49.72789 210.95899
49.05630 209.53308
48.91587 203.85053
50.63852 202.22172
49.15903 197.29156
49.81448 208.52784
49.03620 199.63102
50.15017 204.98763
51.67397 202.11639
49.96846 185.24766
48.26503 201.54125
52.26360 193.38863
49.41947 205.24387
48.47772 192.80962
47.59202 200.50884
51.72990 196.71317
49.15794 188.67822
50.32184 197.33521
49.87828 183.14227
50.11438 194.51125
49.07842 189.82939
49.77918 193.54999
48.53051 184.57901
48.52619 191.37316
48.82187 192.17689
49.13362 196.90232
50.07870 190.39943
49.65384 203.81310
49.94394 184.26294
48.59038 190.18174
50.05112 200.74031
50.21872 188.93343
47.64336 183.10366
49.75505 189.57864
48.40132 188.19647
49.82010 180.57562
49.04942 175.42072
48.96084 183.87355
47.94239 174.90389
48.43652 184.95098
48.52764 178.58734
48.60916 181.23287
48.19203 184.96239
48.96044 183.93212
48.85661 181.50393
49.14833 179.90278
50.37454 182.82820
48.68726 177.02798
48.11683 174.79333
48.28160 180.72799
49.92107 173.07765
48.12351 175.39626
49.11875 172.09180
48.79429 175.51387
48.38328 179.36534
48.47848 173.36962
48.32372 183.43565
47.39687 174.47495
47.72740 177.07945
50.21428 176.17143
50.35175 169.92918
49.50995 174.05325
48.35408 169.03366
47.46348 160.32739
48.50450 166.07826
47.97434 168.48387
49.36628 167.83704
46.20115 164.70957
48.90501 168.85328
48.93131 166.27052
49.23005 163.71439
48.53381 163.10439
47.20884 163.84276
47.75670 168.11230
49.43310 174.34296
47.19969 165.54439
48.46648 166.79970
46.40751 166.51643
48.53618 169.58535
47.94355 163.93036
48.15526 170.66965
47.88349 158.61907
47.44048 161.80544
47.49514 160.49351
47.11985 163.87245
48.56878 154.37111
45.99047 161.64960
48.33559 161.31581
48.65498 164.29233
48.72251 167.84765
46.56182 162.65748
47.04487 148.35338
47.87119 160.80455
46.73717 168.33041
47.18633 155.46603
48.51762 166.40640
48.32805 156.54285
48.09560 152.09568
46.59987 157.60497
48.59982 161.54671
48.67409 150.20995
47.34482 152.03531
48.01445 156.16027
48.69846 153.36407
48.88797 150.67498
46.28784 157.51401
49.41137 148.50979
49.11411 158.79241
50.26160 148.24255
48.28588 149.31478
48.20345 145.69450
47.63225 147.70582
48.71153 144.99658
47.14229 152.79480
47.58694 154.97388
46.05806 153.56632
48.04991 160.57756
48.83584 146.56271
49.10507 145.73171
47.85853 145.77875
46.11163 163.85170
46.72514 153.40291
47.03994 151.21778
47.74804 153.63651
48.52106 147.14481
47.14912 154.40702
47.48044 146.57076
49.03846 146.99039
47.74716 140.20998
46.83896 147.44405
48.05110 147.43628
45.71378 144.44114
47.23736 127.88817
47.58757 142.98100
47.19552 133.74895
47.02365 141.64852
46.94447 144.09356
46.50838 131.16142
48.52568 137.57427
48.08633 141.80900
46.94399 141.05491
45.59014 131.78031
46.86669 138.44455
47.17428 134.73432
48.12506 137.04048
45.12092 130.38418
49.58545 129.40081
46.36006 132.06087
47.91749 133.93767
46.76531 128.36041
46.46917 127.94887
47.78298 127.63028
46.90312 137.65880
49.01862 131.94530
46.13373 131.94150
46.97347 136.65533
47.27123 127.30156
47.23671 124.34326
47.95627 129.97732
47.66209 127.38774
45.85521 120.64726
46.83104 133.35968
47.07223 129.15280
47.02616 128.24916
47.81246 131.99698
47.65413 128.61494
46.99088 133.08584
47.44021 128.37301
45.21024 130.30018
46.36360 125.44810
46.42000 127.55956
46.99199 125.89787
47.36592 117.11918
47.49552 117.76692
46.42344 128.18061
45.90913 123.91986
47.19423 131.96353
47.35523 136.86536
46.88809 123.24926
45.92655 135.83242
45.86210 119.78636
47.42505 126.72483
47.05960 126.68631
46.22653 123.72791
46.64651 122.39594
45.53089 121.30053
47.96953 114.40364
47.41200 125.64923
47.34722 129.83864
46.09044 126.12330
46.64801 124.94978
46.87844 123.53379
46.92912 128.24509
46.99354 122.86386
47.58441 123.36894
46.18968 129.02997
45.77365 123.52691
46.16245 128.38605
45.91104 117.52469
45.04201 117.83862
46.56534 124.82397
46.01429 118.45093
46.78751 121.67300
44.18695 118.40874
46.65399 123.16166
44.96091 115.26205
47.19251 113.22046
45.00162 109.85305
47.48574 117.35546
46.89912 113.20572
46.40850 114.32997
45.51400 123.51928
46.44196 114.51014
46.82963 116.92506
48.25027 116.67231
47.48715 123.83417
45.80312 115.73704
45.24863 116.87090
46.51336 115.42273
46.70536 118.93327
45.75115 111.03350
45.85790 114.58226
45.72016 109.86618
45.90866 117.64998
45.39897 116.45331
46.53688 101.26936
48.40581 112.81329
44.30491 111.24766
46.58915 97.45549
45.45925 110.82141
46.62110 113.23104
46.86932 106.00279
46.65305 104.31725
44.66499 113.51328
47.13174 109.07312
45.36744 100.02047
46.08050 105.75839
43.89487 110.42366
46.74258 101.18752
46.09056 112.57263
47.80286 107.02793
46.57754 101.93735
45.05139 103.84364
44.52081 110.32030
44.98325 107.65582
46.59344 104.81415
46.20574 106.30105
44.59106 107.70360
45.80452 104.71536
45.96252 100.68959
44.08928 100.30004
46.11342 104.29013
45.36713 98.58471
44.52835 103.65597
45.74642 102.46620
45.37212 109.94114
43.94388 101.64364
45.40833 101.25146
44.91598 100.47112
45.61465 108.13152
44.35790 98.04462
45.64723 91.93932
45.85465 99.43698
45.19605 96.12178
44.73259 104.72978
46.35422 98.51552
45.70284 97.71188
45.62647 99.00447
45.43758 94.80479
46.30025 110.89627
45.77436 91.55493
44.82681 98.35679
45.73323 89.30547
45.44054 92.55564
44.84111 95.81130
46.14469 96.36757
44.61251 93.74441
46.80039 96.20633
44.67053 96.82823
45.01835 93.66668
44.38639 96.55950
44.41743 91.18339
44.83667 93.72433
45.68896 94.10015
46.75623 93.87184
45.96145 90.80659
45.31154 89.47067
45.24054 86.32208
43.78237 95.04238
44.86531 90.67105
45.13513 96.90120
44.25487 91.75994
44.02683 92.25128
44.15100 87.18229
45.17451 90.72355
45.12672 89.84292
43.66278 88.53684
45.87909 97.83074
45.25099 88.73981
46.07136 88.73326
44.58166 93.84718
44.52216 83.32593
45.32245 87.33377
44.49983 90.89369
44.74388 96.02259
45.40889 85.05825
44.17902 81.10872
45.25352 90.60982
44.15111 84.17958
45.30547 87.74042
45.20947 81.75476
43.35556 84.80585
44.14391 92.63203
44.71522 91.19295
45.05642 82.64858
45.25164 80.98159
45.34544 91.99717
44.02643 82.42997
45.11921 79.71367
43.96685 83.26949
44.59185 92.85398
45.67417 91.62881
45.04717 90.80194
44.67955 78.74280
46.08442 78.78337
43.37730 86.59274
44.48187 84.65261
45.73413 80.10077
44.84046 83.78791
45.09567 78.05906
44.50420 83.83902
44.17273 85.82319
43.19952 85.54754
45.18898 79.11377
45.41871 83.60832
45.21187 80.04368
44.53847 80.41341
45.27574 72.15623
44.07017 84.77205
46.01686 81.54752
46.28517 82.04754
44.11595 88.58060
44.85205 81.08521
44.36371 85.13868
44.43175 77.68361
43.49998 78.74353
43.22026 83.69564
44.55904 76.50825
43.87210 80.18640
43.82474 80.75219
44.36167 83.94974
44.16587 71.63555
44.12750 77.20977
43.66337 78.55407
43.98735 78.84995
44.58898 82.73132
45.44061 78.65182
45.08368 79.78056
44.19475 77.82385
42.95082 77.92275
45.27011 79.82919
44.08003 76.95659
44.46156 81.09974
44.93156 80.92583
43.52681 76.61323
43.48112 79.86307
43.61312 74.09173
45.59108 75.88709
44.29700 75.19094
45.39581 77.13892
43.35353 76.18642
44.94046 70.34501
43.93867 73.08803
45.05843 73.58763
42.24183 75.05503
44.10060 75.72601
44.56972 72.39506
43.92778 75.86974
44.31970 75.65396
44.02241 74.92994
43.80770 75.81832
43.97829 75.93609
43.80267 72.31273
44.77182 72.30868
43.58372 72.35411
43.56007 72.00980
43.89682 76.81092
43.76438 79.78211
43.72876 69.17595
44.46706 78.07738
44.46860 75.42359
44.95123 70.00524
43.03489 75.38477
44.11822 79.82886
43.82891 72.32324
44.51667 76.91770
44.77907 71.69784
43.75730 72.67215
43.53527 77.79751
44.26486 75.48637
44.04332 71.37864
44.64268 75.98087
44.82542 73.41247
44.03592 70.50654
44.53683 67.96216
45.04749 68.31639
44.62136 73.24824
44.04342 68.01782
43.73417 75.31091
43.91814 71.73189
43.84739 72.45243
45.50042 73.90182
43.41334 72.63870
43.65456 67.73090
42.85458 70.17343
44.84895 71.76127
44.39183 73.55618
43.74001 72.95038
45.25731 68.67114
44.85985 67.57615
43.01095 66.43167
43.37843 71.26760
43.11041 66.63880
43.92412 67.31287
43.86991 72.13454
44.13768 65.70534
43.42112 70.94148
43.32365 64.82254
44.60176 71.82162
42.26813 71.70174
44.67042 67.46123
44.10945 67.30750
42.79309 68.39805
43.48596 67.23875
45.00556 68.66833
44.50818 72.31707
44.46267 70.60436
42.95632 69.10870
44.11957 68.30947
44.72029 69.98786
43.32860 65.70257
43.73133 68.40205
43.49966 58.43120
43.65826 66.39925
43.88251 70.81515
43.32578 73.20333
43.84370 67.66199
43.73132 67.74049
44.68904 67.07932
43.84631 64.29507
44.42901 66.98504
44.03123 69.06833
43.24485 61.48419
44.78959 67.86229
44.16168 68.35948
42.87676 66.33147
43.88410 68.22910
44.43068 64.42565
43.37635 63.51422
43.92561 64.38210
42.68246 66.62104
44.50824 71.65058
45.05281 65.91563
42.78142 63.13062
43.59442 70.58879
43.89230 65.31035
44.61668 68.76010
44.25801 64.23536
43.53323 65.51409
44.54788 60.87844
43.64194 61.72215
43.76966 65.60948
43.45993 67.26582
43.20938 61.92070
44.56624 65.81286
42.76487 61.94694
43.79160 60.28533
44.31970 66.97117
43.30021 63.16496
43.42524 62.19018
44.31631 64.91951
43.27750 60.56273
44.69352 63.86789
43.59768 66.66580
43.07516 61.48968
43.78404 65.01613
44.30664 60.29845
44.22669 64.86627
44.85872 59.92597
43.36002 64.22477
43.28042 60.23666
43.96952 69.00064
43.39844 62.42067
41.57292 71.28354
43.39699 64.99463
43.50017 58.14989
43.70186 61.94866
43.89019 65.10091
43.71096 64.85528
43.42253 66.24320
42.68478 64.19188
43.55443 57.83165
43.32606 62.98064
43.56008 63.19499
45.01841 62.19938
44.52725 62.98134
43.01138 59.75987
43.79220 66.80751
43.89751 60.86774
43.84368 60.18225
42.97852 59.68914
43.76993 60.96203
44.64807 62.12952
42.72623 60.90295
42.15923 64.58901
43.30236 59.92733
43.68919 63.53775
43.32811 60.84530
43.38978 57.37825
43.98846 61.55193
43.53434 67.79978
43.78628 57.46293
43.53592 62.65925
42.12995 61.25559
43.08713 57.84743
43.51123 53.46391
44.52357 56.53746
43.08482 58.79594
43.60159 54.69443
42.97456 59.15269
42.97714 58.12478
43.04698 57.98682
42.71716 56.41467
42.38723 61.19380
44.56444 60.49206
42.51715 59.82314
42.39230 59.57671
44.65029 59.29806
42.53400 60.66822
43.46394 56.01789
43.59109 59.50331
42.71109 60.43440
43.69023 57.29454
43.97766 53.45237
43.21975 60.53597
42.77538 57.45323
43.03210 61.88595
43.42247 54.51073
42.96819 53.64165
42.38619 55.91731
42.33787 58.32851
42.70786 61.69236
43.96149 57.86680
43.59633 54.89354
43.12738 53.00733
44.06429 54.14387
42.96079 57.38035
43.48317 57.81437
43.33324 58.57450
42.48823 58.34836
43.13114 59.45347
42.95100 56.51760
43.05385 57.61483
43.14384 57.26595
43.59681 59.88042
42.84977 53.94663
43.25453 56.63123
43.45812 58.40582
43.54383 50.26525
43.98209 57.54286
42.96604 52.89150
44.27084 62.42812
43.37473 55.01624
42.52482 56.93696
43.65651 54.71647
42.45849 59.79097
42.31367 55.39096
42.87822 54.86641
42.87424 53.91440
42.18337 56.11535
43.67220 52.06809
43.78220 58.63222
43.47103 53.34402
43.02571 57.25588
43.10660 56.37876
43.33777 57.96766
43.17732 51.62827
44.49421 53.64568
43.49365 55.48935
41.96230 55.31651
43.15353 53.95624
42.88841 53.99668
43.03503 56.97782
43.22055 53.42480
43.54724 55.83001
43.52167 57.24278
42.46835 58.80511
42.75996 62.26704
42.47365 55.59292
43.05056 55.07404
43.74090 53.24802
44.25496 53.80043
43.93506 55.27608
42.98425 50.35229
42.66534 57.74482
43.77156 52.00127
43.37014 57.03213
43.69394 59.59458
42.04798 52.67948
43.39399 54.53327
42.39278 53.36650
43.05872 53.95649
42.98324 52.31956
42.02293 57.05502
42.86271 55.94771
43.24821 53.90347
43.41684 48.32932
42.93246 51.17916
42.86582 50.89368
43.34803 56.58362
42.95373 52.84093
43.11958 50.59560
43.24082 55.05561
41.87667 56.45856
44.34872 56.31966
43.43842 57.74954
42.36887 49.62350
42.76012 52.22223
42.11330 53.20727
42.33616 56.69196
42.75766 53.06301
42.79552 52.27201
44.26789 51.40836
41.94405 55.30301
43.07029 51.25118
42.32694 55.17301
42.42563 58.89765
43.13200 53.06728
42.40390 52.27281
42.77719 50.85304
43.14424 52.67333
42.78514 52.39741
43.47012 52.85259
43.67267 49.81969
42.55310 52.15120
41.49565 54.73992
43.29879 50.39638
44.20241 54.63209
42.88189 52.37701
42.80805 52.72101
43.15962 52.00458
42.92788 52.43255
42.97612 51.98732
42.85017 52.31963
42.73123 50.78304
43.79667 53.22221
42.36060 49.78576
43.23217 52.06377
42.58083 54.87999
43.59274 49.87248
43.68635 52.14705
43.09028 50.13574
42.71012 52.88011
42.66540 52.61804
42.65091 55.37261
42.81965 53.06779
42.06114 56.95598
42.51701 51.28502
43.57218 49.09245
43.37472 52.14711
42.54952 51.42543
43.04129 58.49018
41.77745 49.49465
42.71850 53.46580
42.41549 48.77674
43.62502 54.50494
42.50356 50.92511
42.03183 49.82049
43.00738 48.87999
42.80862 49.62877
42.47899 47.37672
42.82471 55.00713
43.25319 50.13283
42.65374 61.04164
43.96623 52.56886
42.04732 57.76598
43.00617 54.54866
42.36940 48.05992
42.72299 51.27178
43.20160 51.62630
42.88155 52.11490
42.83310 48.05537
42.71566 48.84786
43.06803 51.67505
43.21528 52.69928
43.23352 51.81515
43.58247 50.45561
41.71565 50.15983
42.80753 48.23251
42.43290 49.68994
42.01832 53.47723
43.06064 48.52646
42.69612 48.02733
42.21540 52.81140
42.69194 49.86417
41.73112 49.93197
42.26366 47.29864
41.72396 49.09662
42.35738 49.92945
43.10050 50.30839
42.35978 54.31823
42.77971 49.75841
42.36107 53.43560
42.03448 51.56919
42.58089 50.33154
42.59510 50.94660
41.71827 48.32998
42.24703 50.67563
42.97427 46.43294
42.14683 46.20361
43.00986 49.54083
41.80882 48.82458
41.16323 49.11019
42.97572 48.23888
42.98568 51.34342
43.41137 50.50851
41.87682 49.20238
42.97604 51.20680
41.96035 51.89603
41.86431 47.76228
43.13181 52.18251
41.81940 50.90610
41.48128 51.93985
42.17346 45.27716
41.98810 49.33809
42.54500 46.62258
42.21635 50.12173
43.41195 44.44344
42.73724 46.67431
42.63509 44.94870
42.11848 53.10941
42.15796 50.45282
43.55014 51.80393
41.97730 51.58465
42.34905 48.59404
41.72271 51.47201
41.82165 52.06821
42.46180 49.41412
42.26668 48.03836
41.66008 45.30271
42.70295 46.27398
42.07542 52.52020
42.51148 46.92768
43.16083 48.39452
41.57991 48.46893
42.48587 46.61870
42.86162 46.85605
42.22336 52.14751
42.73991 46.17276
41.64926 43.75834
42.27966 47.09326
42.44295 48.25500
41.90236 47.79911
42.54426 46.19191
42.46166 46.55650
42.63123 48.11658
43.19756 46.83053
42.87398 50.54385
42.56807 48.30901
42.50146 47.58251
42.58862 49.37135
42.15903 45.89168
42.83439 49.39873
43.07430 48.11859
42.49500 49.32082
41.83234 48.09913
42.77959 45.78031
42.34701 48.94824
40.90915 47.16665
42.60652 46.72915
43.16842 48.09200
42.65831 50.16038
42.19732 47.09191
41.74320 46.41367
42.74111 48.60243
42.50414 50.51962
41.79706 46.96498
42.09945 47.51858
42.09158 45.39660
43.17822 45.11351
41.98877 48.52517
42.20975 51.02631
42.22631 48.28057
42.67771 47.54408
43.60653 47.22616
41.90227 48.27408
42.56376 43.40957
41.98790 49.42941
42.86688 48.18552
42.75654 49.95610
42.51129 43.98579
42.44679 45.48068
41.16204 50.09550
42.58915 48.91655
42.42987 45.72208
42.39681 49.30112
42.40750 45.33101
42.62889 48.36106
41.58025 43.25701
42.38463 48.77662
42.03248 44.82836
42.23890 48.25035
41.79583 47.35172
42.77997 48.29862
41.48970 47.73806
41.67696 49.81714
42.00484 49.76397
42.09838 45.35621
42.48506 44.23929
41.44330 46.28938
42.13601 45.79914
41.53508 44.16717
42.20322 47.83516
42.47966 47.73523
42.27284 46.41311
43.02312 44.39215
41.51223 46.43004
42.32936 47.32814
41.88686 45.40945
42.73495 48.29302
42.50410 45.95193
41.98394 44.39271
42.29331 45.07902
41.93596 47.26587
42.50825 46.82030
42.97974 43.06095
43.33236 44.62614
42.74919 46.26921
42.64535 47.97076
41.48586 45.78966
42.90864 46.08405
42.49092 43.19169
42.50409 44.53457
41.62023 47.17060
42.85450 47.18399
42.64735 47.85416
42.34340 46.52973
42.16566 47.17571
42.20879 44.73825
42.61849 45.15557
41.47690 50.25668
41.61660 44.73816
41.84242 43.53605
42.03755 43.40413
41.60775 43.06604
41.40570 46.12188
42.06323 46.85872
42.57169 43.59818
42.45919 44.61970
42.86219 45.66048
42.39545 47.61893
42.45411 44.11264
41.37070 45.25642
41.51075 46.04527
42.67487 44.62352
41.87055 45.41621
42.87863 46.28803
41.80459 46.03351
41.99317 48.42235
42.12331 44.06203
42.45190 47.41897
41.61605 43.10618
42.34981 45.86584
41.29630 47.56432
42.78301 44.90651
42.17313 47.72864
41.70612 45.67050
41.76005 47.80515
42.71265 46.31903
41.02171 44.45094
41.74875 48.60751
42.20542 45.58865
41.61910 43.85512
41.37450 44.95982
43.37129 44.16331
42.45585 43.04020
42.05581 44.22960
41.22053 45.78293
41.71839 44.59522
42.15173 45.09349
42.05031 44.71433
42.28198 42.93094
42.71774 45.44162
42.75254 47.82663
42.05663 46.15812
41.57047 44.83784
43.34184 45.10758
41.95294 46.05196
42.10247 43.37159
43.08152 46.34491
42.65922 42.49160
42.17084 46.25945
41.24055 49.41138
42.00019 45.33259
42.14807 45.87754
42.22574 46.37572
42.63176 44.89441
41.55008 43.03331
42.12856 43.73153
40.67594 44.23419
42.07154 43.97911
41.45529 48.01680
42.36677 47.45881
40.81153 45.36154
42.26583 43.17524
41.79049 43.72000
42.14410 44.01828
42.56049 44.35604
41.98126 45.16678
42.69502 41.99603
41.59857 43.47483
42.49985 42.38018
41.78043 46.35404
42.08249 45.79372
42.56982 45.42982
42.33546 42.46287
42.50062 43.08865
42.66592 41.97025
40.98751 45.92787
42.28905 44.22295
41.70812 43.03740
41.84811 44.08657
42.37508 48.57773
41.03585 43.80911
41.51862 46.20154
41.99620 44.37911
41.45046 43.70705
42.82563 42.68611
41.95563 44.19293
41.90527 44.33916
41.28997 43.84469
42.15451 44.12479
42.54708 47.50565
42.69056 43.61811
41.55412 45.31121
41.60393 44.34421
42.06822 47.74666
41.76115 42.96808
41.45851 46.52034
41.46128 43.28385
41.61688 44.75476
42.22744 43.30326
42.73621 43.40755
42.24426 46.46779
41.83568 42.59122
41.84387 45.21132
42.44897 43.89951
42.06404 46.85214
42.27538 44.33036
41.79319 46.93839
42.14556 42.63552
42.04054 41.75812
41.79329 42.18841
42.55834 41.80628
41.60582 41.61365
41.49642 46.51722
41.35280 45.41080
41.33476 44.63096
42.19855 42.38702
43.30774 42.70977
42.01658 41.48441
41.28062 44.14360
41.54183 44.93279
41.81545 41.41206
42.27229 43.95184
41.79103 42.67930
41.53674 43.35616
42.22779 45.58756
41.95726 41.11460
42.02914 42.88525
41.97445 41.62320
41.82355 42.76456
41.00738 42.51467
41.78432 43.30188
41.83027 42.79371
40.71051 42.30675
42.15337 43.81080
41.42399 43.82480
42.15144 44.62090
42.07633 43.95158
42.10485 42.83517
41.20905 42.84566
41.62014 40.88694
41.78371 44.55607
41.46607 44.10152
41.09424 43.27666
42.39449 41.06597
42.12701 46.53417
42.02300 44.07982
42.20312 42.00602
41.74522 45.76366
42.03133 42.86735
42.82311 40.53770
41.38621 43.09815
42.17213 43.06697
42.40163 43.92368
41.28610 43.27887
41.96758 43.05693
42.29456 42.19326
41.26870 42.65545
41.75216 40.84808
42.04746 43.14263
42.09909 41.86489
41.88885 42.58701
40.66466 40.39825
41.81725 43.17156
41.58012 42.37193
41.78544 41.34787
41.58397 41.71276
42.03615 44.32170
41.47372 40.67683
42.41012 46.68698
40.96366 45.79209
41.48764 41.77168
41.99642 45.02614
42.10513 43.91981
41.21432 44.26623
42.43299 41.04102
42.49257 42.93057
41.81690 42.50647
42.18990 40.65600
40.85333 43.26613
41.73536 42.16499
41.48514 44.99876
41.64548 44.23947
41.52500 43.83490
41.31591 43.80255
41.34821 42.89267
42.35827 42.72380
41.85610 45.08961
41.57340 43.97810
42.40381 44.04776
42.26563 41.81185
41.73242 44.93657
40.73454 44.36071
41.47957 42.52097
41.43683 45.88321
41.86013 42.59906
41.67940 44.15248
41.96992 43.63571
41.07199 43.22138
42.50287 43.87604
41.33689 43.34231
41.65023 42.80860
41.05975 40.01764
42.06417 41.39779
41.44690 42.70495
41.73219 42.04604
41.82029 42.21818
41.14969 42.04497
41.54794 43.05764
41.75144 42.42153
41.96008 42.98757
41.55257 39.75950
40.75101 46.44529
41.73306 42.44348
41.18980 41.97216
41.43573 42.71809
41.73296 41.26208
41.41884 40.65470
41.35465 43.20285
41.31879 40.78070
41.91109 42.85783
41.37248 41.43769
41.95508 39.93706
41.86656 42.37558
41.45739 40.39178
42.12515 43.46049
41.92465 41.28050
41.22112 40.75568
42.06213 43.27056
42.59732 40.26160
41.78945 41.60207
41.94640 44.70242
41.34868 41.23300
42.19660 39.86235
41.84979 42.73978
42.14950 40.93885
42.21179 41.25885
41.69494 43.18368
41.21153 44.58944
41.66195 43.25621
41.80366 41.45045
41.85026 40.70965
41.80985 42.07849
41.62092 41.80752
42.00667 42.31980
41.83677 40.58131
41.54955 43.07418
40.91251 42.25727
40.82591 41.39108
41.50472 42.97514
41.29505 41.92929
41.26133 42.05046
40.56544 42.02957
41.37281 40.55518
41.87011 41.51487
41.47534 41.81438
42.24619 42.34907
42.39934 41.03737
40.97836 42.23829
41.36431 40.07458
41.34366 42.70379
41.11584 42.87785
40.72999 42.49345
41.75062 41.63823
41.63116 43.75089
42.25839 42.07857
40.72649 42.38138
41.07491 41.10727
41.89130 40.32079
42.05789 43.77287
41.41629 43.69531
40.90272 44.07759
41.55974 43.69923
41.38971 41.83442
41.36249 44.76051
41.11151 42.50092
41.43551 42.08982
41.78028 41.33088
41.77213 41.25553
41.68223 42.47222
40.97364 41.67675
41.81912 42.61027
42.45210 42.22267
41.40243 42.75905
41.01588 41.43359
41.90401 41.86026
41.43126 44.07458
40.95942 42.86866
42.00882 43.39546
41.14557 43.63119
41.60725 41.83016
40.85500 42.68194
41.71179 40.37247
42.53399 39.78805
41.87521 41.73812
41.67636 41.05613
41.81522 43.33662
41.62348 42.19301
41.54439 46.23736
41.49082 42.29471
40.79507 43.54620
41.41954 42.06698
42.42432 41.45046
41.72735 41.60376
41.34213 43.06758
41.42486 42.34818
41.40169 42.47528
41.53498 39.72055
41.89278 44.16153
41.66625 43.04245
41.32642 41.14241
41.32998 40.57537
41.96231 41.49959
41.48195 41.74952
41.09576 42.90603
41.77553 44.05437
41.06224 41.99797
42.27687 43.00193
42.13854 43.20035
41.58822 42.27769
40.81497 42.25617
42.15543 41.52058
41.93755 42.04096
41.60723 42.12546
41.48073 40.45051
41.28772 41.38589
40.84142 41.94599
41.21031 40.07756
41.82727 41.58657
42.13557 41.31384
42.02720 42.73422
41.52639 40.03947
41.00106 40.33782
41.55372 41.09067
41.82788 42.75149
41.61439 40.98728
42.83404 40.88379
42.05677 42.59697
41.73865 41.90251
41.62519 42.83286
41.76543 41.57099
41.71122 41.06985
42.12011 42.75664
41.84206 42.75973
41.57093 44.02119
41.43220 41.06679
41.89079 42.08589
41.74931 41.81879
41.08895 40.65973
42.06855 40.67621
41.62810 42.06873
41.77597 40.88987
41.33212 40.52698
40.84350 42.95672
41.52458 42.59322
41.14221 39.73512
41.69835 41.58801
41.96539 43.17244
41.37534 41.28347
41.53526 41.69123
40.71619 43.13723
41.68042 42.94763
41.67484 41.18545
41.39236 40.96515
41.88634 42.43094
41.65269 42.82489
41.79084 40.26260
40.84668 41.59498
41.49688 41.40271
41.33315 41.92764
41.19530 40.73914
41.56934 45.10466
41.22665 40.68322
41.32023 42.04263
40.39453 40.78013
41.68900 41.66650
40.89841 39.75090
41.67651 42.67860
41.56374 41.47647
41.04515 42.54287
41.71591 41.61890
40.94834 40.10499
41.41063 43.02035
41.04932 42.23596
41.50825 40.37360
41.55371 41.17126
41.44500 43.26649
41.09557 43.14305
41.26811 42.19495
41.02519 41.12690
42.17276 41.33689
41.15108 41.98571
40.81535 40.66804
41.17132 40.48231
41.44655 39.95686
41.11634 41.48284
41.27300 41.80285
41.09214 39.78643
42.39248 41.03242
40.66513 42.23188
41.10799 42.61788
41.72266 40.51671
40.87961 43.17473
41.48293 42.50925
41.76334 41.26401
40.87072 40.17687
41.74799 40.54823
41.77092 41.36986
26.61184 28.29493
21.94551 27.53368
16.05473 26.48264
12.78201 25.95749
12.23118 25.78027
11.30911 25.58923
12.14990 25.60480
11.74000 25.49211
478.01566 45.92143
41.99883 41.59915
41.12858 42.03325
41.59780 41.38862
41.37637 41.93500
800.34117 140.86784
831.60061 41.39453
864.27103 888.13984
624.48431 849.86143
405.74759 795.89077
850.58518 901.22014
516.03050 874.60696
400.53426 863.93779
395.37199 851.34973
323.73997 846.72883
303.16489 845.06945
315.25204 841.68331
282.77540 831.91807
243.48691 832.90859
246.12703 826.31716
230.73206 817.82313
226.39159 813.38205
233.45164 809.86030
225.63181 808.82295
204.07649 805.38504
198.97782 804.14937
199.55467 798.15910
198.05184 794.32244
187.42896 791.36810
199.43468 786.30054
182.59759 777.14191
184.69268 777.34242
181.72490 771.87925
183.44826 764.71619
183.53635 760.49561
170.89983 760.86427
171.42655 760.68990
157.61686 749.87338
169.45280 738.18608
155.63978 754.20607
153.24880 745.96310
162.08822 736.86197
157.24979 741.74164
147.50428 737.55358
151.36905 732.24998
140.60274 729.70564
140.80387 719.64432
149.86907 722.04483
142.51794 708.89336
141.66094 709.61993
137.79668 705.32276
130.47050 685.41251
131.86567 690.57645
136.55146 687.27431
130.68028 697.94464
135.16573 681.36015
118.16213 678.75210
124.77193 669.20372
130.73383 664.37936
122.35571 650.02394
125.77554 658.34560
118.99965 662.91530
131.06132 647.57726
122.09135 641.61386
122.62259 643.04697
117.05424 631.28660
125.46212 628.94460
116.38059 637.77175
118.30320 625.43898
112.05041 615.39966
117.21196 607.13829
107.55754 604.44907
117.20614 592.54517
108.06386 583.24052
97.45930 550.01548
90.97327 551.20235
854.54918 883.71228
634.54137 850.81751
411.20921 798.97549
269.32844 759.13310
229.01068 736.57867
224.07433 728.35824
204.00603 725.47095
202.83482 721.83242
199.55544 720.76924
205.12394 724.38737
210.03976 727.81811
197.96830 721.49446
207.67150 721.65553
179.33811 721.33660
175.19727 717.48696
179.36468 717.59604
180.67420 712.56455
173.56280 707.78783
167.10977 701.87553
160.48851 705.63901
155.06408 703.25144
163.83209 701.08611
164.92592 697.02794
151.32471 695.82809
146.67836 693.50029
148.55142 691.67461
155.47359 689.38801
158.84005 690.50215
141.50311 689.69343
133.81940 689.11410
132.94641 680.76402
141.87438 685.78207
136.07501 683.69035
132.54945 680.84893
136.67030 674.10236
138.44452 676.68769
143.80618 673.73320
121.23734 669.54170
124.93622 668.30846
126.29344 665.11071
124.19883 666.26465
121.21898 661.51968
116.68247 655.88020
122.67956 649.12888
121.80827 646.12554
113.58114 649.51727
113.75270 647.18545
118.70942 636.39965
111.22186 639.50622
112.46456 648.42067
110.25346 634.51996
113.58566 634.43707
109.19736 633.00760
109.97321 630.30148
109.13274 636.35139
105.17627 624.72581
119.57741 623.78408
112.59811 627.62099
110.83847 623.04053
106.53742 620.60648
100.32238 617.19106
100.02382 619.78313
101.08947 609.59141
