905.71168 906.86541
903.05885 904.03926
900.15767 900.90491
896.65547 897.58330
893.82297 893.84305
888.91772 889.79858
884.81305 884.80135
879.57292 879.10048
872.41963 871.84692
867.85868 864.46067
861.20919 855.82059
853.05778 845.86027
905.65516 906.78551
902.91223 903.87630
899.90047 900.68343
896.48590 897.07330
892.35315 892.95045
888.12331 888.30583
883.85207 882.76143
876.92693 876.22835
869.70728 869.27507
858.58088 861.04336
855.65069 852.25865
845.41472 842.96386
841.29864 833.08329
827.34432 822.94839
829.38014 813.75196
816.80272 804.18263
807.61864 794.08876
803.64520 784.79161
796.78561 775.47681
787.92761 766.42934
780.65414 757.82683
788.65117 748.96120
774.06333 740.25005
765.46487 731.06438
765.59026 722.90512
756.78507 715.41130
757.55414 708.30019
753.32763 700.33347
749.11580 693.67071
743.81147 687.06416
742.72555 680.88590
744.84047 674.93647
744.18668 670.03685
738.09834 665.13565
721.01917 659.93981
728.09634 655.79422
759.11514 715.08964
755.62495 708.09269
754.23519 700.02355
746.08056 692.10183
740.96857 685.34432
742.11948 680.12865
707.76707 699.26621
682.57593 673.99407
657.50679 647.31050
628.54817 619.46425
597.23935 590.49923
569.35744 560.94200
538.25891 530.92893
509.07244 500.52372
478.82276 470.16416
905.17576 905.49614
900.12370 899.11425
891.93367 888.37933
876.46373 867.24948
848.33812 833.23914
811.81866 796.68243
776.73427 763.12144
745.04963 731.10925
713.04020 699.45360
679.03084 666.92536
645.21823 634.12815
614.77905 601.25660
580.39612 568.08880
546.94103 535.10185
512.20780 502.49732
484.07552 470.44446
447.51658 438.97693
419.38917 408.21069
903.75924 902.45743
895.31255 892.35411
883.55345 878.82686
868.18891 862.03732
849.50985 843.51985
905.22520 905.40236
899.72215 898.36928
891.31056 888.34333
879.68817 875.61749
904.31328 903.51191
896.32352 893.75889
884.46530 880.26919
