818.75033 726.76026
724.04212 627.15970
510.27855 543.02535
453.80079 464.43101
365.29501 393.61356
333.61566 358.28013
296.75932 319.14122
288.19221 292.22849
235.42174 265.21408
216.90618 244.84990
206.98989 222.84904
196.62253 201.61553
178.33728 185.07208
167.05635 167.86703
204.00453 155.57688
149.23887 134.61781
134.15858 116.19259
131.16410 97.96254
118.94868 82.68738
111.79998 71.74193
104.16326 63.63025
104.12177 58.57403
95.98776 53.93824
98.40236 49.50767
93.65214 46.78304
95.47819 44.52006
89.29590 42.55584
87.86533 41.75706
82.80345 41.15580
85.04608 40.96461
82.19260 41.43674
79.58645 41.50357
82.21951 41.61904
78.57478 42.03150
79.55790 42.94949
80.86314 42.80846
79.07481 43.28385
78.93613 42.10182
80.03107 43.21234
79.42856 43.61257
904.38935 903.70000
896.47130 893.81362
883.64471 879.27649
864.67763 861.10675
853.71466 842.81508
818.84746 827.25333
802.03085 812.65122
773.16405 797.81657
753.88188 783.78115
725.63130 769.93317
713.47953 756.51995
700.24854 744.83726
685.84507 734.22071
656.87882 725.19330
665.59240 717.23409
645.74920 709.84257
644.22559 702.35184
637.82985 695.26375
627.62469 688.38186
622.85862 681.32428
603.38292 673.71000
599.00204 665.50656
613.44151 657.82394
622.03608 650.33075
662.52203 641.89082
566.36087 634.61732
572.60367 628.07071
558.04381 620.24200
542.69797 612.23973
544.61572 604.20697
558.30970 594.75734
518.97589 586.08462
507.84685 577.57011
496.76315 568.12712
490.72005 559.06718
473.53667 549.26368
491.24844 539.26473
447.14138 528.84638
452.47428 520.59485
438.04883 514.33233
434.17090 506.32255
426.02115 497.80028
417.67974 489.87561
432.08090 480.85784
432.41358 471.14725
392.10342 461.61816
410.36049 451.72395
424.28188 441.99192
369.20699 431.82648
388.75157 421.96127
346.85878 414.05225
342.05780 406.62984
337.92381 399.53596
336.44575 392.66011
327.79247 385.33286
324.14975 377.70542
317.59652 369.58419
309.78854 361.17757
304.53271 352.12017
335.81112 343.49773
286.98230 334.70652
343.09485 326.09281
275.81040 317.32969
266.50283 308.30674
259.09380 299.30904
257.11100 292.43302
250.70554 285.54972
245.88994 280.97159
248.23989 275.58496
237.55648 269.75216
238.37309 263.79508
229.48643 257.97779
234.75869 252.15250
223.79812 246.08994
210.43018 239.94465
208.21232 236.08034
208.75572 231.92829
208.89227 227.60556
209.06928 222.94963
212.10778 218.46026
197.57349 215.11685
196.20980 212.51356
194.37333 209.82885
200.60642 206.86068
204.10144 203.76375
216.47511 200.26464
183.88550 196.80273
179.53822 192.91124
184.06685 189.02714
184.28614 185.11500
179.92732 181.15221
177.06920 176.61872
172.47562 172.42373
176.97240 167.85130
167.86638 163.99848
169.06219 159.60131
162.16945 155.66488
162.01213 151.02702
156.23962 146.56180
151.34022 142.65894
156.06868 138.41812
149.67035 134.38680
152.85983 131.07337
147.90584 127.54564
144.05009 124.01832
238.86599 121.04398
138.33653 117.28972
140.81800 114.21581
132.82513 110.47606
137.83676 107.90792
133.83722 105.07927
131.44251 102.74791
128.48493 99.91246
127.72190 97.35897
127.70334 94.94941
124.04720 93.07243
122.84642 90.94034
120.90814 88.68550
123.26746 86.52854
122.95765 84.91947
117.95594 82.59864
118.56328 80.56654
116.83213 78.84603
113.86404 77.70865
116.41498 75.43098
112.83972 74.48099
112.10418 73.00132
114.65000 71.60648
110.16512 70.20061
112.38119 68.79956
109.06126 67.52952
105.07565 66.14853
109.17757 64.69583
109.23528 63.63487
105.73201 62.68747
105.43616 61.27200
103.68483 59.91537
102.71363 58.64518
103.89432 57.60148
103.18722 56.29491
101.82136 55.17501
101.72101 54.05739
101.46992 52.99496
99.72075 52.15876
94.61094 51.33196
95.33188 50.28291
98.61066 49.38118
97.50310 48.61848
93.87517 48.09321
99.25258 47.46768
95.96993 46.90749
93.60184 46.23310
93.07752 45.62518
92.03442 45.26090
90.53372 44.90209
94.42206 44.47304
92.28165 43.99835
87.70405 43.68701
91.09671 43.43582
89.96206 43.26038
88.52558 43.02520
89.76394 42.73158
90.25008 42.52524
92.76714 42.41529
92.97015 42.17241
93.02115 41.97208
87.39283 41.86385
88.52783 41.78721
89.86778 41.64546
90.64344 41.64753
87.20714 41.58695
90.25790 41.47405
90.25741 41.40671
88.04236 41.37536
91.12914 41.33478
89.16160 41.26265
88.59507 41.22874
89.83939 41.22706
90.27455 41.22611
91.31983 41.22777
88.86431 41.21625
87.12578 41.18419
90.83535 41.17169
88.25483 41.11984
89.80231 41.10638
87.50931 41.14157
89.87747 41.14367
87.04080 41.19557
85.66989 41.27489
89.93781 41.26692
87.83135 41.31620
90.01230 41.26774
87.20852 41.41082
88.12138 41.37645
88.18903 41.39351
86.42976 41.51089
87.36688 41.47460
86.25702 41.52748
85.54516 41.46067
86.48081 41.65386
84.74291 41.63856
88.29373 41.65956
89.09233 41.67719
87.38319 41.69312
86.68911 41.81544
87.72003 41.75450
84.07430 41.76521
89.91574 41.74679
87.01704 41.89800
87.44505 41.89891
