50 8
18 1.5034071 -0.8920369 0.28562355 -0.035468288 1.0486046 0.379692 -1.1008244 -0.5398997
31 1.48783 -0.8259614 0.776566 -0.14814746 0.79642814 -0.20341864 -0.7145301 -0.19412796
40 1.6832328 -0.9748836 0.4834927 -0.26028752 0.9734706 0.27891165 -0.77068204 -0.06583936
8 1.3086917 -0.9393339 0.89906454 0.03670927 0.5482917 -0.051087074 -1.1143187 0.8021919
14 -1.2892412 2.2185507 -0.529738 0.73422813 -0.50466496 -0.19344881 0.96028155 0.21137117
34 -1.0734291 2.0996299 -0.22751728 0.3874953 -0.34208444 -0.9153091 1.1877753 0.0066724154
11 -0.9241907 2.4270597 -0.8739493 0.3804742 -0.6002445 -0.44116497 1.0921152 0.82298213
4 -1.3102626 1.702901 0.3636133 0.8285794 -0.5407372 -0.8114996 0.82482696 1.0638579
9 -1.3363937 2.1439636 -0.50174695 0.28550145 -0.5572603 0.40582347 0.9011486 1.2053331
5 -1.3020898 1.6842061 -0.15080665 0.6005611 -0.30889285 0.37049752 0.7305705 1.415323
36 -1.2656951 1.6690438 0.36710683 0.12150942 -0.5273551 -0.9648887 0.6595826 1.5829141
6 1.1450591 -0.44940513 0.76424176 0.07005312 0.30660915 -1.04424 -0.483266 0.85170317
2 -0.25052568 -0.5343688 0.42886662 0.5558726 1.535368 1.8527128 -0.49814445 -1.7864296
12 0.3686131 -0.3205725 -0.4426765 0.8461798 1.2171015 2.0050004 -0.8365446 -1.2291907
28 -0.5667188 -0.250175 1.5171884 -0.7522031 0.42708686 -0.7703502 -0.39137292 1.4102149
39 1.6446916 -0.85815406 0.6131249 -0.50944006 0.9636321 0.08787153 -0.7115393 -0.5270581
16 -0.5869457 1.7976269 -0.02565735 0.5176641 -0.4254305 -1.800138 0.8573536 0.2874996
27 -0.71282625 0.931714 0.86866033 0.057752024 -0.47762725 -1.0494862 0.101800814 1.7806002
3 0.30835277 -0.33968797 -0.28242406 -0.28156644 1.3859581 1.9444625 -0.9335921 -1.1905488
0 -0.4239364 -0.86131936 0.7044185 -0.36815912 2.101155 1.4754759 -0.43625367 -1.5916722
21 0.2071956 1.0282321 -1.3775269 0.46236077 0.3160102 3.2288556 -0.6507156 -1.2321503
38 -0.7635718 2.1091003 -0.26543805 0.6273082 -0.34633222 -1.8975183 1.2295034 -0.14056799
13 0.71458775 -1.0794513 0.18435112 1.0691596 1.1439997 1.0128345 -1.4087795 0.23778926
20 -0.7995935 0.7826633 0.9674918 0.49111405 -0.22445244 -1.2389594 0.36769763 1.4884223
26 1.0848932 -0.80667263 1.1012487 -0.010008086 0.6569274 -0.7346989 -0.5179699 0.61978835
1 1.1056668 -0.016579708 0.9911268 -1.2021035 0.28628543 -1.4215386 0.07263814 0.11324546
30 2.068005 -0.41760588 -0.50446415 -0.22812776 0.6910123 0.85481364 -1.1125698 -0.56704384
24 0.89260405 -0.86321455 1.0712115 -0.74429125 1.1919779 -0.27771136 -0.36454087 -0.6392621
41 -0.98278576 1.6783068 0.4704395 0.3510228 -0.6349803 -1.434949 0.5763904 0.8634686
7 -0.38523433 -1.1044474 1.0704684 0.56252956 1.2246656 1.2820762 -1.307212 0.35747796
23 1.9968961 -0.55017304 0.50651133 -0.45887867 0.61479366 -0.9730719 -0.367465 -0.33939296
33 0.36301053 1.7578629 -2.2336693 0.5759973 -0.21849017 3.1633332 -0.6635894 -0.6959272
35 0.40830517 1.6461772 -2.0950696 0.40556693 -0.1115185 3.2523034 -0.61523795 -0.8906894
37 0.8560635 0.8143584 -1.8904297 0.39998767 0.52589357 3.2586946 -0.9271143 -1.1112665
32 0.96987736 1.1752882 -1.905864 0.6229032 0.11182213 3.1732874 -0.72547257 -1.4798547
10 -1.0290276 0.21009608 1.1550851 0.77298534 -0.06646704 -0.33697096 -0.28124344 2.057199
19 1.1733967 -0.5297049 0.17504224 -0.1805422 1.0520004 0.22868249 -0.71524024 -0.9992536
43 -0.8343224 0.5187678 1.0310181 0.38659337 0.06829292 -0.7565713 0.46233585 1.4165508
25 -0.32339525 2.1897726 -1.1047097 0.38443074 -0.3782055 -1.3711302 0.71333194 -0.78689706
15 -1.3364362 -0.6777412 1.8280147 -0.4000479 1.7073692 0.9880872 -0.08593213 -1.5447553
29 -0.4596563 1.9926121 -0.06970595 0.05658297 -0.42496246 -1.9998331 1.0394747 -0.6331321
42 0.48917177 -0.40427148 1.4138306 -0.5775015 0.6789593 -0.9132623 0.22591944 0.10678773
49 -0.73038465 1.8474022 -0.026084404 0.11163186 -0.41866067 -1.205192 0.9856818 0.42648077
17 0.7311691 -0.044688117 1.0724458 -0.50408566 0.16215126 -1.1930889 -0.10106978 0.47697523
44 1.7655731 -0.5075563 0.45936328 -0.5628153 0.78704256 -0.7473473 -0.3546494 -0.8792686
22 1.2033007 1.482538 -2.3722653 0.7770172 -0.1480126 3.0125246 -0.6310959 -0.9748909
45 1.3254534 -0.41475663 0.9329406 -1.3853917 0.89569384 -1.1268778 0.11359905 -0.5771033
47 -0.68575513 2.1471777 -0.6629816 0.15515412 -0.39534068 -0.03943 1.0518341 -0.24310218
48 -0.41432172 1.0190164 0.07497899 0.42841113 0.05924184 -1.3626224 0.52930844 0.42091194
46 -0.9967286 1.8425314 -0.20257796 0.31508902 -0.57925165 -0.4237592 0.48604307 1.2755551
