50 8
1 -0.21750186 0.4449858 0.18283619 -0.018348351 -0.64582086 -0.16611688 -0.032230392 -1.1722537
17 -0.21789607 0.48937044 -0.0025006577 -0.009530461 -0.5694026 -0.52731174 -0.09517858 -1.2381003
23 0.3440815 0.7773232 0.7468455 0.09636347 0.2730554 0.085139416 -0.01186057 0.71801597
10 0.033252314 0.53707045 0.5451078 0.47275716 0.043350507 0.15258288 0.24493259 1.2535216
5 0.62743354 1.0492367 0.14301927 0.34902778 0.028651793 0.11387663 0.05564415 0.33231398
42 -0.73592764 0.15516536 -0.10318651 0.18613735 -0.7904707 -0.6241425 0.20927577 -1.2659839
36 -0.53794503 0.38207373 -0.10065064 0.16790932 -0.5828757 -0.4152614 0.117433 -1.5808617
34 -0.37382323 0.33462372 0.09168104 -0.025775392 -0.697379 -0.5399804 -0.029740995 -1.5652071
4 -0.361798 0.31788588 0.09657871 -0.041201696 -0.6516037 -0.6304317 0.08098259 -1.4715387
16 0.3082567 0.6906821 0.12847759 -0.021764684 -0.5616268 -0.22518876 0.016429052 -0.7517264
49 -0.5286509 0.3581162 0.075494654 -0.011773911 -0.80924267 -0.3535018 0.16046941 -1.6767157
46 -0.514653 0.22037914 -0.17953655 0.15144095 -0.9958191 -0.6802363 0.24880734 -1.356743
25 0.36327726 0.680697 0.7430594 0.20718567 0.08432738 0.073609486 -0.28075686 1.069626
20 -0.06509752 0.5758496 0.33498716 -0.07470801 -0.29713407 -0.20843004 -0.094594836 -1.0636365
38 -0.30979627 0.49233696 -0.19751948 0.02057627 -0.7016627 -0.6792985 0.18282987 -1.5246594
11 0.7950631 1.1348361 0.4647575 -0.20971031 -0.22399281 0.31593466 -0.25619644 -0.3714282
27 -0.63298476 0.27613175 -0.21009657 0.34696212 -0.79258585 -0.53253275 0.075879686 -1.271411
47 0.43250826 0.89532506 0.4502118 -0.061733905 -0.21326777 0.26857543 -0.1941109 -0.6043048
45 -0.53158426 0.3327263 -0.28888467 0.26222444 -0.7474366 -0.64983433 0.1807761 -1.2682927
6 -1.0973284 -0.16524278 -0.1521916 0.43855205 -1.0268146 -0.5521193 0.2342625 -0.865152
24 0.47298756 1.0320362 0.87951183 0.21449943 0.6971906 0.37552643 -0.08231988 1.0230647
41 -0.74142706 0.110563576 -0.2815054 0.2882928 -0.96990967 -0.7263343 0.36715066 -1.2658371
15 0.64614075 1.0259125 0.7832306 0.25582078 0.4287515 0.438772 0.020057566 1.0895807
43 -0.7946949 0.013925851 -0.12174892 0.15633683 -1.1278943 -0.73148906 0.31917468 -1.3178872
14 0.6400766 1.0869516 0.6294047 0.15130837 0.1846367 0.43081516 -0.2908907 0.5843334
19 0.46849325 0.99529886 0.76622814 0.2872332 0.49602163 0.34294084 -0.1030004 1.0585482
28 -0.5397136 0.14048256 -0.01755632 0.07405965 -1.1793014 -0.5530602 0.23623522 -1.5619968
40 -1.3204945 -0.34163657 -0.14499696 0.32968137 -1.0007957 -0.95185024 0.34005147 -0.9126667
7 -0.06433793 0.47825432 0.7501544 0.59973586 0.32144988 0.10880141 -0.0038248207 1.811981
37 0.37779456 0.7549779 1.119545 0.34437537 0.6751018 0.43783474 -0.03508448 1.4845995
33 0.5082733 1.0900002 0.8670398 0.23862657 0.80294263 0.09013371 -0.3553134 1.4567724
3 0.47905484 0.9901853 1.024168 0.24676675 0.68950784 0.40003496 -0.10682193 1.6685579
44 -0.93758917 -0.06981505 -0.36254543 0.421776 -1.1499635 -0.83090824 0.33610418 -1.276847
21 0.010426795 0.6706539 0.9080012 0.61261845 0.73359793 0.16845424 -0.15943626 1.7912152
30 0.039252345 0.5940956 0.82747453 0.4995041 0.55882394 0.073713824 0.036512423 1.6335831
9 -0.029718243 0.7063164 -0.06489436 -0.08901652 -0.5904544 -0.3661528 0.18001126 -1.3635991
8 -1.1192979 -0.40792412 0.12861226 0.45816088 -0.8135787 -0.7838714 0.33210492 -0.1379014
26 -1.4810749 -0.5305202 0.4994688 0.4416967 -0.40579864 -0.6030405 0.15388228 0.0513883
0 0.40922663 0.86165607 1.1753217 0.28607297 0.75014865 0.35583472 -0.21062665 1.7843293
39 -0.85007775 -0.022736585 -0.20448323 0.30638137 -1.0601649 -0.8366333 0.17769249 -1.062009
31 -0.99230003 -0.08730397 -0.31149828 0.5043353 -1.0637524 -0.7871683 0.31956646 -1.3159438
18 -0.3607603 0.31490046 0.81877655 0.66519666 0.344518 0.10488502 -0.05524491 1.8640386
22 0.3198319 0.8314531 1.0764334 0.43931493 0.85182667 0.26888758 -0.19890042 1.7750274
35 0.4834969 0.9978334 1.000231 0.34313905 0.7984836 0.15252508 -0.277641 1.6137437
48 -0.61411136 0.047723453 -0.24017109 0.21815144 -1.2225765 -0.928972 0.118988365 -1.3843395
29 -0.7571321 -0.016297432 0.224853 0.3578108 -0.6049072 -0.29652235 0.32648262 0.21514681
32 0.49093455 0.8544032 0.9890598 0.34941074 0.63927984 0.18853676 -0.14219666 1.6317676
2 0.29055965 0.7772058 0.8892563 0.5172298 0.68369293 0.17643774 -0.046323776 1.8604847
13 -0.7798661 -0.04922582 0.65324533 0.9837318 0.3535092 -0.17582081 0.4338458 2.305201
12 -0.2004294 0.23531096 0.6452734 0.6656935 0.22133341 -0.2578888 0.26580536 1.977703
