50 8
25 -0.20657939 0.38522336 0.12519766 -0.5379506 0.924316 -0.5981783 0.101294 1.0527283
15 -1.0286105 -0.48688462 -0.21381468 -0.2627359 0.01460144 -0.35572118 -0.5335554 0.103672
46 -0.33758092 0.27111882 -0.88395256 -0.37312347 0.67248005 0.1514668 0.77789366 -0.018675515
13 -0.2629111 -0.08078469 0.30911803 -0.26899257 0.3795778 0.09404882 1.2091013 -0.27156338
19 -0.09822827 0.005582384 0.39921346 -0.19663867 0.6142415 0.22932567 1.3331448 -0.09111112
45 -0.87201166 -0.9535804 -0.08153277 -0.08257191 0.1697018 -0.58791953 -1.0985297 -0.00900388
23 0.10725991 0.2560204 0.44297168 -0.5532486 0.97888553 0.019179946 0.75218666 0.41377434
24 0.06539865 0.16671509 0.13166146 -0.1797034 0.9950784 0.48276496 1.2801304 0.13420314
26 -0.95285785 -0.85384285 0.41969177 0.3387299 -0.21066563 0.36101106 0.5288958 -1.061786
27 -1.1652066 -0.7858412 -0.32442984 0.042589888 0.0056978236 -0.49214974 -0.9410196 -0.096873865
1 -0.5889291 -0.29447955 0.022659509 -0.6439674 0.39538965 -0.75400186 -0.66762614 0.594051
2 0.10045228 0.16503857 -0.009911177 -0.20091271 0.92549586 0.45275262 1.5570661 0.045080014
28 -1.3231649 -1.0635345 -0.41822705 0.237767 -0.14210753 -0.54010785 -1.0695075 -0.5055578
31 -0.48555425 -0.42788565 0.8457818 -0.07158336 0.26279727 -0.13598293 0.37346122 0.02384587
12 0.11155276 0.3801742 0.5152175 -0.3935509 0.8303551 -0.011327232 1.7180822 0.40391287
16 -0.5898029 -0.15555881 -0.11764729 -0.62912893 0.4962664 0.11382134 -0.40002126 0.14190942
14 -0.167927 0.35494003 -0.66497344 -0.6847546 1.0338175 -0.6193665 -0.097920805 0.6625689
48 -0.63747114 -0.19146764 0.35434738 0.025569305 0.49775538 -0.6925394 -0.36001793 0.29389003
42 -0.9316645 -0.97612363 0.31293526 0.63315356 0.09360342 -0.21784607 -0.3066995 -0.4845738
41 -0.8490964 -0.6193052 -0.27182174 -0.19339734 0.37718618 -0.70004547 -1.1605195 0.32516736
4 -0.87868464 -0.71009463 -0.6740986 -0.26847583 0.47008887 -0.20395517 -1.3479047 -0.08157534
0 0.1315656 0.17120762 0.2627994 -0.21839225 1.0016402 0.6061061 1.4689857 -0.11500605
43 -1.0255125 -0.89058167 -0.2855118 -0.16134727 0.07987045 -0.59593225 -1.0963243 -0.23440248
40 0.027500317 0.3602756 0.61555177 -0.7686492 0.64587617 -0.07764034 1.3945546 0.33176172
17 -1.19246 -0.48366514 0.30466682 0.118964165 -0.24638693 0.44261292 0.45381904 -0.6764568
39 -0.5764688 -0.50168324 0.60209227 -0.1390253 0.41375196 -0.81252885 -0.6887973 0.27759576
30 -0.12093191 -0.103959374 0.36268532 0.31024295 0.7232999 0.7549473 1.8158941 -0.4028539
18 0.1605172 0.1452604 0.3081156 -0.53483015 0.7248711 0.3399593 1.8597552 -0.024452161
38 -1.0398906 -0.8750747 -0.39740628 -0.037019555 0.103967756 -0.6061242 -1.0877556 -0.16364895
36 -0.9709193 -0.48804873 -0.35355687 -0.49292785 0.24092369 -0.9262251 -1.2898155 0.3671209
22 0.19229487 0.28310573 0.037170857 -0.38927642 1.070388 0.518944 1.4412684 -0.21435434
34 -0.49896342 -0.43237093 0.13293123 -0.32610565 0.6893405 -0.68065417 -1.0787998 0.5523471
3 0.32322955 0.40910566 0.24899675 -0.40073743 1.3642875 0.27571845 0.9311792 0.08600322
44 -0.93121505 -0.72698706 0.86867774 -0.041415468 -0.025386224 -0.860669 -0.6575534 0.23317818
5 -0.83610374 -0.81546587 -0.755217 0.44663054 0.59353334 -0.07558835 -1.0305432 -0.38333422
7 -0.08359524 -0.17120363 0.26845947 -0.049244624 0.5454484 0.62844473 1.8213124 -0.66291386
20 -1.0657368 -0.8606396 -0.4140003 0.2669021 0.1753591 -0.39665115 -0.97328556 -0.4382328
29 -0.46785036 -0.07554626 0.8092047 -0.43175364 0.22519906 0.21987805 1.000345 0.017920697
33 0.19383076 0.08501587 -0.31019017 -0.35696363 1.0366426 0.55805445 1.2753721 -0.25832084
49 -1.0685532 -0.6175124 -0.2146046 -0.39709935 0.17223072 -0.8993026 -1.3463137 0.48702958
47 -0.9042193 -0.6647327 -0.5825904 -0.44379964 0.38214037 -0.7734061 -1.5302107 0.26630348
32 0.586515 0.4076311 0.2533993 -0.64712286 1.4254299 0.3765643 1.3483082 0.26801312
21 0.48163038 0.537964 -0.18005058 -0.5923094 1.3274221 0.39277795 1.6947186 0.08633383
8 -0.5024373 -0.59607595 0.7475732 0.3573035 0.07801726 0.48073417 1.43116 -0.53037614
10 -0.88192344 -0.9465251 -0.38764215 0.47768965 -0.11051925 0.1425717 0.40814513 -0.87496984
35 0.44338712 0.43528476 -0.09962214 -0.3778665 1.3566867 0.51359266 1.6859719 -0.111127734
9 -0.5688922 -0.40328482 -1.0039291 -0.22745183 0.91260785 -0.36790207 -1.3620423 0.116659835
6 -1.3340296 -1.2594903 0.11301453 0.65433156 -0.43581393 -0.12232619 -0.18828805 -0.8765072
37 0.17279357 0.3862287 -0.022486404 -0.2540324 0.9898056 0.42208037 1.9029567 -0.3205299
11 -0.7406126 -0.33251947 -0.9608353 -0.3000662 0.83607715 -0.7165473 -1.5534842 0.31543082
