50 8
28 -0.5012318 0.6119653 0.5125367 -0.22618036 -0.54269695 -0.51503235 -0.119545095 -1.4388497
6 -0.56215984 0.26709586 0.32730663 0.45392647 -0.2215874 -0.75367415 -0.01737855 -1.0980527
49 -0.51494133 0.5684629 0.7444803 -0.5073292 -0.25385717 -0.16703784 0.15861621 -1.0129483
4 -0.42147517 0.94403195 0.50463516 -0.4955023 -0.45767546 -0.29837608 -0.14851405 -1.0301032
43 -0.42809096 0.6060476 0.46303424 0.09432585 -0.18335128 -0.5768122 -0.21584137 -1.0898325
16 -0.42699698 0.056176618 0.76957864 -0.7133745 -0.9275053 -0.1341671 0.5974809 -0.18283696
1 -0.54043186 0.4705052 0.36108768 0.018799176 -0.35088754 -0.63480455 0.5610397 -1.440193
20 -0.33786017 0.6358611 0.53694236 -0.27122757 -0.57064414 -0.27323502 -0.16766831 -0.68971574
23 -0.7011528 -0.03062304 0.2644238 0.05482073 -0.6768311 -0.5985597 0.89675266 -0.78857166
36 -0.42317787 0.9591726 0.36374658 -0.2659442 -0.39903274 -0.37469396 0.24647649 -1.4493941
41 -0.24901861 1.2036196 0.5551004 -0.29834238 -0.14889738 -0.23143846 -0.40858427 -1.1973039
17 -0.6556823 -0.23750804 0.36811373 0.18790875 -0.7599704 -0.4721329 0.77708 -0.37788627
21 0.1017282 0.46757215 0.7644902 0.80464983 0.6268765 0.1391167 -0.5597128 1.7043862
14 0.09075022 0.9758678 0.5817072 -0.12533563 -0.03536654 0.20411569 -0.24144271 0.9828474
15 -0.70453376 -0.9531133 0.73207814 0.52372235 -0.5333593 0.013070431 1.1340958 0.57998544
47 -0.48199216 0.38408503 0.5459584 0.07666828 -0.08256327 -0.37305433 0.33759078 -1.0996777
31 -0.63786393 0.45009333 0.3117042 0.25292543 -0.13587736 -0.8702268 -0.070196286 -1.4364806
0 -0.26386848 -0.5401005 0.9536894 0.54180604 -0.0507698 0.26827088 0.7462946 1.5116291
18 -0.13003121 0.0489322 0.459286 1.0108755 0.074127115 -0.07219498 0.019779725 1.2518108
34 -0.03468621 1.5085226 0.41023415 0.06375715 0.65223813 -0.35055733 -0.40825957 -0.7564136
5 -0.06482772 0.43511567 0.7353698 -0.3113794 -0.6376932 0.37107322 0.12839955 0.898131
29 0.010720384 0.8094793 0.37039822 -0.062382553 -0.68859893 -0.16302247 -0.25089243 0.32237905
26 -0.490173 0.21405654 0.3987978 0.4207991 -0.21366934 -0.72049975 0.08960207 -1.1808674
3 -0.004435915 -0.34878218 0.86821043 0.64367527 0.048598755 0.14652106 0.5832376 1.7550753
9 -0.019134099 1.3237987 0.4978136 -0.62057513 -0.4463069 0.13056864 -0.33283097 0.053964466
39 -0.663603 0.6094438 0.41055402 -0.06808091 -0.24904479 -0.7143743 -0.11437809 -1.5027976
46 -0.23516914 -0.21911135 0.7486398 0.1745897 -0.4808183 0.3292648 0.80436265 1.2228714
19 -0.5476762 -0.97050244 0.86644477 0.6557469 -0.52178115 0.29002157 0.76503557 1.1967574
37 0.17415637 0.21613158 0.8332197 0.30492646 -0.13528052 0.3191512 -0.038503032 2.007028
42 -0.93578076 -0.6568464 0.5072331 0.14053242 -0.5950061 -0.58377564 1.0391332 -0.66010714
11 -0.080146395 0.54618526 0.7136688 -0.65008104 -0.9626074 0.57261837 0.33899704 0.9923801
38 -0.021054918 1.4184476 0.09533052 0.23066626 0.1387022 -0.7772422 -0.42702582 -0.87875825
25 0.38725957 1.2860192 0.8048661 -0.44814646 -0.12223352 0.1710176 -0.9726303 0.95761085
33 0.19150242 0.22653383 0.7391382 0.45557573 0.10928471 0.25695452 0.2239309 2.0843499
44 -0.21864903 1.2616603 0.15806703 0.26635575 0.08795936 -0.75266546 -0.5474952 -1.0536717
10 -0.35439447 -0.3208806 0.11385092 1.1265932 -0.31205177 -0.46695313 0.85223323 0.6684521
27 -0.5759443 0.96868217 0.22542724 0.20328128 0.02388747 -0.8063237 -0.30346024 -1.5354649
40 -0.25366017 1.1771556 0.022494968 0.6927614 0.7309925 -0.89350945 -0.39083546 -0.79193544
45 -0.42965156 0.29827806 0.78304577 -0.41778514 -0.7579219 -0.009042681 0.10710084 -0.71167415
2 -0.49747375 -0.776445 0.8969813 0.50281733 -0.24721262 0.36165693 1.0680883 1.3288068
8 -0.015569002 0.907919 0.0133719165 0.96648633 0.28545585 -0.8206209 -0.38170972 -0.32919985
24 -0.9648056 -1.0693599 0.61173743 0.37065926 -0.6710729 -0.25643668 1.2849487 0.13753141
7 -0.112203605 -0.40854234 0.34928852 1.245019 -0.3913083 -0.17515193 0.4139364 1.7713441
13 0.13825145 0.35290933 0.43398675 1.170825 0.45419177 -0.09899217 -0.2839253 1.9214118
48 -0.30094147 1.187255 0.054451913 0.5852816 0.2791178 -1.0424174 -0.4620675 -1.5811286
12 -0.23729436 -0.65726054 0.62967694 1.2621577 0.3815912 -0.22666608 0.7286218 1.487633
35 0.3233649 0.5046513 0.6855575 0.8674781 0.450242 0.16534112 -0.37545094 2.1959217
30 0.13085449 0.124327086 0.40193555 1.3256003 0.32655483 0.08150962 0.42127293 1.9059267
32 0.27540693 1.1102333 0.32614726 1.2212397 1.0781256 0.0902764 -0.49492332 1.465346
22 0.25661737 0.21176034 0.8212737 0.6982648 0.049474373 0.36846572 -0.022079555 2.2048562
