50 8
1 -0.19351403 -0.031368613 0.87057 -0.25765193 0.24508865 0.68500984 0.57323706 -0.38350275
4 -0.16698268 -0.055407666 0.6480228 -0.21055253 0.5002481 1.0887814 0.48816153 -0.4296895
36 -0.6071199 -0.09395658 0.554111 -0.29552275 0.6427072 1.0614731 0.8685381 -0.079684354
41 -0.3154328 -0.27068883 0.64479816 -0.20986384 0.70553935 1.3303306 0.67883337 -0.2965891
49 -0.53581136 0.1540706 1.1178579 -0.6618198 0.24001564 0.45623523 0.5553723 -0.564818
10 0.3995804 0.57698834 0.0697125 1.0375755 0.012141134 -0.39687112 -0.5882599 0.6152698
34 -0.09812824 -0.589314 0.8816414 -0.16141112 0.7395346 1.2576934 0.309919 -0.2434871
42 -0.55608517 0.16359152 0.803117 -0.62201947 0.5311135 0.5520328 0.8903408 -0.19024079
46 0.007959551 0.88384074 0.8177207 -0.18767828 -0.26836511 -0.46975514 -0.09081072 -0.3564265
6 -0.7502037 -0.06461207 0.8285019 -0.4845936 0.502607 0.83404946 0.91727847 -0.13100757
40 -0.65747046 0.6621739 0.5321333 -0.62848127 0.12966658 0.36287814 1.2572141 0.025228625
14 0.7275697 0.55965585 0.18713313 1.1719699 -0.30732644 -0.21183674 -0.84540284 0.35149553
16 0.015681949 -0.30070755 0.91639996 -0.32510117 0.5781478 1.1395675 0.3500531 -0.6291751
44 -0.76210326 -0.34697357 0.8539461 -0.5026757 0.83956236 0.8530308 0.930636 0.104881585
17 -0.57333803 0.35270244 0.7326511 -0.7456144 0.54777676 0.43295267 0.82330865 0.08511176
19 0.32208884 0.8704443 0.14969034 1.1895522 -0.13322163 -1.0649623 -0.9102352 0.7277987
43 -0.5879917 -0.013526574 0.85583943 -0.6787771 0.60064346 0.90956736 1.0992838 -0.2963535
26 -0.6040927 -0.3558587 0.5731243 -0.010904789 0.48745662 0.6155849 0.83856785 0.61579514
27 -0.3428832 -0.0868617 0.6478376 -0.59902585 0.87689114 1.212855 1.1194361 -0.26107052
45 -0.59238493 0.2202591 0.82859075 -0.68291533 0.4222559 0.6988271 1.0306197 -0.304751
21 0.4551616 0.84649074 0.24658936 1.2853684 -0.39140087 -0.849579 -0.8462636 0.43375307
24 0.057520885 1.3205799 0.3087943 0.6902714 -0.711977 -1.2401773 -0.38626102 0.66146266
5 0.6020718 0.8661834 0.49629277 0.49436164 -0.28417686 -0.593542 -0.4048377 -0.14734231
20 -0.1701655 -0.77878726 0.5431733 0.36881837 0.9124066 1.2591699 0.38852316 -0.12521173
28 -0.6437698 0.11165107 0.515352 -0.5485919 0.7974112 0.9551634 1.0916378 -0.17029257
31 -0.5409267 0.174242 0.7680694 -0.7484379 0.5566515 1.0237797 1.1588587 -0.2819147
8 -0.56633645 -0.12208114 0.4483334 -0.013430234 0.5086755 0.8613633 0.8494891 0.23838678
47 -0.5106776 0.03558597 1.1016951 -0.6585087 0.33629975 0.6648153 0.89607847 -0.6086308
15 0.4401234 1.2741303 0.2566466 1.0381044 -0.69667596 -1.2081921 -0.5044569 0.34976742
33 0.72959876 0.9804362 0.0534755 1.3801575 -0.38555005 -0.77279085 -0.84514207 0.23590946
37 0.74700266 0.6224147 0.12532468 1.558275 -0.18415512 -0.8164307 -0.98300105 0.620264
9 1.1020024 -0.28993937 0.850984 0.67513007 -0.14279602 0.48473504 -0.44518965 -0.3238854
38 -0.42536944 -0.049538545 0.6242266 -0.48846766 0.587326 1.3728877 0.97018504 -0.20735888
7 0.19646159 1.0239589 -0.015309216 1.2448486 -0.331608 -1.1795968 -0.29917523 0.91724205
22 0.78539443 0.8771362 0.1347962 1.3433893 -0.34831357 -0.7385942 -0.95665616 0.33071834
39 -0.7843295 -0.1546064 0.86681384 -0.7635071 0.92222166 1.2532862 1.1977693 -0.46120095
23 -0.44686165 1.0729673 0.6544712 -0.4154443 -0.037534636 -0.7491132 0.4166933 -0.024583433
13 0.5955743 0.5605262 -0.022867413 1.5150822 0.079820834 -0.72282934 -0.9879527 0.75018096
18 0.12034571 0.83345556 -0.10330821 1.2984842 0.035987224 -0.9626615 -0.67547506 0.80702525
12 -0.10150212 1.4530438 -0.029010426 0.82514906 -0.23678221 -1.5023557 -0.2783464 0.791734
3 0.42622972 1.3208351 0.23078848 1.0119894 -0.5037007 -1.3962736 -0.7604177 0.68084365
32 0.57420766 1.1571903 0.058196053 1.2932844 -0.2730264 -1.1437209 -0.89728063 0.46807346
2 0.38147977 1.2145693 0.22833624 1.0685796 -0.49438098 -1.1366347 -0.74859214 0.42826706
29 0.6202024 -0.023530249 -0.0992522 1.0167211 0.5121264 0.8350018 -0.13472953 0.026315747
0 0.45065212 1.2719219 0.019951748 1.349123 -0.3576755 -1.2989457 -1.0150113 0.6083392
11 0.92384887 -0.33951074 0.7589715 0.3831657 0.38163227 0.8994656 -0.5739421 -0.47813678
35 0.6213414 1.3001822 0.08598071 1.1408408 -0.38216367 -1.2783484 -0.67892754 0.5507862
48 -0.65722674 -0.114349514 0.71414006 -0.7107092 0.8276062 1.1560156 1.2131779 0.028522398
30 -0.0018426264 1.364032 0.2012536 0.85014224 -0.47135904 -1.5213119 -0.33906916 0.7465699
25 1.2531704 -0.058689885 0.02986263 1.4055183 0.32062495 0.38502416 -0.9190698 0.14252944
