50 8
40 -0.36761034 0.15701164 0.13446237 0.6160407 0.24276374 0.5643301 0.6924197 1.0925089
31 -0.3458635 0.40440264 0.3984856 0.13071147 0.45477554 0.523002 0.7924567 0.5286202
43 -0.40677136 0.5443848 0.9270384 -0.30012888 0.3518107 0.2661512 0.54704005 0.2069648
19 -0.35234088 0.15179746 1.2531362 -0.16934203 0.2962019 0.051872734 -0.16481958 0.04848892
24 -0.1036538 0.5083731 1.2279228 -0.29462132 0.152294 0.09446354 -0.05748931 -0.04121576
28 -0.059388146 0.4177936 0.45276892 -0.17490394 0.37342778 0.58286464 1.0399717 0.4261321
23 0.46334484 0.4075782 0.75691265 0.01201744 0.5053899 0.23312251 0.27542162 -0.7749558
36 -0.062082976 0.6814462 0.97968376 -0.5042537 0.16199514 0.6750085 0.8990351 -0.37044612
49 -0.026044924 0.38239104 1.0309654 -0.59264857 0.34213555 0.47518674 0.7932667 -0.2688902
17 -0.066641465 0.09407861 0.81825656 -0.61148405 0.49716446 0.7191115 1.2248912 -0.052211344
46 -0.12123453 0.32756388 0.9810685 0.12745541 0.67954427 -0.1805416 -0.49873987 -0.28740054
1 0.432467 -0.03842199 0.5674996 -0.3864811 0.57973725 0.8286853 1.4433353 -0.7154338
34 0.7272119 -0.18707444 0.80398947 -0.050437897 0.120340906 0.5618503 0.7335262 -0.6247505
20 0.5527203 -0.10887388 0.1139956 -0.16187328 0.3204016 0.7837487 1.7038587 0.48946238
7 -0.13688491 0.12343401 0.24206285 0.81877816 0.5949761 -0.31767634 -0.6420927 1.3712016
6 -0.09654597 -0.12017532 0.4451594 0.023012847 0.29446408 0.4834003 1.1505271 0.6791803
10 0.049674876 0.3003627 -0.26050565 1.1839952 0.50692266 -0.09047648 -0.12567994 1.4540483
38 0.35212398 -0.052657183 0.601622 -0.09320545 0.311936 0.7810397 1.3849559 -0.546072
39 -0.5298684 0.5407004 0.8603536 -0.3471986 0.33840728 0.6490174 1.0051429 0.07409474
41 0.49087945 0.1897892 0.40446305 0.10391737 0.3425188 0.80778587 1.1039459 -0.62870586
27 0.3919533 0.3220538 0.6883724 -0.44183025 0.20504348 0.81852335 1.3589063 -0.41778907
12 -0.29941225 0.56261367 0.44054034 1.1005652 0.5673811 -0.30579865 -1.1400913 0.667008
15 -1.1234673 0.8327538 1.3140485 -0.037150577 0.20525347 0.06756622 -0.44157162 0.54580486
42 -0.6869118 0.20785578 0.9644695 -0.5186642 0.6321141 0.6281537 1.0508223 -0.12466108
45 -0.23757733 -0.33326852 0.49274123 -0.37057808 0.7364163 1.0175953 1.4491314 0.116354905
44 0.33592016 -0.3549395 0.1317099 0.23723666 0.11112475 0.9054748 1.2812493 0.7237275
18 0.075674005 -0.043948445 0.048941042 1.396224 0.7458861 -0.43884525 -0.96122885 1.0219048
14 1.2701802 0.41011843 0.80681515 0.48816198 0.0795342 -0.22863936 -0.99021477 -0.605201
4 1.2388903 0.13579266 0.43473133 -0.20104827 0.034268893 0.5982756 1.2390541 -0.34224957
2 -0.30893886 0.41647413 1.103272 0.64396256 0.28920567 -0.34477577 -1.2224592 0.1624148
25 1.3182378 -0.45406866 -0.6519921 1.178817 0.75883543 -0.019277811 0.0022731363 0.9858622
0 0.23143859 0.52984333 1.0023798 0.9816501 0.011274062 -0.63622415 -1.848084 0.49285015
48 0.42731214 -0.07946276 -0.069919646 0.19217606 0.3793989 0.6782747 1.2547728 0.7896721
26 0.00417232 -0.30245095 -0.23171093 1.0488797 0.31570694 0.23506095 0.5760838 1.4821541
37 0.339579 -0.3391296 0.6432739 1.1462439 0.55457526 -0.82290995 -1.4374503 0.68193305
16 0.8268925 -0.39158356 0.41432938 -0.3174519 0.47760582 0.6824112 1.1762897 -0.049181875
21 0.45760027 0.15469947 0.78804106 1.2236722 0.15608042 -0.6157551 -1.7436218 0.29728082
13 0.11568208 -0.37317052 -0.4672258 1.5605288 0.8843259 -0.26560172 -0.74791676 1.8280749
8 0.10589921 -0.43724233 -0.7402188 1.3898447 0.5391531 0.9518905 0.6632914 1.2731341
30 0.43668666 -0.37583542 -0.37016505 1.7406924 0.5279885 -0.1846513 -0.6209117 1.3422142
35 0.36197537 0.11130329 0.61561227 1.1809306 0.17070973 -0.72164947 -1.3482906 0.9113703
33 0.45329005 0.034192923 0.5657524 1.3143884 0.6417928 -0.6458387 -1.4925278 -0.10459273
22 0.48759893 -0.10391752 0.30532134 1.5194751 0.5582618 -0.7997543 -1.5304626 0.76736146
9 1.479244 -0.023532871 0.9902817 -0.2835501 -0.23204312 0.3665127 0.6211384 -0.9727494
3 0.59610164 0.295835 0.78496724 0.92914903 0.565918 -0.5683412 -1.478372 -0.4448576
11 1.5836746 -0.65820926 0.7896123 0.1659577 -0.027929472 0.5336428 -0.11702594 -0.8850311
32 0.7747703 0.09344244 -0.21595767 1.6593006 0.6176792 -0.68991804 -1.223739 1.2182947
29 0.8509545 -0.9234553 -0.686016 1.3339258 0.8866352 0.12488541 0.37670097 1.0410892
5 0.6582578 0.6500907 1.1815574 -0.36714283 -0.2787283 0.04053503 0.41957277 -0.25030175
47 -0.8048759 0.001479448 1.4997747 -0.6364366 0.4351231 0.5090804 -0.046831083 -0.043895397
