50 8
16 0.056671552 0.2540663 0.9413874 -0.014785171 -0.7838631 -0.23567005 0.18850666 0.44569466
46 -0.8997178 -0.0638349 0.046317212 0.9098103 0.23115914 0.5878358 0.55662584 -0.7161662
4 -0.47691685 0.5958987 -0.20401847 0.74359006 0.21564172 0.4043246 0.28818956 0.1421124
9 -0.13847533 0.71748024 -0.21637712 0.753436 0.21359941 0.1256708 0.40269884 0.598124
34 -0.41236085 0.99939597 -0.434202 0.92469376 0.0015522308 -0.29548708 0.0629202 -0.9160486
29 -0.1513062 1.2492257 -0.4200991 0.5628147 -0.37904197 -0.43659616 -0.15611406 -0.047490552
20 -0.80478895 0.60583085 -0.29405224 0.8604991 0.69591725 -0.175196 -0.10073942 -0.06147907
15 -0.16032761 -0.0683015 1.4452285 -0.25221062 -0.25706637 0.046023596 0.22021762 1.113423
14 0.21583322 0.76622957 -0.025481462 0.67823327 0.19803299 0.38039932 0.018455371 1.4731549
27 -0.8715883 0.5008068 -0.09413827 0.78610283 -0.017034136 0.08545347 0.077622466 -1.1834606
19 -0.106958196 -0.21014014 0.7912971 0.38095108 -0.20117468 0.7369168 0.44062406 1.1283776
41 -0.8714573 0.60438526 -0.12056168 0.90779424 0.08939093 -0.2889284 -0.5466416 -1.0812571
0 0.25306144 0.12069127 1.2278116 -0.03860978 -0.5620504 -0.09184309 0.19166258 1.0194558
6 -0.89111394 0.22857144 0.081744164 0.67192364 -0.3385132 0.16904238 0.045875978 -1.1410466
10 -0.02531026 0.6059512 -0.20211418 0.9256626 0.49056488 0.36615166 0.16595723 1.2120856
42 -0.9166427 0.034905035 0.9884547 -0.02791481 -0.73163503 -0.2562248 0.42143524 -1.5400714
5 0.2997859 0.34044096 0.56361794 0.35049057 -0.2439281 0.66359645 0.7341378 1.1352092
17 -0.82461613 -0.28732407 0.90040624 0.1405134 -0.28492233 0.2890451 0.5963571 -0.38199598
49 -0.9958796 0.19860399 0.05755037 0.76139593 -0.06707644 0.46591347 0.022633659 -1.06207
33 0.199819 0.26336902 0.9423499 0.040920127 -0.16183859 0.014526476 0.45685142 1.6130893
2 0.002598851 0.25931713 0.4796812 0.4738238 0.1343038 0.45718 0.23045066 1.4252851
11 0.15099111 0.40389118 0.5286349 0.30479336 -0.43973792 0.62195265 0.25052962 1.0692629
1 -0.30434564 0.16797452 0.05813868 0.7821953 -0.40303892 0.5612752 1.4003288 -1.1167642
28 -0.7124067 0.37135136 -0.041155476 0.92030674 -0.32723323 -0.14165623 0.1451233 -1.6000313
24 -0.24671815 -0.01911492 0.6194185 0.46940294 0.4498453 0.73784983 0.25069013 1.5946517
13 0.38665906 0.7862405 -0.46374398 1.0429271 -0.341614 -0.5507276 0.21092905 0.69970196
38 -0.9268803 0.89110357 -0.38561752 1.0025947 0.034300093 -0.6243218 -0.5645004 -1.4863827
23 -0.14414574 0.014768752 0.6223582 0.525051 0.26656017 0.66404134 0.80186194 0.6726646
21 0.028167712 0.56211376 -0.02302172 0.82430685 0.3665611 0.33142558 -0.14425786 1.4672726
26 -0.33697328 -0.038233858 0.8417119 0.26476884 0.0372468 -0.42867303 -0.13071993 0.8048212
43 -1.1084901 0.60861737 -0.053055685 0.6631303 -0.18798055 -0.5840418 -0.012521279 -1.7238033
39 -0.6852549 0.9975216 -0.45851523 0.8868402 -0.45308214 -0.62614566 0.13818797 -1.7738357
36 -0.79188836 0.55682105 -0.23460871 1.0026169 -0.33881545 -0.12202512 -0.06951231 -1.6924547
7 0.22209643 0.35829127 0.0868353 0.8300571 0.19091581 0.32586208 0.04561902 1.787959
40 -1.027272 0.75574446 0.019731946 0.5196032 -0.16094829 -0.31461674 -0.014944569 -1.6085806
8 -0.21445265 0.7549728 0.09560179 0.6996945 -1.02814 -1.182619 -0.54033965 -1.2103248
48 -0.04433957 0.99984825 -0.6644523 1.2833622 -0.2684748 -0.8137009 -0.05321518 -0.83979833
37 0.16244967 0.06290487 1.3762975 -0.19509059 -0.52003145 -0.28766495 -0.100224905 1.4831795
12 0.24025118 0.30955485 0.14535731 0.7689939 0.2285031 0.21975656 0.36267143 1.8150738
31 -0.63241774 0.3104146 0.056686733 0.8922829 -0.48997813 -0.8158091 0.20192567 -1.7026451
32 0.307188 0.34083042 1.2295452 -0.17570193 -0.2847556 -0.16475308 0.09658497 1.8266605
25 -0.08683757 0.75966877 0.87542003 -0.16869377 -0.7200517 -0.73659414 -1.1546439 0.75396824
45 -0.75682 0.41161296 0.023309613 0.8768917 -0.40020895 0.08334521 0.29887545 -1.8485436
44 -0.6414038 0.5309498 0.32211077 0.50182056 -0.85579044 -1.435321 -0.4573077 -1.5148985
47 -1.1171625 0.12944502 -0.08499688 1.1016866 0.60591614 0.60357964 -0.2379814 -0.96079534
3 -0.21192968 0.18226042 0.18395567 0.75938976 0.8043605 0.7783778 0.6368841 1.5946864
35 -0.18198383 -0.21741754 2.0398498 -0.58654106 -0.57194734 -0.056371935 -0.31290743 1.0393387
18 -0.35028562 0.24971464 1.8928562 -0.9002079 -1.0094657 -0.33395085 -0.78820765 0.6070682
30 0.060114056 0.14659682 1.9378045 -0.7185723 -1.3995552 -0.3518845 -0.55445665 0.3670003
22 -0.61924 -0.40635845 2.0792992 -0.63243675 -0.5196306 -0.03461662 -0.48425895 0.72707313
