50 8
24 -0.8035216 0.41684866 0.5614118 -0.24493589 0.45877153 0.17708373 0.22225915 0.87058794
43 -0.5259772 0.37956887 0.495433 -0.24817954 0.5663667 0.29702857 0.4813167 0.62898785
17 -0.24316849 0.3895805 0.8410977 -0.66709214 0.3914992 0.54392827 0.5503754 0.35714388
34 0.28905436 -0.35059217 1.0129381 -0.09375653 0.0037935635 0.71255845 0.40602776 -0.20258716
31 -0.8304957 0.41918415 0.09514799 0.24408616 0.42596638 -0.04116143 0.29695404 1.1973757
41 -0.1802663 0.3721996 1.0072536 -0.5824724 0.120368205 0.505884 0.40903983 0.20237167
23 -0.42885247 0.23127829 0.5078583 0.43978915 0.5886558 -0.0053604343 -0.12883577 0.54426795
19 -0.74099463 0.5333355 0.28351086 0.13101502 0.14984408 0.010980225 0.41873834 0.85213375
49 -0.009279173 0.1898937 0.9562496 -0.71084124 0.2820737 0.98976594 0.6341658 -0.006907662
1 -0.2687762 0.3947828 0.94767636 -0.6854831 0.45190156 0.5748113 0.32959095 0.40314266
28 -0.6232515 0.59063804 0.55089325 -0.66788507 0.1552218 0.8076494 0.48505345 0.7740645
26 -0.9387029 0.14590722 0.029546523 0.212633 0.5950883 0.14292097 0.32671922 1.2040178
46 0.2081239 0.23854832 0.89148414 -0.009629644 -0.29663792 0.40990356 0.39619508 0.016601682
15 -0.67437494 0.34478262 0.152807 0.27862772 0.14517422 0.3845933 0.6279982 0.454036
36 -0.09092542 0.51127654 0.86705184 -0.6964497 -0.18772717 0.6232703 0.8338199 0.19585428
20 0.16400367 0.059397057 0.99235684 -0.59894174 -0.110214554 0.81869537 0.71216667 -0.0072621857
45 -0.41113445 0.36213633 0.91883457 -0.5034216 0.6490846 0.55017936 0.34971663 0.084983006
38 0.42981943 -0.40087247 0.8860427 0.28414258 0.04230528 0.47525787 0.46571678 -0.28674495
6 -0.72227335 0.54076153 0.79300606 -0.43289593 0.34557065 0.29749915 0.18635195 0.64641064
42 -0.88760656 0.14486921 0.7671758 -0.49593112 1.1581223 0.1730614 0.21603467 0.7220117
27 -0.41951582 0.37891415 0.8499185 -0.6689392 0.35196924 0.6435047 0.49532232 0.32706043
39 0.23788507 -0.022835838 0.32764804 1.5217038 0.580709 -0.38020322 -0.33339736 0.16933836
40 -0.17242068 0.18524076 -0.087845474 1.3470727 0.0015339401 -0.51232576 0.10802076 0.9582745
2 0.15845644 -0.1676038 0.45857242 1.1813197 -0.19816498 -0.42793033 -0.07748417 0.49053472
18 0.04238756 0.17270309 -0.095371164 1.8800768 0.24304344 -0.788863 -0.25696993 0.8282912
4 0.9093535 0.35986027 1.0289216 0.26368475 -0.5937746 0.492512 0.4201793 -0.5879906
48 -0.29569218 0.23467158 0.8730836 -0.5618362 0.27846318 0.77358776 0.45733094 0.20233314
3 0.840944 -0.43017235 0.34481737 1.6678908 -0.23783731 -0.31482306 -0.11474484 0.28972098
10 -0.81094265 0.7704378 0.30612543 -0.4278681 0.20378095 0.44877395 0.6131486 0.9505565
16 0.70200914 -0.3450338 1.1017563 -0.18329126 -0.22159675 1.0866033 0.64783174 -0.6403441
12 -0.20289838 0.09624475 -0.083206825 1.6263857 0.10012956 -0.84376293 -0.013159109 0.9746487
9 1.1123164 0.058029372 1.283679 -0.19452354 -0.75457585 0.6581581 0.78598905 -0.6540879
8 -1.3771526 0.5656377 -0.032773376 0.07223865 0.6276561 -0.017161414 0.42923337 1.3816625
5 0.13777632 0.3087908 1.1464579 -0.8596789 0.3509177 0.94542134 0.6364056 -0.24989945
14 1.3864625 0.12135601 0.64822704 1.1121163 -0.8894943 0.6471813 0.4385807 -0.7955927
30 0.06637611 0.28100947 0.07280471 1.9032838 0.25739405 -0.8227327 -0.5309676 0.8038155
21 0.789441 -0.35793167 -0.090101995 2.5700543 -0.8152485 -0.19285372 -0.16589437 0.19216216
0 -0.5081089 -0.21964492 -0.19350623 1.6459546 0.34840366 -0.17181152 -0.13642104 0.8165592
44 -0.43633392 -0.12404885 0.86660403 -0.15158421 1.2551816 0.32449573 0.0023318527 0.2614088
7 -0.60663337 0.14803438 -0.5028236 1.192536 0.11693835 -0.52515835 0.72417516 1.275375
11 0.83487284 -0.09566123 1.2721738 -0.14324939 -0.30406865 1.0999745 0.61578625 -0.9962776
29 1.0999573 -0.32451326 0.88886446 1.2314403 -0.5339115 -0.010682381 0.11213079 -0.49486205
33 1.1069423 -0.4398676 0.00820323 2.320913 -0.4207711 0.1596781 0.2472087 -0.4471071
32 0.5880222 -0.15303755 -0.22726528 2.540137 -0.6030187 -0.50469434 0.12511672 0.21617162
25 1.7512172 -0.22459567 0.71921647 1.2582163 -0.93278545 0.59165794 0.38481167 -0.83298385
13 -0.24074265 0.6589193 -0.39952368 2.1009986 -0.09885997 -0.5689151 -0.42704183 1.0697032
37 0.8118097 -0.6558099 -0.17029469 2.709506 -0.4061874 -0.45882416 0.10290085 0.119504794
22 1.0455283 -0.1106036 0.24292232 2.3490858 -0.59744304 -0.90029836 -0.07689386 0.14948164
35 1.4012935 -0.09115984 0.40847728 2.3590815 -0.7672236 -0.88161755 -0.050867025 -0.11147201
47 -0.0745795 -0.3530735 1.3329293 -0.6285081 1.0145965 0.9828543 0.21132247 -0.38780656
