50 8
23 0.5551586 0.16776556 0.67950225 0.9516048 0.27374884 0.2594925 -0.6118441 0.024426213
25 0.1670577 0.030031111 0.8080062 0.71970767 0.23227392 0.024093939 -0.55672526 0.2530909
19 -0.09908987 0.6774614 0.17142357 0.5190236 -0.00230922 -0.12319894 -0.06669432 1.1892262
1 0.28487664 -0.044786494 1.0095757 -0.030000027 0.31718063 0.41387132 0.1927277 -0.23357704
40 0.2506445 0.45916566 0.23248719 1.5256922 -0.0980893 0.06709732 -0.43374395 0.58079916
42 -0.8278498 0.24601315 0.34946507 -0.259107 0.41267344 0.2457526 0.4448044 1.0177175
2 -0.22193436 0.7097129 0.5850621 1.0506897 -0.14068015 0.21530388 -0.46676353 0.40760958
22 0.7016375 0.079260185 0.9172361 0.8906365 0.31414676 -0.05743537 -0.5937381 -0.19652571
38 0.42100695 -0.2860337 0.6060747 -0.28693923 0.56347334 0.29990065 0.800823 0.11182275
43 0.51159054 -0.31828165 0.66368055 -0.5178275 0.48954183 0.30950904 1.1518002 0.06291626
16 0.07986022 -0.26556125 0.6476996 -0.41734955 0.5856704 0.35751927 0.20127025 0.5068047
26 -0.76509297 0.5241936 0.26806283 0.3415347 -0.06880322 -0.07206257 0.18658215 1.269778
39 0.3070157 0.3173501 0.79675174 1.0772434 0.005967341 -0.035984233 -0.3596342 0.0049417615
4 0.27645338 -0.5130354 0.7189193 -0.83225596 0.5971283 0.36099273 0.97992843 0.32787699
36 0.12644725 -0.23473383 0.6809548 -0.5681905 0.5898191 0.41756293 0.8247835 0.22803086
44 -0.20950903 0.4365312 0.2835601 1.073912 0.20221712 0.033145014 -0.66178733 0.89607745
7 -0.037623614 0.7171978 -0.26836497 0.6630493 -0.0942493 0.052740473 0.21810472 1.5216482
12 0.11897147 0.56073993 0.35822248 1.4891082 0.013370934 -0.20370233 -0.4855235 0.5795993
31 -0.28952542 0.67610633 0.3748871 0.84669614 -0.059011713 -0.22775607 -0.7002157 1.2090554
29 -0.41181576 0.65704596 0.4553083 -0.3696214 0.25779915 -0.10579658 -0.1335239 1.2979177
28 -0.62446266 0.2573035 0.07143696 -0.7476519 0.52863985 0.37733874 1.1561065 1.210809
34 0.6896667 -0.5819659 1.1349956 -0.2970019 0.3728941 0.45358762 0.80599606 -0.52254736
18 -0.26558742 0.60463685 0.10021379 1.2775137 0.0037574293 -0.03827508 -0.68607306 1.2407104
9 0.46915483 -0.50778544 0.9496108 -1.2230552 0.5976346 0.30821022 1.1197002 0.17309827
6 -0.83141613 0.33361372 0.16452219 -0.2877652 0.4065729 0.217687 0.24839622 1.4094396
45 -0.14963219 0.08821996 0.4899117 -0.5737025 0.3993923 0.11873836 0.48876563 0.8563699
0 -0.014531243 0.7871327 0.44512844 1.5406449 -0.16792536 0.0707748 -0.587153 0.38814828
10 -0.46327707 0.20369945 -0.011784218 -0.6305365 0.2581554 0.45822424 1.2555739 1.2736582
14 0.8894371 -0.56289536 1.0928942 -0.27202186 0.5022454 0.5245406 0.7392625 -0.6479735
48 -0.076951064 0.15405405 0.5431117 -0.66148174 0.28566435 0.3433209 0.5607262 0.7585387
20 -0.71846783 0.20937611 -0.14621985 -0.63062525 0.298057 0.6037791 1.3041431 1.4147372
32 0.37206873 0.54564035 0.78136194 1.7342135 -0.34184358 0.15489408 -0.84899634 0.013044717
17 0.115294605 -0.13239142 0.5991158 -0.9413288 0.49261174 0.017752957 0.8855292 0.79027367
11 0.5478006 -0.45799392 1.0558702 -0.48076218 0.51509887 0.7805136 0.964885 -0.64093727
27 -0.34352124 -0.27523676 0.2813828 -1.2073269 0.96977866 0.5672307 1.2932782 0.8424485
30 -0.041655567 0.6244337 0.5634456 1.2834458 -0.053901818 -0.39657006 -0.25412905 0.43913952
49 0.1969686 -0.5163884 0.81171614 -1.2377205 0.89663535 0.47446707 1.2084137 0.16678408
15 0.053002555 0.7650228 0.3548938 1.2525243 -0.30778328 0.09056311 -0.4688941 0.7260676
33 0.79870003 -0.15539102 1.0334116 0.78773713 0.28457767 0.20129108 0.32181066 -0.86818045
13 -0.6358024 0.7866844 -0.12812077 0.6316588 0.13650745 -0.020702139 0.22297904 1.3450112
8 -0.5980577 0.79630554 -0.28308702 0.9192911 -0.007834395 -0.051415455 -0.15667784 1.7610136
24 -0.17164302 0.81799865 0.781151 1.0592476 -0.19082507 -0.00432958 -0.82263404 0.4051713
21 1.4282249 -0.29602247 0.69430554 0.9856799 -0.068056084 0.5390617 -0.06558168 -0.382203
5 0.47817612 -0.14772941 0.28826678 -0.74664545 0.39740136 0.5605178 1.6325212 0.3703644
37 0.9883042 -0.27574044 1.3840123 1.2041366 0.16521345 -0.28542662 -0.35558 -0.899641
35 1.1103648 -0.28806543 1.4076476 0.17229359 0.43161392 0.14999163 0.41961285 -1.1195172
41 0.40472442 -0.28950462 1.0523064 0.7278714 0.76507133 0.20107111 0.34293237 -0.97617275
46 -0.058017362 0.117572874 1.2792698 -0.507942 0.4505283 0.61750937 0.35236216 -0.5432481
47 0.9500968 -0.96254355 1.1254001 -0.07715517 0.61177367 0.8232963 1.0082563 -1.0050684
3 0.54426473 0.8508079 0.5478452 1.3510022 -0.17917794 -0.11662048 -0.9062665 0.4544728
