50 8
28 0.05720218 0.4127284 0.44086874 0.5130612 -0.5198743 -0.7427713 0.34693468 -0.83026445
27 -0.05476745 0.41803843 0.20782399 0.51468253 -0.40196264 -0.76431257 -0.27232832 -0.51943725
42 -0.061198488 0.78449273 0.06990091 0.6174302 -0.47718152 -0.62649584 0.21938539 -0.6362412
45 -0.16775376 0.6346163 0.02243466 0.7752191 -0.5515835 -0.51445055 0.23227787 -0.77911705
43 -0.045947563 0.43263346 0.15256761 0.62752134 -0.5536084 -0.8631305 0.26998138 -0.7054265
4 -0.47980174 0.24726862 0.23173994 0.6966177 -0.6467145 -0.34150705 0.16729334 -0.5010523
34 -0.39471993 0.42399478 0.26456144 0.6658429 -0.16099557 -0.231827 -0.08246015 -0.65271074
36 -0.5930496 0.40280885 0.03729053 1.033544 -0.7752679 0.05707632 0.19392218 -0.7194204
10 0.019523127 0.37912607 0.730596 0.49036145 0.56592244 0.18209146 0.28418553 0.6502263
24 -0.9831135 -0.3510853 0.39834777 1.0203922 -0.03197842 -0.036088496 0.45287317 -0.5332899
23 -1.0215881 0.11528091 0.2994265 0.93969434 -0.43660748 0.39368558 0.25970802 -0.58701694
17 -0.17222336 0.4717731 0.22435975 0.64931697 -0.5765405 -0.5709902 0.021387458 -0.8900903
41 -0.00083523575 0.62824994 0.22594523 0.31801137 -0.36535567 -0.9279058 -0.37536672 -0.8012397
1 -0.5267959 0.35615274 0.12013982 1.0317949 -0.6693124 -0.15137143 0.34973907 -1.0489969
8 0.48738283 0.50294757 0.4175471 0.085169196 -0.042136684 -0.77422005 -0.95678806 0.7156297
38 0.32330623 0.6522758 0.23894732 0.2776534 -0.172554 -1.0881377 -0.08576857 -0.2555129
44 0.3032813 0.6681708 0.27981782 0.09273509 -0.55828303 -1.0160002 -0.6915286 -0.33930624
26 0.50936806 0.4772886 0.6582631 -0.20316985 0.047539942 -1.0041735 -0.9578426 0.39584333
19 -0.95581496 -0.06553074 0.5557541 0.93724054 -0.0643359 0.47872278 0.5145892 -0.44490412
39 0.37941962 0.4454441 0.5435907 0.0873026 0.18133888 -0.7025947 -0.5535291 0.6004447
14 -0.7978935 0.3067459 0.6129715 0.64130944 0.35437575 0.9923493 -0.19914733 0.6855967
31 0.54626817 0.45019522 0.4436736 0.0678815 0.043857753 -1.2626976 -0.6414126 0.03321606
40 0.40199074 0.57139766 0.87673795 -0.1506969 0.65251404 -0.49012005 -0.31666723 0.87673867
6 0.3796771 0.52654487 0.47251698 0.12102543 -0.40914568 -1.0264666 -0.42026776 -0.32056758
49 -1.0498871 0.021042205 0.29982308 1.1083428 -0.48551178 0.38205546 0.42699015 -0.82529163
16 -0.025313064 0.31275043 0.5806238 -0.033911876 -0.52552587 -0.8780664 -0.63993096 -0.34614944
9 -0.7894599 0.4525271 0.3135132 0.82652074 -0.5358456 0.5351456 0.61569256 -0.16317557
2 0.066258214 0.46366125 0.98971695 0.29034835 0.8874797 0.5112002 0.21018967 1.3533672
7 -0.11046851 0.16899541 1.0273457 0.119187646 0.59937966 0.19776927 0.118497126 1.423817
12 -0.89574623 -0.43377835 0.89418346 0.7797563 0.4894427 0.47360983 0.786369 0.69245183
20 -0.47450483 0.03466975 0.23910928 0.74995875 -0.35052344 -0.41807464 -0.43040854 -0.646301
0 -0.33962062 -0.06327619 1.0195037 0.53213954 0.5880246 0.5452945 0.4920708 0.9990171
5 -0.94475746 0.07540233 0.21611057 1.036792 -0.815974 0.11810274 0.6899643 -0.63229233
18 0.49678 0.7876958 0.9646791 -0.29863098 0.7725773 -0.11494988 -0.61002606 1.5355747
25 0.24056187 0.8300844 0.47907236 0.24131253 0.17599617 0.4367816 -0.8794913 1.4889288
3 -0.31610376 0.28443334 1.2311976 0.20375979 0.9172367 0.82736814 0.3183948 1.3982636
30 0.34461212 0.8022475 0.8784193 -0.065339334 0.9763012 0.17635961 -0.50812113 1.7240272
47 -0.2702784 0.39131126 0.08851825 0.65088 -0.61043173 -0.80485797 -0.34906662 -1.0894984
48 0.4172041 0.7060095 0.10146212 0.4265429 -0.4273256 -1.0322192 -0.40814206 -0.4256344
13 0.19742344 0.27961898 1.1910932 -0.118559144 0.8835169 0.06855991 -0.35840636 1.7243054
33 -0.4289778 -0.08002972 1.2554842 0.1645646 0.9425866 0.59175867 -0.31390914 1.5870906
11 -1.0268018 -0.08135011 0.34595576 1.0655748 -0.9137031 0.24443571 0.4531519 -0.9589326
37 -0.011846674 0.104225226 1.3118428 -0.16582929 1.0192068 0.20847042 -0.3825207 1.7564135
21 -0.37898198 0.025298461 1.3179164 -0.06518822 0.92762405 0.4795221 -0.3060843 1.772083
46 0.40633813 0.409071 0.13273296 0.3013854 -0.46137273 -1.1814637 -0.88130057 -0.047274265
15 -1.0947239 -0.49923867 0.528695 1.0429116 0.0009517264 -0.10186532 0.8092623 -0.45531338
22 -0.39686722 -0.079574324 1.1036931 0.28023276 1.0116321 0.64621985 -0.51598686 1.7440909
32 -0.047527965 0.062473882 1.3648038 -0.20567662 1.0425425 0.095206484 -0.008256474 1.9184592
35 -0.41737607 0.038621426 1.147165 0.23360467 1.0269785 0.7300657 -0.35651004 1.6773611
29 0.17533675 0.77473295 0.32613686 0.14966264 -0.009888583 -0.3753813 -0.24788038 0.92899716
