50 8
46 -0.48438364 -0.3011232 0.86761665 0.021464076 -0.66394854 -0.3726707 0.1687945 -0.7712353
26 -0.57145935 -0.70481867 0.68021 0.025836756 -0.5800538 -0.9617964 -0.14790295 -0.21227014
19 -0.7827183 -0.7503058 0.31878215 0.40583625 -0.9994301 -0.75313956 -0.47157335 -0.06617726
23 -0.53540546 -0.283477 0.46790713 0.036598615 0.05882168 -0.7789473 -0.6653172 0.7358253
42 -0.92760855 -0.70669234 0.44058555 0.25974086 -0.6864891 -0.797351 0.300907 0.14910601
24 -0.8292887 -0.5806447 0.37779158 0.3971387 0.13107683 -0.8709043 -0.75989085 -0.26670858
1 -0.26085508 0.38909975 0.823248 0.10038771 -0.2508512 -0.026568672 0.106669426 -0.6745527
49 -0.12301711 0.89567244 0.8155432 0.041247893 -0.6786238 0.50000614 0.08830709 -0.6340805
28 -0.1143695 0.5453395 0.5134024 0.08912277 -1.3312216 -0.30468917 0.008812429 -0.7697136
43 -0.2012145 0.86165243 0.54355514 0.25591946 -0.45783865 0.050324902 0.5398458 -0.023740442
40 -0.9490793 -0.8407751 0.5736482 -0.095775045 0.610602 -0.8776265 -0.6536802 1.0693725
29 -0.4527174 -0.2849464 0.28530777 0.18935637 -0.9459174 -1.0527176 -0.37887964 0.08758476
17 -0.3159139 0.030563843 1.0743883 0.11469345 -0.08608601 0.12512147 0.007807109 -0.9918891
21 -0.52589935 0.025861364 0.6096108 0.32182807 1.0134463 -0.48306847 0.2058001 1.3959985
16 0.35481113 0.9498111 0.743327 -0.20794718 -0.942578 -0.37455687 -0.26693 -0.5152076
22 -0.27367622 1.3697454 0.41075504 0.56961596 0.66533357 0.5692429 0.017872917 0.27867112
41 -0.07261813 1.3556825 0.63116884 0.33691317 0.2100935 0.67344826 -0.069619 0.14441979
20 -0.23128864 0.4082178 0.59876704 -0.078144014 -1.0565985 -0.3665089 -0.46876404 -1.2703195
13 -0.92136055 -0.99883485 0.58844334 0.18472849 -0.4956569 -0.70705396 -0.06895785 0.31958392
7 -0.9729098 -1.0892135 0.46439248 0.08039739 -0.15640727 -1.2378261 -0.4570538 0.31585065
44 -0.88948566 -0.927502 0.46650797 0.17640571 -0.09590448 -1.052745 -0.4395596 0.56224585
5 -0.25085858 0.80646825 0.7607328 0.62708336 -0.22171347 0.5185849 0.6233899 -0.74214476
18 -0.98509187 -0.9446107 0.5079723 0.22900473 0.3506509 -1.0201317 -0.31330875 0.6674866
38 -0.047415253 1.570872 0.39095894 0.5261937 -0.58282 0.41586003 0.43146116 -0.30224475
34 0.18258226 1.2221717 0.879574 0.075444914 -0.38841808 0.9107953 -0.0062180045 0.57755935
36 -0.008864442 1.4175401 0.57838404 0.42715654 -0.81289804 0.50617814 0.44370988 -0.75164676
2 -0.41726157 -0.104934745 0.6797794 -0.019645585 0.6239216 -0.3564665 -0.47807753 1.8431059
27 -0.20228866 0.6425698 0.6764195 0.05111128 -0.84681857 0.21424879 -0.59072244 -1.1448334
31 -0.9409416 -1.0608122 0.49981803 0.24204749 0.39243415 -1.0860299 -0.71662706 0.729837
37 -0.71837777 -0.009917921 0.7343016 0.4172485 1.2071455 -0.027627423 0.19239455 0.833611
3 -1.0032808 -1.0573821 0.68029284 -0.08672725 0.35159716 -1.0474147 -0.4217058 0.37737375
4 0.07765537 1.4959588 0.5721377 0.37977603 -0.87545145 0.45877463 0.4951051 -0.5417989
14 0.11905243 1.6389171 0.72095686 -0.088409275 -0.09906498 0.7805072 -0.41119117 0.0128625035
6 -0.98314196 -1.2229192 0.4922115 0.42382357 -0.98532325 -0.95201445 -0.004473661 -0.1899076
25 0.019669564 1.609823 0.19189984 0.21673879 -0.3045856 0.1204989 -0.36646584 0.47378656
35 -0.21239845 1.2055005 0.22655706 0.27395296 0.47478628 -0.14967485 -0.12564212 1.1329589
47 -0.5957845 0.8817284 0.6605322 0.3060237 1.0004174 0.5761254 -0.25005624 -0.5309158
10 -0.46912614 -0.09171822 0.47324643 0.16638531 -1.2732449 -0.77608156 -0.040231206 -1.2334718
9 0.11435982 1.610137 0.7512331 0.18123895 -0.37638202 0.7981629 0.3967105 -0.095217355
30 -0.7536555 -0.25375372 0.460054 0.5348765 0.9426125 -0.5511531 -0.2866963 0.9379451
0 -1.0194659 -1.1226057 0.70231587 0.13276006 0.46905625 -0.7754979 -0.39924252 0.67995846
15 -0.78062516 -0.3474752 0.8066051 0.48540574 1.3585626 -0.06056511 -0.108426645 0.66750956
12 -0.9319677 -1.2780076 0.45607015 0.0888035 -0.42131984 -1.428606 -0.52732503 0.3981196
39 -0.73127234 0.26344773 0.4835669 0.30501473 0.9503699 0.063835785 -0.027253406 1.7717642
11 0.08894723 1.7640414 0.534316 0.35190272 -0.08978773 0.73876214 -0.21916315 -0.04698173
45 -0.57063836 0.2521497 0.75421953 0.3890862 -0.22128333 0.29977378 0.23519187 -0.9700053
32 -0.1907108 1.3443303 0.2884612 0.40137604 0.97550845 -0.061398387 0.15154174 1.5356159
33 -0.026762104 1.7775474 0.5105646 0.0022405477 1.1187416 0.18232898 -0.2828853 0.707485
8 -1.0368918 -0.9837541 0.15219244 0.40790126 -1.09449 -1.2198106 -0.05369892 0.14897674
48 0.393801 1.4696364 0.15358602 0.53221494 -0.19313803 -0.42768884 -0.62833595 1.1036689
