50 8
25 0.074507765 0.0017287236 0.017929098 0.83905566 0.25029188 -0.03609122 -0.3887532 0.8654228
26 -0.30717352 -0.26771542 0.03059569 0.597294 0.44293395 -0.35801628 -0.4290658 0.94339484
43 -0.46945465 0.11806337 0.7228687 -0.49483413 0.51567334 0.5119774 0.5828652 0.34302884
28 -0.4394107 -0.11982807 0.5992452 -0.57638264 0.42562032 0.845884 0.96921915 0.71728355
6 -0.041982207 -0.52082884 0.21037582 0.028100893 0.51061773 0.55552006 0.30338913 0.9340369
39 -0.13582501 0.16176003 0.3189672 0.094086304 0.26193812 0.8544369 0.6852395 0.6673268
1 -0.52584887 0.0325583 0.9464776 -0.73799235 0.45526412 0.73143244 0.99506295 0.31308147
16 -0.46575618 -0.07509955 1.023359 -0.62656325 0.45812663 0.34629047 0.22687927 0.22727852
19 -0.50471044 -0.15262821 0.67393035 -0.023486026 0.55469185 -0.18712573 -0.748825 0.3654765
49 -0.32530722 0.3710787 0.87890804 -0.51277626 0.4345229 0.520056 1.2153878 0.118455686
15 -0.68778175 -0.07174506 1.0104084 -0.03898458 0.23559158 -0.3838656 -0.9846557 0.286754
20 -0.7486904 -0.4752158 0.7709308 -0.57186466 0.3813497 0.6350567 0.2900724 0.66384983
18 0.0718902 -0.024371494 0.32134852 0.991867 0.46515787 -0.78885496 -1.540131 0.4943991
42 -0.7181136 -0.57115275 1.0065725 -0.71692574 0.45998532 0.28472617 -0.16543108 0.549713
40 0.6992982 0.5187694 -0.40438527 1.5655926 0.21687268 0.3281551 0.6925881 0.64014053
29 -0.56650424 0.03523344 0.44768283 -0.040997386 0.6695693 -0.1713461 -0.3275637 0.43088195
17 -0.42123783 -0.12619895 0.9421923 -0.4526606 0.47201896 0.48824352 0.5245849 0.19297102
45 -0.6931322 -0.39264023 0.9473195 -0.42982936 0.38677415 0.59010184 0.34107566 0.31383085
4 -0.3899553 0.1883544 0.795568 -0.38539135 0.16387485 0.8595042 1.1607714 0.4117322
46 -0.43285656 0.49592555 1.444162 -0.24809015 0.268611 -0.52792645 -0.4773777 -0.37606984
8 -0.3563099 -0.47341746 -0.28846267 0.51960665 0.5820727 0.2408221 -0.64914024 1.3011609
36 -0.2674963 0.020317102 0.69665605 -0.2753809 0.3533954 0.9412067 1.3046939 0.34611198
10 -0.34480724 -0.03615485 -0.22882177 0.70121074 0.28890637 0.2183502 -0.035010155 1.1390741
44 -0.09073005 -0.59216315 -0.0755432 -0.15519398 0.64031017 0.87545186 0.6847924 1.2941664
31 -0.042346492 0.070513226 -0.32970914 1.0884379 0.12708318 -0.04068642 -0.12844135 1.2091382
12 0.49328133 0.19736825 -0.038281795 1.502141 0.51053333 -0.87390125 -0.63315827 0.41226646
7 0.7594097 0.62177444 -0.1010877 1.7963687 0.38656273 -1.0812259 -0.9062173 0.4128253
41 0.58289844 -0.13829342 -0.13780895 0.6262312 0.6010599 0.88655365 1.110141 0.7040363
27 -0.062378116 0.09529069 0.11243716 -0.1463484 0.44262552 0.9383514 1.1988059 0.9178285
13 0.45283285 0.31885535 -0.36935484 1.4721377 0.5104542 -0.2897385 -0.48713347 0.6888203
33 0.12895446 0.7323042 0.6640987 1.4328294 0.23916546 -1.2163372 -0.92107034 -0.3618199
24 -0.42244184 -0.060073894 0.99762934 0.19625558 0.30370855 -0.9370811 -1.4194349 0.21763918
37 0.35349408 0.30042595 0.27657962 1.4745917 0.2917007 -0.9473961 -0.94776803 0.22791837
38 -0.03782392 0.5251872 0.69714165 0.08046733 0.20421885 0.7721082 1.5976837 0.033013776
11 -0.32383803 0.40920305 1.5237358 -1.0008255 0.28073978 0.45556894 0.25253054 -0.11431524
0 -0.06388696 0.41173792 0.8566753 0.6970466 0.4556551 -0.9396539 -1.3980662 -0.17486204
14 0.52232444 1.78662 1.0399187 0.94745296 -0.04489034 -0.18180455 0.2933909 -0.9298787
34 0.017051153 0.35901356 0.7577011 -0.31732327 0.4251434 0.77631503 1.5013335 0.15913416
21 0.77248186 0.44795287 0.11136003 1.7637417 0.2553635 -0.91091466 -0.97939885 0.27088362
47 -0.100252405 0.5235936 1.4013871 -0.6156336 0.3267921 0.6571644 1.0532646 -0.41227612
48 0.09421833 -0.101226114 -0.18839024 0.21520312 0.4686364 0.9065483 0.855626 1.1930631
9 0.15658623 0.5223264 1.3779147 -0.44042006 0.18191576 0.4475249 1.2468154 -0.35991606
23 0.39405102 0.23202139 0.57732135 1.2112223 0.58539414 -1.1989661 -1.2745616 -0.14698556
32 0.7203811 1.001766 -0.1222208 1.8277535 0.35171798 -0.91060406 -0.4193819 0.17677048
30 0.6797975 0.7185315 0.12374073 1.6931608 0.06317739 -0.45937398 -0.49991816 0.2749015
5 -0.11471099 0.7814077 1.5994132 -1.1418043 0.365269 0.51530313 0.7189745 -0.3622673
3 0.43699616 0.48248008 1.0877568 1.0050044 0.433046 -1.5864793 -1.69503 -0.45329145
35 0.90807414 1.3498416 -0.120926894 1.8989861 0.122523986 -0.9513976 -0.017232712 0.19612233
2 0.36987326 0.32774973 0.7962592 1.2067795 0.3067842 -1.2987679 -1.5637819 -0.1263754
22 0.80556756 0.74510175 0.08944658 1.9546258 0.23602082 -1.2066624 -0.9535462 0.19025742
