50 8
15 -0.033029042 0.5624692 0.23572522 0.32424828 -1.0204262 -0.54622036 -0.15205231 0.5021662
39 -0.6721333 0.47361156 0.1752944 0.5991068 0.71485794 -0.36562294 0.00307786 0.84764457
23 0.041516338 0.63157123 0.6606138 0.37524116 0.32035005 0.48980376 0.21883601 -0.09384371
24 -0.15885887 0.73866326 0.17280318 0.49072573 0.12444477 0.29419824 0.16678353 0.076701276
40 -0.6624644 0.5221147 0.5009688 0.34823003 1.0874453 0.23142862 0.17969736 0.6603506
25 -0.3429263 0.39953446 0.5478152 0.3405705 -0.060784012 0.280114 -0.2246576 0.61883897
18 -0.62934554 0.63047445 0.1525672 0.5283526 0.87239534 -0.99066305 0.21621947 0.7572507
28 0.09150709 0.56560695 0.47201493 0.25812912 -1.340604 -0.72205883 0.84090024 -0.48376256
1 0.3099338 0.7205303 0.56546324 0.51220423 0.029733637 1.3462547 -0.27012825 -0.15026198
2 -0.19284326 0.5144305 0.29679397 0.5443329 0.5041699 1.0473197 0.17660569 0.6614657
20 0.6111702 0.7288927 0.7572427 0.17747164 -1.3642199 -0.009206956 -0.45197275 -0.36715224
6 -0.6064584 0.2512807 0.121708274 0.5905494 -0.6391479 -1.0266021 0.41699252 0.6098571
38 0.41975904 0.8642621 0.4697697 0.21026088 -1.1992495 0.5786125 0.019448852 -0.5864725
26 -0.509551 0.20771459 0.43310258 0.47088146 -0.4688874 -1.5656713 0.18916246 0.7412265
46 -0.84791946 0.4085581 0.7601881 0.6135469 0.86967653 -0.050849013 -0.1843866 -0.535618
22 -0.36262754 0.651048 0.4534754 0.8305701 1.4517819 0.6770334 -0.2672465 -0.028644193
42 -1.1135648 0.35396248 0.4048783 0.4096837 0.53840005 -1.2614908 0.23154405 0.6410697
34 0.34830484 0.7094145 0.53990304 0.43217355 -1.2421279 0.7830585 0.123447776 -0.9335269
12 -0.293137 0.22254358 0.42953134 0.4438761 0.05835715 -0.059516594 -0.23799391 1.470325
49 -0.22402148 0.33714575 0.4051712 0.70795846 -1.2702479 0.47115377 -0.2799345 -0.554591
19 -0.48555604 0.40619418 0.3880842 0.72217804 1.1953293 0.3227004 -0.031335574 0.7968203
32 -0.72880936 0.44342378 0.2678656 0.49219742 0.9615928 -0.3956422 0.79111123 0.8275864
29 0.11048876 0.7064893 0.41341367 -0.15664387 -0.9908904 -0.24082737 0.39157146 0.6345499
8 -0.4533644 0.5018407 -0.046449874 0.51254916 -0.06878758 -1.0065825 -0.0100645395 1.2154831
3 0.118594185 0.7335518 0.3160039 0.28309277 0.38876754 0.6654001 -0.3575918 1.1413538
41 0.16793786 0.74261916 0.4071472 0.46552336 -0.8099047 -0.67087364 0.32350498 -0.70925134
45 -0.5105427 0.609094 0.18618798 0.41442207 -0.4067443 -0.8532623 0.54495317 -0.18510537
7 -0.50324446 0.49981946 0.0060057705 0.4580072 0.18411471 -1.3429224 -0.22320834 1.6719173
0 0.022696035 0.9598134 0.20985545 0.08004298 0.6232139 -0.47014245 -0.17151396 1.3154331
36 0.15870848 0.6244845 0.523148 0.28932938 -1.1948088 0.8069571 0.46364513 -0.67129105
27 0.10031813 0.4935576 0.483228 0.4345754 -1.6677676 0.097418815 0.3210666 -0.7062133
43 -0.66564804 0.5672519 0.21239235 0.33256677 0.13591729 -1.0594387 0.88059336 0.19749212
10 -0.056797154 0.5688038 0.07241832 0.53228563 -1.2768755 -1.3137065 0.3631354 0.053157285
31 -0.62769103 0.4815964 0.19654036 0.6026428 0.31525522 -1.460453 0.60174006 0.44573206
13 -0.68355507 0.09272832 0.1946755 0.7781491 -0.26351005 -1.3044561 0.64284533 0.60297346
14 0.38753954 0.66262555 0.43204337 0.4828203 -1.1466473 1.2442058 -0.04146968 -0.48639998
16 0.53476 0.9968153 0.5800618 0.16644004 -1.1264014 0.3544492 0.3323831 -1.0245589
9 0.061453935 0.38710988 0.8856661 0.3376244 -1.2609313 1.5236259 0.043884985 -0.80063134
4 0.48036838 0.8194514 0.6869172 0.10184357 -1.505987 0.8060323 0.3854362 -0.96151394
30 -0.7565505 0.4911035 0.3229663 0.43177003 1.167352 -0.29332688 0.44891244 1.0325345
33 0.48302263 0.82366806 0.56429523 0.45183554 0.5027319 1.0724958 -0.009764236 0.036389872
17 0.035783406 0.53787017 0.88240904 0.31773528 -1.3259543 0.8129502 -0.11507993 -1.1622548
44 -0.9817912 0.40919298 0.28692004 0.5101994 0.43737108 -1.5759902 0.49839494 0.47074434
35 -0.31844285 0.63326955 0.78596413 0.4342759 1.5116063 0.69074005 -0.34680283 0.3514921
21 -0.21492557 0.3991113 0.54764897 0.32167694 0.74976397 0.40537873 -0.22397423 1.4719346
37 -0.34713006 0.56298405 0.66566724 0.49086517 1.2654961 0.7092678 -0.48561627 0.6199973
48 0.38062721 1.0993031 0.50486475 0.07067637 -0.042708248 0.353289 -0.22985265 -0.16034153
5 0.26115817 0.43436763 0.7694502 0.3295047 -1.9692423 0.4334144 0.10782764 -0.8465504
11 0.37716112 0.52401817 0.7950251 0.39560986 -1.6510658 1.4037772 -0.33732334 -0.7582246
47 -0.08879568 0.9994376 0.45698354 0.24153173 0.121381484 1.3317223 0.28501216 -0.8783348
