50 8
26 -0.011427828 0.06338458 0.7272568 0.51307577 0.56784415 -0.78604364 0.20076609 0.7711493
42 -0.057632633 0.048132896 0.48716784 0.027891332 0.77397335 -0.13543032 0.013679048 0.5583408
1 0.041450616 0.18912372 0.15693042 0.4963734 0.28964296 1.1387534 0.018615967 -0.1785501
28 -0.30036157 0.25909182 -0.025579354 -0.33550486 0.8312135 1.1899514 0.39931816 0.46241277
43 -0.30198282 0.029706573 0.8662751 -0.19219495 0.8275206 -0.03207712 0.5763656 0.50964856
27 -0.33322093 0.13750513 0.32697546 -0.5683928 0.9717204 0.8953838 0.52471095 0.45052907
16 -0.5160473 -0.12181613 0.77537376 0.07343383 0.35577253 0.77698755 0.04231598 0.008200872
41 -0.002844175 0.32289818 -0.38200024 -0.20840737 0.95101494 1.0438004 0.21940215 0.5615343
17 -0.36151558 -0.29889557 1.4988323 0.14297605 0.2915034 -0.36829585 0.13946736 0.38429618
8 -0.024250673 0.20572975 0.18846178 0.015799096 0.99803996 -0.4778684 0.4264605 1.0970268
45 -0.32686988 0.34895954 0.5128081 -0.27364346 0.6823207 0.627912 0.48852143 0.4278425
18 0.25911227 -0.07035724 0.66594857 0.74355865 0.6683873 -1.2122828 -0.07100495 0.7741077
49 -0.51935124 -0.2617533 0.7114335 -0.009306531 0.31874165 1.0800465 0.054140147 0.010781254
29 -0.18913224 0.26333255 0.19180666 -0.25289708 0.6586224 1.1625851 -0.03166463 0.039978042
38 -0.2106196 0.2811482 0.04923812 -0.30510604 0.83357745 1.2754772 0.4814138 0.24008481
40 0.7915024 0.33345547 -0.13366945 0.9738023 0.41566727 -0.6300027 -0.36933392 0.8657447
19 0.2393485 -0.03331425 0.9257848 1.0762568 0.102162436 -0.93945324 -0.72844356 0.25082427
6 -0.0055674566 0.13266988 0.13143331 -0.44517177 1.1609753 -0.0044222907 0.19997686 0.95023817
13 0.76554036 0.42206988 -0.10977933 0.8086074 0.4917466 -0.56111705 -0.41718945 0.8077086
10 -0.53273743 -0.23154454 1.164504 -0.1745565 0.4702463 -0.04592248 0.2893692 0.5965575
37 0.35050446 -0.32037047 1.1046772 0.9604634 0.09487902 -0.5764017 -0.4200677 0.02759005
20 -0.5077107 0.10796261 0.47628918 -0.84156436 1.0593235 0.8386028 0.6362489 0.6508941
34 0.33907235 0.19320332 -0.57725024 -0.018431468 0.52775556 2.0134404 -0.5552031 -0.06832138
4 -0.3556229 0.439305 0.3385987 -0.25943023 0.46181872 1.797344 0.40840355 -0.19291814
47 0.31634715 0.49958318 -0.6635701 0.24599835 0.41698706 1.910652 -0.20018375 -0.015711596
44 -0.095659144 -0.11697317 0.50784606 -0.7771088 1.2334945 0.21503381 0.34158206 0.69112486
30 0.51296854 0.12816644 0.4485385 1.050505 0.2008175 -0.9765933 -0.6224174 0.72361374
21 0.54868704 0.2247633 -0.07026687 1.6812402 -0.48108092 0.5468358 -1.2643826 -0.22499566
23 0.51320386 -0.18006772 1.0473603 1.3388482 0.13714729 -1.2381817 -0.60373074 0.120806314
31 0.18816395 0.632549 -0.36558312 -0.4583388 1.137374 0.1758257 0.0014024172 1.1074351
5 -0.50597274 -0.11178714 0.738695 0.14846684 0.10421715 1.3263661 -0.12287467 -0.22472887
39 0.37491882 0.68839127 -0.4842492 -0.1134219 0.9812937 0.23242128 0.11141409 1.0473615
22 0.8661423 -0.15120009 0.23815832 1.2738751 0.15121712 -0.7687648 -0.9633217 0.4556752
9 -0.07917064 0.18449792 0.4527133 0.06702199 0.08750129 1.9494331 -0.21526915 -0.6205672
0 0.06774994 -0.18575653 1.4674276 1.3398701 -0.11859211 -1.1216513 -0.89555967 -0.23149808
36 -0.1524307 0.32403624 0.19594204 0.28296167 -0.16304809 2.3189113 -0.39004335 -0.63333386
48 0.18739627 0.5282576 -0.5536465 -0.6093022 1.1815715 0.64145035 0.29519555 1.2423719
7 0.32947084 -0.16808662 1.1983794 0.92788154 0.20912667 -1.117614 -0.16888389 0.39604723
12 0.795107 -0.1843622 0.5491735 1.3134383 0.17606385 -1.2186751 -0.9794278 0.55075896
25 0.3845875 0.3390901 -0.45416102 0.28736344 0.35867253 1.5741496 -0.6539141 -0.09151518
2 0.687316 -0.0688332 0.80656177 1.6982104 -0.19591793 -1.20155 -0.9943206 0.26584014
33 0.24119982 0.43199825 -0.19230036 1.918854 -0.5968661 1.1868231 -0.605233 -0.51288676
14 -0.086068325 0.5493537 0.04228388 0.59290034 -0.36862126 2.3027282 -0.48891944 -0.5803956
46 -0.504889 0.3422641 0.48287535 -0.28884098 0.2340903 2.0893466 -0.1806752 -0.5147909
15 -0.15938216 -0.23443294 1.7156212 1.1240126 -0.09494248 -1.0034506 0.0073532676 0.05892478
24 0.2340197 -0.16943455 1.1991389 1.4574511 -0.121939816 -1.3029867 -0.9129284 0.21754783
35 0.77523583 -0.019239942 0.46932566 2.0780385 -0.52930856 -0.8213869 -1.1913918 0.22993992
3 0.24867445 -0.036173094 1.0931174 1.4541218 0.045654166 -1.3490652 -0.89274853 0.07901435
32 0.7166234 0.80269814 -0.54826653 1.9287274 -0.45239285 0.8352152 -1.1195108 -0.40356973
11 -0.04193001 0.1695156 0.019285897 0.5635386 -0.25987738 2.470244 -0.7294321 -0.78198844
