50 8
19 0.042363435 0.1841139 0.7324015 -0.1876008 0.28051546 -0.37730643 -0.44835627 0.7092088
39 0.5936083 0.11312082 0.45148748 0.94323355 0.1673365 0.26177245 -0.37027222 0.5289075
24 0.40461233 0.30062607 1.1079631 -0.4404878 0.11978578 0.23480691 -0.54800916 0.12240188
25 0.39802256 0.00042886086 0.28024742 1.0112735 0.53069055 0.56926984 0.10295557 0.07858289
44 0.26585814 0.08783721 0.057386342 0.96208155 0.36155304 0.11587135 -0.021793667 0.8988092
43 -0.1844855 0.08329281 0.93208283 -0.7277428 0.92082095 0.46910325 0.5874184 -0.61405003
40 0.565958 -0.11775451 0.1952907 1.0953416 0.2148347 0.20221613 -0.10201461 0.7935328
23 -0.17123702 0.28564316 0.59332013 0.1929188 0.14021023 0.70695275 0.68137234 0.066476285
22 0.4327835 -0.2409433 0.20581903 1.2829804 0.2329582 -0.1489138 -0.37879634 0.9343264
38 0.3497519 -0.0034074264 0.8382335 0.6717279 0.596137 0.717038 0.19412835 -0.79528457
8 -0.38537624 0.063460656 -0.2701921 1.436977 0.46355608 0.4018235 0.36103764 0.82035774
2 0.5521696 -0.23068726 0.30306104 1.0116892 0.12250191 -0.09888752 -0.5110519 1.0425311
48 0.10516656 0.21200484 0.058890518 0.9801135 0.1184686 0.099613436 -0.117758766 1.1471405
26 -0.8226229 -0.2649151 0.17949773 0.47693238 0.32450956 -0.06737083 0.15077524 0.87117803
13 0.08430953 0.05941974 -0.12209772 1.3560947 0.4956189 0.2950496 0.062310126 0.8040472
21 0.28057292 -0.33535054 0.30695695 0.8674577 0.2313452 -0.28908283 -0.76335776 1.0889355
16 0.26093096 -0.23395176 1.1952058 -1.1708615 0.61036 0.3646355 0.20871836 -0.33639544
18 0.20419809 -0.35300428 0.09072157 1.2463819 0.23796074 -0.11362797 -0.3205744 1.0979407
32 0.6305741 0.15117754 0.27864388 1.2935004 0.08324228 0.5317221 -0.29676905 0.5434045
12 0.2577263 -0.034473322 0.56529284 0.6886171 0.077556506 -0.36286083 -0.87222683 0.9558809
33 0.20300744 -0.1808642 0.13468018 1.375766 0.2955511 0.7409844 0.42541242 0.21865071
10 -1.3519092 0.10133864 0.029992798 0.48232302 -0.09219106 0.4637883 0.86827964 1.015469
37 0.28497684 -0.38980323 0.096168764 1.3027725 0.13011685 -0.31213716 -0.21037231 1.2607892
34 0.24236836 -0.0055859666 1.2591734 -0.64900625 0.4497667 0.52664626 0.17993285 -0.63939804
35 0.35941365 -0.26812726 0.15082005 1.4232295 0.13728821 0.04122205 0.0682785 0.8609998
49 -0.41438314 -0.024077382 1.5740957 -1.6365948 0.5236872 0.1970031 0.26963678 -0.5551117
1 -0.4057228 -0.03147028 1.4665906 -1.3339795 0.56093806 0.66633666 0.33839694 -0.86054
4 -0.8651194 0.4492997 1.1886945 -0.9910929 0.3287521 0.6518066 0.718993 -0.5183609
6 -0.9194822 -0.20915714 -0.28030485 1.1269262 0.44386375 0.45723468 0.6499117 0.87896055
36 -0.5484373 0.35532004 1.3703396 -1.4116724 0.54296666 0.5901901 0.4873891 -0.65419185
30 0.5586084 -0.0146891065 0.08538518 1.5431502 0.32179424 0.12806931 -0.29038832 0.84451485
31 0.22730929 0.19745164 0.11985675 1.0032058 0.15823257 0.39289075 -0.14185488 0.8400391
0 0.6251586 -0.4009288 0.21448076 0.8646788 0.23940757 -0.38877583 -0.8133026 1.3824174
29 0.42875728 0.1835884 0.143376 1.1849097 0.5614949 0.13215648 -0.3230395 0.5625172
28 -0.8498052 0.19583693 0.46459138 -0.42754576 0.35895172 0.3051345 1.0139787 0.41667694
7 0.1901425 -0.13438658 -0.100410275 0.94234145 0.44181445 -0.13071987 0.0788844 1.2003477
15 0.06181526 0.4604468 1.2148916 -0.9299384 -0.06761214 -0.00036521204 -0.4001408 0.45735192
41 -0.88655514 -0.037551235 0.35305947 -0.29758042 0.9036991 0.7041199 1.1996208 -0.24717465
20 -0.6283448 0.15546878 1.0541167 -0.9969716 0.30156192 0.60197306 0.64691776 -0.24420711
45 -0.66631234 0.28850737 1.3011643 -1.361866 0.57726735 0.41557086 0.58096546 -0.53552204
42 -0.6337039 0.26364034 1.0179858 -0.8538509 0.2066271 0.21950957 0.21724813 0.12515582
14 0.5535167 -0.13701749 1.6589328 -1.4069464 0.40211493 0.24554318 -0.4239214 -0.5151545
11 -0.045501776 -0.01306798 1.777953 -1.8157399 0.3545791 0.45727348 -0.11234825 -0.6586119
27 -1.2619511 -0.031751264 0.7451903 -1.0385319 0.49488255 0.6843361 1.1628093 -0.1394293
17 -0.40772116 -0.2050959 1.2955185 -1.6678135 0.7733841 0.15177709 0.3001798 -0.3684416
9 -0.39384618 -0.096777454 1.6554865 -1.6287984 0.29122242 0.082851835 0.27915198 -0.43371737
5 -0.86496305 0.11222742 1.0935166 -1.7090853 0.7271937 0.4243221 0.8916169 -0.2524605
47 -0.65383166 -0.044069454 1.3150309 -1.6538305 0.75927734 0.61921984 0.6542335 -0.69263595
3 1.0266588 0.11086961 1.164449 -0.3099151 0.6630567 -0.43124294 -1.1728783 0.023401955
46 -0.971063 -0.5012965 0.18912922 0.009547511 0.7774581 -0.48516285 0.19501482 0.8395702
