50 8
23 0.43578225 0.5333556 0.6791623 0.41303235 0.67775273 0.2309671 0.052443236 -0.01683188
26 -0.8247748 0.047682952 0.27091888 0.65825915 0.2717154 0.018090999 0.05948583 0.75069606
1 0.31590667 -0.40550917 0.7344776 -0.5250756 0.7383943 0.6247677 0.11417133 -0.08579915
39 0.43027648 0.5073022 0.41082814 1.2362813 0.34550604 0.32304394 0.047153816 0.38828382
44 -0.16357154 -0.078630336 0.6944931 0.7695461 0.5321456 -0.39747307 -0.71887267 0.38076776
31 0.059570104 0.43777338 0.42833626 1.0826085 0.33467975 -0.38129607 -0.51021373 0.8153928
25 0.57992977 -0.20602612 0.64569485 -0.49746904 1.0170177 0.38671818 -0.4857425 0.001372843
40 0.39440024 0.7415404 0.3494966 1.0962831 0.60782856 0.34097382 -0.19024065 0.26250875
43 -0.39245296 -0.23248017 0.05656516 -0.33935553 0.46003973 0.9561822 0.58925796 0.6380449
19 -0.22398105 0.2845963 0.6733177 1.1990057 0.21281822 -0.48324215 -0.6815858 0.63180315
36 -0.46523798 0.08197024 0.7131021 -1.3589523 0.28599694 0.27172646 0.5196998 0.5007139
18 -0.45091432 0.14519435 0.11855814 1.3670391 0.2908069 -0.28719836 -0.47014472 1.1326267
29 0.05288874 0.06793362 0.4994042 -0.9681749 0.9571298 0.13840012 -0.13486744 0.41133398
20 -0.7700623 -0.18431525 0.61036545 -1.2279547 0.27408844 -0.038494445 0.33432567 0.8072443
28 -0.72039634 0.18503873 0.21844378 -1.2521327 0.29227132 0.41154265 0.48783627 1.0297076
42 -0.9241288 -0.08021771 0.5734356 -0.76084924 0.5262801 -0.4194664 -0.092673615 0.77639765
35 1.2779816 0.41601375 0.66116756 0.77773523 0.52622026 0.71901673 0.1974327 -0.16468468
6 -1.4756975 -0.0757896 0.2562336 0.0048428085 0.30482987 0.2246759 -0.050549343 0.7300183
45 -0.56531304 -0.44374287 1.1731249 -0.5523254 0.21328545 -0.2011869 -0.1355138 0.08379244
3 0.58723533 0.4926973 0.8053499 1.2515152 0.36881384 0.0036774953 -0.3170399 0.052109882
38 0.5068192 0.28864986 0.6358854 -0.49019682 0.5498205 1.1942258 0.71570635 -0.1964542
24 0.64606446 0.07280531 0.9414868 1.0853801 0.34384257 -0.2874278 -0.7532337 0.16971987
15 -0.59505206 0.07833079 0.6303888 0.9630095 -0.02648 -0.3545604 -0.5635841 0.76615614
12 0.3805364 0.53793335 0.69268864 1.4401824 0.49270764 -0.21450849 -0.62617654 0.20829003
16 -0.051618062 -0.19904956 0.5446601 -1.5127428 0.58878213 0.42178145 0.22494197 0.5451372
27 0.06592636 -0.14733377 0.7499801 -1.4211947 0.44651532 0.7266916 0.70306385 0.22411449
4 -0.27374247 -0.10915113 0.7299324 -1.6722729 0.33339098 0.8295573 0.69551015 0.34069195
33 1.0735914 -0.40581357 0.66256225 0.6531786 0.032126345 1.0848587 0.9581766 -0.008196347
34 0.39759347 -0.41991985 0.97303915 -1.5860586 0.42226034 0.84970665 0.34096906 0.014118266
30 0.2064959 0.44840893 0.24775225 1.6938121 0.17810445 0.2598337 -0.08055391 0.6441473
0 -0.28775886 0.45233533 0.23872526 1.7871981 0.43224478 -0.4137506 -0.4847976 0.8605038
8 -1.5207738 0.18441716 0.0030448877 0.85430723 -0.11176761 -0.019555971 0.028572477 1.3372709
2 -0.3071463 0.4731483 0.65120286 1.2259749 0.32507136 -0.20615545 -0.2640064 0.30653787
10 -1.1354753 0.08160839 0.1987476 0.29723376 -0.106557116 0.105709374 0.4452621 1.1046805
37 0.1599313 -0.21829543 0.7964748 1.0178248 0.022487506 -0.4600709 -0.42818803 0.6616885
32 0.54249054 0.122032225 0.8143225 1.7261957 0.27113998 -0.040166568 -0.5617879 0.09570754
11 0.2921916 -0.7330069 0.9221434 -1.5493611 0.4680149 0.6198973 0.14332628 0.15801093
41 0.39353067 -0.07089707 0.70348054 -0.7218822 0.5105646 1.1955098 0.94443095 -0.23093316
17 -1.1800841 -0.62991005 0.47413802 -1.3517418 0.178711 -0.04588676 0.281099 1.0832139
14 0.45478 -0.39438948 0.90833044 -1.1257967 0.47986132 0.8334292 0.44735488 -0.09538273
13 -0.17462234 0.48115402 0.032296013 1.4981138 0.3013738 0.106774695 -0.18892252 0.9395819
49 -0.048335854 -0.34196436 0.6636439 -1.8264257 0.3584404 1.1467108 0.89054966 0.23641932
21 0.17631215 0.18176843 0.34365544 2.0997984 0.15536173 0.14338423 -0.40578446 0.63243574
48 0.61450785 0.09219322 0.31694463 -0.30744705 0.40861893 1.1726681 0.87453794 0.28384742
9 0.2028697 -0.37562582 0.8049917 -1.5603794 0.33466616 0.8585175 0.76674056 0.19247727
5 0.44846058 -0.44492048 0.62518793 -1.1364855 -0.04056301 0.7192926 0.892314 0.64329946
22 0.30926305 -0.5330702 0.8844678 1.147835 -0.13772325 -0.3988811 -0.52879095 0.64653796
7 -0.94052947 0.64816785 0.10417281 1.7380083 0.06619289 -0.20771429 0.1693654 1.0402172
46 -1.4819678 -0.22824049 0.44071448 -0.9016083 0.35512602 0.31080335 0.2903877 0.6236842
47 0.45761684 -0.5223005 0.7466843 -1.2193227 0.0057798843 1.151776 0.7776214 0.30512485
