50 8
12 -0.28494903 0.33689865 0.43216112 0.26740804 0.73711294 -0.5708528 -0.8700891 0.7173564
18 0.051592227 0.24395958 0.18056789 0.6588416 0.9092817 -0.40411645 -0.9046259 0.6459092
46 -0.13436364 0.3130352 0.96791184 -0.06577711 -0.089869455 -0.1975072 -0.7344735 0.3326973
13 -0.11389201 0.4826964 0.3469471 0.37036768 0.85710627 -0.5699397 -0.5140854 0.62852305
30 0.04993046 0.2631844 0.17877474 0.6658287 0.80298275 -0.39070588 -0.9906335 0.75422156
6 -0.65018404 0.1123587 0.29427427 -0.33407062 0.82125473 0.46788594 0.17039251 0.74214435
23 0.4836293 0.22049953 0.5711123 1.0502836 0.20769799 -0.22123267 -0.7815544 -0.0883458
19 0.4458247 0.10002121 0.47723204 0.46917477 0.7064483 -0.5088809 -0.8738117 0.58722097
26 -0.8709657 -0.12662701 0.19316943 0.21149075 0.7964884 0.37653932 0.7054792 0.79070127
16 0.30318367 0.102526754 0.55346966 -0.5061494 0.27952847 1.1047605 0.36530498 0.2821998
43 -0.4419681 0.11202217 0.21682352 -0.33055472 1.1000468 1.122924 0.96340376 0.04373631
2 0.5192066 0.26280707 0.652847 0.97530264 0.16546045 -0.63645595 -0.9672137 0.24081895
24 0.5016304 0.35616985 0.500508 0.78756624 0.38088644 -0.5820367 -0.96877825 0.49789464
21 0.4388504 0.2108485 0.6678772 1.184369 -0.17354308 -0.31572685 -1.064799 0.13429727
29 0.2070208 -0.041535065 0.29452965 0.19729236 0.62150323 0.5866981 -0.5842288 0.32784903
25 0.542674 0.32877842 0.6921036 0.7207253 -0.16942075 0.3019448 -0.6701556 -0.2597236
38 -0.12965293 0.1130555 0.71399105 -0.23513335 -0.04036118 1.5035192 1.004889 -0.3023089
28 -0.8371754 0.5272885 0.46964726 -0.6192866 0.4228105 0.7899973 1.0285364 0.60122156
31 -0.3533503 -0.17062621 -0.20756868 0.550582 1.1009343 0.27475303 -0.56490755 0.97274965
40 0.36302504 0.17750412 0.11460363 0.4724464 1.028613 -0.36030865 -1.1076028 0.86380935
27 -0.028400822 -0.033864114 0.78311473 -0.48144776 0.14644209 1.4546667 1.2746516 -0.12965795
48 0.21522082 0.09190206 1.0835736 -0.8930245 -0.17478693 1.1181087 0.5562227 0.05407683
1 0.64237577 -0.07992792 0.19999142 1.060041 0.427277 1.0253788 0.10070119 -0.65260977
14 0.5408302 0.20748915 1.1861075 0.09572002 -0.8342323 1.3622754 0.46159834 -0.88597876
39 -0.21675897 -0.10844425 -0.01649169 0.38597363 1.2858869 -0.04509908 -0.41556513 0.8771627
8 -0.19765516 0.2502568 0.14893618 0.043560766 1.0464752 -0.23881337 -0.5744903 1.069308
10 -0.87751514 0.6109304 0.77151257 0.42153984 -0.4640687 0.18224129 0.3781535 0.24422987
36 -0.10818703 0.05686973 1.1117598 -0.41326505 -0.3961475 1.3712127 1.0218406 -0.40200737
22 0.41991508 -0.04309802 1.0430449 1.448819 -0.46331882 -0.6924416 -0.77702767 -0.14871372
3 0.30502063 0.6149657 0.39927867 1.0784922 0.35440838 -0.83766526 -1.0501473 0.5921133
33 0.41137075 0.38760313 1.0321511 1.4529324 -0.664307 -0.34241557 -0.15408671 -0.5179241
0 0.34389365 0.2285872 0.74897814 1.2197021 0.32474992 -1.1613582 -1.4309633 0.25118518
17 -0.18433875 0.13254067 0.7853689 -0.800398 0.4464463 0.92640424 0.75278884 0.14101598
4 -0.15180436 0.38664412 1.2976378 -0.5451958 -0.5437293 0.9935768 0.9522358 -0.37348503
5 -0.059969563 0.39010766 1.0704916 0.13659328 -0.63495547 1.3617152 1.7566063 -0.6606249
42 -0.9186754 -0.3159871 0.17371927 -0.33438313 1.2070937 0.48985338 0.122950315 0.94229233
20 -0.40282118 -0.09271331 0.89486516 -0.4071804 -0.07873124 0.8013287 0.5088065 0.3377636
7 -0.32697767 0.26418436 0.08918516 0.08905861 0.9839833 -0.40802008 -0.15105289 1.4937832
47 -0.4404491 0.02945048 0.512163 -0.35550717 0.37586847 1.8356555 1.3058579 -0.306913
41 -0.22767684 -0.15724695 0.6654482 -0.117133744 0.046521764 1.8865364 1.3600544 -0.45841402
32 0.4566655 0.4634702 0.7552606 1.4123049 0.11395719 -1.05018 -0.9733713 -0.04086832
49 -0.18645535 -0.12697802 1.0045067 -0.078056686 -0.48188514 1.552956 1.2192214 -0.45490912
37 0.57216173 0.3433452 0.9926863 1.3521987 -0.2016681 -1.1027355 -1.2047411 0.057767607
11 0.06702584 -0.037607126 1.3571967 -0.052971583 -0.77020186 1.533913 1.2447096 -1.0223444
34 0.48255414 -0.10291598 1.3533171 -0.21036854 -0.7013574 1.2886533 0.64277524 -0.81548166
45 -0.47698808 0.22055814 0.3140816 -0.47849733 1.015808 0.9236834 1.1005585 0.2625621
44 -0.18719435 -0.4151752 0.17106026 -0.52972865 1.4564371 0.2636042 -0.47693947 1.0624624
9 0.5179956 0.40055993 1.4014502 0.28133112 -1.2270299 1.4832187 1.2649674 -1.2477235
15 0.13627481 0.572132 0.8854977 1.9040567 -0.99502635 -0.20065127 0.123801425 -0.5444142
35 0.3429197 0.7578653 0.8923553 1.5310378 -0.3618835 -1.3115337 -0.4036876 0.23016153
