50 8
43 -0.5303466 0.52516776 0.3704026 -0.2681699 0.77646554 0.1650552 0.4454354 0.7454105
40 0.36918324 0.26247767 -0.18773817 1.2688591 0.19401425 -0.3197182 -0.20157002 0.55728453
1 -0.328198 0.40032122 0.7587096 -0.7245247 0.87821066 0.69167036 0.37291092 0.33303094
19 0.23317446 0.6682778 0.062379654 0.9554344 -0.16897786 -0.7007273 -0.58115673 0.8016716
17 -0.32190055 0.5849084 0.6661525 -0.62065816 0.50704557 0.16825825 0.18387356 0.7250841
23 -0.2610579 0.43647787 0.81870246 -0.63400084 0.6761336 0.52610576 0.36166418 0.3328089
20 -0.34261146 -0.0881126 0.489146 -0.11340691 0.5524286 0.3152159 0.53456205 0.6905411
31 -0.4600255 0.2515661 -4.0668165e-05 0.27161723 0.6290817 0.058062516 0.49331498 0.9970754
45 -0.16824251 0.43736356 0.93983996 -0.9547201 0.8254831 0.8221251 0.50841576 0.2765045
28 -0.20019074 0.45967323 0.50969315 -0.75071293 0.81215847 0.7525942 0.4346401 0.65306973
48 -0.1602833 0.32396924 0.4400592 -0.81430423 0.9680827 0.7174355 0.62758785 0.69577724
36 -0.20455267 0.19325548 1.354299 -0.86218274 0.6574675 0.69972163 0.3858667 -0.15702231
26 -0.08520822 -0.05227675 -0.092753075 0.49503142 0.9689495 0.09824905 0.72919095 0.6080446
24 -0.38862148 0.63982886 0.30582273 0.047656205 0.29224563 -0.24530394 -0.10895577 0.9313612
27 -0.17877963 0.13452338 0.66709965 -0.9611426 1.097525 0.8070583 0.8036255 0.49273437
8 -0.37356755 0.10314431 -0.37516123 0.95277756 0.7905493 -0.3305097 0.50207466 0.9335327
42 -0.7387987 0.6350849 0.19963089 -0.29422516 0.6122781 -0.023236508 0.5024401 1.179991
29 0.90087074 -0.39600423 -0.6055928 1.3772753 0.9880122 0.3926049 0.022024257 0.16085859
6 -0.24626836 0.12132189 0.18515337 -0.32905728 1.0503424 0.61678094 0.8633023 0.7156451
49 -0.2578803 0.25361848 1.6953794 -0.7788777 -0.17986427 0.3450194 0.040960517 0.075346895
39 -0.4284887 -0.051786203 0.21929282 0.23194563 1.0952557 0.3689298 0.76842755 0.38453448
4 0.23470016 -0.16814728 1.5108004 -1.1433754 0.33849445 0.9719197 0.28266576 0.003349794
7 0.43139282 0.460333 -0.4054312 1.4775168 -0.16590904 -0.6802819 -0.44209096 0.96100545
10 -0.58843154 0.34359556 0.16624159 0.10555453 0.3958973 0.22164677 0.6523685 1.1067345
38 -0.18200657 0.2184041 0.354279 -0.59677005 1.0441647 0.69586134 0.7016663 0.64647317
44 -0.2333932 -0.39934385 -0.105525255 0.26033396 1.3865193 0.4746768 0.9857566 0.57322806
18 0.887946 -0.14124848 -0.46494624 1.9998713 0.19932587 -0.49484137 -0.751179 0.37315056
47 -0.07772037 0.06250431 1.537458 -1.2152743 0.65099 1.000273 0.51061916 -0.1333412
41 0.31014082 -0.34163913 0.8732969 -0.68154 1.1193926 1.1241139 0.5766145 -0.14250845
3 0.85764176 0.22474763 0.6791172 1.4322556 -0.56245106 -0.7643497 -1.2397764 -0.12783301
46 -0.09132568 0.41003156 1.6438711 -0.59784085 -0.18673176 -0.07115272 -0.49847922 -0.025077052
16 0.72471446 -0.46357313 1.1312832 -0.66000897 0.27881885 0.8038758 0.047741253 5.362872e-07
15 0.1987446 1.029285 0.3783986 1.0845915 -0.6028663 -0.7936392 -0.8571466 0.5716098
0 0.5650405 0.100088365 0.17595947 1.5415936 -0.39800307 -0.6625455 -0.8630368 0.46254218
9 0.21705104 -0.05046393 1.4270614 -0.8585407 0.29269215 0.6803421 0.3954944 -0.013824097
34 0.7158988 -0.56165844 1.0912957 -0.54513395 0.7841851 1.0661772 0.26781967 -0.4050054
2 0.73677915 -0.07310655 0.43453088 1.7330934 -0.6476197 -0.7341958 -1.0063359 0.20741387
21 0.7132014 -0.35655192 0.50601625 1.9169924 -0.47147313 -0.5025146 -1.1569698 -0.117780514
14 1.4592199 -0.10427475 1.4747679 0.18022452 -0.76644117 0.4607666 -1.2702197 -0.54033726
30 0.6255839 0.07603972 -0.3278918 2.2041457 -0.28445095 -0.77828056 -0.8647558 0.57624716
12 0.13660313 -0.09899588 0.030877491 1.824664 -0.0014060508 -0.8505473 -0.50857556 0.3579376
25 1.23291 -0.2882155 -0.030369837 1.3362716 -0.0439474 0.16935678 -0.6719855 0.137945
35 0.8212158 -0.31021827 0.2549173 2.1548893 -0.5150763 -0.83135015 -1.0333349 0.0799779
13 0.5916114 0.32312673 -0.7666071 1.6513932 0.2870137 -0.33342975 -0.47610128 0.8430551
32 0.93221307 -0.1538182 0.014712115 2.5717046 -0.6756699 -0.80797076 -1.1630675 0.16595769
33 0.96983576 -0.61399657 0.21196851 2.2616687 -0.3383237 -0.73194695 -0.94576234 -0.029700868
5 0.052615628 0.34211498 1.7019954 -1.3041822 -0.21199174 0.3882563 -0.061773114 0.34121644
22 0.6971739 -0.53031147 0.23676126 2.334736 -0.48649096 -1.0102223 -1.051137 0.20377599
11 0.56148535 -0.2792728 1.8563732 -0.7211695 -0.060952116 0.76740515 -0.41510332 -0.5851666
37 1.4379294 -0.6762312 0.537627 1.8879197 -0.6584655 -0.6194128 -1.1065841 -0.1539578
