50 8
40 -0.4348352 0.62367874 0.4197474 0.1599564 0.17218708 0.0021567303 0.113029785 0.6864513
23 -0.4814225 -0.0004923088 0.49901557 0.6184295 -0.13147627 -0.40055206 -0.2862331 -0.6394065
28 -0.19346024 0.17000149 0.45216706 0.3062602 -0.73737806 -0.86460483 -0.34437326 -0.81640375
1 -0.29536048 0.21379632 0.27039254 0.69213 -0.6639545 -0.44060445 -0.25033197 -0.8664809
17 -0.4848593 -0.15674455 0.59572285 0.3993895 -0.32825714 -0.7570654 -0.64560163 -0.6398328
41 -0.60031354 0.92480034 -0.095861904 0.454003 -0.783175 0.3913683 0.84290475 -0.07393974
38 -0.51160127 0.66974014 0.030276315 0.4235753 -0.76967967 -0.13472833 0.23079713 -0.6049727
20 -0.36648738 0.15812366 0.5194341 0.31869414 -0.7067536 -0.61871713 -0.27494976 -0.8469352
25 -0.06667122 0.80569637 0.2606097 0.32349885 0.62518317 -0.027192773 -0.07819508 1.3776345
45 -0.2222505 0.13758352 0.4577559 0.43874955 0.08875532 -0.8055124 -0.5960867 -0.3732571
4 -0.5387018 0.2582243 0.26335102 0.5088742 -0.85339636 -0.2704397 0.2989016 -0.7293243
16 -0.08063837 0.43996653 0.31104144 0.2408002 -0.96047723 -0.804209 0.09807725 -0.86914444
31 -0.2776612 -0.0065907016 0.42251495 0.54716647 -0.30312985 -0.8590932 -0.35366905 -0.7541837
8 0.14617224 0.129453 0.63142586 0.21728781 0.4844458 -1.0408849 -0.7508336 0.64061064
34 -0.56424344 0.9522463 -0.064413026 0.5107604 -0.7641544 0.55209136 0.5642332 -0.18981119
6 -0.48000866 0.21877167 0.31564116 0.4128058 -0.7265743 -0.6015015 -0.18766646 -0.8573852
19 -0.21413308 -0.34347832 0.9524056 0.4518109 0.34063342 -0.75124574 -0.74995714 -0.03004386
43 -0.496124 0.36326048 0.2243959 0.54281676 -0.96876246 -0.28941548 0.16668844 -1.1059034
44 -0.16487549 -0.1710839 0.7566382 0.28633615 -0.1978811 -1.0619247 -0.91053975 -0.5684532
27 -0.69097996 0.30247632 0.18610513 0.5406395 -0.90182734 -0.38094485 0.03074703 -1.2981744
10 0.15502441 -0.106615216 0.68447703 0.7042198 0.5267322 -0.46840176 -0.396693 0.7048826
24 -0.31958455 -0.34225973 0.7857899 0.44009292 0.34044448 -1.0175611 -0.7517004 -0.30788416
42 -0.5704852 -0.008159081 0.38243297 0.5017379 0.032478 -0.81733793 -0.6250428 -0.6776374
39 -0.78813946 0.20604025 0.05335307 0.6017921 -0.51885444 -0.5305649 -0.19229788 -0.94095886
5 -0.430746 0.091018945 0.33849716 0.6950599 -0.8046358 0.03111294 -0.124267936 -0.42230782
18 -0.0032692505 0.255331 0.7703863 0.2743147 0.6649483 -0.20171311 -0.30171692 1.6018548
0 0.104897596 0.12726963 0.82480305 0.31748012 0.630853 -0.37898353 -0.40479898 1.2308238
12 0.04947585 0.5303206 0.60407394 0.2945021 0.64251757 0.014558983 -0.045330845 1.7527233
2 0.13444516 0.27091008 0.8226829 0.34340236 0.73339254 -0.32388654 -0.3419223 1.0208025
11 -0.7834568 0.605353 -0.075037636 0.62328625 -1.0161394 0.4357342 0.6175636 -0.40850192
3 0.06555628 0.13889663 0.9788854 0.24260283 0.8050598 -0.46511412 -0.4998911 0.9574284
36 -0.5638307 0.5991857 -0.09908956 0.6792511 -1.0285449 -0.22936572 0.20687382 -1.2292647
49 -0.42313606 0.27723515 0.35418555 0.6574033 -0.9465432 0.13169987 0.089352556 -0.7583978
48 -0.2801944 0.48234087 0.06599004 0.39970797 -0.67033607 -0.6923971 -0.0042936304 -0.6599977
33 -0.21777001 1.0943089 0.07486906 0.5118491 -0.038584407 0.77587306 0.93593603 1.3723439
46 -0.5926779 0.2925039 0.10400647 0.6608522 -1.1808896 -0.23925374 0.35511422 -1.1943617
15 -0.41616124 -0.5293336 0.98628795 0.49272504 0.61834 -0.9028298 -0.95004046 -0.32056174
7 0.13664185 0.5479337 0.6397582 0.15718418 0.8182065 -0.3050612 -0.3945356 1.8920969
26 -0.107036956 0.2875575 0.5314629 0.22165829 0.31928048 -0.6510536 -0.17892772 0.52735406
13 -0.10170578 0.58218634 0.51334494 0.44398916 0.5800339 0.27870384 0.45860353 1.8156606
35 -0.12873138 1.1828105 0.034925725 0.49193227 -0.07654632 0.8054402 1.0782093 1.5394024
22 -0.09751984 0.6147993 0.48737812 0.54327846 0.64667267 0.39417112 0.36570328 1.6839398
9 -0.6715909 0.77171016 -0.26788276 0.7391704 -1.1970569 0.29132015 0.67599267 -0.70959616
29 0.10931037 1.182039 0.11153158 0.41007772 0.056683835 0.41120067 0.8044278 1.4013531
37 -0.087586164 0.5909293 0.75299436 0.40299234 0.90863144 0.48355532 0.2778875 1.9904312
14 -0.36205384 1.2510482 -0.033908546 0.5912632 0.15170163 0.9817512 1.0141234 1.1546228
32 -0.25657928 0.8090923 0.45079875 0.37197712 0.609773 0.5419063 0.70351475 1.9248725
21 -0.058093373 0.9189605 0.5657944 0.19490309 0.94014233 0.26106116 0.1808756 2.1200163
30 -0.057473652 0.6754019 0.53570616 0.4577371 0.86563045 0.26084468 0.26756966 1.6806461
47 -0.8133261 0.90343064 -0.19046505 0.65026903 -1.1857437 0.61374074 0.76009446 -0.8381926
