50 8
1 -0.5090985 0.7730681 0.19805859 0.35680723 0.010631278 -0.63776904 -0.10991542 -0.8766562
25 0.060337592 0.81467706 0.17488688 0.1667376 -0.42172328 0.31445718 -0.07761697 0.83200574
45 -0.39965826 0.65264815 0.51789904 0.20177352 -0.23106968 -0.7576262 -0.24683732 -1.0112416
19 -0.26176623 0.17231566 0.4115288 0.3443698 0.7245492 0.34454715 -0.25425163 1.0452465
23 0.104832314 0.50790113 0.22979876 0.2231221 0.21912216 -0.98041475 -0.3074487 -0.11637351
42 -0.5687985 0.55385774 0.38173977 0.1446162 -0.36209613 -1.2011956 -0.011844244 -1.0181439
41 -0.7294941 0.38846716 0.8922716 0.24911256 -0.64960635 -0.3192033 0.19510669 -0.8767076
26 0.014915083 0.38240522 0.072313085 0.5185067 -0.24082461 -1.2458448 -0.50630116 -0.2945816
43 -0.6710994 0.5878548 0.28389972 0.27287018 -0.31752574 -1.0967984 -0.05993936 -1.1122397
6 -0.4309981 0.49762252 0.2401031 0.47920397 -0.5465384 -0.78651756 -0.23063684 -0.7684119
16 -0.5009574 0.92726755 0.7540994 -0.12741004 -0.41752473 -0.07582719 0.27194834 -0.66710454
47 -0.8503041 0.6122007 0.33756223 0.29364666 -0.2484201 -0.8292033 -0.03399175 -1.2115461
15 -0.108374074 0.2547945 0.40473828 0.33162966 -0.29604113 -1.219452 -0.1908312 -0.37614733
28 -0.41148487 0.4665712 0.48296085 0.21205528 -0.4212713 -1.1354625 -0.070592284 -0.87039006
8 0.28211856 0.50223905 -0.18385778 0.5649024 -0.26495916 -1.0570256 -0.46449858 0.20719975
31 -0.5388426 0.34071016 0.60335845 0.30338258 -0.42466894 -1.1647309 -0.027913094 -1.0500094
36 -0.88273007 0.8883187 0.635787 0.030837266 -0.07998605 -0.3407869 0.09003948 -1.2983235
20 -0.7114061 0.5125539 0.9383656 0.021905491 -0.5159952 -0.0616068 0.17275825 -0.7063934
24 -0.026144763 0.15393983 0.11374732 0.49077708 0.915905 0.11415242 -0.16154402 1.4534602
10 0.27510843 0.41038817 0.3035814 0.48034677 0.10345717 0.46484876 -0.055423692 1.469644
18 0.58689004 0.24946721 -0.3296994 0.7684541 0.4407657 -0.38492557 -0.43703985 1.8347428
14 -0.35336146 0.565427 0.33996844 0.36791736 0.151301 1.4387577 0.18027201 1.6593491
12 0.18896042 -0.028314367 0.26060066 0.6316975 0.3615681 0.32633534 -0.03554472 2.111721
40 -0.09168199 0.5374471 -0.16772549 0.40592113 0.26985842 -1.3934183 -0.58696836 -0.44304788
44 0.117190905 0.30301407 -0.0060087247 0.457627 0.15246572 -1.6155965 -0.59088373 -0.30805102
39 -0.35634404 0.52799726 -0.037635006 0.4650716 -0.14937504 -1.4413667 -0.43647248 -0.8612833
13 0.18819997 0.2582222 -0.08817398 0.71666086 -0.079026245 0.09764841 0.03257903 1.6383588
49 -1.0295888 0.5369103 0.68641615 0.27048358 -0.36922413 -0.057520885 0.09170336 -1.0697035
0 0.33904737 0.36719814 -0.0794699 0.43271676 0.9205044 -0.17920691 -0.43807855 1.5181084
29 -0.3334691 0.7021103 0.42243096 0.33461973 -0.4331199 1.0789857 0.30187204 0.92552525
22 0.19889733 0.20724227 0.22347079 0.62163 0.5702154 0.758819 -0.10537058 2.0876617
33 0.09122127 0.03258252 0.49679393 0.42761272 0.65914714 0.7124496 0.046677068 2.2152233
9 -0.9442934 0.60142535 0.66869575 0.23847368 -0.24631727 1.4171382 0.6652665 0.5964204
38 -0.67982036 0.7242925 0.5233125 0.10775846 -0.3576438 -0.2537724 0.078086875 -0.69844353
21 0.05387146 -0.041325137 0.48595458 0.48186433 0.6468511 0.8332551 0.015314383 2.4391115
27 -1.1960549 0.41533405 0.96951133 0.16755937 -0.65378076 0.20261426 0.16873921 -1.0399529
37 0.31492904 0.13491648 0.5546998 0.4378488 0.58775026 0.7606768 0.12668078 2.3247705
2 0.07651474 0.22953153 0.29667467 0.4577676 0.82516706 0.4811833 0.011394776 1.8204583
7 0.41559845 0.3815486 0.05707603 0.5962843 0.27663577 0.6908978 -0.2469867 2.2061508
32 0.102321334 0.251951 0.33380863 0.46363688 0.73909867 0.72788405 0.15301645 1.9967959
34 -0.89724946 0.46695435 1.1689379 -0.048019204 -0.4663921 0.112829216 0.25332794 -0.8290225
35 0.382687 0.25906128 0.17546025 0.39657506 1.2075206 0.20695947 -0.20552881 2.0970907
3 0.49043697 0.47540537 0.1664884 0.39106336 0.92266756 0.42556658 -0.108581096 2.1097355
11 -1.076361 0.57959646 1.166876 -0.07897422 -0.27775997 0.7582921 0.57680744 -0.43347654
30 0.587733 0.5078542 -0.6120836 0.78829163 0.75758594 -0.3765597 -0.6208918 1.6498407
46 -0.54299074 -0.24321365 0.5389238 0.2886754 0.3833151 -0.9327212 -0.39384046 0.053801328
17 -1.0364242 0.14811113 0.86073285 0.23753689 -0.28943586 -0.80775607 -0.21269189 -1.2760975
4 -1.0280873 0.53330016 1.1035012 0.124329 -0.96075624 0.53627175 0.45721045 -0.75122005
5 -0.44604924 0.07835991 0.9574719 0.46789584 0.060192678 0.9784087 0.40011925 0.833454
48 0.19782662 0.9325999 -0.5191873 0.6736716 -0.46291298 -1.3878933 -0.6383844 -0.6643317
