50 8
19 -0.20335373 0.11530574 0.53858477 0.8309512 0.39812186 -0.78811276 -0.17588295 0.13627324
6 -0.087178186 0.16927509 0.12103059 1.034878 -0.011074334 -0.6658161 -0.3566354 -0.045450896
43 -0.3782651 0.5241902 0.36010602 0.4410578 -0.40818068 0.14864886 0.24230622 -0.4987891
1 0.2169688 1.0964465 0.08191437 0.16503087 -0.53073937 0.657101 0.46312988 0.068558596
28 0.23750512 0.5543003 0.3343522 0.5855193 -0.7839352 -0.056508586 0.3952198 -0.45458055
40 -0.08989893 0.41470075 0.56962913 0.6340538 1.2600625 -0.8710817 -0.28655812 0.6669988
39 -0.0011161229 0.7262075 0.652227 0.114659876 0.54168284 -0.28864816 0.10068865 1.0978451
24 -0.038823202 0.40160322 -0.037313044 0.9640645 0.20828384 -0.69155514 -0.2881044 -0.34410658
8 -0.45019153 0.17318116 0.052998684 1.0696833 0.54319364 -0.8301364 -0.2820411 -0.37278917
42 -0.44051078 0.38822183 0.26447803 0.72524077 0.17829144 -0.06989619 -0.357979 -0.84160966
23 0.42009398 0.5995584 0.42806187 0.5838224 0.53248584 -1.1176406 0.12932695 0.46102753
18 -0.38802913 -0.1308342 0.820687 0.91895354 0.839626 -0.79435176 -0.48800978 0.57542646
26 -0.4594276 -0.023648018 0.4765547 1.0290694 0.80717635 -0.6668904 -0.8089839 0.04323618
13 0.20573348 0.18777472 0.3763049 0.92379695 -0.11222746 -1.0601615 0.042550508 0.37259084
16 -0.080037445 0.8546135 0.20924608 0.29814094 -1.0010002 0.70461875 0.38526228 -0.5800909
20 -0.28752786 0.61933106 0.0990413 0.5395658 -0.764551 0.3610519 0.25596666 -0.7000378
25 0.2599712 1.2128351 0.42936277 -0.16893762 -0.8107999 0.42224738 0.41860414 0.30997097
21 -0.20740677 0.5376452 0.64187694 0.32203677 0.94062674 -0.7493737 -0.07687804 0.9200879
48 0.46539545 0.8839303 0.2798216 0.32463238 0.044319157 -0.5622178 -0.0254719 0.90203154
7 -0.21504967 0.05892607 0.023805125 1.2879531 0.60001737 -0.9734727 -0.5354237 -0.26289693
38 0.07032895 1.3773733 0.034366548 -0.1418116 -0.8416688 0.66618794 0.74806505 -0.09837758
14 0.062942825 1.4192661 -0.19780454 -0.029272307 -0.6986234 0.92818314 0.36524883 0.056424882
49 -0.35937867 0.72446334 0.07247335 0.44945848 -1.1013186 1.1925013 0.53386354 -0.7613712
3 0.60968906 0.2831083 0.52373064 0.9516518 0.13133287 -0.8099787 -0.35778973 0.16409194
30 -0.11768431 0.47287813 0.7059081 0.45803455 1.453941 -0.84527385 -0.3045753 0.97945493
2 -0.6415169 -0.0055182944 0.55247134 0.8865826 1.2212875 -0.6447673 -0.4242904 0.37947705
45 0.01883671 0.6149303 -0.2823671 1.0138631 0.13075148 0.13821697 -0.33050066 -1.0808382
41 -0.15771972 1.3508625 0.46318778 -0.48952574 -0.2163962 0.7162387 1.1508087 0.60469484
46 -0.027361307 0.5779032 0.15517834 0.4971194 -0.9812892 0.25323236 0.22561596 0.16935965
35 0.11251627 1.1634742 0.6057099 -0.35808185 0.14349154 -0.088304006 0.6313875 1.3646421
31 -0.092201605 0.11666621 0.17258537 1.2243208 1.0730413 -0.97963697 -0.63108516 0.028908374
36 -0.3877466 1.1325715 -0.12922437 0.15692672 -1.0539925 1.2859081 0.5003028 -0.44424462
22 -0.42601162 0.0009937364 0.9259504 0.69921905 1.2062443 -0.38884658 -0.50915647 0.5678112
9 -0.51767236 1.097863 0.19333379 -0.11282034 -0.9416682 1.3900135 0.7789396 0.02296791
17 -1.1472697 -0.08681406 0.2403546 0.9990733 -0.5723512 0.9835995 -0.40398845 -1.2610654
44 0.29869434 0.22274789 0.748158 0.7510888 0.47342324 -1.0537683 -0.39176708 0.707521
27 -0.71939725 0.66872627 0.06697442 0.3919698 -0.7908011 1.2949162 0.28465086 -0.537641
0 -0.6469501 -0.03319193 0.78838956 0.79275167 1.1446712 -0.7447796 -0.66212714 0.34186584
33 -0.37050998 1.2048876 0.78464 -0.5995674 0.45721596 0.556929 0.37842134 0.9992441
34 -0.17708261 1.2291003 0.19366904 -0.15188171 -1.0143466 1.2343242 0.6328571 0.11277624
10 -0.33915907 0.06679518 -0.102651365 1.337596 0.7103164 -0.17154792 -0.117779225 -0.9863099
15 -0.87467575 -0.54314965 0.50366217 1.4083694 0.7894252 -0.32122746 -0.79481936 -0.21933714
37 -0.20782116 0.25080058 0.8248521 0.50627553 0.98745805 -1.0391322 0.0985052 0.93829536
11 -0.66775614 0.8482167 0.08821922 0.18683185 -1.0865166 1.5037801 0.53650886 -0.44051015
4 -0.6185623 0.9868892 0.059420355 0.07425027 -0.9463544 1.2301385 0.5750347 -0.551447
29 -0.3674012 1.021654 0.01459862 0.14774117 -1.1643211 1.1743602 0.4270559 -0.520872
12 0.7009818 0.3762398 0.42334524 0.80936164 -0.16451639 -1.1724749 0.2523906 0.85614485
5 -0.6821261 0.39931196 -0.07549838 0.775988 -1.1960185 1.4668757 0.06808499 -0.89302295
47 -0.70161235 0.19430466 -0.13186984 1.0249976 -0.19344969 1.1814224 -0.51642674 -0.47802675
32 -0.16369538 0.79428864 0.4667649 0.06302144 1.1898143 -0.14637849 0.016338905 1.6875497
