50 8
19 -0.23418766 0.4218925 0.16298006 0.7151953 0.09677794 -0.34215066 -0.2010064 0.15730031
43 -0.62920624 -0.098434545 0.44603115 0.7258096 -0.215237 -0.9443376 -0.07027438 -0.3241788
1 -0.46384624 0.29197082 0.3122008 0.6982291 -0.8920394 -0.44124448 0.11620843 -0.38884988
18 -0.14962694 -0.13020524 0.513705 0.6411844 1.1906972 -0.630688 -0.45526162 1.211914
24 -0.33683607 0.05445441 0.32494402 0.6996721 0.545399 -0.73185045 -0.47312593 0.38039815
27 -0.867113 0.6897824 0.016482528 0.6512633 -0.6952484 -0.25639728 0.2941756 -0.78026164
36 -0.12505378 0.52774096 0.9334012 -0.06895925 -1.2178293 0.051770255 0.058410924 0.0066124904
23 -0.53345186 0.81060034 -0.19053382 0.67308456 0.47586322 -0.33640888 0.014289705 -0.12795143
31 -0.37184247 -0.24191129 0.31227654 1.0382564 0.21893844 -0.97200346 -0.37104738 0.14452808
26 -0.4272304 -0.38766408 0.63004506 0.7764604 -0.18429096 -0.9482617 -0.3672084 0.13375144
49 -0.63259417 0.90648955 0.46982324 0.23453863 -0.98331463 0.3625489 0.09219862 -0.61477625
6 -0.7542925 -0.013426688 0.33026314 0.89735895 -0.62553024 -0.7104066 -0.100030504 -0.588645
40 -0.59273833 0.58471847 -0.10309478 0.6792894 0.89729947 -0.7109502 0.12594849 -0.058006726
39 -0.5674281 0.5696605 -0.29862195 0.92611074 0.4160022 -0.7152931 0.11616833 -0.21419185
29 -0.45785797 0.4538093 0.4536613 0.23860364 -1.3577629 -0.32798406 0.14101377 -0.33248457
17 -0.45775706 0.2601516 0.69685984 0.28150398 -1.2079499 -0.41872153 -0.24385343 -0.44917455
15 0.3445949 0.12786144 1.1576732 -0.038581938 0.32400757 -0.22630091 -0.4970116 1.1964073
25 0.28018233 0.19153377 1.0070742 -0.1611577 -0.11544866 -0.22619335 -0.5695042 1.2806053
16 -0.4938886 0.82515293 0.41573834 0.19132605 -1.0805897 0.008566582 0.18324122 -0.5077439
42 -0.1782698 -0.5012588 1.1197441 0.30442634 -0.692258 -0.9034326 -0.43777728 0.39791563
10 0.007828792 -0.46295407 0.94704807 0.35040852 -0.3548502 -1.1843785 -0.4566411 0.56717664
28 -0.23207495 -0.23443598 1.120925 0.15156521 -0.9809339 -0.72825235 -0.18227378 0.10456371
8 -0.78467464 0.09106935 -0.15833963 1.1187719 -0.034193564 -0.9522958 -0.10975334 -0.39920354
20 0.1417866 0.100215755 1.3935682 -0.31499395 -0.79957056 -0.22156362 -0.48576212 0.6344146
30 -0.026940346 0.6363981 -0.16305856 0.7811009 1.5639719 -0.78223205 -0.105607495 0.6495013
45 -0.24929209 -0.12475261 1.275629 0.06418297 -1.3667412 -0.35733756 -0.23211664 0.049226183
4 0.02090524 1.4438405 0.48536953 -0.16614456 -1.2993892 0.7836722 0.5381275 -0.057511903
21 -0.15449654 0.5202047 0.3358715 0.5586826 1.5604689 -0.1796029 -0.22502631 1.0266508
12 -0.39102513 0.9616288 -0.7583177 0.915349 1.4717445 -0.64282393 0.19064277 0.53422886
34 -0.26942664 1.2788336 0.5674534 -0.20305297 -1.26781 0.5061671 0.28696942 -0.4057905
14 0.23778993 1.5748738 0.7487564 -0.5734272 -0.9689644 1.015493 0.31214216 0.45264497
48 -0.35379714 1.5351405 -0.2441033 0.3860003 -0.5725925 0.30613703 0.46030292 -0.66566664
35 0.54267853 1.4560493 0.5644129 -0.28351173 0.79005545 0.6872475 0.065464996 1.1574774
47 -0.78119284 1.1054478 -0.4895895 0.8284944 -0.9031303 -0.13036643 0.3276284 -1.0005885
2 0.28013107 1.279424 0.31008595 0.11492035 1.4323341 0.36384088 0.07131757 1.0718606
46 0.06739827 2.0697448 0.1253346 -0.36816737 -0.37765968 1.0092423 0.50941545 0.18410371
3 0.2510775 1.3226128 0.03631654 0.19669078 1.7168757 0.16472244 0.061717156 1.2151192
38 -0.08046339 1.7771513 -0.11065025 0.105552696 -0.7440709 0.76441365 0.41052878 -0.27628198
33 0.3696581 1.3821036 0.65764457 -0.44587243 1.0786686 0.567768 0.028645284 1.3179797
5 -0.37632748 0.053104933 0.5200138 0.57125086 -1.5805321 -0.58627224 -0.13511965 -0.3560572
22 0.5158792 0.6197881 1.3750366 -0.3064115 1.0588177 0.6586562 -0.36597705 1.7607495
41 -0.84320086 1.7777531 -0.6227493 0.61694586 -0.02226688 0.40754944 0.74156827 -0.9379582
32 0.37913868 0.9910048 0.5195157 0.15891166 1.6910002 0.35692993 -0.10054681 1.5186576
44 0.0030664066 -0.56405085 1.3274091 0.17737892 -0.52384675 -1.0428482 -0.6595853 0.5286067
7 -0.79835767 0.0337584 -0.49886316 1.4993321 0.43521672 -1.1276317 0.002564302 -0.2342183
0 0.6550689 1.0912828 0.6226036 -0.06759865 1.7931902 0.27141166 -0.11950465 1.6578013
9 -0.5900766 1.6279634 0.06324293 0.046663858 -1.6334752 0.7409511 0.764672 -0.8042314
37 0.6566968 0.20395198 1.1944684 0.08619373 1.167545 0.092141524 -0.54392236 1.9672618
11 0.13868114 1.4481635 0.5396446 -0.25427243 -1.420659 0.8489425 0.28031147 0.06916046
13 -0.6604688 0.21615511 -0.630488 1.4101557 0.9582662 -1.0749896 0.13397264 0.17349002
