50 8
1 0.32780176 0.14772923 0.39128822 0.86503816 -0.27331114 0.62673783 0.010531393 -0.13607055
14 0.7748504 0.6596588 0.21284193 1.1563507 -0.19571772 -0.23118976 -0.772937 0.21091273
28 -0.4035746 0.3544003 0.36294863 -0.23731774 -0.1772282 1.4389664 0.60416365 0.3955926
38 -0.32281932 0.12376815 0.46120983 -0.037180107 -0.18154438 1.2197714 0.80961555 0.3360424
10 0.33366507 0.578483 0.019841665 1.1428468 0.011958545 -0.5527071 -0.8826466 0.6543478
22 0.809648 0.50679946 0.3193138 1.1402909 -0.23559014 -0.6271134 -0.96387494 0.40847042
45 -0.78390455 -0.17556454 0.79642606 -0.448879 0.33088526 1.0878595 0.7391266 0.06530159
27 -0.5668788 -0.21462014 0.6698511 -0.5275046 0.28479233 1.381124 0.88519084 0.2431193
25 0.6731248 0.36464804 0.115218945 1.1861297 -0.1376243 -0.043221112 -0.69816923 0.25802007
46 -0.7694059 -0.19008337 0.5798648 -0.7205852 0.4031628 1.3042305 0.64983267 0.4995511
43 -0.63394964 0.015991937 0.6020272 -0.71466386 0.57140523 1.4062067 0.6997115 0.18216543
39 -0.46719527 -0.44218305 0.88763463 -0.7179935 0.8554116 0.91324896 0.7897008 0.0014438619
34 -0.016613053 0.11910101 0.57565194 0.0020952502 -0.36904952 1.2871985 0.7476054 0.093209386
36 -0.2181109 0.2555979 0.7465775 0.1493854 -0.42639148 1.2588366 0.8847911 -0.17376575
19 0.7843205 0.2532717 0.34183118 1.1223367 0.32311016 -1.2978046 -1.1764661 0.679398
48 -0.6430799 -0.06069059 0.7932345 -0.5851837 0.37682524 1.397878 1.019794 -0.029031996
17 -0.40853873 -0.44554788 0.89035064 -0.76632583 0.76690394 0.61018634 0.85484123 0.30651626
4 0.124525316 0.30756125 0.6063927 0.71447515 -0.7456678 0.67362213 0.03253709 -0.0642164
21 0.6016055 0.31846738 0.21577722 1.4259688 0.05706197 -0.656621 -1.0577886 0.24682194
37 0.8192358 0.1233253 0.5680598 1.1681157 0.21026948 -1.1797736 -0.9207006 0.2897656
41 -0.50404674 -0.15240514 0.6360232 -0.17605637 0.26193094 1.3196223 0.9331516 -0.042159423
33 0.7343664 0.6369581 0.16280326 1.3715042 0.06797728 -0.88283265 -1.1369407 0.39651504
18 -0.078841016 -0.37974238 0.43051907 -0.22988603 1.863859 -0.9805338 -0.45203397 0.67920476
49 -0.39785716 -0.049780767 0.6725963 0.08974761 -0.47995275 1.6464486 0.9748515 -0.08742206
40 -0.64598686 -0.67483646 0.83076584 -1.0787008 1.0349578 1.0390737 0.92648935 0.40967885
13 0.59335613 0.51738966 0.070776224 0.73207295 0.6402185 -1.123715 -1.1330929 0.9072457
24 0.8251348 0.71875453 0.35354584 0.9993417 0.26928422 -1.1059525 -1.1519891 0.37377796
32 0.9561447 0.63028574 0.36095777 1.0980604 0.21062088 -0.72146595 -0.8418734 0.12269195
11 0.24325088 0.5269659 0.38084558 0.66463107 -0.6657311 1.2441586 0.071787864 -0.2382829
8 -0.9138988 -0.63229316 0.647856 -0.632667 0.8824777 0.29736724 0.22597674 0.670184
30 -0.21789941 -0.4030454 0.70001316 -0.07356711 1.386555 -0.79101664 -0.23223352 0.29887018
5 0.8430525 0.73014146 0.048897274 0.8463663 -0.23356 0.22376987 -0.22115965 0.40787086
42 -0.7180041 -0.5162909 0.829121 -1.090793 1.0777926 0.97436416 0.91337335 0.382234
35 0.990042 0.54810053 0.4717272 1.180754 0.19040568 -0.85999227 -0.92453927 0.061401386
16 -0.5445519 -0.0021545894 0.35352063 -0.22046337 -0.2419542 1.7468048 0.57270557 0.34183642
6 -0.7949558 -0.58021176 0.9950349 -0.7624451 0.91484267 0.25242415 0.45271266 0.3530563
9 0.43803418 0.7908286 0.17675991 0.9024323 -0.86421627 0.8996158 -0.24694239 0.09881388
29 -0.6311225 -0.024509579 0.2410402 -0.27081648 0.8793728 0.46627682 0.021855433 0.5654533
2 0.79103976 0.65508145 0.44548813 1.0158716 0.5873244 -1.6268294 -1.202784 0.5439924
31 -0.7180079 -0.5380463 0.7889793 -0.9142817 0.7162956 1.0180889 0.8297646 0.43125495
15 0.75749105 0.47677472 0.52061695 1.2400483 0.35270265 -1.5255406 -1.1738673 0.40394425
23 0.86238456 0.6001364 0.41697457 1.0676364 0.49992216 -1.4742808 -1.2688185 0.5244302
0 0.58590126 0.3281673 0.537846 0.84357387 0.73860466 -1.3237945 -1.2077379 0.28207123
26 -0.71604496 -0.6564459 0.954903 -0.96071875 1.1588296 0.06958257 0.8085788 0.65861034
7 0.87182075 0.21804814 0.3595375 0.9039772 0.42217118 -1.2806649 -1.0295902 0.81474054
47 -0.55877954 -0.3539655 0.77117956 -0.35182095 0.33031726 1.2734842 0.90312755 -0.027689213
44 -0.826526 -0.89127266 1.0557607 -1.081329 1.1240456 0.7184992 0.79197764 0.33666018
20 -0.2366769 0.07526514 -0.05638117 0.5509667 -0.26421025 0.49332127 -0.08032755 0.95232046
3 0.78189224 0.3330392 0.37018824 1.0566329 0.79912007 -1.5736351 -1.0668807 0.5758606
12 0.83571523 0.67736083 0.3968578 1.532044 0.22273755 -1.6311189 -1.424786 0.42633337
