50 8
40 -0.24651763 0.8662836 4.4832588e-05 0.7159762 0.004159979 -0.12948285 -0.040560447 0.3309528
12 -0.111841105 0.11279347 0.376982 0.86291254 0.5322927 -0.24793293 -0.24875632 0.6812615
43 -0.54488033 -0.52483296 0.28482533 0.90602446 -0.31725642 -0.51871246 0.245341 -0.771405
49 -0.56687903 0.41775155 0.41646957 0.19789691 -0.642216 0.18636449 0.43034232 -0.4294765
1 -0.6329974 0.27748796 0.13605997 0.47068357 -1.1011692 -0.117719844 0.5724655 -0.7486175
23 -0.091155045 0.859905 0.6005515 0.118826844 0.2564173 0.23230208 -0.09042125 1.222099
28 -0.5096892 -0.08378883 0.28002968 0.61053157 -1.0161904 -0.2875803 0.33242092 -0.7414775
27 -0.62676495 -0.21117094 0.26900676 0.6317941 -0.8983726 -0.24614947 0.26675686 -0.6877161
25 -0.10143532 0.77866334 0.7284333 0.07305015 0.21113032 0.20241596 -0.36252594 1.2340909
41 -0.5466112 0.36516646 -0.042786576 0.7832303 -0.6957927 -0.18094347 0.4062024 -0.7328292
36 -0.62726134 0.22482254 0.0041685193 0.6721652 -0.98977256 -0.07857469 0.6866027 -0.9276516
39 -0.29371816 0.5100052 -0.14469805 1.1836455 0.048663694 -0.34777537 -0.35594213 0.10336856
29 -0.38227212 0.99537694 0.08473681 0.28382632 -0.76646626 0.048539493 0.5064357 -0.059929263
19 -0.05875209 0.18614672 1.1971956 0.05695327 1.0780467 0.39961672 -0.30789137 1.188703
34 -0.5998502 0.72769195 0.07814109 0.3962432 -0.6346707 0.17111349 0.40711677 -0.19668703
42 -0.52894753 0.42848533 -0.2321311 0.9353829 -0.8506657 -0.2885806 0.41084 -0.39461464
26 -0.22769034 -0.32586792 0.48210892 0.84770274 -0.06994115 -0.59683317 -0.2088435 -0.39146772
45 -0.44997236 0.48004344 -0.037472464 0.8371597 -0.51721525 -0.27969512 0.3293602 -0.71800226
16 -0.23412763 0.43609715 0.9151489 -0.47310168 -0.7113693 -0.0031632544 0.9452181 -0.61335355
46 -0.4195365 0.3478921 -0.18254916 1.0119997 -0.8977612 -0.46631232 0.37470847 -0.86417097
6 -0.62740016 -0.3200586 0.051353607 1.068038 -0.5936123 -0.38641262 -0.013885899 -0.5773712
38 -0.4424248 0.5949951 -0.0695923 0.69793683 -1.0166042 -0.46154225 0.48354802 -0.9083372
7 0.013995018 -0.28858772 1.2411377 0.2514845 1.0431333 -0.065799095 -0.4254243 0.94731987
21 -0.18900825 0.593437 1.1152698 -0.18304686 1.1541542 0.52680373 -0.0125819845 1.2604934
13 0.14535436 -0.23986208 0.61514646 0.82542723 0.39151958 -0.42623797 -0.3325453 0.79837024
48 -0.003069197 0.76560163 0.51326776 0.22937071 -0.07035348 0.10050851 0.28525642 0.3002786
31 -0.44428724 0.52615005 -0.56495917 1.4655617 -0.47153148 -0.4649655 0.2566384 -0.57398045
14 -0.6081594 0.6187796 0.87315345 -0.55037355 -0.2203053 0.6128231 0.5643247 0.15547618
24 -0.3455123 0.77395684 1.0507687 -0.35757467 1.0961356 0.937041 0.23618001 1.4134946
20 -0.6653826 -0.14806636 0.39645153 0.47217846 -0.9189801 -0.5264994 0.10709476 -0.9103655
2 0.02152941 0.54774004 0.9128333 0.243181 1.1404562 0.39219543 -0.17725645 1.5975639
8 0.06390261 -0.034538575 0.15223557 1.3126928 -0.21764867 -0.95754844 -0.4468491 -0.14377987
18 0.09954038 0.11793789 1.0445718 0.38866717 1.3540096 0.14513317 -0.29888454 1.4640542
30 0.19894558 0.37765545 1.0134773 0.3826309 1.4909122 0.00016660582 -0.3060305 1.3282266
44 -0.12617904 0.5186786 -0.4086215 1.3739841 -0.946681 -0.68164086 0.017384756 -0.22882155
15 -0.05340982 -0.29625043 1.5319098 -0.14573064 1.2802022 0.17796257 -0.13851608 1.2439888
17 -0.77637446 -0.8550905 0.89763606 0.1900853 -0.671813 -0.2636301 0.39574835 -1.1737098
33 0.3117379 0.43459126 1.414613 -0.017703714 1.6312655 0.20875663 -0.3490832 1.5285653
10 0.117371276 -0.79709375 1.4049546 0.1374199 0.78072566 -0.40155074 0.29415148 -0.088416934
4 -0.75823253 0.025583731 0.5678555 -0.079273745 -1.4513297 -0.09505676 0.8349313 -1.1784985
9 -0.7568543 0.4180702 0.5205641 -0.36348602 -1.240062 0.22393197 1.0519459 -0.59169376
32 0.3019287 0.6374644 1.0589167 0.19241351 1.5637167 0.33846587 -0.047099434 1.6856959
35 0.16152473 0.19738062 1.4925983 -0.08427021 1.6998287 0.29373336 -0.13959327 1.4425614
3 0.06815108 0.56972104 1.2144957 0.06837286 1.453257 0.48244008 -0.30650675 1.5454235
5 -0.47841102 -0.2758815 0.95451653 -0.17602748 -0.8361044 -0.02502132 0.9486496 -1.0378823
11 -1.0772903 0.1429549 0.26354316 0.08618949 -1.4496299 0.22324033 0.8046681 -0.92517203
0 0.096242994 0.51239246 1.3692918 -0.14139643 1.6146252 0.5091028 -0.15404628 1.7141623
22 0.27864867 0.11201419 1.7260125 -0.13957188 1.7434019 0.26853487 -0.4472659 1.4384209
37 0.22975573 0.19166882 1.5497942 0.06886449 1.8873869 0.1632736 -0.448021 1.4390113
47 -0.60070777 0.48428914 -0.44622338 1.2583128 -1.0972666 -0.45247105 0.25410265 -1.0281565
