50 8
24 0.2823941 0.018737758 0.8705702 0.88817096 -0.041908633 0.121535614 -0.6997452 0.09421881
15 -0.48137486 0.27765414 0.21704653 -0.06337539 0.5471416 0.6161278 0.6724104 0.73878825
1 -0.14474976 -0.12476906 -0.022265082 -0.3330667 0.1886822 1.2160766 0.97109634 0.099196754
26 -0.44938332 0.045803625 0.59747607 -0.050703682 0.49125668 0.24621184 0.3579206 0.99343336
27 0.051118717 0.06515857 0.017722834 -0.3946 -0.13668802 1.1941116 1.1064162 -0.12255764
23 0.39876392 0.16062227 0.6314666 0.8723774 0.36277193 0.24564596 -0.4244118 0.19853137
48 0.010623459 0.03574383 0.15123351 -0.019269548 0.33437535 0.88099706 0.44549754 0.47713122
29 0.19600327 -0.11407752 0.63702893 0.21033233 1.0446521 0.46067247 -0.14587295 0.5456365
2 0.23841497 -0.045040656 1.0989628 0.99259925 0.026406242 -0.1453985 -0.71044433 0.06465754
39 0.11642182 0.27103406 0.33588943 1.014728 0.9825154 0.416217 -0.5001137 0.6906482
6 -0.20402491 0.07228489 0.41758108 0.12983885 1.0416588 0.570031 0.24421144 0.60598505
44 0.08845879 -0.21507625 0.44329777 0.14436083 1.1387652 0.63023776 0.06262643 0.68263096
43 -0.047374368 0.29392186 -0.23496765 -0.36315373 0.111544676 1.2463851 1.3016431 0.30756676
20 -0.30493063 0.1251077 0.07886256 -0.5868841 -0.45624325 0.988276 1.3210621 0.21156867
40 0.35963303 0.6686187 0.6081831 1.0490438 0.7587166 -0.06008317 -0.41719106 0.7793552
31 0.14786418 0.45735475 0.45913532 0.68462396 0.66646034 0.21052699 -0.28835663 1.0221777
34 0.384215 0.06506595 0.16658607 0.009314284 -0.3261637 1.0663136 0.5144116 -0.36661658
38 0.09997992 0.13668144 -0.17594679 0.08430454 -0.059597295 1.2152008 0.87716055 -0.13410568
36 -0.4443186 0.17749646 0.070774056 -0.32360286 -0.45279032 1.0825146 1.1478702 -0.40837586
19 0.39647624 0.19252616 0.7703365 1.1262795 0.88533074 -0.11708441 -0.559571 0.7629567
14 0.16831787 0.22879545 0.3919237 0.12405614 -1.503104 0.96012086 0.39615175 -1.1032413
13 -0.17931087 0.4309132 0.41776094 0.8148923 1.0173367 0.109378405 -0.15793337 1.1376059
8 -0.13559715 0.07112189 0.7039073 0.58662164 1.1015469 0.057605848 -0.2681982 0.93882394
7 -0.12989488 0.2949453 0.4830557 0.5364782 0.82523024 0.16350023 0.023903867 1.0256932
42 -0.37779152 0.1666049 1.3085021 0.6767411 0.4883092 -0.60979116 -0.5519772 0.8270376
4 -0.26421788 -0.13568483 0.5038209 -0.59277225 -1.13288 0.9625949 1.0949053 -0.89708626
12 -0.03333294 0.4303743 0.9357167 1.128586 0.631377 -0.42269385 -0.6719434 0.9517074
18 0.20741512 0.42864186 0.9755926 1.2376096 0.3804922 -0.420497 -0.68863034 0.62164587
30 0.41489708 0.14754349 1.4251677 1.0971725 -0.13270603 -0.5608873 -0.9432531 0.12543826
21 0.13027231 -0.41372555 1.4172047 0.86839974 -0.33915073 -0.28254262 -1.0568111 -0.014083389
0 -0.15568386 -0.058890317 1.4484055 0.93510735 -0.052047342 -0.60079426 -0.9284506 0.53455913
41 -0.37231258 -0.100834556 0.079750635 -0.56164074 -0.49836913 1.327742 1.2925885 -0.63858074
11 -0.149128 -0.5206986 0.4751158 -0.7272512 -1.269512 1.2167122 0.942991 -0.88375735
9 -0.22889835 -0.02588309 0.16390774 -0.3599516 -1.0867205 1.2357762 1.1356821 -0.8223932
28 -0.19567095 0.08997101 -0.24358888 -0.46388578 -0.292786 1.4834903 1.3357503 -0.18235764
49 -0.2608418 0.045161422 -0.021492444 -0.59375584 -0.5501238 1.4075242 1.2445958 -0.3934191
5 -0.35551617 0.0035548112 0.29506114 -0.6174165 -1.1403497 1.0717409 1.1728038 -0.5587848
25 0.5453784 -0.14294203 0.60527796 0.20457107 -1.1853352 0.86472565 0.14403448 -1.2082206
22 -0.0660979 -0.152223 1.4777693 0.52346534 -1.730246 -0.2879815 -0.66039944 -0.5622698
45 -0.47162852 0.2907108 0.19299808 -0.64090604 -0.730719 0.9401549 1.342218 -0.10780753
3 0.070704006 0.27121717 0.9702165 1.0593925 0.9039357 -0.2865847 -0.7700655 0.9197267
16 -0.1094174 -0.22889064 -0.11282525 -0.5549023 -0.9648769 1.5149266 1.299997 -0.4528336
10 -0.5461715 0.36278906 -0.2781249 -0.2823611 -0.21989062 0.9908412 1.2954787 0.9107074
32 0.39419854 -0.39458862 1.7299325 0.87196696 -0.44712117 -0.4096337 -1.1278825 -0.41916007
17 -0.89542544 0.4045632 -0.17403051 -0.70096695 -0.6743236 1.1213603 1.7385757 0.29976588
37 0.16517319 -0.5539937 1.8775575 0.95249677 -0.641983 -0.6282513 -1.2926254 -0.21615763
46 0.0112272315 0.32393917 1.6350238 0.44606915 -1.42527 -0.28671396 -0.6951707 -1.137434
47 0.35397157 -0.49657163 -0.0008824698 0.039422624 0.65177125 1.2913446 0.70152044 -0.1884781
35 0.15829323 -0.04221427 1.5316578 0.76811826 -1.6667316 -0.29911768 -0.59893507 -1.122972
33 0.009732487 0.106819764 1.4698477 0.6964499 -2.0132434 -0.20827495 -0.49261463 -1.324749
