50 8
1 -0.31738675 0.058958154 1.1050485 -0.40974763 0.5858189 0.5139395 0.645791 0.18721835
43 -0.041669995 0.24425198 1.0189403 -0.6220329 0.74851984 0.3221229 0.4964696 0.29063216
19 0.21153595 0.43403867 0.076635145 0.26207954 1.0765085 -0.29216206 -0.9828725 0.6337966
28 -0.4114216 0.40338367 0.9820769 -0.54638636 0.3648399 0.4457966 0.8196862 0.40038383
36 -0.4784624 0.38012975 1.0979836 -0.3010134 0.21846208 0.6509346 1.0536653 0.11349282
39 0.14144966 0.30250028 0.289306 0.2732724 0.9902076 -0.033945825 -0.5766558 0.38199678
49 0.10629502 -0.09176566 1.1135852 -0.66928166 0.69443685 0.23997797 0.5354092 0.36073503
26 -0.6090901 0.11812355 0.2266331 0.16323529 1.0325832 -0.10373862 -0.60541445 0.7026696
18 0.12532558 0.06524132 -0.19789208 1.4900494 0.4232908 -0.56673163 -1.104634 0.51495206
6 -0.48374835 0.10141761 0.6489085 -0.39455834 1.0547925 -0.02262011 -0.19534723 0.565702
23 0.5652352 0.27808842 0.6381922 0.05612607 0.96588105 0.19457936 -0.07681601 0.06886006
20 -0.32090098 -0.08078501 0.75408554 0.28243333 -0.57054234 0.14199767 0.92357093 0.50021905
29 0.07246004 0.18134448 0.5277194 0.14502831 1.097346 0.19646752 -0.20148936 0.16326098
27 0.23633112 0.14607449 1.3954724 -0.8291605 0.4086169 0.4608984 0.8596654 0.14673738
42 -0.55561054 0.23615423 0.7785501 -0.525633 1.0365498 0.08871078 -0.32128826 0.55060166
9 0.886926 -0.26020306 1.3489956 -0.018850474 -0.9845124 0.05908674 1.1978271 0.22824487
48 -0.26793534 0.25524566 0.973265 -0.51566076 0.64334553 0.5283169 0.50891626 0.3522453
31 -0.61143094 0.5234176 0.164175 0.1287092 1.1214185 -0.08144638 -0.8788582 0.68726254
24 0.506536 0.37853116 0.16504647 0.59516686 0.8994181 -0.09888857 -0.9194752 0.32913032
17 -0.18893325 0.25444248 0.9195734 -0.71119463 0.84318304 0.29961962 0.27033004 0.5016207
2 0.5723154 -0.13519968 -0.38716412 1.5260177 -0.0004560098 -0.7623514 -0.80068684 0.85342735
30 0.15986337 0.033460733 -0.3324636 1.7161314 0.38150305 -0.64325655 -1.2359569 0.5353618
12 0.34589666 0.0555418 -0.4932476 1.7591523 -0.18064897 -0.6736334 -0.6597232 0.8100046
4 0.16407277 -0.10311933 1.1439507 -0.03069593 -0.6415687 0.22964616 1.4361907 0.25209188
16 0.27239254 -0.06370634 1.2779584 -0.7198217 0.20464525 0.38117266 0.8693349 0.35943377
15 -0.82496995 0.680503 0.31221044 0.16402319 0.55642796 -0.061793912 -0.6900094 0.67648494
25 1.0614582 -0.29414293 0.15956669 1.2468389 -0.6778593 -0.23771347 0.15195392 0.5704343
34 1.1658384 -0.48876506 1.2897319 -0.34651616 0.46722528 0.34221363 0.82263213 -0.05332648
45 -0.82791185 0.6891374 1.2277746 -0.42576793 0.47399455 0.61904514 0.37110123 0.037495505
13 0.14809611 0.27540946 -0.5976442 1.811823 -0.21021694 -0.7934716 -0.84019625 0.9189159
41 0.9518034 -0.22279699 1.2055602 -0.40955716 0.5503273 0.3667978 0.97876394 -0.05089221
38 0.27357084 -0.11894503 1.0868917 -0.031763647 -0.10843151 0.44792786 1.2355269 0.116291374
8 -1.3781779 0.27607504 0.17843047 0.3234053 0.49141032 0.0586878 -0.3342009 0.876976
40 0.33656958 0.35363352 -0.14500241 0.7247442 1.066729 0.10516497 -0.78063685 0.48815826
5 -0.24022162 0.11805887 0.98915404 0.09052559 -0.82870746 0.2240793 1.1297321 0.4781876
46 -0.80445015 0.4920024 1.2411498 -0.5095967 0.20037438 0.5705961 0.5649723 0.21403481
3 0.6855697 -0.18576781 -0.32140732 1.5370486 -0.14061671 -0.8207677 -0.82080877 0.84041274
14 1.1439406 -0.09612069 0.73672706 0.9725902 -1.2724165 0.08943035 0.9832285 0.21496437
35 0.30065048 -0.28401062 -0.13765047 1.8606706 -1.3105173 -0.6082983 0.32505444 0.90189344
7 -0.087634 0.26780328 -0.54653233 1.7482904 -0.24967913 -0.6854574 -0.849393 0.9907703
33 0.43675825 -0.14577036 -0.042136822 1.8986197 -1.3650022 -0.35539037 0.4527617 0.66405076
21 0.40375897 -0.39042428 -0.22882167 1.8825759 -0.781057 -0.5580446 -0.21784146 0.80003184
22 0.31453833 -0.35259935 -0.18241823 1.7870895 -1.0725677 -0.5882796 0.034018606 0.8964643
11 0.36652207 -0.4143054 1.4891695 -0.43557814 -0.4876849 0.580756 1.2415357 0.28958842
10 -0.29345134 0.17594174 0.23482727 1.1202953 -1.069856 -0.35210913 0.22487138 0.763863
0 0.7899515 0.08880933 -0.46784025 2.019458 -0.11633914 -0.80267805 -1.0856614 0.6064113
37 0.3097938 -0.10930672 -0.24421346 1.9565572 -1.2493135 -0.60371184 0.08668279 0.8725152
44 -0.9497892 0.47501886 0.40668833 -0.14616086 1.2227969 0.17233166 -0.65577865 0.6117603
47 -0.70679456 0.06448726 1.4968022 -0.68095607 0.30764958 0.71773964 0.8405372 0.1286126
32 0.564375 -0.123408 -0.49563718 2.2598643 -1.2340716 -0.64515513 -0.053349834 0.9071812
