50 8
19 -0.4790129 0.2583293 -0.15369056 0.47886616 -0.2313257 -0.64242244 -0.5032515 -0.30146793
42 -0.52521056 0.4063068 0.27954865 0.18162897 -0.18569425 -0.58276457 -0.106024995 0.09677104
36 -0.019230654 0.8409561 0.26645267 0.35200042 -0.8384672 0.52963173 0.08001235 -0.47528425
40 -0.7763091 0.26451033 0.2185248 0.58906883 0.52974606 -0.83933806 -0.053226553 0.5587596
28 0.10316242 0.5722865 0.047188647 0.36886 -0.91857344 0.019120906 -0.50489455 -0.6718591
24 -0.339235 0.7373277 -0.14908151 0.15247227 -0.2734796 -0.20098895 -0.37831506 -0.61814666
48 0.17115258 0.79978186 -0.48524985 0.53537804 -0.52462506 -0.15678133 -0.40607104 -0.54701024
39 -0.56848645 0.61275744 0.51230484 0.32425225 0.72981876 -0.778243 0.125234 0.81891125
17 -0.25859168 0.46699533 0.12232927 0.3069331 -0.8237454 0.106300816 -0.5449107 -0.6219395
41 0.30586022 0.7693189 0.029678589 0.49207073 -0.7206432 0.13599522 -0.10922863 -0.8810367
26 -0.48320976 -0.12073726 -0.084008045 0.6705999 -0.61176866 -0.6918563 -0.8325985 -0.14586718
31 -0.56896776 0.15760952 -0.063440636 0.6735701 0.42121807 -1.0649482 -0.44578084 0.47306517
43 -0.85204905 -0.031623345 -0.22293586 0.6349182 -0.2704096 -0.7107009 -0.5756483 -0.049406648
6 -0.8536901 -0.0013979524 -0.3811042 0.89203334 -0.20314343 -0.4507853 -0.62178475 -0.06424217
12 -0.4712891 0.3427086 0.02726955 0.5813192 0.39782158 -1.0704 -0.006018313 0.5706305
16 0.11461591 1.0267879 0.059806366 -0.010049458 -0.9248626 0.29240185 -0.2649626 -0.97694457
18 -0.9228935 0.2401512 0.07770069 0.6625598 0.7244888 -1.1143973 0.051238723 0.80811274
23 0.06133285 1.3376014 1.0320319 -0.24146831 -0.13794868 0.6131146 0.29044726 -0.36248446
46 0.27305776 0.8653701 0.2522158 0.23100738 -1.2126662 0.44588324 -0.11607975 -0.8004128
20 -0.05192191 0.6019192 0.43391916 0.16696903 -0.96245384 0.38015848 -0.44592974 -0.9489896
2 -0.4370179 0.45836434 -0.38214526 0.64914775 -0.034088075 -0.34281906 -0.4759201 -0.08867105
27 0.017023535 0.7856868 -0.062880166 0.3717296 -1.062586 0.5828789 -0.4219144 -1.0207167
45 -0.18610843 0.5605714 0.33589196 0.30927467 -0.80702424 0.25478315 -0.27753162 -0.694838
1 0.37506157 1.195158 0.9078628 -0.08802578 -0.97580814 0.9148875 -0.01053318 -0.7160289
34 0.29582885 1.1662654 0.4097132 0.14666314 -0.71768266 0.75720197 -0.19058704 -0.64963186
15 -0.71806455 0.004579968 -0.09077105 0.6419671 -0.068721816 -0.94828945 -0.31046993 0.09001285
25 0.0014786043 0.81429887 0.89871067 -0.15856658 -0.34874612 -0.12743127 -0.0002461815 0.2938583
4 0.28490242 1.1820681 0.67480856 -0.012805269 -1.0366958 0.8360279 0.18487994 -0.8186303
49 0.13709566 0.8291808 0.5555719 0.046982333 -1.1283314 0.6318257 -0.3850241 -0.7944686
38 0.48933008 1.7226079 0.79962534 -0.35045645 -0.004623192 0.57202065 0.28319883 -0.36798146
29 -0.5186738 0.035591353 0.14196996 0.6737139 -0.8902289 -0.28782752 -0.026209353 -0.2997417
10 -0.22150794 -0.21540691 -0.101904705 0.9603026 -0.8468276 -0.90986377 -0.2391128 -0.0074679363
30 -0.6654111 0.41736403 0.09060629 0.6059174 0.903948 -1.2401031 0.16350773 1.030577
44 -0.51209724 0.07139843 0.31325117 0.55426174 0.11809039 -1.0369948 -0.28371304 0.6698763
7 -0.48576748 -0.06286704 -0.41789114 0.9461663 -0.024924891 -1.1290311 -0.5819918 0.16732128
14 0.45259273 1.4717535 0.587618 -0.12905942 -1.0454531 1.1248283 -0.104181245 -0.8086618
13 -0.7492338 -0.0024323934 0.5274844 0.88366586 0.64094883 -1.379191 0.58414334 1.0129881
9 0.4513044 1.541614 0.7210592 -0.19941035 -0.5414842 0.9776421 -0.0394719 -0.55217457
0 -0.92772216 0.08978728 -0.5154023 0.80169326 0.38066283 -1.0032368 -0.5845777 0.2448587
11 0.3497979 1.1222734 0.62015605 -0.113387294 -1.2401012 0.8561202 -0.25561106 -0.9458336
5 0.19880192 0.7105142 0.12957145 0.37091178 -1.4236237 0.57919544 -0.314433 -1.0590397
35 -0.065556414 1.4347852 1.3440064 -0.34251666 0.68719345 0.22611201 0.4568112 0.64898354
8 -0.4606839 -0.2724452 0.17758909 0.9531279 0.00971067 -1.5373901 0.013079053 0.69380164
21 -0.2944371 0.492473 0.5954026 0.6618029 0.80439913 -0.9548615 0.23069578 1.2980138
3 -0.624009 0.94676733 0.17923589 0.42549327 1.2758315 -0.64193344 0.24612233 0.9151931
32 -0.35564363 0.8730352 0.80999875 0.44789973 1.0639155 -0.654643 0.6576202 1.4403214
47 -0.0458703 1.1275808 0.92415816 -0.26921842 -0.44562557 0.67322797 -0.15963963 -0.6027879
33 -0.09788743 1.1906992 1.1597992 0.048522722 1.4474585 -0.81705165 0.64267105 1.5966009
22 -0.844531 0.7366002 1.4312786 0.1409426 1.611651 -0.74643046 0.5917121 1.4257133
37 -0.90546787 0.5795547 1.2616116 -0.056005903 1.0232357 -0.90181863 0.40416276 1.2874842
