50 8
18 1.1014221 -0.85998416 0.30982688 -0.2838709 1.4785858 0.11810613 -1.1431592 -0.91231406
4 -1.0141823 1.8835788 -0.038873643 0.06436429 -1.124017 -0.5695261 0.58573335 1.3474835
9 -1.151198 2.2161152 -0.07323035 -0.047174085 -0.93691576 -0.2695393 1.0041018 0.8546808
27 -1.0938072 1.2369018 0.29618794 -0.38459146 -0.7708506 -1.1494659 0.3913183 1.6055943
36 -0.95984733 1.7000107 -0.49424496 -0.16012217 -0.956636 -0.8253664 0.5021553 1.7059455
11 -1.0826867 2.1171236 0.08858366 0.0023158218 -1.0609397 -0.545441 0.9961478 0.73794633
34 -0.78130925 1.9184303 -1.1043847 -0.37378076 -0.8837536 -0.98837763 0.83034086 1.210709
40 0.9724894 -0.83643633 -0.19853859 -0.28894407 1.6590464 -0.20957656 -1.0210266 -0.60594773
28 -0.44251472 0.91872156 0.689837 0.27847713 -1.1534871 -1.1514908 0.071512155 1.6976992
38 -0.97005904 1.6530948 -0.96974736 -0.27932504 -0.74092484 -1.1698337 0.6387087 1.2957572
31 0.72991925 -1.0012972 0.64751273 -0.5083081 1.4116979 -0.35462725 -0.96517634 -0.5079725
0 0.9955734 -0.3422329 0.24723849 -0.10377314 1.727299 0.6779539 -0.63777596 -1.5607276
24 0.40011436 -0.3458808 -0.546964 -1.4695481 1.5549647 -0.46269113 -0.4442178 -1.3213191
14 -0.8390607 2.2100804 -0.6936103 0.2945455 -0.8768525 0.07703086 0.74763703 0.7518823
3 0.703035 -0.4236699 -0.16102017 -0.42958152 1.8659201 0.6317801 -0.8436915 -1.2905364
8 0.8195393 -1.1877849 0.69092685 0.21954893 0.7341636 -1.0539641 -1.4267182 0.13652302
20 -0.5169663 0.98323894 1.0534637 0.24945903 -1.072829 -0.94255805 0.1996038 1.6603332
23 0.5955494 -0.3227355 -0.87052536 -1.0546659 1.7197491 -0.02269009 -0.6169338 -1.092566
29 0.6174224 -0.8046649 0.3532501 -0.523315 1.1882709 -0.8111914 -0.767022 -0.5993664
30 1.4831392 -0.63360465 -0.01875587 0.1033239 1.13589 0.2786526 -1.1161244 -1.0804826
19 0.89658105 -0.28107825 -0.46191993 -0.4086757 1.5107996 0.5376303 -0.8541875 -1.0407884
12 0.9657707 -0.53036267 -0.3861617 0.5711823 1.2496265 0.34583756 -1.344662 -0.2910021
2 0.6135743 0.04044211 -0.245519 -0.682906 1.7232963 1.0994486 -0.47465834 -1.4496139
39 0.6626313 -0.54200625 -0.15795992 -0.6224419 1.3503934 -0.23370667 -0.67478424 -0.8579659
16 -0.6368268 0.88246936 0.094071425 -0.77145123 -0.17340985 -0.8917055 0.4550241 0.36970833
5 -0.8823094 1.7384003 1.240585 0.5672705 -1.2100348 -0.25109774 0.75500286 1.1002889
26 0.44906184 -0.77214867 0.9492852 0.06782749 0.4137024 -1.0385852 -0.9177197 0.568454
7 0.9438298 -1.1119702 1.178447 0.1648809 0.98174983 -0.44522825 -1.1148914 0.032416735
6 0.0036495535 -0.124689154 1.3481429 0.14997382 -0.40113652 -1.3849303 -0.2257266 1.3172183
43 -0.5193755 0.65013325 0.9604959 0.23231243 -0.5547634 -0.9609833 0.1455678 0.9368148
32 2.4019897 0.8929883 -1.2666403 1.8506804 0.12988152 2.5935986 -1.1741418 -0.9506589
41 -0.77355176 1.4573884 -0.9984555 -0.35484335 -0.5498983 -0.8619737 0.388969 1.1403651
25 0.29890212 0.17924334 -0.3923781 -1.0432601 0.7344196 -0.08599305 -0.2502423 -1.1154916
49 -1.2595369 2.141421 0.4712055 -0.03566944 -1.2417451 -0.6058751 0.96357685 0.7620389
10 0.40379608 0.047901504 1.0642211 0.74693245 -0.9142022 -0.98775023 -0.6137409 1.6393939
17 -1.0276089 1.229525 1.21391 -0.5321648 -0.833825 -1.0748799 0.75044984 0.4888599
1 -0.054520845 -0.02818835 -0.8106806 -1.5970742 1.0131096 -0.36190715 -0.39225894 -0.010337339
35 2.079884 0.8117033 -1.2529423 1.4868306 0.069352284 2.1785727 -1.0644424 -0.66485924
37 1.7908561 0.575442 -0.49081776 0.9589229 0.8446089 2.357103 -0.91511095 -1.4953433
33 1.6696619 1.262659 -0.8423897 1.4652853 0.042832214 2.9696558 -0.8705594 -0.8552006
21 1.1122571 1.621235 -1.1686913 1.5351849 -0.8038128 1.9892285 -0.45303783 -0.0107343
13 1.8086902 -0.32563844 -0.18342775 1.6807431 0.2043948 0.8551898 -1.6155316 0.44558904
22 2.0760682 0.833107 -0.7263315 1.7926401 0.200109 2.6016674 -1.2836875 -1.3215076
15 0.10278107 -0.089933835 0.74276465 -0.3230514 1.8318089 0.79698366 -0.23749769 -1.3602121
45 -0.71125275 1.0820321 0.8274518 -0.11813699 -0.774907 -0.8478219 0.50843483 0.84453017
42 -0.14197175 -0.09091768 1.1819048 -0.5305867 0.5292753 -0.81670827 -0.018006213 -0.6975105
44 1.3064888 -0.64299786 0.29749298 0.18501282 0.8025328 -0.21937117 -0.9440476 -0.9174807
46 -1.0828319 1.189578 1.6718206 -0.27508384 -0.9367667 -1.0327728 0.6965943 0.7247338
47 -1.1281956 1.8356227 1.8684255 -0.3577953 -0.79850066 0.23538741 1.1440051 -0.6688874
48 -0.7612798 1.3401169 -0.5581725 -0.68338186 -0.0007973842 -0.31168172 0.65253913 0.14941181
