50 8
1 0.051299557 0.45479587 0.9868554 -0.10887426 -0.14047262 0.7020459 0.39817208 -0.48570567
6 -0.22125451 -0.037543546 0.19570829 0.30785438 0.5990484 -0.20387144 -0.2730742 1.3678477
43 0.045070786 0.30809233 0.75311613 -0.66107905 0.6523373 0.60823554 0.44552928 -0.18296455
23 0.8093135 0.93536466 0.8429462 -0.096034236 -0.40602866 0.26189786 -0.41360182 -0.32293484
39 0.39767602 0.16129668 0.40090486 0.78344774 0.4867576 0.19688843 0.33782077 0.21776637
18 0.24778591 -0.31349966 0.4446651 1.6395172 0.73096365 -0.11778688 -0.47680944 0.42124048
35 0.7235785 -0.010811716 0.72687674 1.5275573 0.09455214 -0.13348198 -0.4212827 0.002246923
31 0.16299316 0.013371291 0.08233974 1.492119 0.45343798 -0.18801379 -0.6329444 1.0605438
16 0.17115507 0.61397994 0.85465705 -1.0522969 -0.003130364 0.7504279 0.6237021 -0.1073826
38 -0.15486723 0.6476402 0.89458585 -1.1036619 -0.11652664 0.6436847 0.47137785 -0.011322391
49 -0.62506497 0.62862325 0.90953374 -0.918214 -0.12069917 0.90592283 0.67064047 -0.23360959
24 0.58506054 0.14450988 0.23807229 0.9865066 0.03413897 -0.2843938 -0.7013662 1.1864356
26 -0.14315718 -0.17205709 -0.0019352513 0.5752225 0.71522075 -0.14026129 0.45062247 1.5349101
27 0.7396961 0.6267516 0.16454998 -0.42752996 -0.06499198 -0.07818237 0.1601046 1.2686639
41 0.6267792 0.3664824 0.9453678 -0.0985252 0.03950004 0.82810014 0.66769814 -0.70127714
40 0.7543017 -0.089158505 0.097419195 1.4118999 0.538558 -0.51805264 -0.7528439 1.2780335
14 0.022815157 0.9848607 1.0352122 -0.46203405 -0.581731 0.89935434 0.3742257 -0.7622334
20 -0.9530721 0.38021395 0.6068591 -0.57684344 0.06730249 0.60158 0.37108445 0.472347
42 -1.2206646 -0.116683625 0.89699435 -0.36330423 0.98745686 0.5051647 0.2941678 -0.12486889
17 -0.4646089 0.43606853 0.63733315 -1.0406234 0.51239145 0.61517495 0.40882286 0.22223057
4 -0.17204054 0.8428079 1.074994 -1.1507388 -0.23420398 0.8961641 0.87008095 -0.47481707
8 -0.46801043 -0.33991048 0.06254588 0.8113781 0.96992606 -0.01472228 -0.11984521 1.3059767
15 0.59284973 0.3642881 0.16572307 0.13677824 0.04542193 -0.33327687 -0.7085407 1.5098871
9 0.16247363 0.7275121 1.0477637 -0.9480661 -0.38777566 0.7096576 0.56496435 -0.29812238
48 0.80460113 0.92626345 0.6718182 -0.43177354 -0.5773542 0.66382617 0.4648084 -0.0827864
19 -0.016481461 0.34316283 0.25202024 0.41261747 0.07105263 -0.3653709 -0.9645292 1.3173891
36 -0.10401196 0.80560434 1.0779654 -1.0209144 -0.25876182 0.8589961 0.7083364 -0.4678281
45 -0.5930517 -0.059383363 0.33867395 0.13742772 0.9244081 0.1276305 0.20113999 0.7436756
28 -1.1009927 0.78134906 0.33820608 -1.228359 0.29311424 0.7364185 0.33467323 0.67207134
25 -0.17989366 0.42649537 0.835854 -0.30167362 0.33889595 0.77947974 0.7283822 -0.44934356
30 -0.2822203 -0.22170344 0.60813665 1.353325 0.8355394 0.07829502 0.13887995 -0.052176997
29 1.179953 0.003894663 0.49000353 0.39389306 0.65638113 -0.31537053 -0.1622867 0.63527447
34 0.5654187 0.34082952 1.1828191 -0.42171282 -0.089742854 0.86613566 0.67386305 -0.76748425
22 -0.3908697 0.07812421 1.4723369 0.6469589 -0.147005 0.6955853 -0.0023109533 -1.2968053
10 -1.3028637 0.42146796 0.12586601 -0.54163486 0.78505516 0.33205554 -0.37532777 1.0162225
2 1.1423551 0.46309936 0.54418117 0.79905 -0.62238187 -0.38261357 -0.97753835 0.89692223
7 0.24006246 0.09722365 -0.20112231 0.5075762 0.43957013 -0.23296298 -0.27381498 1.9356434
12 0.27716208 0.10413072 -0.06193884 1.1539551 0.4882972 -0.3208714 -1.0017099 1.4707979
11 0.06084148 0.873235 1.0906856 -1.0024678 -0.35953596 0.8756427 0.6434586 -0.53442115
21 0.26479062 0.25463712 0.5630729 1.2070087 -0.5118431 -0.18295157 -1.1144304 0.6547165
13 -0.297184 0.029311314 -0.0005655599 1.58144 0.7564285 -0.17678176 -0.27323046 0.990925
32 -0.064177044 -0.093282335 0.7854083 1.4484289 0.5991648 0.43116277 0.25789633 -0.70272547
3 1.2067608 0.5412799 0.27479556 1.3333569 -0.68471533 -0.42589957 -1.0574216 1.0838649
47 0.5312605 0.6953152 0.9976958 -0.38415363 -0.2383516 0.92016554 0.8753218 -0.79072684
44 -0.16480008 -0.82955015 0.74087644 1.1693329 1.381093 -0.09215293 -0.17719011 0.18732302
5 -0.5512242 0.75050676 0.8024939 -1.2248868 -0.085563466 0.8530938 0.7957007 0.0361629
33 0.36906222 -0.18582793 0.705377 1.9904051 0.40208983 0.12845667 -0.47726697 -0.36464417
37 0.7398243 -0.0063407863 0.6319793 1.8141005 0.3670174 -0.13980621 -0.26626945 -0.10546013
0 0.18096565 0.02327943 -0.10493428 1.0524231 0.70379406 -0.42556697 -1.2033439 1.6488578
46 0.20165962 1.0675739 1.0329441 -1.0138584 -0.29631132 0.61312306 0.04405655 -0.49012163
