50 8
46 0.44008693 0.21304022 0.9624069 0.50874645 0.0349639 -0.26245028 -0.76953065 -0.0092305895
19 -0.25849852 0.14648338 0.3860954 0.1647894 0.092873394 -1.0377235 -0.14057307 0.50097543
49 -0.90769047 0.36735708 0.21156152 0.59683573 -0.68181175 0.07963643 0.1587793 -0.8825616
24 -0.008811684 0.27452013 0.28766227 0.23813877 0.55602163 -1.3211696 -0.5532098 0.4224222
23 -0.55552393 0.24845213 0.26026055 0.27969363 -0.44409287 -0.58013266 0.24040918 -0.07876168
40 -0.76548946 0.54024094 -0.13129753 0.08606469 0.039056372 -0.16895664 0.48023933 0.75889456
28 -0.4685595 0.44981727 0.21560386 0.77569234 -0.50673264 0.18866141 0.082479216 -0.70117897
1 -0.62192065 0.4635969 0.25760174 0.76736075 -0.7975407 0.22290546 0.12080214 -1.141566
43 -0.7320924 0.44040808 0.33952487 0.7910816 -0.5763209 0.46263474 0.0008820524 -0.98555416
42 -0.69254 0.35023567 0.23003107 0.41712 -0.42673522 -0.68263054 -0.0294933 -0.7741334
27 -1.3808732 0.42027095 -0.34633142 0.7673341 -0.6888116 0.15944739 0.39579618 -0.8113469
36 -0.7254099 0.6244332 0.07546891 0.7474323 -0.7231548 0.6928982 0.15374333 -0.7053866
15 0.3177432 0.19721553 0.6990921 -0.0046077864 0.42778325 -1.5797819 -0.21122354 0.8362761
34 -0.76904887 0.7337199 -0.22542666 1.0103501 -0.39833203 0.7147967 0.005256732 -0.9686239
45 -0.75830156 0.4184898 0.27168444 0.74390197 -0.83455706 0.18725891 0.17647848 -1.178114
20 -0.41791633 0.19076413 0.78952634 0.59369737 -0.33680987 -0.11998752 -0.48775932 -0.9798048
4 -0.38816604 0.35567454 0.70593536 0.6755088 -0.8421973 0.7103057 0.036705747 -0.6386374
16 -0.16519436 0.34412372 0.8739547 0.56613535 -0.6995058 0.16666442 -0.17138237 -1.0050274
8 -0.47315133 0.3407551 -0.18564571 0.05253263 0.14730261 -1.0772215 0.302201 1.1248277
6 -0.5866375 -0.012320055 0.47592288 0.47730365 -0.51739895 -1.2556608 -0.13597843 -0.9455507
17 -0.20606503 0.22484836 0.836459 0.69176 -0.60755986 0.024513105 -0.35949248 -1.0530239
31 -1.1500036 0.31320888 -0.30827707 0.58864886 -0.3964065 -0.40046555 0.55581814 -0.37909093
18 0.100442186 0.39631948 0.32183424 -0.14199816 0.57248276 -1.1994718 0.19785431 1.6327605
26 -0.98544234 0.3285825 -0.36073494 0.3834901 -0.019899048 -0.8474726 0.2052751 0.015114307
41 -0.58393216 0.8269088 -0.21084557 0.8603251 -0.3899513 0.714371 0.16202478 -0.6855674
12 0.37801325 0.4770723 0.31500095 0.025512422 0.67307955 -0.7901583 0.06422837 1.86638
44 -0.86017966 0.2883191 -0.14875714 0.58614784 -0.6855217 -0.691313 0.34436545 -0.72093475
3 0.7152337 0.828322 0.34756678 -0.0306689 0.77221274 -0.5203205 -0.057792 1.7639966
30 0.42461225 0.4966479 0.2768971 0.07007372 0.9324423 -1.1987268 -0.17604785 1.6000353
2 0.5283889 0.7036137 0.16597395 0.050866093 0.8742877 -0.6729108 0.034856796 1.9522876
21 0.33749464 0.55449015 0.467632 -0.085931964 0.9563691 -0.5473334 -0.18717316 1.9807979
25 0.7150249 0.9218791 0.4755945 0.023453513 0.39555258 0.48819375 -0.29315272 1.6899236
38 -0.75481975 0.9535218 -0.24282618 0.7633713 -0.68242854 0.9726086 0.15979177 -0.722152
14 0.81695104 0.92709213 0.98610324 0.29547736 0.4180622 1.2236301 -0.56837386 0.87251145
0 0.43530166 0.42175177 0.6739928 -0.1401766 0.9756962 -0.7869439 -0.4339991 2.0330281
10 0.23486638 0.36976707 0.6128471 0.014847054 0.45473197 -0.8660777 -0.29827458 0.9925574
29 -0.78111374 -0.05405509 0.21280815 0.34041837 -0.2622833 -1.0623307 0.2756651 0.050522562
47 -0.68021953 0.55322665 -0.023683859 0.9847602 -0.8881621 0.8087985 0.23042539 -0.9107507
7 0.15912394 0.440964 -0.0037965886 -0.012885063 0.40544334 -1.63097 -0.13473868 1.1545345
13 0.51008874 0.39195472 0.449857 0.010955452 0.6877098 -0.7183276 0.0110592665 2.1281147
9 -0.3176679 0.6089409 0.93462276 0.5530378 -0.8502092 1.4721987 -0.17058767 -0.63639635
5 -0.0092511615 0.40137872 0.84318346 0.7996161 -0.7606494 0.68968326 -0.31785792 -0.8629613
33 0.6206613 0.37751722 0.9202555 -0.22561242 0.9077319 -0.90897316 -0.36428586 2.0043347
11 -0.3737758 0.42128602 0.9387093 0.6571108 -0.60272485 1.6793538 -0.36151168 -0.24327123
35 0.7669169 0.50926286 0.7581385 -0.10022453 0.88681906 -0.5941847 -0.49110493 2.157367
22 0.63174397 0.25221214 0.9599624 -0.098024055 0.61366403 -0.7486636 -0.28989863 2.0575464
39 -1.2275805 0.73094714 -0.63640875 0.8636916 -0.6361756 0.5513579 0.30831602 -0.6705165
48 -0.45483315 1.1138492 -0.7445261 0.91042936 -0.83227944 1.0009865 0.8007191 -0.2933857
32 1.2646413 1.2267463 0.19602941 0.3709117 0.9151847 0.75680643 -0.2627117 2.0908892
37 0.6461128 0.49641123 0.8849125 -0.2255554 0.7446337 -0.57151496 -0.17415181 2.097104
