50 8
24 0.20799461 0.32802618 0.63669103 0.43689018 0.032665007 -0.60753125 -0.010149112 0.3129316
23 -0.33207753 0.33650425 0.5358957 0.24714862 -0.6272457 -0.9138569 0.17751125 -0.07665951
19 -0.32160392 -0.21221298 1.0023265 0.23811342 0.46736485 -0.6561751 -0.518029 0.28850868
43 -0.94272715 0.3966581 0.43829274 0.47257608 -0.6564867 -0.7334413 0.3291845 -0.76156884
18 -0.055545855 -0.30912906 0.949235 0.5240872 0.5434628 -0.83619046 -0.5100029 0.4777548
28 -0.75054526 0.54702246 0.712571 0.11803281 -0.81712866 0.3729018 0.47480392 -0.51088834
6 -0.5739543 0.04395799 0.570723 0.610168 -0.5615917 -1.189675 0.09248431 -0.53348404
42 -0.7998747 0.3759967 0.6028108 0.23675884 -0.3877936 -0.58172035 0.0074088895 -0.61000496
39 -0.6422635 -0.15343516 0.6070811 0.6813631 -0.13248706 -1.3308281 -0.24403992 -0.28111932
1 0.06344148 1.0919151 0.4363884 0.29400843 -0.16664107 0.16411953 0.26530436 -0.32418126
10 -0.37374625 -0.003906699 0.8572063 0.19461595 0.04305082 -0.35735255 0.109147154 0.3113061
27 -0.5095183 1.0416377 0.29472202 0.61228454 -0.9471665 0.4398544 0.5260466 -0.7738211
17 -0.7771586 0.53989995 0.7996875 0.054415084 -0.58790725 0.71376556 0.11469144 -0.38254026
8 -0.48430485 -0.13782988 0.67695814 0.67441267 -0.14806257 -1.16352 -0.44052556 -0.3270495
34 -0.120798506 1.3570304 0.2449058 0.36946043 -0.8210641 0.7157058 0.77803904 -0.20442207
22 0.522143 0.18529688 0.9795838 0.2933583 0.7283307 0.3921732 -0.37887406 1.315797
20 -0.28257212 1.1493839 0.4308097 0.1632787 -0.58028626 0.53857666 0.42206624 -0.39011467
11 0.2770353 1.1507246 0.6065105 -0.09441684 -0.38091123 1.225725 0.45142677 1.0332694
49 -0.7560083 0.6025216 0.5024494 0.84146166 -0.6498236 0.5685267 0.2485761 -0.9076651
25 0.56862015 1.1128057 0.53817767 -0.025553225 -0.069060095 0.497807 0.2582502 0.9270171
26 -0.903171 -0.24369936 0.78446037 0.5164336 -0.15660541 -1.100397 -0.37135756 -0.54833984
15 -0.91411304 -0.33484763 0.93750894 0.45402732 0.001542816 -0.42911893 -0.48618636 -0.23757261
40 -0.5056297 -0.051745724 0.56668127 0.7094762 0.043074142 -1.6711998 -0.098476134 -0.44913715
30 -0.2413151 -0.4589282 0.86032313 0.6786938 0.58083683 -1.3004653 -0.6145631 0.3780795
36 -0.51142746 1.1527737 0.38163325 0.29559174 -0.94072926 0.8365207 0.58815897 -0.45853075
29 -0.07527652 0.80394316 0.31611198 0.49676698 -0.6215237 -0.09968895 0.13587953 0.08970549
3 0.9258935 0.70955485 0.86507356 -0.0012627967 0.6260495 0.30598694 -0.33005503 1.3127416
12 0.3273132 -0.509815 0.95602393 0.6283667 0.5099322 -1.2789499 -0.58509403 0.9891603
4 0.0935265 1.1742208 0.6045711 -0.041380707 -0.50842947 1.2665437 0.7798843 0.5665973
38 -0.17003442 1.0219337 0.29055706 0.48987857 -0.94316477 0.060575224 0.5808374 -0.4812764
45 -0.4543693 0.9565301 0.5787949 0.116769135 -0.13065387 0.69459885 0.19256604 -0.15812641
16 -0.3389045 1.4944084 0.4215324 -0.15621604 -0.82911444 0.8049159 0.59375185 -0.4555556
0 -0.20099953 -0.21416818 0.78277457 0.41704637 0.5045237 -0.94136524 -0.27121052 0.7683016
35 0.5846278 0.163181 1.0749663 -0.030295629 0.8033844 0.240446 -0.35751006 1.6906997
13 -0.418136 -0.6425794 0.9793083 0.6227865 0.14993414 -1.154906 -0.5077048 0.23547521
33 0.6336008 0.59144384 0.9259686 -0.0974244 0.994248 0.29156289 -0.24787813 1.302062
44 0.8095601 0.4014829 0.71452075 0.39990255 0.48759234 -0.6178289 -0.6679098 0.9093403
41 0.1945313 0.824643 0.27582046 0.72847056 -0.41877216 -0.22389472 0.6092186 0.03293373
9 0.074489474 1.280508 0.5785476 -0.31916302 -0.08299717 1.078588 0.8239613 0.8649793
31 -0.5501644 -0.20474938 0.6569071 0.95906925 0.11821229 -1.23354 -0.7469863 -0.5355512
37 0.3078716 -0.09573391 1.1568019 0.01483734 1.0037315 -0.20431376 -0.5439193 1.204001
7 -1.0456303 -0.47723827 0.78073996 0.487075 0.1507796 -1.5929563 -0.54343534 -0.30905825
46 -0.44659054 1.0091268 0.13803338 0.5996939 -1.2687927 -0.4840745 0.7131765 -0.8254341
21 0.555362 0.2695218 1.0912375 -0.060992382 1.2477814 0.4863008 -0.44151497 1.7723705
2 0.62002236 0.9708212 0.67915577 0.24219349 0.9905152 0.69454396 -0.041998934 0.9870948
14 0.3649279 1.2706375 0.6347061 -0.15951982 0.3357876 1.2196318 0.67724055 1.0987753
32 0.77569455 0.38724697 0.97787577 0.012577123 1.2130678 0.24273883 -0.12749478 1.7220407
5 -0.3175772 0.9620211 0.6618571 -0.30844903 -0.016779272 1.0124998 0.4122146 0.81732994
48 -0.24951819 0.36689392 0.36715496 1.0001075 -0.47208318 -1.0146813 0.023264585 -0.72650814
47 -0.6438399 0.97935027 0.3861413 0.43781114 -0.23100708 0.1956469 -0.020655768 -0.84045786
