50 8
28 -0.20652293 1.1467468 0.12883753 0.4322401 0.75909156 0.4982605 0.5181334 0.71830344
43 0.27020386 0.5048575 0.35292184 0.3156451 0.9840869 0.7658467 0.6362334 -0.4076968
18 0.09241767 -0.5203836 0.3954886 1.033052 0.4926377 -0.8430117 -0.9809451 0.49644443
42 -0.37161067 0.33044925 0.32832122 0.5606605 1.0302732 -0.26790914 -0.21850082 0.32355988
6 0.146963 0.75164914 0.2046978 0.43413338 1.163855 0.06548687 -0.12973532 0.2644688
23 0.44968152 -0.16895567 0.34750932 0.38382766 1.3172603 -0.10318694 -0.5409819 -0.034930076
40 0.31797296 0.31400898 0.03518384 0.8681014 1.0989444 -0.411244 -0.61027884 0.5605067
19 0.028534666 -0.21624535 0.46796027 0.7591043 0.41576907 -0.88180065 -0.6125616 1.0820689
17 0.21736123 0.07976469 0.76732206 -0.29776245 0.5757803 0.44222158 -0.22540472 0.63372445
24 0.37763166 -0.06359951 0.6087579 0.116456434 0.94669014 -0.16579153 -0.8590086 0.2449532
26 0.11750493 0.75584203 -0.02575771 0.4699424 1.4767442 0.004477961 0.010958736 0.8083003
44 -0.30759007 0.21972497 0.16833016 0.77792615 1.1674796 -0.54654604 -0.5884526 0.54405046
1 0.79106313 -0.21973403 0.48443657 0.23751393 1.2053514 0.115630664 -0.41912946 -0.41023293
39 0.24681158 0.41228613 0.54440147 0.031089256 1.1185143 -0.22963874 -0.45967653 0.40572843
34 0.3558554 0.10492216 1.2821125 -0.5524978 -0.118063845 1.0927575 0.65834236 -0.22786742
31 0.12718211 0.4162917 0.14890091 0.6316077 1.0506366 -0.48984283 -0.417437 1.0172143
16 0.6429353 -0.071171984 1.2246581 -0.6368952 0.18384762 1.2141615 0.49589548 -0.491996
27 0.32234633 0.4548281 1.0228547 -0.38365752 0.12009156 1.0587547 1.0254337 -0.023214336
29 0.5673096 -0.7244607 1.2317023 -0.24466081 0.19949825 -0.16510005 -0.60633355 -0.024313195
41 0.1889609 0.57177824 0.12208083 0.69447553 1.1856948 0.49597913 0.62602276 -0.56987685
46 -0.7025874 0.43201497 1.1578902 -0.007106536 -0.5729484 1.1249251 0.5413315 -0.32711557
30 0.64536357 -0.14515725 0.4397389 0.82840747 0.85782695 -0.4557837 -0.60690314 -0.60036427
8 0.01885256 0.5094096 -0.12130224 1.1743448 1.1797068 -0.2929484 -0.2066006 0.081714824
7 -0.2288 0.42946532 -0.0027063545 1.0211728 0.6628589 -0.30912557 -0.1366031 1.1784399
14 -0.15980022 -0.6933014 1.4709979 0.39366385 -1.5312597 0.5118572 0.25111476 -0.2616313
10 -0.14461201 1.1889123 0.09026505 0.79658276 0.27365553 0.76649654 0.8440645 0.44695747
21 -0.9162826 -0.92713475 0.93046546 0.9590001 -1.1444798 0.3128333 -0.54584897 0.1514032
45 -0.20283031 0.54740083 1.0643404 -0.19230075 -0.2585092 1.154894 0.48607945 -0.2615917
5 0.060192417 0.41770232 1.2649382 -0.036685 -1.0079955 0.9314715 0.8122772 0.11856978
36 -0.0034910499 0.37289947 1.3824023 -0.5145357 -0.2900289 1.2639726 1.0880717 -0.49086294
0 0.25873423 -0.12968333 0.6572119 0.280968 0.08905116 -0.65517694 -1.07797 1.7785027
25 0.05175202 -0.4012949 0.91235936 0.86231107 -0.75388736 0.35467434 -0.07140793 -0.6434251
48 0.7418611 0.2940656 0.70448196 -0.09716702 1.083113 0.49112737 0.7031162 -0.5853427
15 -0.14211193 0.1953075 0.5816335 0.5108887 0.07731531 -0.6637782 -0.76689065 1.4978892
38 -0.33443093 0.40478703 0.9585092 0.023802608 -0.4300152 1.77889 1.4344194 -0.38011417
4 -0.44717887 0.5881664 1.0498878 -0.05810518 -0.6382938 1.4452529 1.1605746 0.048901528
22 -0.46612102 -0.43169773 0.5820157 1.2682052 -0.26207817 -0.42039788 -0.55060345 -0.11571267
37 -0.06523601 -0.9960118 1.0363282 0.75300777 -0.52869195 -0.29659796 -0.21439853 -0.23731983
13 -0.18567221 0.5295515 -0.12539986 1.3511435 0.79227877 -0.3077989 0.012203021 0.4532178
9 0.18529336 0.17988308 1.492668 -0.17841111 -1.1542627 0.9795029 1.0756592 -0.02783586
20 -0.07577582 0.5339712 0.9257839 -0.0994419 0.0056410083 1.2313415 1.2562305 -0.2540557
12 -0.16106954 0.14431201 0.31589386 0.8759191 0.5087649 -0.97117424 -0.6921789 1.3645549
47 0.20560966 0.14986494 1.4607902 -0.7950017 -0.335424 1.4634957 0.48373786 -0.30694124
3 0.4155279 -0.49404603 0.78200614 0.57479477 -0.04331417 -0.8651767 -1.3652942 0.9119385
11 0.04118333 -0.52682275 1.7559202 -0.09378841 -1.4573265 1.1053274 0.5231671 -0.80372286
33 -0.8411031 -1.3100998 0.8041829 1.4403523 -0.9215342 -0.14463015 -0.33339635 -0.2351626
2 -0.43861413 -1.0608934 0.98618984 0.89066565 -0.9047775 -0.6602316 -1.0949622 0.83268446
35 -0.009190907 -1.1312733 0.63947785 1.5047948 -0.2655619 -0.5689308 -0.352098 -0.6735353
49 0.3098193 0.1356481 1.3616403 -0.4846972 -0.56137425 1.3840766 0.8587626 -0.30480513
32 -0.3236058 -1.12502 0.86376804 1.3653629 -0.46179423 -0.5775745 -0.45199353 -0.87875533
