50 8
1 -0.3733723 0.5917656 -0.2376266 0.5922843 -0.27041882 -0.23125699 -0.15900487 -0.39418578
43 -0.31422308 0.6816541 -0.2412671 0.65640044 -0.6333126 -0.105286136 0.27295277 -0.8760752
45 -0.18417585 0.91113746 -0.26410273 0.52116084 -0.64240235 0.043450393 0.37165377 -0.7544737
40 -0.8624161 0.030335153 0.8399383 0.21594907 0.6431846 -0.09758765 -0.7510348 0.5788885
23 -0.68869305 0.18601136 0.807114 0.21919686 0.6107363 -0.09679826 -0.7680308 0.79616755
27 -0.3805871 0.5518776 -0.3708607 0.6985714 -0.4727968 -0.067424275 -0.15201455 -0.7490217
34 0.1397274 1.1929796 0.105470486 0.2546193 -0.1631725 0.24746932 0.38870546 -0.07491123
24 -0.5456531 0.36335167 0.9267274 0.07590512 0.71683425 -0.014140518 -0.6813528 0.68598413
26 -0.62192327 0.11860689 0.2680801 0.3278695 -0.39427304 -0.7913828 -0.71695626 -0.21369946
42 -0.72744745 0.38708442 -0.2243834 0.45773414 -0.3808936 -0.58997715 -0.32992893 -0.3515422
25 0.28530404 1.1523541 0.66986215 -0.09803692 0.011992892 0.18071578 0.0016407277 0.5972749
18 -1.0413684 -0.23985203 0.8248948 0.34073398 0.5964239 -0.2712798 -1.0795408 0.45880622
16 0.13624118 1.1897074 0.19136626 0.048527278 -0.40520358 -0.13638693 0.28654447 -0.35147607
15 0.1496591 0.9588991 0.6003678 0.41114357 0.11157715 0.6884537 0.54069126 0.19093116
28 -0.34061733 0.47117832 0.1380072 0.5225387 -0.92801905 -0.3177844 0.27615494 -0.6945967
19 -0.5626997 0.17875056 1.1843183 -0.06174262 0.40891412 0.128007 -0.77504 0.8351715
6 -0.64642024 0.11698078 -0.1746933 0.7554202 -0.38562685 -0.6537683 -0.49262747 -0.58006775
20 -0.19366524 0.8623183 -0.30743888 0.44058433 -0.9800246 -0.10775671 0.2121131 -0.9761806
17 -0.44020846 0.29904455 0.07915573 0.6536797 -0.5863422 -0.251312 -0.068309404 -0.80413246
39 -0.6594251 0.1016453 0.07641228 0.5671466 -0.64389104 -0.5493545 -0.37397894 -0.29558033
41 0.21591416 1.3228886 -0.09798766 0.38430086 -0.532147 0.668775 0.65231144 -0.2708391
38 0.023739375 0.98865604 -0.13007025 0.37946728 -0.68245786 0.038576063 0.24402413 -0.71766955
49 -0.06586896 0.7524596 0.044038583 0.5628954 -0.83766735 0.53091824 0.28563803 -0.9877046
14 0.3706226 1.5814 -0.040578276 0.26015276 0.06139541 1.0483742 0.5028699 0.17500086
29 -0.68668044 0.12514248 0.20419839 0.3759535 -0.39959404 -0.808303 -0.6084116 -0.048890613
36 -0.034072995 1.0857198 -0.28419027 0.47595596 -0.78924483 0.22635578 0.5324059 -0.7981294
48 0.12681681 1.1285305 -0.25511417 0.54947 -0.6476891 0.26623923 0.4261651 -0.775969
4 0.32796 1.2844081 -0.081888154 0.46628863 -0.8108982 0.47478098 0.7474075 -0.32459876
44 -0.42314634 0.29897678 -0.007867013 0.4532999 -0.6330596 -0.70587873 -0.5565396 -0.70462424
31 -0.704602 -0.080917194 0.18480386 0.60053265 -0.37071258 -0.7969971 -0.81075174 -0.26416788
30 -0.9366747 -0.13017444 0.96918017 0.30153275 0.8782484 -0.44631794 -1.0591983 0.86153406
46 -0.5272965 0.59251386 0.2200061 0.08509622 -0.54303336 -0.37378243 -0.013835482 0.0076373117
21 0.067948714 1.1062679 0.9936958 0.07566836 0.68638843 1.0748018 0.40627816 1.0215243
10 -0.66105676 0.050276894 -0.30455405 1.0371389 -0.8232686 -0.43533733 -0.15035792 -1.0015706
5 0.26353002 1.1202207 -0.13203155 0.51566106 -0.89306325 0.45359024 0.4965525 -0.38285863
3 -0.2279995 0.79076564 1.142713 -0.092922926 0.90639955 0.39182234 -0.35278416 1.469958
11 0.46024603 1.5305403 0.28477886 0.2739781 -0.33870575 1.2445824 0.9052631 0.41123927
8 -0.8301982 -0.22497573 -0.24012513 0.8959648 -0.06418985 -0.93742466 -1.1996461 -0.3312815
9 0.48192942 1.7180158 0.15696454 -0.026617866 -0.82548904 0.48220924 1.0156201 -0.0757184
2 -0.30564472 0.5082817 1.2187502 0.123167686 0.8909656 0.7152716 -0.45915818 1.4385239
13 -1.1982238 -0.46022782 0.21730967 0.7602032 0.37798223 -0.8031718 -1.2367797 0.22829437
12 -0.49027193 0.33263853 1.1227216 0.19391783 0.88702637 0.025972761 -0.58423555 1.6105268
35 0.21448852 1.1347654 1.3614146 -0.12651351 0.85844994 0.89253986 0.17998548 1.2057488
37 -0.4385222 0.18633403 1.1851454 0.26671827 0.7279207 0.30761492 -0.84408253 1.4271612
0 -0.33640012 0.4833698 1.1729935 0.1389689 1.0572202 0.46858755 -0.6235267 1.6728361
7 -0.7329244 -0.0110737765 0.17278051 0.694377 0.3942917 -0.5408983 -0.9476355 0.5877609
33 -0.09641141 0.873367 1.3084121 -0.13604526 1.3651959 0.44215104 -0.48843864 1.6469735
32 -0.3125585 0.44265118 1.6609591 0.0032992207 1.1009902 0.46184805 -0.5125734 1.7521971
22 -0.43830976 0.023571504 1.433153 0.46986327 1.0386968 0.6132161 -0.71534854 1.1316838
47 -0.02473883 0.69492567 -0.35509714 0.99369365 -0.47135648 0.4443803 0.17434122 -0.75297654
