50 8
23 0.4316863 0.18265566 0.37175336 0.6311272 0.40009844 -0.25328845 -0.44337288 0.6082533
43 -0.39258736 0.16436483 0.5254696 -0.47962153 0.8624395 0.32097328 -0.2427301 0.778127
26 -0.3092406 0.053169347 0.29881865 0.014514254 0.667548 -0.22560167 -0.44283298 1.3871895
31 0.24419455 -0.014455399 0.31930596 0.17616925 0.7155811 -0.14037946 -0.43637976 0.9936369
39 0.16911726 0.010093632 0.5135704 0.053892974 0.6982845 0.07553872 -0.18418731 0.5615288
19 -0.10813468 0.37855396 0.25932166 0.4267922 0.4500241 -0.21463941 -0.35846865 0.9582705
6 -0.22387713 0.22443995 0.3888168 -0.0831886 0.6982482 -0.13774875 -0.46943757 1.0630128
42 -0.4312918 0.15577099 0.68952584 -0.6242726 0.65307134 0.29986244 0.027043812 0.8996831
18 0.15154491 0.19214424 -0.07212614 1.2161429 0.4241055 -0.20830207 -0.26886553 0.7163063
41 -0.31361607 0.019056896 0.918462 -0.53354573 0.4690155 1.0289903 0.11647564 0.0064484314
40 0.42494228 0.013642279 0.12862882 0.6767992 0.5043877 -0.029161504 -0.35896632 0.85404515
1 0.608742 0.2565095 0.7640126 0.97167474 0.12201006 0.49286067 0.486544 -1.0392753
48 0.21171856 -0.08945014 0.4025299 0.38500434 0.61671257 -0.3590566 -0.5617313 0.91846186
17 -1.0652584 0.58778775 0.4154199 -0.3049919 0.4005302 0.4899722 0.5634488 0.8540572
2 -0.061005495 0.39630172 0.37278762 0.70703757 0.005475065 -0.02341607 -0.16705471 0.55056524
16 -0.23254262 0.14048237 0.98272836 -0.6893478 0.3920713 0.92134106 0.122146666 0.15586822
45 -0.022889443 0.120933995 1.1146101 -0.7554826 0.5228436 0.63731784 -0.061341863 0.101713784
46 -0.9391299 0.5848231 0.7995417 -0.5138526 0.2697823 1.0759616 0.7917537 -0.0042001284
27 0.04970041 0.1467636 1.1336005 -0.81181425 0.5859131 0.57365805 0.021236466 0.056756712
49 -0.91915643 0.5730129 1.0156927 -0.4865038 0.1307926 0.9974395 0.8144864 -0.15237205
28 -0.71808887 0.3367857 0.5251119 -0.51124966 0.63209736 0.52629364 0.01404926 0.8087065
36 -0.3666127 0.39900246 1.1365502 -0.20008624 0.061179962 0.7366404 0.6369955 -0.41093898
0 0.29607463 0.436868 -0.25754267 1.6025757 0.32880005 -0.47059688 -0.07060441 0.7732357
44 0.7696324 -0.706137 0.7626401 0.12803067 0.85712755 0.13615666 -0.7788718 0.20913777
8 0.042457305 0.08254339 0.22937882 0.4287185 0.47287583 -0.16717206 -0.46182674 1.0988799
24 0.12238983 0.2473739 0.026441226 0.64908916 0.6901947 -0.27884975 -0.49100003 1.0064942
4 -0.5397568 0.24241965 1.193279 -0.2502058 -0.17359453 1.0987586 0.5524664 -0.3658065
30 0.7307244 0.19749364 0.051871862 1.5653559 0.35186854 -0.68054414 -0.54614544 0.5709403
21 0.030286377 0.28077406 -0.054584775 1.4791585 0.03154395 -0.35873985 -0.12394486 0.8785072
13 0.42736655 0.18911773 -0.22003798 1.4744773 0.5185904 -0.5651156 -0.4512814 0.98455966
15 -0.9848817 0.6038401 0.02248754 -0.099367194 0.5814754 0.36506617 0.18468271 1.3273039
32 0.89197206 0.2692414 0.48374158 1.8610301 -0.20532964 -0.22625336 0.060184337 -0.55537206
29 0.17456041 0.33960792 0.6849421 -0.35412169 0.64468664 0.29847366 -0.41494694 0.3820574
38 0.29032302 -0.06708952 1.4611411 0.43359715 -0.21788344 0.82044035 0.41799405 -1.313217
3 0.21334472 0.48302272 -0.077714324 1.3677559 0.23704562 -0.46229643 -0.11632834 0.7957891
35 1.0888829 0.20190611 0.43363988 1.8310263 -0.17173566 -0.24124408 0.22792022 -0.39789534
12 0.37868202 0.4681805 -0.3290979 1.6641589 0.56592494 -0.50841063 -0.51622766 0.65296394
20 -0.9444949 0.4034406 0.71140516 -0.41979393 0.17787544 0.9128984 0.5009999 0.4718665
34 0.1944771 -0.056073397 1.4925748 -0.7098309 0.41275895 1.1256102 0.20205918 -0.81457853
10 -1.1630945 0.68979645 -0.25449196 0.6057658 0.11119922 0.22542553 0.7078128 1.5240628
14 0.27849528 0.1684052 1.6207867 0.37840217 -0.51293725 0.99462056 0.6306167 -1.4924672
5 -0.88071626 0.8634547 0.70918924 0.18627632 -0.34039626 1.1147993 1.519802 -0.17566039
7 -0.2888806 0.37273946 -0.40746537 0.6509447 0.77782875 -0.5873704 -0.23257597 2.0799618
37 0.5017953 0.20342702 0.055568922 2.2791348 -0.41630667 -0.44507954 0.482597 0.290427
11 -0.2117463 0.044330522 1.5101366 -0.15322788 -0.22497267 1.2642449 0.5840901 -1.0392904
25 0.68892 0.011157701 1.2483984 0.63485026 -0.22324428 0.81716126 0.035417777 -1.2058315
9 0.20233758 -0.0060473583 1.389426 0.7071969 -0.45397824 1.0588826 0.8484865 -1.3947632
33 0.7090608 0.27044588 0.5256586 2.013862 -0.50407845 0.5090049 0.697784 -1.0710114
22 1.088006 -0.12205244 0.83415246 2.031413 -0.58034986 -0.111500576 0.24524866 -0.90093416
47 -0.66470885 0.32701287 1.0517963 -0.27195626 0.044386793 1.3251339 0.99628437 -0.56177574
