50 8
0 0.38545924 0.8049354 -1.4840114 0.47193506 0.3498804 2.069601 -0.64278215 -0.48408973
18 0.9573022 -0.30282646 -0.7278234 0.95534307 -0.3040184 1.4322181 -1.737408 0.5626583
21 0.7053082 0.48501024 -1.5910311 0.79579365 0.20966491 2.0799806 -1.130727 -0.25717407
2 0.70067346 0.40170944 -1.1042565 0.62206584 -0.27640712 1.9458904 -1.3400277 -0.16879925
27 -0.18901706 0.45371675 1.5213124 -0.41569147 0.20199826 -1.371745 0.17852908 0.32829455
28 0.26522508 0.35037535 1.5584207 -0.9596398 -0.054355927 -1.5716857 0.13945127 0.30554378
13 0.55795634 -0.25074416 -0.7020919 0.48749164 0.34000576 1.7693233 -1.1438513 0.5283491
37 0.7383018 0.9045312 -1.371445 0.7115775 -0.2050618 2.2483885 -0.907907 -0.53300214
3 0.4226821 0.18663763 -1.5298398 0.14128037 0.5147177 2.0353544 -1.1592941 -0.28095716
22 0.087380044 1.5345458 -1.44253 0.86952853 -0.12915622 1.803956 -0.6762164 -0.9393807
33 0.24568501 1.2978253 -1.3511263 0.80845386 -0.19605468 2.2970235 -0.86485606 -0.4217304
12 0.3567181 -0.08380998 -1.4618443 0.29414842 0.6603884 1.8581469 -1.3287877 -0.22335474
1 -0.06806961 0.80003434 1.3017623 -1.25823 0.40375242 -1.2259523 0.76344335 -0.15373194
7 0.6064875 -0.5030519 -0.56942964 1.0386211 0.25354627 1.4764295 -1.4118052 0.8543447
34 -0.29229957 1.3146791 0.6013603 -0.55196625 0.32165086 -1.6194593 0.4452763 -0.7554743
30 1.2934625 0.009239804 -0.83169234 0.97891325 -0.41571197 1.3608253 -1.2477559 0.4913849
36 0.09707715 0.88941455 1.3989282 -0.967696 -0.40745935 -1.7232033 0.10065208 -0.3282246
8 1.6288711 -1.0166218 0.3259434 0.9886342 -0.26097417 0.3655097 -1.1522807 1.6680506
41 0.03677229 0.065648794 1.2599359 -0.8717133 -0.11601715 -1.8201147 -0.77677053 -0.17834082
6 1.1129242 -0.7785459 0.92995274 0.81470764 0.23177013 -0.27390516 -0.3309535 1.6401383
31 0.42881492 0.05935403 1.5242804 -0.7264667 -0.15905733 -1.6465194 -0.2595831 0.022988886
43 -0.061435062 0.69819915 1.3806832 -1.2425399 -0.060606536 -1.6867797 0.07433667 -0.63211733
26 1.1112814 -0.9420859 0.6302223 0.7925141 0.09181394 -0.2525174 -0.9920019 0.971355
32 0.116219744 1.1275694 -1.5754492 0.86047155 -0.15398048 2.1825714 -1.2966498 -0.95363104
11 -0.3856174 2.4133103 0.15860672 -0.20965818 0.60867 -0.6162215 1.8961837 -0.3413524
38 0.5752546 0.5457652 1.2243388 -0.7489728 -0.32088384 -1.9343837 0.09460015 0.45727408
35 0.26755765 1.578153 -1.4272598 0.6742617 -0.07433154 2.0799956 -0.39212564 -0.88166755
23 0.07526868 -0.3070248 -0.89287466 0.083711885 0.8031697 1.4644873 -1.1650716 -0.1757031
14 -1.0371332 2.014129 -0.5970538 0.89539456 0.8529632 0.4650378 0.73504186 -0.8983885
15 -0.6918368 1.1161606 0.25843042 -1.2615062 1.3630917 0.71674955 1.3746289 -0.57704633
45 0.038799543 0.31400532 1.482136 -1.1167567 -0.19143938 -1.7158235 -0.39624706 -0.40172437
19 0.20025848 -0.39911336 -0.09968232 -2.2671156 1.2930449 -0.47510886 -0.009374959 -0.5700904
24 -0.4593932 -0.044471685 -0.35040644 -1.3810029 1.6298436 1.4440367 0.1684346 -0.48459268
40 1.1777115 -0.63808274 -0.22116116 0.24135846 -0.19012779 0.056529142 -1.293034 0.5539381
39 0.59484136 0.20103689 1.1816282 -0.76128656 -0.33515438 -2.11661 -0.36783817 0.12035207
9 -0.45103723 2.5254145 0.044641867 0.36204535 0.5881816 -0.07832529 1.9968572 -0.0037270766
25 -0.664742 0.06573433 0.19995043 0.08288306 1.4613962 -1.7845 -0.33848485 -0.25472072
4 -0.19391105 0.42189848 1.8718566 0.038778126 0.95227295 -0.22893545 1.4495045 1.72242
16 -0.6952496 -0.80792046 0.92583984 1.0518632 1.83364 -1.6695355 -0.508854 0.43417495
5 -0.56545836 2.3373833 0.59542793 0.036079094 0.70599395 0.85770506 2.1213179 -0.64176184
20 0.31156257 -0.2902012 1.3511274 0.42082036 0.9650931 0.22070579 0.90333253 2.8062901
42 -0.27442798 -0.07506529 1.5928816 -1.095323 0.7349812 -1.6706384 -0.10196234 -0.6622254
10 1.2940356 -0.6165988 1.3459729 0.49900723 0.40296435 1.1456714 0.81729907 3.0307243
44 0.3174869 -0.55800176 0.7843371 -0.32768667 0.31896907 -1.6007835 -0.9294984 0.02309506
49 -0.08701895 1.7562927 1.204072 -0.89723253 -0.16498771 -1.2146047 1.148252 -0.55311316
29 -0.6755641 -0.3267519 -0.051423747 1.6153073 1.7034813 -1.0461159 -0.6699993 0.09821818
17 -0.4169517 0.4333257 1.2001193 0.8054494 0.797269 -0.99236834 0.37530383 0.34612548
46 0.45636904 -0.60290694 1.5754064 -0.45200676 0.11556491 -1.2645533 -0.41261798 0.7035474
47 -0.0575838 1.2177442 1.3573148 -1.5303963 -0.42577437 -1.5037867 0.20237535 -0.64713436
48 0.26252994 1.1503028 1.1426507 -1.258895 -0.7476635 -1.7958202 -0.03543342 -0.6555616
