50 8
43 -0.5382229 0.10619179 -0.0847857 0.38722116 0.9467642 0.08810751 0.8382526 0.2962922
16 -0.10739014 -0.16622196 0.75663143 -0.37172845 0.48332307 0.82566345 0.45190057 0.08557014
39 -0.8695066 0.39537138 0.2177547 0.41337168 0.9547434 0.20062274 0.39461556 0.08606771
1 -0.67458445 0.18506782 0.3557712 0.4236731 1.0254862 0.12346238 -0.6045048 -0.00984333
36 -0.3377316 -0.12827288 0.5176471 -0.19380474 0.47965196 0.67814994 0.6800368 0.25453722
6 -1.1316371 0.16237769 0.30333403 0.40703565 1.1684735 0.027689114 -0.6069749 0.008525281
18 0.7390523 -0.10152808 0.33623368 0.86214197 0.4914835 -0.75268096 -0.6630926 0.59169054
26 -0.40041542 -0.23050493 -0.19100706 0.79928863 0.77583194 -0.6157633 -0.016876265 0.69806635
27 -0.85609657 0.14435475 0.5834077 -0.44435948 0.9347016 1.0796957 0.7034977 -0.13726035
34 0.21820071 -0.70692235 0.5158581 -0.29969507 0.16326706 1.049195 1.1951454 0.32107043
17 -0.33737758 -0.056398693 0.7912065 -0.32907268 0.48370323 0.32642284 -0.38995326 0.38500476
41 -0.8359339 0.19078602 0.52853286 -0.021148315 0.7451877 0.9322849 0.9331692 -0.2116867
21 1.2398397 -0.88534886 0.8383828 0.23657827 -0.25745347 -0.10865781 -0.33379593 0.79060644
28 -1.0485626 0.6864424 0.42042845 0.17088129 0.9829189 0.4269708 0.36535525 -0.0041403673
44 -0.95389134 0.22357652 -0.00010726269 0.4505805 1.1754541 -0.0024336567 -0.099001855 0.18254603
12 0.43775067 -0.37747097 -0.0019661272 0.8181197 0.61729974 -0.99718964 -0.86942196 0.977605
4 -0.68973136 -0.15554842 0.53664345 -0.3013854 0.33818123 1.0590556 1.2552117 0.2704511
31 -1.2235801 0.3572707 0.1512046 0.31833482 1.2337005 0.115511864 -0.3353569 0.08474328
45 -0.9485623 0.5276764 0.39740616 0.31107664 0.825334 0.63195443 0.61833614 -0.083295494
20 -1.1242161 0.37635675 0.31361192 0.35067457 0.9321076 0.41881505 0.39039442 -0.03256662
19 1.0094614 -0.46301985 0.63420457 0.5127938 0.1195429 -0.5887944 -1.0115548 0.87271255
47 -0.58496875 0.13888364 0.8331599 -0.31160742 0.34686184 1.0510644 0.8518384 0.026201442
40 -0.8751159 0.29535404 -0.31702095 0.51870257 1.2674038 0.23545185 0.69153744 0.22678141
38 -0.8796987 0.19079761 0.3333168 0.018238528 0.7393726 0.90499735 1.1650492 0.015361962
0 1.3084779 -0.80443525 0.8915019 0.351315 -0.26092017 -0.4352015 -0.31302944 0.7767076
9 0.76461905 -0.21987079 1.193571 -0.3702032 -0.24546152 0.8559889 0.8592586 0.26294434
29 -0.1286208 -0.068866976 -0.030732771 1.011598 0.7802785 -0.5467764 -0.1029536 0.36486626
25 0.8705953 -0.5756965 0.25717342 0.2068227 0.28111374 0.2787513 0.4608146 0.6221955
14 0.9070268 -0.45121792 0.81567854 -0.18983768 -0.17623304 1.1892567 0.89610225 0.3954818
49 -0.5117376 -0.018180218 0.7653074 -0.49515668 0.40018842 1.0836594 0.79324573 0.15457822
10 -0.17273527 0.30133852 -0.1897142 1.0450301 0.86391073 -0.55340904 -0.031121174 0.54285514
33 1.4088467 -0.6398175 0.8786271 0.34683034 -0.41499862 -0.124001615 0.12887159 0.80761534
42 -0.6820151 0.382976 0.6230861 0.42318243 0.8370606 -0.4934117 -0.8238045 0.20120746
15 0.92063147 -0.26421613 1.2988732 0.66521335 -0.3650458 -0.61643606 -1.0193677 0.54942375
37 1.2103263 -0.958139 0.8536676 0.20995937 -0.38947108 -0.14577639 0.23482344 0.7986221
13 -0.11151785 0.08435606 -0.21370414 1.198341 0.7070208 -0.87773246 -0.5700123 0.85423243
8 -0.83926 -0.026984204 -0.25896907 0.83842623 1.1498991 -0.63619804 -0.6320294 0.5651346
7 0.688295 -0.2829333 -0.0054804794 0.83969784 0.63302076 -1.0499146 -0.6698433 0.95298946
32 1.4619776 -0.54373 0.43737745 0.4249639 -0.17240523 -0.6775763 0.2962385 1.1505804
2 1.4051058 -0.5962967 1.0815176 0.33497843 -0.53696376 -0.37969992 0.017436657 0.827298
11 0.5721066 -0.21329822 1.254988 -0.4085594 -0.07217164 1.1367596 0.7027731 -0.0462802
23 0.041946664 0.24303661 0.7251561 0.6001504 0.71199983 -0.2952746 -0.8765965 -0.04045458
35 1.3241912 -0.6855079 0.8374882 -0.019700173 -0.3118943 0.12045807 0.56619227 0.7659177
5 1.0794133 -0.23519386 1.1887758 -0.3367641 -0.45973697 0.7231103 0.9935455 0.4989899
24 0.037258495 0.03189134 0.46641716 0.9463169 0.60859483 -0.9989482 -1.5154946 0.58405334
48 0.67413396 -0.3537393 0.832775 -0.35030892 -0.21818373 0.6898527 0.98895115 0.67992383
46 -1.1771935 0.85809106 0.6970209 0.15014386 0.95717555 0.46426257 0.23991129 -0.25175354
30 1.0523479 -0.17983755 0.6154922 0.9078778 0.1524364 -1.1127056 -0.8225294 0.75955516
22 1.3583523 -1.0048097 0.9246374 0.047458213 -0.44558242 -0.0797242 0.10418497 0.8874415
3 0.57753724 -0.08568501 0.56727964 0.6304609 0.3067058 -1.0114989 -1.2116297 0.8744818
