50 8
6 -0.42438868 0.26696002 1.021415 0.06031984 0.5444879 0.33656946 0.03828453 -0.28237224
26 -0.3909226 -0.042432223 0.46082997 0.6573197 0.12567768 -0.018406313 -0.17865406 0.29378396
43 -0.09840211 -0.16487111 1.0987154 -0.41265193 0.48400187 0.4137802 0.34432685 0.025350446
20 -0.17643261 -0.19249003 0.89225 -0.038026035 0.57495254 0.4035749 0.14231277 -0.17522305
45 -0.34345505 0.15534744 1.4735317 -0.50025785 0.3707631 0.31107053 0.10759182 -0.08890421
28 -0.42388996 -0.0549256 1.3145169 -0.599878 0.4978521 0.5954436 0.38882002 0.097647
24 -0.63681793 0.7677804 0.63759243 0.5688276 -0.017299663 -0.3420769 -0.5227383 0.5149888
49 -0.16952707 -0.06646985 1.3211553 -0.49638858 0.43004486 0.52432406 0.44752938 -0.007853671
4 -0.088736154 -0.37781087 1.339376 -0.5906483 0.3607025 0.60817564 0.50857675 0.0128147
36 0.1478773 -0.30024362 1.0233017 -0.5604285 0.6621799 0.53326124 0.5098821 0.07871693
31 0.045786377 0.2990311 0.7938344 0.17897189 0.87913316 0.63602275 0.5451342 -0.5509889
19 -0.21308437 0.6140119 -0.027523287 1.1219269 -0.02494152 -0.7469908 -0.9919098 0.8059921
42 -0.53510284 -0.1859108 1.2667627 -0.5285338 0.36527777 0.31672248 0.26054868 0.30149454
25 1.2823954 -0.78117067 -0.43378222 0.6823838 0.6479687 0.4177572 0.2703912 0.14005353
15 -0.73060197 0.86855435 0.5682157 0.6346522 -0.2109832 -0.72098535 -0.51362747 0.889618
47 -0.11358458 -0.10564649 1.4116558 -0.49510732 0.3975056 0.76995134 0.71619976 -0.13997798
44 0.78040594 -0.2516004 0.6753099 -0.10344037 0.91997397 0.7138695 0.61537135 -0.53268963
16 0.15171237 -0.44578412 0.8138126 -0.56995195 0.5182731 0.18400611 -0.0006727867 0.42290726
1 0.35844684 -0.32833293 1.0374234 -0.29693213 0.6068094 0.7061474 0.82927215 -0.27910057
23 -0.5831179 0.9484957 0.96346784 0.24786024 0.48442188 -0.09504657 -0.28854915 -0.12301423
17 -1.0056792 0.42031372 1.2313361 -0.37473837 0.24170908 -0.28678218 -0.252102 0.62219924
34 0.92386645 -0.84155375 0.95617294 -0.48256692 0.54131585 0.7434686 0.76543 -0.2799374
40 0.93868536 -0.37756082 -0.05117393 0.70520973 0.3981814 0.73256373 0.56931704 -0.016715668
27 0.64143294 -0.3025103 0.92735296 -0.4998273 1.1055205 0.9729194 0.9904423 -0.50575894
12 0.23627515 0.3233647 -0.5869823 1.580909 0.28122276 -0.7570266 -0.8660166 0.6512524
18 0.54625386 0.42366076 -0.56334573 1.5674706 0.3763388 -0.58325607 -0.7550243 0.42948678
9 0.34018865 -0.67554206 1.3354137 -0.78706956 0.2832649 0.48506945 0.60934794 0.080698535
41 0.48728427 -0.3656122 1.0738999 -0.58233124 0.88366514 0.8760793 0.96822953 -0.39062
0 -0.11266954 0.41759607 -0.29437923 1.460791 -0.06418071 -0.8146831 -1.3419781 0.8604701
30 0.30534747 0.65589756 -0.5188643 1.6877731 0.23029047 -0.8540215 -0.89165974 0.58940655
10 0.1244022 0.416258 -0.21342404 0.9642724 0.16919702 -0.59367 -0.5910253 0.8557131
13 0.62833977 0.12091918 -0.8248892 1.7867665 0.2168743 -0.66939443 -0.61810154 0.73396415
38 0.96170986 -0.808469 0.8401579 -0.20520951 0.517362 0.96006197 1.0279433 -0.35075787
2 -0.48337638 1.0500333 -0.04307108 1.5446678 -0.012890844 -0.5510254 -0.786489 0.5354799
39 0.281876 -0.24520552 0.96450126 -0.24513301 1.0963824 1.0011241 0.89007956 -0.6861604
29 1.0955462 -0.12238449 -0.47107223 1.0716425 0.56180173 0.04116488 0.28593683 0.22941796
46 -0.85560113 0.36705962 1.4431013 -0.47221664 0.09796474 -0.41165444 -0.39323148 0.45643327
7 -0.0014667404 0.11005972 -0.47575235 1.4051788 -0.24840051 -0.9148085 -1.0747681 1.3189278
3 0.43079498 0.44590944 -0.58684015 1.6410775 0.08683828 -0.83436525 -1.086315 0.76693845
48 0.78943354 -0.5991164 0.66540253 -0.35841516 1.0093453 1.1194382 1.1228688 -0.33020824
32 0.9044417 -0.20598479 -1.0559351 1.9712886 -0.04020122 -0.83970064 -0.5742298 1.0705311
21 0.30475363 -0.32730937 -0.65603524 1.7778412 -0.24633652 -0.7891344 -1.1327578 1.016234
8 -0.070720196 0.83696103 -0.2670426 1.5548786 0.31376362 -0.20549509 -0.5419014 0.27745697
5 -0.22687873 -0.33941668 1.2703556 -0.7259926 -0.20868744 -0.2072599 -0.34254313 0.8585713
11 -0.1412461 -0.8407599 1.3866177 -1.0037816 0.19465566 0.4326357 0.16471857 0.54329854
37 0.9390147 -0.51146036 -1.0476925 1.9413759 -0.29870865 -0.73459977 -0.46186683 1.2550546
33 0.26101962 -0.21975306 -0.718817 1.6452307 -0.100017 -0.8764902 -0.99776995 1.2073311
14 1.5395733 -0.8980897 -0.56319565 0.5929317 0.040824115 -0.076814234 -0.1396489 0.9521044
22 0.7767613 -0.34290972 -0.9747596 1.8723125 -0.29527482 -0.83693486 -0.6060263 1.3248852
35 0.936202 -0.41210586 -0.9870805 1.7874353 -0.24690232 -0.8373439 -0.68803 1.2776105
