50 8
25 0.5122208 -0.13560104 0.3635429 0.6160195 0.25389934 0.4698842 -0.21362223 0.19452946
1 0.117533445 -0.24590652 0.46655402 0.45780197 0.3239783 0.6993962 0.55485433 0.16282389
29 -0.75712895 0.15518771 0.42850026 -0.12937155 0.6172224 0.6526223 0.117432 0.4249961
26 -0.84919906 0.2098612 0.6279126 -0.0844147 0.42159882 -0.3875205 -0.50707924 0.9146834
48 -0.1235573 0.07095822 0.1568228 0.20991737 0.5337249 0.47801042 -0.26748645 0.5833065
43 -0.21977054 -0.24277197 0.27106622 -0.3685974 0.70272833 1.2800013 0.97985774 0.6424443
42 -0.52104026 -0.045876514 0.26971585 0.21448652 0.6505987 0.15931006 -0.58123875 0.6014854
39 0.23080546 0.33278695 0.4163651 1.0420655 -0.08870809 -0.049082216 -0.24974819 0.13774018
23 0.62674963 0.2379673 0.5370883 1.0575683 0.3374593 -0.4915412 -1.116796 0.05330994
24 0.32058954 0.47027734 0.71204185 1.1515228 -0.10285078 -0.8250082 -1.2128397 0.18201852
36 -0.5208362 -0.035300866 0.6492406 -0.3568212 0.1393248 1.1190157 1.1067811 0.5014535
9 0.41044047 -0.044065032 0.5870522 -0.16159303 -0.12271839 1.1231272 1.1331147 0.52676994
6 -1.082967 0.19879362 0.5398341 -0.20027319 0.2343419 -0.06678061 -0.46468002 0.9625692
40 0.003999542 0.07256625 0.25457165 1.1359541 0.23369487 -0.29992762 -1.2606902 0.26348683
19 -0.10258779 0.41721418 0.638298 0.7737545 0.2154397 -0.78349805 -1.1206014 0.42417225
31 -0.43388277 0.2531993 0.19097598 0.90784556 0.32797903 -0.8013757 -1.4500159 0.76054233
18 -0.105690345 0.14820684 0.4890976 0.93531257 0.051179133 -0.720398 -1.2542284 0.5471794
4 0.14037368 0.067590386 0.6367893 -0.23708291 -0.072403386 1.3220307 1.2063483 0.3330681
8 -0.31259775 0.33055896 0.34710878 0.8980587 0.14546715 -0.62683237 -1.3743749 0.5569665
28 -0.68769544 0.033205356 0.48373646 -0.42688552 0.155759 1.0584719 0.9925555 0.731513
35 0.94880044 0.20870319 0.32256383 1.5532908 -0.37364495 0.09990081 -0.10778574 -0.12983662
17 -0.38237503 -0.19149047 0.59237486 -0.8597579 0.5479899 1.3026688 1.1964643 0.8071291
16 -0.46696758 -0.24731676 0.34954455 -0.4139839 0.31541568 1.3607384 0.98261493 0.7133897
21 0.35830957 0.36921588 0.4889651 1.3294238 -0.06565426 -0.78279227 -1.3260366 0.25173843
38 0.21312042 -0.3360357 0.38427404 -0.016001726 0.26207212 1.357027 1.2020426 0.37843367
49 -0.2272442 -0.25657353 0.53274786 -0.18362997 0.19230591 1.2585202 1.2207307 0.45366815
20 -0.9632106 -0.020760009 0.5746884 -0.3071122 0.43361068 0.61482376 0.75804013 0.6886302
44 -0.7772154 0.010163641 0.50338674 0.16091342 0.19824934 0.15747234 -0.65796405 0.5741602
27 -0.35745394 0.03906545 0.28184864 -0.584181 0.4495855 1.2956795 1.2159089 0.8639866
15 -0.26723534 0.8012467 0.51512164 0.54899436 -0.1133482 -0.57236195 -1.1407061 0.6370986
12 -0.33352843 0.5997963 0.4451235 0.8494647 0.47008935 -0.9505776 -1.2147604 0.55127287
14 0.45164633 -0.22934459 0.44756344 0.20110394 -0.051154595 1.225676 1.1782855 0.2805382
13 0.43008476 0.38676843 0.5335629 1.1430796 -0.0109246485 -0.8018474 -1.2277441 0.3940944
34 0.7799999 -0.28026837 0.5027536 -0.11293845 0.15073332 1.4002012 1.273095 0.38055
37 0.55153555 0.07858064 0.5331727 1.2744784 0.19346884 -0.62301135 -1.1411971 0.10196467
41 0.022029405 -0.13917455 0.088875435 -0.056468327 0.6396023 1.4981177 1.2740533 0.39012873
46 0.033388976 -0.07460709 0.53358215 -0.19307937 0.18648987 1.1428443 0.8877819 0.4104678
33 1.1127174 0.40918878 0.2512975 1.3949845 -0.5212837 0.23972608 0.2082585 0.012645931
2 0.40275136 0.48646662 0.34558836 1.5294621 0.2782388 -0.90438443 -1.4013134 0.14099516
45 -0.93996024 -0.032343574 0.48557565 -0.23348999 0.044449635 0.8693686 0.4331556 0.70376337
11 0.2191168 -0.033074964 0.5698645 -0.36718193 0.1419675 1.4898891 1.4588195 0.47426608
5 0.49993214 0.23659791 0.6472956 -0.30077052 0.03387592 1.0403804 1.6139168 0.57339656
0 0.15828356 0.46366456 0.4327119 1.2764947 0.22137634 -0.8682646 -1.4165859 0.25222257
10 -0.77329636 0.47908145 0.22709316 -0.10802563 0.25765285 -0.0008161579 -0.030492458 1.1208609
3 0.6159452 0.5873064 0.4175645 1.2696917 0.13911328 -0.87496173 -1.4646034 0.31025642
30 0.76075894 0.4542903 0.7780229 1.3302176 -0.05136098 -0.8749389 -1.1942208 -0.051971678
22 1.576359 0.17261514 0.40281087 1.2824484 -0.15724093 0.51938367 0.543785 -0.2883919
7 -0.5263294 0.64291507 0.22378089 0.42238408 0.23320176 -0.76464736 -1.22782 1.1143949
32 1.3000563 0.3991379 0.5095608 1.6824114 -0.3469826 -0.43034622 -0.76077485 -0.19022246
47 -0.28116563 -0.16713975 0.25148392 0.04481793 0.47733933 1.3046016 0.9185734 0.3084768
