50 8
39 -0.38428545 0.10295804 0.24787776 0.57457477 0.5669941 -0.25884315 -0.3464136 0.55381966
40 -0.55179447 -0.01490261 0.05411135 0.568255 0.16102609 -0.6259646 -0.04203224 0.5738615
43 -0.045410197 1.0113761 0.7655118 -0.2797207 -0.3752122 0.34738556 0.7125089 0.1083382
1 0.42266008 1.3085343 0.37913486 -0.088133864 -0.13223949 0.5024275 0.5477332 0.49154547
7 -0.47900376 0.0030715417 0.113185145 0.9461338 0.5837717 -0.29938555 -1.1885377 0.3549738
18 -0.5813884 -0.32956475 0.054137997 1.0190747 0.65600324 -0.59507424 -0.9893869 0.64607376
23 -0.21223053 0.08753824 -0.1725326 0.8957603 0.60163766 -0.47012076 -0.6405715 0.75184906
34 0.24570177 1.0537642 0.5694579 0.07577367 0.08147544 0.82675415 0.43766034 0.4712628
41 0.10172496 1.4064214 0.6338548 -0.2811221 -0.23610088 0.4360348 0.2074233 -0.08369113
29 -0.3599133 0.32637194 0.053626824 0.16795075 -0.47697678 -0.6050676 0.5046599 0.5818783
24 -0.7371496 0.03942541 -0.0127122905 0.8561238 0.16672765 -0.8621128 -0.59069705 -0.0673017
36 0.027010068 1.420388 0.4888272 -0.18796812 -0.5054387 0.5512922 1.0132297 -0.018043637
13 -0.61764276 -0.24842167 -0.31567305 1.3022768 0.5045476 -0.77271974 -0.6798324 0.4870018
30 -0.6503265 -0.17491068 0.17580956 1.2052726 0.67450535 -0.3771066 -1.1191907 0.06714165
38 0.27605656 1.5209426 0.29231402 -0.29272252 -0.2706346 0.27962172 0.7239739 0.253691
12 -0.32191253 -0.3346382 -0.100226276 1.072645 0.701586 -0.6320327 -0.88953847 0.9877003
8 -0.595156 -0.30649716 0.20249037 0.9881954 0.4427693 -0.60312456 -1.2008814 0.42178997
2 -0.51224697 -0.40128762 0.08873813 1.0389615 0.8032418 -0.6530793 -1.087105 0.83135265
49 -0.08501385 1.3161428 0.91998094 -0.3768305 -0.739826 0.50227374 0.7275589 -0.3842542
21 -0.43926838 0.15405074 0.26332742 0.48125038 0.9011419 0.12054922 -0.4411214 0.76753056
10 -0.46148232 0.5024347 -0.11987512 0.88899845 -0.65358084 -0.60821295 0.123928994 -0.45126998
33 -0.08529958 0.100594245 0.30298722 0.3530494 0.67277384 -0.13408978 -0.39566582 1.1097162
31 -0.4958781 -0.11437801 -0.1117874 1.0056325 0.38042042 -0.85100144 -0.39280862 0.44148958
25 0.2021001 1.1289672 0.5555102 -0.3174571 -0.31220046 0.33303738 0.25921485 0.46878773
19 -0.8243602 -0.37902525 0.16986486 1.147604 0.34854415 -0.74328524 -0.8627328 0.057134256
48 -0.0027477995 0.37914863 -0.36647886 0.8832822 -0.23477794 -1.0367663 -0.115150966 0.36614385
35 0.030111775 0.33700547 -0.018040383 0.3272561 0.6300587 -0.046158 0.29138273 1.2914577
28 -0.25474992 0.99851084 1.2649206 -0.63053775 -0.79341805 0.18950784 0.7181667 -0.28404534
32 -0.04344097 0.092635065 -0.2289634 0.8162869 1.0581745 -0.052129135 -0.013676611 1.3658807
14 0.2954496 1.6706831 0.5247054 -0.3828548 -0.40649992 0.97052157 1.3128097 0.30359936
26 -0.62491715 -0.27756387 0.27234054 0.9722897 0.04551128 -0.97844344 -1.1043136 -0.008141581
0 -0.5737593 -0.4976245 0.035176363 1.0609392 0.83994484 -0.556426 -0.8362195 0.9708279
27 0.029454311 1.2486633 0.8615722 -0.1043899 -1.1493031 0.2538284 0.5925538 -0.5142966
44 -0.5322315 -0.40500784 0.6605467 0.36324075 -0.24069066 -1.1084169 -0.6211429 0.3785274
3 -0.25172368 -0.02003019 0.29599497 0.4901652 0.89552367 -0.016611837 -0.3893223 1.1056702
6 -0.8550631 0.05662744 0.0041847616 1.040445 -0.3185773 -0.9743113 -0.624808 -0.52753407
20 0.025103107 1.3958906 0.72208333 -0.13277715 -1.0514758 -0.098076835 0.16145848 -0.8258759
45 -0.39109528 1.2431166 0.904045 -0.31949687 -0.87989205 0.38669252 1.1623856 -0.55026495
22 -0.6560024 -0.22788537 0.30963674 0.87583977 0.77526695 -0.2926709 -0.7558772 0.41113344
15 -1.0983355 -0.44726077 0.6549162 0.78025055 -0.35627756 -0.8291651 -0.21791455 -0.40478712
4 0.0032977157 1.388061 0.76189184 -0.44668663 -1.0936953 0.24677691 1.4406935 -0.17429702
16 0.028167654 1.5760214 0.8020292 -0.61086476 -0.81906575 0.490905 1.1681179 -0.108743
11 0.17279018 1.458397 0.6933885 -0.46207428 -0.5284327 0.832679 1.2565417 0.37085804
42 -1.1079097 0.028513664 0.75583494 -0.115879096 -0.6933281 -0.6401067 0.5118174 -0.14120363
17 -0.44203842 1.0358176 1.2448145 -0.42454436 -1.076416 0.39017487 0.602574 -0.6113648
9 -0.033808928 1.46001 0.91163945 -0.71683544 -1.0157834 0.49922222 1.6361578 0.085359246
37 -0.37760383 -0.24293983 0.10699537 0.8019202 1.0547119 -0.040160272 -0.22526075 1.2380743
5 -0.3633586 0.9692539 1.183215 -0.31175888 -1.2186922 0.43971694 0.8197055 -0.47385764
46 0.3005369 1.4243048 0.9382458 -0.6949987 -1.0527337 0.39841545 1.2561747 0.18804045
47 0.19293572 1.312344 0.8417691 -0.039877318 -0.5626614 1.0519323 0.9908571 -0.045433495
