50 8
0 -0.30821073 -0.38701367 -0.94165295 -0.25638413 -0.080127776 3.2238379 0.2812281 -1.4134036
3 -1.0409186 -0.33637133 -0.9832214 -0.37429756 0.64725107 2.761519 0.059387784 -1.3000146
24 -0.9626886 -0.35461122 -1.2044842 -0.01284753 0.7897153 2.6586103 0.025784558 -1.2356232
23 -0.708362 -0.24382569 -1.390313 0.13493343 0.6702621 2.5550737 0.042154685 -0.8490587
19 -1.0405865 -0.40368122 -1.0867424 -0.25932333 0.89991707 2.208991 -0.07261353 -1.1806921
34 0.2712797 1.4499775 -0.5324555 -0.026743883 0.49861613 -1.8797495 -0.81376815 0.9535506
27 0.36904314 1.3716028 0.67333794 -0.048462946 0.214832 -1.8448052 -0.6393573 0.78536767
2 -0.93528134 -0.0930876 -0.9873492 -0.16104934 0.35338387 2.9776042 0.15124017 -1.2128654
36 0.3834745 1.4689233 0.559178 -0.13588756 0.35453063 -2.042268 -0.46533486 0.49656725
4 -0.024903335 2.2369323 0.60884124 0.08807786 -0.11578484 -1.5665761 -0.04025663 0.5070279
32 -0.18419963 0.16258906 -0.96011424 0.3720961 -0.52373666 3.0801673 0.10713276 -0.9148875
22 -0.27084082 0.61875224 -1.5824635 0.22302578 -0.559571 2.698071 0.33728042 -0.8908274
38 0.83125573 0.6814889 0.00167426 0.20948856 0.37352172 -2.0831642 -1.2471691 0.9121952
20 0.22026062 0.48396358 1.2648152 -0.10850928 0.787711 -1.6719252 -0.79650706 0.44352043
33 -0.2773089 0.41053754 -1.3186715 0.42091036 -0.23291881 2.9360712 0.4755642 -1.0349656
35 -0.06101446 0.1030595 -1.3446603 0.37633106 -0.49716797 2.904354 0.2799553 -1.0529253
28 0.52175975 1.0108395 0.9420009 -0.45383856 0.25917313 -1.6381205 -0.5588728 0.45794186
41 0.4594906 1.0623912 -0.65190655 0.14591509 0.49842784 -1.9158396 -0.9788855 0.7561954
21 -0.58198315 0.5779852 -1.5831685 0.014863345 -0.1816233 2.5593224 0.29885536 -0.95316935
6 1.1581335 -0.3584447 1.7369493 -0.17013392 0.54874825 -1.3698667 -0.86569333 0.4878076
15 -0.8840225 -0.21957496 -0.39468765 -0.028486397 0.6452315 2.948537 0.38058335 -1.1333848
9 -0.28314272 2.6403341 -0.0662217 -0.17880787 0.042158756 -1.7940638 0.06744775 0.4193942
31 1.5188677 -0.7918429 1.2915021 -0.27664956 0.31354722 -0.92371976 -0.9795501 0.39095196
37 -0.14504172 0.39669827 -1.5569226 0.3335607 -0.3569197 2.7866411 0.29515925 -0.82566565
11 -0.011995447 2.5103033 0.22182252 0.39044264 -0.010100779 -1.5939825 0.27785102 0.30930474
8 1.3851258 -1.168653 1.4194808 -0.24470685 -0.034054935 -0.3394767 -1.2360587 0.2127439
14 -0.30520824 1.8513087 -1.4010464 0.52883863 0.03958031 -0.4250445 0.14958729 -0.041830614
18 0.78222156 -1.3854648 0.17703263 0.53623396 0.21896046 1.8935083 -0.490733 -0.4152732
16 0.3553205 1.651113 1.2275704 -0.12715529 0.021892253 -1.6235801 0.06865269 0.14008977
12 -0.8972086 -0.593165 -0.8014231 0.25465074 0.8481011 2.5338507 -0.29920876 -0.775905
44 1.5747408 -0.07733059 0.32365334 -0.04295867 0.15875609 -1.5038794 -0.9833501 0.5255282
39 1.2525178 -0.2548908 0.054330986 0.23274899 0.56741434 -1.5498626 -1.2671555 0.67759544
43 0.81721705 0.744224 1.2683667 -0.33075646 0.09138844 -1.7336053 -0.6025822 0.32231215
29 0.92774785 1.2555529 -0.3692599 0.53335094 -0.013219357 -1.6529005 -0.47350708 0.39434507
30 0.70511353 -0.91594565 -0.37495267 -0.5679997 -0.36886665 2.3389523 -0.19162713 -0.7113089
7 -0.74510974 -0.22352389 0.15045144 -0.14290835 0.36353493 2.6642578 0.31050432 -0.93969554
40 1.4202539 -1.139644 -0.46843338 -0.30221948 0.69836617 -0.82238317 -1.3156906 0.41948494
45 1.2722669 0.46726465 0.94597465 -0.22768551 0.05374403 -1.7955267 -0.7153649 0.42695335
1 0.081170164 0.43670914 0.26901382 0.02803651 0.6534979 -0.7902042 -0.46660453 0.15401305
42 1.4390177 -0.625921 1.8849713 -0.30799353 0.37547085 -1.1629106 -0.7362128 0.15556963
26 1.2965099 -0.6635005 2.30713 -0.12825492 0.0126508875 -0.4107709 -0.3650791 -0.20004755
17 0.45531198 1.0279006 2.6584795 -0.540944 -0.08932435 -1.1214093 0.26801622 -0.23383448
25 0.1957635 1.545277 -1.1525575 0.37465516 -0.06023545 -0.9934676 -0.18015656 0.05305723
10 -0.19214973 -0.66785234 1.3764813 0.17948017 0.6553708 0.7811592 -0.3479374 -0.051457882
5 -1.0791402 1.8496346 1.5023018 -0.30730018 -0.08680709 0.05693111 0.7368304 -0.47701356
13 0.4475297 -1.3178346 0.26635134 0.03061285 0.535211 1.4168702 -0.6352853 -0.23954938
49 0.4348053 1.567968 0.23610786 -0.0666167 0.0012038951 -1.8415891 -0.42349187 0.30248788
48 0.549717 1.0101784 -1.3239247 0.47638556 0.51838833 -1.6599566 -0.84315264 0.7028536
46 0.7875191 0.42202392 1.0681939 -0.055865426 0.17039809 -1.5891352 -0.8262059 0.45163932
47 1.1386744 -0.34462625 1.690309 -0.7405792 0.23936658 -0.91304225 -0.5375436 -0.06835942
