50 8
36 -0.7581107 -0.029626979 0.45180047 -0.6695935 0.21981262 1.072618 0.3086169 -0.2601646
6 -1.223255 -0.006097671 0.46998245 -0.60136884 0.46471697 0.52231574 0.30011603 0.0026056818
1 -0.80296904 0.45329168 0.1559972 -0.36153394 0.031878676 1.2507813 0.35280246 -0.10093969
20 -0.7300666 -0.5651179 0.43837324 -0.77133155 0.23793016 1.1564115 -0.038702235 -0.21499288
41 -0.99151576 -0.1241733 0.29630378 -0.6762866 0.37657472 1.2322727 0.43288463 -0.25548947
21 1.0047323 -0.5507668 0.38146907 1.164456 0.55193055 -0.51709074 -0.6812965 0.8076237
19 0.93310547 0.26757777 0.7073312 1.1797296 0.4235512 -0.62052435 -0.63326144 0.5276882
43 -0.9746526 -0.2210447 0.32508764 -1.0343926 0.3288416 1.5231694 0.2918785 -0.44239464
8 -1.3293501 -0.018145237 0.19996597 -0.5890254 0.40772673 0.50586593 0.33369735 0.58518237
34 -0.75185966 -0.45916432 0.40702057 -0.8848061 0.25827408 1.295167 -0.10600883 -0.2989238
49 -0.8593203 -0.033953514 0.26008978 -0.89187145 0.17364019 1.4774331 0.62611276 -0.21820833
45 -1.05891 -0.4182473 0.4194678 -1.116373 0.250891 1.1518445 0.5284992 0.077080905
28 -0.8304835 0.26052055 0.3865393 -0.69878787 0.17701249 1.2502803 0.45586208 -0.28741965
17 0.42402446 0.38708922 0.47732124 0.7262132 0.31263572 -0.25662127 0.24535736 0.649605
27 -1.0346725 0.3646003 0.38342747 -0.70386016 0.21418922 1.1614028 0.6006125 -0.24493232
4 -0.34766057 0.02079631 0.60955995 -0.51261884 -0.08860306 1.3047644 0.0063003656 -0.5111457
16 0.8725086 -0.5198261 0.28054214 0.1259951 0.3007313 0.46903905 -0.043516457 0.47881046
18 0.7133438 -0.19893397 0.492435 1.2046559 0.72324353 -0.9799654 -0.7407367 0.9417044
33 1.4277928 0.34684533 0.6534701 1.4627444 0.26277575 -0.37608334 -0.38645452 0.34983483
7 0.64320415 0.6338078 0.4668889 1.3407321 0.4231452 -0.9037585 -0.06881054 1.0686694
10 -0.07161843 1.0676843 0.27630374 1.1585059 0.16691652 -0.015505496 0.1287372 0.28702036
0 1.0392042 0.09393048 0.54300416 1.3346002 0.42448658 -0.62900233 -0.71551377 0.71042776
38 -0.8350131 -0.049170867 0.37554976 -0.79976636 0.08087741 1.4574403 0.44480821 -0.29177332
5 1.0952952 0.09768983 0.35652477 0.63709164 -0.19218245 0.9361706 -0.18370745 -0.12392756
14 0.57736236 -0.09076362 0.30942982 -0.12445043 -0.42335412 1.6114827 -0.16310109 -0.17680238
46 -1.4865496 -0.13360488 0.24569748 -1.1126914 0.43433338 1.280688 0.30419567 -0.09190458
24 0.8362779 0.81082356 0.67284817 1.4113697 0.39404535 -0.94972646 -0.51863265 0.75314957
23 1.0201807 0.83340687 0.66078556 1.4170024 0.32832503 -0.54738414 -0.44519845 0.37701827
31 -1.7434734 0.03915106 0.32342774 -0.87800545 0.4391092 0.48498276 0.6013222 0.5442034
42 -1.0737712 -0.57005364 0.49928454 -0.64497256 0.65059185 -0.016369224 0.0049976325 0.4734763
25 1.3905076 -0.5809229 0.17818159 0.4402467 0.101833604 0.6516866 -0.7811694 0.4284844
48 -1.149436 0.22954287 0.33303893 -0.83052605 0.18822104 1.2239037 0.35202694 -0.0816435
9 0.26807624 0.0034436064 0.5720081 -0.47726908 -0.28679472 1.4480761 0.39092532 -0.4123144
44 -1.6761506 0.10221673 0.30695027 -0.92161196 0.4961926 0.7794045 0.7042322 0.14965618
13 -0.30546135 0.8044939 0.30157778 0.8413021 0.586814 -0.80014706 -0.19191647 1.0259199
11 1.0205775 -0.3160973 0.38330665 0.072964706 -0.19335625 1.3138479 -0.37082142 -0.28401512
40 -1.6059406 0.09533762 0.23087655 -0.85244817 0.3143589 0.8114497 0.55386466 0.35777038
30 0.9189006 0.29663506 0.50574476 1.5206989 0.5236941 -0.9542529 -0.6477196 0.944803
26 -0.12522769 -0.049727064 0.46270564 0.5766809 0.6740407 -0.885121 0.25528747 1.0479515
15 1.14175 0.5560074 0.72406286 1.5688891 0.37688828 -0.82283556 -0.44686273 0.62134284
47 -1.2839359 -0.22116742 0.27963963 -0.97423023 0.41875646 1.2075418 0.521529 -0.079235114
35 1.0878044 -0.13289602 0.6404343 1.0548261 0.43642157 -0.5825844 -0.48211193 0.62819374
39 -1.5312012 0.36197162 0.23277956 -1.0136335 0.20534436 1.2155777 0.77184415 0.19984555
37 1.6007149 -0.4023917 0.37250093 1.2057866 0.2513909 -0.007969002 -0.81818646 0.58708286
32 1.1662607 0.7627197 0.7122704 1.5759315 0.396291 -0.85749894 -0.47148442 0.71133363
2 0.84909964 0.676548 0.71131134 1.414295 0.397007 -1.0290089 -0.350631 0.96737933
22 1.5583441 -0.057156567 0.53865486 1.3411572 0.2370064 -0.26063293 -0.6860524 0.5555057
12 0.7710825 0.5949624 0.65969634 1.6281253 0.58188874 -1.2325789 -0.45620453 1.0245842
29 -0.20870416 -0.9010819 0.2324537 -0.37004086 0.9243007 -0.051219415 -0.4045869 0.54573405
3 0.85640496 0.9628397 0.4684648 1.8127298 0.59242415 -1.1538118 -0.36915356 1.0479404
