50 8
24 0.043430436 0.092664704 0.7188802 -0.08906441 0.37879097 0.38058496 -0.03238672 0.5114355
46 -0.4213355 0.78543574 0.9156324 -0.18971384 0.427055 0.019224681 0.2326413 0.4393598
19 -0.29744634 0.071926214 -0.06068645 0.5794091 0.6559462 -0.33136898 -0.6939493 0.94748
28 -0.667458 0.9770568 0.41955316 0.42922634 0.4564556 0.015720552 0.17048082 0.5080673
43 -0.770066 0.82372683 0.553893 0.38162816 0.6834657 0.22427604 0.31838113 0.18772271
2 0.24471262 0.6950009 0.028992534 1.1656779 0.2649542 0.26477373 -0.07884734 0.3204013
42 -0.61994606 -0.032490544 0.43676674 0.13818924 0.493587 -0.30830753 -0.41427314 0.9419189
1 -0.15647776 0.36403376 1.1730335 -0.42198604 0.17256737 0.37586963 0.65302205 0.48944718
34 0.94710153 0.4788867 0.75547624 0.7028721 0.05665248 0.7216887 0.64677143 -0.10239898
40 0.43567976 0.29825172 -0.10334649 1.3869803 0.35825798 0.41945115 -0.2031508 0.23265886
23 -0.13098618 0.66671824 0.31653324 1.1437552 0.3426491 0.41731706 0.014240235 -0.0283132
20 -0.72004056 -0.28079116 0.9728489 -0.33051866 0.35232466 -0.33051777 -0.14915895 0.90359414
49 -0.04965719 0.19508071 1.2555926 -0.51888037 0.14381218 0.5385112 0.57227165 0.40802702
27 -0.21535966 1.3062615 1.1008711 -0.051487193 0.22960134 0.5879801 1.0764805 0.025174236
45 -0.6377155 -0.26733327 1.1003007 -0.7354474 0.42060912 -0.5569362 -0.5898 1.0614289
31 -0.80213434 1.1850524 0.16404802 0.944641 0.39181936 0.1738224 0.18186708 0.3527338
12 -0.3986058 -0.0952954 -0.08571574 0.5845498 0.85291916 -0.41880688 -0.9989273 0.87567735
38 0.2147227 0.62095 0.92763937 0.41060445 0.04649577 0.75262475 0.99165154 -0.005386138
26 -1.1891861 0.20380692 0.36668265 0.08447525 0.6379418 -0.61099553 -0.42934614 1.1122452
15 -1.0883236 0.18457745 0.3102493 0.11876289 0.42342964 -0.48125267 -0.72668064 1.2178869
18 0.14765012 -0.428277 -0.3573084 0.90462464 0.8580577 -0.19721211 -1.4156759 0.8421686
17 -0.76118004 0.17424712 1.0945314 -0.80127305 0.44943643 -0.35553202 -0.0022349285 1.005672
14 0.93478936 -0.15100843 0.8906539 0.21251158 -0.105920136 0.9825954 0.49748546 0.23370361
8 -0.7358328 -0.117098846 0.15566719 0.32741266 0.81151825 -0.5148416 -1.0293834 0.94494313
22 -0.45487997 0.9825553 0.43187168 1.1049708 0.35329393 0.5073748 0.5048928 -0.13876666
4 -0.30904326 0.023343235 1.5897952 -0.85487044 0.10662668 0.17293103 0.51167536 0.5127959
10 -0.59582317 0.0414355 0.4235503 0.0955492 0.43217605 -0.39256102 -0.4945427 1.0433146
39 0.13404918 0.8633138 0.57114506 1.0295813 0.12078069 0.7213823 0.51693434 -0.20351513
0 -0.24024755 -0.18374775 -0.2644158 0.8437671 0.8419782 -0.19273756 -0.9907177 0.84150237
9 1.1694295 -0.4538321 1.4474403 -0.13647972 -0.3669399 0.614045 0.63379127 0.24709156
13 0.32225126 -0.15014325 -0.3399115 1.2153051 0.5995936 -0.25483868 -1.0236957 0.73666114
7 -0.7218018 0.17294817 -0.22649087 0.8834809 0.6678828 -0.44093785 -0.61107713 1.0218852
29 0.6500165 -0.91349155 0.4976406 0.34316516 0.37358704 0.127964 -0.20793675 0.6597906
5 -0.5583873 0.41524616 1.4041672 -0.84591025 0.21921271 -0.2343286 0.36131698 0.784376
16 0.18613571 -0.58662343 1.2719489 -1.108131 0.40857628 0.21517268 -0.27400005 0.81592447
25 0.81004804 -0.81080556 0.8631669 -0.049612246 0.43032956 0.1884563 -0.612735 0.38488832
36 -0.050015274 1.425991 0.9539395 0.35509107 0.2948021 0.8426646 1.0577077 -0.30957156
35 1.4009885 -0.4685051 0.310812 1.0791019 0.17721608 0.915486 0.27645248 0.05791772
48 1.3077601 0.23430571 0.4151156 1.1116006 -0.18343867 1.0807834 0.82571507 0.04573952
3 0.68875176 -0.09949333 0.28900075 0.40528414 0.47725952 -0.19838248 -0.9236506 0.6287202
6 -1.115898 0.8441114 0.824833 -0.31782684 0.7547082 -0.41035455 -0.17707205 0.6098244
41 0.123665504 0.9080415 0.4762964 1.1160729 0.2661079 0.8788431 0.77402794 -0.28707346
32 0.94401866 -0.40766835 0.022246113 1.4276373 0.43662485 0.9280153 0.029530514 -0.07320381
30 -0.08984607 0.60212797 -0.25704467 1.4592407 0.58730334 -0.36405572 -0.62255037 0.48270133
21 1.1606311 -0.71293944 -0.093871616 1.3960458 0.2768754 0.87083334 -0.42027518 0.19076945
47 0.68407106 -0.058318242 1.4188172 0.34121802 -0.046528637 1.0799463 1.1186776 -0.4148077
11 0.65909076 -0.950494 1.353389 -0.82164603 0.092128 0.6837372 -0.049176753 0.6109634
44 0.41506743 -1.6316185 0.716538 -0.33651626 0.7701076 -0.10907848 -0.9724665 0.85635346
37 0.99021703 -1.4596657 0.4146472 0.7182 -0.04179651 0.049498092 -0.131319 0.9055684
33 1.2786901 -0.17967652 0.12920508 1.5172911 0.13452575 1.2048275 0.48984933 -0.1428838
