50 8
43 -0.4233699 0.387323 0.31804743 0.8528504 -0.71050745 0.30287248 0.01063247 -0.09644937
28 -0.2458087 0.2218979 0.6286093 0.7253897 -0.79965 0.124739364 0.012912446 -0.17625302
23 -0.2027384 0.32726532 0.6668619 0.20270094 0.39170307 -0.5496452 -0.33193004 0.39673525
1 -0.2826618 0.6544083 0.26186472 0.896421 -0.7546256 -0.11283567 0.05059956 -0.28430995
27 -0.5349213 0.33461526 0.20543715 1.0756114 -0.75953877 0.53429204 0.22967435 -0.13971762
34 -0.19862485 0.6767869 0.22466616 1.0136646 -0.35095578 0.84429306 0.13588646 -0.22762032
20 -0.33781245 0.66275007 0.41025516 0.5251527 -0.75529087 -0.60000694 -0.5335831 -0.28119925
45 -0.28685787 0.7514076 0.7362289 0.22661045 -1.3130405 -0.33356202 -0.10768155 -0.41035184
6 -0.3524796 0.16720842 0.4101407 0.76269734 -0.114369035 -0.8820219 -0.420796 0.09647782
4 -0.39390263 0.5008825 0.42707503 0.65516835 -0.44841903 0.98611397 0.29599142 -0.029624991
41 -0.13227665 0.6056825 0.32508337 1.0864637 0.26057962 1.2942886 0.46820965 -0.26097292
17 -0.70134676 -0.072070986 1.195495 0.2461775 -0.9064077 -0.53143954 0.021822164 -0.6187669
26 -0.37316084 0.31431147 0.6661019 0.22148974 -0.61605996 -1.1018184 -0.7144423 0.062297232
18 -0.04772937 0.59684145 0.7292656 -0.39626682 0.9516771 -0.43887734 -0.41568062 1.0703337
25 0.054922976 0.7172952 0.2740817 0.28584853 0.4202294 0.5172862 -0.15275684 0.8535393
19 -0.35611367 0.17516612 1.0094376 -0.3673954 -0.33956322 -1.23633 -0.6696467 0.5774793
40 -0.13437913 0.76519614 -0.1922603 1.1270602 0.9671346 0.08185195 -0.22070545 0.3378891
44 0.12683548 0.89985234 -0.12495434 1.124881 -0.35576499 -0.22442214 -0.50883573 0.13602397
24 -0.2392825 0.3646227 0.76218706 -0.278728 0.26602542 -0.93491095 -0.86035186 0.770959
49 -0.76531136 0.06425211 0.43951836 1.0587058 -0.87106425 0.7420051 0.23046236 -0.39440015
13 0.00972539 0.66314095 0.0670497 0.6045865 0.23997667 -0.44315624 -0.52751 0.77011335
16 -0.45400864 0.46079877 1.1886606 -0.16399953 -0.950231 -0.122816674 0.14110392 -0.5435124
31 -0.37928447 0.4487606 -0.11321413 1.2446597 -0.02609941 -0.37595055 -0.39899573 0.07163855
15 -0.2586437 -0.05956172 1.1197553 -0.2022186 -0.3438568 -1.0151564 -0.38391933 0.5693648
29 -0.33498886 0.53242403 0.59242004 0.15795726 -0.5450488 -0.9004405 -0.3421089 0.16085172
36 -0.75012916 0.2150169 0.26539293 1.1026205 -1.2596092 0.4614619 0.24856016 -0.31029406
38 -0.22994213 1.0509794 -0.27924225 1.4052908 -0.19882995 0.12559417 -0.40891838 -0.5159748
7 -0.0594389 0.53409356 0.45287767 0.10539752 0.27851886 -1.3886323 -0.7526425 0.7919839
9 -0.4825916 0.21013454 0.91144866 0.20878322 -0.25391835 1.4537376 0.7558821 0.15271273
2 -0.13016002 0.03381677 1.0777749 -0.21760784 1.656166 0.105894044 0.12978448 0.95945853
0 -0.15087248 0.0647936 1.132693 -0.66380006 0.54539305 -0.4267753 -0.33703792 1.3888987
10 -0.10317041 0.6574131 0.52563715 0.5980985 -0.6862744 -0.88740605 -0.34047306 -0.28313136
12 0.17390783 0.23447195 0.5967853 0.17432739 0.73399854 -0.2822033 -0.05310341 1.2324468
48 -0.2661043 0.78757775 -0.2679293 1.5599884 -0.34887674 0.42932954 -0.15996228 -0.3430162
14 -0.44573465 0.32248038 0.49049768 0.44612786 -0.22790483 1.580772 0.54685813 0.39938647
21 -0.5652805 -0.16884409 1.6233451 -0.6660215 0.85924816 1.0358579 0.73111284 0.4783973
30 0.008252848 0.3468351 0.8493825 -0.33878872 1.1704793 -0.6201248 -0.29077137 1.1721144
8 0.18353392 0.6631089 -0.107943594 1.0790335 -0.20909111 -1.4432093 -0.6274111 0.53455544
39 -0.37502572 0.6766755 -0.2872888 1.662679 0.16581154 0.5382625 -0.10783282 -0.41470695
47 -0.5884722 0.2499316 0.56248665 1.0859786 -0.5573322 0.99866277 0.44987828 -0.72141993
11 -1.004943 0.021497767 0.6133591 0.553719 -0.8270988 1.26849 0.40524912 -0.13808835
42 -0.55304885 0.55849725 0.48368397 -0.31893826 -0.19998974 -0.78760827 -0.23009853 0.95103365
3 0.17364773 0.18826513 1.1451011 -0.47866026 1.4752755 -0.5243925 -0.26509196 1.2410617
46 -0.36999336 0.23504505 0.062449683 1.2759353 0.3429992 0.86526537 0.5760111 0.2623978
5 -0.94659567 -0.13584924 1.4014212 -0.19353297 -0.85279876 0.03063039 0.3465677 -0.46819147
22 0.16080809 0.13229743 1.5508671 -0.46986628 1.5756035 1.129078 0.3059267 0.469767
32 -0.21906352 0.12226922 0.8179703 -0.28879377 1.7164431 0.90362704 0.29059374 1.5470874
35 -0.26792714 0.02187339 1.2444901 -0.69769907 1.5568624 0.97426075 0.25702468 1.288857
33 0.1498116 0.38943207 1.3184123 -0.9073854 1.6012005 0.59847605 0.06782142 1.3956242
37 0.06763025 -0.39896104 1.5065877 -0.48006904 1.8167907 0.24715623 0.41323715 1.5255944
