50 8
27 -0.3571768 -0.099775515 0.36164528 0.19633222 0.18876395 1.3817605 0.31648865 -0.1216792
36 -0.35991466 0.26424995 0.51804256 -0.07943019 0.27795088 1.1831447 0.3859823 -0.10501458
49 -0.8348559 0.3131744 0.50215995 -0.107882485 0.62333465 1.1311868 0.38861603 -0.17206323
1 -0.89829063 0.25575548 0.6182537 -0.40609092 0.43707561 1.1340481 0.39419386 0.04109471
28 -0.88147086 0.33006254 0.397866 -0.2023967 0.51011926 1.2701049 0.46716744 -0.008633302
4 -0.21779856 0.21897414 0.32113713 0.12710549 0.113405325 1.4098215 0.637437 -0.034699652
26 -1.062366 0.048714675 0.8407053 -0.18800133 0.049543336 -0.4728744 0.4211695 0.5440077
19 0.31401783 0.5712327 0.89043033 0.107406236 -0.009365106 -1.4616904 -0.649352 1.2285458
20 -1.1536348 0.3304591 0.61712676 -0.3490435 0.08823971 0.81574756 0.5505186 0.29922858
6 -0.92037696 0.27499428 0.5723938 -0.18803239 0.44553232 1.113296 0.43651155 -0.11703617
39 -0.7527931 0.12761231 0.48276982 0.12092989 0.33151564 1.2351685 0.5229444 -0.3690457
8 -1.1209836 0.051968966 0.56001073 0.22802675 0.39173743 0.29164088 0.22347425 -0.08029622
42 -1.1584966 -0.0046898443 0.7890224 -0.42081445 0.286783 0.029858893 0.42490318 0.59994143
17 -0.9002911 0.12650771 0.63465273 -0.573791 -0.0065204063 0.53155774 0.6958054 0.7844071
45 -1.3019786 0.21679692 0.9043146 -0.7173538 0.074093714 0.3241583 0.7567774 0.5925618
10 -0.84681934 0.22706643 0.6390991 -0.2952969 -0.19279043 0.24244611 0.543243 0.78961885
43 -0.4728932 -0.23563337 0.17594256 0.3577226 0.44631132 1.531917 0.5843702 -0.21039356
16 -0.105168656 0.08955923 0.52207804 -0.45456487 0.24018817 0.40679088 0.35066968 1.0123363
44 -1.0098372 0.040485665 0.6486441 0.2461707 0.82492876 0.70896846 0.27444923 -0.71939987
31 -1.2212532 0.34233266 0.46823308 -0.019143593 0.48703945 1.3583686 0.5895917 -0.38620248
9 0.64823306 -0.1177668 0.31001016 0.35627294 -0.56709594 1.6305444 0.40255004 -0.05564729
48 0.9756085 -0.18715605 0.0037941043 1.1347897 -0.19274493 1.1962165 0.27080706 -0.24820796
38 0.019568061 -0.3438955 0.17503048 1.0310563 0.14779726 1.3008713 0.38153377 -0.6804338
34 0.4576694 -0.27878827 0.22177304 0.5477824 0.0011515929 1.5594641 0.20106123 -0.26844928
15 -0.040119678 0.45013815 0.8747138 0.13472162 -0.008790839 -1.3713691 -0.6351635 1.1045386
13 1.1003816 -0.04978654 0.3946925 1.3751858 0.35380805 -1.0823926 -1.0318495 0.46744743
41 0.27541468 -0.32943666 0.23475319 1.0756589 0.17923878 1.2626377 0.3623585 -0.83389956
18 0.36337286 0.040131617 0.7654354 1.0566282 0.04492215 -1.7286471 -0.6019231 0.6013068
47 -1.3442899 0.36836407 0.6725549 -0.30508798 0.1173191 1.0696546 0.6097659 -0.065673605
23 -0.7758358 0.4281107 0.9943642 -0.4920614 0.25025818 -0.60044587 -0.049214683 0.75347203
25 1.7044302 0.043053344 0.18635094 1.335213 -0.17958698 0.5305855 -0.5192038 -0.20865071
0 0.35193202 0.25142887 0.8880008 0.6372865 -0.053575598 -1.7850286 -0.9618564 1.0972474
46 -0.20790935 -0.48907033 0.35024124 0.7965296 0.20608132 1.5409298 0.5839846 -0.95283115
30 1.0714684 -0.47055313 0.53433156 1.6864959 0.027480846 -1.4987706 -0.78993285 0.28144068
33 1.3781117 -0.45373663 0.24657063 1.8165251 -0.28857738 -1.1790856 -0.951045 0.6688903
14 1.6553642 -0.26914895 0.069519654 1.1781597 -0.79782474 0.41713855 -0.5941654 0.68644595
21 1.2744226 -0.43059483 0.47265366 1.5657823 -0.35882643 -1.4496744 -0.87995195 0.8202093
35 1.5226526 -0.35172695 0.57320267 1.4722193 -0.09819523 -1.4762894 -0.8968053 0.7827136
29 1.6578646 -0.048686672 0.01816762 1.4251615 0.33140978 0.35680798 -0.58317745 -0.083968125
24 -0.43613455 0.26809287 0.8690975 -0.21868142 0.1181154 -1.1871532 -0.38733497 1.308041
12 0.9953308 0.13537073 0.8088828 0.99996114 0.05091371 -1.8647943 -0.8377172 0.7943354
40 -0.4378163 -0.173181 0.41425115 0.9843733 0.39262757 0.9065846 0.51779854 -1.0157773
22 1.1742467 -0.3802768 0.47373188 1.5664077 -0.01652726 -1.4349064 -1.1247115 0.670838
11 0.42908013 0.11809312 0.33536452 -0.14045265 -0.2740279 1.3288126 -0.05251506 0.5629281
7 0.83565414 0.16032292 0.9590053 0.7541898 0.341148 -1.9239801 -0.719569 0.7777731
5 -0.25621632 0.6375546 0.58911043 -0.596104 -0.04058146 0.6986225 0.6846768 0.8587813
2 0.62309694 0.21276224 1.0481434 0.3988816 -0.24108957 -1.8637788 -0.7301489 1.2684369
32 1.319073 -0.19420327 0.67607874 1.3446811 -0.14027858 -1.870235 -0.8575745 0.9264123
37 1.2438741 -0.551576 0.5133449 1.7551354 -0.027101122 -1.8126997 -0.82552665 0.71716255
3 0.44600832 -0.023644118 0.9508986 0.97081274 0.2679472 -2.2996156 -0.9466773 0.94380736
