50 8
43 -0.4447802 0.59862274 0.14388931 0.6234347 -0.8273766 -0.22014962 0.39256185 -0.3554246
25 0.046134528 0.7443853 0.73465425 0.024391757 -0.105497494 -0.15368876 -0.286227 -0.09593139
24 -0.53091943 0.5260564 0.38882837 0.3773174 0.5178747 -0.72854173 -0.53185976 -0.20229201
28 -0.22727908 0.20683421 0.7257256 0.42140916 -1.03897 -0.30112058 -0.12882872 -0.7840599
42 -0.79106873 0.44288647 0.5904587 0.36080396 -0.09121434 -0.37369552 0.1343566 -0.6785388
10 -0.7819715 0.1398978 1.1721715 0.050117575 -0.05698351 -0.25821275 0.07810701 -0.33556458
20 -0.45995453 0.36345762 0.44062552 0.47682416 -0.37296522 -0.54610527 -0.0924901 -0.354623
18 -0.957225 0.27477238 1.0188626 0.012908181 0.8585075 -0.7078607 0.2049025 0.4992244
45 -0.5505994 0.55987424 0.7046243 0.34253946 -0.44556224 0.089872435 -0.20356771 -1.0934991
31 -0.27886236 0.62746376 -0.20902933 0.76613116 -0.6605355 -0.83893645 0.44220543 0.124555156
1 -0.03811738 0.8338653 0.039655514 0.66229606 -0.9361513 -0.1987606 0.30758408 -0.5240639
26 -0.9451485 0.23934346 0.491808 0.37474138 -0.077149704 -0.9899644 0.2927567 -0.30434093
23 -0.1760932 0.53339833 0.048679814 0.6774042 -0.13196678 -0.84203976 -0.19311626 0.06609294
19 -1.0089514 0.27544034 0.48502296 0.53870547 0.53902984 -0.8370694 -0.09634073 -0.28117874
36 -0.42945892 0.80412936 0.21383262 0.57814366 -0.69725174 0.18619584 -0.012494118 -0.8632131
40 -0.32874236 0.8093723 0.12391012 0.47715804 0.5028749 -0.73322284 0.5726721 0.87535846
4 -0.08363862 0.9172907 0.32899725 0.51243746 -0.48221502 0.60192645 -0.56009436 -0.47958508
39 -0.33059978 0.7728467 -0.2558899 0.8315649 -0.3836517 -0.583338 0.238058 -0.22136772
16 -0.108799025 0.5654434 0.88891906 -0.10685147 -0.43864512 -0.278847 -0.36992982 -0.5088454
27 -0.21034667 0.3810338 0.18200675 0.7368606 -1.2221966 -0.26548603 -0.00031683262 -0.46247846
44 -0.517312 0.38734284 0.28266904 0.51189023 -0.2369377 -0.9388861 0.30058697 -0.1181346
34 0.088990904 0.9782892 0.114959665 0.5524901 -0.7873788 -0.0273292 0.26568103 -0.5473638
17 -0.25262833 0.34989795 1.1351674 0.088962816 -0.50984657 0.4411074 -1.0048989 -0.8194885
29 -0.6088151 0.47684842 0.11598182 0.45817295 -0.53270763 -0.59831953 0.49733287 0.5023759
49 -0.037207037 0.5867505 0.8817276 0.1713586 -0.6206174 0.6137739 -0.8953603 -0.54052633
38 0.5970602 1.2467607 -0.38619626 0.774866 -1.1557 0.093393885 0.0557602 -0.15252154
6 -0.9935762 0.030728681 0.3474406 0.64457566 -0.1713243 -0.72344583 0.17613286 0.3408637
15 -0.58291113 0.3157658 1.2697784 0.015976768 0.89988 0.071702205 -0.80986017 0.109942205
13 -0.6566445 0.12854378 0.31219757 0.67784005 -0.13873339 -1.0400745 0.80756146 0.87938464
37 -0.44905236 0.144276 1.6637118 -0.27438122 0.4906745 0.060715582 -0.22154273 0.3956261
47 0.26489824 0.97361463 0.35892853 0.5001053 -0.7362724 0.47542408 -0.23088369 -0.57381684
11 0.60306394 1.0509963 0.30007294 0.42832953 -1.0698354 1.0832902 -0.94766057 -0.005169698
12 -0.57361203 0.1394581 1.0145701 0.15863205 0.9903697 -0.79852164 -0.14333983 1.2171507
35 -0.20228925 0.89691424 0.26768723 0.3750228 1.2343568 -0.3871513 -0.33140144 1.3814052
8 -0.9330698 -0.13342562 0.43045506 0.5289741 -0.8945007 -1.5503165 0.78013283 -0.43059215
0 -0.37426353 0.5253728 1.1338414 -0.026593175 1.3044102 0.07691724 -0.5771927 1.3126274
41 0.9127687 1.1358151 -0.27720752 0.8548585 -0.5752476 0.009226007 -0.20988022 0.6990868
32 -0.2305779 0.8679694 0.35371196 0.32863522 1.0786481 -0.3457009 -0.07021531 1.2537484
30 -0.3524803 0.5315437 0.6217353 0.33228526 0.52604175 -0.759517 0.77739584 0.70262825
2 -0.22328123 0.32069016 0.7491344 0.33215207 1.3129851 -0.66376114 -0.6391222 1.6192367
21 -0.43929407 0.27778733 1.1542599 0.008163317 1.3505934 -0.47840637 -0.48615223 1.3135679
14 0.7844832 1.2922572 0.37399483 0.25862822 -0.46917012 1.106156 -0.94858295 0.45743304
22 0.06656525 0.40823758 1.0592144 0.22597723 1.2903159 0.16241215 -1.1870834 1.6388075
3 -0.35160905 0.7176007 1.3309157 -0.2727091 1.3005522 0.36133844 -0.8656369 0.48493326
48 1.0884615 1.3938121 -0.23006994 0.62737405 -1.0639505 0.47742024 -0.07636041 0.5046159
7 -1.0211885 0.12627676 0.62168807 0.13225555 0.5435483 -1.2842884 0.081636935 0.67359257
33 0.7110231 1.0837532 0.26358962 0.3687111 0.19877462 0.45638582 -0.2190379 2.0936418
9 0.5080084 0.9359872 0.49638733 0.26685384 -1.1488642 1.1321487 -0.06999623 0.9343853
46 0.97013074 0.5044604 0.38790244 0.6780817 -1.4776477 0.38491875 0.12953892 1.3011731
5 0.15378147 0.624667 1.0601717 0.23890483 -0.8356167 0.83010566 -0.7468334 -1.0207851
