50 8
39 -0.9096273 0.46481183 -0.18933198 0.55084085 0.4998542 -0.67580533 -0.18536542 0.10891693
29 0.07388996 0.30296656 -0.1891456 0.5621429 -0.047221757 -0.8593361 -0.8173215 -0.46373603
40 -0.8715774 0.27860448 0.19285955 0.3280906 0.4403171 -1.0816869 -0.22675607 0.45125997
42 -0.40170583 0.25450873 -0.030597042 0.5086044 -0.5254168 -0.98841834 -0.012521518 -0.6259072
18 -0.35846236 0.24836084 -0.30637506 0.4735296 0.28982973 -1.5699896 -0.394801 -0.63220555
7 0.20499615 0.021408416 -0.2554864 0.717134 -0.9362356 -1.1432215 -0.5032319 -0.41298524
19 -0.02050997 0.123319104 -0.2420675 0.6206337 -0.14606935 -1.1111352 -1.1523435 -1.2223821
25 -0.1588229 1.1434183 0.21158174 0.1977778 0.66022307 0.2544799 0.13938142 0.9666594
1 0.032734085 0.9871272 0.2146332 0.33836782 0.79795194 0.34619513 -0.6241677 -0.25634244
20 0.32937965 0.5829235 1.1309054 0.22026739 -0.51070184 0.59657586 -0.7941402 0.16935854
24 -0.06585703 0.1603774 -0.30555716 0.7014985 0.04578835 -1.0330552 -1.1039592 -0.96884286
16 0.29510114 1.0449313 0.69328 -0.20303309 0.05669948 0.2689747 -0.6719894 -0.56691
26 -0.1039169 -0.11350686 0.14306678 0.76194745 -0.5767691 -1.0712166 -0.575208 -0.6193087
2 -0.0875323 0.24920751 -0.18883255 0.5093491 0.2317683 -1.1740775 -0.5907315 0.31137952
34 0.23054315 1.298272 0.09821789 0.24731015 0.46152803 0.6599215 -0.17918551 0.7218193
36 -0.50435317 1.2675613 0.6895418 0.21211064 0.071268596 1.0532707 0.5960259 0.8329569
22 -0.6400179 0.7502275 0.04148036 0.43399158 1.0119953 -0.13411288 -0.4250815 0.21524501
30 -0.63368803 0.22460575 -0.7144797 0.92867035 0.06199643 -1.4392195 0.5112307 -0.3771697
48 0.72703534 0.8159345 -0.12894768 0.5447542 -0.6510887 0.19270436 -0.22725706 -0.04532921
43 -0.23481059 0.692509 0.01784946 0.40468588 -0.8336866 -0.48478466 1.0440645 -0.31102163
15 0.013202321 0.14163241 -0.19361575 0.6458999 -0.14132588 -1.1878879 -0.5915859 -0.25682423
6 0.50157803 0.27809876 -0.08184912 0.58657426 -1.0836215 -0.6120994 -0.5635236 -0.89015317
17 -0.19429453 0.14522216 0.8835493 0.36860013 -1.1113007 -0.17791723 -0.60564107 -0.9684349
41 0.0036838434 1.2878247 0.39777553 0.25589025 0.3794262 0.8275501 0.23084424 0.8727084
38 0.6321337 1.5762405 -0.052529223 0.01751899 0.3366995 0.67560065 -0.09158507 0.7915007
8 0.09305103 0.045807384 -0.29352197 0.6699313 -0.6453712 -1.3045113 -0.6504354 -0.7589245
44 -0.73345196 0.047666848 0.08265172 0.48969412 -0.27318215 -1.4967358 0.21299095 -0.08120946
21 0.6239603 0.89063156 0.76711863 -0.082765475 0.28951138 -0.111147776 -0.5281585 0.95021397
46 0.59217864 1.1370021 1.0024276 0.0327314 -0.5046465 1.0346128 -0.32364222 0.77120346
31 0.06948841 -0.07422456 -0.23836513 0.8769349 -0.8765607 -1.3764234 -0.11929021 -0.7222329
23 -0.21621561 0.14535801 0.12712562 0.41030854 0.4976527 -1.303535 -1.0124942 -0.5950131
4 0.3214436 1.2159083 0.90304327 0.12304669 -0.5619797 1.2992479 -0.078430615 0.7201332
10 0.8697422 0.50063604 0.2818473 0.5007199 -1.2728467 -0.18625858 0.009328912 -0.42795905
9 0.31539416 1.1208057 0.8196313 0.15225075 -0.78022164 0.8987499 0.41560164 0.70025617
0 -0.2465085 -0.010604256 -0.23326357 0.9174019 0.09794782 -1.1879429 -0.66790295 -0.85807014
49 0.112826295 0.88843316 0.95227224 0.49055082 -0.98212814 1.234328 0.14269105 0.120714456
3 -0.0145426 0.68799025 -0.17309585 0.27685505 0.68622863 -0.5740125 -0.9770523 -0.050933216
33 -0.5884325 1.1268414 0.09607271 0.29971978 0.42025226 0.0358804 1.110111 0.89920133
12 0.4796515 0.16722062 -0.39926133 0.4955018 -0.4011754 -1.4948002 -0.85958475 -0.39641896
28 0.55440354 0.8616278 1.2022357 0.1230415 -0.8249293 0.582482 0.34435207 0.6845631
11 0.06325808 1.3631263 0.895085 0.0017827954 -0.07515163 1.1121944 0.15226181 0.89842045
14 0.3167436 1.5624183 0.6371572 -0.038108166 0.056228712 1.199643 0.06627285 1.0277561
35 -0.87818927 0.7343783 -0.07100111 0.5409252 1.1940362 -0.25785398 -0.05575356 1.234119
37 -0.7283946 0.4054191 0.43988305 0.056143124 0.31665212 -1.247606 0.14183776 0.2624833
45 0.5008142 0.9131325 0.7380884 0.17522421 -0.7447548 0.43070996 0.20377766 -0.59896296
13 -0.7866825 -0.2794666 -0.074329704 1.1752462 -0.32753998 -1.3929408 0.555168 0.38365966
5 0.48383683 1.1158496 0.8334204 0.21636535 -1.1614016 0.98131114 0.58954453 0.34654102
27 0.47682202 1.1763197 0.952877 0.2669344 -0.8574195 1.402484 -0.008733485 0.045142047
47 -0.09364088 1.3491263 0.5721957 0.2292869 -0.12768485 1.1931543 0.38326213 1.1258557
32 -1.2131307 0.6591317 -0.25828087 0.6843275 0.5026012 -0.8064719 1.4663198 0.49491808
