50 8
33 0.20231247 -0.14839071 -0.95346844 0.6236467 0.022338614 2.9323997 -0.48318025 -0.5364162
27 0.2968921 0.93920535 1.1878284 -0.61341023 0.41660735 -1.492178 0.04235727 0.780438
0 0.2185262 -0.4163183 -1.0642974 0.19859079 0.6781557 2.765233 -0.4075834 -0.83635783
32 0.28160506 -0.36198318 -0.7904871 0.8195038 -0.012286854 3.0735915 -0.592032 -0.41405857
2 -0.28353164 -0.2909495 -1.0613751 0.3396974 0.54544115 2.5846949 -0.61099505 -0.88429284
28 -0.1421244 0.66110134 1.5449072 -0.33168375 -0.10309457 -1.6200393 -0.8023564 0.819205
35 0.33888477 -0.13507685 -1.122928 0.5678771 0.044981256 2.7995887 -0.40470636 -0.94670415
1 -0.4533776 1.1771983 0.43235216 -0.7897092 0.46780187 -1.4088175 -0.04460573 -0.23056392
22 0.13083076 0.37181106 -1.433001 0.76475626 0.17537253 2.7898848 -0.108036876 -0.6523644
34 -0.20107631 1.8022999 -0.094909616 0.38652602 -0.020837106 -1.8241613 -0.20899095 0.9859097
18 0.8167138 -1.0491029 0.22853285 1.0068705 -0.14880013 2.4453971 -0.8774625 -0.10459769
38 -0.46631253 1.825925 0.2857874 0.46713445 -0.39318568 -1.7694852 -0.34671158 0.61514074
3 -0.44227988 -0.094316155 -1.5464985 -0.14160575 0.8142347 2.2903328 -0.5307868 -1.2748085
43 -0.8275159 1.2634218 1.036316 0.20268841 -0.45267645 -1.581704 -0.9134043 0.5724515
24 -0.9422918 0.14322571 -1.2712572 -1.213086 1.668476 0.88192594 -0.29005513 -1.5966035
19 -0.97902286 0.29243663 -1.0030426 -1.5552764 1.546691 0.06990344 -0.3263343 -1.6406618
12 0.106359676 -0.84551793 -0.88180405 0.35082754 0.4145253 2.3722677 -1.0340868 -0.76283723
20 0.593812 0.33207786 0.7401172 -1.7772635 1.7368774 -1.1174253 0.6640571 -0.10280107
41 0.049708568 1.1428111 1.1635144 0.5794783 -0.4990257 -1.4766295 -0.5431272 0.97860503
30 0.83609384 -0.76433104 -0.5897187 1.2764812 -0.4793742 2.558501 -1.0168825 -0.16424829
21 0.30397794 -0.21325222 -1.099829 0.7059782 -0.058109634 2.6712377 -0.6887765 -0.49311483
23 -0.87385046 0.048411082 -1.3792864 -0.87064123 1.338134 1.2701484 -0.48777926 -1.2674545
36 -0.69450074 1.4837468 0.6981695 -0.40434897 0.12577152 -1.7516224 -0.38654667 0.51820093
31 0.5183538 -0.31272233 1.3790939 1.3533297 -0.8052481 -0.3759113 -1.3882006 1.0112333
25 1.0438752 0.5524813 -1.4371723 -0.10618323 0.9308946 0.7194362 0.7411596 -0.8461131
15 -0.63947046 0.38570833 -1.0895315 -1.0923557 1.2536756 1.5164196 0.14459299 -1.4045229
13 0.6883524 -0.72527117 -0.18085885 1.2012653 -0.0775475 2.2676034 -0.80575365 0.12022912
6 0.94811994 -0.32760197 1.9945018 -0.6836167 0.908913 -1.0151118 0.059754353 0.43862754
11 0.2408286 1.7081035 -0.7507033 -0.985423 0.7628198 -0.9379928 0.92465234 -0.5913623
8 1.6568916 -1.4110919 1.5809025 0.22128774 -0.24259615 0.54643184 -1.0141128 0.82442594
39 -0.58710283 1.1428461 0.40752038 0.78877753 -0.96924734 -1.5781777 -1.5116872 0.76964355
26 1.6297606 -0.6228099 1.6505762 0.2633051 0.2574645 -0.7673393 -0.18134166 0.4113509
7 0.8284832 -1.4574621 0.6831755 0.40776506 0.4719591 1.8222119 -0.8522047 0.12336609
9 -0.34607077 2.2448685 -0.26577654 -0.73885405 0.42947352 -1.0871439 0.8700607 0.30914626
37 0.018161424 -0.25606465 -0.99103594 0.66164076 0.14005393 2.8549192 -0.6338994 -0.6928151
4 0.43497744 1.0414509 0.90415984 -0.88656133 0.6180638 -1.5015516 0.40895873 0.30432838
14 -0.10396519 1.7348909 -0.6597887 -0.3586903 0.8756262 -0.75457394 0.8473521 0.011590708
5 -0.27182382 0.9557807 1.2221318 -1.3511397 0.6009939 -0.60018355 0.4569226 -0.20020218
40 -0.15368477 0.12211221 -0.08106677 2.0168576 -1.0736283 0.6174334 -1.6160885 0.9126107
17 0.206618 0.60248417 2.1856222 -1.0903299 0.15739675 -1.411835 -0.074450925 0.20784456
10 1.0225018 -0.33619794 1.6123271 -1.3398179 1.2497939 -0.50507176 0.38625386 0.45113847
49 -0.39769796 1.7315428 0.7627603 -0.80499023 -0.005348321 -1.6690397 0.044707976 0.15430184
16 1.2639439 0.2939993 0.4656067 -0.69607055 1.0292746 -0.94840777 0.61075443 -0.21562156
45 0.10237291 1.0570649 1.0245447 0.2522132 -0.80145925 -1.6355727 -0.7412015 0.4701762
29 1.7728926 -0.24659708 -0.24073727 0.23652281 1.0180484 -0.109383486 0.52302283 -0.051357258
42 0.43667376 0.5525167 1.5536426 0.27052402 -0.35619336 -1.4784036 -0.54407346 0.17083625
47 -0.38559103 1.5193144 0.90872526 -0.356012 -0.36051613 -1.7135859 -0.35033786 0.2482434
44 0.57434416 0.087753914 0.6198446 1.0519866 -0.74310184 -1.1231089 -1.2447952 0.21896298
48 -0.21710739 1.0709032 1.1393847 0.7427853 -0.66306114 -1.532981 -0.8323126 0.89263064
46 -0.112408176 0.6311674 1.6728785 -0.65839225 0.050358973 -1.2842009 -0.37142742 0.06693461
