50 8
19 0.18949552 0.4116838 0.065123364 0.54401416 0.91733724 -0.4455456 0.037444834 1.3645351
4 -0.45113257 0.23155464 1.0739521 -0.8635482 -0.09390706 0.96854794 -0.12494284 -0.6854381
48 0.057763718 0.19759129 0.3517325 -0.14854202 0.8572706 0.33000913 0.01593736 0.08087879
43 -0.25137064 -0.51113296 0.6077317 -0.82007 1.131638 0.075056255 0.47618562 0.481106
41 -0.30829814 0.23518524 0.7198969 -0.72409034 0.17779863 1.2225466 0.124520265 -0.47184172
26 -0.035505507 0.51897883 0.26928115 0.4772017 0.52064407 -0.42927274 0.48062664 1.4390125
24 0.2255608 0.42383015 0.38117298 0.5418064 0.7782745 -0.75981605 0.17971352 0.90372765
45 -0.43570584 0.33529344 0.76779914 -0.72333866 0.55970246 -0.021283077 0.57304525 0.13615069
1 -0.31271085 -0.23533727 0.5425381 -0.4931392 0.90914667 0.01323391 0.46759158 0.662068
6 -0.108226635 0.8357082 0.05579719 0.17077011 0.6797497 0.067623876 0.20024891 0.9928981
44 0.65697056 -0.02491293 0.44166946 1.2418137 0.84282106 -0.69537646 -0.5558297 0.35473242
36 -0.7602352 0.47570688 0.7191394 -0.9129077 0.32866234 0.71942025 0.55249166 -0.12582427
28 -0.5450169 0.9213134 0.08681437 -0.8009342 0.59363145 0.94662845 0.30900633 0.49490583
42 -0.090190366 -0.1717419 0.77743196 0.046169125 0.89901835 -0.8827234 -0.24641562 0.43014416
23 0.62231493 0.32415742 0.3762551 1.0797821 0.7318736 -0.6717987 -0.19482751 0.47257796
9 -0.44363704 -0.27120742 1.0665466 -1.0848204 0.029975541 1.2537661 0.52316314 -0.3573312
31 0.6620018 0.46177438 0.251841 1.1489398 0.7444017 -0.798022 -0.5186109 0.81431293
40 0.56622773 0.39347634 0.3003414 1.0760229 0.6349019 -0.57015395 -0.24343656 0.7219773
27 -0.61139494 0.5000532 0.5757833 -1.276469 0.53364724 0.611971 0.56795365 0.42586583
46 -0.49395132 0.08341459 0.8111049 -1.0734015 0.28008583 0.8978963 0.38542092 -0.036011163
34 -0.123676725 -0.45093367 1.0730683 -0.7779493 -0.021445893 1.3617194 -0.039461456 -0.623529
17 -0.3741814 0.19936222 0.5668852 -1.0942341 0.8282783 0.12848194 0.36945027 0.7241642
5 -0.63526356 0.70337 0.76353455 -1.1886371 0.3097096 0.41089427 0.52371806 0.08869607
30 0.6604028 0.44664198 0.5769927 1.6542007 0.20549887 -0.5927113 -0.53691566 0.22408539
13 0.33750275 0.78340906 0.14530231 1.2102214 -0.14653234 0.764916 -0.47307053 0.424716
38 -0.15340221 -0.21195687 0.9452213 -0.61973757 4.9901857e-05 1.4879404 0.05584806 -0.84704965
16 -0.24529445 -0.04787514 0.8596898 -1.1890533 0.5095759 0.707252 0.27120048 -0.22350404
47 -0.1994202 -0.652832 1.0745767 -0.8869916 0.4806614 0.62814605 0.27439567 -0.2675093
39 0.4864459 -0.04853334 0.90742344 1.3574139 0.06303935 -0.32012737 -0.69506264 -0.36498034
2 0.7379555 0.7389004 0.49743918 1.8769156 -0.22440073 -0.20732698 -0.8160076 0.22545794
25 0.12866321 -0.8985856 0.87801903 -0.018350178 0.23626743 1.290166 -0.33824375 -0.61735994
35 0.20844193 0.2747638 1.1416395 0.42467088 -0.507618 0.82312167 -0.056657236 -1.3213986
49 -0.57231534 -0.65426403 1.0815729 -1.4841456 0.5752251 0.78443354 0.6892311 -0.0034459585
8 0.24043424 1.2504228 -0.19480681 1.3638192 0.28161976 0.12711951 -0.09098388 1.2097889
14 -0.26926178 -0.20672663 1.420315 -0.7960083 -0.33283028 1.1379815 -0.041181996 -1.089324
18 0.62021965 0.5033149 0.29124725 1.5841956 0.51420754 -0.6036816 -0.3164072 0.65579396
20 -0.6133511 0.6158466 0.31495973 -0.76611525 0.33024928 1.310223 0.61165625 0.17378737
12 0.6498165 0.7319485 0.058537453 1.2341422 0.80526257 -0.49422583 -0.48644096 0.65917414
15 0.293805 0.9565782 0.35884675 1.2380215 -0.022249006 -0.34826544 0.09056984 0.94830364
0 0.5737718 0.3708578 0.44131503 1.531925 0.67994624 -1.0568632 -0.37068415 0.55983335
7 0.4018964 0.80032086 0.14742132 0.8755016 0.44769192 -0.42007458 0.21281739 1.2188901
21 -0.25339043 0.25938526 1.232227 -0.020111337 -0.545316 1.04353 -0.44859982 -1.3189073
22 0.77984834 -0.77332526 1.1706681 0.96499276 0.016443377 -0.07641103 -0.5948755 -0.4690699
32 0.4143392 0.41855717 1.0174212 0.9207674 -0.6396293 0.94471955 -0.58335996 -1.3208418
3 0.6915774 0.5506128 0.41627535 1.461301 0.4882312 -0.70700306 -0.8058715 0.42107552
37 0.9317145 -0.5279694 1.0771441 1.64116 0.09595027 -0.67911077 -0.56619567 -0.06634698
11 -0.059109975 -0.5294543 1.2556458 -0.80321807 0.042396888 1.1171377 -0.25707564 -1.0249774
29 -0.33045998 0.2871206 0.3290043 -0.8475962 0.71213543 1.1294348 0.110688955 -0.076515175
10 -0.5902003 1.0577023 -0.10765961 -0.5376498 0.2921729 1.1974826 0.5284096 1.2736088
33 0.5291582 -0.024952998 1.1920077 1.201999 -0.6276033 1.0058101 -0.50697994 -1.7535881
