50 8
43 -0.31749338 0.29016516 0.08258705 0.26905942 0.2868901 1.0544932 0.1622677 -0.092976995
21 0.056537546 0.9538861 -0.35841414 1.2924712 -0.6216267 0.56991667 -0.50868136 -0.2094723
16 0.18316759 -0.19031526 0.5738763 0.046248406 0.8029194 0.7642544 -0.082539916 0.052118197
17 -0.0907345 -0.3241413 0.5692888 0.13348858 1.1817288 0.6874765 0.27161038 -0.17254318
40 0.15228468 -0.4990936 0.6563868 1.1237593 0.7080012 -0.6462366 -0.34023258 0.7777459
20 -0.73509395 0.0038996683 0.36000344 -0.1584018 0.41049653 0.88840294 0.23569547 0.63447374
33 0.42062122 0.85178715 -0.4462895 1.5775888 -0.79574996 0.44968292 -0.45395544 0.0011464594
42 -0.58368635 -0.37713894 0.7906507 -0.2075814 1.0589966 0.45165125 0.22100583 0.59180427
34 -0.5680058 0.143218 0.39672804 -0.44524446 0.41093194 1.5958512 0.55417824 -0.08451145
24 0.40207157 0.44879568 0.44364908 1.3646009 0.02264532 -0.47729442 -0.71500057 0.11461256
30 0.30097643 -0.16279793 0.7612592 0.9211732 0.9446413 -0.54657465 -0.32897687 0.32454345
39 -0.2643288 -0.089630134 0.95109403 0.43871233 1.1611053 -0.20244725 0.21981914 -0.00916117
26 0.051484052 -0.55990374 1.0026448 0.59078735 1.1941795 -0.39383534 -0.030404849 0.40447453
36 -0.7215419 0.38271898 0.45051458 -0.21161468 0.566467 0.9973469 0.46973333 0.0031118635
31 -0.1757115 -0.46619606 1.0460134 0.06462063 0.92469686 -0.3100064 -0.21786468 1.2566072
14 -0.06618983 1.0239356 -0.3144707 0.59008515 -0.815243 1.1444199 -0.21623717 0.26714027
49 -0.57376593 0.3158259 0.2711615 -0.13885629 0.49175844 1.3075917 0.740679 -0.116956145
28 -0.99243444 0.31357595 0.06967382 -0.31500223 0.38349348 1.2919321 0.42673317 0.4719631
6 -0.28867793 -0.5231318 1.1147535 0.19860147 0.8661461 -0.3978407 -0.092629455 1.1543381
32 0.35747305 0.8409569 -0.20958744 1.4090679 -0.5712845 0.4408615 -0.30166698 -0.2323342
15 0.15582764 0.7417688 0.36605215 1.0302091 -0.57779527 0.20210929 -0.10489574 0.013265269
27 -0.27481022 -0.33544508 0.82502586 -0.5302593 0.8672606 1.0907373 0.50071114 0.3828334
41 -0.5962787 0.05188583 0.39593545 -0.21026714 1.0746887 1.173633 0.6143903 -0.34181803
48 0.5794489 0.11053603 0.5746093 0.047662854 0.7824939 0.714456 -0.12929519 -0.007482304
12 0.35839054 -0.109501265 0.44519404 1.457192 0.6357647 -0.47026488 -0.6113363 -0.15679607
23 0.41567814 -0.37583125 0.9971319 0.92335147 0.9550327 -0.32356623 -0.3290969 -0.33307335
0 0.46740744 -0.033927556 0.6958082 1.0479026 0.3424113 -0.42765248 -0.504466 0.36484054
44 -0.31049487 -0.6754334 1.1218733 -0.2571452 1.1077279 0.16371325 0.109969474 0.9315101
37 0.07319763 0.5280483 -0.09346487 1.321313 -0.66156036 -0.1406899 -0.83594793 0.93493396
38 -0.37420326 0.94985753 0.12716915 -0.25411394 -0.5780514 1.6946518 0.34326124 0.045560982
18 0.35353374 -0.4907301 0.4306557 1.4626439 0.54069155 -0.84438723 -0.77597713 0.95179063
19 0.5511655 0.19229245 0.6444194 1.1947298 -0.2158697 -0.7786536 -0.9022952 1.1972328
35 0.72752774 0.87187403 -0.21605742 1.2240262 -0.664351 0.66239595 -0.36597037 -0.11277127
2 0.7165833 0.045212552 0.7969135 1.3968447 -0.1375882 -0.6221743 -0.7399311 0.35976255
1 0.1824439 -0.6237999 1.0133216 -0.088632725 1.1830318 0.5136853 0.27457067 0.1820863
46 -0.6105824 0.97241974 0.18486573 -0.19635287 -0.18994787 1.5244255 0.41322014 -0.30015185
4 -0.36681592 1.1813409 0.14156869 -0.13832697 -0.5509355 1.6277566 0.19245982 -0.36376053
10 -0.5377126 0.77809364 -0.04138118 0.93946534 -0.9745856 0.21179341 -0.2962047 0.9505059
9 -0.17139578 0.7575822 0.51700723 -0.072199315 -0.34083933 1.3583363 0.3206261 -0.40494072
3 0.32954213 0.62873054 0.18161298 1.7830306 -0.29454842 -0.6852593 -0.9295632 0.2418021
45 -0.5364368 -0.62693244 1.0007734 0.16328892 1.5099386 -0.14872113 0.26055923 0.45681706
25 0.029744785 0.91017544 0.11050349 0.08702879 -0.7319164 1.1118046 -0.31252816 0.4386879
7 0.17463546 -0.11067512 0.37549517 1.0281423 -0.18336807 -0.37222898 -0.66254175 1.3244121
5 -0.59888035 0.9931663 0.085712574 -0.18459344 -0.52456796 1.4911711 0.3637375 0.22341433
22 0.6224782 0.46349624 -0.054766167 1.8597941 -0.5398266 -0.40325522 -1.1400826 0.3598786
29 -0.5377503 0.33712655 0.30485266 0.30989984 0.28286716 0.015331402 -0.47607982 1.0697355
47 0.19678164 0.5229501 0.19440317 0.37296692 -0.0034942937 1.188255 0.14300863 -0.5346999
11 -0.28153965 1.004805 -0.23523344 0.040599946 -0.66792756 1.9029615 0.12877068 -0.26802135
13 0.37330207 0.793695 0.1250902 1.73269 -0.7651116 -0.48016837 -0.8638797 0.375428
8 -0.3252231 -0.957571 0.7211234 0.71303576 0.67835987 -0.37224326 -0.38573748 1.268812
