50 8
9 0.7643377 -0.51924455 0.77461547 -0.36670882 0.6739555 0.036771394 -0.9490294 0.10898964
46 -0.33479154 -0.35454592 0.8096141 -1.0540364 0.6491574 0.26537657 0.14979869 -0.0675799
28 -0.8312624 0.18155769 0.666714 -0.87260485 0.26422676 0.58049023 0.72988415 0.18932709
42 -1.1471312 0.4027503 0.8664136 -0.37337184 -0.15781157 0.6146837 1.1644096 -0.08495065
10 0.30164692 0.09811919 0.39244953 1.3138038 0.62203133 -0.29986364 -0.87240607 0.8133466
40 -0.26608148 0.78955734 0.59062624 0.2948169 -0.65018845 1.25181 1.1686931 0.13772473
19 0.20960914 0.10693512 0.5366383 0.8224566 0.75648147 -0.7337531 -1.2299975 0.7929252
43 -0.7499853 0.10227316 0.69777507 -1.0202692 0.4389214 0.5958418 0.67888397 -0.097710975
41 -0.20849498 0.203364 0.7408796 -1.3985997 0.3522734 0.966767 0.8408402 -0.3573243
6 -0.7935731 0.44816342 0.93772775 -0.67530006 -0.21021569 0.4507393 0.90828544 0.046856605
16 -0.6369415 -0.44085076 0.83395964 -1.196542 0.5756279 0.24998209 0.36909464 0.14602505
1 -0.026909193 -0.6843479 0.6970722 -0.37845564 1.0389609 -0.09697437 -0.42261904 0.10713822
14 1.1364442 0.2783355 0.41164866 0.68215823 0.7436231 -0.14864539 -1.4345906 0.45431498
36 -0.66233057 0.18369268 0.8078155 -1.3362736 0.24310786 0.90177846 0.8634908 -0.38295197
34 1.2330072 -0.022191627 0.7814143 -0.7225162 0.01218447 0.83282644 -0.3656858 -0.14196983
45 -1.0384065 0.05559948 1.0031186 -0.73669106 -0.047484607 0.39258403 1.1754065 0.033143573
20 -0.33678764 -0.7574064 0.68840206 -0.5523965 1.1083513 -0.38712966 -0.22404434 0.6160151
13 0.9182034 0.37191024 0.42287907 1.1451864 0.33163315 0.3512807 -0.9646763 0.12018662
29 0.7478988 0.2219201 0.72716767 0.62718606 0.38262224 -0.19509953 -1.0715828 0.18881904
15 -0.6650043 0.24150279 0.4228307 0.83872724 0.65521747 -0.41119468 0.17136665 0.97567827
11 0.010770181 -0.5620679 0.78173673 -0.84878856 0.7700626 0.06962408 -0.6638863 0.03493987
25 0.90525067 0.111673124 0.5624318 0.22792932 0.5688438 0.2389293 -1.0222694 -0.08357213
49 -0.79760164 -0.29049358 0.8034054 -0.86709243 0.6266009 -0.09543073 0.5176084 0.5210444
5 -0.8175296 -0.38798594 0.71669674 -0.42647144 0.9829565 -0.69193894 0.20852453 0.84410524
27 -0.53657436 0.2738916 0.81955266 -1.5367215 0.17263404 0.80568814 0.70089465 -0.24910508
39 0.11148646 0.5854934 0.743814 -0.093981504 -0.69576406 1.5290636 0.86869144 -0.35849655
30 -0.8522629 0.81523347 0.43069968 1.30972 -0.09753176 0.6410034 0.76953065 0.17951106
33 0.9612647 0.11942156 0.32680133 1.0720614 0.81685024 0.012326261 -1.0939924 0.41123044
7 0.09202603 0.66017044 0.34707937 2.0084512 0.026641957 0.14006534 -0.29901397 0.6491853
21 0.64807135 0.31348988 0.4213494 1.244449 0.5085079 -0.1352475 -1.2572936 0.531089
38 0.85105586 0.15594803 0.9389315 -0.9250707 -0.1495822 0.8571186 -0.085516855 -0.37442392
32 0.8587573 0.5880338 0.41265845 1.3638622 0.26835895 0.20472778 -0.8009914 0.31551135
31 -0.2891099 0.6191075 0.63483703 -0.075432256 -0.58190346 1.2544957 0.9692672 0.13776454
0 -0.20133613 0.47726217 0.22041892 1.9783328 0.58924764 -0.040575415 -0.15501921 0.5965462
26 -1.1614193 0.31170174 0.7540215 -0.03558503 -0.20792948 0.4530863 1.2258524 0.46900582
47 -0.5334843 0.17252669 0.7701326 -1.1209123 0.2119325 0.7313585 0.68028396 -0.10287929
4 0.3363735 -0.14085418 1.001116 -1.3358415 0.4357634 0.1470015 -0.49390215 -0.2419388
44 -0.37739456 0.35968745 0.83280927 -0.41585162 -0.32625327 1.410423 1.1456662 -0.6807336
17 -1.2146736 -0.16276692 0.7966598 -0.91084784 0.4875491 -0.025775379 0.88965887 0.6262408
22 0.5716002 -0.029050129 0.5796345 1.608508 0.6635557 -0.66613096 -1.3540838 0.742551
3 0.77072984 0.6335554 0.39564022 1.6388199 0.38172236 -0.15296093 -0.6975143 0.5912028
24 0.5137992 0.4296409 0.4277445 1.2943866 0.572928 -0.46581763 -1.2078611 0.8316797
23 0.5254156 0.3865125 0.37471962 1.3657615 0.85227686 -0.42387983 -1.1613098 0.52590096
18 -0.53831285 0.6748318 0.4069747 1.6571609 -0.17975044 0.81341016 0.4423467 0.07061334
2 0.24261723 0.6521578 0.6195326 0.9853588 -0.21463977 0.65063983 -0.07433146 -0.19578288
35 0.75378674 0.31902692 0.5614539 1.4862738 0.32866308 -0.3121494 -1.028696 0.5468845
37 0.8155664 0.20794559 0.5803439 1.8797789 0.2694425 -0.24120949 -1.0262672 0.45457372
12 0.14998041 0.5485624 0.25226533 2.012474 0.51062816 0.046041638 -0.41974103 0.45586437
48 0.08773416 0.15101011 0.5339699 -0.5322466 -0.12864862 1.4367235 0.5780944 -0.101605974
8 -0.7314026 0.59078866 0.55751485 0.69082224 -0.41089582 1.0157809 0.84855384 -0.0048457696
