50 8
40 0.5644651 0.2686107 0.11301627 0.90187407 0.5730781 0.15773515 0.2591311 0.5612874
26 -0.057315018 -0.07847307 0.18116702 0.3928166 0.35170516 -0.38331172 0.09168948 1.365952
46 -0.5420499 0.34199816 0.49594176 -0.10790647 0.13960904 -0.18398805 -1.2963684 0.30244943
28 -0.7350073 0.5236185 0.9311435 -0.43127015 0.18697411 1.0033829 0.7851823 0.19697265
1 -0.5216819 0.042548362 0.7979906 0.4082128 -0.041673943 -0.22072819 -1.0358566 -0.14864206
17 -0.41748324 0.2270044 0.45940775 -0.2441257 0.22302598 -0.3763198 -0.061575364 1.254741
3 0.4828944 0.11274517 0.35136476 0.8197467 0.6068004 -0.77081954 -1.1179253 0.23675439
24 0.07596574 0.17935196 0.4349717 0.49742347 0.34918576 -0.97169304 -1.2149781 0.48150665
43 -0.60940146 0.32600433 0.84329355 -0.2987783 0.21135336 1.0857941 1.1183317 0.48213568
19 0.3111773 0.3142273 0.4733394 0.25943616 0.8062059 -1.3692633 -1.2391202 0.46231
31 0.4634022 0.29115513 -0.045019206 0.61827517 0.69127655 0.0999846 0.73090166 1.2154843
0 0.25270078 0.1694311 0.25472972 0.6088967 0.95191836 -1.2502825 -1.0803179 0.47275448
13 0.7075768 0.49471372 0.21026221 0.6315593 1.1562383 0.19225225 -0.59718263 -0.31738952
18 0.52679884 0.08908864 -0.16350463 0.80557066 0.9220139 -0.8823822 -0.343116 1.1976763
2 0.29461363 0.003085963 0.24874142 0.90459996 0.68113697 -1.2707376 -1.0372542 0.58834237
34 -0.34256372 0.30964297 0.87902886 0.08941362 -0.15832992 1.8075643 0.34164464 -0.31346446
49 -0.4922105 0.22252755 1.0959805 -0.1543884 0.036391776 1.416461 0.7678729 -0.15760198
8 0.41460332 0.1343926 -0.08694399 0.7576557 0.5823684 -0.19589138 0.35405535 1.3224242
20 -0.7586083 0.025240092 0.793472 0.3175529 -0.47466427 0.83931285 0.6403995 0.5231318
4 -0.8672565 0.4852248 1.337839 -0.082938045 -0.6475356 0.76307285 -0.47354054 -0.58347243
30 0.47165415 -0.09120852 0.17433129 1.2765927 0.58305866 -0.65871114 -1.1048344 0.16416304
15 0.056073662 0.090023756 0.18273441 0.18244857 0.5568735 -0.75585353 -0.2941634 1.3338783
25 0.033779092 0.24817027 0.08165147 0.6643661 0.2576503 0.07774031 -1.5530206 0.07768027
27 -0.7245508 0.2226769 0.98085755 -0.7498114 0.3762067 1.0724638 0.95743006 0.52950406
35 0.11716454 0.24237849 0.2966019 1.2557404 -0.17460684 0.18280981 -1.6836334 -0.5133969
21 -0.010921109 -0.03442535 0.24296162 1.2697693 -0.027202358 0.5852396 -1.437526 -0.54360116
12 0.80902064 -0.12360088 0.0632055 1.1521599 1.3198586 -0.43171394 -0.35683244 0.1887743
42 -0.70437753 0.05340839 0.7693912 -0.33535603 -0.22246234 -0.3804363 -0.55759555 0.9686721
16 -0.5144113 0.06833569 0.3452444 0.47251117 -0.37614626 1.0503308 -0.0653941 0.51746804
23 0.44415608 0.14428094 0.07285336 1.1493133 0.53346205 -0.6131861 -1.5938495 0.05432338
29 0.16746002 -0.039012115 0.24547964 0.24847244 0.9108168 0.5089134 1.0542735 1.0107204
45 -0.71019804 0.5589601 0.99161613 -0.40286964 -0.2822771 0.63468385 0.6916922 0.61603826
36 -0.6986632 0.56962997 0.8727547 -0.050689682 -0.018578835 1.6506655 0.380488 -0.44373152
22 0.012592932 0.120245144 0.50716436 0.8044677 0.04438116 -0.0865254 -1.9714137 -0.5098094
41 -0.1403697 0.3535948 0.91402763 0.7864469 -0.2525852 1.4928713 -0.080915675 -0.97209394
32 0.57761294 0.3966222 0.24592237 0.954512 0.61678565 -0.013936889 -1.5363514 -0.5066944
6 -0.09335763 0.39876357 0.6679574 -0.62977606 0.9574691 0.2864439 0.9096641 0.8499867
9 -0.6991403 0.47067037 1.2707303 -0.09624129 -0.8814956 1.2846352 -0.17050914 -0.3502706
7 0.71446085 0.15023685 -0.12217675 0.6438771 0.91470754 -0.5501982 0.17921977 1.4098787
14 -0.44150713 0.11007651 1.1732337 0.33322033 -0.5757116 0.9380026 -0.91807216 -0.7861926
38 -0.3699284 0.23824105 0.5964997 0.07104339 0.36825937 1.3023919 1.3269368 0.50234234
5 -1.113095 0.48606825 1.0971307 -0.6710398 -0.6294392 0.5623695 -0.23262876 0.4414815
10 -0.7313182 -0.09611161 0.30014417 0.31267673 -0.46977827 -0.2519048 0.06632387 1.5872729
33 0.1298152 0.20154537 0.10439191 1.2391797 0.051331174 -0.0669038 -2.0488446 -0.37471518
11 -0.8154472 0.506867 1.2711421 -0.43840313 -0.47785953 1.3958583 -0.6920382 -0.7149708
48 0.29293957 0.3819547 0.289129 0.058853883 1.0263638 1.2201084 1.2621714 0.5396173
37 0.109507225 -0.04978476 0.45457783 1.0824636 0.2500304 -1.2686852 -2.132281 -0.09308594
44 0.288138 -0.083566345 0.44788644 0.5544447 0.8506347 1.1102711 1.2899547 0.36286464
39 0.31786865 0.39124644 0.3853515 0.8466812 0.83405054 1.6925277 1.5947263 -0.12334645
47 -0.84719115 0.05499629 1.3146313 -0.271283 -0.3570571 1.0918616 1.1721839 0.35357597
