50 8
49 -0.1958624 -0.24485256 0.8211547 -0.17324781 0.4992618 0.53317744 0.5338156 0.17909436
19 -0.050115243 0.52694196 0.109244235 0.84400326 -0.14070714 -0.7993393 -1.1132804 0.87880003
1 0.12956779 -0.27650467 0.5930972 0.010015859 0.5924287 0.911012 0.889283 -0.11263503
16 -0.004271864 -0.47218886 0.98141 -0.4222064 0.54125434 0.5371811 0.6516781 0.25847077
4 0.063677944 -0.2704357 0.6785553 -0.12817794 0.54512477 0.9926199 0.7655306 -0.061672483
20 -0.10848055 -0.38024992 0.78221387 -0.116145484 0.471681 0.2919177 0.50537324 0.25633472
23 0.2009661 -0.08755273 0.47004098 0.27906737 0.19314572 -0.30827707 -0.30859563 0.47545376
5 0.42557445 0.39777976 0.82430965 0.08991297 -0.15940997 -0.38613114 -0.2885419 0.4821206
45 -0.13958378 0.15679768 0.81760025 -0.2836176 0.9399345 1.0407051 0.8315595 -0.17959024
6 -0.27935365 -0.20432225 0.5016044 -0.102152914 0.8950141 1.186206 0.7673079 -0.117876776
28 -0.19380043 -0.19800332 0.63826936 -0.2969974 0.9661301 1.1343894 0.89367616 -0.023931932
36 0.15111978 0.124531806 0.9420705 -0.21955603 0.5331219 1.0868771 0.97402227 -0.2833947
24 0.20849314 0.5780266 0.7327172 0.48030746 -0.33162737 -1.0906178 -0.9828995 0.78217435
46 -0.11636201 -0.12759973 1.0564586 -0.40947336 0.595112 0.38656032 0.33118442 0.11720226
17 0.13949174 -0.08181204 1.122041 -0.36311635 0.20222315 -0.034777645 0.42107597 0.39558887
43 0.1283195 -0.078001514 0.8267801 -0.30883828 1.030268 1.0340589 0.94437087 -0.21684867
10 -0.29033726 0.30800793 -0.016077494 1.0077134 -0.48419666 -0.6181743 -0.7608827 0.98929614
29 0.21825662 0.1042645 0.09400749 0.38472396 0.8110271 1.1360873 0.5494628 -0.25150365
15 -0.13580294 0.53266805 0.40773863 0.7277983 -0.44846153 -0.8121054 -0.81686217 0.8428615
26 -0.79534936 -0.32139587 0.2088803 0.40980312 0.14838965 0.038382515 0.3753645 0.64640516
31 -0.24777628 -0.28467768 0.29324841 -0.052721854 0.89054006 1.5000746 0.9270761 -0.088165745
3 0.06719529 0.26247743 0.117535405 1.1608554 -0.51039946 -1.0842267 -1.1907061 0.94469476
42 -0.22139841 -0.39963272 0.6651944 -0.24676614 0.81891596 1.0282633 0.8419726 0.028386334
7 0.13920183 -0.076464996 -0.3630164 1.3058043 -0.41314378 -0.85889703 -1.1339672 1.1050837
27 -0.027405735 -0.036474276 0.835108 -0.3132805 0.9100244 1.148948 0.9169315 -0.16878395
38 0.19249986 -0.041935448 0.6203045 -0.13950783 0.8030407 1.4311705 1.2900065 -0.32626867
48 0.042224213 -0.14078444 0.3409534 -0.06624777 0.9755797 1.3037906 0.92278016 -0.13677408
21 0.37056231 -0.11979256 -0.20252265 1.3385862 -0.86656666 -0.70145833 -0.9926123 0.9328509
9 0.32108372 -0.42966002 1.2234131 -0.47469607 0.426234 0.79106534 0.9181364 -0.11905717
47 0.13816835 -0.10861244 0.708914 -0.104997806 0.7250292 1.1382049 1.0093215 -0.26123622
37 0.25146002 -0.13543777 -0.26258463 1.4057333 -0.61871666 -1.1340652 -1.144565 1.196178
39 0.15756845 -0.19442517 0.53237784 -0.07637017 0.99700594 1.5544926 1.0775943 -0.41122773
12 -0.12570606 0.22340424 -0.2999179 1.3070748 -0.36194652 -0.7064717 -1.0530031 0.9153228
34 0.5375165 -0.33102575 0.47865343 0.19751465 0.41481474 1.3484048 0.7854275 -0.3829379
25 0.47034308 0.3388714 -0.27392304 1.3418745 -0.8166087 -0.3234835 -0.76729596 0.6607032
14 0.7042353 0.75083566 -0.11889778 1.3062468 -0.7324184 -0.36723682 -0.8037577 0.50548005
0 0.085463755 0.09736101 -0.10364372 1.3199539 -0.6654324 -0.92367756 -1.3139341 1.0427225
44 -0.017013703 -0.34419397 0.061685707 0.160367 0.9269221 1.4620786 0.8881549 -0.1461008
11 0.37737656 0.23783952 1.4360831 -0.29557234 -0.20656651 -0.34385023 -0.4224423 0.3008514
33 0.30083755 0.09878627 -0.014111141 1.337335 -0.77573144 -1.1329578 -1.0839868 1.073635
8 -0.51969326 -0.12303089 -0.6047783 0.95113444 0.1952363 0.7691851 -0.25104046 0.42499486
13 0.12017326 0.33518374 -0.59036976 1.611868 -0.54056007 -0.7557547 -1.425694 1.0354655
2 0.19181691 0.17662962 -0.019894056 1.3626801 -0.93680876 -0.99624383 -1.4041713 1.0423977
22 0.36937693 0.29886544 -0.0038802926 1.3889273 -0.94733924 -0.98373157 -1.284151 1.0077455
32 0.19520663 0.14933579 -0.3825483 1.6765931 -0.8360918 -1.0368602 -1.2550898 1.1163183
41 0.23307887 -0.2554521 0.5052487 0.004458103 0.9270324 1.4533968 1.062423 -0.4047562
18 -0.04593581 0.13306777 -0.520477 1.5347518 -0.52720064 -0.7664622 -1.4065781 1.1313515
40 0.119811036 -0.39487782 0.342478 -0.036472384 1.0463626 2.010997 1.4246241 -0.4649334
35 0.41178438 0.41219118 -0.005011155 1.3293775 -0.67699665 -1.1505632 -1.5053197 0.99808615
30 -0.09209311 0.6127294 -0.72266805 1.8807677 -0.6517146 -0.67833936 -1.2423481 0.93541026
