50 8
43 -0.49547586 0.5817194 0.19375026 0.3068627 -0.9456035 -0.20025174 -0.00057661464 -1.1356729
6 -0.69281435 -0.23713332 0.61103487 0.4653261 0.2950912 -0.64756304 -0.08603414 -0.6059864
42 -0.7773911 0.18380988 0.39057097 0.14874187 -0.57702523 -0.59015334 -0.015220978 -0.9570472
1 -0.4955981 0.8125385 0.07753492 0.20222682 -0.84169215 -0.030971432 0.17005017 -0.8512749
28 -0.93770313 -0.3373939 0.84360695 0.14468855 -0.6595356 -0.50577563 0.3199601 -0.7255718
40 0.03413915 0.76099396 -0.36991096 0.95496404 1.2494606 -0.36109036 -0.019088313 0.6259871
26 -0.48443145 -0.3562304 0.3758262 0.82752913 0.7011055 -0.8875635 -0.24702595 -0.32729086
31 -0.2255688 0.19681172 -0.05833088 0.8602724 0.5786262 -0.7859584 -0.5132328 -0.3226133
39 0.06260658 1.1316863 -0.4938746 0.70733273 0.076964535 -0.20256914 -0.38177064 0.025731465
16 -0.673582 0.30484354 0.7105235 -0.056786433 -1.185301 -0.17503504 0.24616225 -0.7981455
36 -0.6298188 0.57469934 0.23632213 0.2549931 -0.9580393 -0.037983414 0.085852474 -0.99694675
20 -0.71245575 0.18470807 0.919856 -0.13007809 -1.0568236 0.029212505 0.11576704 -0.42214963
23 -0.81746876 -0.54005706 0.85336405 0.3255612 0.15533826 -0.7974246 0.12634732 -0.31214112
17 -1.0701345 -0.2509038 0.85363734 0.07451918 -0.5374681 -0.33365664 0.07244963 -0.7579563
2 -0.26867566 -0.09481616 0.5443644 0.8545011 1.4325702 -0.27318648 0.23554312 0.9797494
45 -0.5709616 0.6729477 0.08548827 0.2884937 -1.0203779 -0.24784124 0.00087654433 -1.4151096
49 -0.38451028 0.7729425 0.6901596 -0.09827221 -1.3941541 0.36990616 0.022558514 -0.5708289
38 -0.12226918 1.1832707 0.17593335 0.035135806 -1.4062951 0.112416066 -0.08030463 -0.63351804
8 -0.41373017 -0.15021153 0.24430297 0.8358717 1.0796859 -0.9694257 -0.08151888 -0.034904957
7 -0.3754333 -0.31751397 0.8231283 0.75196886 1.3881923 -0.25678423 0.08839917 1.4889569
15 -0.68274856 -0.6964326 0.9542116 0.49549386 0.6269831 -0.74229914 0.3359422 0.49991903
18 0.057972487 0.2759912 0.32246926 0.95605445 1.3747442 -0.14344458 0.08512359 1.3385693
12 -0.17760055 -0.20305328 0.55032426 0.9168613 1.5067004 -0.44338503 0.07187723 1.2108965
44 0.011912449 0.805692 0.061368793 0.35370517 -0.92772615 -0.59128 -0.368394 -0.8391486
19 -0.65143806 -0.6797158 0.6689014 0.9218373 1.2511168 -0.68541354 0.034825575 0.27350867
4 -0.51394504 0.6195933 0.52652067 0.062102195 -1.5375942 0.18164389 -0.11132407 -0.8410188
29 -0.41438633 0.6832937 0.40897727 0.06452551 -1.3831872 0.16891162 0.27528492 -0.36790583
24 -0.7603959 -0.65855455 0.61952335 0.82568014 1.2937205 -0.5962166 0.20060354 0.5510301
46 -0.61137307 0.5859664 0.10019284 0.24487498 -1.3720365 -0.20330626 0.15148774 -1.1086394
27 -0.7673033 0.5494687 0.46014386 -0.038210332 -1.5001048 -0.023139425 -0.09124099 -0.9309427
41 -0.054358624 1.2729445 -0.08822767 0.3294006 -0.9488395 0.14659345 -0.25009194 -0.917236
34 -0.21227598 1.2894697 0.2706689 -0.092977315 -1.4215032 0.27565128 -0.13865237 -0.79664445
10 -0.61827624 -0.45058274 0.7862741 0.5808846 1.1470827 -0.4609269 0.53238124 1.0416617
0 -0.11485011 -0.105208665 0.63749284 0.8470703 1.473333 -0.33311933 -0.047271185 1.3242589
25 0.23034947 1.3523434 -0.105507456 0.29407015 -0.48585916 0.22054352 0.005429088 0.69779354
11 -0.5267403 0.6085365 0.87402797 -0.20988113 -1.5795707 0.4365524 0.08695227 -0.2673502
30 -0.08285755 0.19857243 0.3487242 0.8417843 1.567695 -0.32763085 0.25270575 1.1617388
13 0.021658387 0.104393706 0.4232612 0.8542651 1.3630406 -0.4237083 0.20508695 1.4500678
3 -0.2766645 -0.031706966 0.5150035 0.9070163 1.6496484 -0.16227208 0.15979491 1.347139
9 -0.45610794 0.8942973 0.3976294 -0.12163428 -1.581374 0.34374875 0.2763475 -0.22453102
35 0.39098418 0.71781945 0.55745554 0.6343413 0.9099162 0.36860302 0.15910563 1.8889134
37 0.3549596 0.4339013 0.93488276 0.4557009 0.93557394 0.18864751 -0.012330283 1.8600491
21 0.06482559 0.2820727 0.9064659 0.45649737 1.1409099 0.12397885 0.07644176 1.9815729
33 0.31537503 0.8239786 0.4066354 0.59827226 0.64066225 0.5386107 0.004644859 1.739231
5 -0.38512734 0.41477674 1.18505 -0.3220099 -0.9819978 0.5748449 0.6322157 0.5266902
22 0.5086457 0.7415396 0.34259227 0.91371876 1.023978 0.31298354 -0.1309555 1.6215392
48 0.6359343 1.6684878 -0.49618402 0.6213818 -0.3955201 0.01012169 -0.42417657 0.111402795
32 0.7522137 1.1749027 0.11914912 0.8299029 0.93965816 0.3142811 0.017000763 1.7368733
14 -0.030760983 1.2423475 0.37536696 0.0016722011 -0.74731696 0.9216791 0.21773839 1.0878549
47 -0.19425762 1.1657417 -0.592914 0.7040266 -0.87693393 -0.23176499 -0.5757931 -1.365936
