50 8
40 -0.19840108 0.6232133 0.91095245 -0.08800263 0.55285174 -0.050037067 0.21943887 -0.61554974
12 0.0896799 -0.012828676 0.6547735 0.48136732 0.77032816 -0.42272806 -0.02913608 -0.33342648
4 -0.30736575 0.029812356 -0.015538487 -0.41896325 0.9955708 0.9240053 -0.0012521867 0.65130895
6 -0.17472994 -0.012849756 0.57899576 -0.44692838 1.0967466 -0.19476654 0.22398917 0.15537602
46 0.06879427 0.5302036 0.7855579 -0.15174437 0.52610046 0.3169706 0.15785797 -0.83779746
27 -0.12945107 0.41179082 0.2518847 -0.3635421 0.8242701 0.98158747 0.36064476 -0.047266867
18 0.69590074 -0.07132268 0.4278377 1.0615649 0.35273045 -0.91625214 -0.8049387 0.590067
28 -0.5854659 0.47560644 0.3925841 -0.7570648 0.8239541 0.9633448 0.26865354 0.2568656
1 0.0754723 0.33339337 0.708275 -0.85322505 0.54977953 1.2139174 0.26044 -0.60498804
13 0.2579089 0.033285193 -0.4029036 1.0655528 0.7500432 0.3813611 -0.40320545 0.8139924
45 -0.21322803 0.30608478 0.7100008 -0.93463194 0.7114412 0.78745466 0.2828674 -0.048136655
43 -0.5697311 0.45617893 0.23065414 -0.7093728 1.1734799 0.8676984 0.26009592 -0.12886374
21 0.5857069 0.2101348 0.72356164 1.4691892 -0.5072379 0.2689197 -0.90242684 -0.2003418
36 -0.030855095 0.45044217 0.2896421 -0.42507902 0.46530774 1.6653402 0.19917479 -0.15373906
26 -0.4000168 -0.20986916 0.6763624 -0.14406654 0.8102363 -0.48956722 0.22110829 1.0566827
19 0.39054602 0.35541663 1.2457438 0.68684167 -0.46054536 -0.41628742 -0.68254864 -0.14411795
41 -0.26851404 0.12755892 -0.03613219 -0.20873033 1.0443814 1.2388155 0.28363982 0.12325043
34 0.17721687 -0.13457242 0.08659116 -0.22559312 1.030485 1.2050036 0.4199086 -0.08051535
42 -0.39433795 0.4149271 0.9332794 -0.80957776 0.92324895 0.16669364 0.53021216 -0.411859
29 -0.07587373 -0.051783994 0.05541737 0.40960452 0.919334 0.48953462 0.06188517 0.32484522
48 -0.1988447 0.29834193 0.19497772 -0.5579017 1.0839375 1.1135174 0.49675256 -0.07843488
31 -0.13015431 0.17353168 0.31903663 -0.68030155 1.0569407 0.5409926 0.4044869 0.34725395
24 0.34453222 0.6402441 1.4988327 0.6297276 -0.38352028 -1.2252842 -0.8115048 -0.34792632
17 -0.38702583 0.24653052 1.1461986 -0.8763236 0.81686646 -0.14831537 0.5186964 -0.23792166
7 0.7952954 0.10263725 0.70161206 0.85830754 0.38573283 -1.3651778 -0.721873 0.386042
16 -0.116743036 0.16296272 -0.18395786 -0.72253036 1.1515049 1.0920701 0.08289944 0.6749932
5 0.8293321 0.7881241 0.64423156 -0.03582632 -0.38149995 0.8491969 -0.21076067 0.08008382
15 0.3712708 0.47282618 1.4368793 0.7119212 -0.31759384 -1.2028984 -0.65127516 -0.08551418
37 0.9464025 -0.17896995 0.8655125 1.5115216 -0.34492835 -0.79872364 -0.92782205 0.56287885
39 -0.7793054 0.5188157 0.5309957 -0.79625815 1.220398 0.77645 0.61879116 -0.48287165
38 -0.020418858 0.21832898 0.16696319 0.036723927 0.784165 1.3192065 0.56916744 -0.19564556
44 -0.16546468 -0.21620595 -0.15151957 -0.49435103 1.3533521 0.72917104 0.06909445 0.75787765
23 0.3008804 0.69562656 1.3642435 0.5913479 -0.11004131 -1.0434263 -0.55533475 -0.6750735
14 0.7525061 0.3719276 -0.26860788 0.7578453 -0.122909494 1.5611743 -0.9215567 0.28567186
20 -0.12431043 -0.339609 -0.19926928 0.28862715 0.7288885 0.8295465 -0.15323398 1.4125755
32 0.77807146 0.21690814 0.93602175 1.6267354 -0.7544962 -0.06022453 -1.0617716 -0.14805065
9 0.723228 0.08555942 0.11179758 -0.10565428 0.21234414 1.8224924 0.025363563 0.06575784
49 -0.271818 0.37135324 0.5948099 -0.6463339 0.5791726 1.5401509 0.41603994 -0.48184004
3 0.8325464 0.26479754 1.1377947 1.2391262 -0.44874775 -0.9694709 -1.0133029 -0.08104734
30 0.6894767 0.16951233 1.0574024 1.1230246 -0.061747618 -1.2214355 -0.6801093 0.050622452
22 0.83544123 -0.1046082 0.7285543 1.3035057 -0.49872845 -0.31673226 -1.0640298 0.75422764
35 0.799475 0.21240798 1.0144693 1.6410433 -0.6025582 -0.46289903 -0.8991555 -0.13553475
33 0.79798275 0.2293613 0.9306377 1.6658304 -0.5591018 -0.51014775 -0.84583575 0.020329144
0 0.55617404 0.412418 1.4351428 1.2135849 -0.43511692 -1.1688799 -0.8606857 -0.5023269
2 0.8535375 0.28533727 1.5056872 1.2155343 -0.4003225 -1.0625937 -0.51725346 -0.6126815
25 1.2762516 -0.4522001 -0.33333787 0.89352363 0.38145962 0.06903681 -0.91514844 1.6590704
11 0.7002307 0.35494027 -0.023743045 0.405148 -0.33875054 1.5174862 -0.93208116 0.6205894
47 -0.73854536 0.28630093 0.8392952 -0.9343584 0.87075305 1.1192341 0.5324215 -0.5614754
10 0.09388066 -0.041253466 0.31800032 0.4512533 0.37700278 -0.5957707 -0.4703666 1.6203358
8 -0.10354707 -0.1741817 -0.2672462 0.57248974 0.9463191 -0.49507573 -0.48170295 2.0240607
