50 8
23 0.0006395371 0.09025751 0.35686064 0.5117058 -0.77506477 -0.8387208 0.014685847 -0.066798605
17 -0.37404802 0.5046868 0.35622045 0.35914993 -0.19202292 -0.54471314 -0.4516494 -0.8100494
20 -0.2651377 0.35829237 0.3653861 0.49519753 -0.30196 -1.0563501 -0.31405008 -0.68615115
40 -0.10899967 0.2009374 0.38732845 0.51503587 -0.59311104 -1.1253223 -0.20463817 -0.4433925
12 0.09719719 -0.12897713 0.48797974 0.53619325 -0.5451303 -0.7611575 0.17445049 0.67777205
8 0.073411204 -0.18594113 0.43783545 0.6966312 -0.704257 -1.4119895 -0.11754273 0.21595265
6 -0.083787784 0.16554919 0.3061724 0.68456006 -0.58289474 -0.92116743 -0.2522768 -0.68686444
26 0.030170256 -0.50836617 0.9237251 0.45405057 -0.29274714 -0.3807325 -0.32269287 0.39149734
47 -0.43581545 0.721118 0.11883169 0.5029402 -0.31575128 -0.7415164 -0.3163907 -1.2782414
19 0.026942603 -0.18570967 0.7322546 0.44628236 -0.034890465 0.4923769 0.35234255 1.4937925
1 -0.022870684 0.43479756 0.18549243 0.7347062 -0.67406183 -1.0366668 -0.14789268 -1.0118166
45 -0.014469535 0.78387874 0.1258203 0.53866255 -0.5833257 -0.9070175 -0.20473617 -1.1200055
31 0.28396368 0.4109789 0.18340181 0.7492115 -0.9992523 -1.1731528 -0.13670914 -0.8026751
4 -0.6846404 0.94181556 0.02123205 0.47869852 0.050145566 -0.06404528 -0.22442722 -1.6137731
42 -0.0067656953 0.65597457 0.1342419 0.59121025 -0.7214174 -1.1454023 -0.18715836 -0.7425226
28 0.058625903 0.5340759 0.1946621 0.60805005 -0.85196346 -1.194062 -0.17071906 -1.1010963
43 -0.3492846 0.5693478 0.17738537 0.5506015 -0.4476111 -0.8067265 -0.18684961 -1.3032908
41 -0.49385047 1.0485363 -0.07249239 0.4630748 -0.17317948 -0.26829904 -0.13172072 -1.5355496
36 -0.14092325 0.61355555 0.004454794 0.7607985 -0.61497295 -0.8586176 -0.20491235 -1.2168585
34 -0.45006597 0.9946167 0.07862519 0.4364832 -0.1614986 -0.22206157 -0.40154183 -1.4728163
27 -0.26169196 0.59643996 0.15764038 0.6192519 -0.419766 -0.89425063 -0.381838 -1.3110095
7 0.13694318 -0.16940333 0.74386925 0.30118817 -0.116395764 -0.041773558 0.072824545 1.8896363
0 -0.24946006 -0.017109778 0.96661437 0.093430705 0.55552083 1.0519603 0.19128424 1.4956115
2 -0.13900195 0.14684576 0.6501036 0.3281945 0.36016196 1.0496798 0.39625257 1.3251781
49 -0.8205338 0.8408165 0.18766567 0.22993585 -0.19973087 -0.037591908 -0.20511833 -1.6312912
44 0.034898374 0.67066103 0.10604573 0.65019995 -0.6796223 -1.1848934 -0.3532543 -0.9823532
46 -0.040730495 0.6926256 0.04005659 0.6862796 -0.839541 -1.1967366 -0.19103998 -1.2775946
24 0.001403358 -0.45357212 1.0015882 0.36124405 0.22600536 0.66037846 0.11903288 1.7278869
48 0.049678694 0.6173526 0.11307279 0.64291537 -0.80257344 -1.1214756 -0.3170541 -1.0781083
10 0.11292379 0.020151453 0.59329605 0.44860026 0.12427526 0.2335503 0.38210446 1.5925275
38 -0.06868694 0.58834696 0.033708 0.7889316 -0.786963 -1.1864076 -0.3269367 -1.3656477
18 -0.015615097 -0.3728515 0.87922025 0.3772825 0.004453515 0.5039677 0.30293778 1.859214
39 -0.06822072 0.53529024 0.06509079 0.75340676 -0.9178135 -1.1318145 -0.1619148 -1.1805345
3 -0.07649171 -0.017020538 0.87786645 0.105617344 0.13777001 0.82714117 0.48728642 1.718831
37 -0.28129283 0.028552419 0.9813835 0.16799591 0.82608485 1.4868349 0.30822024 1.3542441
15 -0.17060085 -0.047326718 0.88221717 0.16856846 0.35926884 0.78628653 0.40740663 1.5282791
21 0.05630184 0.005138185 0.7792858 0.3603951 0.35588047 0.86570024 0.2842932 1.746611
16 -0.29475188 0.74160856 0.62099206 -0.16476221 0.014849606 0.82560086 -0.19246317 -0.38231465
22 -0.537626 -0.061917204 0.94932544 0.0880695 0.63032556 1.3407184 0.33578512 1.381995
5 -0.32301083 0.79511166 0.2582082 0.22843446 0.2581894 1.1223468 0.026839305 0.15110439
11 -0.4773226 0.8933347 0.2676181 0.20485125 0.6149803 1.7592379 -0.05487605 -0.111363046
33 -0.2456926 0.13708799 0.9745364 0.024209712 0.64294624 1.4984792 0.29673862 1.6359662
30 0.05392062 -0.22732806 0.8758142 0.38123792 0.17179729 0.7157795 0.32746917 1.6869495
35 -0.20513883 0.13435256 0.7833285 0.25044125 0.6329053 1.3658655 0.40633962 1.6436688
32 -0.31156883 0.11347368 0.7538478 0.16648404 0.56359065 1.257566 0.5124924 1.7744949
14 -0.39864638 0.8506754 0.40039477 0.18333966 0.6773115 1.6671072 0.040713497 0.30482182
29 -0.12692688 0.017362779 0.810533 0.11430076 -0.080223605 0.524811 0.45716423 0.9887815
13 0.10261587 -0.4716621 0.86603224 0.49877286 0.13892868 0.8475165 0.33599877 2.1853292
25 -0.4409542 0.2803035 0.7907509 -0.07401083 0.39482805 1.3937997 0.31972724 1.5386574
9 -0.8366273 1.3988428 0.076263845 -0.076920986 0.7166749 1.767092 0.43267152 -0.31170976
