50 8
43 -0.6305744 0.48505342 -0.5474265 -0.04729146 0.5034397 0.8938182 0.76762664 0.3057512
1 -0.3865413 0.25192314 0.6280747 -0.48828346 0.52753156 0.7322318 0.4440208 0.016600272
24 -0.3099416 0.10018261 1.17574 0.40193856 0.2639381 -0.19422501 -0.58775437 0.3241067
16 -0.3577814 0.05342881 0.54322183 -0.46384114 0.4878184 0.5576985 0.032670505 0.5490343
18 0.06679584 -0.16939415 0.7715456 1.4868143 0.46150005 -0.5120062 -0.64279556 0.7605149
23 0.35663196 0.22130932 0.5809604 0.6288607 0.98638546 0.5007326 -0.48183578 -0.025060259
28 -1.2183791 0.6284069 -0.09984407 -0.795789 -0.22419381 0.77448416 0.94691825 0.4132759
6 -0.56452096 0.10174475 0.8730968 -0.0939314 -0.019600876 -0.3690629 -0.19293311 1.0626578
29 0.11206482 0.17424586 0.16104977 0.23634364 0.87059456 0.16942051 0.21542263 0.7302111
25 0.19434522 0.22931917 0.3131798 -0.20519991 1.0446913 1.1528308 0.055007216 -0.07085522
9 -0.41355452 1.1284441 0.3548003 -0.2595808 -0.38755256 1.0531603 0.24565908 -0.34227443
34 0.26439384 0.9560719 0.004357986 -0.24935248 0.5078519 1.4062979 -0.056000702 -0.23371518
19 -0.77555734 0.33657902 0.89544576 -0.56467235 -0.4340317 -0.43593085 -0.044898808 1.3180361
4 -0.6585257 1.0111663 0.22622739 -0.91094613 -0.02584652 1.1992241 0.36882633 -0.1571547
39 0.23126984 0.34489003 -0.3908514 0.72346467 0.8846507 0.5760711 0.56011075 0.45126653
15 -0.8662664 0.4914576 0.8547616 0.08981104 -0.78886616 -0.4079606 0.20947829 0.8683205
49 -0.7765638 0.50388074 -0.07137377 -0.8065544 -0.036312584 1.141182 1.0278492 0.39426732
40 0.34980783 0.20402463 0.10309088 1.527906 0.4296397 -0.045864664 -0.07530845 0.61032397
38 -0.008161996 1.006395 -0.26508576 -0.2924205 0.3032694 1.5155299 0.4669563 -0.25025883
2 0.24717449 0.03288974 0.9976481 1.3405317 0.47007433 -0.2459849 -0.47210562 0.238603
41 -0.20951733 0.6853476 -0.22295514 -0.33377385 0.47564062 1.2237424 0.5898816 0.04240403
45 -0.7516032 -0.19806725 0.62483335 -0.13256735 -0.11084855 -0.23201327 0.48825485 1.2611414
20 -1.1913443 0.4131313 0.4320169 -0.9155544 -0.30755073 0.45232892 0.57717496 0.6062026
26 -0.4498125 -0.3242968 0.20952713 0.7729342 -0.032499928 -0.2144998 0.59743375 1.3031301
27 -0.34468323 0.83179724 0.22803038 -0.8760778 -0.023956241 0.73673767 0.9664866 0.5535055
42 -0.5685657 -0.153958 0.5748279 -0.116538696 0.28776854 -0.092809305 -0.035621636 1.1070912
30 0.29159892 -0.4122018 0.5249956 1.5610123 0.70078385 -0.19691917 0.009455961 0.7080308
11 -0.299497 1.1063262 0.033587467 -0.28040937 -0.011108126 1.4767743 -0.29447508 -0.45414656
13 -0.16927484 0.4712105 0.31979078 1.1336473 -0.060340952 -0.48322198 -0.266296 0.8283598
46 -0.1505038 0.9913991 0.78495806 -0.16581233 0.28187773 0.83361906 -0.69984937 -0.5592497
48 0.22333123 0.63640136 -0.36665905 -0.41070473 0.6838877 1.2819061 0.8862904 0.40004793
31 0.21050069 -0.23602922 -0.09877057 1.1075013 0.29132667 -0.1271045 0.37564296 1.4676229
35 -0.1279116 1.0871351 0.4457257 0.9490463 0.20986654 0.9414117 -0.54168296 -1.1367663
44 0.14171675 -0.40094 0.64521265 0.77837974 0.7152543 -0.34528294 0.09999815 1.1580526
17 -0.8726554 0.4956088 0.41673893 -1.0488777 -0.3360859 0.548335 1.0101422 0.73991066
36 -0.51976466 1.0189178 -0.22346056 -0.60739297 0.12020522 1.4018732 1.1258385 -0.23084909
12 0.16399376 -0.1850498 0.46966875 1.4944816 0.7412004 -0.18224193 -0.39301205 0.52138484
3 0.3832785 0.20957464 0.6107604 1.4458904 0.6576742 -0.20156373 -0.74549705 0.38085058
14 -0.1932649 1.2277877 -0.29880857 -0.07051706 0.3016285 1.5494988 -0.10139627 -0.5961181
10 -1.2028431 0.5473705 0.077774175 -0.19259937 -0.87766004 -0.09126188 0.7039333 1.1858627
8 -0.3604178 -0.67362154 0.12832998 0.740632 0.22187924 -0.4727064 0.38622263 1.9328417
47 -0.33000666 0.68801135 -0.17669629 -0.54594964 0.40971234 1.5225228 1.0559858 -0.19214687
5 -0.96247256 0.964068 -0.018953117 -0.7896419 -0.40353745 0.8365722 0.54609567 0.32557338
33 -0.008793572 0.52291566 0.7845375 1.6086437 0.48917907 0.43116918 -1.3908007 -0.9089453
21 -0.07718939 0.71989995 0.7055323 1.453418 0.2755285 0.54950213 -1.1672437 -0.9335114
32 0.31617588 0.3378453 0.29291108 1.9131021 0.6990065 0.5715019 -0.81129307 -0.5764947
0 0.16434371 -0.25351897 0.7862476 2.026231 0.7080424 -0.54223984 -0.6006728 0.38070068
7 -0.14108914 -0.17328434 0.50008965 1.247152 0.2549212 -0.71782863 -0.108032145 1.2682925
37 0.16342881 -0.058477096 1.2347133 1.3656721 0.55364454 -0.19503129 -1.02142 0.024713967
22 -0.40982035 -0.03616463 0.664198 1.2639079 0.5529871 -0.0462296 -1.8670698 0.19698311
