50 8
43 -0.6136798 0.17069595 0.5708151 -0.49861145 0.71510404 0.6056641 0.27382034 -0.341446
23 -0.16868836 0.025358554 0.6605228 -0.2910561 0.5075385 0.5332557 0.30221695 -0.31787586
19 -0.9527023 0.342933 0.53992975 -0.06881025 -0.0032671134 -0.13732487 0.16467583 1.1376901
26 -0.40971756 -0.028321737 0.423381 0.5428972 0.5811081 -0.019200277 0.107935116 0.652182
1 0.032117467 -0.1454442 0.7039829 -0.54304945 0.306055 0.8831597 0.42986247 -0.6264027
49 -0.28779796 -0.22473468 0.77289116 -0.60278064 0.28229448 0.8122874 0.48004085 -0.7161405
24 -0.71987754 0.42413592 0.5050539 0.104721755 -0.04204442 0.029703919 0.21388718 1.0211167
6 -0.42775646 0.15084986 0.63513845 -0.42784414 0.67127097 0.41009235 0.46685526 -0.19595963
36 -0.48735365 0.086224295 0.73409206 -0.96434134 0.40712553 0.45292068 0.3930165 -0.050390027
28 -0.28987908 0.1977348 0.58245385 -0.32921112 0.6410789 0.7497752 0.23639823 -0.53538555
20 -0.5400945 -0.33520117 0.7842627 -1.0010114 -0.30121464 0.55879074 0.093895696 0.2074533
31 -0.41855067 0.4409314 0.41841897 0.37919936 0.80145603 0.5834726 0.46768135 -0.31611052
29 -0.45543242 0.0751784 0.56688195 -0.4608456 0.7948132 0.67803746 0.26287672 -0.50342923
27 -0.09657013 0.14328715 0.80046827 -0.7553957 0.63099766 0.81425244 0.4543417 -0.8735996
42 -0.30499274 0.021407522 0.6694351 -0.9437696 0.2644183 0.72802705 0.33458576 -0.11646733
16 0.091222495 -0.34807152 0.8540108 -0.6142065 -0.33290586 0.75839907 0.0002440427 -0.23511729
45 -0.7011075 0.2253513 0.7064692 -1.1061414 0.14031236 0.6179293 0.15607843 -0.00012834807
8 -0.17270157 0.1517217 0.42435634 0.98426706 0.52863955 -0.21130294 -0.18772946 0.852567
41 0.4385486 -0.30608636 0.6410826 0.11600512 0.74260384 0.86615586 0.08625276 -0.9912198
17 -0.77123934 0.15230864 0.6552142 -1.1856084 0.06844664 0.5202636 0.13931724 0.3383049
39 -0.41783768 0.54352355 0.45800614 0.18207487 0.73902005 0.5948171 0.7337042 -0.3239687
15 -0.74515855 0.24258697 0.5704434 -0.04739964 -0.5595166 0.13845675 0.09161541 1.1798965
13 0.081235215 0.13955641 0.48363617 1.375173 0.3428519 -0.33786368 -0.61167705 1.1260693
18 -0.13393408 0.04668243 0.43854216 1.3687254 0.521415 -0.47045892 -0.615875 1.1960222
38 0.3829961 -0.027673809 0.79473615 -0.5716579 0.3511449 1.115141 0.5184122 -1.0902561
12 -0.19165087 0.056160517 0.454885 1.3236624 0.29543403 -0.50931674 -0.3006924 1.4495955
40 0.39708883 0.197183 0.36066604 1.0385534 0.84136295 0.60123616 0.23334323 -0.31318343
4 0.07930857 -0.33245164 0.9781338 -0.8697845 -0.467507 1.0570005 0.26445597 -0.7804508
25 1.336545 -0.5451092 0.68377715 1.0135136 -0.42147958 0.1411614 -0.7168006 0.85622275
2 0.13214958 0.0041265115 0.6495237 1.316902 -0.1873191 -0.45442343 -0.6389577 1.4512894
10 -1.1605508 0.2714759 0.48796898 0.2374574 -0.06997678 -0.3191691 0.031090448 1.4162201
44 0.6069454 -0.10384844 0.5856273 0.34844366 0.90302473 0.8172509 0.18691888 -0.98545223
9 0.1836339 -0.17093955 0.91248864 -0.89717495 -0.43012482 1.0618918 0.37956646 -0.5312656
30 0.5075503 -0.11097148 0.53250486 1.9469658 0.44480065 -0.281271 -0.63541627 0.6669045
7 -0.13042393 0.29948565 0.45330983 1.2589511 0.47888085 -0.64723885 -0.34858614 1.6339756
34 0.75259024 -0.19235177 0.8354718 -0.5105944 0.31702846 1.2011119 0.21949854 -1.1317166
0 -0.36642703 0.022937471 0.5394817 1.0387014 -0.16867083 -0.5387402 -0.73177445 1.765877
46 0.18810534 0.08634885 0.8259861 -0.8673458 -0.1769712 1.1639495 0.18469678 -0.6960702
48 0.6181004 -0.21880205 0.5248586 0.67622846 -0.058453355 0.1879685 -0.21056809 0.80899566
22 -0.15114044 -0.24827221 0.5696017 1.4484465 0.062602386 -0.73380876 -0.76063854 1.7372785
21 -0.009613598 -0.33212352 0.47878075 1.4135034 -0.13308755 -0.4965583 -0.8747736 1.7326317
32 0.9949073 -0.45417622 0.60740536 2.2084777 -0.19257282 -0.17541878 -0.69157094 0.918445
5 -0.27078024 -0.20659125 0.91670513 -1.2641132 -0.871594 0.42229483 -0.038310315 0.73339593
3 0.17333981 0.08592069 0.45387155 1.5548936 0.23627149 -0.6008342 -0.62912154 1.8161438
11 0.18178025 -0.72028965 1.0427754 -1.1263767 -0.9649493 0.92977816 -0.27440026 -0.29564187
14 1.407216 -0.36458144 0.85451883 0.14339592 -0.7821119 0.87172717 -0.85952437 -0.10033102
37 0.8703575 -0.6927249 0.72166157 2.2014081 -0.47518897 -0.4483306 -0.7711129 1.3610747
47 0.48870608 -0.20229776 0.7082323 -0.10472501 0.80089986 1.1208105 0.42467532 -1.4916732
33 0.74314964 -0.5192598 0.58242774 1.869148 -0.42308602 -0.28841686 -0.6182248 1.5186759
35 0.9816731 -0.48273656 0.629447 2.0687065 -0.4657938 -0.32138622 -0.5888393 1.4929786
