50 8
6 -0.4985996 0.4058197 0.93304443 0.14375292 0.9241277 -0.32579583 -0.73284626 0.25481862
27 -0.090226285 0.37338156 0.63379395 -0.8281636 0.76571345 0.7101949 0.5529317 0.024890086
43 -0.65308917 0.63598275 0.6493762 -0.54797524 0.95077056 0.5240881 -0.17316747 0.15832226
28 -0.24026038 0.26868448 0.68599653 -0.8929983 0.36281356 0.8196767 0.92423725 0.104159914
49 -0.17789486 0.35037282 0.7253751 -0.8063518 0.54674006 0.7754586 0.6132926 -0.027003486
42 -0.3275304 0.37120593 0.7744884 -0.9034405 0.8345615 0.5971511 0.34952915 -0.010477203
20 -0.14117995 0.2550653 0.55093384 -0.7548895 0.43425602 0.81601644 0.9815654 0.10529319
19 -0.5665453 0.79184955 0.75904226 -0.052018497 0.59264994 -0.004648253 -0.524686 0.45568836
26 -0.42224705 0.05492323 0.6978669 0.5429817 0.8420634 -0.29402745 -0.16788547 0.26336935
48 -0.13894023 0.16159649 0.24347232 0.37456802 1.1052489 0.15142292 -0.031431433 0.33466062
5 0.47601038 0.49169868 0.37530234 -0.4366412 -0.23334518 1.0373584 0.98288405 -0.0025857496
17 -0.27809575 0.3197604 0.80303746 -0.7890069 0.40333435 0.57790637 0.2796994 0.3694431
13 -0.07580871 0.26629928 0.40819275 1.3045068 0.28564006 -0.42756793 -0.5058226 0.70937884
1 -0.09801778 0.3965802 0.49234253 -0.8197372 0.42298934 1.0319963 0.72985804 0.102293715
16 -0.21901566 0.06516168 0.613162 -0.8380719 0.4232739 1.0272245 0.73153627 0.2837296
12 -0.12268791 0.26260513 0.6347031 1.2454952 0.22237627 -0.48179412 -0.7369213 0.5039994
29 0.00033384442 0.34534037 0.56712466 -0.65938944 0.33183396 0.8571373 0.53433806 0.0802261
44 0.08022397 0.15725335 0.6782896 -0.11854648 0.9513992 0.13483444 -0.11627509 -0.04420002
31 -0.22780287 0.08533745 0.80750597 0.6965394 0.9520316 -0.5601526 -0.6647546 0.28305483
24 0.3450098 0.18117416 0.5306601 0.84096664 -0.98653716 0.49709705 0.09257575 0.5506316
0 0.5433673 0.049030397 0.13990776 2.0030253 0.3974147 -0.46226642 -0.6584661 0.46135178
10 -0.48113087 0.70614165 0.3128272 -0.15722544 0.65238494 0.55401576 0.117659174 0.43197045
15 -0.96006954 0.67096883 0.88001364 -0.09484597 0.33797914 0.08403213 -0.084087186 0.3597598
7 0.42241114 0.16072214 0.3450772 1.3532652 0.48780516 -0.48035926 -0.59239024 0.606487
8 -0.70445585 0.19702545 0.73667395 0.6067486 1.204384 -0.5376069 -0.81246394 0.56504357
34 0.30490705 0.17069057 0.8218715 -1.313654 0.35089496 1.2530422 0.9671426 -0.44061944
45 -0.5324289 0.46712333 0.8009394 -0.9664014 0.8494375 0.61620194 0.22029485 0.12391694
3 0.7021139 -0.037467536 0.2322717 1.8370237 -0.14965384 -0.19949289 -0.43589577 0.5602684
23 -0.57320243 0.90183026 0.7639783 -0.31599182 0.39012027 0.2433132 -0.14961767 0.27382815
4 0.17515877 0.09714608 0.7766063 -1.1496984 0.20155051 1.1643866 1.2755302 -0.32735956
11 0.71878475 0.074069254 0.526536 -0.68525827 -0.25363177 1.3188545 1.2664016 -0.42080352
39 0.78893566 -0.19314794 0.19654283 1.9152865 0.17652708 -0.3957088 -0.12270332 0.29711384
36 -0.1255057 0.32362798 0.7030278 -1.1236382 0.54667896 1.0844399 1.1004246 -0.33180174
46 -0.17735676 0.4330574 0.6953073 0.95591486 0.34328312 -0.55266166 -0.32127103 0.30154082
18 0.49892104 -0.08323139 0.5973439 1.7819228 0.22227348 -0.7567881 -0.76453674 0.42323354
21 0.56219983 -0.082621604 0.2469093 1.451748 -1.2772554 0.7170666 0.08093342 0.5630976
9 0.2957878 0.11895117 0.5620148 -0.69441915 -0.24255094 1.1801271 1.2740175 -0.12589844
41 0.38679343 -0.15873204 0.46845067 -0.49528274 0.61922735 0.94244516 1.0877104 -0.4451488
25 1.5146914 0.21755585 0.07380128 0.4709617 -0.5111999 1.1358898 0.5446673 -0.37857836
40 0.42604622 -0.20078233 0.40723827 1.6139053 0.5814373 -0.42988107 -0.6944425 0.3686845
14 1.3873945 0.31516525 0.15966246 0.15810001 -1.122729 1.4547331 1.1310894 -0.3891425
2 0.8638695 -0.1948074 0.4651347 1.971566 -0.22699298 -0.5396702 -0.5637506 0.43699026
33 0.710237 -0.13313931 0.27758658 1.8951683 -1.1292589 0.2004039 0.36781758 0.32717517
30 0.9413859 -0.16693802 0.51951027 2.1308746 0.22101371 -0.76253647 -0.83239454 0.012864913
32 0.96146274 -0.096879944 0.36237177 2.1366763 -1.0405593 -0.14153828 -0.09238212 0.3665463
38 0.24463369 0.12105849 0.69090897 -1.0918444 0.098622635 1.2520608 1.3891126 -0.3708235
47 0.082068406 0.029634178 0.65169245 -0.9227295 0.686198 1.0077372 0.91323256 -0.3488067
35 1.1061455 -0.2995815 0.40522185 2.340148 -1.1886742 -0.39399993 0.0877278 0.5443501
37 1.2306297 -0.7658648 0.54741395 1.9226933 -1.5128083 0.08967763 0.6451417 0.2596477
22 1.3774151 -0.31281608 0.27566904 2.4521446 -1.3692329 -0.062397655 -0.034363355 0.45854947
