50 8
43 -0.893656 0.4216089 0.27644932 0.65044355 -0.58208 -0.27876762 0.3437108 -1.1976177
31 -0.020152645 0.6483481 0.18940742 0.12572733 -0.6769747 -1.3305892 -0.13552316 -0.13147472
10 -0.39681262 0.011526032 0.5104265 0.92235345 0.43369806 1.1937461 0.37733677 0.6117292
40 0.10072731 0.695743 0.31629723 0.063648574 -0.419035 -1.2281284 -0.09991328 0.111707695
6 -0.6359038 -0.016731326 0.44320214 0.66991264 -0.8333303 -0.64125043 0.06297145 -0.93692875
49 -0.55875236 0.8468119 0.13614726 0.6272293 -0.6560844 -0.022161044 0.3423251 -1.3035909
25 0.3444041 0.852666 0.15364245 0.22041383 0.14847644 0.2393949 -0.25986823 1.398224
41 -0.4405025 0.8568484 0.16297935 0.5659326 -0.30698186 -0.44008148 0.14704251 -0.98561305
39 -0.30568805 0.99498886 -0.0029035518 0.44519836 -0.65362734 -0.77459216 -0.037380524 -1.0008062
27 -0.6241313 0.75418353 0.29029968 0.61180156 -0.37382382 -0.102743484 0.33583736 -1.2479365
30 0.19255337 0.055171315 0.33480367 0.26570246 -0.060520507 -1.0218138 -0.51512146 1.4345045
2 0.17844999 -0.06917013 0.58948755 0.18723382 -0.09081802 -0.301344 -0.26468244 1.714245
36 -0.34293512 0.9414821 0.2199395 0.6788006 -0.35471228 0.4309906 0.7994567 -1.1566414
14 -0.17490889 0.61646515 0.15935116 0.6798139 0.3201722 1.1619877 0.0057581263 0.8222835
13 -0.28301758 -0.5820324 0.6847043 0.3344475 -0.190482 0.08018781 -0.54470974 1.866538
19 -0.24461478 -0.45805895 0.9226925 0.43232217 0.07274508 0.5482158 -0.18063763 1.5840023
18 0.10078743 -0.18154095 0.56099796 0.27055362 -0.06499975 -0.5708334 -0.42194286 1.6449683
15 -0.9388406 -0.59687585 0.74857694 0.62032557 -0.23607568 -0.3404503 0.42517486 0.017959699
3 0.0031373182 -0.26202562 0.79377145 0.19764985 0.009851161 0.04419309 -0.34762436 1.8801438
12 0.47334167 0.15505263 0.4868509 0.33592948 0.029073425 -0.3811712 0.20302513 1.3572898
5 -0.63528305 0.12879498 0.5043817 0.9531577 -0.29388887 1.0032079 0.560882 -0.7230314
17 -0.3784103 0.38672885 0.38231474 0.57055885 -0.6708494 -0.6859889 -0.048305683 -1.0224636
0 -0.029302541 -0.5626935 0.6657371 0.33824003 -0.17587438 -0.8929803 -0.32947057 1.5783321
23 -0.13210198 -0.39850345 0.80663085 0.2851201 0.1986511 0.26799318 -0.18574832 2.0554113
1 -0.7531151 0.17751375 0.43845105 0.91176474 -0.17625341 0.9484778 0.77002 -0.64931196
29 0.34683686 0.6689092 0.052938543 0.09124129 -0.09168614 -0.8786859 0.022630898 1.261568
28 -0.6088386 0.69601256 0.43141067 0.74511826 -0.5555489 0.5541354 0.5980544 -1.4968488
24 -0.41211677 -0.0751801 0.6325072 0.4339024 0.4720277 0.84240633 -0.12469971 1.7354004
38 -0.012479927 1.5275742 -0.37805402 0.5892476 -0.36061817 -0.07924281 0.13856518 -0.8867993
34 0.4439529 1.4599069 -0.025893766 0.43863738 -0.10820897 -0.39115992 -0.06615285 -0.4792503
9 -0.50727737 0.7157968 0.24080305 0.8195383 -0.09129245 1.0530969 0.50133026 -0.6772462
21 0.016156668 0.28450218 0.412997 0.43518326 0.40652514 0.6238965 -0.29883927 1.7166083
47 -0.30352256 0.9358372 0.20807119 0.62731344 -0.28638828 -0.19117482 0.2780303 -1.1645103
8 0.06677811 -0.027992582 0.6088489 0.23287724 -0.5343 -1.4618244 -0.3379958 0.320584
26 -0.41409564 0.12566495 0.5281743 0.29926804 -0.94438064 -1.3752502 -0.17480275 -0.734175
46 -0.5309379 -0.34095046 0.6436601 0.51416165 -0.57473683 -0.9498565 -0.11432756 -0.27591133
44 0.1676173 1.0548364 0.10792229 0.1774096 -0.64853835 -1.240114 -0.06089942 -0.58431244
42 -0.5011966 0.41562995 0.22110786 0.5416086 -0.96854573 -1.1453351 0.10451356 -1.2192842
16 0.51639116 1.4578819 0.03231036 0.10691427 -0.5383043 -0.90819824 0.27373195 -0.4568479
11 -0.29095352 0.761342 0.25819644 0.8288926 0.24493676 1.836347 0.19453846 0.23182242
7 -0.427707 -0.48081952 0.59823906 0.3413267 -0.22012642 -0.13609521 -0.40244412 1.5930388
45 -0.62046677 0.44007543 0.3983333 0.5322107 -0.8558477 -0.9339701 0.15693027 -1.4600292
4 -0.13848954 1.5370662 -0.15843081 0.8448537 0.03416643 1.212509 0.77154124 -0.96227235
37 -0.017373107 -0.537956 1.0965998 0.43467042 0.36498964 0.45092636 0.10820195 1.8997387
20 -0.7297849 0.06448174 0.7911474 0.88567007 0.2712262 1.0745097 0.470401 -0.59512335
32 0.090066135 -0.07218766 0.6828554 0.4891454 0.45275393 0.87877494 0.142346 2.0355415
35 -0.17646538 0.2049813 0.5232551 0.6401098 0.65687203 1.3759391 0.16621932 1.5469136
48 0.122578144 1.3039473 -0.3807656 0.66452134 -0.7390419 -1.0013295 -0.19153666 -1.1604906
33 0.12207844 0.11226685 0.66368055 0.26155087 0.47221938 0.6008851 -0.3147678 2.212743
22 0.3160862 -0.05056055 0.656384 0.37633696 0.363438 0.27992827 -0.35716987 2.2218564
