50 8
4 -0.5082795 0.612683 0.070395015 0.57147133 -0.3111059 0.10434194 0.39759976 -0.41595128
6 -0.8306823 0.38047993 0.063849956 0.5591353 0.49599034 -0.7235102 0.3108733 -0.30681428
28 -0.7845607 0.6803686 0.06824968 0.49432844 0.06679393 0.032522757 0.41316244 -0.6249612
27 -0.77516985 0.73695946 -0.047840644 0.5813537 0.32339144 -0.20356686 0.19440083 -0.67955613
38 -0.86751103 0.97056717 -0.27202132 0.6232712 0.39225313 -0.08365184 0.22474958 -0.82640684
20 -0.50247014 1.1305643 -0.24675344 0.4463031 0.20474325 0.3730037 0.6581247 0.19114189
40 -1.0371761 0.77151704 -0.21471748 0.70006055 0.013438468 0.16934685 0.21800967 -1.0609791
31 -1.0407887 0.5918117 -0.25913492 0.90692794 0.48465905 -0.16500136 0.16397966 -0.78017586
29 -0.50374645 1.0410366 -0.16010158 0.43479478 -0.32276845 0.6417155 0.63522434 0.010708757
14 -0.38528666 1.4557524 -0.27907756 0.30142203 0.039344847 0.6742407 0.6451212 0.18889956
39 -0.9821254 0.9804607 -0.10744856 0.45246908 0.19826877 0.13225047 0.23606096 -1.0479447
8 -0.55180985 0.5556817 -0.3951482 0.79444915 0.36684853 -0.574419 0.80240244 0.48857555
23 -0.5263395 0.22694212 0.033896282 0.6945507 0.7265144 -0.63384825 0.9048094 0.94746053
9 -0.21033445 1.0744258 -0.2433262 0.5471129 -0.10290806 0.33739084 0.6707749 0.32977128
41 -0.8311863 0.9629738 -0.049104627 0.5351207 0.21451509 0.11988672 0.30562145 -0.9679542
1 -0.12029434 1.0380279 0.048666675 0.23711099 0.03126577 -0.001469983 0.41095456 0.434588
49 -0.826958 0.6945283 0.005827637 0.5922034 -0.0063310014 0.0065552704 0.024117272 -0.94706863
17 -0.19912234 -0.52987665 1.088882 0.26971638 -0.4562191 -1.189461 -0.8858337 0.27884212
19 0.14572878 0.065168776 0.8111606 0.38384745 -0.046167832 0.23844068 0.040271055 1.7270246
34 -0.7793519 0.8509724 -0.10577719 0.74526185 0.075888105 0.5446661 0.2362089 -0.7125146
10 -0.49921972 0.73965144 -0.30785123 0.6578535 0.6076445 -0.44768277 0.7455276 0.62665915
16 0.30250737 0.7600427 0.9694336 -0.232792 -1.0041112 -0.0016775772 -0.46458992 -0.3344963
21 -0.525046 0.77685404 -0.0774772 0.5248704 0.47748318 0.44983396 0.3393255 0.8974819
36 -0.74032104 0.6226756 -0.14052217 0.880807 -0.24895294 0.18364878 0.044695247 -1.1033825
26 -0.016440427 -0.019384038 0.99216425 0.11645338 -0.050758764 -0.7355305 -0.49136376 0.7454584
44 -0.34517232 -0.19585429 0.5924074 0.51498455 -0.8219476 -1.247522 -0.48949325 -0.987478
13 -0.47616267 -0.1397913 0.13372973 1.007188 0.057255305 -0.15561056 0.46433783 0.69505626
46 -0.60972697 0.1446393 0.54830045 0.5482269 -0.82185674 -0.18117504 -0.42056382 -1.3744746
2 0.6481925 0.041014455 1.2342888 0.03679829 -0.41677338 -0.464277 -0.4873327 1.8361875
15 0.7122149 0.014195254 1.2467024 0.0057174647 -0.7342574 -0.61791986 -0.8295847 1.4779668
42 -0.6157346 0.33002183 0.37140757 0.3264815 -0.96285033 -0.7309742 -0.35312486 -1.5515951
24 0.1679304 0.5066806 0.4337551 0.46477968 0.18521562 0.5378292 0.16780832 1.9025258
12 0.03812964 -0.07922205 0.7091027 0.2802283 0.30768535 -1.0556983 -0.27945355 1.5815911
43 -0.75687206 0.63308513 -0.01458455 0.58492756 -0.4465865 -0.39628193 0.485799 -1.4101424
45 -0.8278772 0.37933236 0.18373042 0.42385006 -0.3577411 -1.1977037 -0.11355026 -1.6159419
18 -0.030756833 -0.3501085 1.3116931 -0.09604329 -0.1022892 -1.091957 -0.58112335 1.270856
25 -0.026070725 1.3319069 0.04136218 0.2682374 -0.7973916 1.3007507 0.2692273 0.076037966
5 0.5449893 -0.053809334 1.2996145 0.048161425 -1.0795894 -0.42774117 -0.6503587 0.7376765
33 0.45238903 -0.19550957 1.3354595 -0.0051417258 -0.48654017 -1.2486609 -0.517977 1.105936
3 -0.49481672 0.24861492 0.2956829 0.40823314 0.6973363 -0.15886265 0.5318503 1.6289088
0 0.75099754 -0.18043503 1.408506 0.09043114 -0.8475337 -0.43761313 -0.791461 1.5134639
48 -0.39737117 1.0688916 -0.36918232 0.83554906 -0.52541107 0.56913275 0.1840779 -0.8085068
22 0.6445162 -0.31098706 1.6222022 0.012548223 -1.184569 -0.4740231 -0.9018725 0.84018844
7 0.10914568 0.36786327 0.56107414 0.14326003 0.46610808 -0.6384581 -0.15153222 1.8828366
37 0.46189496 0.24556854 1.2262349 0.039082065 -0.8047019 0.64297634 -0.7275762 1.1691588
35 0.35186118 -0.59840095 1.7098944 0.15437247 -1.1643794 -0.6222912 -1.6110543 0.28997272
30 0.27579796 -0.88159007 1.7591542 0.24264745 -1.1340278 -1.0490975 -1.2599553 0.116401255
11 0.3668051 0.18431778 1.0231413 0.3267511 -1.0199151 1.310908 -0.5343242 1.3420435
47 -0.574578 0.9067243 -0.30357078 0.8131723 -0.49654058 0.15005136 -0.0048729368 -1.2088877
32 0.54600686 -0.541777 1.8946759 -0.12855539 -0.8319266 -1.006627 -0.9971994 0.9895738
