50 8
1 0.12899972 1.0151083 -0.057591356 0.07931185 -0.1436239 0.0019975319 0.96391743 0.29290187
19 -0.7286717 -0.39432192 0.56383276 0.66378677 -0.018390633 -0.6481147 0.16703026 0.5790157
42 -0.46649593 0.6940685 -0.06298222 0.4459942 -0.11863688 0.121229 0.4821914 -0.019629387
25 0.3869717 1.2946721 0.20228615 0.44156602 -0.12388611 -0.07389343 -0.5326345 -0.0883869
18 -0.41381243 0.14703947 0.49433544 0.03377369 0.3154899 -1.0444082 0.5961463 0.9471852
28 -0.36593866 -0.17977862 0.933313 0.89564794 -0.61533886 0.2597249 0.060827877 -0.5147481
43 -0.67449623 0.06304749 0.3932495 0.27406013 0.13538279 -0.71825135 0.46106437 0.53189874
40 -0.23004599 0.20250565 0.65640706 -0.016997965 0.5514598 -1.0221617 0.69281363 0.92050594
39 -0.10380317 0.9791658 0.20648395 -0.19931003 0.5606256 -0.49602857 0.40244666 0.9195569
22 -0.019257998 1.5610943 -0.10976282 0.16453676 0.31789607 0.57133836 0.35261056 -0.42882633
26 -1.0996418 -0.24959832 0.51100767 0.21079458 -0.21471718 -0.27761915 1.0369685 0.35686713
45 0.031118218 0.72770435 0.52213603 1.1208823 -0.39485413 0.42642954 -0.8429285 -0.8777674
2 -0.20743448 -0.31578586 0.9723139 0.96318346 0.43179804 -0.64595824 -0.6226016 0.49632454
20 -0.4676554 0.080540754 0.629574 0.94376826 -0.65731966 0.23181704 -0.033318702 -0.73129755
8 -0.70868945 0.17950147 -0.06957412 0.15316887 0.0659403 -0.87887573 0.88204306 1.0116141
44 0.07570607 0.68970686 0.51201373 0.0030515634 0.6732437 -0.88061476 0.10510659 0.8997111
49 -0.23348276 0.57555515 0.4411735 0.88831496 -0.8472885 0.7076651 -0.12477696 -0.81244856
34 -0.028529773 0.9627569 0.16712497 1.0510492 -0.46426454 0.72986054 -0.49711353 -0.876921
46 -0.35905236 0.29025385 0.34516564 1.1893747 -0.9464833 0.24494676 -0.34828383 -0.97573483
31 -0.28597018 0.064088374 0.5936244 0.13595077 0.4041608 -1.4308517 0.43700337 0.8934367
27 -0.6192691 0.4431656 0.2746662 0.9865351 -0.91281897 1.1396832 0.24882019 -0.94675237
41 -0.032225374 1.3437198 -0.09331818 0.36364102 0.003001091 0.60594136 0.19159055 -0.25599292
13 -0.3298137 0.21952373 0.22572602 0.009114846 0.36031145 -0.48404583 1.3836071 0.90483963
7 -0.93466353 -0.52373695 0.3026835 0.78050685 0.06753985 -1.1169292 0.053118974 1.0165715
12 -0.4640765 -0.39392555 0.61996156 0.39582184 0.15476887 -1.4098113 0.4580547 1.1113414
14 0.30752328 1.1545075 0.2211596 1.1014781 -0.48968086 1.0525244 -0.53632134 -0.8236444
23 -0.014005737 0.06749687 0.952133 0.15966319 0.3997132 -1.1545826 0.09356805 1.034887
36 0.072352186 1.2532468 0.028331615 0.8973724 -0.3980077 1.1599526 -0.13649851 -0.8984802
33 0.4373059 1.8796297 -0.17964914 0.09599004 0.2429836 0.48418483 0.19502905 -0.16322598
16 -0.077831626 0.81397015 0.2624033 0.8431892 -1.057026 0.92834115 0.25631312 -1.0535078
17 -0.6930245 -0.62500644 0.94592303 1.1695156 -0.9827888 -0.1990168 0.024950271 -0.8152844
38 0.46882442 1.9032975 0.0008598993 0.3028144 0.19990902 0.36288738 -0.53449166 -0.34440187
6 -1.1512772 -0.19678256 0.054182056 0.53144 -0.2939715 -0.07369317 0.9419125 0.22777082
24 -0.29916117 -0.22026052 0.7463546 0.8970843 0.34353954 -0.8982007 -0.6496605 0.6457998
4 0.14774644 1.3020302 0.117658414 0.8282038 -0.6001886 1.0817121 -0.24439384 -0.96384096
30 -0.32493243 0.5319969 0.27481595 -0.24217276 0.62047017 -0.62811685 1.2855301 0.7654848
10 -0.8545517 -0.5935197 0.597817 0.8830688 -0.059881605 -0.3235483 0.404966 0.1434198
9 0.011504706 1.1838864 0.05450911 0.82827204 -0.8083437 1.3779312 0.137633 -0.8750431
15 -0.34999898 -0.45452607 0.8063833 0.93624043 0.35543865 -1.062645 -0.61253875 0.9099513
29 -0.33736172 0.5741727 0.18989104 0.926036 -0.88523954 0.58535814 -0.22704414 -0.5131386
11 -0.053369712 1.4229324 0.12764257 0.85828906 -0.21273844 1.4705709 -0.46190348 -0.9652927
32 0.46045965 1.497465 -0.09748902 -0.37586698 0.8007131 -0.20825265 0.98797 1.0395436
21 -0.15603365 0.74443746 0.582497 -0.08354259 0.75784963 -0.87051207 -0.5395865 1.3680503
0 -0.556972 -0.70988494 0.86235577 0.8153524 0.4956225 -1.1111276 -0.14983933 1.0238339
35 0.4477384 1.6080723 -0.066568054 -0.51082295 0.77061546 -0.28088757 1.1194 0.6683305
47 0.006748488 1.5051771 0.096190445 0.59351486 -0.2962227 1.3982733 -0.10959228 -0.77374697
48 0.38830057 0.85603154 0.22597393 0.093012184 -0.22419947 -0.20661682 0.6531788 0.5493227
5 -0.3015677 0.6157112 0.09005605 1.2797312 -1.22175 1.0454879 -0.081668906 -1.0737585
37 -0.21845333 0.6368423 0.34612384 -0.3483599 0.58769876 -0.3169491 1.5628926 0.70204926
3 -0.13293646 -0.06592372 0.84290725 0.23970614 0.7995777 -1.3711035 0.049183983 1.3151728
