50 8
23 -0.05517932 0.6577921 0.22856471 0.6778889 0.810422 0.533788 -0.39935577 -0.16825165
24 -0.18984918 0.54367507 0.45326322 0.701322 0.31266308 0.082602754 -0.51690304 0.82939214
6 -0.6933078 0.62613416 0.78940994 -0.3736866 0.5686405 -0.22085086 -0.4982205 0.6098448
25 -0.28521904 0.052688096 0.5644373 -0.22159612 1.0491117 -0.21305697 -0.69494027 0.3092858
19 -0.53836447 0.29946458 0.7916379 -0.33090723 0.29906714 -0.023021694 -0.60998815 1.0250844
27 -0.5113208 0.5178038 0.5852273 -0.28866956 0.5621155 1.1499194 0.5792172 0.119157374
2 0.062184982 -0.36292645 0.7582244 0.57702667 0.36176217 -0.5608015 -0.92429155 0.25084156
4 -0.10450923 0.29585418 0.7856282 0.14729232 0.2854585 0.9405444 0.7739108 -0.32115024
39 0.15740469 -0.29721573 0.52725625 0.57479554 0.6968274 -0.19208592 -0.7724584 0.017257327
1 -0.08036428 0.018308049 0.9541325 0.090610586 -0.034833495 0.999237 0.6051502 -0.395927
46 0.1166965 -0.27695927 0.7469747 0.43044147 0.45525515 0.22757585 -0.12640424 -0.547434
42 -0.46596646 -0.25107387 1.004855 -0.9771741 0.77423567 -0.18618429 -0.4381331 0.29941896
31 -0.22323322 -0.087292686 0.6008319 0.39116457 0.45231393 -0.60004336 -1.1256309 1.12871
38 -0.035385016 0.8647004 0.22439565 0.6019987 1.1334342 0.18743111 -0.42846116 -0.25241512
18 -0.017436992 -0.2312126 0.69831496 0.91795796 0.37470946 -0.9942212 -1.0803826 0.7492198
20 -0.79523623 0.39214322 0.49210083 -0.48976564 0.9853344 0.8076261 0.2120315 0.14071622
34 0.6120021 -0.5824819 0.7365265 -0.1546642 0.927028 0.41371295 -0.14569733 -0.53300184
9 0.11639368 -0.109403856 0.9989463 0.26903522 -0.12979431 1.1828452 0.91545916 -0.62076336
44 0.17884676 -0.30987453 0.38077217 0.369213 1.0027914 -0.344499 -1.3191354 0.45797622
28 -0.5737794 0.730636 0.6124843 -0.3071627 0.5257512 1.0253152 0.4734852 0.17432883
40 0.25021258 -0.028091446 0.40821275 0.92482513 0.571474 -0.3973496 -1.0524697 0.6176587
41 -0.09326872 -0.041306384 0.83086896 0.25669757 0.24817367 0.83774966 0.47005412 -0.59085137
3 0.74063426 -0.07409678 0.6010875 1.2686232 0.06419449 0.16979527 -0.20154421 0.2059823
35 0.97637004 -0.2944942 0.83370113 1.2053138 0.017893126 0.3536068 0.1743417 -0.88833606
16 -0.49294287 0.020704983 0.8631694 -0.9515851 0.6645728 0.9387262 0.55284405 0.048803117
48 0.3017037 0.50274056 0.29400498 0.7915026 0.87752163 0.9281463 0.43035635 -0.6493776
45 -0.4179815 0.5939983 0.8118898 -0.2561802 0.2983995 0.54298216 0.25323144 0.16754618
10 -0.90448314 1.1606705 0.37083524 0.6182115 0.28680328 0.4667697 -0.021721061 0.62614506
43 -0.5271491 0.16126445 0.7278977 -0.5194209 0.6532467 1.1515378 0.9376578 0.00692667
15 -1.2606927 0.20736846 1.2492616 -0.49734494 -0.28977308 -0.41315135 -0.33363542 1.1936306
13 -0.005492489 0.7722909 0.1736654 1.3744127 0.4277444 0.14126799 -0.5611071 0.5593689
29 -0.21259165 -0.36038187 0.92524815 -0.8426596 1.007782 -0.69176775 -0.92901933 0.5832592
36 -0.13136119 0.26934493 0.615334 -0.36480644 1.1755415 0.94630665 0.6760952 -0.8601503
32 0.79785943 0.36683086 0.34160113 1.9087923 0.36899906 -0.34519863 -0.805556 -0.11372803
26 -1.4353402 0.1405042 1.0677412 -0.7752127 0.1362503 -0.20381734 -0.21405081 1.2023486
12 -0.0104630515 0.44807532 0.34862176 1.4477813 0.075399645 0.03885358 -0.77293503 0.483723
11 0.005310822 -0.40571532 1.1022116 -0.11097032 -0.03390388 1.4303343 0.9898636 -1.0154691
21 0.31283414 0.11120297 0.47762668 1.7063209 -0.15406832 0.15146442 -0.5607811 0.2449641
14 0.55288213 -0.13342497 0.9944085 0.51712584 -0.23086707 1.1472155 0.56173074 -0.917764
37 0.6778776 -0.57634 0.93709147 1.2921873 -0.37958172 0.2006041 0.28977135 -0.054012
33 0.56798583 -0.06140512 0.8222336 1.3808818 -0.34561527 0.7364602 0.6433452 -0.37943155
8 -0.4318619 -0.08918069 0.54865754 -0.014192436 1.0392834 -0.78855354 -1.2190468 0.8939431
0 -0.5531387 -0.2832242 1.0268112 0.17170718 -0.100309946 -1.0125777 -1.222913 1.4719403
17 -0.12387871 -1.3687059 1.3307142 -0.730439 0.12731935 0.17977428 0.26895222 0.33316216
5 -0.03911852 -0.45212403 1.3280296 -0.13028133 -0.35221222 0.9117875 1.1949238 -0.19185726
30 0.19608817 -0.923534 1.037508 0.036258075 0.66099393 -1.230477 -1.2912147 0.20797609
22 0.47236365 -0.6619978 0.87190616 0.9175927 0.3462761 -0.8930608 -0.87418723 -0.020102786
49 0.0026625302 -0.73912275 1.2288316 -0.50172436 0.112651154 1.3133432 1.1102842 -0.91259885
7 -0.5114319 0.6619295 0.9024521 0.14765187 0.0037809273 -0.7359676 -0.79662836 1.483112
47 0.27699956 -1.0404729 1.5032914 -0.18397984 -0.6046588 1.2097243 1.0772946 -0.6411348
