50 8
9 -0.101510756 0.7195823 0.39239097 0.040035613 -0.2587009 0.78821963 0.24609491 0.7412412
17 -0.53235346 0.11521933 0.5183475 0.46473998 -0.3475456 -0.75665754 -0.1760394 -1.028911
36 -0.30189478 0.7177581 0.3617054 0.39473 -0.05588708 -0.063568726 -0.028865648 -1.2136863
4 -0.45064762 0.7105702 0.65579534 0.11379009 -0.20749298 0.04489399 0.15043473 -1.1238402
1 -0.35648176 0.64303434 0.32155672 0.44009775 0.019857824 -0.43767267 -0.13760017 -1.1949955
24 -0.3149707 0.23587807 0.07996268 0.43418 0.29120272 0.19776772 -0.025520466 1.016817
15 0.030691028 0.13716356 0.36846012 0.41869405 0.13149868 0.5719445 0.14866987 1.557992
27 -0.3495797 0.5308171 0.4152114 0.45697156 -0.22224578 -0.3268709 0.04634399 -1.2226607
42 -0.47178352 0.39071068 0.30945688 0.486352 -0.0076312777 -0.551545 -0.27504015 -1.0109524
11 -0.043385617 0.9278677 0.6516323 -0.075811945 -0.4459022 0.89724135 0.40159705 -0.049699113
34 -0.20601858 0.8566374 0.82303464 0.019389149 -0.37189728 0.39878052 0.11570479 -1.1916142
41 -0.49411118 0.5402725 0.5438305 0.40343502 -0.21368422 -0.5791953 -0.04894649 -1.6172554
45 -0.59029746 0.46790478 0.44741577 0.48056516 -0.25563028 -0.4480345 -0.1781774 -1.5997652
46 -0.36381146 0.6515682 0.6084869 0.28480297 -0.35427597 -0.46907207 -0.025759472 -1.4092762
38 -0.38647383 0.67143595 0.6351264 0.19593988 -0.40023187 -0.34287974 -0.14801237 -1.5040811
20 -0.42846477 0.69001347 0.56331235 0.15732689 0.0289459 0.01022805 -0.088983856 -0.90428984
23 -0.12751791 0.12650514 0.2884533 0.41942278 -0.2803216 -0.12888542 0.24275067 0.48191765
16 -0.006576998 1.0713423 0.38120252 0.06455721 -0.10587631 0.0076945107 0.07989953 -0.5160895
28 -0.50889474 0.43625647 0.67449427 0.30803004 -0.56347454 -0.4425625 0.12568672 -1.5280842
6 -0.45298657 0.33818698 0.19688413 0.7117118 -0.15012574 -0.8478972 -0.22189102 -1.3252102
49 -0.4768109 0.45585364 0.6393512 0.3122967 -0.2872235 -0.23990944 -0.17079009 -1.3529617
35 0.16783482 0.27944195 0.042246252 0.52875406 0.184487 0.56456333 -0.14226043 1.9112586
44 -0.21148947 0.41688645 0.3501993 0.67455196 -0.33480978 -0.81815237 -0.14102237 -1.4599864
47 -0.6394377 0.5711809 0.44333687 0.42859212 -0.12489041 -0.37725896 -0.14671434 -1.7114522
43 -0.42618048 0.5757973 0.33466345 0.5667412 -0.1856729 -0.6711831 -0.043076977 -1.6509033
26 -0.49850032 -0.3761164 0.40892035 0.7109934 0.10907393 -1.0245543 -0.29903892 -0.35303038
33 0.15381804 0.05609494 0.026354069 0.65723056 0.29481256 0.47089443 -0.23580988 2.2930605
8 -0.31380072 -0.25398195 0.1041077 0.9344334 0.082461596 -1.199078 -0.49685097 -0.56636864
29 0.04119696 0.09554928 0.0704645 0.548818 -0.13106892 0.53446555 -0.05560614 1.7556238
39 -0.47907025 0.33214536 0.39079514 0.5994305 -0.30565223 -0.8710104 -0.11230905 -1.5868397
19 0.27739492 -0.029279519 0.015399556 0.73190504 0.025646303 0.50401276 -0.1175376 2.085751
32 0.045813315 -0.03873011 0.02887569 0.683356 0.27399758 0.47081742 -0.19050485 2.1302588
3 0.17616545 -0.019167949 0.08429916 0.68311596 0.21952695 0.53804904 -0.08617224 2.1241276
0 -0.021799644 -0.10533264 0.20568585 0.624563 0.205908 0.6909221 -0.075727925 2.0772138
14 0.13635688 0.76612014 0.20174229 0.14238329 -0.060976584 1.137553 -0.0046922993 1.3138435
31 -0.43878597 0.54771227 0.28803012 0.67042166 -0.39086968 -0.8651475 -0.09442577 -1.9551276
21 0.034386687 -0.03408148 0.15012376 0.62894994 0.30360854 0.54194856 -0.16542597 2.2435076
2 0.16650307 0.07986745 0.081107914 0.6475772 0.26309246 0.71204174 0.034835033 2.439219
40 -0.47741333 0.5029819 0.400297 0.5865181 -0.18581082 -0.7040733 -0.026636448 -1.7510587
10 0.15229438 -0.07275576 -0.00012503858 0.7990375 -0.16994956 -0.08736928 0.20962761 1.3365289
25 0.42088374 0.66348946 0.075998716 0.3431155 -0.37913635 0.89046264 0.0846638 1.440917
48 -0.22475514 0.7408006 0.51672024 0.3954515 -0.43436772 -0.35335127 -0.20449859 -1.6343958
37 0.12322547 0.07956732 0.31151527 0.48774236 0.09555755 0.8343838 -0.056878705 2.2198265
30 0.27052245 -0.07962705 -0.14025067 0.8666042 -0.08712319 -0.015049 0.15115298 1.6682811
7 0.14785545 -0.3275271 -0.295319 1.0353286 0.061147094 -0.19741577 -0.23364599 2.218963
22 0.11608678 0.01894159 0.031004116 0.6410582 0.30549443 0.7290688 -0.16643694 2.2409635
18 -0.029240873 -0.31721076 -0.16712324 0.9390872 0.1797464 0.047569674 -0.14022934 2.0013206
13 0.1503874 -0.2449354 -0.03323672 0.8925093 0.037049867 0.39485133 -0.055947844 2.0875766
12 0.16422719 -0.10417779 -0.3335154 1.0074731 0.27085668 0.008612868 -0.19871649 2.2232888
5 0.055128817 0.61743593 0.46587718 0.20531696 -0.35652536 0.019473797 0.0148438895 -0.19133604
