50 8
26 -0.52152234 0.0194631 0.0935579 0.4546897 0.22930583 -0.97117776 0.2630494 0.15038788
4 -0.56373197 0.6784435 0.6454888 0.14593415 -0.14981784 -0.27846748 -0.27888235 -0.47845507
2 -0.49716222 0.8610646 0.31088552 0.17771201 1.1064868 -0.82222736 0.33041817 0.41585222
36 -0.5694611 0.46840674 0.11207496 0.5409807 -0.17173666 -0.6609386 0.10860511 -0.69721156
5 -0.16203186 0.9065061 0.99683464 0.02014246 0.33807507 0.34155467 0.1448119 1.2278646
34 -0.59173155 0.8542682 0.5806443 0.26169366 -0.14060749 -0.25929022 -0.6808259 -0.92004544
10 0.14820799 0.40184942 0.03797888 0.46229246 0.07606051 -0.3964722 0.6564766 1.3937166
1 -0.56573856 1.1703784 0.6422422 -0.06915242 0.60773873 -0.37437516 0.08209931 -0.050821975
12 -0.10547779 0.6296646 -0.0715107 0.59182155 0.9930476 -0.8673474 0.65512717 0.83450025
9 -0.5879359 0.8015402 1.1669421 -0.518998 0.014525782 0.0018565943 0.092851974 0.56599766
49 -0.7743926 0.58098257 0.7027737 0.35220757 -0.22206779 -0.26835784 -0.6281414 -1.0114384
17 -0.8455836 0.47268447 0.70086277 -0.15195307 0.7041451 -0.8206626 0.23467317 0.15712324
43 -0.43848726 0.4774608 0.19026354 0.35173646 0.011261676 -1.1154265 0.24700528 -1.1428881
28 -0.58667785 0.26570582 0.47433415 0.16956362 -0.50529385 -0.9399964 -0.09725941 -1.3619995
7 -0.15270913 0.65544486 0.26699165 0.2840948 0.89067864 -0.62517625 0.63326484 1.1711967
14 -0.043903783 0.97300684 0.735265 -0.12590219 0.22356673 0.07303189 -0.1264726 1.0509391
6 -0.44510728 -0.39457715 -0.22515744 0.77011156 -0.44983983 -1.2596473 0.027721055 -0.6313496
41 -0.42207497 0.6169537 0.48810205 0.46269777 -0.48575625 -0.44830644 -0.40009966 -1.3634293
27 -0.723333 0.27711233 0.5292244 0.43187776 -0.35581952 -0.6234884 -0.38234407 -1.1740756
20 0.20752864 -0.5929844 0.5602245 0.1748245 -1.6296272 -0.44004753 -0.74630415 -0.19512622
40 -0.5202571 0.48401567 0.08041435 0.55354595 0.0884778 -1.0892925 -0.08537847 -1.2576032
38 -0.44473413 0.6066571 0.50746566 0.23062311 -0.7045255 -0.23158927 -0.9099171 -0.940129
44 0.235513 0.14270693 -0.023356076 0.6529478 -0.9973393 -0.8623468 -0.7248407 -1.375591
45 -0.46572042 0.4353734 0.4723604 0.33384487 -0.8116956 -0.4813568 -0.49171296 -1.3035048
46 -0.649134 0.2725107 0.50649315 0.41312677 -0.88624424 -0.37774843 -0.5307105 -1.2504157
23 -0.43302423 1.0151931 0.6431159 -0.14305098 0.76568156 -0.35476038 0.4335692 0.8743597
31 -0.4343521 0.39555785 0.09770952 0.28368297 -0.37312263 -1.1033626 -0.020070238 -1.2547989
39 -0.51963603 0.43920383 0.4108642 0.37626088 -0.6398082 -0.6864008 -0.44339493 -1.5491474
30 1.1060954 -0.2866328 -0.48843354 1.1961635 -0.8011917 -0.7574685 0.18341306 0.48949638
21 -0.13774629 0.88021827 0.5751315 0.10941085 0.9357821 -0.2301414 0.490663 1.5987281
48 -0.27673513 0.10386823 0.081893295 0.60020936 -0.7942879 -0.9025565 -0.59581876 -1.405339
42 -0.3044041 0.18412326 -0.18088095 0.66706717 -0.6762395 -1.0926368 -0.1983388 -1.2772161
13 0.62681735 -0.34014487 -0.051723093 0.6990638 -0.5936622 -0.49160394 0.41987994 1.5686979
29 -0.073671006 0.1031575 0.32347184 0.124247104 -0.889056 -0.28773075 0.14778155 0.6520382
15 0.42450163 0.09402756 0.31038705 0.48487896 0.4252921 -0.41842198 0.5779918 2.06636
11 0.15809284 0.40621203 1.2352676 -0.21761788 -1.1379834 0.528928 -1.033347 0.34109432
8 0.77860004 -1.0210215 -0.6963105 1.1441305 -1.6254284 -1.111286 -0.1327971 0.13052833
25 0.6611083 -0.34682342 0.5535108 0.34173256 -2.118221 0.31919357 -0.7924657 0.57854927
19 -0.14005595 0.92373204 0.6737756 -0.10368913 0.61886114 -0.14491406 0.58177733 1.4777102
37 0.87118274 -0.67120457 0.4352499 0.8147917 -1.2178723 0.025033945 -0.45403996 1.2569982
3 0.27102846 0.5388513 0.65940773 0.33430335 0.35632494 0.14103918 0.13554177 1.8205578
0 0.24895729 0.41013715 0.48118687 0.33473137 0.57962716 -0.3084309 0.57860214 1.7004721
33 0.954034 -0.10601216 0.4616736 0.6205678 -0.3020958 0.15788326 -0.3429439 2.1598337
16 0.6144373 0.20754747 0.80837214 -0.29856172 -1.6962796 0.029742278 -0.53700686 0.17415124
47 -0.35306033 0.4036189 0.11533863 0.80451083 -0.5630384 -0.28620648 -0.94672835 -0.79927444
32 0.6895623 -0.11150506 0.5475526 0.62029594 -0.3526026 0.23094116 -0.067724966 2.1267698
24 -0.040030677 0.9174261 0.42374334 0.29757422 1.1842343 -0.321513 0.5799645 1.6838722
35 0.9135554 -0.692395 0.45847422 0.6511206 -0.89981186 -0.06394983 -0.05736414 2.074864
18 0.8674657 -0.7786182 0.36245072 0.849452 -1.8180755 0.26009688 -0.5156226 1.3390012
22 0.9625341 -1.0089176 0.44433838 1.0753485 -1.6372141 0.26719543 -0.60474604 1.2625605
