50 8
1 -0.14894007 0.55627733 0.57877725 -0.38133457 0.38252395 0.6554898 -0.14305235 0.25592858
46 0.31460774 -0.28516686 0.65222657 0.2688946 0.3929702 0.08214831 0.12145202 0.41792402
39 -0.501036 0.5699352 0.23488882 0.9511445 0.19186053 -0.1060518 -0.23824538 0.39018467
24 -0.26867548 0.48857316 0.40291074 0.2662891 0.2731899 0.21912982 -0.1546108 0.4769363
19 -0.3625203 0.14745684 0.6398461 -0.07132982 0.5765105 -0.31540066 -0.4100766 0.8126032
45 -0.35678953 0.5485114 1.056739 -0.79351854 0.3268391 0.27582785 -0.08006279 0.3852219
43 -0.07628859 0.63287127 0.3704789 0.0129578505 0.3198218 0.7212238 0.1905974 0.13096125
28 -0.31060162 0.9230803 0.6518474 -0.3759822 0.027848462 1.1938387 0.72728235 -0.055281647
25 0.51126146 0.110381074 -0.0070731267 1.4421531 0.19283552 0.4862926 -0.08069433 -0.058934104
42 -0.3701524 -0.10027856 0.5983361 -0.11086491 0.68187594 -0.29850334 -0.3895049 0.863815
23 -0.27220798 0.7216239 0.1486098 0.7998547 0.32993117 0.2422504 -0.31465656 0.13975097
15 -0.40127206 0.40778664 0.67860043 -0.45352414 0.25174707 0.48711017 -0.028505482 0.5863969
12 -0.14895865 -0.14668828 0.103038505 1.4380982 0.3594357 -0.27528837 -0.47121605 0.5311164
26 -0.51033866 0.21442354 0.5963993 0.17693183 0.27229598 -0.10229147 -0.008812298 0.7273493
27 0.102233425 0.6213792 1.0798122 -0.69403887 0.19018918 0.90551 0.891646 -0.13842261
18 0.43647158 -0.4996116 -0.08546098 1.4014664 0.78162074 -0.38020617 -0.8863523 0.6546916
40 -0.10320545 -0.1663627 -0.04611551 1.6105441 0.22522956 -0.13880096 -0.52299064 0.595647
20 -0.05053376 0.6546342 1.094643 -0.8023917 0.17224546 0.57300556 0.48856297 0.18914503
31 -0.5258561 0.2707464 0.18770334 0.3322984 0.50518006 -0.42211777 -0.678657 1.1849059
48 0.50962865 0.31031704 -0.31998968 1.3069807 0.106648006 1.014738 0.35200253 0.09808883
0 0.2161002 -0.406249 -0.21282952 1.4959497 0.6558209 -0.19399908 -0.61411685 0.67860997
44 -0.19725327 0.25762698 0.44349426 0.23813003 0.60829115 -0.20665489 -0.6594142 0.5844678
8 -0.1627438 -0.32159775 0.51407933 0.24328364 0.75480133 -0.5837698 -0.8895653 0.9666609
13 0.12566514 -0.37684017 -0.01327304 1.0760866 0.7796505 -0.58191663 -0.88771206 1.0176476
49 -0.10832621 0.7765521 1.0628638 -0.9256342 0.25903702 1.0568906 0.98192215 -0.13598892
2 -0.14754528 -0.036911547 -0.12408894 1.74794 0.29512212 -0.04357754 -0.41758657 0.36094466
6 -0.25915152 0.16129898 1.092353 -0.81154716 0.5216129 0.00710858 -0.08377684 0.5658758
38 0.24670306 0.62170106 0.51390606 0.57370067 -0.23113751 1.5433507 0.87390244 -0.6942841
4 -0.1354137 0.7675409 1.0085706 -0.23052765 -0.1322063 1.0331304 0.7651519 -0.32482663
14 1.0516181 0.26693937 0.40942547 0.75732726 -0.27422923 1.4033669 1.0312235 -0.44094542
21 0.2353244 -0.9047044 -0.07110977 1.8675985 0.5872938 -0.13018666 -0.7277913 0.39251545
17 -0.2398988 0.25061876 1.1828362 -1.0753679 0.5399965 0.1425131 0.23915291 0.5243243
41 0.0065173046 0.82530326 0.6864639 -0.053934522 -0.06390338 1.3157527 0.85031575 -0.3964371
7 0.048960067 -0.5397346 0.32976902 0.37383598 0.96365494 -0.8291781 -0.9443698 1.2321624
34 0.3653248 0.6767553 1.0144488 -0.45349774 0.0063630496 1.2320149 0.62457967 -0.46477434
30 0.4109095 -0.3933713 -0.16894749 2.0837808 0.3178587 -0.27896863 -0.64985365 0.5531992
10 -0.75818604 0.44464517 0.86688817 -0.61286026 0.31934565 -0.2167808 -0.259426 1.0697542
29 0.37771568 -0.057969127 1.0423745 -0.45071355 0.4466059 0.32906607 0.049234774 0.16249402
3 0.19825922 -0.14204042 0.23830596 0.7683578 0.65970623 -0.62397414 -0.7200151 0.89026827
9 0.5685283 0.46735513 1.1891378 -0.87578404 0.123263575 1.2266954 0.9515624 -0.27193117
5 0.049561672 0.71701306 1.1142361 -1.1310766 0.118976094 1.0075431 1.1148773 0.21007971
35 0.72169346 -0.3949598 -0.2683495 2.0341506 0.30434817 0.33849132 -0.38172233 0.09826628
11 0.6120632 0.5131852 1.3502138 -1.0313991 0.10501269 1.3182129 1.0183367 -0.38697854
16 0.39580002 0.41482008 1.0755188 -1.1146293 0.33532205 1.1724607 0.7314781 -0.023442594
47 0.08513908 0.8458473 0.9504668 -0.13961297 -0.36959764 1.3676263 1.0682192 -0.3966425
36 0.38451162 0.83173525 1.1024013 -0.77366376 0.02642367 1.5810379 1.0635439 -0.59901327
32 1.0432591 -0.7277469 -0.16434677 2.3112872 0.3000478 0.41572395 0.030937739 -0.1209274
22 0.8256636 -0.83911264 -0.33981216 2.668712 0.30529833 0.15431388 -0.1099694 0.10940344
33 0.9093026 -0.88784736 -0.39011383 2.6324956 0.4567069 0.23787133 0.12749018 0.013186326
37 0.8959307 -1.2711414 -0.14197055 2.5396347 0.50321215 -0.33361927 -0.10810391 0.40479487
