50 8
43 0.005171296 -0.060602944 0.24156195 -0.5620059 0.7863936 0.24061668 0.6767422 0.2806824
26 -0.31624237 -0.29937088 0.48114613 -0.7615488 0.72953534 -0.08010893 0.3439922 0.535408
41 -0.20271638 -0.01366472 0.4734621 -0.39596534 -0.39638767 1.0036427 0.9068185 -0.030455997
36 -0.34127516 0.16947618 0.3865032 -0.2232633 -0.47334445 0.9699745 1.2301263 -0.05917529
1 0.029030733 0.101723775 0.22087269 0.4619281 -0.13596718 1.1045358 0.9439827 -0.02725868
25 0.33016753 0.53750575 0.94550645 0.980895 -0.115931034 0.58851993 -0.59426343 -0.118364505
28 -0.319145 0.0922264 0.23649585 -0.65294677 -0.05856297 0.9648827 1.0103582 0.092361644
6 -0.11495668 -0.47483766 0.25729945 -1.3955218 0.92652273 0.32653454 0.8562951 0.27516967
16 -0.19441274 -0.07809929 0.38055986 -0.4952347 -0.29964083 1.0788971 0.83311975 0.13771136
45 -0.29185298 -0.1106842 0.3404801 -0.77712226 -0.30841342 0.9517609 1.3844335 -0.011124244
49 -0.36551732 0.007769137 0.38488886 -0.6158876 -0.5007832 1.2295429 0.96884364 0.08948794
18 0.2376369 -0.09851048 0.7275213 0.38463068 1.3895814 -0.84986717 -0.33960894 0.61060005
4 -0.45318377 0.23064728 0.34105512 -0.55629885 -0.41352543 1.0284281 0.91844106 0.10363506
27 -0.10519331 0.26759967 0.16346878 -0.8201059 -0.026444193 1.2243903 1.0240055 -0.01568368
46 -0.3763343 0.56281126 1.0565201 0.12646559 -0.2513101 0.4106447 -0.41136003 -0.23459733
44 -0.022482818 -0.60570085 0.27101576 -0.8549149 0.2354725 0.9183392 1.0137348 0.26117623
38 -0.1255416 -0.35213357 0.2725825 0.032522995 -0.5484834 1.2930048 1.2759852 0.120812826
20 -0.18719329 -0.0795511 0.01830167 0.2680193 -0.18726459 1.1480416 1.3228748 0.22778837
31 0.018473726 -0.8371124 0.12191737 -1.1597719 0.91610444 0.2818373 0.9759347 0.675869
23 0.53091407 0.24429323 0.7941881 1.4513718 0.85971797 -0.05179037 -0.44841018 -0.04517371
47 -0.302941 -0.15689114 0.25580335 -0.6979305 -0.35437298 1.2297888 1.2106744 0.114007115
13 0.29752788 -0.10416588 0.22350813 0.3278146 2.0453224 -0.7613253 -0.1771317 0.85450214
39 -0.04334488 -0.44890106 -0.01824389 -0.6171006 0.3111621 1.0390915 1.2795843 0.32115155
21 -0.061311163 0.070905894 1.0070931 1.3688158 0.66344804 -0.29121706 -1.1383893 0.5194391
10 -0.3137213 0.2672664 0.6502288 0.9198098 0.526491 -0.27121118 -0.33460963 0.61613524
34 -0.18893713 -0.32327017 0.3444619 -0.02249552 -0.5318 1.3901316 0.9899106 0.035902042
40 0.09419421 -0.5914438 0.08294629 -0.38611105 0.33358687 0.62548935 1.2409991 0.5621289
22 0.056332983 0.4631981 1.3718841 0.9388279 0.49643046 -0.6668387 -1.180035 0.27692768
9 0.19386339 0.78146535 1.0111932 -0.017700953 -0.8107289 0.6986378 0.09234145 -0.16599083
24 0.17222916 0.49062848 0.8551657 0.832643 1.1000079 -0.85537577 -0.5638825 0.545394
33 -0.039281696 0.4909671 1.206095 1.2078747 0.555225 -0.60158545 -1.0205498 0.31233433
29 0.26640105 -0.23297194 -0.028884277 0.25815046 0.72449946 0.5569887 0.96261895 0.38677529
48 0.05976152 -0.68602276 -0.052784078 -0.77699345 0.43298337 0.97437555 1.3985322 0.40204725
14 0.1794192 0.75756216 0.81561893 1.1266912 -0.7218578 0.7681027 -0.2346904 0.23843928
19 0.1756633 0.39008904 1.0805086 1.0061774 0.71174634 -0.33476156 -1.012282 0.24582247
15 0.046473205 0.832185 1.1285214 0.5721672 0.8235559 -0.7770902 -0.8532765 0.24998996
35 -0.029948808 0.40152353 1.3705971 0.39403415 0.83488697 -1.1695651 -0.9607477 0.40263307
0 -0.050869495 0.6294323 1.0778828 0.557859 0.83273286 -0.5838357 -1.0352689 0.27305603
5 -0.0027658925 0.9047513 1.017981 0.14847681 -0.11278419 0.11262681 -0.6295665 0.1915216
42 -0.3504449 0.11875315 0.64065665 -1.0186008 0.2926793 0.014749994 0.11868056 0.5685261
2 0.28208235 0.3168356 1.1320026 0.88248426 0.99734956 -0.89050364 -0.9255357 0.5009359
17 -0.64142406 0.12750615 0.7941818 -1.3079658 -0.058884483 0.23688494 0.38238057 0.15881328
11 -0.1003545 0.61105496 0.80656695 -0.30004728 -1.0011837 1.3165491 0.32815695 -0.25791377
8 0.024946041 -0.7149562 0.08319494 -0.74735403 1.4290186 -0.04270962 0.75516105 0.60235095
7 0.19348635 0.07211723 0.6140725 0.4547845 1.4247682 -0.8287466 -0.34841168 0.7808605
32 0.077628955 0.5406249 1.2204837 0.90006745 0.73463583 -0.98337793 -1.0111995 0.6192042
37 -0.13307571 0.121477306 1.3216279 1.0448127 0.14492775 -0.52648026 -1.0931406 0.56129974
3 0.38677016 0.6822699 1.1023623 1.6421565 0.64281267 -0.39454123 -1.0469159 0.29333383
30 0.32758683 0.20135622 0.82719535 -0.7683139 1.0962762 -0.7951798 0.13063084 0.3182198
12 0.3665763 0.5629278 0.88487124 1.2454165 1.5216469 -0.8917451 -1.1317276 0.6592804
