50 8
28 -0.84583753 -0.12267766 0.60130435 -0.5853097 -0.011252203 0.7099888 0.8005111 0.078917526
38 -0.6616236 -0.0600979 0.5033876 -0.7319879 0.22254924 1.0587963 0.80846435 0.08325919
1 -0.39099768 -0.04090774 0.61906636 -0.5177062 0.06941152 0.8155323 0.4126834 0.075877555
41 -0.5548665 -0.08708346 0.6346519 -0.6883327 0.06798762 1.0201652 0.6923539 -0.09008406
49 -0.49158716 -0.10212203 0.5734387 -0.83631647 -0.16657108 0.870686 0.68381774 0.34663233
34 -0.68452257 -0.21397908 0.76363206 -0.85126024 -0.16390347 0.9354139 0.7189996 -0.031214528
26 -0.85025924 -0.35939664 0.28083134 0.46814838 0.6016556 0.41866133 0.47505322 0.17563687
17 -0.47409686 -0.12904094 0.6426574 -0.7363772 0.007062488 0.87441725 0.64218736 0.12078257
20 -0.49421135 -0.007175631 0.54928815 -0.8574488 -0.2714974 0.70279306 0.7059384 0.3529353
6 -0.8503883 -0.044014767 0.4929735 -0.43539202 0.39269787 0.94427675 0.7941491 -0.094612196
42 -0.61801064 -0.03324394 0.6712633 -0.58063364 0.5857514 0.8409752 0.6754538 0.028416596
14 1.1731795 0.9610434 0.3773874 0.067020915 -0.81299883 0.05883496 -0.6743672 0.61708426
43 -0.8598466 -0.20578898 0.5725329 -0.62629485 0.43841907 1.1558428 0.99521935 -0.09921073
29 -0.43228945 0.0650517 0.51818943 -0.44285977 0.18870988 0.7531463 0.36773643 0.04359989
36 -0.68141866 0.05501261 0.5742764 -0.9415423 0.08141625 1.2279345 0.80610037 -0.118577525
27 -0.48220813 -0.12863117 0.7046416 -0.7214555 0.33999512 0.94335335 0.74468464 0.14743727
40 -1.0882183 -0.37499657 0.4108964 0.3771145 0.66367006 0.62542313 0.6568442 -0.16957784
10 0.44722587 0.5948634 -0.030185383 0.5536191 -0.19638456 -0.15193594 -0.35000744 1.0503839
39 -1.1011132 -0.12372807 0.32592633 0.38271332 0.8064101 0.6696549 0.5761963 -0.23915413
48 -0.6299337 0.006246238 0.7174816 -0.9038317 0.16198853 1.0789257 0.7525068 -0.16142233
23 0.4279455 0.6025369 0.56671345 0.527595 0.025028182 -0.1095943 -0.6545267 0.20247573
16 -0.24146013 0.050957296 0.6066548 -1.2126495 -0.60202706 1.0069509 0.64542645 0.37980446
44 -1.1942401 -0.43946847 0.7021929 -0.070638016 0.891137 0.76065195 0.79706633 -0.3321319
30 0.077249035 0.5918896 0.13456492 1.7938523 0.72364 -0.5291925 -0.8396835 0.35842514
47 -0.8189452 -0.19808163 0.6978679 -0.75862896 0.26350692 1.1572372 0.9145042 -0.22429259
9 -0.037851363 0.01911215 0.6444146 -1.0568796 -0.62626445 0.91537464 0.67087823 0.30909714
5 0.9632123 1.0175047 0.14705417 0.2288196 -0.38877195 0.21808891 -0.4446768 0.65512896
45 -1.2674944 -0.16952929 0.55577123 -0.1438136 0.48733053 0.7817374 0.792919 -0.35230502
46 -0.024616169 0.2320192 0.6898139 -1.0865661 -0.38340905 0.8464173 0.35819867 0.26211292
11 0.17106459 0.04121288 0.84689677 -1.5721723 -1.011604 1.0606507 0.51299053 0.38472408
4 0.19833997 0.324166 0.5775353 -1.2292323 -1.1845565 0.7062926 0.37837282 0.5292219
31 -1.2409463 -0.31355357 0.4411659 -0.17164794 0.7404651 0.90580106 0.82152826 -0.11355876
32 0.5921951 0.788557 0.23178402 1.5525999 -0.6403258 -0.7263411 -1.0702127 0.6377339
22 0.6771585 0.7056517 0.26831838 1.5205187 -0.7219657 -0.7204294 -1.077222 0.78830904
33 0.4708761 0.66745 0.22780167 1.7882677 -0.6154129 -0.9257155 -1.0386666 0.6535995
19 0.53925574 0.7376364 0.27857012 1.6063973 -0.2699748 -0.8212722 -1.0231979 0.7222021
21 0.47710544 0.57841873 0.19009618 1.6597755 -0.39662743 -0.5994835 -1.104698 0.6138498
18 0.043248214 0.6058356 0.22737658 1.9319023 0.71824926 -0.68577504 -0.9221184 0.36773127
13 0.1506461 0.5245986 0.055313613 1.8833596 0.54024875 -0.7134323 -0.94543034 0.7232367
7 0.2286546 0.3440107 0.2184873 1.7404404 0.3532335 -0.8903183 -0.78053033 0.8746294
12 0.059483502 0.67830133 0.30163914 1.755893 0.53251135 -0.7865406 -0.92257184 0.3798919
0 0.4412085 0.56556296 0.22896697 1.8579348 -0.26237056 -0.8245165 -1.115863 0.6836113
24 0.7700167 0.7607285 0.31652942 1.6638268 -0.617798 -0.90108216 -1.3352959 0.87192225
15 0.50379366 0.80929005 0.15772733 1.7998915 -0.47552562 -0.755306 -1.114009 0.6435656
3 0.63473314 0.7508325 0.22783485 1.807336 -0.25226268 -0.72301996 -1.0999386 0.66962457
35 0.7079287 0.6709061 0.54422235 1.6583633 -0.63011456 -1.0354812 -1.2516923 0.63766485
37 0.97853744 0.7631422 0.32110098 1.4299845 -0.927396 -0.921948 -1.0823568 0.9310875
25 0.8429668 0.41791028 0.3942263 -0.32236794 -0.36246535 0.7463194 -0.24466942 0.5090499
2 0.4772885 0.786061 0.24962762 1.8735634 -0.50895786 -0.80429393 -1.2005428 0.49578238
8 -0.9255323 -0.4339574 0.11586295 0.908369 0.84136534 0.3038505 0.33616838 0.30714938
