50 8
1 0.048777297 0.578086 0.030320693 0.4595569 -0.24803899 -0.6515859 0.09209438 -0.65009457
17 -0.29725772 0.48328388 0.24291894 0.4271788 -0.3377255 -0.18529308 -0.211383 -0.5926434
6 -0.5173915 0.2911329 0.3330991 0.47145286 -0.75345176 -0.7353475 -0.36402777 -1.154088
20 -0.50780964 0.19618988 0.6412103 0.05317719 -0.81736904 -0.8487245 -0.4002395 -0.7629193
16 -0.68504494 0.50563574 0.6328467 -0.0021155493 -0.9376836 -0.43127704 -0.2738247 -1.0608062
28 -0.5239169 0.517172 0.52457196 0.15154815 -1.1486216 -0.7689847 -0.2916867 -1.3907231
43 -0.66789556 0.522451 0.30622917 0.32795233 -0.9888003 -0.6834031 -0.5000715 -1.3931952
26 -0.4067963 0.544463 0.24895026 0.29347664 -0.62406856 -0.9048551 -0.40977684 -1.0870085
47 -0.6427149 0.4948584 0.32114106 0.32466325 -1.021517 -0.69228375 -0.4992241 -1.3966016
44 -0.37178123 0.6151183 0.19651574 0.2569678 -0.53212535 -1.0643988 -0.6445286 -1.2080497
10 0.59882873 0.4338211 -0.09603203 0.85986036 0.46983933 0.60312074 0.56878257 1.3230404
42 -0.31291994 0.7773121 0.050292067 0.47193766 -0.2755793 -0.59078985 -0.1041169 -1.1277659
14 0.26527014 0.1565586 0.34288388 0.24765041 -0.08185417 0.80120444 0.21873541 1.8327711
31 -0.43381563 0.5377559 0.09210634 0.29466292 -0.882111 -1.1144016 -0.47870734 -1.2363545
4 -0.7795928 0.37452632 0.6291942 0.025835037 -1.0731637 -0.4764191 -0.3443739 -0.9317375
39 -0.47502875 0.7717216 -0.058153916 0.5149689 -0.5778702 -1.0926636 -0.31658342 -1.4380978
45 -0.42847657 0.6765084 0.42152014 0.35572207 -0.65250564 -0.46426702 -0.028017629 -1.329529
36 -0.5222379 0.5127414 0.33010897 0.10142273 -1.2091005 -0.6895109 -0.27798322 -1.1651049
41 -0.64136016 0.51981056 0.5657004 0.03719351 -1.0397286 -0.78887653 -0.43651852 -1.3091283
27 -0.5997659 0.33671376 0.5657969 0.1559448 -1.2075319 -0.9074506 -0.547604 -1.3183882
30 1.0867364 0.50131613 -0.15339611 0.8669613 0.6898729 -0.26229832 0.9025867 0.83386844
38 -0.43762717 0.5851123 0.3721561 0.09344607 -0.93913376 -0.7838998 -0.3094635 -1.0710903
49 -0.8016343 0.42488995 0.64046735 0.07401437 -1.2511063 -0.30746308 -0.43617445 -1.1663517
18 0.7464058 0.40178528 0.05158673 0.7758247 0.8545154 0.08367924 0.7883721 1.3316277
34 -0.7522978 0.36586577 0.7646548 -0.12204138 -0.8603024 -0.6360376 -0.46980748 -0.9109587
48 -0.1843195 0.5017502 -0.04561847 0.45945296 -0.73654425 -1.0271397 -0.19216374 -0.94746697
19 0.8691746 0.2494977 0.06640082 0.9073224 0.8179308 0.5226562 0.33489102 1.6555923
46 0.11704172 -0.21427366 0.47231328 0.34480503 -0.51554126 0.18848512 0.18950942 1.021087
40 -0.2303452 0.9589761 0.09993151 0.13616714 -0.09232437 -0.8601 -0.5075586 -0.9660281
8 0.27386215 0.78271765 -0.34686148 0.7596776 0.30778617 -1.2855706 -0.19784908 -0.8324
7 0.74002826 0.38499925 0.004874053 0.7586019 0.7605874 0.62519103 0.18305162 1.7760625
12 0.8537221 0.21728285 0.027245723 0.9184548 0.7225293 -0.06510766 0.3908132 1.0944221
21 0.50064784 0.19555636 0.36285704 0.4596554 0.67590535 0.68374777 0.102586634 2.2288184
37 0.4406363 0.11555954 0.5939014 0.36327434 0.6340514 0.75666654 0.0660318 1.9968213
0 0.6126323 0.33285323 0.3376394 0.56530434 0.824436 0.73272663 0.33790532 1.9177634
33 0.5020641 0.33453465 0.57553923 0.35281795 0.91812253 0.80666524 0.3638566 2.0515385
24 0.6551731 0.47079995 0.12505604 0.68620294 0.98636043 0.7087241 0.18601161 1.8716012
2 0.82084763 0.44184294 0.164394 0.7425277 1.0305244 0.6117441 0.33022457 1.8282565
23 0.7517043 0.08479569 0.05421491 0.93647414 0.68895584 0.10040016 0.6237015 1.2221992
3 0.66664433 0.37326247 0.20913747 0.68814427 0.87170964 0.78710395 0.4227165 1.9831464
15 0.67478794 0.26222503 0.19040883 0.74445075 0.5262841 0.6217076 0.54668343 1.7007601
5 0.22258703 -0.3254212 0.57431537 0.41897854 -0.7089326 0.6221234 0.34600312 1.0987579
29 -0.27791736 0.36572355 0.36118966 0.0077394135 -0.6604596 -0.53163695 -0.14239515 -0.12094685
35 0.71578544 0.20681167 0.22241926 0.67974436 0.84066844 0.43186614 0.27796838 1.9562404
9 -0.9224713 0.13569805 0.9621882 -0.2674103 -1.2293189 -0.029728085 -0.6010832 -0.36511543
32 0.77315336 0.32370266 0.34049073 0.5812133 0.8289641 0.66062576 0.6106997 2.1365488
22 0.28148466 0.12322904 0.56969875 0.53932214 0.6771254 1.1231253 0.324294 2.0180047
13 0.7130443 0.21961015 0.3441324 0.6928017 0.8874534 0.68796194 0.53561085 2.2641902
25 0.27533296 -0.08334667 0.7083849 -0.4148098 -1.126554 0.5237833 -0.18780912 1.5275469
11 -1.0878233 0.049460888 0.89817405 -0.14696352 -1.3542229 0.34622517 -0.78300226 -0.37711704
