50 8
42 -0.49230444 0.1695717 0.437258 0.022825414 1.010883 0.32109046 0.08573007 0.5875784
36 -0.42580664 0.4304898 0.58603144 -0.16799575 0.103909925 1.1393144 0.79725736 -0.2779636
23 0.3081833 0.33861852 0.75730824 0.7954855 -0.24866067 0.09537746 -0.5479017 0.19505726
46 -0.31040335 0.57250804 0.8413117 0.99712366 -0.50459033 -0.2871698 -0.7033588 0.61394525
26 -0.3462318 -0.19695207 0.2528329 0.32245097 0.9509666 0.21062881 0.11928052 0.72100914
17 -0.9110295 0.46077263 0.64027965 0.06549621 -0.17410591 0.5056089 -0.002653886 0.65511334
29 -0.20355731 -0.16380337 0.291153 0.18849844 1.1117541 0.30193004 0.04294897 0.60911214
15 -0.65430397 0.5018654 0.76635367 0.17141125 0.49424797 -0.07428812 0.051500004 0.7354731
40 0.2301536 0.09077514 -0.1583821 0.15856656 1.7818383 0.68734175 0.09854034 0.02865462
6 -0.07456804 -0.06343642 0.372734 0.037964758 1.3497953 0.51191634 -0.11131 0.25363192
43 -0.11156905 0.18085098 0.3872678 -0.04722702 1.0061166 0.6999406 0.49178067 0.04642848
10 -0.80221117 0.25853232 0.18239152 0.66925186 0.104789756 0.010012196 -0.50294715 1.2146502
19 -0.3726819 0.45202112 0.6820615 0.44019476 0.9053104 -0.5750128 -0.31154427 1.0817058
0 -0.43301487 0.50150007 0.40948308 1.2048551 -0.07805282 -0.46482646 -0.6980396 0.96697813
28 -0.15572943 0.08335025 0.43708187 -0.35805044 0.53081775 1.115259 0.8181775 0.050002433
24 -0.5063983 0.24811031 0.6090972 0.34536478 1.1471739 -0.38752913 -0.43183407 0.994223
16 -0.43166533 0.19541167 0.76643145 -0.31718686 0.25307336 0.65012544 0.113082446 0.5756724
27 -0.13802795 0.17147999 0.5082028 -0.5101416 0.49875262 1.1542759 0.91958445 0.04844549
18 0.5612966 -0.35833648 0.1606806 1.0792972 0.6977688 -0.29353383 -0.50550413 0.80869925
7 -0.20511542 0.34973982 0.49710658 0.54719377 0.8757965 -0.56709594 -0.3042089 1.1348153
12 -0.5185946 0.43013096 0.4130314 0.7234199 0.7747041 -0.42593253 -0.41505963 0.93588626
41 0.28693193 0.23760428 0.23440814 -0.24926078 0.42817238 1.6084026 0.95338225 -0.6937821
49 -0.49226263 0.47024837 0.80806816 0.013285402 -0.66984886 0.8959834 0.37371665 0.10881181
13 1.0471747 -0.14490052 0.16315174 0.9490353 0.9454791 -0.21512605 -0.54196775 0.5697593
20 -0.56391317 -0.17589295 0.63814926 -0.18079765 0.16195637 0.5750481 0.3832254 0.81506455
25 1.5203307 -0.22628853 0.0799733 0.6996373 0.17994982 0.8332182 0.021744821 -0.25196508
30 0.15343848 0.38425878 0.29200786 1.2386547 0.3676339 -0.42533445 -0.7767028 0.7292403
4 0.26233304 0.10079584 0.99065924 0.07804733 -1.3137194 1.0965918 0.61189973 -0.08515486
1 -0.22748595 -0.20210335 0.17922743 -0.28069425 1.2424225 0.9333222 0.3813654 0.31276193
8 0.17369545 -0.46365097 -0.22716144 0.65406835 1.3549268 0.2436839 -0.4704429 0.776205
2 0.32724094 0.52896106 0.7655938 0.8197279 0.32294422 -0.327104 -0.49488246 0.32859492
31 -0.24223994 0.3751753 0.012363921 -0.12896942 1.4960848 0.7905373 0.4853916 0.10331448
21 0.29405302 0.09224411 0.1933785 1.630522 -0.42385578 -0.16775243 -1.0440313 0.60866284
44 0.60805696 -0.40879 -0.06254674 -0.19638717 1.3987333 1.117984 0.8657157 -0.032591067
3 0.9219062 0.14968969 0.23818159 1.7368 -0.14749727 -0.32244202 -0.9974781 0.31020978
14 0.8683612 0.53083235 0.24157983 1.167357 -1.7049164 1.0204054 0.22758989 -0.42110014
5 0.013708723 0.49017453 0.79005826 0.640195 -1.5897753 0.6566068 0.40360683 0.1444854
45 -0.28510642 -0.00068712863 0.5866571 -0.7037354 0.45855784 1.3912508 0.89993346 0.0079275705
9 0.1880726 0.6080617 0.9532056 0.4823187 -1.6025883 0.9863795 0.6106613 -0.40517044
48 0.45759207 -0.15254425 -0.029954802 -0.13578752 0.648335 1.409584 1.1347746 -0.2552621
11 0.51105416 0.3079366 0.65310186 1.0562437 -1.6304014 0.7272612 0.017185705 -0.1920332
33 0.5924714 -0.18907996 0.21480544 1.7205827 -1.4477022 0.14724858 -0.36374813 0.5636353
39 0.359843 -0.123490274 0.052135807 -0.5645817 1.1127492 1.5607263 1.4706581 -0.289449
38 0.03779803 0.10088323 0.254144 -0.20194556 -0.35112104 1.9345278 1.1186125 -0.6806899
35 0.89038503 -0.06660703 0.12929682 1.5825047 -1.2052196 0.50748366 -0.18240948 -0.043210346
32 0.7874322 0.2521548 0.030086419 1.7146475 -0.94226265 0.24392587 -0.4996892 0.1456375
34 0.0997258 0.22491512 0.3531477 -0.25820974 -0.530643 1.8897917 0.86626744 -0.6053997
22 0.8683563 -0.036806963 0.24649729 1.6914407 -1.275221 0.11522459 -0.44115576 0.42320225
47 -0.13022564 0.39694417 0.29517385 -0.27923054 0.1756543 1.5601538 1.1464223 -0.52689683
37 1.2415819 -0.3640939 0.448439 1.83046 -1.1494782 -0.13586348 -0.4025206 0.37827545
