50 8
43 -0.15771356 -1.1946665 0.006731815 -0.0873256 -0.84291905 -0.44751352 0.29540974 -0.11706708
1 -0.2907787 -0.7694004 -0.68806875 -0.25693786 -0.5276219 -0.31815 -0.16857569 0.6515988
39 -0.1768944 -0.40535173 0.581458 -0.10251881 0.30572835 -0.13311827 0.38039905 0.31436414
6 -0.2650104 -0.853596 -0.20307784 -0.41701162 -0.53514516 -0.52773607 0.2940699 -0.069703
28 -0.09046082 -1.1958573 0.15371333 -0.33560178 -0.90524834 -0.414257 0.21718253 -0.16505308
42 -0.18633606 -1.1339096 -0.06530473 -0.3725039 -0.96257246 -0.40806317 -0.07254998 0.18146442
36 -0.33763286 -0.9410211 -0.7130078 -0.29969618 -0.8549287 -0.49780202 -0.1624843 0.5693892
17 -0.7249419 -0.46470025 -0.71126115 0.06993492 0.16526674 0.52641886 -0.1196709 0.5965119
49 -0.7260252 -0.9962064 -0.9383578 0.049413305 -0.7151168 -0.10537639 -0.57994825 0.7814726
29 -0.24755391 -0.74200946 0.20759721 -0.53316766 -0.46825764 -0.61349535 0.37220073 -0.13424799
18 0.40660524 0.054352514 0.8106539 -0.4980357 1.4634541 0.49364975 1.0929304 -0.25337318
19 0.0918281 0.1185901 0.824686 -0.3850055 1.2832432 0.21752131 0.77895224 0.246185
27 -0.3852663 -0.9122325 -0.9004144 -0.22366245 -0.6653228 -0.50839883 -0.3412328 0.6368523
40 -0.044598587 -0.8128231 0.5738754 -0.40356356 -0.34422275 -0.48902795 0.57223535 -0.30917373
45 -0.20690908 -0.82765317 -0.37965256 -0.47503814 -0.69834596 -0.4306628 -0.057062827 0.51091677
16 -0.47183752 -0.8667762 -0.32425988 -0.11646486 -0.3194822 0.32164884 -0.57467806 0.5733202
26 -0.18611453 -1.1004472 0.6080501 -0.13987093 -0.45356417 -0.39499196 0.3899542 -0.4363988
20 -0.2953639 -1.096444 -0.79655296 0.0010477453 -0.77708155 -0.5975841 0.20741703 0.14541969
44 0.18997571 -1.2410415 0.17726713 -0.31302673 -0.50883245 -0.14435202 0.13884746 -0.38771164
47 -0.50280565 -0.92793125 -0.9158587 -0.3361543 -0.8074505 -0.28561613 -0.5197802 0.7024479
31 0.04334012 -1.1674755 0.71684676 -0.2108348 -0.55575365 -0.4847954 0.64717394 -0.6150896
25 -0.36012867 -0.64849204 -0.5242995 -0.40621176 -0.39448696 -0.47069347 -0.2554133 0.6693691
10 -0.004453443 -1.0728711 0.32761183 -0.024614187 -0.5494015 -0.48162717 0.69886404 -0.32284302
14 -0.35837415 0.43816674 -0.99885523 0.12929769 1.6965916 0.71581835 0.24564753 1.1838968
38 -0.6655322 -0.9131205 -1.1082114 -0.014199411 -0.5688548 -0.35620534 -0.41820136 0.68518764
4 -0.51425654 -1.1064849 -1.0844721 0.12165517 -0.57951903 -0.040752552 -0.6134544 0.69924474
34 -0.82355255 -0.9928941 -1.0764284 0.22094028 -0.36400068 0.21669461 -0.9055165 0.8700331
9 -0.7928923 -0.58377266 -1.1640494 0.013904133 0.27471578 0.7964512 -0.7778862 0.7739941
41 -0.51383406 -0.9378613 -1.1338861 0.058986563 -0.49888012 0.26871583 -0.7503051 1.0747012
7 0.4312921 -0.18398838 1.1533273 -0.7211321 0.6897569 -0.37948212 1.3193544 -0.4645598
15 0.11215854 0.106952 0.8893646 -0.88323116 0.5180704 -0.85007244 0.9716046 0.16252784
23 -0.028924536 0.5326069 0.6850625 -0.45749986 2.1599398 0.74134284 0.57192 0.5110176
46 -0.9816494 -0.79698616 -1.0615767 0.13642782 -0.45319554 0.008042106 -0.62030166 0.9442908
12 0.3861798 -0.00831269 1.2593447 -0.816349 0.93476623 -0.37369037 1.0232031 -0.19643569
21 0.31650305 0.21565863 0.910226 0.003635005 2.4823437 0.8680672 1.0995421 -0.10591572
24 0.078627326 0.38603395 1.1305382 -0.34234348 2.2807603 0.82870394 0.9830666 0.028669504
13 0.31382927 -0.0030335137 0.5266794 -0.9275432 1.0290403 -0.2629286 1.1904444 -0.6754939
0 0.040588994 0.39396903 1.1073087 -0.28164116 2.4055622 1.1055175 0.86265254 -0.041191325
11 -0.6935793 -0.8746229 -1.3030276 0.32892635 -0.06327636 0.5833441 -0.87069464 1.0435193
3 0.2723905 0.38574883 1.0977725 -0.4626974 2.605848 1.0615356 0.8183488 -0.11987722
5 -0.6743875 -1.0906199 -1.0826733 0.07828672 -0.6681935 0.06492027 -0.75039005 0.7111516
30 0.26539454 0.23594736 0.7009253 -0.24069399 2.197688 1.3683742 0.6956583 0.07293078
33 -0.0069683273 0.56365734 0.3901853 -0.19548583 2.807448 1.4000034 0.76919913 0.14124654
2 0.14150819 0.35355687 1.2352675 -0.31438732 2.5449214 1.1345747 0.75263643 0.019986453
48 -0.65937275 -0.7753577 -0.95726085 0.05260706 -0.6104652 -0.31651723 -0.010413891 0.6478874
22 0.21617873 0.777781 0.7111718 -0.61633456 2.537133 0.8869974 1.0030098 0.38657996
8 0.36621997 -0.4145235 0.6721493 -1.0341111 -0.14537817 -0.9953324 1.1900196 -0.50215316
35 0.07778778 0.6007108 0.78437936 -0.09390422 2.902185 1.3989933 1.0709269 0.08679483
32 0.10147031 0.4321321 0.26507112 0.074524164 2.8029168 1.452247 0.60692793 0.37934762
37 0.01243134 0.8308465 0.2839027 -0.15813477 3.1397755 1.2461656 0.8488005 0.5105278
