50 8
23 -0.55747724 0.20048396 0.34178367 0.5857611 -0.0085262405 -0.4950386 0.39886963 -0.2402101
42 -0.3511262 0.22856192 -0.06994173 0.5572788 -0.40550613 -0.91096085 -0.4120691 -0.25727677
26 -0.41152838 0.09852363 0.1254143 0.49313065 -0.54575163 -0.72891265 -0.49362 -0.34677425
20 -0.22647157 0.24514352 0.059485104 0.60133636 -0.32684255 -0.9182284 -0.13624026 -0.30832434
1 -0.5501636 0.40710884 0.06740804 0.7902571 -0.2805641 -0.39325255 0.14701444 -0.96260035
29 -0.10922709 0.27513048 0.31849188 0.37267318 0.030317152 -0.7863268 0.07153229 0.6378732
45 -0.06346139 0.3284546 -0.38354865 0.7615886 -0.38557568 -1.127668 -0.34896952 -0.0033132283
28 -0.47348338 0.3864065 0.23986901 0.6061325 -0.5165472 -0.5096328 0.043711796 -0.9372147
43 -0.49003106 0.18477848 -0.025027495 0.6289852 -0.60987926 -1.0166459 -0.14814427 -0.7307428
6 -0.067054465 0.33490658 -0.19255748 0.6080495 -0.46034822 -1.3882608 0.014328672 -0.07210588
27 -0.6585617 0.528754 -0.06408872 0.8140712 -0.36034626 0.04554277 -0.19870724 -0.9976907
49 -0.78058815 0.2838951 0.002921028 0.8256828 -0.43261355 -0.2704553 -0.122542664 -1.2525152
24 -0.6130843 0.34635898 -0.040194742 0.75309455 -0.023849145 -0.5210538 0.26443052 -0.35162142
10 0.17933807 0.48779583 0.57720554 0.34813923 -0.028994413 -0.37933132 0.08026133 0.6383046
19 0.26923206 0.2997989 0.30613533 0.5218229 0.16915278 -0.21809117 -0.42324376 1.5614595
38 -0.6295003 0.6554998 0.4345063 0.38011575 -0.10183636 0.4338484 -0.39981112 -0.6399677
36 -0.7387165 0.41322485 -0.012655522 0.8481762 -0.3841062 -0.090979815 -0.07408642 -1.1712883
9 -0.6106545 0.5187099 1.1439905 0.25373012 0.30681208 1.1935997 -0.043613277 0.11850821
18 0.24047887 0.27942145 0.29004478 0.40704352 0.22607327 -0.62742466 -0.2205467 1.8384724
34 -0.5446289 0.50881875 0.6043634 0.5336055 -0.26562265 0.21424258 0.19121842 -0.9230456
16 -0.6073144 0.437222 0.3808666 0.54196715 -0.41795278 -0.16360173 -0.06524488 -1.2858443
31 -0.11173789 0.04753205 -0.07216028 0.67821306 -0.41957435 -1.1855359 -0.33633417 -0.04835782
39 -0.5988265 0.1418211 -0.23064633 0.68786764 -0.36183783 -0.9312596 -0.4486817 -0.61872745
4 -0.83889043 0.2672118 0.78867054 0.42636824 -0.21131022 0.5133955 -0.078319065 -0.93547267
13 0.31517136 0.24521068 0.24682933 0.49533027 -0.030457659 -0.939641 0.11210183 1.3773319
46 -0.6316619 0.32145122 0.26235306 0.68334734 -0.38614807 -0.10573008 0.05866484 -0.9264085
40 -0.15137534 0.119150445 0.18378079 0.28958565 -0.07875119 -1.22106 -0.35505086 0.421878
25 -0.12998506 0.45428464 0.35967454 0.42085883 -0.011629636 0.28999823 -0.52190304 0.9312324
11 -0.83274704 0.37823296 0.93775034 0.43291193 0.061383754 1.047623 -0.32475755 -0.8546315
8 0.5607565 0.3778605 0.13919638 0.3355705 -0.40434062 -1.4728854 -0.13451907 0.96438336
12 0.31677487 0.53085023 0.7168052 0.27900296 0.4929382 0.124399066 -0.3015779 1.7737406
15 0.16030274 0.16781251 0.3797263 0.45373455 0.15129738 -0.58853376 -0.14717144 1.3505049
17 -0.7117467 0.23505428 0.18685357 0.6555444 -0.58006614 -0.562377 -0.099275425 -1.5380926
41 -0.82157207 0.5841041 0.29856992 0.7161163 -0.20821537 0.32834587 0.09663609 -1.2645487
44 -0.006103443 0.18183614 -0.042320967 0.39319643 -0.5127096 -1.2714651 -0.5654535 0.26345187
5 -0.7752945 0.52876794 0.8379369 0.5334648 -0.077428415 0.8621592 0.029499255 -1.2041681
3 0.2349036 0.69115305 1.2404363 0.09029417 0.7914883 0.8893542 -0.3031867 1.7534112
7 0.6097324 0.49033707 0.15488306 0.48890254 0.09036484 -0.8508919 -0.11715077 1.6663277
30 0.26045325 0.2886557 0.12319301 0.57908106 0.08310149 -0.48090217 -0.5109948 1.4703078
2 0.29393208 0.4073593 1.2053704 0.063342154 0.45038638 0.44289836 -0.39047748 1.8327991
22 -0.08722522 0.17473447 1.3445231 0.22406901 0.84537405 0.95073724 -0.37704834 1.7162876
21 0.27257624 0.4208444 1.2036608 0.0063975723 0.63699 0.38975364 -0.37698233 2.0739627
35 -0.306102 0.554866 1.3451371 0.07690143 0.69796616 1.200644 -0.19382489 1.0254285
47 -1.0420359 0.085559234 -0.029586727 0.8145758 -0.59540844 -0.36856022 -0.18833387 -1.3952088
33 0.11134595 0.50534195 1.4568336 -0.14776419 0.80082375 0.623728 -0.35284796 1.7119073
14 -0.416072 0.56629014 1.3796288 0.18391614 0.7467971 1.7052712 -0.42323127 0.7623489
0 0.18131927 0.26934403 1.3998958 -0.0066326526 0.7433838 0.3943492 -0.18754357 2.2023194
32 0.114214145 0.43475008 1.2560669 0.05084177 0.81883633 0.8121199 -0.5710723 2.2545314
37 -0.046193503 0.59782565 1.4130692 0.18047947 0.82880515 1.3228974 -0.0695169 1.6492698
48 -0.4997391 0.35937175 0.3083043 0.6269944 -0.55888057 -0.14883353 -0.32438794 -1.2734772
