50 8
1 -0.42890137 -0.06813143 0.5152311 -0.068682425 -0.2680347 0.76920635 0.34584484 0.2726331
36 -0.6965553 -0.27259254 0.32297745 -0.75667846 0.63671046 1.0280627 0.63769114 0.24813704
28 -0.70713484 -0.24406898 0.45948413 -0.86977845 0.60873294 0.71080023 0.75279814 0.44191822
14 0.3419319 0.50048953 0.59723926 0.993375 -0.92500687 0.5174102 -0.37071714 0.023873987
43 -0.5451324 -0.23451434 0.17323641 -0.8112345 0.8898847 1.06571 0.7243433 0.36175808
17 -0.64550006 -0.22463155 0.5597424 -0.68732184 0.030021772 1.021653 0.63530034 0.26832744
27 -0.53207415 -0.12107753 0.2516611 -0.87364954 0.31940156 1.0047542 1.0655854 0.591459
19 0.44902864 0.84237766 0.7633749 1.396628 -0.7689882 -0.13854621 -0.8370333 0.1236256
25 0.6085534 0.42134434 0.55003846 0.90975106 -0.4113275 0.46397945 -0.054759204 -0.05138192
45 -0.6274659 -0.31476942 0.4047522 -1.0023234 0.84072226 0.9112175 0.76681834 0.26215258
4 -0.7551076 -0.09102404 0.5411154 -0.59365594 -0.14442928 0.8354202 0.5128247 0.43029246
41 -0.54212767 -0.377178 0.1661627 -0.46717915 0.7234014 1.3209131 0.857981 0.044158068
9 -0.050685927 0.039518192 0.80684453 0.14183262 -0.6001188 0.53177154 0.5992666 0.13704266
33 0.5515995 0.7835767 0.6866189 1.5008367 -0.712833 0.003649242 -0.7754353 0.020111108
7 0.76655865 0.83425224 0.47971702 0.95102936 0.32555822 -0.6898764 -0.48497456 0.6459279
44 -0.6721966 -0.4535402 0.33658034 -0.76844996 1.1016604 0.72925115 0.7595101 0.42716393
34 -0.55216783 -0.43267998 0.5077365 -0.56320834 0.3014395 1.0219162 0.5874573 0.1701744
20 -0.76243615 -0.27848625 0.5186303 -0.0006603409 -0.57531065 0.77713263 0.51353914 0.59938556
49 -0.77001345 -0.36290538 0.59064627 -0.63305616 -0.042361286 1.1923498 0.82162064 0.13664335
38 -0.5997654 0.017164899 0.49557763 -0.67972785 0.015914988 0.8339202 1.1679202 0.3293195
42 -0.46638927 -0.3060179 0.3089593 -0.7158878 1.2649661 0.60334617 0.363301 0.34534264
24 0.5421183 0.8297079 0.7137013 1.2915151 -0.4632896 -0.2211206 -1.0496408 0.123885654
23 0.7042133 0.4979245 0.6565348 1.1229032 0.5744139 -0.4047729 -1.0391095 -0.053523667
40 0.497205 0.077829055 0.056454275 0.18684858 1.6150031 -0.039035913 0.39991653 0.40346104
5 -0.44775212 0.54004794 0.51467955 0.3070389 -0.93152076 0.7595916 -0.38443518 0.09085787
29 -0.4274008 -0.0060747443 0.14144145 -0.22137061 1.0439359 0.43591443 0.46382302 0.34897164
15 0.6398728 0.91537863 0.782064 1.1090215 -0.41559985 -0.18355407 -0.74093294 -0.03060171
18 0.6714634 0.63522506 0.3420388 0.98369133 0.73950547 -0.4487436 -1.1442705 0.42074606
47 -0.58882767 -0.39299196 0.52923787 -0.6672406 0.34323397 1.1144632 0.61348146 0.008858868
6 -0.6056342 -0.2586089 0.27292192 -0.9555262 1.0503017 0.6436734 0.90839165 0.5701242
13 0.65627474 0.8940081 0.29408923 1.2729142 0.56810933 -0.50522566 -0.97074926 0.4044362
21 0.4892763 0.7187751 0.7838852 1.4819059 -0.39297226 -0.4413554 -1.0402715 0.14517154
30 0.8266851 0.71927893 0.51240736 0.9848282 0.90579534 -0.69661665 -0.633513 0.17470825
16 -0.58983594 -0.300682 0.34577367 -0.82316035 0.34704077 1.2517658 0.8313591 0.21513908
11 -0.40569246 0.0994121 0.65608364 0.05771266 -1.0979246 1.2267416 0.046608552 -0.047548715
48 -0.58427024 -0.24093042 0.061046734 -0.97783136 1.254915 0.99247277 0.8711527 0.49442
35 0.70447665 0.8906064 0.8086239 1.3660336 -0.46799725 -0.49732876 -0.7954418 0.28898025
31 -0.7053292 -0.38660184 0.12517431 -0.9518674 1.3635788 0.58779395 0.6419874 0.7615551
26 -0.388015 -0.14906627 0.45539644 -0.48732272 1.0387442 -0.19730197 0.92394114 0.7742588
39 -0.7148513 -0.35087422 0.18048984 -0.579108 1.0438652 0.8810018 0.71681213 0.32004973
22 0.6106799 0.8666773 0.6688563 1.4801164 -0.41339642 -0.46722946 -0.9302816 0.321192
10 -0.18741065 0.5527792 0.4683605 0.61099094 -0.58394295 0.12687935 -0.16882354 0.5324615
46 -0.021721844 0.48911968 0.5159009 0.13363315 -0.11831439 0.46942255 -0.014608092 0.0029947485
32 0.83177745 0.8216599 0.61367774 1.1954111 0.29741606 -0.39772433 -0.97529685 0.051861268
37 0.6988047 0.7569318 0.7604738 1.6168494 -0.39811197 -0.37455076 -0.9298566 0.09203102
2 0.821601 0.9739524 0.48885116 1.4315962 0.30303037 -0.43306974 -0.99481326 0.032520927
3 0.777834 0.7481764 0.5673764 1.3710432 0.6615879 -0.57470316 -1.2220767 0.039133098
8 -0.38601533 -0.17421363 0.19872093 -0.20416924 1.1556529 0.17179273 0.6446859 0.6221179
12 0.940764 0.8976701 0.52920353 1.4883616 0.5744385 -0.80819917 -0.8391337 0.24563526
0 0.85409474 0.8649876 0.60245895 1.3717824 0.42222267 -0.58609146 -1.1811309 0.1079425
