50 8
48 0.28070277 0.40256044 0.23538142 0.09797982 -0.5208686 -0.7960311 -0.52969 -0.24671072
43 -0.56032926 0.23316427 0.5668277 0.7387112 -0.5873782 -0.58619875 0.67756295 -0.33632007
1 -0.80089533 0.77006894 0.5521597 -0.23947051 -0.18267173 0.29313514 -0.30974165 -1.1339977
25 -0.072533906 0.5002115 0.28327203 -0.21278627 0.10207543 -0.1159635 -1.2547957 0.40912893
38 -0.6314857 0.57199126 0.7708649 0.31702048 -0.589063 -0.057462137 0.328486 -0.70422316
28 -0.428977 0.10856149 0.5160417 0.5700586 -0.7326448 -0.5158414 0.3467146 -1.0662862
36 -0.75732005 0.41008472 0.47501963 0.48143154 -0.29847488 0.026892094 0.17437832 -0.7771139
41 -0.7286604 0.5716197 0.48593113 0.5052301 -0.51705086 -0.032949988 0.43893278 -1.018665
6 -0.2996179 0.23046805 0.24954188 0.832013 -0.592971 -0.60111284 0.5305778 -1.0676099
27 -0.8483163 0.23006187 0.35853434 0.39206237 -0.586709 -0.15695566 0.17809089 -1.2109923
17 -0.21180755 0.01118512 0.082544036 -0.49442154 -0.1727078 -0.68381494 -1.2367008 -0.42667785
26 -0.10939879 0.077429086 0.3476884 0.96212214 -0.22792736 -0.9789894 0.6362101 -0.32819942
45 -0.6049282 0.32685617 -0.023579376 0.6523697 -0.6826564 -0.54249024 0.45508057 -1.4384756
18 0.16322969 -0.077106915 -0.13119566 1.2493079 0.4823059 -0.9169692 -0.28328016 1.2758167
49 -0.84381574 0.3442013 0.729217 0.08566213 -0.4104152 0.15091212 -0.06749742 -1.0650535
44 -0.45600238 0.076820716 -0.043333385 1.3066019 -0.33779517 -0.89727837 0.8894143 -0.38546437
16 -0.45882863 0.5173357 0.69506645 -0.5596636 -0.49290857 -0.16639501 -0.622118 -0.8567347
5 -0.30163348 0.7721048 0.5705383 -0.3691912 -0.014567195 0.26528725 -1.1089094 0.23054212
42 -0.6303704 0.1546502 -0.17939131 0.8092074 -0.25488874 -0.5936335 0.3373651 -0.9502133
20 0.01891985 0.16297397 0.5181003 0.083994895 -0.62528545 -0.7065423 -0.23474106 -1.0603282
19 0.20731531 0.27908215 0.33366767 -0.28741235 0.6709359 -0.07148705 -1.9128338 0.5032291
47 -0.9563454 0.22750962 0.17871991 0.3203647 -0.5454949 -0.04153405 -0.02079892 -1.2999679
40 -0.2946094 0.26484588 0.0042582033 1.0083003 -0.5074312 -0.97448534 0.8686935 -0.90810436
39 -0.65508455 0.21787082 -0.056857634 1.2674612 -0.48198822 -0.84412813 1.026273 -0.43634218
12 0.438947 0.34093395 -0.2782411 0.484935 0.49744046 -0.9104709 -1.0033038 1.0520667
34 -1.1130291 0.53307676 0.5295535 0.20401776 -0.3373281 0.44269463 0.0644058 -1.2589931
31 -0.56946886 -0.0018703049 -0.19562986 1.3132211 -0.27585915 -0.91280025 0.8710988 -0.6059723
10 0.513194 0.780118 0.24249107 0.19304797 0.12601192 -0.75031644 -0.6124274 0.7527396
11 -0.6793941 0.7802083 0.6520884 -0.6613775 -0.33349803 0.47149384 -1.0487598 -0.63363254
7 0.4426997 0.10602157 -0.3389066 0.7823299 0.7085475 -0.8579588 -1.133872 1.2265743
23 -0.100158826 0.19612232 0.43132326 -0.42126116 0.21932769 -0.44232053 -1.2357212 0.2284583
33 -0.014765391 0.31051072 0.5947627 0.048755143 0.80462474 -0.31598476 -1.1568851 1.4173083
0 0.24198146 0.10689289 0.069796704 0.16195922 0.86179376 -0.4354569 -1.5510571 0.92283934
14 -0.55353975 0.84967285 0.5497611 -0.16896567 0.21546558 0.6317664 -1.0436122 0.28440288
8 -0.13648252 0.052765027 0.06908668 1.2673334 -0.41821045 -1.2731949 0.9380339 -0.14182529
4 -0.6878156 0.73248124 0.82162106 -0.32381144 -0.39565912 0.35720646 -0.48042524 -0.6321336
15 -0.08066708 0.049502302 0.66763526 -0.33326584 0.4415292 -0.046734825 -1.6107514 0.50710183
29 0.12639321 0.19203694 0.14576234 0.3607496 -0.10666857 -0.965311 -0.2679845 -0.00062878657
22 0.37611288 0.048652083 0.1787245 0.32958084 0.83055264 -0.68741024 -1.426467 1.5163242
46 -0.8631006 0.18519792 0.2848533 0.8562563 -0.71934026 -0.4292958 0.7861666 -1.0623516
24 -0.29125902 0.28651303 0.227585 -0.34242517 1.0337814 0.12177984 -1.8313702 0.7002603
37 0.395126 0.25875896 0.4030598 0.19274202 0.93613017 -0.6963095 -1.3538265 1.9206862
3 0.12702352 0.17536147 -0.017349701 0.15211153 1.0201235 -0.41797197 -1.5451756 1.0119383
21 0.005061718 0.17237331 0.4651662 0.5206431 1.0641034 -0.2591939 -1.1393211 1.9523655
9 -0.76857865 0.74549204 0.6306748 -0.31328195 -0.14758554 0.49892783 -0.67528707 -0.53222317
30 -0.02192567 0.09339881 -0.46699545 1.6500394 0.6967703 -0.7932468 0.17893758 0.9243554
35 0.13578701 0.12523052 0.15300268 0.43858007 0.8794824 -0.60267764 -1.1719271 1.6101519
2 0.40556484 0.36005005 0.1392227 0.21994753 0.90668374 -0.50719494 -1.531014 1.3978701
13 0.09762444 0.105755866 -0.21607742 1.6072102 0.8211528 -0.8431185 0.07458387 1.3831053
32 -0.30147532 0.3934537 -0.3058119 1.9220476 1.3354142 -0.20963763 0.12609902 1.76015
