50 8
28 0.19211693 0.48329005 0.17388926 0.45530656 -0.9880323 -0.61845636 0.2659566 -0.65101165
27 -0.20879488 0.6393501 -0.13557361 0.45324785 -0.6813349 -0.62870866 0.008662699 -0.40489548
43 -0.15321669 0.53165513 -0.38178903 0.6432155 0.07933765 -1.3883796 0.07243931 -0.34376663
25 0.5564989 0.82457006 0.80685097 0.088487625 -0.31437123 -0.21209146 0.56207067 0.98965466
1 -0.20295216 1.0638309 0.3290172 0.31140518 -0.81786686 0.67164034 -0.34484422 -0.68821156
16 0.003444528 0.31467742 1.0555121 -0.067081966 -0.70175016 -0.1307449 0.7207216 0.115369655
41 0.22905412 0.56886303 -0.044716366 0.6759311 0.2089698 -1.2154859 0.3791032 -0.499703
26 -0.81486624 -0.4666409 0.16164163 0.75862056 0.4810725 -1.2175382 -0.48518994 -0.33389366
21 0.04020242 0.35138497 1.3649576 0.023134464 -0.040287297 0.27396828 0.22031966 1.2193565
36 0.0037278482 0.69872993 0.08461634 0.634003 -0.6994025 -0.09145748 0.17630294 -0.96081316
19 -0.7293426 -0.10912279 1.4460404 0.25508645 -0.2345948 1.0198001 -0.22233538 0.7292484
44 -0.020956349 0.5669539 -0.43532425 0.82013917 -0.18406694 -1.1606776 -0.25802425 -0.9417566
20 -0.4290896 0.6812263 -0.18550375 0.64204156 -0.9322973 0.16659537 -0.9279669 -0.94377726
4 0.03476183 0.8854937 -0.13283753 0.5274697 -0.9291345 -0.2081564 -0.20181863 -0.7054803
8 -0.42036307 0.097665064 -0.24183981 0.751558 0.3713646 -1.4482974 -0.28175917 -0.39228016
45 0.13458882 0.9066882 -0.3824847 0.6546293 -0.61524355 -0.721593 0.07709995 -0.88547677
40 -0.20371978 0.46704206 -0.25905657 0.62188035 0.6191701 -1.629786 -0.06393359 -0.5120498
15 -0.5051457 0.1296285 1.290412 0.33591884 -0.38244152 1.1132166 -0.0457872 1.3525503
6 -0.42061776 0.1762804 -0.47420055 0.9874913 0.006124632 -1.2505093 -0.29475763 -1.1366979
24 -0.8082169 -0.13950461 1.315334 0.38791132 -0.29417998 1.1276698 -0.6266521 0.39986974
48 -0.5130755 0.7444079 -0.41249102 0.8178714 -0.16686594 -0.24577583 -0.75742006 -0.93939394
22 -0.12591282 -0.027801258 1.7046102 0.118445545 0.1933425 0.42068848 0.34117517 0.9421171
13 -0.29894498 -0.6446869 0.5364819 1.0138795 0.70612323 -1.1013309 0.49362934 1.003856
39 0.25849795 0.71194786 -0.34121507 0.58428115 0.023743331 -1.6131214 0.32172614 -0.490107
42 -0.8532564 0.27415392 0.11692852 0.2567555 0.13920695 -0.8837457 -0.15293694 -0.7194682
34 0.30786118 0.87744313 0.11351169 0.4832357 -1.08328 -0.13713022 0.37235048 -0.9075468
49 -0.33780497 0.9790058 0.7252648 -0.034394585 -0.80211365 0.7297261 -0.3632123 -1.0058986
10 -0.7182758 0.37161267 -0.095732294 0.72524196 0.11799875 -0.15451266 -0.8516253 0.7339432
14 -0.067134134 1.265285 0.731708 -0.10211883 -0.8524414 0.8770651 0.09028709 0.20868917
12 -0.13282517 -0.62685126 0.5492097 0.9087619 0.75694597 -1.2679598 0.039090127 1.1706319
46 -1.0239198 0.25348523 0.14906718 0.5313087 -0.040898483 -0.07131207 -0.5380968 -0.94234765
30 -0.46393004 -0.68952274 1.0638044 0.6090535 0.8307057 -0.8606221 0.19970876 0.8256406
18 -0.692928 -0.9747342 1.127283 0.7056256 0.8913287 -0.7821737 0.3319124 1.1937037
17 -0.60627514 0.010641312 0.4813027 0.3312638 -0.9299034 -0.24131152 -0.27996555 -1.4074924
9 -0.13346183 1.2986075 0.6574598 -0.055157226 -1.0108129 1.0049926 0.22645535 0.024500882
38 0.33933613 1.0371605 -0.65215427 0.79793084 -0.20249239 -1.2518946 -0.04569033 -0.8179269
31 -0.097773895 0.5368809 -0.4450384 0.8813024 -0.32671088 -0.9678084 -0.15880802 -1.2084315
0 -0.46488842 0.16674212 1.2732621 0.088002004 0.7819707 -0.06968588 0.011537937 1.7323859
11 0.08453151 1.1848191 0.7065525 -0.19699611 -1.2477671 0.58517206 0.3563532 0.12871726
37 0.11356345 0.45430467 1.5437298 -0.039843842 0.18039572 0.18897013 0.796541 1.6868898
5 0.037283998 0.96325165 0.99151033 -0.1760451 -0.96910757 0.73574084 0.3370706 0.5278925
7 -0.7810074 -0.44364208 0.5091113 0.8507922 0.9521007 -0.59302145 -0.77098316 1.5282812
29 0.0052807657 1.1301086 0.49624047 -0.0912799 -1.3198346 0.49169543 0.2262104 0.59584177
2 -0.5992073 -0.039356787 1.0037441 0.60902005 1.3120747 -0.076898225 -0.20749688 2.052463
47 -0.4431957 0.2618337 -0.28806853 0.91578364 -0.28701928 -0.78472483 -0.35969442 -1.5938804
32 0.20212938 -0.049551245 1.2181758 0.30221286 0.45794514 -0.72792965 1.0854933 1.282092
23 -0.75491464 0.5765101 0.7389723 0.2520507 -0.3303875 1.0718541 -0.9108793 0.47611573
35 -0.26298404 0.24070004 1.547838 -0.07262936 0.514555 -0.012602842 0.670206 1.8716754
33 -0.13203603 0.3730416 1.6375841 -0.26424688 0.64475995 -0.23372763 0.8485731 1.5412475
3 -0.86807144 -0.007716453 0.8251981 0.5242128 1.0365661 0.033762634 -0.56729937 1.6590422
