50 8
17 -0.25465176 0.35451546 0.824428 -0.37317425 0.15162997 0.1760869 1.0054299 0.048081808
43 -0.23153776 0.34394756 0.5409088 -0.22854716 0.3448018 0.47246623 1.0720935 0.035134245
36 -0.23056337 0.18718626 0.47114602 -0.22890458 -0.12650135 1.0003378 0.855369 -0.16389132
40 -0.07469182 0.15998617 0.6158922 0.22901087 -0.16736479 0.4232679 0.8482097 -0.056746315
4 0.06791715 -0.58908534 0.4332716 -0.29511264 0.12716442 1.1882023 -0.028566658 -0.13645002
1 -0.062936045 -0.04716662 0.5570104 -0.56154 0.4371387 0.74208516 0.9401657 -0.28157905
20 -0.2076761 -0.94702214 0.37950715 -0.095702805 0.15243 1.3414878 -0.1637126 0.08084025
26 -0.50061834 0.19833988 0.47422385 -0.045874804 0.43333983 0.43917233 1.2630149 0.3152118
23 -0.22121955 0.6896568 0.798402 0.20468901 -0.099902876 0.024623279 1.0442426 -0.1729396
49 -0.014696724 0.13488 0.90748763 0.35069132 -0.44928816 0.1435383 0.36601326 -0.28491184
29 -0.28034204 -0.56939626 0.3594679 -0.18865603 0.6390779 1.046275 0.27693406 0.08478483
41 -0.2614955 -0.3247253 0.297137 -0.35422 0.304205 1.2865651 0.7473899 -0.11313496
34 -0.060175 -0.588722 0.47410405 -0.55669105 0.10296586 1.2259864 0.3743983 -0.07325302
10 0.13043348 0.10606696 0.39943627 0.81446284 -0.07485482 0.4861735 -0.49721348 0.8357836
16 -0.22510028 -0.3011219 0.500013 -0.6026483 0.945354 0.7502734 0.7266727 -0.12735488
14 0.7163656 -0.40211117 0.5220685 0.53190124 -0.3996362 0.73514 -0.955556 0.28674042
42 -0.4339118 0.084212594 0.68809307 -0.4972736 0.653514 0.41589937 0.85683393 0.089719005
8 -0.42831302 -0.51585174 0.26459587 -0.16063964 0.6031512 1.1228708 0.6697892 0.29806828
39 -0.37537783 -0.20420855 0.46262953 -0.63239115 0.38583288 1.1164222 0.92806923 -0.10229582
27 -0.37083253 -0.0681747 0.46435997 -0.73780906 0.26936883 1.1997538 0.80357736 -0.11074262
6 -0.48740748 -0.37041953 0.5415436 -0.69337255 0.5962562 0.9427188 0.8409206 -0.0445166
31 -0.28689942 -0.19483934 0.20183681 -0.18503922 0.25742245 1.2341757 0.66102993 0.32102263
12 -0.22680126 0.42176414 1.0777229 0.7451705 0.50903463 -0.8807449 0.43963054 0.21472542
45 -0.03941316 -0.24782327 0.39333984 -0.42630556 0.2889254 1.1350733 0.5103972 -0.22391222
32 0.88003653 0.45264837 1.0569451 0.8709199 0.044798914 -0.61176807 -0.9420545 0.27375123
28 -0.4410083 -0.052205596 0.43000394 -0.47596666 0.37486032 1.0625647 0.9023462 -0.068557695
44 -0.2721285 -0.72388065 0.47595578 -0.5792653 0.53982925 1.051796 0.81279826 -0.11226366
38 -0.46987885 -0.6927748 0.24950849 -0.27906802 0.19209167 1.577761 0.5787971 0.041809667
30 0.47151092 0.8724716 0.9282746 0.98986244 0.25918978 -0.9056729 -0.020491075 0.5419868
3 0.9661208 0.5091715 1.127534 1.1137071 -0.14360437 -0.8326039 -0.95078397 0.38316825
24 0.14885016 0.94757354 1.1279622 0.6869918 0.15313217 -0.96082973 0.14264688 0.331292
19 0.9507274 0.5742048 1.0867819 1.1329654 -0.1553138 -0.8525557 -0.74135697 0.43341067
15 0.18293649 1.2186534 0.9759774 0.47172165 -0.04453249 -0.54706657 0.5047633 -0.0023017207
13 0.48658597 -0.0206444 0.21275255 0.705246 0.5594697 0.6735886 -1.0691372 0.8444148
48 0.2353134 0.36164123 0.39293134 -0.16038238 0.13581735 0.5769692 1.0953288 0.17769265
5 1.189093 0.33961987 0.7729906 0.80727893 0.0043128724 -0.1317479 -1.124198 0.14182156
2 0.19753726 1.0529073 1.1046277 0.91906667 -0.4276447 -0.84812325 0.4546789 0.15251212
47 -0.12473541 0.16630358 0.6284789 -0.4520675 0.34102044 0.69372416 0.8025504 -0.4560897
21 0.73808146 0.48074165 0.8557485 1.5138934 -0.29545286 -0.5174864 -1.0467387 0.8107465
25 0.7429822 -0.7221717 0.091717176 -0.14896105 0.66564786 1.4508336 -1.1158816 0.36763802
9 0.9597491 -1.0757115 0.43276057 0.39288074 -0.3146204 1.1092734 -1.1987545 -0.020318795
7 0.3993175 0.6134388 1.0516521 0.83894926 0.22245385 -0.9983628 -0.009073778 0.7119792
33 1.02013 -0.23106718 0.9516565 1.3652148 -0.073950976 -0.41551384 -1.4788814 0.32594338
35 1.1025468 0.47181398 1.1245186 1.4003747 -0.036512863 -1.0003026 -1.0302281 0.41711852
18 0.9714904 0.16750856 0.63989764 0.95679677 0.5698341 -0.35698065 -0.879115 0.48074093
0 0.8192992 0.8151077 0.9728404 1.5191313 -0.2279302 -0.80240655 -0.84912485 0.51653117
22 1.0336704 -0.21924321 0.9628835 1.2520015 -0.08103402 -0.36200014 -1.8407255 0.52581376
46 0.663162 0.30210307 1.1098068 0.47082043 0.38428983 -0.40014455 -1.2223674 -0.0244699
37 1.2308762 -0.6181374 0.8593548 1.0414008 0.31093833 -0.16418593 -1.9961673 0.43721953
11 0.91791594 -0.22584231 0.71203095 0.7672556 -0.4413349 0.55856675 -1.7324078 0.084827706
