50 8
43 0.2629993 -0.044208493 0.45452493 -0.26867318 0.6770556 0.4014829 0.2442309 0.6865738
1 0.45033753 -0.31448403 0.86570406 0.46877667 -0.18737626 1.0365392 0.23028085 -0.23172611
39 -0.31154597 0.4401273 0.80791855 1.2314357 -0.14295903 0.383695 -0.43714756 -0.49368152
23 -0.2883154 0.80845135 0.40727657 1.1687391 -0.16118865 0.28333524 -0.60058296 0.19291964
24 -0.67979187 0.98626757 0.7311191 0.14522904 0.14123374 0.21929395 -0.07019349 0.59495705
31 -0.60672784 0.8873872 0.4548839 0.76103514 0.47522077 -0.3696078 -0.44511917 0.43247053
34 1.0513006 -0.8878824 0.6197298 0.31430677 0.52411956 0.46702322 -0.10948589 -0.22098202
38 0.8599784 -0.85179526 0.7772895 0.37638253 0.33606124 0.714681 0.10053294 -0.40130174
40 -0.07072344 0.58503264 0.3297759 1.1579065 0.07916908 -0.1895716 -0.45814067 0.4156949
49 0.7233188 -0.45863655 0.7366453 -0.56913954 0.6170683 0.6886747 0.53153056 0.41151503
19 -0.9332135 1.1900686 0.73965657 0.23673002 0.07378345 0.2289762 -0.30042696 0.5949958
18 -0.39800674 0.8450554 0.27591226 1.3922017 0.21036707 -0.18366744 -0.61881346 0.20855728
48 0.07130039 0.18504822 0.8004767 0.29359102 -0.0015231394 0.814428 -0.032722767 -0.06721303
13 -0.32087874 0.8069928 0.26590556 1.0261391 0.3686675 -0.41775772 -0.46487325 0.5600595
41 1.0897485 -0.6901864 0.70944315 -0.07067067 0.8845552 0.3753239 0.22338217 -0.259887
25 0.8647225 -0.62806576 1.0800214 0.011892218 0.4478024 0.7476704 0.017357636 -0.73672837
47 0.75800556 -0.41420162 1.0401309 0.11386198 0.043738272 0.89897114 0.41651383 -0.3682529
35 0.072622895 0.11766249 0.608149 1.6005229 -0.16666806 0.12538993 -0.42292795 -0.38922447
44 0.18872215 0.42204732 0.8348026 1.0224208 0.02815223 0.3122415 -0.15903684 -0.6201016
6 -0.3482558 0.6827479 0.5804772 -0.26048833 0.8326472 -0.4174076 0.17556906 0.92625177
36 0.4655365 -0.58780384 1.2018963 -0.9162034 0.71502954 0.7738793 0.5447524 0.011956722
42 -0.8251566 0.509302 1.3733455 -0.27648482 0.24800427 0.29494232 0.14274693 -0.053474996
26 -0.17592849 0.55289656 0.025731495 0.41117182 0.71549386 -0.47691366 -0.032347493 1.3142565
20 0.40485734 -0.606814 0.88087666 -0.7410162 0.8711882 0.43923223 0.49637058 0.40150702
46 -0.10708683 0.26733583 1.1012287 0.381983 0.646433 0.017518211 -0.15861134 -0.7759785
29 0.5666693 -0.16334051 0.3709811 -0.19258028 1.165662 -0.3442003 -0.09822528 0.57587117
8 -0.66353595 0.97902906 0.31885046 0.98468304 0.39430466 -0.3068685 -0.39127982 0.53794074
7 -0.39258134 0.9096858 0.021141965 0.73703593 0.48331484 -0.41792846 -0.26983362 1.181255
11 0.9616168 -1.3797963 0.71468335 0.060459003 0.17703103 0.9669167 -0.10411563 0.07326912
14 1.1538064 -0.8387887 0.48136228 -0.59033537 0.6621147 0.73291326 0.14801556 0.63045806
32 0.366841 -0.09333233 0.9813473 0.90867585 0.06934047 0.4552044 -0.11926235 -0.85076725
16 1.0307674 -0.9328557 0.44778964 -0.7764037 1.0379547 0.6015382 0.18757999 0.64685816
30 -0.24711384 0.6137103 0.5651877 1.5629185 0.06067047 -0.3897794 -0.60802174 -0.17849588
12 -0.9211346 1.1534272 0.34942606 1.0066338 0.3328799 -0.29799858 -0.5758859 0.5595953
3 0.37693778 0.078254834 0.10862709 1.1144081 -0.117892034 0.2634083 -0.6821399 0.61316055
4 0.72203577 -0.712368 1.0957292 -0.8264439 0.56181437 0.9641897 0.5398866 0.051916037
10 -0.33205792 0.7253673 0.39206728 -0.7726361 0.8350945 0.046367396 0.58750653 1.5263761
37 0.55371815 -0.8455037 0.84363455 1.3426279 -0.067246504 0.2521504 -0.510543 -0.73569953
9 0.9127448 -0.88864887 0.6943777 -0.5518816 0.65968144 0.54485357 0.33241343 0.51502854
21 0.2465901 -0.38557985 -0.4131837 0.8410013 0.49993896 -0.0064830957 -0.816105 1.3979048
28 -0.14207558 0.17723499 0.93966013 -1.0240695 0.57447016 0.81484777 0.711286 0.6409291
15 -0.80500764 0.7743944 0.16651693 0.715388 0.022641895 -0.17839926 -0.15237278 1.504024
27 0.5635486 -0.45871812 0.716597 -1.3505673 1.316404 0.24121808 0.5397275 0.91257435
2 -0.4222484 0.7756007 0.08515439 1.1992328 0.115235515 -0.32778606 -0.6541818 0.9181243
22 0.02667478 0.1688445 0.6718902 1.1470433 -0.5137851 0.62756455 -0.21317245 -0.01862697
45 0.7786798 -0.19697033 1.1043913 -0.6527013 0.422066 0.8224074 0.81111604 -0.012078179
5 0.7636427 -0.68072283 0.42201984 -1.0475571 0.86698025 0.54204196 0.5912021 1.2481756
33 0.3303405 -0.49329346 0.36824888 1.5925728 -0.12610415 0.61305654 -0.38466996 -0.34557799
0 -1.045933 0.95972776 0.17779239 1.1804743 -0.13056964 -0.11287274 -0.52161634 1.1565711
17 0.089468926 -0.6095547 0.18834431 -0.8373595 1.402059 -0.38443005 0.19231825 1.6914651
