50 8
43 -0.49107772 -0.006721429 0.41827407 -0.3705789 0.43514985 0.37872982 1.0245181 0.5287425
1 -0.22325848 -0.44308114 0.5933045 -0.8008962 0.32281357 0.72397256 0.64302933 -0.2521947
44 0.13323599 -0.14483556 0.723575 -0.78797436 0.6588712 0.17054032 -0.24986993 0.74308425
46 -0.30776024 -0.26947933 0.7215041 -1.1591974 0.4519896 0.30848792 0.37792438 0.17379384
29 -0.2671259 -0.103518546 0.656338 -0.82344687 0.47564298 0.32606697 0.38032237 0.23207712
45 0.04385244 -0.10292389 0.93776923 -0.88646543 0.6173112 -0.09092069 -0.09118609 0.20541379
26 -0.6469044 0.32791987 0.5554274 -0.0153241055 0.31638435 -0.027799226 0.034673464 1.3414134
27 -0.30409607 -0.04386572 0.5575414 -1.0509988 0.25215742 0.48919585 0.94302213 0.24129055
16 -0.19912581 -0.40097368 0.552396 -1.0820776 0.44885033 0.7572468 0.79958236 -0.35296533
17 -0.1894473 -0.4021495 0.819945 -1.0265651 0.7581628 -0.078454405 0.33753997 0.4977198
38 0.31036782 -0.27225643 0.9085656 -0.24121739 0.03615121 0.49930915 0.7323705 -0.9145375
31 -0.6299475 0.4780795 0.5788459 0.14755303 0.39485636 0.016224418 -0.5879866 1.1101608
6 -0.8626922 0.53222775 0.4822276 0.049381625 0.24704908 -0.033052422 0.67203903 1.025466
39 -0.58370876 0.26861075 0.831017 0.31788102 0.42986938 -0.36001837 -0.32654014 0.7501731
49 -0.61723924 -0.23148093 0.49831372 -0.902167 -0.120943464 0.9082033 1.133472 -0.41559935
40 -0.065025695 0.652502 0.72016346 0.7123457 0.3214031 0.095752425 -1.2194452 0.7910794
15 -0.55430245 0.5561216 0.8664554 -0.39589986 0.2546952 -0.1020606 -1.189201 0.5981252
42 -0.3421944 -0.25972438 0.7356518 -0.7285177 0.5626084 0.054070108 -0.041247148 0.82193905
34 0.29608864 -0.6125164 0.97300774 -1.0121019 0.103277296 0.69460046 0.42609134 -0.984612
11 0.4278472 -0.251603 0.7427897 -0.11990283 -0.31936416 1.1870583 0.5566573 -1.2606386
36 -0.29220393 -0.39065775 0.74502504 -0.1271758 -0.21769504 0.80086964 1.1676489 -1.1525319
47 -0.095240146 -0.5495537 0.5507999 -1.0724465 0.48404914 0.6643628 1.0046803 0.016234344
41 0.0974408 -0.77622896 0.885375 -0.33845535 0.0024538497 0.8391116 0.7450245 -1.3523881
28 -0.94703346 0.44898874 0.13914295 0.012471361 0.03561034 0.63830155 1.0546223 0.9999754
23 -0.31847155 0.48346236 0.7022798 -0.13192436 0.45364776 -0.008585555 -0.5860783 0.79141283
48 -0.056707 -0.40783355 0.6186841 -1.3735379 0.466119 0.57945246 0.7219776 0.2244468
18 0.1505953 0.65597296 0.7961717 1.269838 0.42109978 -0.10939532 -1.061577 0.80028164
4 0.24621119 -0.31083313 0.6689973 0.17686227 -0.25043938 1.0384407 1.1816636 -0.9492164
9 0.47411326 -0.632432 0.82323873 -0.40658695 -0.0054168436 0.81207836 1.17756 -0.8925119
12 -0.28037015 0.8377584 0.70123214 1.6757727 0.31563696 -0.04796585 -0.8835165 0.41245276
5 -0.06756172 0.063319474 0.15698406 -0.051153786 0.06919707 1.2189171 1.4720807 0.028699348
30 -0.095536515 0.30185288 1.0842639 0.7735558 0.51968664 -0.61112195 -0.6148962 0.28471175
13 -0.41165468 1.0089891 0.28096193 1.7421765 0.055147637 0.56299245 -0.2285802 0.87172204
2 -0.04330502 0.37743095 1.0033022 -0.515226 0.393684 -0.01743669 -1.5841088 0.4419534
19 -0.071180664 0.73605573 0.85587615 0.17470522 0.49722195 -0.23165353 -1.1977303 0.90141183
0 -0.17700727 0.74083245 0.6668004 0.09873705 0.6713108 0.19379102 -1.5835938 0.5942618
3 0.025853895 0.68204314 0.98530895 1.4785439 0.30353433 -0.17684315 -1.2252765 0.061425228
32 0.74488175 0.23301224 0.8426349 1.279793 -0.38584563 0.9465443 -0.1539075 -1.0180272
20 -0.3916585 0.24488169 0.16230634 0.38258648 -0.08282334 0.7226839 1.4549862 1.1487631
25 1.1139164 -0.22736917 1.158452 0.17411713 0.25270227 0.42732278 -0.12850223 -1.238405
24 0.06681268 0.8125158 0.6149098 -0.19741952 0.68353313 0.23820587 -1.426915 0.95808256
35 1.0488479 0.20287494 0.8995304 1.0989416 -0.50626916 1.0447398 0.052185904 -1.1634289
14 0.98033875 -0.25193757 0.91917735 0.32656285 -0.4062393 1.1640561 0.55832905 -1.4068861
21 0.36045876 0.5495244 1.0089327 1.4886397 0.014577844 0.3126375 -1.5664773 -0.5054375
7 -0.3250124 0.93314004 0.4140405 1.2938974 0.32472214 0.16540529 -0.73994046 1.5411955
33 0.8600411 -0.13819455 0.95363307 1.3204929 -0.45029023 1.0499868 -0.11144694 -1.4003175
22 0.5573309 0.21560434 0.8725196 2.0261786 -0.54015565 0.8855579 -0.24219674 -1.1059293
8 -1.4153357 0.534094 0.52693063 0.9984395 0.14812827 -0.34965086 0.43248832 1.3109705
37 0.3298814 0.1372522 1.2965541 2.2364035 -0.58565676 0.014713346 -0.5638051 -0.80841786
10 -0.6544389 1.1183645 -0.11925392 1.7383283 -0.5765249 1.2015862 0.8665166 1.1076822
