50 8
14 0.650491 0.8924757 0.8712015 0.4501722 -0.38649356 0.27761778 -0.42753538 -0.25517634
1 -0.3412631 -0.1561815 0.56812173 -0.005886944 0.6493052 0.73021066 0.34181625 0.11598127
16 0.21389762 -0.25068548 0.54980785 -0.21558177 0.8461415 0.70250905 0.006881089 -0.040959727
43 -0.23622522 -0.80835974 -0.13215575 0.3859131 0.88442147 0.5738203 0.27980617 0.628515
17 -0.40357244 -0.35045755 0.5584999 -0.3093101 0.89107895 0.29797733 0.06326291 0.4148282
49 -0.6502697 -0.34481335 0.8153024 -0.40079844 0.8564492 0.8532124 0.5882407 0.22107819
18 0.8607516 0.2810569 -0.28954956 1.1679639 0.12713595 -0.7634552 -0.8556542 0.6153326
25 0.7121374 0.73016363 0.48259377 0.7449819 -0.11348555 -0.36163065 -0.71937966 -0.059461266
28 -0.5508736 -0.5881093 0.22316459 -0.023715485 0.9265053 0.88754636 0.5628685 0.582148
13 0.20981699 0.3386784 -0.33966762 1.2039094 0.118507944 -0.74622506 -0.4329678 0.8746269
20 -0.80345076 -0.75054365 0.17218173 0.3641273 0.70599854 0.4405806 0.42923194 0.6803135
45 -0.57321095 -0.5227356 0.6909903 -0.35265386 0.9716572 0.9650089 0.5760492 0.22905159
29 -0.6435553 -0.6907009 -0.17682888 0.5977649 0.6511935 0.18372501 0.050369807 0.82040447
19 0.63827527 0.7889953 0.5344078 0.7151611 -0.17172791 -0.7490587 -0.943935 0.16283156
7 0.6169517 0.43953505 -0.050285224 0.9366553 0.007035147 -0.7196769 -0.4668591 0.82123476
42 -0.8291107 -0.70724887 0.39972544 -0.17117281 1.0301288 0.7410943 0.58929604 0.57139266
5 0.5156368 0.980009 0.8710953 0.048300028 -0.02678783 0.48178998 -0.08624761 -0.16156745
27 -0.8165875 -0.5964912 0.5038072 -0.3309309 1.1271821 0.9407897 0.812406 0.5445294
36 -0.73249215 -0.5207057 0.7211279 -0.36556104 1.0485265 0.87866026 0.61615324 0.21612446
47 -0.38477546 -0.396547 1.0566747 -0.23788688 0.5436318 1.2072704 0.39253086 -0.3869401
34 -0.23939475 -0.55266166 0.7848504 -0.039425604 0.6131991 0.783609 0.2412175 -0.12320993
44 -0.61171424 -0.5024536 0.08407468 0.08211514 1.0778035 0.48621514 0.4039617 0.64364016
12 0.89866734 0.5195291 -0.055490516 1.1666644 -0.01510815 -0.79197246 -1.0568286 0.32405734
26 -0.95520467 -0.36197853 -0.22841309 0.7449878 0.5235619 -0.13815007 0.348041 1.1719475
24 0.7617067 0.92227286 0.86047834 0.50187683 -0.24494055 -0.68232447 -1.0920864 -0.09561471
23 0.6891137 0.70378405 0.588007 0.71442395 -0.121011004 -0.86688703 -1.0475364 -0.0032162135
41 -0.478702 -0.37782377 0.679168 -0.09766291 0.7320005 1.1598866 0.6328553 -0.027035909
31 -0.9045971 -0.6067528 -0.08920973 0.21090232 0.85209596 0.5015251 0.4959544 1.1536824
22 0.7251406 0.73614275 0.7599766 0.7972716 -0.49577817 -0.60380286 -1.0083214 -0.036707036
33 0.7062562 0.8877109 0.81728435 0.8020733 -0.4907651 -0.58267486 -0.9755888 -0.2326069
4 -0.319725 0.0150182685 1.0618157 -0.16141152 0.307545 1.0351746 0.42273283 -0.19711708
39 -0.8795858 -0.6292634 0.1566972 0.13766186 0.9510708 0.89398205 0.8691829 0.73060226
0 0.929192 0.78650254 0.4866234 1.0097373 -0.3665627 -0.7389822 -1.1957945 -0.018664936
46 0.31228238 1.0679088 1.1586788 -0.12941688 -0.011884017 0.39484203 -0.24502389 -0.40547484
38 -0.5983069 -0.7595105 0.5247719 0.025424063 0.91032475 1.2277443 0.87338626 0.10247458
2 1.0670813 0.8381548 0.38806802 1.0835652 -0.4722464 -0.599811 -1.0772362 0.11099141
6 -0.675751 -0.81295043 -0.5189057 0.73679364 0.95885056 0.08500973 0.3061185 1.0145357
40 -0.63989866 -0.66624236 -0.2225492 0.44852456 0.8620975 0.951756 0.7733035 0.8525175
10 -0.032497067 0.3429718 -0.059929498 0.9349889 0.038673535 -0.630741 -0.3366113 0.86562216
8 -0.7896789 -0.7563849 -0.41125485 0.55545723 0.95907116 0.37522498 0.2918581 0.9973299
3 0.9638103 0.72580403 0.44214547 0.9539722 -0.28508145 -0.51758873 -1.071493 -0.099531144
21 0.88220346 0.76655245 0.46282938 1.1729655 -0.6077314 -0.56676006 -1.0164216 0.05665946
30 0.7498131 0.85404295 0.35180706 0.9497594 -0.34773988 -0.5446104 -0.918274 0.19765943
15 0.849312 0.8565973 0.36897638 1.1368259 -0.357965 -0.91073036 -1.0973661 0.15262924
35 0.65848804 0.8126746 0.6260544 0.8827675 -0.52537894 -0.79010123 -1.1430597 0.16930075
48 -0.11876049 0.2708834 0.437283 0.55673635 0.034222852 0.20942518 0.059707206 0.28369176
32 0.7801059 1.1435293 0.62435746 1.0580816 -0.61811924 -0.6083928 -1.0043025 -0.09524062
37 0.8514481 1.0782322 0.6992132 1.1338897 -0.68641883 -0.7027871 -0.9339213 -0.037909355
9 -0.028809939 0.32412076 1.5016117 -0.38175526 0.115628004 1.1793733 0.55113447 -0.5380444
11 -0.5881518 -0.0834076 1.2940973 -0.48796716 0.48344222 1.3616762 0.32667908 -0.522048
