50 8
23 -0.20386228 0.27785233 0.7044503 0.72229767 0.6701676 0.06524639 0.22474368 0.6889038
18 -0.15719861 0.7713204 0.7308597 0.47765407 0.6797362 -0.5732051 0.054925576 1.322599
43 -0.6176487 0.4105623 -0.44676748 0.62584984 -0.7483278 -0.8983647 0.34060392 -0.6123551
2 -0.32675755 0.3758043 0.47614896 0.84104806 0.75530106 0.93441767 -0.15027311 0.36332613
20 -0.29430214 -0.34025565 0.81164634 0.33588725 -0.77236253 -0.6896183 -0.31459036 -0.59112555
22 0.038019817 -0.040508967 1.3715591 0.36913335 0.174005 0.44337153 -1.1959739 0.24736382
42 -0.30763265 0.12151881 0.9018125 0.1870857 -0.3782917 -1.0357642 -0.19419056 -0.005403682
4 -0.36350355 -0.4760081 0.28292307 0.7714577 -1.1963121 0.7089516 -0.37040344 -1.1880225
9 -0.42204037 0.28326583 0.047171764 0.61878896 -1.1328604 0.6079868 0.032453336 -0.9315638
28 -0.32990506 -0.37829843 -0.048906717 0.86436945 -1.1440623 -0.13710573 -0.044375505 -1.0072814
25 0.22839394 0.84375286 1.1064469 0.20980953 -0.48402765 0.8913157 -1.074231 0.3277855
10 -0.2833951 -0.90281963 0.6439381 0.88496983 0.025108682 -0.86156243 0.60626376 -0.39583045
45 0.01169608 -0.42349312 0.7691187 0.44841164 -0.964104 -0.93444467 -0.23599455 -0.8583982
49 -0.6090385 -0.19828664 -0.01078347 0.7473112 -1.0777698 0.45632067 0.026733683 -1.341311
15 -0.15424412 -1.1644937 1.1216862 0.77213776 -0.08637523 -0.23560232 -0.31283635 -0.700865
24 -0.078312725 -0.31110907 1.0493106 0.71202815 0.9699594 -0.38301775 -0.53995687 0.33139446
27 -0.91284466 -0.10716964 -0.53210104 0.80689466 -1.0365456 0.289827 -0.18903887 -1.4311997
41 -0.7167139 0.50631374 -0.8541664 1.0918113 -0.31094116 0.83154553 0.4644785 -0.8165467
1 -0.43049026 -0.75623715 0.4664214 1.0980021 0.1623006 0.679084 0.5335024 -0.75157595
19 -0.041562345 -0.58483845 1.4246776 0.65606326 1.1013076 -0.6763974 -0.15335166 0.42102906
30 0.08426917 1.1992315 0.8455415 0.37608486 0.82893753 -0.49368408 0.11135121 1.1255658
11 -0.6334081 0.17192759 -0.1545951 0.6557477 -1.2843665 0.9695258 -0.4356423 -1.2188479
7 -0.21450953 0.16851474 0.45162454 0.66955024 0.48514476 -1.4394637 0.44708523 0.5759786
13 -0.10179478 0.3198641 0.4395134 0.74060774 0.51187146 -1.156132 0.4456012 0.83946747
48 -0.38220716 1.3175944 -1.0023823 0.9683017 -0.4481644 0.9179882 -0.30743864 -0.4130765
40 -0.3241862 1.2397201 -0.014706477 0.74678075 0.71524173 -0.019605469 0.68822545 0.94468826
0 0.05016957 0.10330615 1.3154022 0.5776864 0.8583859 -0.020924717 -0.6335393 1.0859466
14 -0.55295444 0.7908106 -0.023649536 0.54044956 -0.8261429 1.3363394 -0.351799 -0.7262335
21 -0.22880834 0.8078332 0.5635726 0.7724992 0.8860596 0.9138133 -0.084019236 1.0317891
16 0.16514069 0.7763688 0.71784055 0.055802036 -1.1244843 -0.37500688 -0.6014994 -0.4947439
46 -0.29604602 -0.68750507 0.5341799 0.5153863 -1.1809049 -1.1418539 -0.02058017 -0.9078401
32 -0.16327278 0.9391175 0.743733 0.611688 1.3317076 0.08221386 -0.07642427 1.1144003
38 -0.521532 0.9114548 -0.78131086 0.9738849 -0.54584783 1.1967508 -0.07306916 -0.896911
8 -0.16254354 -0.15243939 0.20979238 0.81342393 0.3696505 -1.9552232 0.21045075 0.54557323
39 -0.29997686 0.8705922 -0.7816788 1.222242 -0.0027621142 0.76167154 0.3978733 0.18215138
12 -0.14956063 0.34903005 0.5328364 0.864177 0.994104 -0.4449986 0.5568368 1.0590297
35 -0.16793782 0.67689484 0.34928355 0.9718084 1.0221688 1.1879333 -0.25345805 0.6012587
26 -0.4515899 0.7524883 -0.24134572 0.37934792 -0.23979136 -2.204947 0.29419842 0.118240915
5 -0.26016605 -0.61614996 0.16702922 0.76492584 -1.3227574 -0.36894485 -0.41554493 -1.385119
6 -0.41047046 -0.10450438 -0.15538123 0.6975862 -0.7112989 -1.3983678 0.5732405 -0.7321763
17 -0.3984094 -0.3684971 0.5623338 0.32563415 -0.92457706 -1.2075893 -0.36032566 -0.77443
34 -0.6972294 1.2860358 -0.6727494 0.6643776 -0.8769023 1.272855 -0.11516402 -0.65802014
3 0.030345552 -0.16827214 1.4655615 0.83043665 1.6171407 0.38160557 -0.41983354 1.0584749
31 -0.41075364 1.3289984 -0.7105844 0.9297379 0.40693116 -0.46423268 0.85967666 0.6931617
36 -0.70174104 0.5494376 -0.51490116 0.8015328 -0.82897985 1.1421777 0.11090739 -1.2111901
29 -0.25321218 1.7121221 -0.36911577 0.19854446 -0.8057499 -0.583437 -0.53200215 0.32804468
44 0.22025022 0.38893923 1.5459015 0.12730879 0.213676 -0.768521 -0.7690844 1.1160469
33 -0.057205975 1.0043288 0.7745062 0.6063274 1.2917964 0.63333535 -0.53540546 1.0857099
47 -0.52402073 0.21865861 -0.4236907 0.9427527 -1.0882274 0.94604677 0.1985169 -1.5724112
37 0.1492793 -0.010600294 1.7448741 0.68658185 1.3178678 0.7126037 0.022785222 0.9669702
