50 8
16 -0.15190886 0.86886775 0.7255745 -0.13402821 -0.40765405 -0.26746026 -0.583421 -0.057539053
1 -0.21206617 0.77975 0.5212097 0.37917432 -0.12974772 -0.33563763 -0.70928556 -0.198264
40 -0.11586595 0.681091 0.17193331 0.39532077 0.43312457 -0.29322097 -0.2153706 0.36375096
17 -0.4252165 0.56084156 0.5272202 0.3887385 -0.24030381 -0.282725 -0.3609438 0.01139664
20 -0.26516065 0.6031719 0.64168316 0.6446455 -0.41666836 -0.52691495 -0.40415016 -0.37805197
6 0.062418267 0.263983 0.37052512 0.76004255 0.008231873 -0.83867663 -0.28225958 0.060390774
42 -0.26490372 0.58297014 0.384995 0.7443851 -0.29870605 -0.65152055 -0.33047318 -0.17248383
43 -0.19164628 0.75709265 0.30258873 1.0836518 -0.2902564 -0.6447578 -0.19008523 -0.46433166
29 0.095861085 0.26146963 0.59402615 0.15410031 -0.1111656 -0.26673958 -0.36271828 0.35752258
48 0.111714 0.88324636 0.41010314 0.5731413 -0.69836473 -0.88844514 -0.38655287 -0.28827906
36 -0.37384975 0.97981495 0.37012306 0.7006328 -0.82456017 0.13413237 0.30087575 -0.32005528
49 -0.51942015 0.9373835 0.5966134 0.6910788 -0.6426539 0.12941022 -0.057876088 -0.5093241
23 -0.24813215 -0.2868855 0.90289974 -0.32262087 0.3764933 0.061363466 -0.4495881 0.9907197
28 -0.2577115 0.7848684 0.46795768 1.2448409 -0.4519782 -0.18575026 -0.080838464 -0.7109648
31 0.058580704 0.5991428 0.278381 1.0016961 -0.025331674 -1.0357955 -0.5313621 -0.31581718
4 -0.2871064 0.75703365 0.43363485 0.63826704 -0.81724524 -0.05566397 0.52752715 -0.15710752
25 0.44267353 0.6027222 0.3790839 -0.43974954 0.050531454 0.6689701 0.3562819 1.1155603
27 -0.5381763 1.0333867 0.5513591 1.0135638 -0.76405776 0.13385089 -0.23324783 -0.80044764
24 -0.21404476 -0.20664851 0.9070117 0.0750728 0.38540623 -0.04444302 -0.77901244 0.5017415
0 0.29635155 -0.39328477 0.5696356 -0.11702172 0.80768377 -0.056681193 -0.04591024 1.4247155
26 0.021157164 -0.32640314 0.5713849 0.72195804 0.5312091 -0.58455056 -0.6994694 0.43310496
45 -0.16192582 0.86471593 0.34542155 1.1619751 -0.31704476 -0.4512637 -0.2247369 -0.65056765
38 -0.3408583 1.1209645 0.5250721 0.5212035 -0.66583794 0.18806942 -0.035516325 -0.47789532
14 0.0189224 0.65787655 0.45233718 -0.27807575 -0.5879273 0.7026209 0.5678007 0.77970475
18 0.0027368278 -0.33389065 0.48004723 -0.0673198 1.119786 0.19522856 -0.50030154 1.4308571
34 -0.33602396 1.199247 0.4075922 0.72470725 -0.7249596 0.33922815 0.15750203 -0.5259498
19 0.0132945515 -0.43050194 0.89543235 -0.48336726 0.23416092 0.058850624 -0.28727552 1.2607324
8 0.2751846 -0.08058304 0.4986596 0.85525674 0.4013244 -1.0622112 -0.83536255 0.10437741
15 0.4311525 -0.5762409 0.7233745 -0.08489758 0.40363806 -0.7995685 -0.263681 1.2048721
46 0.26742056 -0.043294996 0.57463014 -0.18087278 -0.17582567 0.42789766 0.7728253 1.246846
21 0.1995891 -0.032061398 0.47280592 -0.5709961 0.7390807 0.64780694 0.44819158 1.783468
2 0.025585916 -0.1425975 0.5820795 -0.3355061 0.8421383 0.57112586 -0.13698556 1.445469
44 -0.36588308 0.9405857 0.3971343 0.7673758 -0.6681777 -0.2419257 -0.3471912 -0.40972978
12 0.56331617 -0.48913705 0.43612713 -0.09502774 0.7366424 0.0004657941 0.33670124 1.7688
39 -0.25882334 0.79989153 0.43444702 0.8989333 -0.33197644 -0.596113 -0.57654625 -0.5159359
7 0.35148093 -0.35642573 0.3080543 -0.086318016 1.0891436 0.030539827 -0.3155498 1.70568
5 0.026215645 0.50206286 0.4542134 0.7090279 -1.0257152 0.035801113 0.5904792 0.0129348915
37 0.5067057 -0.5147741 0.5635467 -0.14750592 0.7345865 0.2615988 0.5052343 1.7119174
3 0.16423942 -0.31025314 0.86843246 -0.67816836 0.9074819 0.5072351 -0.12038674 1.5706046
9 -0.12535167 1.1968952 0.20896825 0.0827609 -0.9506612 0.8757855 0.97295654 0.3707628
47 -0.43770713 1.224701 0.5020607 0.85199267 -0.6890795 0.31106588 0.12332534 -0.7283153
30 0.5133613 -0.38415593 0.44159654 0.006925647 1.2090894 0.18327649 -0.13155966 1.6239493
11 -0.44776535 1.2480302 0.31808537 0.20772026 -1.2299875 0.28119138 0.5121762 -0.021996783
33 0.47144133 -0.3802078 0.5026101 -0.39802063 0.8379658 0.53623873 0.9615327 2.0126505
22 0.43705422 -0.6302017 0.5316908 0.13269919 1.2649769 0.29558417 0.10022431 1.6187754
41 -0.42800635 1.4213264 0.23413084 0.637993 -0.48984137 0.7455066 0.6411465 -0.3000196
35 0.38875875 -0.33420134 0.3680065 -0.20731984 0.70517564 0.68187594 0.89631486 1.9314964
10 0.72578615 -0.028129553 0.07750042 0.778579 0.2835179 -0.61650366 0.2716331 0.81560063
13 0.22883102 -0.46247584 0.16761738 0.7793236 1.0638422 0.33229512 0.19757007 1.3145074
32 0.39205602 -0.2919044 0.34917822 0.10511381 0.8983751 1.0377566 0.82867813 1.6591332
