50 8
26 -0.4735201 -0.12027029 0.36288676 0.8503611 0.0124997655 -0.53669244 -0.48043007 -0.31397742
19 -0.5185761 -0.15061098 0.14923313 0.9055986 0.4516397 -0.50521976 -0.61224663 -0.23493192
1 -0.4158351 0.3483216 0.18862554 0.6933919 -0.69072497 0.24307695 0.077869564 -0.3542656
6 -0.36634594 -0.2176712 0.20969181 1.1388263 0.084215604 -0.6763574 -0.4568246 -0.3357024
44 -0.2829537 0.5244743 0.63761896 0.3994768 -1.0088067 -0.11412184 0.24319847 -0.2857422
48 -0.08546362 0.7764245 0.1759144 0.15310322 0.58173823 0.55716944 0.22436126 0.45130798
39 -0.34852222 0.3645461 0.011742109 0.3541018 1.3386071 -0.05825616 -0.35034245 0.46312836
27 -0.3881255 0.5225164 0.3389339 0.56714994 -1.0082781 0.26182544 0.2833722 -0.31468457
45 -0.5992424 0.42250806 0.3804166 0.43664804 -0.97568065 0.11778317 0.31621003 -0.4047875
36 -0.6354124 0.5830169 0.362199 0.28615794 -1.1032792 0.46839818 0.4742068 -0.21187493
43 -0.6013587 0.699384 0.46792904 0.1802007 -0.98853976 0.58600503 0.67745453 -0.2729423
41 -0.36964017 0.56129664 0.401141 0.35032734 -0.55659795 0.13135272 0.36238167 -0.16333485
13 -0.25238937 -0.020469347 0.13589565 0.7645446 1.5547713 -0.08632656 -0.32874954 0.44918233
30 -0.1764593 0.41411752 -0.15924114 0.58097696 1.4864382 -0.48667952 -0.6795781 0.4282349
42 -0.77355754 0.27878627 0.056080196 0.72857803 -1.3552527 -0.07096321 -0.15969267 -0.53286344
40 -0.24668545 0.32856515 -0.085926294 0.53288794 1.307285 -0.4724621 -0.55913967 0.36302125
28 -0.4785744 0.23331109 0.5053535 0.7080358 -1.3750322 -0.103240214 0.083427176 -0.47888282
18 -0.21806534 0.16368693 -0.10958536 0.73967034 1.5089031 -0.4574979 -0.78599006 0.5319413
49 -0.60441846 0.6321352 0.6438135 0.2018501 -1.394658 0.42701468 0.507533 -0.37779668
25 -0.18417865 0.96384645 0.3083242 -0.23983905 -0.10750833 0.5948528 0.2839404 0.822987
24 -0.4324586 0.32680514 -0.19218981 0.5123492 1.1118932 -0.14417768 -0.67295027 0.35789448
4 -0.41707715 0.70456386 0.61392087 0.119311094 -1.0899422 0.20834625 0.68366456 -0.03843239
20 -0.52579 0.37970603 0.5625979 0.54933333 -1.2178972 -0.16988334 0.5919022 -0.46338022
7 0.06812447 0.7492556 -0.21565427 0.40278763 0.9320796 -0.5607407 -0.6137962 0.60155326
0 -0.21822976 0.3327679 -0.011103398 0.43783414 1.5744723 -0.07488989 -0.7090824 0.7596647
29 -0.5023166 0.17173286 0.25778574 0.5880236 -0.5507602 -0.9476286 -0.16121201 0.00087382225
2 -0.13152929 0.3897144 0.0839733 0.39859965 1.4544547 -0.11180231 -0.3951998 0.7114364
10 -0.22776121 0.32393214 0.27723488 0.8852548 -0.9486015 -0.4558306 0.19315301 -0.43165734
31 -0.18190652 -0.0008413126 0.00037578586 0.9712455 0.83133954 -0.6740974 -0.847857 0.06120935
23 -0.38445318 0.2827019 -0.24253619 0.5779325 1.6442474 -0.097883075 -0.9436053 0.33179522
46 -0.63439196 0.18963456 0.11404326 0.7682095 -0.8456903 -0.29486635 -0.16071759 -0.6019292
35 -0.11927624 0.736099 0.32833007 -0.06672025 1.5659273 0.10363632 0.06912904 0.9700216
22 -0.13703932 0.5463889 0.3029528 0.08112942 1.8298897 0.07136221 -0.33627227 0.8974174
11 -0.63210887 0.821904 0.44842196 0.09204831 -1.6458946 0.6192555 0.4783707 -0.11775853
8 -0.13540094 -0.00040436062 -0.0774583 1.2934996 -0.2941899 -1.0889404 -0.67685574 -0.37732548
16 -0.09237942 0.8479739 0.31948245 0.43760613 -1.247932 -0.31726742 0.23062341 -0.27109173
5 -0.20019339 0.93414736 0.53416365 0.30930662 -1.7170677 0.43020454 0.58634496 -0.27866313
21 -0.23295526 0.48766372 0.08428612 0.19240743 1.6235793 -0.0631645 -0.44246683 0.81861454
38 -0.5810305 0.89377075 0.729979 -0.2536575 -1.0753754 0.4963633 0.7624931 -0.04756665
9 -0.38497913 0.8885258 0.46817484 -0.19878258 -0.55131036 0.63197505 0.83608365 0.48190597
33 0.07358696 0.73505825 0.4739586 -0.036496293 1.6570067 0.2044805 0.060450424 0.9255567
34 -0.3959887 0.8883732 0.75472444 -0.11676944 -1.3541862 0.3853007 0.6508733 0.21197054
17 -0.88873446 0.021136794 0.2960602 0.79435104 -1.2750292 0.0026309185 -0.3363194 -0.74136996
12 -0.13087074 0.4548247 -0.065798156 0.34512356 1.921874 -0.058561414 -0.5382632 0.9566414
3 -0.22240019 0.51448095 -0.19940569 0.4304413 1.6071255 0.240665 -0.6472798 0.5959268
37 -0.12785879 0.60706764 0.35351267 -0.0060508545 1.9869492 0.11494441 -0.12839322 0.9775377
32 -0.050883066 0.6867872 0.20000286 0.04676422 2.0724256 0.023046566 -0.32684377 1.0046157
14 -0.16556641 1.6619533 -0.08660991 -0.7054268 0.15478176 1.1217815 0.5410092 0.93732566
47 -0.62498826 0.7214471 0.45473927 0.13561179 -1.4711089 0.7116059 0.32793126 -0.10592622
15 -0.40314823 0.54579175 0.30522093 0.6314731 -1.434846 0.123123 0.1654934 -0.43531206
