50 8
19 -0.49331677 -0.9058522 -0.6920515 -1.1676003 1.2720312 0.683762 -0.9952523 -1.8626164
3 -0.49752098 -0.5709161 -0.9432403 -1.024148 0.99623364 1.3755132 -0.77042806 -1.6645616
24 -0.64013535 -0.64701915 -0.6909488 -1.2343196 1.4544513 0.49247345 -0.71589977 -1.5962913
12 -0.29618427 -0.8077243 -0.63025373 -0.40652886 1.1876314 1.3232169 -1.1854079 -0.819125
18 1.5347869 -0.93289006 0.18516515 0.8167829 -0.27652743 0.7767655 -1.7536353 0.27866247
7 -0.17492871 -1.1022546 0.51028365 0.08477991 0.9272082 1.691863 -1.5751894 0.1678139
2 -0.78416365 -0.58405626 -0.6980588 -1.1690493 1.4442575 0.65176505 -0.68469495 -1.7379006
23 -0.4583679 -0.3111607 -0.63096976 -1.9098936 1.7084332 -0.13482127 -0.13393179 -0.9539197
13 0.41726914 -0.70182216 -0.37035766 0.8922039 0.5424024 1.8062385 -1.6752014 0.5360882
0 -0.8992802 -0.2245946 0.1629129 -0.62343603 0.46995664 1.8736656 -0.36252558 -1.9073234
15 -0.90031016 -0.37609577 0.6745706 -1.1311095 0.9805718 1.1171033 0.13413608 -2.1484003
4 0.101423435 1.8469193 0.67499924 0.31578374 -0.08000958 -0.878928 0.34834224 1.5345832
30 1.2939638 -0.427085 -0.7946556 1.0304205 -0.15203106 1.4703026 -1.4400164 0.27161393
9 -0.67120206 2.7559552 -0.18981214 0.40642056 -0.060066156 0.46408513 1.0227554 1.3218977
21 -0.091988325 0.6551425 -1.4064101 0.38132346 0.047331043 1.9611946 -0.70153195 0.039721273
26 1.3575798 -0.67488307 0.95119107 0.44139847 0.3436214 -0.92945886 -1.3537289 1.0768723
14 0.06330106 2.717397 -0.49183932 0.89502305 -0.78577393 -0.06875066 0.85687566 0.54686403
31 0.7875727 -1.0672159 -0.0025271315 -0.76501346 0.63671035 -0.075434 -1.0968714 -0.7626208
11 -0.423097 2.7747092 0.33807582 0.47136348 -0.60810196 0.19005486 1.1797192 0.666471
8 1.0512865 -1.0040289 0.827094 0.83102536 0.1705713 0.344808 -1.8886358 1.0203339
33 0.68499535 1.5431092 -1.8640196 1.0095083 -0.8158558 2.249884 0.0048122266 -0.2933206
38 0.061332077 2.133358 -0.20010298 -0.420579 0.14182016 -1.8439846 0.7856204 0.5616689
27 0.05874983 1.1826379 0.55795616 -0.9609026 0.52432764 -1.6796387 0.20484722 1.1332895
37 1.1460434 1.5730478 -1.5602884 1.4931427 -1.066225 2.2750595 0.058809824 0.08707165
40 0.8504337 -0.759096 -0.30280656 -0.060119618 0.70062095 -0.08592377 -1.3197218 0.17090209
17 -0.58899415 1.028304 1.6489809 -0.55658543 0.5008836 -0.92842805 0.31785014 0.6564722
28 0.06560418 0.67128104 1.486672 -0.59106004 0.39532623 -1.5022119 -0.048734877 0.82302785
16 1.0080816 1.8962569 0.788958 0.8960201 -1.1064926 -1.5664483 0.39684656 0.33519226
36 -0.21788391 1.0614371 -0.5345568 -1.3876739 0.9928814 -1.4251807 0.28588328 0.1832865
5 -1.0843827 2.0899713 1.5912976 0.19540101 0.15858127 0.6593968 1.2738128 0.8454308
34 0.23721668 1.9200143 -0.26924485 -0.63939 0.21229713 -1.8042369 0.6700076 0.7153326
32 0.9609684 1.1188055 -2.0607975 1.348081 -0.8344416 2.1543036 -0.5286558 -0.4293066
25 1.9285895 1.466023 -0.6622002 1.0457278 -1.3409421 -0.9783814 0.005771625 -0.086584315
1 -0.19152448 0.58437055 -0.6188944 -1.4292979 1.1699445 -1.5612755 -0.049298555 -0.07526543
39 0.31714767 -0.21959752 0.46485755 -1.3384004 1.0816157 -1.389611 -0.29637286 -0.0025022798
6 1.2297305 0.122063525 1.5749643 0.14297244 -0.121769354 -1.9474267 -0.5895676 0.6904254
20 0.61206394 0.6140525 1.1246098 0.0442957 0.05151957 -1.7759844 -0.4677332 0.871403
35 0.9027604 1.3254583 -2.2363343 1.1461821 -0.608659 2.4935215 -0.10521545 -0.2901986
29 1.8394873 0.6938296 0.30132607 0.97395086 -0.8812581 -1.9493448 -0.62814635 0.07930998
43 -0.25194043 -0.10362169 0.5864368 -1.3103417 1.3228294 -0.6292662 -0.095211215 0.117196724
41 1.2387949 0.25047454 0.92286 0.12537088 -0.18427494 -1.4991838 -0.7592538 0.9742461
10 -0.41121843 -0.16738988 1.1143312 -0.17897704 0.6960733 0.84015346 -1.0104629 1.4816105
42 -0.10103098 0.16804668 2.2036374 -0.45443815 0.2330069 -0.5400656 0.6229157 -1.3982657
44 1.8003836 -0.35240024 1.302008 0.5523217 -0.54298884 -1.8824347 -0.9869782 -0.26244566
22 1.4859422 0.6734226 -1.6351553 1.6146162 -0.8142942 1.9448398 -0.56137455 -0.5524244
45 0.3378478 0.60749173 2.6693895 -0.41128874 -0.56730425 -0.84161377 0.665339 -0.73479086
47 -0.8461049 1.7057946 2.2506535 -0.17802623 -0.52364874 0.89860016 1.611765 -1.0255209
49 -0.53024906 2.0394132 1.6368359 -0.21009086 -0.21428117 -0.7320422 1.2360166 0.22031078
46 -0.7206758 1.0943373 1.3681682 -0.10229931 -0.24714786 1.2770176 1.0227113 -1.3639379
48 0.45365444 0.8352416 1.7370989 -0.12102716 0.012647853 -1.7808366 0.330703 0.10761319
