50 8
23 -0.03373211 0.45582506 0.7395893 0.5335668 0.42176846 -0.23085022 -0.04457645 0.1581163
1 -0.19469436 0.44774193 0.7550881 -0.70041263 0.3342456 0.75040895 0.44795707 0.04277705
26 -0.36524558 0.32628268 0.5344229 0.4203428 0.3747002 -0.5573703 -0.13898732 0.8635193
43 -0.53591275 0.62807125 0.4910518 -0.18236722 0.4860548 0.14492619 0.38022807 0.40927324
39 0.5340253 0.20694327 0.19386876 1.6564428 -0.052657325 0.6910727 0.25414103 -0.17263839
48 -0.119363956 0.240597 -0.022219343 0.34714574 0.19931997 0.9738573 1.0387129 0.24575996
24 -0.036604904 0.39637762 0.6918852 0.2828521 0.70709014 -0.7344016 -0.60597575 0.61218923
20 -0.4498558 -0.31026605 0.5159236 -1.198111 0.4499297 0.5617302 0.14458133 0.8850408
19 0.24882717 0.12064283 0.8273493 0.31875378 0.6041091 -0.7307678 -0.68452 0.58902323
18 0.35030615 -0.20666225 0.18589231 1.3103683 0.53869736 -0.15759721 -0.8814195 0.45259425
42 -0.3323035 -0.13550739 0.7102289 -0.41455984 0.59108406 -0.19846956 -0.3586001 0.71379554
28 -0.6871361 0.5749915 0.5104781 -0.8567393 0.24339858 0.7150731 0.74270654 0.5671978
45 -0.7810215 0.67920077 0.8532821 -0.60604393 0.4371531 0.19103262 0.4997967 0.2707498
6 -0.4653392 -0.06734621 0.55169624 -0.3897643 0.8942656 -0.37803134 -0.6888444 0.7479657
15 -0.41627157 0.2060759 0.9006929 0.2726302 0.46130994 -0.79640555 -0.4626719 0.71145415
44 0.19448112 0.12694852 0.6820556 0.18976474 0.41570505 0.062299497 -0.43018618 0.20035519
31 0.14037155 0.32249072 0.5063328 0.6080014 0.49889755 -0.6510291 -0.62094444 0.81582683
7 0.063766874 0.006215656 0.3523061 1.0201708 0.6089179 -0.7825242 -0.63865197 0.907068
46 -0.23745655 0.104175575 0.7990533 -1.1406895 0.3533592 0.8646935 0.2118387 0.24679294
49 -0.44826022 0.118651874 0.70321786 -1.2268486 0.32951325 0.9569746 0.37408718 0.32668084
41 -0.25597396 0.30526564 0.06801968 -0.2997447 0.5232939 1.0458567 0.97484994 0.13170269
12 -0.019186398 0.01401973 -0.036261424 1.774112 0.7096453 -0.38043353 -0.55306274 0.5095057
40 0.3313407 -0.18370709 -0.16306 1.8632231 0.40765733 0.1750971 -0.42682704 0.35929257
13 0.26944852 -0.028010625 -0.06509895 1.5625674 0.24531086 0.3207061 -0.076309934 0.36466676
27 -0.5333271 0.43652758 0.78412175 -1.2386445 0.26814827 0.7230929 0.46185437 0.46028638
2 0.39602754 -0.1484201 0.25417006 1.777849 0.3359667 -0.22815971 -0.37930363 0.37330368
36 -0.454043 0.6366295 0.81993407 -0.9422125 0.2726135 0.8875816 1.0020845 0.026394619
21 0.071315706 -0.26457557 0.07339055 1.7408909 0.39331162 -0.19297685 -0.7271331 0.559644
4 -0.37146822 0.50641435 0.6127528 -1.0342598 0.20591584 1.2726514 0.8693573 0.119207844
17 -0.6134843 0.3532276 0.8690603 -1.0675164 0.45622152 0.04271545 0.39907202 0.71287495
8 -0.046963014 -0.17008847 0.013069285 0.85920125 0.7310007 -0.4454184 -0.90313524 0.969631
29 0.5788865 -0.44591245 0.68122977 -0.55738324 1.0729077 0.16320035 -0.8369655 0.052809507
3 0.469982 -0.17389786 0.20029432 1.3920637 0.6468572 -0.6189405 -0.94130534 0.7245327
34 0.5461506 -0.3254598 0.6095098 -0.7642097 0.09714582 1.4783083 0.86831325 -0.035482775
0 0.33878013 -0.27627984 0.17729044 2.0565841 0.36296132 -0.1747271 -0.6224387 0.29181585
10 -1.0839638 0.6723207 0.51853746 -0.45275328 0.36204517 -0.19295347 0.15306939 0.99975
30 0.1786156 0.14571854 0.18627277 1.9611969 0.39975843 -0.18866292 -0.5398847 0.19908716
25 1.0363853 -0.51137584 -0.32115304 0.5555477 0.28071627 1.9385835 -0.060069658 -0.26014054
38 0.4610078 0.05154538 0.19284329 -0.31322506 0.23399565 1.7171891 0.7203855 -0.2591706
9 -0.08045789 0.0610722 0.6336285 -0.99578696 0.04316805 1.468378 0.6502297 0.070146956
35 0.6804386 -0.30324212 0.009443573 2.1236196 -0.1890925 0.39435577 0.23882923 0.44756633
5 -0.52328193 0.69749945 0.80383956 -1.3370337 0.1008026 0.9821557 1.1760486 0.3507089
11 0.16932082 -0.3373032 0.7979344 -1.4447651 -0.021432612 1.766456 0.6554366 0.09903305
16 0.4794623 -0.41720024 0.51637536 -1.3084104 0.51649 1.3694792 -0.07794251 0.15900543
14 0.29417834 -0.14683709 0.5062913 -1.1366584 0.025678534 1.983297 0.48418963 -0.058455784
32 0.60679406 -0.26109278 -0.046567522 2.356452 -0.0960569 0.5678731 -0.06645157 0.12649329
22 0.9192154 -0.2345024 -0.25455564 2.3407762 -0.42028677 0.8659168 0.61558604 0.34428966
33 0.80679625 -0.34279236 -0.2594977 2.3561552 -0.20214677 1.0003827 0.29062113 0.10816554
47 -0.33625907 0.69200414 0.92204475 -0.35138795 -0.27061027 1.3977396 0.8707614 -0.43893507
37 0.8746435 -0.5373534 0.16205803 2.5034919 -0.003968592 0.16787547 -0.16344856 0.18563585
