50 8
23 -0.26158625 0.10700411 0.65102136 0.16419734 0.2094605 0.15448536 0.2620377 0.25168967
1 -0.58672017 0.12565824 0.7002281 -0.28231633 0.6202308 0.70735717 0.36260194 -0.041199893
36 -0.52620065 0.15438384 0.6447914 -0.29335457 0.8274285 1.0493289 0.15869059 -0.27487093
26 -0.5357168 0.25806695 0.06049692 0.64423674 0.8846679 -0.5895943 0.5810826 0.38150844
27 -0.70902514 0.24937555 0.75512123 -0.4062366 0.9645342 0.26202294 0.31744677 0.12445769
43 -0.57731926 0.077592455 0.73103243 -0.4261488 0.9378936 0.7505973 0.14988428 -0.03084775
28 -0.70131576 0.020508718 0.6302997 -0.774195 0.51462764 1.3037566 0.12000898 0.13504338
42 -0.8083002 0.106314644 0.5153773 -0.3533127 0.9516778 0.12605274 0.33510485 0.36952183
29 -0.6408403 0.22610198 0.46322095 -0.060278773 0.8395565 0.6030864 0.35002086 -0.0992084
14 0.05085654 -0.068471186 0.45937935 -0.09745044 -0.67133486 1.5956082 -0.44423008 0.36645436
45 -0.59746903 0.2454218 0.74249274 -0.26640767 0.7873676 0.32969487 0.196513 0.090014756
41 -0.5396263 0.2974788 0.56762725 -0.14264548 1.0528736 0.9516027 0.25057587 -0.4001424
34 -0.54430753 -0.47059682 0.60569555 -0.30938604 0.37029538 1.4373345 0.31799388 -0.20467947
8 -0.6406801 0.4782602 0.04062676 0.6433733 0.94318855 -0.54496694 0.53081834 0.2580541
6 -0.6782303 0.52756 0.6086688 -0.4031212 1.2207953 0.56269276 0.077632286 -0.022708071
17 -0.7279785 0.010073695 0.8606202 -0.76649237 -0.08085566 0.601104 0.41024107 0.60138416
16 -0.56356835 -0.018707342 0.6291532 -0.36028337 0.6731018 1.159591 0.25813377 -0.18631044
46 -0.65220535 0.21783306 0.98826057 -0.6967999 0.3901858 0.7951877 0.0029086457 0.15628421
20 -0.76114595 0.20823257 0.828062 -0.6093671 0.48729616 1.0230856 0.36909834 -0.07506954
48 -0.56034416 0.21146907 0.49285 -0.3360797 0.9199044 0.8078183 0.40001723 -0.0042005703
49 -0.5258519 0.0763601 0.80180997 -0.6991577 -0.30190066 0.7856708 0.20194243 0.68919104
5 0.14085478 -0.023182044 0.55020773 -0.10740393 -1.1444921 1.1152819 -0.44879997 0.8801724
19 0.045969803 0.18203853 0.5416419 0.68929017 -0.25783804 -0.9114695 -0.8083534 1.180837
40 -0.49325293 0.39062577 -0.19877116 1.2871699 0.9636464 -0.5895437 0.8605298 -0.07003817
10 -0.46360537 -0.055577423 0.31163386 0.3910332 -0.33895215 -0.15558113 -0.049904957 0.7988389
12 0.29233748 0.11716787 0.008836267 1.6332675 0.2111021 -1.0202024 -0.29528353 0.7178365
4 -0.6833127 -0.087946646 0.85844684 -0.57583773 0.121167034 1.1419756 0.28034788 -0.018383566
31 -0.7556378 0.5206153 0.38545173 -0.08801298 1.2549258 0.33215496 0.38977256 -0.06295847
24 0.22281954 0.27589047 0.19133368 1.2703171 -0.12391462 -0.9228336 -0.30018887 0.9340072
39 -0.7691976 0.4523442 0.30176833 0.12867501 1.1274939 0.46898317 0.47075754 -0.31174555
38 -0.56091815 -0.1484916 0.59711397 -0.22115044 0.56807274 1.62708 0.6941117 -0.63129264
44 -0.5400662 0.3226772 0.03474632 1.0266066 1.1095475 -0.13654864 0.5742629 -0.45020995
15 0.39188138 0.21826223 0.39554936 1.185876 -0.86665046 -0.7752175 -0.71848726 1.1949804
7 0.7571182 0.03821921 -0.30943084 1.9474524 -0.21571112 -1.0582712 -0.5268048 1.2412645
18 0.73680073 0.05842235 -0.34040603 2.1212153 -0.0037080655 -1.0691134 -0.616662 1.1023134
9 -0.58276093 -0.20011568 0.82724524 -0.6479172 0.18199597 1.5361263 0.4634853 -0.121983245
3 0.6834267 -0.013211813 -0.20600793 1.870258 -0.7616874 -0.7314995 -0.6297238 1.2725028
0 0.7626637 -0.62003076 -0.23621882 2.1695182 -1.026289 -0.4244748 -0.5856908 1.0552912
21 0.62503093 -0.6510668 -0.19601555 1.9176143 -1.2040552 -0.4214786 -0.38647184 1.199667
30 0.6049861 0.121117465 -0.3734912 2.359736 -0.3368909 -1.3268423 -0.35599256 1.1790878
11 0.17931919 -0.318252 0.4849031 -0.08915538 -0.81499803 2.0160632 -0.59010744 0.200757
35 0.8267492 -0.84869003 -0.17951101 2.2021904 -1.569746 -0.019916365 -0.40449098 0.9333885
33 0.88080174 -0.8024218 -0.38774422 2.2615452 -1.3641987 0.13128929 -0.2532828 0.84371454
22 0.7894383 -0.7173741 -0.06553415 1.8416121 -1.5664718 0.11075635 -0.6029379 1.0501215
13 0.83021426 0.09876831 -0.3455551 2.0173855 -0.122651525 -0.61236525 -0.78101814 0.9284895
2 0.54897404 0.13596506 -0.35260737 2.2532504 -0.45520926 -1.1244334 -0.13107115 1.0320778
37 0.8531278 -0.8331152 -0.31505215 2.1343887 -1.3203927 0.13266793 -0.2706928 0.84948766
47 -0.398454 -0.18922493 0.7248804 -0.36972845 0.30890316 1.3493919 0.39195186 -0.15237686
25 1.0931152 -0.4864657 -0.20783806 0.99034965 -0.7717626 1.5953239 -0.84380674 0.61293334
32 0.9699043 -0.25400406 -0.5791562 2.756255 -1.0436933 -0.08923438 -0.6241741 0.636479
