50 8
23 0.09422769 0.27857733 0.55596185 0.21787715 0.28543133 0.41991776 0.34123006 -0.16603723
1 -0.0042785113 0.66416657 0.45170912 -0.16790621 -0.27712846 0.7445929 0.38776016 -0.09427379
38 0.03610864 0.3070648 0.6113988 -0.10327207 -0.0466585 1.3241162 0.35295233 -0.5792884
26 -0.24783596 -0.14091004 0.6859456 0.5841198 0.65220374 -0.43534112 0.43043733 0.37430504
45 -0.30842084 -0.009129237 0.7766588 -0.30369687 0.5375084 1.2203419 0.61461747 -0.59227943
6 -0.32698014 -0.011422846 0.76625973 -0.4759181 0.65714586 1.1133537 0.5921648 -0.37223914
28 -0.42322636 0.53366405 0.5002152 -0.44196925 0.50281227 1.1301996 0.6122668 -0.36599132
16 -0.16046485 0.063839614 0.57177705 -0.62743014 0.5639538 0.6096308 -0.40083143 0.55071944
36 -0.3954155 0.67564464 0.4321044 -0.38193575 0.1315427 1.2051249 0.7759735 -0.31728402
27 -0.301079 0.6619708 0.3544911 -0.23282005 0.22419742 1.225181 1.0351051 -0.2957797
46 -0.123221874 0.69855535 0.550905 -0.41868278 -0.26190406 -0.09871336 -0.49172172 0.6172448
47 -0.12365299 0.3463814 0.6751673 -0.5784724 0.18941888 1.2664548 0.5673812 -0.45200965
41 -0.0959605 0.9285471 0.30975428 -0.1719922 -0.21818101 1.3687671 0.6423753 -0.51924926
10 -0.045608964 0.71137923 0.2713193 0.6481739 -0.5700905 -0.2816053 -0.14095017 0.7508459
5 0.34435335 1.0369527 0.05371895 0.5262549 -0.53639257 0.13770847 0.22856967 0.478031
34 -0.057259135 0.48461998 0.5755831 -0.5587671 -0.16042127 1.3757598 0.21901178 -0.2908962
20 -0.08047964 0.45636597 0.4687858 -0.3318408 -0.19315635 1.3375298 0.34015238 -0.20750679
42 -0.41033855 -0.048378944 0.78564966 -0.44811723 0.84284073 0.7929312 0.9104331 -0.25952977
15 0.12773566 0.29873514 0.5603436 1.1546733 0.027434304 -1.1264492 -0.33845004 0.77325326
4 -0.06707951 0.7068102 0.509323 -0.6116947 -0.2930898 1.1196766 0.2606763 -0.111809745
17 -0.22537245 0.34397236 0.720452 -0.47669405 -0.16587397 1.2334625 0.39143017 -0.4365095
21 0.41991612 0.22235465 0.57049716 1.218206 -0.68083245 -0.550966 -1.033684 0.7314444
19 0.21739772 0.35433254 0.58261776 0.84160703 -0.28295815 -1.0171598 -0.6987378 0.98144966
31 -0.36554998 0.36061117 0.5332587 -0.43784726 0.5901204 1.2429247 0.7339269 -0.31356052
49 -0.23155692 0.78327084 0.29457322 -0.19776686 -0.28477234 1.2605551 0.6962384 -0.1363749
8 -0.53284687 -0.11434114 0.5051545 0.22828975 0.93872744 0.44035074 1.0104551 0.1169127
14 0.19973768 0.9050894 0.45905897 -0.085179634 -0.8205905 0.35050604 -0.93417996 0.20912728
9 0.38353288 0.78847 0.42964303 -0.1587577 -0.7002143 0.34709844 0.25165364 0.34143347
39 -0.36472812 0.25420645 0.6130662 -0.55708814 0.818891 1.3836658 0.764649 -0.5404746
18 0.34955567 -0.5212344 0.8676508 1.1258622 0.68828654 -1.1952939 -0.6606841 0.8386389
48 -0.26576936 0.46170458 0.61509275 -0.64344174 0.32836843 1.4498442 0.90539163 -0.46512717
43 -0.2782845 0.56724143 0.4900126 -0.5575025 0.4699768 1.3385494 0.82985467 -0.46530527
32 0.27374658 0.24472792 0.54767597 1.2172503 -0.014512474 -1.1751274 -0.5155089 1.0385685
7 0.44505984 0.12751114 0.43197858 1.5312381 0.30014712 -1.2230633 -0.23048165 1.046947
37 0.46508434 -0.1306294 0.8776153 0.524429 0.13062628 -0.7875212 -1.0235741 0.6645842
22 0.23230445 0.032266926 0.78560853 0.87919885 0.11034818 -1.466568 -0.6008159 1.0972937
24 0.28501105 0.40626356 0.39205107 1.1597369 -0.2629696 -1.0409205 -0.6890831 1.1683245
25 0.4731017 -0.047323555 0.7647293 -0.05125562 0.23289336 -0.28745183 -0.80849886 0.6953065
0 0.38292107 -0.09152545 0.80325776 1.1116476 0.028390843 -1.3681542 -0.79755956 1.1070834
29 -0.053885426 -0.1463297 0.9487943 -0.5207232 0.7301137 0.3357143 -0.51578045 -0.06165104
33 0.33777195 0.33513388 0.62354076 1.0784951 -0.20249282 -1.2194822 -0.8710547 1.0165375
3 0.5165206 0.4736501 0.5164733 1.175192 -0.35991684 -1.1837709 -0.9086756 0.93170744
40 -0.21312816 0.25761956 0.5431297 -0.2398328 0.5778563 1.5431296 0.9981666 -0.63743705
13 0.36068445 0.2510843 0.34917158 1.396219 0.3615482 -1.2419665 -0.5397721 1.2024926
30 0.10719358 -0.5169571 0.8097333 1.1402937 0.9441747 -1.163909 -0.2666679 0.8070598
11 0.15592723 0.9966505 0.29844543 -0.066552185 -0.79655755 0.33082232 -0.65452 0.384187
35 0.113660954 -0.16627903 0.9828918 0.84275454 0.29264793 -1.7212865 -0.75570446 1.1767572
2 0.35254765 0.1438593 0.64849466 1.2488207 -0.12812664 -1.3529489 -0.61738753 1.1220058
12 0.21810217 0.38486493 0.49280465 1.1332387 0.16738553 -1.4838362 -0.5737981 1.2646462
44 -0.22014378 -1.0492973 1.1632651 -0.13599642 1.374932 0.586076 -0.4293756 -0.206027
