50 8
38 0.2726012 0.25045103 0.7388447 -0.98573 -0.32361066 -1.4825904 -1.6325142 0.8985744
19 -0.23969035 0.08478105 -1.7979494 -0.22838657 1.7135584 1.5587035 0.39673334 -0.6989134
15 -0.07836944 0.09923031 -0.29356697 0.14617966 0.9584202 2.9480548 0.7840335 -1.168426
41 0.28008953 0.056065205 0.6304221 -1.0078285 -0.030960502 -1.4420679 -1.3551607 0.45065007
27 0.21384034 0.19360024 0.9832873 -1.1438526 -0.021371718 -1.62865 -1.2010648 0.39528102
39 0.6798253 -0.284537 0.85169405 -0.99789506 -0.5755427 -1.5488429 -1.8913128 0.64139086
20 0.0072670085 0.43711248 -1.0062294 0.076979496 1.4385986 -0.8202838 0.005690772 0.921127
31 0.51267403 -0.07686863 0.8563857 -0.85148704 -0.464809 -1.3023453 -1.7213268 1.0544873
34 0.7368283 1.029662 0.31219873 -1.1518258 -0.7235904 -1.3017427 -1.3048601 0.064870834
14 0.48944262 2.4031172 -0.16653962 0.06757622 -0.1093027 -0.5855813 0.16263424 0.3871872
28 0.27538937 -0.4055973 1.0903232 -1.1677439 0.06329308 -1.5209985 -1.2775347 0.7503219
0 0.3114131 -0.5157734 -0.12982406 0.5589152 0.3711377 3.1800914 0.14657572 -1.6470246
24 -0.42047712 0.17802706 -1.91367 -0.37538394 1.8905385 1.4428517 0.43517414 -0.388897
6 0.22953714 -0.7259076 0.57336 -0.0010280233 0.9649537 -0.8897081 -0.5438813 1.8787575
1 -0.015361318 0.877042 -1.073733 -0.73637855 1.4925113 -0.75431377 0.51285434 -0.27811432
4 -0.17631035 0.32232818 0.26821402 -0.45972824 1.176727 -1.8207265 -0.32928285 0.9106392
10 -0.19699407 0.18713495 -0.68943673 0.31861976 1.8965583 -0.3846017 0.57172054 1.0144724
23 -0.05594081 0.5235514 -1.7091264 -0.21902964 1.4501015 0.97945607 0.22515927 0.2837032
3 -0.36056146 -0.4690756 -1.5178974 0.05603944 1.5126563 2.3280404 -0.0763843 0.015111852
29 1.1702303 1.6369117 -0.62174076 0.45577988 -0.3185095 -1.063178 -0.40499017 0.70203334
32 0.24845555 -0.3083471 0.010574863 1.5184842 0.12043855 2.8712792 -0.14511871 -1.2226529
9 0.65516484 1.8148788 -0.6638188 -0.16837677 0.27965647 -1.13893 0.09859366 0.018543728
36 0.5237547 0.48144194 0.93972296 -0.99784416 -0.485988 -1.5520375 -1.148191 -0.047850296
35 0.6970063 -0.12812667 0.7688996 1.8148564 -0.25081962 2.754294 0.32818025 -2.1973507
30 0.5554471 -0.5323406 1.0142801 1.6385958 -0.3649743 2.875643 0.032510724 -2.2567127
43 0.3777069 0.016108664 1.3457977 -1.3534701 -0.6489153 -1.6415474 -1.7532536 0.18364349
18 0.53990525 -0.72014326 0.79197276 1.5873971 0.027190248 2.4029448 0.11989031 -1.3691558
25 0.6852093 1.826635 -0.41765195 0.12370947 0.35796478 -1.1782291 0.47727147 -0.45013657
37 0.88240963 0.9101279 0.19581522 1.2359143 -0.20172395 1.8034757 0.7690138 -2.050351
33 0.16417818 -0.2747241 -0.02950863 1.5380267 0.22892185 2.9358408 -0.17331566 -1.1506531
40 0.42681068 -0.38921428 1.0632247 -0.98748136 -0.59254366 -1.2111081 -2.0031343 0.74349195
12 -0.47314972 -0.91474676 -0.6096635 1.1462773 0.70633787 2.0423539 -1.0570713 0.6735529
5 -0.23066276 0.30127767 0.27112508 -0.4469383 0.9131209 1.5599436 0.8416868 -1.5711209
8 0.49763128 -0.9552787 0.18214495 0.37594733 0.29277417 0.174305 -1.1293693 1.6788468
13 0.22580586 -0.8112569 -0.7940967 1.300946 0.14513883 1.4548858 -1.4045492 0.9717428
16 -0.122529395 1.916376 0.90853983 0.20325562 0.8631932 -1.3757596 1.0841997 -0.46890235
11 0.42398214 1.6527702 0.09561753 -0.02807811 0.60555863 -0.39810777 1.0344249 -1.2423359
2 -0.18976839 -0.46444553 -0.26749736 0.8549971 0.3694058 3.140385 -0.4027863 -0.72692436
26 0.022930108 -1.2401164 0.62028044 0.14944832 1.0213681 -0.6011821 -0.5821111 0.9246747
22 0.4310464 0.25041896 0.8793606 0.86105824 0.118207954 2.4623811 0.86474353 -2.199291
17 0.031246232 -0.41618744 1.5204843 0.05531227 1.2097914 -1.1666346 0.68842435 -0.23420882
7 -0.032302056 -0.5737322 0.13734204 -0.20872176 1.0673543 1.9365131 0.42597634 0.5026146
45 0.373485 -0.19410405 1.2585531 -1.131 -0.40951958 -1.4852722 -1.5105026 0.20968139
21 0.7605067 1.6682009 -0.9100271 0.23979402 -0.19417152 0.72970265 -0.15179159 0.86216414
47 0.44608477 -0.34765115 1.6448845 -1.3629338 -0.6581925 -1.5026588 -1.7130105 0.07198019
42 0.38198897 -0.47107872 2.1089091 1.2935848 -0.26151678 0.99376005 0.26445794 -2.241712
49 0.43763164 0.08466287 1.799589 -0.79651093 -0.21030544 -1.920164 -0.6502034 -0.9592758
44 0.8411618 -1.2389518 1.2902986 0.56875813 -1.0057318 0.060999386 -1.662382 -0.2331345
46 0.026482325 -0.4240953 1.3452258 -0.62777317 0.6541386 -1.7299662 -0.5698939 -0.0069943117
48 0.06827114 0.16005953 0.8365021 -0.34730053 0.51323044 -1.701239 -0.7277123 0.6559134
