50 8
23 -0.22618277 0.7859359 0.21027586 0.095591076 0.27402532 -0.7881248 -0.66798186 0.46276304
25 -0.058247745 0.5906258 0.22322167 0.2305682 -0.25201944 -0.40257013 -0.3767628 0.26484838
48 0.32481378 0.6144901 -0.13227001 0.5909312 -0.12977813 -0.16246249 -0.4403805 -0.5463679
43 -0.2547725 -0.25854695 -0.13785164 0.6521135 -0.70468485 -0.5039301 0.10579764 -1.0062201
29 -0.23035026 0.48248056 -0.19578023 0.43304026 -0.9372663 0.008245928 0.26918167 -0.12163621
18 -0.09063379 0.6701365 -0.22876696 0.3907514 0.437016 -0.986287 -0.95101446 0.42585588
26 -0.11237552 -0.20524946 -0.3715247 0.518318 -0.48236588 -0.92288005 -0.5073773 -1.0170742
40 0.097645886 0.7343673 -0.4937206 0.5022736 0.5175827 -1.1566008 -0.93689066 0.20273323
19 -0.05287306 0.69303656 -0.1782009 0.47822994 0.6227066 -0.66121036 -1.1221142 0.06366816
39 -0.18591711 0.33071378 -0.91862965 0.5228882 0.16171399 -1.337036 -1.0009654 0.0054358146
30 -0.06497059 0.9046765 0.08337716 0.3069985 0.69805926 -0.7908137 -1.0142542 0.5529749
24 -0.02186813 1.0535474 -0.29348335 0.33016214 0.7178667 -0.8919904 -1.0590004 0.3215942
36 -0.3964558 -0.25071976 0.82693547 0.60963154 -1.2954392 0.50413007 0.7484584 -0.85513175
31 0.25582832 0.19805026 -1.0224935 0.6906642 -0.017995192 -1.3629514 -0.95732445 -0.6882303
8 0.20899817 -0.10666086 -0.5010732 0.68944526 -0.27465716 -1.3633265 -0.40205348 -0.39571863
44 0.21675533 -0.1033123 -0.19424483 0.53696716 -0.8857152 -0.7879583 0.054754715 -0.72617257
17 -0.44563687 -0.42253616 0.64219207 0.6858477 -1.2687117 0.48669368 0.42959183 -0.89914
12 0.035839245 0.6698018 -0.60423815 0.5354872 0.48625526 -1.2826353 -0.94376796 0.3506457
49 -0.5589718 -0.46179006 0.9612075 0.5705035 -1.2873333 0.58239824 0.50137174 -0.8595612
7 0.19226442 0.37161633 -0.8829488 0.63865393 0.023444789 -1.2266896 -0.8208171 -0.25320652
6 -0.21769886 -0.4394109 -0.3205176 0.69674605 -0.70615834 -0.67968625 -0.15724419 -1.1978858
27 -0.53102756 -0.46075788 0.8703549 0.75038046 -1.2632369 0.63188547 0.67433804 -0.90773386
14 -0.78695977 0.7308285 1.4488721 0.19383965 -0.48802584 1.1404469 0.32978565 0.5688024
16 -0.2456249 0.26306593 0.91126263 0.3965225 -1.2409078 0.7039117 0.77716094 -0.5079726
15 -0.1336303 0.5773914 -0.24233693 0.4367622 0.3755698 -1.0823693 -0.8258992 0.48041913
21 -0.15069878 1.0828178 -0.005180234 0.3332821 0.771271 -0.69974524 -0.9437516 0.665304
41 -0.42698982 0.0606268 0.85976946 0.5956287 -0.960333 0.61068785 0.7556341 -0.5528352
20 -0.3144105 -0.52666587 0.6472743 0.8355457 -1.2566363 0.36780816 0.7194125 -1.1325299
4 -0.6283971 0.19921064 1.3707778 0.51045823 -0.84976095 0.841205 1.0060061 -0.06675018
34 -0.40299645 0.235557 1.1612225 0.4314279 -0.8922263 0.95114684 0.2916982 -0.24540007
13 0.18697318 -0.033412836 -0.7409713 0.8324455 -0.09367672 -1.3755476 -0.3692452 -0.5667075
28 -0.26971632 -0.6883014 0.19076826 0.63788176 -1.131618 -0.6574038 0.45530826 -1.0562869
42 -0.33703175 -0.08561499 0.1769955 0.4984776 -0.56852543 -0.4286879 0.13520916 -0.62972057
38 -0.5445806 0.807832 1.4376194 0.15779778 -0.7111202 1.3588318 0.3261719 0.4537793
37 -0.25575262 1.32131 0.4006562 0.16529267 0.611751 -0.11592245 -0.72430646 0.956541
32 0.023837153 1.3220339 0.38657156 0.24997164 0.76718295 -0.527863 -0.64366055 1.1140838
1 -0.44654885 -0.12304952 0.7181122 0.7021678 -1.3756883 1.0227567 0.71343625 -1.1543329
0 -0.1472506 1.2722025 0.3540574 0.14203371 0.9124342 -0.73779833 -0.8472529 0.9690346
3 0.17597431 1.069448 -0.30647776 0.32226917 0.7557474 -1.2304959 -1.0349692 0.5449377
10 0.05060021 -0.23976743 0.11266326 0.7928737 -0.68683106 -0.41779912 0.3076802 -1.0900917
46 -0.5328349 0.99734706 1.2871269 0.23803915 -0.22793086 1.1640041 0.08425295 0.90222883
35 -0.07930412 0.9098527 0.75655705 0.3074114 0.5941704 -0.2587433 -0.82869947 1.0924727
33 -0.19148083 1.4912306 0.418551 0.103929505 0.6850994 -0.34797186 -0.5813414 1.2385511
2 -0.010283063 1.2328846 0.06583631 0.14580631 0.7140212 -0.91922724 -0.96072227 1.0279094
5 -0.46740654 -0.3368913 1.2608157 0.58323044 -1.3688695 0.6450432 0.8959701 -0.44434857
11 -0.8965303 -0.053178623 1.2546594 0.4147585 -1.2845149 1.0148933 0.8318679 -0.15798976
45 -0.22693445 -0.35520834 0.15627782 0.781626 -1.1680918 0.015468412 0.65319186 -1.1582944
22 -0.2646005 1.0647054 1.2129172 0.28748298 0.52940595 0.49414322 -0.4641523 1.1530218
9 -0.75137585 0.344348 1.4847975 0.42849597 -1.2622337 1.5054508 1.1244167 -0.3036201
47 -0.38019115 -0.26158872 -0.4575684 0.8547604 -0.98911524 -0.13689432 0.12729967 -0.75571704
