50 8
18 1.1488092 -0.75756514 0.47051838 0.28836548 1.2434825 0.1882181 -1.3374423 -0.54259384
12 0.22665924 -0.53217673 0.94552886 -0.10890352 0.78489953 0.76640266 -1.5230056 -0.65163606
8 1.3767871 -1.0943629 0.8493091 0.1920279 0.5449181 -0.114524744 -1.2932738 0.51034546
4 -0.91437936 1.615282 -0.10989216 -0.056238506 -0.8784065 -0.57802635 0.6176506 1.273457
14 -1.2626752 2.1984851 -0.956715 0.47966298 -0.5856424 0.059931703 0.24137038 0.65476394
9 -1.3828021 1.8645835 -0.23710921 0.023611214 -0.60591525 -0.6560855 0.9420879 1.1681418
11 -1.4420627 2.3073733 -0.58666515 0.389578 -1.0131172 -0.19010642 0.49057275 1.0823956
41 -1.1867456 2.2379527 -0.50982714 0.30650583 -1.0876698 -0.2616237 0.5232382 1.0043422
34 -1.0155443 2.0063741 -0.79507697 0.22602606 -0.9285476 -0.36876455 0.28891104 1.1875827
13 1.0852755 -0.9630058 1.2082126 0.78773797 0.24177657 0.9667211 -1.2178559 1.2390721
23 0.66376615 -0.68713915 0.5250558 -1.4584402 1.418523 -1.0061601 -0.57106596 -0.966687
5 -1.3951586 1.5830586 0.85421604 -0.37077385 -0.68296856 -0.4804004 1.437322 1.0558218
27 -1.2796534 1.3384914 0.36416656 0.020801105 -0.8144513 -0.8848899 0.8246556 1.2675399
30 2.023913 -0.24114458 0.5045355 0.6972305 0.73870605 1.082572 -0.88836855 -0.03931931
31 1.3568178 -0.8229645 0.6291939 0.39101282 0.56805587 -0.17749637 -1.2691488 -0.1961497
24 0.27457404 -0.6083593 0.5781851 -1.1230744 1.1887662 -0.9963327 -0.741558 -1.0468627
6 0.7017796 -1.0746739 1.1115603 -0.3374085 0.50061095 -0.76828295 -0.46730572 1.0066612
36 -0.96660274 1.8087634 -0.42473826 -0.017905818 -0.8407752 -0.66012055 0.6199787 1.2966099
26 0.752941 -0.6084715 1.1647228 0.14939752 0.0063966215 -0.42446545 -0.46841905 0.5913362
7 0.14755805 -0.81174564 1.638973 0.6561559 0.5634182 1.1969935 -0.99097824 0.6657938
28 -0.86645967 0.754951 0.6823054 -0.2710317 -0.5039434 -0.655032 0.6920148 1.5795643
40 1.2844357 -0.57601374 -0.004047135 0.54707205 0.7378058 -0.042884 -1.4861645 -0.19062404
3 -0.7106617 0.23050305 -0.1996501 -0.36868167 1.4699141 1.0983292 -1.7318755 -1.5017098
10 0.29510924 -0.62809646 1.4523523 -0.15690593 0.06745797 -0.43574366 0.22102466 1.604667
0 -0.32962164 -0.28324896 0.60743076 -0.6209887 1.5593649 0.52091885 -1.2429155 -1.6965199
19 0.5317509 -0.79482883 1.1460974 -0.72599345 1.1346022 -0.61185837 -0.5208073 -0.7489912
20 0.69609493 -0.41138414 1.2024798 -0.58902526 0.15233465 -0.5070442 0.32302484 1.2121319
1 0.30948365 -0.09294511 0.55885404 -1.1234304 0.9900755 -1.6155345 0.37295893 -0.92453116
25 -0.0941987 1.8555492 -1.4052778 0.47231364 -0.4818082 -0.10759471 -0.273082 0.5348309
17 -1.1236668 1.003153 0.94678885 -0.51313186 -0.04116554 -0.9611081 1.1511494 0.2014428
16 -1.3775007 1.2276794 0.20781031 -0.025790628 -0.6922992 -0.8375382 0.44648957 0.8570158
29 0.5834907 -0.50086856 0.46411905 -0.09870482 0.55821586 -0.5925616 -0.9488452 -0.319824
38 -0.8295061 2.2065094 -1.2526941 0.38819563 -0.6197068 0.23276146 -0.33923578 0.065099
21 -0.5782345 0.5187064 0.63300943 -0.4771694 0.24897628 1.9201468 -1.7154428 -1.1256999
2 -0.43618315 0.53946906 0.055054445 -0.14859626 0.95168245 1.0593053 -1.1764369 -1.3482364
39 1.1198213 -0.16799508 -0.36933243 0.123913854 1.4002951 -0.47041512 -0.8413993 -1.096781
22 2.2907503 0.28937823 -0.6332337 0.7932183 0.94883096 0.57181656 -0.8103173 -0.50988835
37 0.8374608 0.5905143 -0.50713325 0.48308387 1.2701102 1.3674581 -0.7814044 -0.46708572
15 -1.0092989 -0.09633994 1.5060434 -0.7274664 1.0696712 -0.4460514 0.4232085 -0.73453516
43 -1.0223488 1.1993297 0.439188 -0.115812525 -0.048524566 -0.6745568 1.1725286 0.73003566
49 -1.3898246 1.8290977 -0.05026884 -0.25961176 -0.6162021 -1.0427783 0.9374764 0.6054039
35 1.7354839 1.1898267 -0.8626503 0.2947558 0.4636182 0.71414787 -0.22819966 -0.530524
33 -0.3562073 1.4702629 -0.3587142 0.9362219 -0.09049903 2.1899962 -0.55262256 0.91072893
32 1.5678155 0.26627263 0.5436389 1.4586924 -0.04479593 1.9154764 -0.9182206 0.7389592
44 2.060789 -0.10837486 -0.6799151 1.310651 0.6549613 -0.66206825 -0.9573993 -0.34047052
47 -0.91462034 2.3284323 -0.77741766 0.06701226 -1.062382 -0.69908243 0.54289067 0.59619665
42 0.63928974 0.109957635 0.121217184 -0.20872916 0.80495507 -1.5561079 0.3413267 -0.72090715
45 0.68126345 1.5531108 -0.35500395 0.23863411 -0.5705685 -0.7293431 0.5555442 -0.30574626
48 1.6367155 -0.40322328 -0.02206786 0.053802896 0.76261705 -0.898063 -0.44122145 -0.031832173
46 -0.32697028 0.050895378 0.6278692 -1.1809283 0.6224137 -1.4455694 0.27153906 -0.56894857
