50 8
39 0.017070083 0.4387282 0.8807469 0.05707736 0.20073177 -0.05993813 -0.20933227 0.73196614
36 -0.3391985 0.49810708 0.37139747 0.61757386 -0.5563837 -0.32629088 0.26252976 -0.7139682
43 -0.50220364 0.18950917 0.5754432 0.4751113 -0.052154765 -0.6837114 0.31137955 0.07756119
28 -0.23471238 0.3936284 0.694268 0.4820122 -0.46954334 -0.77369225 0.6070821 -0.68640435
40 -0.3079786 0.21809126 0.8059583 0.12389714 0.0035297975 -0.8992754 0.55213106 0.7801784
26 -0.291679 0.2731408 0.9494868 0.24763176 -0.13049103 -1.3020816 0.37087494 -0.22336
31 -0.1352867 0.16479461 1.0329931 0.30036557 0.34424987 -1.0242829 0.08545621 0.47409627
19 -0.65810484 -0.26879928 0.72257113 0.5174471 0.16548176 -0.78816 0.5018195 0.74992543
42 -0.32249615 0.37047574 0.5856097 0.47171038 -0.22200748 -1.1871661 0.4755791 -0.06698865
18 -0.11324074 0.17938104 0.84362125 0.020949474 0.08068101 0.13194713 0.75460225 1.3671658
23 -0.1289948 0.5233679 0.99779207 0.17276533 0.5723107 -0.7433263 -0.14196594 0.18491565
6 -0.20501667 0.39059168 0.3377476 0.54730546 -0.8185187 -1.0661472 0.8387721 0.042357378
16 -0.09092347 0.8487579 0.21514851 0.5340877 -0.87340397 -0.3357998 -0.12218589 -0.70298886
17 -0.89800143 0.17090477 0.41943157 0.7486295 -0.5161541 -0.21816477 -0.826823 -1.3161967
24 -0.8283562 -0.28499216 0.8020325 0.6121597 0.52457905 -0.7048966 0.27925822 0.37187043
38 -0.20253801 0.8265237 0.24718463 0.5866881 -0.8172648 -0.5330225 -0.3882114 -0.9914705
25 0.09149263 0.7063912 0.40576252 0.07992108 -0.35189277 0.39587212 -0.27051777 0.87155044
27 -0.75132835 0.24357155 0.15067032 0.8145047 -0.86551476 -0.33330595 -0.7787482 -0.9568941
46 -0.44798973 0.18990874 0.3624817 0.64189106 -0.92661744 -0.96975935 0.64173245 -0.36209825
45 -0.3292157 0.8025668 0.60388845 0.7022408 0.11977334 -0.37202683 -0.18801013 -1.3635284
4 -0.18512645 1.0102905 0.03871527 0.60153365 -0.95728284 0.12032017 -0.74512017 -1.0816214
20 -0.5824684 0.27031693 0.14467622 0.6624315 -1.0654817 -0.8917512 0.42725047 -0.49672878
1 -0.18951641 0.79567194 0.52909887 0.54396945 -0.24714147 0.13712692 -0.3048555 -1.1261367
35 -0.112162426 0.39690623 0.8036346 -0.081473075 0.33195034 1.171173 -0.9543803 1.1185278
49 -0.87357825 0.24454089 0.13333105 0.9237766 -0.6731425 0.11579857 -0.88720906 -1.1892658
44 0.39544815 0.6164903 0.92321557 0.068136096 -0.22695947 -0.74657375 -0.34075803 0.3797616
2 -0.16228573 0.3031803 0.7807856 0.19725373 0.49806783 0.6816189 0.38385195 1.135894
7 -0.9372103 -0.45547062 0.53468335 0.5716452 -0.11619081 -0.77450097 0.57815397 0.85013384
12 -0.35501617 -0.10196211 1.0508586 0.21461533 0.94815326 0.118815586 0.39975655 1.6312823
30 0.3496402 0.55643386 0.9652034 0.008967946 0.28842473 0.054289244 0.6403203 1.1912204
10 -0.6941468 0.025654035 0.23636582 0.708006 -0.6553483 -0.5366155 1.2745582 0.06740853
8 -0.26716527 0.23485711 0.4666795 0.24698724 -0.7871746 -1.1548865 0.579035 0.5822909
13 -0.43899927 -0.2042013 0.47707134 0.23715428 -0.45742214 0.04990265 0.8634196 1.6023184
5 -0.7922224 0.32323673 -0.08183967 0.9216047 -0.534068 1.0979043 -0.7828692 -0.6854822
11 -0.3683386 0.853509 -0.1279403 0.6062437 -0.7801636 1.5235194 -1.1938258 -0.584001
41 0.07540368 1.1939881 0.30343804 0.4830139 -0.60407746 0.30628216 -0.5576299 -1.1268364
34 -0.43262407 0.88772625 -0.14047495 0.95101094 -0.98572683 0.27089986 -0.8547049 -1.4516839
14 -0.34621337 0.84591776 -0.09426341 0.5674541 -0.65918005 1.5376923 -1.2112349 -0.36047742
15 -0.8978058 -0.033455793 0.63012105 0.47549617 0.5333719 -0.31946114 0.31024283 0.39320984
29 -0.4677093 0.5885392 -0.26596853 0.38161507 -1.4744173 0.4398365 0.17220253 0.10667218
0 -0.31715515 0.069778435 0.945866 0.21849075 0.7800697 0.1824172 0.46185452 1.381639
48 0.33134606 1.1241981 0.27144164 0.3576734 -0.79355997 0.10140379 -0.20733704 -0.3738634
9 -0.5217743 0.7582276 -0.25845706 0.5016146 -1.1856725 1.6066062 -0.6049958 -0.3564795
21 -0.46409363 0.3911696 0.43200767 0.20539956 0.4907062 1.6824949 -0.2819503 1.1987929
32 -0.05210018 0.27585942 0.9739338 -0.10913259 0.5454483 0.99267066 0.18493013 1.6918861
33 -0.31383002 0.3934679 0.5044461 0.12870674 0.32773134 1.9377029 -0.61366403 1.2972987
3 -0.4122873 0.14052822 0.9503485 0.04918076 0.99060076 0.6950864 0.51626086 1.6094278
22 -0.16720194 0.34176072 0.31073585 0.24973322 0.010385948 1.27904 -0.83366895 1.5086771
37 0.04559747 0.29051092 0.97735506 -0.1970036 0.5004141 1.3520647 -0.21549225 1.9364814
47 -0.2688385 0.98765314 -0.118604295 0.57113093 -0.51180553 1.7751415 -1.3303051 -0.43107116
