50 8
26 -0.18348584 -0.37960315 0.8302524 0.011313458 0.95154834 -0.22493125 -0.29626983 0.55117595
16 0.5720002 0.007730876 0.24848136 -0.0618913 0.36135584 1.2334523 0.6536729 -0.33312717
43 0.39219397 0.11938324 0.3463531 -0.16523801 0.48497573 1.2598953 0.7879406 -0.57858825
6 0.16300315 -0.15713593 0.8969667 -0.18448053 0.7560867 0.046353668 -0.36140025 0.31482264
28 -0.18374531 0.34262565 0.35424313 -0.3347318 0.2346631 1.4101081 0.9642881 -0.1386073
45 0.41960528 0.029559834 0.5648682 -0.4755062 0.5609468 1.1767794 0.78999317 -0.28389728
23 0.070411816 -0.22342925 0.7806 0.52136016 0.8920372 -0.49262384 -0.73819816 0.15720387
1 0.49931037 0.13362771 0.25156555 -0.1541153 0.42798418 1.2540343 0.7915233 -0.3299586
40 0.27939186 -0.11882823 0.26384464 1.2942783 0.24794765 -0.5347791 -0.9867652 0.5479913
29 0.36554927 0.22960018 0.5430788 -0.54302084 0.8513379 1.0394666 0.6497173 -0.2269348
13 0.17958367 0.086816534 0.31244522 1.2056091 0.248748 -0.6492719 -1.1437931 0.85532266
19 -0.050807703 -0.024059145 0.5222682 0.93853706 0.65892035 -0.6982974 -0.93841934 0.52954245
18 -0.1772885 -0.015200606 0.5188511 1.1386611 0.20353745 -0.8624447 -0.8716921 1.0961593
20 -0.0017069998 0.060598914 0.39466873 -0.42252463 0.78064895 1.2073663 1.0729904 -0.25397286
42 0.070661865 -0.21512833 0.8010784 -0.5346869 1.00311 0.5220306 0.26880938 0.062197715
15 -0.26775792 0.33111867 1.0067914 -0.044140622 0.40853304 -0.49310136 -0.34404173 1.2381741
25 0.7012535 0.120184556 0.08837123 0.50301737 0.06980068 0.8428391 0.109176554 -0.2575512
39 0.71729815 -0.47722617 0.66439104 -0.1440452 1.2928262 0.52762115 0.07216243 -0.8117445
27 0.27911463 0.30515328 0.5050907 -0.20176736 0.4538608 1.0755404 0.7819285 -0.49812177
44 0.45053062 -0.63458896 0.7476419 0.04009423 1.1611289 0.13282588 -0.112334386 -0.38648376
8 0.06819457 -0.5753342 0.91689247 -0.024977164 1.2524327 -0.55050236 -0.70823336 0.91084915
48 0.88987523 -0.44329414 0.44742146 -0.09417178 0.71621895 0.7999584 0.06847947 -0.26560497
17 -0.22975425 -0.006853553 0.58999807 -0.55976003 0.65245736 1.060035 0.9281833 0.08945313
38 0.5750801 0.18760428 0.13615328 0.26181906 -0.1495328 1.4835238 0.5537429 -0.80344564
34 0.5843607 0.22047038 0.35273308 -0.25347647 -0.09489045 1.7440231 0.86949795 -0.7571704
36 0.4579355 0.2823466 0.31236452 -0.1416914 0.22179896 1.6651208 1.0939643 -0.92201084
41 0.4231136 -0.11607884 0.17261603 0.2517152 0.28112897 1.3945334 0.65273553 -1.06432
31 0.028298616 -0.18043518 0.8856038 -0.04900337 0.84160465 -0.34488025 -0.5904672 0.91941625
46 -0.5042485 0.62002766 0.57589823 0.4975249 -0.70657235 0.30396146 0.07762947 0.6067264
30 0.09523145 -0.18396427 0.73777604 0.74024576 0.42847785 -0.6292863 -0.91714627 0.6831054
4 -0.12786517 0.569466 0.2102102 0.20572284 -0.34286055 1.5369099 1.0821013 -0.71318173
2 -0.2606219 -0.004589737 0.7058762 1.2614594 -0.18773422 -0.9241581 -1.1215651 1.0290685
24 -0.042242948 0.08053611 0.60609835 0.7597482 0.47274563 -0.6049747 -0.9375883 0.77949375
12 -0.48967314 -0.04586843 0.5436341 1.2615087 -0.08859547 -0.8567542 -0.86275554 1.2662572
0 -0.23756023 -0.11012233 0.37395748 1.4366726 -0.03998391 -0.85239255 -1.110928 1.2265238
49 0.069095954 0.42298448 0.23358782 -0.21014261 0.19443472 1.6869137 1.1701324 -0.64494956
9 -0.016147107 0.5935825 0.24792856 0.12026015 -0.38003615 1.6709177 1.2231257 -0.7873
47 0.2411063 0.1552939 0.113777414 0.09705639 -0.063303545 1.6972291 1.0956718 -0.7759548
11 0.28503975 0.4249695 0.41125867 -0.18454093 -0.2670694 1.7762985 0.9106584 -0.9092372
21 -0.80296123 0.158237 0.1933746 1.7770798 -0.825511 -0.45053908 -0.7710257 0.96691066
35 0.109783396 0.019281697 0.18701631 2.0350316 -0.71886426 -0.6006914 -0.96763074 0.3681007
14 0.13968731 1.0426388 -0.32424 1.1692929 -1.2754139 1.49705 0.69793177 -0.5525136
22 -0.45514446 -0.017654862 0.22366771 1.8100356 -0.5231039 -0.5862909 -0.9544713 0.7033507
33 -0.6042556 0.42071262 -0.11790124 2.124543 -0.9961605 -0.27586564 -0.2727561 0.49308208
10 -0.85713506 0.65926147 0.6590904 0.40241146 -0.19405985 -0.2684613 -0.052021638 1.3315384
5 -0.2578581 0.49006134 0.2641404 -0.25016394 -0.079728015 1.62406 1.2886523 -0.15839167
3 -0.446628 0.07305555 0.42819008 1.4673916 -0.16576283 -0.8767838 -1.0640029 1.1055813
7 -0.2746554 -0.23493248 0.7662267 0.6005982 0.60451555 -0.9625099 -0.795218 1.6732951
37 -0.38443643 0.1155018 0.7273405 1.2191374 -0.37012684 -0.969657 -1.0300428 1.3831947
32 -0.5458339 0.34009436 0.12261911 2.213873 -1.0594906 -0.5832076 -0.79519063 0.55341524
