50 8
25 0.5503364 -0.2961133 0.8063235 0.5839547 0.298495 0.29719093 -0.5560841 0.008481727
41 0.39438725 0.27006814 0.65831226 -0.17001282 -0.31871304 1.1032481 0.405646 -0.29100543
27 0.03857724 0.81444186 0.7014011 -0.7572046 -0.5475393 1.1206685 0.25360486 0.21647653
24 0.7498244 0.5780598 0.7544989 0.32587588 0.567548 0.5029866 -0.6260082 0.020674486
19 0.33147544 0.6509069 0.5546358 0.27520356 0.388668 0.26834068 -0.29748735 0.71399236
21 0.09073491 0.036970746 0.80238193 -0.24732482 -0.4284297 1.0959187 0.14505428 -0.38234967
26 -0.11176153 -0.46639425 0.38530108 0.7874639 0.66262877 -0.48857412 -0.14346792 1.5057119
2 1.179398 -0.16738757 0.84998584 0.6660553 0.5513367 0.4804931 -0.12182086 -0.6201861
35 0.5778591 -0.18086159 0.90910304 0.16278481 0.08433059 0.6944947 0.4592026 -0.7570161
1 0.22787233 0.25528458 0.9509485 -0.054227553 0.010251268 0.75666493 -0.12819643 -0.4612698
9 -0.56451684 0.0064017936 0.91227394 -1.0557617 -0.88504285 0.71697223 0.40307996 0.43015784
16 -0.3794135 -0.47874317 1.154798 -0.2408466 0.41707537 -0.20081988 -0.5201489 0.37817112
34 0.7202159 0.74723756 0.7241265 -0.13348387 0.02297106 1.115283 0.0810684 -0.44014043
18 0.26458186 -0.7488412 0.6404627 1.3763425 0.9005551 -0.3608639 -0.30953214 0.4528224
23 0.26147494 0.79207826 0.7032817 0.24749391 0.21843767 1.0403324 0.0035350507 -0.5152552
28 -0.72214454 0.35587165 0.5872881 -0.5759814 -0.41540414 0.7846195 0.733186 0.4699099
14 -0.16389543 -0.052408606 1.0273199 -0.19865099 -0.5650824 0.9219963 0.034887683 -0.5481879
3 1.0804448 -0.22489803 0.7965455 1.2030606 0.877702 -0.1728969 -0.6715538 0.15425847
30 0.3284097 -0.53624016 0.7276433 1.2542987 1.0120881 -0.43985477 -0.055872913 0.28527516
11 -0.54330057 -0.5391222 0.98280746 -0.89961827 -0.6951059 0.8365158 0.2968149 -0.047226135
38 -0.1461978 0.24041039 0.67675936 -0.23880146 -0.59483916 1.1410015 0.9766752 -0.42997134
39 0.7372948 0.2879896 0.48642346 0.70019656 0.046883002 0.6190626 0.40437448 -0.052139834
15 -0.01903869 -0.8305577 0.95811784 0.75460464 0.50795513 -0.59531987 -0.5725983 0.67758864
40 0.7546352 0.71131265 -0.028015202 1.3225284 0.3592778 0.7454162 0.095722534 0.51863587
13 0.03698725 -0.15676795 0.27201152 0.95145345 0.6950748 -0.28124237 -0.026347648 1.3145207
12 0.8306974 0.27033848 0.27995384 1.4244308 0.69600594 0.26116914 -0.00019631592 0.35908496
20 -0.99785537 -0.13633876 0.8431426 -0.63178116 -0.45637172 0.45233607 0.4342631 0.4898203
49 -0.98780507 0.27873084 0.6977261 -0.7036519 -0.2614732 0.8037137 1.0046134 0.2662664
10 -0.94334203 0.20461367 0.5150716 -0.52319074 -0.5313004 0.49839443 0.82835376 0.9045538
45 -0.94832575 -1.2108426 0.9867204 -0.27073267 -0.016901486 -0.641502 0.04837272 1.2220392
4 -0.4842385 0.123651475 0.87459916 -0.8678075 -0.8208711 0.85935605 0.45951277 0.13792163
31 0.92527324 0.5867828 0.16465268 0.66663885 0.33152673 0.6750714 -0.29791385 0.8077764
29 0.74527496 0.28839558 0.6548854 0.8575409 0.88198704 0.011907097 -1.0297495 0.59982973
32 1.0128042 -0.21567738 0.46793306 0.99536365 0.58326936 0.6716978 0.3952039 -0.5029737
36 -0.27186325 0.82695174 0.87700456 -0.35969892 -0.056899324 1.414646 0.6280965 -0.97362417
33 0.6788334 -0.8362299 0.4544158 1.1344545 0.25564793 0.45215896 0.4611168 -0.26844624
42 -0.5255646 -1.1500916 0.6226708 0.17801563 0.15824324 -0.5957669 0.17117244 1.4928294
0 0.30759296 -1.0287178 0.7098716 1.3201256 1.0174563 -0.6122532 -0.5399889 0.69659173
37 -0.2675592 -1.4335606 1.1793615 0.68244815 0.578112 -0.7070461 0.18554462 0.025815176
8 0.05180623 -0.23453258 0.29539886 1.0749248 0.8845725 -0.48855475 -0.48254046 1.6380156
46 -1.0919665 -0.084512025 0.6761654 -0.94153607 -0.54246247 0.5020476 0.5202653 0.9767891
5 -0.6467463 -0.344528 0.69803935 -0.79851633 -0.3771258 0.4463284 0.7481894 0.6758209
17 -1.3759671 -0.6065066 0.8179431 -0.7481694 -0.084156305 -0.15276113 0.26936212 1.2668151
43 -0.17780598 0.1578479 0.086395726 0.20663697 -0.2571434 0.66704917 0.90954804 0.92630476
6 -0.8438273 0.24567573 0.41027176 -0.1907528 -0.04209351 0.08093026 -0.15591194 1.7480938
44 -0.36340806 -1.2746795 0.83008724 0.680978 0.699142 -0.8307179 -0.13054381 1.0161343
7 0.6612087 0.46307248 0.12940474 0.8226292 0.8525884 -0.2707434 -0.101631045 1.700039
22 -0.24201569 -1.3775618 1.0694523 0.6405285 0.7399688 -0.76222986 -0.1884286 0.44990438
47 -0.9030547 0.65640557 0.2634227 -0.40852773 -0.47572398 0.9915736 0.9595287 0.76299113
48 -0.16825199 0.010732957 0.7860304 -1.4336135 -1.2516342 1.804437 1.5035404 -0.6342069
