50 8
10 -0.356414 0.045005985 0.7551167 0.37909374 0.54929906 0.05403946 0.1160178 0.57835007
1 -0.10982619 0.54875785 0.14338443 0.85749686 -0.47081447 0.43971148 0.17211777 -0.9255377
34 0.3463205 0.07278628 0.78339815 0.588015 -0.13005935 1.03142 0.47902566 -0.037655618
18 -0.6529489 0.1475512 0.6974943 0.16313256 0.4512762 -0.8381808 -0.28448388 0.9814255
41 -0.1602356 0.72087616 -0.0008311437 0.82622373 -0.9327077 -0.070601374 0.13231134 -1.2726076
25 -0.36963287 -0.3441524 1.195779 -0.029186066 0.61270386 0.38181272 -0.30627424 1.3049352
28 -0.28487092 0.28178787 0.20971662 0.5482726 -1.0065961 -0.019799585 -0.017086012 -1.058299
36 -0.4437154 0.38459754 0.046108194 0.62241733 -1.0583676 0.04188706 0.2738745 -0.9603582
20 -0.06635467 -0.038471673 0.8553632 0.32953668 0.060345694 0.51542646 -0.12424604 -0.29367077
43 -0.46461248 0.34725904 0.047264926 0.6555543 -1.07106 -0.40461868 0.12812968 -0.9671962
9 0.12947598 0.16389224 0.5558668 0.57026637 -0.6331888 1.0088238 0.5752983 -0.41774857
6 -0.5073838 0.5386116 0.053797446 0.5547326 -0.7430876 -0.62707883 -0.45520854 -0.81770635
13 -0.583547 -0.28437957 1.0011151 0.10107255 0.54860306 -0.32706302 0.1074765 1.2476816
15 -0.659737 -0.42128578 0.6292812 0.39280927 0.26441395 0.13529341 0.23692141 1.1352361
29 -0.57034534 0.5715717 0.03676463 0.33106935 -0.9622665 -0.60436994 -0.4183164 -0.3232859
14 0.27167305 -0.1677523 0.9752647 0.52201825 0.1522159 1.3627968 0.39741555 0.30061552
4 0.14637318 0.08747897 0.45620224 0.7228152 -0.7361235 1.1512551 0.67543226 -0.84581095
16 -0.086019784 0.38452902 0.4669982 0.40243417 -0.78334695 0.15170823 0.2046088 -0.85760236
23 -0.3243322 -0.16687806 1.2472032 -0.14622188 0.5007039 0.7098938 0.063096225 1.1254574
27 -0.17484766 0.46646932 0.20297638 0.6333533 -0.95531875 0.3094449 0.2537375 -1.3750391
31 -0.85472554 0.65759414 -0.08641043 0.5492637 -0.5022997 -1.5231627 -0.49325153 -0.2866598
19 -0.43795282 -0.45221838 1.2323273 0.058522105 0.8019328 0.54703724 0.07485409 1.2562339
30 -0.5898962 0.75998855 0.38941774 0.5602012 0.6464834 -1.0299386 -0.123157464 0.06871077
45 -0.36689368 0.8189906 -0.029420625 0.80953646 -0.6625208 -0.7000045 -0.036452223 -1.075848
12 -0.56196636 0.04186712 0.865704 0.1925983 0.6997587 -0.5604156 -0.17020838 1.6809607
7 -0.59749454 0.16646813 0.63400006 0.103893 0.10332913 -0.6900947 -0.5841427 0.5469186
24 -0.44777855 -0.18528986 1.1368518 0.053141292 0.86919755 0.609819 -0.06321187 1.3108877
39 -0.7009677 0.70453715 -0.12892643 0.5185017 -0.89958316 -1.1987293 -0.44235253 -0.5619695
26 -0.50184244 0.72218037 0.06560054 0.42220888 -0.8229212 -0.9951028 -0.53325635 -0.7409844
21 -0.36834177 -0.39138588 1.1931378 0.17067163 0.8224046 0.7904549 0.065913334 1.3351974
2 -0.5012528 -0.30214688 1.0444063 0.14194988 0.65208125 0.09810727 -0.100427195 1.5131369
17 -0.11333662 0.57195884 0.033169046 0.93890494 -0.8561484 -0.11789774 0.29134226 -1.4565006
38 0.31613764 0.5313197 0.5593859 0.42846602 -0.9087661 0.38560155 -0.049189698 -0.87603563
49 -0.13691632 0.42492893 0.08760208 0.65646374 -1.2788781 0.6074046 0.14581624 -1.4337754
46 -0.06583291 -0.32432103 0.7447096 0.48440883 -0.1499072 0.8677057 0.14201422 0.35169196
3 -0.3779421 -0.38608333 1.198075 0.11550616 0.83408654 0.5672615 -0.10253997 1.5269624
42 -0.45200217 0.9587112 -0.044464927 0.7021068 -0.6008871 -1.1000743 -0.17456417 -0.8050667
40 -0.8923353 0.43913817 0.24858673 0.07859623 -0.48940074 -1.402852 -0.69413686 0.16145805
22 -0.43587044 -0.31929263 1.1219469 0.2090902 0.9950394 0.6166362 -0.17964256 1.0514215
0 -0.7878289 -0.111920774 0.92661923 -0.04387036 0.65067136 -0.37923196 -0.37967822 1.4581022
48 0.1589795 0.5593752 0.1393081 0.8622668 -1.1960849 -0.08713588 -0.11609191 -1.0236483
33 -0.27130228 -0.31964046 1.3197106 0.048303396 0.8979628 0.85736877 0.09861996 1.0983998
32 -0.30957904 -0.4166463 1.1661786 0.25379175 0.7953564 0.787937 0.31624323 1.1072788
37 -0.5105902 -0.375162 1.2766082 -0.008771597 0.9931127 0.45801166 -0.07123555 1.5857378
35 -0.5805638 -0.1973106 1.0141009 0.16701593 0.8632162 -0.12512541 0.008418069 1.4383645
8 -0.8355243 0.76667 -0.062357634 0.39398158 -0.59788114 -1.4589531 -0.6227054 -0.15702912
11 0.26091525 0.1409799 0.2165963 0.93834823 -1.1702566 1.5320814 0.3315698 -1.1008931
5 0.1741503 0.29923603 0.2663517 0.9594211 -0.6725092 0.95167154 0.5048903 -1.1402373
44 -0.7878924 0.65210307 0.13722673 0.075257264 -0.7036441 -1.3149574 -0.9512958 0.4083049
47 -0.43075958 0.7132052 -0.37376764 0.9057363 -1.3350623 0.07514084 0.22830746 -1.1499512
