50 8
22 0.031813912 -0.1288643 1.1148261 0.20209616 -0.2811221 0.52196664 -0.15199068 -0.20852506
25 0.6196286 -0.017479023 0.7410934 0.73104703 0.22182092 0.56946534 -0.6588178 -0.6200297
24 0.14796446 -0.19375746 0.3019958 0.8593882 0.6431544 -0.46850908 -0.50441253 0.7939517
39 0.5432931 0.5318739 0.120012775 0.9607874 0.91059387 0.16306417 -0.9007369 -0.24645841
16 -0.026529241 -0.5025053 0.6620741 -0.023978522 0.6680139 0.14621603 -0.53328764 0.45905095
0 0.24250975 -0.4544897 0.36025897 0.7172573 0.90527827 -0.1788556 -0.67477316 0.3780762
2 0.39405403 -0.43083575 0.7541691 0.63906693 0.7053298 0.24646597 -0.94047624 -0.4630685
44 0.20009075 -0.52338713 0.6505175 0.7511308 0.48557532 -0.108313136 -0.8002791 0.21293259
18 0.27162725 -0.3515828 0.335651 0.816192 0.8005787 -0.2960265 -0.7565806 0.54286045
38 0.6206538 0.4086652 0.31608036 0.8487479 0.5396501 0.8752594 -0.59274447 -0.7366796
1 0.36895567 -0.03160959 0.49864072 0.752914 0.5011198 0.6479975 -0.54755175 -0.53938127
19 -0.12817247 -0.18874821 0.6038596 -0.15016411 0.5454077 -0.32491004 -0.54001504 1.0758886
21 0.029978625 -0.39133188 0.5053263 0.7216663 0.5863224 0.23303646 -0.92595214 -0.037647016
12 -0.039824486 0.15687688 0.015494819 0.7317287 0.8601948 -0.19752611 -0.75608283 0.76611924
30 0.42466253 0.1372528 -0.018658753 1.1751479 0.8168174 -0.13206954 -0.8483723 0.41674224
35 0.33659488 -0.42000008 0.7459747 0.9497405 0.2695342 0.35697588 -0.47386283 -0.4154625
29 -0.05174055 -0.15401152 0.08398055 0.47208136 0.91760004 -0.1414431 -0.7997928 0.92398906
8 0.039004385 -0.06673651 -0.049221754 0.8447999 0.8268808 -0.37745917 -0.53335273 1.0860925
23 0.54557127 -0.15185358 0.4343621 0.900379 0.8922158 0.00029668648 -1.1320205 -0.2206235
40 0.64565426 0.29144132 -0.06274588 1.2990239 0.73193675 0.10308445 -0.9147259 0.12008249
34 0.17081209 0.48451227 1.0324588 -0.25571227 -0.43410563 1.2819915 0.50503904 -0.38072902
37 0.3072663 -0.7194722 0.8724275 0.58194 0.67319614 -0.54314286 -0.677807 0.31576267
15 -0.4555955 -0.01800235 0.92170537 0.2567863 -0.43648633 0.5152074 0.8341931 0.38077766
32 0.47186464 -0.049719185 0.027137555 1.4113488 0.85561305 0.09503367 -0.9079932 -0.018251728
3 0.65640295 0.017121712 0.48184425 1.0720254 0.67766136 -0.22613615 -1.016141 -0.13417749
33 0.4024418 -0.04373766 0.6059081 1.0549856 0.388163 0.7570968 -0.24967964 -0.9187427
4 -0.36891755 0.526516 1.1778004 -0.36479408 -0.5806156 0.914869 0.68547994 -0.070123166
14 -0.01522873 0.5282142 1.1495682 -0.36096287 -0.5105318 1.3158174 0.4720522 -0.44659224
26 -0.56157386 -0.2168798 0.7839008 -0.28022972 0.27566257 -0.55181295 0.49918526 1.5780233
31 0.2794563 0.27030715 -0.16630186 0.6710889 0.9028511 -0.05760837 -0.7731899 0.935109
41 0.4497385 0.88357306 0.32559037 0.24330954 0.1651057 1.4788204 0.62434864 -0.48139843
13 0.17552371 0.29941463 -0.066121735 0.5344673 1.0158205 -0.64446574 0.11447465 1.506249
17 -0.6641848 0.041244533 1.1095315 -0.5470951 -0.19764672 0.2138261 0.8852968 0.8780127
28 -1.0656146 0.73866 0.8047338 -0.7632846 -0.55715483 0.8881457 1.1289684 1.0343316
27 -0.6061519 1.2968919 0.52842844 -0.7238084 -0.20141776 0.89823955 1.1991522 0.8876761
20 -0.8938511 0.40974963 0.80384797 -0.38141072 -0.38557148 0.14727667 0.9585699 1.3244568
43 -0.24634771 0.97623444 0.2588684 -0.025815539 0.070589244 0.65178126 1.1365867 0.7660903
7 -0.027310451 0.028766755 0.18582769 0.038917433 0.7134957 -0.5321602 0.54491967 1.8182005
10 -0.86266166 0.21371026 0.8434477 -0.6070848 -0.34984663 -0.09569261 1.030406 1.8373204
42 -0.7492095 -0.34945968 0.75457406 -0.29698035 0.53966784 -0.44910908 -0.71500677 1.1481645
11 -0.24440333 0.6554099 1.1147157 -0.7422137 -0.50563854 1.4372076 0.64673066 -0.19808637
6 -0.6608364 0.21543935 0.62263846 -0.4077702 0.25186124 -0.38345343 0.34822842 1.598375
9 -0.504104 0.6497808 1.0787263 -0.70750225 -0.5517096 1.200226 1.3754942 0.34894678
48 0.76424587 0.6453069 -0.3625686 0.7453357 0.9418303 0.66391236 -0.1687698 0.3403399
36 -0.94246 0.62972987 1.3249584 -1.0411814 -0.51333094 0.9317824 1.5310853 0.5055268
5 -0.9201046 0.63018745 1.1604686 -0.8948593 -0.7093616 0.79125375 1.4854605 0.90479827
49 -0.3603894 1.0765481 0.9698088 -0.2780841 -0.47973907 1.084181 1.2583262 -0.105034456
45 -0.84475744 0.096209824 1.4268435 -0.34901962 -0.75361377 0.30213496 1.100177 0.5605587
46 -0.07237748 1.4788392 0.53530735 -0.41995773 0.19165461 0.9177568 -0.11987153 -0.23117658
47 0.12266889 1.4259049 0.34779832 -0.088280454 -0.16505408 1.3732387 1.4431404 0.2013967
