50 8
43 0.48740974 0.505234 0.03117477 0.60255575 0.45724064 0.811543 -0.13710925 -0.1790621
39 0.30111343 0.05893238 0.22783443 0.73817086 0.3532692 0.12802143 -0.519099 0.33127245
19 0.84202814 0.42961213 0.1798702 0.5013578 0.69284207 -0.1905106 -0.9997925 0.15416244
40 0.03950954 -0.6016253 0.23728059 0.5558522 0.5769361 -0.41864473 -0.8169361 1.1775613
27 0.19031328 0.5321015 1.0071695 -0.4304666 0.5902027 0.5861488 1.1268648 -0.09057225
23 -0.13655302 0.015419712 1.1317201 -0.12301089 0.52137446 -0.040864963 0.46908933 0.27101684
10 -0.89740634 -0.23237236 0.74468136 0.4660703 0.40967345 -0.23011115 0.25599244 0.81609154
48 0.33981344 0.1429897 -0.12109302 0.81024563 0.11156809 0.4912135 -0.13477165 0.70427585
18 -0.37290585 -0.7507795 0.599139 0.6443296 0.62433636 -0.6042767 -0.5416998 0.87332726
24 -0.274297 -0.06608043 0.83127344 0.091624 0.4652702 -0.27200615 0.09235192 0.81915706
28 0.357618 1.14623 0.6316282 -0.1394652 0.5242487 0.8742385 0.46786118 -0.37652686
45 0.5435134 0.17665705 1.1270396 -0.54652697 0.9349654 0.47248587 -0.21210761 -0.4809012
1 0.26709637 0.44605255 0.98856056 -0.2913227 0.66475505 0.79131585 0.60618305 -0.48820597
21 0.09635433 -0.30788967 -0.34048283 1.3634248 0.13876732 0.22049467 -0.83747476 0.8275277
25 0.7200945 0.1764463 0.37629256 0.26623887 0.7014544 0.4825879 -1.1709262 -0.29454362
42 -0.2268606 -0.495512 1.2299516 -0.4739441 0.77441823 -0.1516039 -0.11029524 0.5909831
38 0.19628564 0.6335021 0.5583934 0.38296315 0.21800968 0.79840535 0.8517794 -0.25194535
6 -0.58190185 -0.6638491 0.9098742 0.411162 0.318881 -0.43433222 0.4365655 0.96829927
44 -0.30699432 -0.59542435 0.56949395 0.32435256 0.6970067 -0.42236978 -0.74914306 0.95352393
26 -0.63727957 -0.3983598 0.34344757 0.87060404 0.48185748 -0.32069734 0.096594214 0.84132206
8 -0.51508355 -0.75934273 0.7060553 0.47664514 0.5403389 -0.5321374 0.008346446 1.0450388
41 0.69332296 0.45099765 0.39980188 0.43179357 0.36796933 1.3229933 0.084427394 -0.88102967
29 -0.2555812 -0.24022251 1.5251855 -0.3927052 0.887437 -0.014697838 -0.06119909 -0.28608578
49 0.37130988 0.80215806 1.1495008 -0.64365095 0.7872493 0.92009515 0.5351244 -0.6696435
30 -0.35125846 -0.26693293 0.22453333 1.5876497 0.054645736 -0.687582 -0.22575404 0.79939103
22 0.24797419 -0.21531613 -0.28383955 1.3702416 0.2428796 -0.26280278 -0.6012959 0.8818353
34 0.9586179 0.54172206 0.75563073 -0.20368877 0.48526862 1.042359 -0.15283576 -0.5890711
31 -0.0079725245 -0.5659361 0.25457832 0.26804256 0.6482039 -0.09054231 -0.6225339 1.1514002
2 0.17795785 -0.20009819 -0.019850958 1.1742629 -0.0045644655 -0.40076828 -0.36263332 1.2348183
13 -0.16074146 -0.14903527 -0.19088541 1.1893232 0.28150487 0.050097372 -1.0018783 0.86798394
47 0.37009186 0.596005 0.8229934 0.49567008 0.03327767 1.245931 0.8304583 -1.0036093
7 0.52773744 -0.28606078 0.1947554 0.4178654 0.47771767 -0.6038233 -0.43891814 1.3856628
36 0.65659964 0.9900165 0.6040034 -0.32657495 0.5932497 1.5694499 -0.14836411 -0.8232038
16 0.517923 0.29791185 1.0194826 -0.5496353 0.70630276 1.3235558 0.19116904 -0.7446879
17 -0.27464032 -0.59454834 1.019477 -0.27224898 0.37187195 0.068329 0.7802428 1.0917177
46 -0.5789379 0.10774437 1.6738368 -0.78710824 0.6426779 0.24264878 1.0357206 0.1609441
12 0.84453773 0.66718125 -0.56744546 1.3132762 0.0847971 -0.16680835 -0.19367823 0.85328114
14 0.96923774 1.1804214 0.59099567 -0.051194534 0.3515766 1.3746641 0.009535325 -0.87360466
9 1.0292343 1.0319364 0.7024658 -0.07826729 0.26766115 1.6708205 0.35435748 -1.0663811
37 -0.15516533 -0.39785323 -0.110399164 1.5295303 -0.09815481 -0.36535993 0.19998452 1.3294505
0 -0.50610834 -0.46343228 0.0001066792 0.95287776 0.3694691 -0.743308 0.03004138 1.7614415
33 0.51431596 0.44070652 -0.9502176 1.9119014 -0.08699895 1.1346562 -0.262418 0.06256697
11 0.9360618 1.4103559 0.26792288 0.19866484 0.19085382 1.6979696 0.41515437 -0.838325
15 0.06654983 0.90631115 0.20738743 0.7794993 -0.17842953 0.62520945 0.9217068 0.3627604
35 0.30220267 -0.09270868 -0.58804613 1.4807619 0.19181174 0.17003368 -1.0749263 0.86543596
4 0.34726983 0.912933 1.0213404 0.0057492494 0.22724728 1.2170483 0.5267101 -0.9323679
32 0.38034394 0.45648354 -0.713909 1.8041184 -0.082531676 0.81095666 0.053770382 0.08206171
3 0.35346413 0.45311043 -0.50367236 1.0518371 0.3224182 -0.3686578 -0.57543 1.305745
5 0.23907852 0.9913784 0.9040089 0.19963908 0.12709743 0.6987441 1.5356293 -0.38933438
20 -0.39724576 -0.045626275 1.7220976 -0.7690814 0.8132134 0.2843641 -0.010497322 -0.21952468
