50 8
25 0.28403473 0.42866662 0.9966722 0.10232564 -0.05046585 -0.25826767 -0.19109067 0.4987182
24 -0.6159061 0.11256793 0.20407628 0.87643915 0.10976451 -0.3577327 -0.44039398 -0.74319315
39 -0.38121808 -0.29838648 0.94818515 0.39724153 0.24558012 -0.5341046 -0.73172 0.35538548
1 -0.17074569 0.8375885 0.36331016 0.3917512 0.39009088 0.29880238 -0.5242061 -0.6124623
40 -0.26548558 -0.24270645 0.93792313 0.4665779 0.13775666 -0.5211568 -0.22970778 0.98315406
19 -0.8515432 -0.40406197 0.62624913 0.64669985 -0.08837669 -0.30180258 -0.48301348 0.42149547
26 -0.7122386 -0.29278588 0.4884512 0.7034821 -0.25730497 -0.86330456 0.17375411 -0.69640464
23 -0.042622726 0.2614734 0.9013815 0.19742431 0.0020147637 -0.16824514 -0.26327088 0.93056315
43 -0.7784962 0.42443886 0.111604 0.5913637 -0.3421392 -0.37658593 0.6109494 -1.4904822
31 -0.6065273 -0.38936552 0.42459446 0.9635217 -0.3263171 -0.8186266 0.39594206 -0.09492784
44 -0.061263934 -0.15926926 0.9298795 0.4287649 -0.20306812 -1.000267 -0.07864461 0.6343766
28 -0.06375528 0.23765607 0.5525026 0.57748467 -0.33714023 -0.30040297 0.6057439 -1.3035914
30 -0.5473248 -0.45178607 0.8885298 0.46133253 0.05957991 -0.79319817 -0.33709586 0.7177122
29 -1.2767326 0.07002068 0.2385053 0.47803655 -0.063989274 -0.4034936 -0.5425131 -0.23349096
12 -0.64269954 -0.54763293 0.6047934 0.8866561 0.1273384 -0.53737646 0.043575082 0.63093036
18 -0.4626418 -0.5421068 0.93278646 0.5683509 0.092619576 -0.725489 -0.599556 0.82054645
48 0.32715696 0.6518506 0.73774076 0.32267433 0.00797615 -0.0011710247 -0.7235482 0.7155473
38 0.15446272 1.1282711 0.5514118 0.07854731 0.3554899 0.35205153 -0.47691628 0.19088489
41 0.20054005 1.1319934 0.45532066 0.21542327 0.03380705 0.22252469 0.35397184 -1.1352291
27 -1.0190389 0.25192356 -0.0983339 0.96270746 -0.21045993 0.079248436 0.49530426 -1.0838853
3 -0.061889805 0.4618805 0.9160751 0.12870829 0.61513376 0.5238856 -0.3205698 1.6938565
6 -0.98450327 -0.5280417 0.27426362 1.0382857 -0.2817303 -0.99312806 0.18287115 -0.48018733
34 -0.082914166 1.5850788 0.17126948 0.17742622 0.26155135 0.69652164 -0.22469944 -0.981317
35 0.07826379 -0.22715713 1.2994132 0.2207726 -0.07504722 -0.36737424 0.18443237 1.6875396
15 0.25684652 -0.04854306 1.038735 0.44662663 -0.107900344 -0.16362585 0.5124623 1.0881187
8 -0.599961 -0.61999846 0.3643446 1.1721758 -0.44426492 -1.4812863 -0.110530585 -0.1542663
42 -1.654627 -0.15098959 0.0075950683 0.7209348 -0.2234144 -0.5475673 -0.18632576 -0.7559099
20 -0.2643799 -0.0398989 0.63568354 0.5828035 -0.0475685 -0.4155219 0.057833623 -0.98090553
17 -0.8924266 0.8772201 0.11585639 0.3250823 0.022914603 0.4333185 -0.2725885 -1.5090226
45 0.09796615 0.9217391 0.41140422 0.35940254 -0.16971569 0.3015705 0.9824445 -1.5137396
14 0.622079 1.6326839 0.6871025 -0.096724756 0.3747912 1.1143003 -0.023262803 -0.07587338
33 0.5739522 1.1647507 1.0918496 -0.26144505 0.49900234 1.0692823 -0.066117 1.2551919
0 -0.024950644 -0.112014554 1.0708275 0.35081863 0.11550739 -0.28489777 -0.13096148 1.487319
13 -0.37692526 -0.46361893 0.8617616 0.5768468 -0.12817183 -0.5107436 0.30326387 1.003191
21 0.57522833 0.64630115 1.0828619 0.0008536895 0.45053548 0.24867466 0.48722136 1.0736555
7 -0.8198832 -0.377924 0.4402998 0.765654 -0.49064904 -1.0206488 0.31171906 -0.018051794
49 -0.5411239 1.504732 0.12996233 0.088151455 0.17254713 1.0777352 -0.14578477 -1.3547453
10 -0.10205423 -0.18337443 0.64635414 0.7641923 -0.48705953 -0.55881155 1.2984653 -0.64258075
16 -0.3862836 1.2563442 0.23809588 0.0935842 -0.1902993 0.20564817 -0.11019758 -1.062831
32 1.0044415 0.7103025 1.4783314 -0.23627141 -0.1220653 0.32369298 0.42844942 1.3815787
36 0.28745794 1.3631899 0.29812402 0.36030152 0.07233856 0.65203446 0.83068 -1.1441349
4 0.97332937 1.5850079 0.86229724 -0.18495575 -0.12273951 0.5568896 0.6423031 -0.7679693
2 0.40238512 -0.16996081 1.1821094 0.5315301 0.055216134 -0.13694035 0.35567504 1.6798626
11 0.13630368 1.894428 0.31982297 0.07262477 0.08490751 1.8615903 -0.30331558 -0.604423
9 -0.32284632 1.6933926 0.25076708 -0.07660324 0.1319975 1.4885192 0.31031105 -0.5224153
22 0.6087276 0.005651369 1.4683031 0.13511465 0.11426543 -0.079146266 0.013893607 1.7204554
5 0.03861346 1.8392829 0.11705419 0.15668666 -0.10716818 1.4201372 0.69233215 -0.9976221
37 0.100466266 0.11246556 1.4549478 -0.18233113 0.36377177 0.08270758 -0.24280094 1.9444901
46 -0.82288665 1.3724545 -0.21590666 0.4773136 0.32488066 1.2799547 -0.17469107 -0.20191024
47 -0.7888303 1.5786983 -0.16993447 0.32134888 0.5377283 1.1187663 -0.7005599 -0.7937249
