50 8
1 -0.8901385 -0.10299178 0.6702948 -0.46392146 0.8504208 0.3860832 0.383696 -0.08643343
16 -0.31528437 -0.61670053 1.0272169 -0.7661123 -0.15344268 0.53784364 0.32074836 0.3567188
26 -0.4920642 0.07414871 0.4802162 -0.019185001 0.42655262 -0.33862853 0.2839448 0.6257025
42 -0.8786439 -0.021274706 0.64581776 -0.65577716 1.3217335 0.13122636 0.379753 -0.12803161
10 -0.06306608 0.38576964 -0.002268413 1.0585215 0.046843775 0.0644547 -0.13512231 0.65584356
20 -0.8844938 -0.47313294 0.74923134 -0.6262657 0.69209343 0.5830072 0.48722866 -0.00068538537
49 -0.80756164 -0.33958188 0.806852 -0.61222774 0.5381713 0.49554142 0.4154038 -0.053639382
4 -1.0304929 0.072845615 0.94505495 -0.44336277 -0.15151978 1.2831923 0.45316526 -0.2901054
46 -1.1360296 0.07632545 0.9186004 -0.8739877 1.2855872 0.14641018 0.57969695 -0.32828915
17 -0.15817772 -0.5934523 1.051045 -0.7944419 0.33993515 -0.37269837 -0.08353041 0.21674603
27 -1.0854055 -0.096818715 0.7029415 -0.52518797 0.77971566 0.9208083 0.5625333 -0.23637453
41 -1.2299476 -0.45311457 0.9181966 -0.78285 0.6035105 0.95031035 0.4439285 -0.3780318
6 -1.2628465 0.049126737 0.74861115 -0.64278346 0.9528708 0.6278917 0.3836984 -0.38499087
28 -1.2271676 0.2061986 0.60275537 -0.5542634 0.95152485 0.46116117 0.18119623 -0.2952843
45 -1.3301268 0.11258243 0.79599994 -0.53080124 0.9817419 0.44199896 0.46427286 -0.42629987
43 -1.174445 0.06992505 0.7097843 -0.61183 1.3636714 0.3277046 0.5423672 -0.39172715
21 0.90004265 -0.1454611 0.0022040643 1.451388 -0.4663076 -0.110891886 -1.0597093 0.9009051
7 0.89489347 0.4628514 -0.17164892 1.0362089 0.2512425 -0.45780703 -0.9895504 0.9892869
9 -0.114841186 -0.3996504 0.86056703 0.2008932 -1.3787313 1.0068641 -0.40299872 0.26892522
36 -1.1546926 0.24278449 0.81072974 -0.7010182 0.8955191 0.78707737 0.8818981 -0.18955044
3 0.8672041 0.3070427 0.108671784 1.3136408 -0.28664047 -0.43946704 -0.9600139 0.8807408
38 -1.335403 -0.09102309 0.8455526 -0.6960518 0.6299466 1.0386012 0.6359477 -0.3064509
8 -1.3931073 0.36624005 0.29199252 0.0013184447 0.7946716 0.657635 0.30126318 -0.25573152
39 -1.4936591 0.37424678 0.68269384 -0.35554892 0.8702766 0.66396016 0.75604284 -0.29470786
24 0.85098755 0.43521306 0.17051919 0.5268882 0.46934813 -1.0327247 -0.7346813 0.99115217
25 0.49305025 -0.1631318 0.34819782 0.6620627 -0.95200235 0.5882847 -0.81722337 0.65214455
47 -1.2741625 -0.072004355 0.85756105 -0.54786265 0.82207364 0.7723838 0.48303074 -0.48470142
5 1.1566354 -0.16973437 0.24111138 0.64513785 -0.061282363 -0.3107186 -1.0113539 0.8424645
44 -1.344363 0.04237603 0.8366659 -0.68015075 0.90707177 0.65080225 0.5993589 -0.39460522
18 0.85056436 -0.18389662 0.16869476 0.86722463 -0.44061738 -0.19361761 -1.0738853 0.99690056
19 0.70917517 0.1006035 0.39641845 0.45170274 0.46574962 -1.132962 -0.58899224 0.8603112
31 -1.2961053 0.5049474 0.60388947 -0.44098386 1.04491 0.34201384 0.49635765 -0.21552218
48 1.0746623 -0.14454636 0.13653836 0.8913302 -0.14039424 -0.17289618 -0.9484171 0.92377466
40 -1.0386451 0.4308996 0.19052845 0.244975 0.9351283 0.6187667 0.7599225 0.1343555
35 1.0200405 0.34448117 -0.16030417 1.3004148 -0.29336578 -0.1419702 -1.0327555 1.1167308
15 0.9158151 0.4173459 0.19124006 0.97660893 -0.032517064 -0.74850625 -0.50476104 1.170062
0 1.2279769 0.040860772 0.35489744 0.8124454 -0.28648573 -0.5342017 -0.86330396 1.0574342
34 -0.63507766 -0.3739317 1.135498 -0.72104347 -0.073526725 0.86024153 0.19628839 -0.20440057
37 0.9512154 -0.070114434 -0.009966795 1.3834674 -0.37905794 -0.08241167 -1.1223397 0.8697369
30 1.0225754 0.3149589 0.025214143 1.6641489 -0.8888039 -0.14962445 -1.0054716 1.1525388
2 1.1350166 0.05905926 0.33587685 0.75754625 -0.2829751 -0.5727476 -0.9892826 1.0039387
32 1.2431327 0.202014 0.09284145 1.450865 -0.6676399 -0.1031831 -1.0491508 1.1234467
29 -0.73546594 -0.19861151 0.8405299 -0.62677 0.42680687 0.51279384 0.11358171 -0.21725653
14 0.7416534 0.1434415 0.037150998 1.3103418 -0.9044034 0.4033164 -0.91524106 0.990741
11 0.6021823 -0.34542945 0.3922791 0.70877373 -1.5165012 0.98040783 -1.2123568 0.6309104
23 -0.06556416 0.6936988 0.30907577 0.4887919 1.2299756 -0.70430744 -0.12976673 0.029855665
13 0.5724484 0.5319255 -0.33742803 1.4866118 -0.21781577 0.77355725 -0.8273973 0.6210789
12 0.48240593 0.49506435 -0.44094706 1.4585804 1.2628311 -0.65585244 -1.192449 0.13596274
22 1.0314264 0.147577 0.071132846 1.3300625 -1.0156251 0.17558311 -1.4630706 0.98547125
33 0.9761048 0.15977076 0.044893965 1.4660552 -0.8439687 0.19570088 -0.930356 1.1406602
