50 8
1 0.11198056 -0.18047175 0.3125393 -0.24034931 0.366797 0.91299236 0.48534098 -0.012993023
49 0.1326778 -0.5243426 0.29236868 -0.5468121 0.2748611 1.0782058 0.24488524 -0.078571714
17 -0.4461224 -0.63706696 0.50538206 -0.79284596 0.60207343 0.436489 0.5970946 0.010355266
29 0.16285013 -0.053448476 -0.063655525 -0.2536066 0.2454916 1.3296639 0.4295888 0.164474
6 -0.5243686 -0.2908735 0.23475665 -0.46359852 0.46774688 0.6802384 0.8372885 0.2016932
43 -0.4488042 -0.369905 0.4858666 -0.6958785 0.66487193 0.6119513 0.9711276 -0.19249842
10 -0.26348016 0.41103342 0.28087574 0.6912537 0.18551816 -0.07683476 -0.8618951 1.1011006
36 -0.49412403 0.0038049906 0.39250192 -0.695182 0.42975417 1.0365729 1.2610711 -0.39431816
19 0.26737502 0.4472151 0.80626494 0.6373177 0.27412382 -0.5343247 -1.2482748 0.9309741
12 -0.6481674 0.8508298 1.109565 0.36732724 0.6910231 -0.69215894 0.07293333 0.04396643
15 0.07919953 0.73464835 0.9845315 0.64415926 0.034201916 -0.41833416 -1.1511538 0.7214957
42 -0.98897713 0.25102928 1.2844027 -0.30147472 0.64919895 -0.9917994 -0.060116645 0.20176248
48 -0.5445922 0.004369199 0.4284977 -0.6842075 0.3357722 1.0342857 1.1799921 -0.3160129
14 0.6515776 0.3197224 0.40898207 0.389861 -0.19376642 0.71472913 -1.1730043 0.5107699
24 0.363279 0.7871269 0.9656149 0.40459576 0.027651224 -0.14099589 -1.2532127 0.39888042
27 -0.15041633 -0.39313358 -0.23516965 -0.43902633 0.3631087 1.4165318 0.9922799 0.36740273
26 -1.1080635 0.012314127 0.1832584 -0.42741418 0.47840658 0.28307787 1.3593581 0.6666006
0 0.18556789 0.66829973 0.9403892 0.7740176 0.2571068 -0.6344761 -1.2955619 0.84863764
9 1.0148002 -0.45786592 0.43281773 -0.13991198 0.18890122 1.2459627 0.18591693 -0.17957295
38 -0.16649336 -0.11375037 0.04996916 -0.4359999 0.50677407 1.387147 1.1951292 -0.26231906
4 0.27639508 -0.62112814 -0.020534268 -0.25358582 0.11863495 1.2348925 0.4246892 0.43992054
11 0.508273 -0.42197034 0.4344807 0.2996957 0.029533746 0.54882544 -1.5478454 0.49185574
46 -0.49217635 -0.06337925 1.1703168 -0.25744313 0.4019876 -0.85328454 -0.9943577 0.5138525
23 0.4618075 1.1064615 1.0934085 0.3985227 0.2842204 -0.19542046 -0.6128508 0.027357537
32 0.01619921 0.5801572 0.99219894 0.74878895 0.32601148 -0.70082164 -1.4204565 0.7742521
5 0.32516906 0.40603888 0.75672287 -0.020054607 0.068365045 -0.033499863 -1.166101 0.52698874
39 -0.43367493 -0.5108819 0.18163776 -0.7507837 0.34061798 1.289952 0.95098054 -0.18262698
31 -0.69750506 0.21127783 0.19421937 -0.5657432 0.37420756 0.9721908 1.2661849 0.03712112
34 0.63619286 0.13888747 0.20195998 -0.5593952 0.057791036 1.5865064 0.7040899 -0.21843305
21 0.74306643 0.5915444 0.63781106 0.8196127 -0.2521794 0.67442006 -1.447955 0.29123145
41 -0.40030977 0.09298556 0.16630808 -0.43580347 0.21380521 1.3205483 1.0530217 -0.14720787
20 -0.17419505 -0.51905936 -0.39876005 0.42855757 0.26566654 1.0654218 0.30093023 0.92518955
33 0.056823052 0.4096211 1.1641712 0.7334221 0.361974 -0.841609 -1.262141 0.72343236
16 -0.2733533 -0.76205736 0.4123507 -0.51469654 0.46332112 0.38461852 -0.16446929 0.3226155
47 -0.4301461 -0.5741827 0.6043464 -0.9056573 0.43551996 0.99907315 1.0628918 -0.5635943
45 -0.35159436 -0.22046934 0.22986399 -0.5655985 0.40797254 1.108577 1.2360408 -0.10156376
28 -0.3146173 -0.22745937 -0.10440169 -0.5423799 0.4744521 1.4830682 1.210287 -0.08068291
13 -0.02523745 0.4870652 -0.097815804 0.84309226 0.15927708 0.37085992 -0.80852526 1.2043796
22 0.24439052 0.11245975 0.93156016 0.57834655 0.30404988 -0.5063359 -1.5720501 0.7577111
40 -0.33279443 -0.034667898 0.28615358 -0.28435895 0.38635522 1.0780207 1.5583589 -0.090019725
37 0.21864925 -0.27218103 0.80067176 0.7814849 0.34150293 -0.5364896 -1.3262796 0.9601841
44 -0.46791762 -0.30188563 -0.0032186715 -0.24939562 0.62284154 1.0324758 1.471287 0.12006278
30 -0.72810054 0.40419063 0.97419244 0.36466163 0.57590914 -0.69204485 -0.4068204 0.3438024
7 0.36450034 0.7985887 0.5928225 0.77363366 0.19042614 0.31872126 -0.14532003 0.2824147
2 0.5578935 1.1297424 1.2898638 0.50364244 0.035678156 -0.0361366 -0.755973 -0.18335524
8 -1.099723 -0.27204224 -0.078709014 -0.28550783 0.5537492 0.46938393 1.2360969 0.759833
3 0.8490651 0.8838455 1.1071094 0.8430981 -0.042492654 -0.21694174 -1.4284759 0.53914165
18 -0.73668104 -0.04552706 0.46523818 0.5993412 0.7186867 -0.81368285 -0.6809808 1.190278
35 -0.37732375 0.6783963 1.4732988 0.39041358 0.36523774 -1.2800215 -1.2639601 0.6268444
25 0.46973392 -0.28553885 0.18337783 0.6583928 0.29819503 0.14197491 -1.4334116 1.1091901
