50 8
16 0.44426134 -0.19963187 0.8162313 0.27748665 0.27325928 0.23221062 -0.5599677 -0.32640597
1 -0.46682873 -0.4885541 0.85784537 0.016663948 0.53987354 0.4739233 -0.060418583 -0.2328831
20 -0.6839511 -0.027003169 0.77551955 -0.4036542 0.5715703 0.8277358 0.391182 0.0018061341
23 0.40518537 -0.033303946 0.89521915 0.6834888 0.04755136 -0.88553506 -0.8281547 0.44461757
6 -0.9005251 0.25906953 0.642816 -0.36030886 0.5309471 0.72335744 0.7219371 0.20653449
49 -0.5364777 0.0070964587 0.8880744 -0.5294902 0.47005486 1.3617754 0.2954455 -0.54853904
4 -0.38452557 0.32860613 0.5288391 -0.222719 0.49399805 1.0782107 0.43856347 -0.2840336
11 1.0037327 0.053161245 0.9820651 0.17057875 0.06270285 0.38994136 -0.80036765 -0.6594502
29 -0.04012263 0.3819663 0.30336785 -0.049077056 0.44700176 1.0294248 0.4674163 -0.17176148
19 0.71961063 0.09998277 0.408298 1.246553 -0.05319548 -0.7944146 -0.8379461 0.5371183
15 0.4937986 -0.06426822 1.0883908 0.6432653 -0.21194214 -0.9634411 -0.68331826 0.39156264
5 0.66269684 0.42568162 0.597678 0.7586268 0.08357771 -0.79317373 -0.8248846 0.55385876
26 -0.68651634 0.09726836 0.60290444 0.34151044 0.12809709 -0.6362439 0.24573615 1.0701251
18 0.8246348 -0.019459752 0.5881881 1.0277581 -0.272829 -0.7579794 -0.36703253 0.41569653
24 0.89519674 0.082470834 0.41135588 1.2274151 -0.2973755 -0.5712904 -0.8348626 0.40768075
3 1.080029 -0.05576142 0.4861633 1.2853669 -0.1806634 -0.73551464 -0.8349639 0.38064155
38 -0.5112092 0.24212848 0.38099068 -0.22204249 0.27270758 1.6554954 0.8930285 -0.39040378
27 -0.95782745 0.37143824 0.31642824 -0.32775897 0.83446383 1.1477656 0.89732605 0.22974
44 -0.75358033 0.26292795 0.17586648 -0.20894812 0.6357592 1.1372193 1.0709734 0.33766595
9 1.0387892 -0.11424849 0.5123737 0.5199093 -0.075407766 0.48278886 -0.14204013 -0.39181462
37 1.2284311 -0.33488527 0.5993178 1.1516855 -0.036349062 -0.40597603 -0.8305591 -0.09727724
21 1.1034659 -0.0934718 0.35944855 1.4537084 -0.3884241 -0.52828085 -0.7711501 0.23010547
34 -0.1993096 0.096846975 0.5115928 -0.28255627 0.18265134 1.8165283 0.5393129 -0.5543435
46 -0.87381494 0.18030776 0.8893697 -0.6974716 0.5838072 1.1437615 0.6827941 -0.1967781
0 0.77318263 -0.0104550235 0.72866046 1.0732244 -0.34475344 -1.0241153 -0.5658292 0.52003145
28 -1.2048619 0.31074286 0.6259799 -0.6012028 0.7794851 1.0549579 0.78785056 0.21091948
42 -1.1347704 0.35815996 1.1338712 -0.7301121 0.4554478 0.17121151 0.16220467 0.59089106
31 -0.94849044 0.19894777 0.5569761 -0.6318033 0.60535306 1.349774 0.942844 0.22361052
8 -1.139138 0.2776087 -0.0067200596 0.005232716 0.5698434 1.0621682 1.2503624 0.51718116
36 -0.88509554 0.206214 0.607123 -0.54260945 0.527457 1.3890399 0.9984838 -0.08484064
17 -0.53845394 -0.40792084 1.3168585 -0.34636194 0.46787637 -0.025410341 -0.36002594 0.0825589
14 1.1513972 -0.19424121 0.11763269 1.1385009 -0.32303974 0.65393525 -0.2544898 -0.48013282
41 -0.88827866 0.1533003 0.18659607 -0.10572709 0.47620904 1.5254097 1.2418127 -0.116590574
2 1.3968217 0.040924344 0.461493 1.5293078 -0.53444874 -0.56381404 -0.84714925 0.015018313
30 1.0005566 0.25405082 0.34373015 1.399377 -0.3441858 -1.0951538 -0.49019977 0.65830237
47 -0.6145579 0.038771704 0.7185464 -0.51426196 0.5723432 1.2924558 0.7589035 -0.28709254
22 1.1373535 -0.042625725 0.195392 1.641021 -0.438681 -0.48798335 -0.7632839 0.2645381
13 0.46115947 0.7902154 -0.4022922 1.3059069 -0.20124473 -0.5357727 -0.024350494 1.2846514
12 0.29508662 0.62248904 -0.14228593 1.3260336 0.07469881 -0.81233066 -0.15362176 1.0397942
43 -0.9955014 0.55943555 0.03689429 -0.17669939 0.6787537 1.3225287 1.3563524 0.26570114
25 1.3394213 0.16846882 0.30307606 0.73844755 -0.18014479 0.40825224 -0.31832775 -0.24297017
48 -0.71313155 0.20287712 0.21533519 -0.34699196 0.3836085 1.7194307 1.3665487 0.029984754
33 1.3995601 -0.23411602 0.31684294 1.6530743 -0.30723867 -0.5549923 -0.7675928 -0.019306319
39 -0.6891659 0.27758077 0.23459153 -0.3678991 0.45781276 1.7448748 1.4316899 -0.049463198
45 -1.0076368 0.0307156 1.4192178 -0.52355444 0.5595892 -0.1151772 0.024130456 -0.012340576
40 -0.5479173 0.5995008 -0.061897326 -0.3393004 0.16982855 1.8851389 1.5065917 0.4096784
7 0.87413377 0.22597289 0.05094941 1.3876791 -0.15733418 -1.138776 -0.16311663 1.2996863
10 -0.6586479 0.20677832 -0.012789238 0.80704945 -0.19849251 -0.09151673 0.32210502 1.1176869
32 1.4559797 -0.0033122944 0.34439516 1.5223532 -0.5172083 -0.6288228 -0.5660977 0.2675266
35 1.4315262 0.19213563 0.40914556 1.5619262 -0.36245212 -1.1816055 -0.6480894 0.51961213
