50 8
43 -0.7072077 0.2823888 0.33339477 0.43141988 -0.4078454 -0.4154421 0.20842919 -0.117384136
19 0.17835304 0.6333324 0.9894674 -0.23343603 0.9487241 -0.011981543 -0.067011945 0.15797056
15 -0.28170696 0.24001108 0.8461569 0.16763847 0.45503357 -0.36343908 0.048664957 -0.48209393
23 0.38612926 1.0847721 0.5875833 -0.18458569 0.68428254 0.5256133 -0.026278839 0.3744402
24 0.30622312 1.0811802 0.48723584 -0.120132096 0.64298844 0.18597579 -0.14472224 -0.14676146
42 -0.20093781 0.56278723 0.622056 0.06756937 -0.21534568 -0.026830193 0.4982106 -0.66134113
45 -0.44899294 0.3573092 0.47145748 0.10778462 0.25268507 -0.41453594 0.3565744 -0.5538593
39 -0.76829195 0.114558615 0.47685832 0.34966588 1.1506907 -0.3465726 -0.29438603 0.4385854
34 0.35169786 1.135285 0.28280795 0.39143804 -0.80319756 0.40155914 0.3830991 -0.6234247
20 -0.420669 0.29930484 0.531611 0.68902993 -1.034567 -0.3422091 0.31770173 -0.93960327
44 -0.3815437 0.439633 0.51992536 -0.061778706 1.2571893 -0.2868429 -0.16484767 0.85355395
18 -0.6741808 -0.06233013 0.7476456 0.1835053 1.2384225 -0.305805 0.08777629 0.8620782
31 -0.82308567 -0.1981639 0.6517862 0.32870698 1.3895984 -0.7728818 -0.1613019 0.6111073
22 0.491002 0.9971371 0.7417759 -0.23224202 1.188344 0.3185155 -0.19457746 0.43616438
1 0.27637938 1.0786234 0.3095352 0.22368951 -0.7518535 0.37210023 0.57617694 -0.57227004
36 0.4675649 1.1812174 0.352501 0.21065709 -0.8459814 0.29343516 0.5768664 -0.905411
0 -0.4540669 0.14015694 0.34171757 0.548406 1.2236447 -0.3719551 -0.15697347 0.8054138
2 -0.3886206 0.17907687 0.66131324 0.031743657 1.5133978 -0.24523303 0.12588371 0.91686696
21 -0.19295451 0.46812862 0.57491344 -0.14999054 1.1919119 -0.27943206 0.110880286 1.1042544
38 0.36335948 1.0466976 0.63055354 -0.24147634 -0.39617026 -0.15201761 0.4762324 -0.8631093
16 -0.33360904 0.9236775 -0.2755202 0.7107494 -1.5734152 0.06243235 0.7233312 -0.43711793
6 -1.766951 -0.46990216 0.003059009 1.057827 0.31012538 -0.9649267 -0.24823317 -0.12749203
25 0.7260885 1.4220159 0.55041754 -0.2047089 0.20300676 0.39994955 -0.21708606 0.39942303
40 -1.0663745 -0.15761979 0.29637614 0.46683997 0.7047549 -0.5433689 0.11191177 1.7958971
46 -0.2142657 0.6981511 0.16634656 0.897597 -1.2497988 0.07275704 0.3198472 -1.1433443
28 0.27720788 0.7280356 0.6662067 0.073193446 -0.7338371 -0.30218595 0.6979043 -0.57017004
8 -0.7676721 -0.27746263 0.5690597 0.8252667 0.73007095 -0.9767101 -0.33910128 -0.0928479
14 0.85411084 1.7546006 -0.07668634 0.12938233 -0.5242166 0.86603034 0.46229896 -0.18833007
12 -0.5296142 -0.07630198 0.5470057 0.42423925 1.6569426 -0.91930515 -0.23836522 0.4134927
33 0.0058673397 0.8457491 0.43509674 -0.39115018 1.2361938 -0.068755314 0.026465444 1.2645162
49 -0.0020774815 0.9733362 0.09880815 0.82612395 -1.0108639 0.5472374 0.24268135 -1.3600353
27 -0.9548439 0.26475844 -0.27743426 1.185714 -1.1331393 -0.27351066 0.49294367 -0.8821789
7 -0.74039406 -0.12016624 0.41878906 0.5883246 0.6245114 -1.091417 -0.050236158 -0.12604116
37 -0.14316893 0.36336613 0.72932327 -0.12204842 1.6564789 -0.19933599 -0.013229493 1.2674216
17 -1.1729484 0.109972194 -0.050960526 1.0139872 -0.6038105 -0.38074303 0.25088742 -1.1503237
35 0.2838004 0.9757302 0.36624095 -0.2614208 0.53309757 -0.005786228 0.28569755 1.4989885
32 -0.011852761 0.74635345 0.5291912 -0.3662184 1.6938076 0.046380714 0.0013313653 1.4420584
10 -0.8136768 -0.13564618 0.22292306 0.9187529 -0.17760387 -0.7826548 0.36004034 -0.41834632
30 -0.82446325 0.1048343 0.2309765 0.34595343 1.1474212 -0.568576 -0.142106 1.3553374
5 -0.013466319 0.6561741 0.41410714 0.8162426 -1.2350916 0.028375672 0.35174742 -0.95687366
4 0.28543386 1.341894 0.051363938 0.38940895 -1.7846264 0.3251854 0.89429516 -0.86449033
26 -1.7125192 -0.49077192 0.34413928 0.7216767 0.7000874 -0.7005459 -0.2841292 0.6482197
3 -0.34255296 0.42161372 0.5587864 -0.05693589 1.9039937 -0.066958316 -0.1936266 0.6822542
29 -1.2626309 -0.069587246 -0.13784206 1.0981265 -0.077061586 -0.47271797 -0.12298953 0.39309677
9 -0.7013343 0.81292534 -0.41669002 0.90616494 -2.053879 0.10319225 0.8725756 -0.7198637
13 -0.76259685 -0.3066008 0.6032874 0.50719637 1.1983073 -0.8344374 -0.0053174514 1.2048455
11 0.57633686 1.4350208 0.29229325 0.10647458 -1.3868079 0.63787323 0.7860908 -0.36445034
41 0.2870952 1.2880008 -0.15009506 0.55826026 -1.4934125 0.17246929 0.5633888 -0.18558161
47 -0.9936967 0.7734973 -0.8128078 1.2181051 -1.9199508 0.10405999 0.52547956 0.12685269
48 -0.9296794 0.767196 -1.2723618 2.0888615 -2.216911 0.07666163 0.39863047 -0.13994688
