50 8
1 -0.30617765 0.5374848 0.4522342 0.49474555 -0.49018553 -0.3421133 -0.16322088 -0.84012413
12 -0.5966013 0.38204893 -0.21304284 0.6414418 1.0391735 -0.117896564 -0.40080777 0.65340835
43 -0.68487793 0.49367198 0.14400868 0.6091067 -0.45655024 -0.56199473 -0.3583116 -0.71285045
20 -0.5529398 0.43636262 0.12479528 0.79611707 -0.16660167 -0.5516681 -0.14310719 -0.4747149
23 -0.7909085 0.25801545 0.12694047 0.47148925 0.41000208 -0.11209784 -0.36817628 0.12619057
44 -0.52736425 0.60693616 0.070392415 0.68065536 -0.41263318 -0.6599276 -0.1985916 -0.6466552
24 -0.5875654 -0.21425319 0.6430165 0.20234309 0.9205423 0.5140927 -0.9167454 0.68634254
28 -0.44166133 0.5225555 0.45133618 0.5253691 -0.5035857 -0.53756064 -0.25137225 -0.9688846
40 -0.7948673 0.75944185 -0.44176155 0.8743423 0.28182545 -0.6925303 0.15239516 -0.25420678
17 -0.4910743 0.14033604 1.2216713 0.24950327 0.067791514 -0.527618 -0.23887996 -1.0304116
38 -0.5523381 0.7449773 -0.09745922 0.7643301 -0.8080766 -0.69707346 -0.15915295 -1.0256035
6 -0.56838024 0.5209155 -0.25482515 0.9996336 -0.7394458 -0.54995126 -0.3359163 -0.6562114
27 -0.60163677 0.5004421 -0.15346362 0.90062916 -1.0749432 -0.42527616 -0.3586879 -0.8004028
19 -0.074907355 0.07391354 0.5808257 0.11685954 0.79989576 1.0141871 -0.7679187 1.2404672
49 -0.28776672 0.22224523 1.4917487 0.0033936552 -0.27349007 -0.40399483 -0.14214167 -0.8279546
36 -0.3281654 0.84602827 0.22734281 0.62275416 -0.7819444 -0.4464939 0.2617061 -1.0344102
26 -0.6154442 0.6551907 -0.28406414 0.9272478 -0.5114381 -0.60894644 -0.12093618 -0.5628184
29 -0.29803124 0.8197275 -0.4825699 0.681975 0.097186565 0.06902982 -0.025735142 0.514559
34 0.25849605 1.0078812 0.41097194 0.41464475 -0.70644873 -0.049538337 0.28040522 -0.7775889
39 -1.0640494 0.3782439 -0.20149767 0.8795818 -0.45954934 -0.8425116 -0.49638802 -0.69006395
47 0.2071453 1.0064019 0.56790423 0.46440214 -0.96693903 -0.27836433 0.4278497 -1.245557
15 -0.48161152 -0.10366476 1.1753181 0.046961386 0.8164617 0.18084896 -0.4817508 0.24966693
10 -0.8099415 0.40848276 -0.028853241 0.73169506 0.4517576 -0.51479346 -0.097640745 -0.07547444
41 0.0029473284 1.3674228 -0.49266186 0.8199189 -0.8698759 -0.42393214 0.47883233 -0.7478015
18 -0.2200553 0.33151543 -0.0027776381 0.34582803 1.312894 0.9866844 -0.45100102 1.9115486
5 0.34682962 -0.15514639 1.4615937 -0.03477704 -0.32072705 0.95694345 -0.7663653 0.73104334
45 -0.8918415 0.36896396 0.47403315 0.42636833 0.11908464 -0.7972071 -0.4410669 -1.0601497
31 -0.7450457 0.65520597 -0.29661915 0.9374864 -0.11976765 -0.9537501 -0.22555658 -0.82420176
7 -0.41729674 0.048815347 0.11041018 0.30726328 1.1649709 0.8912969 -0.8059699 1.8564763
9 0.51318794 0.93621886 0.6950256 0.27932504 -1.3823735 0.39199993 0.39459577 -0.4340903
42 -0.64463824 0.3374244 0.5894895 0.3826885 -0.3859922 -0.4551713 -0.41352478 -0.9923917
21 0.2818857 0.4445139 0.8469751 -0.07293093 1.3942376 1.2327263 0.0321532 1.6212542
25 0.7311255 0.86689705 -0.21638751 0.352883 -0.15310352 1.5360123 -0.15899907 1.2609289
8 -1.0007659 0.38541767 -0.5228978 0.9518674 0.4342008 -0.6121663 -0.39010447 0.029669585
14 1.0065503 0.85849494 0.6590226 -0.008259985 -0.06097383 1.5931678 0.115985 0.58336437
16 0.5646744 1.2436417 0.5259368 0.38947812 -1.1397442 -0.07053211 0.66152626 -0.6304086
13 -0.5594194 0.5390748 -0.6878417 1.0507246 0.6282061 0.064818114 0.16656853 0.8806855
3 0.35289484 0.25931317 1.3133346 -0.37882572 1.1806718 1.5645702 -0.2704955 1.5780889
46 0.38021496 0.22615318 1.3751546 -0.033092074 -0.97800624 0.7669508 -0.36766043 -0.070672505
37 0.22724809 0.15400521 1.1685287 -0.16468847 1.1759707 1.4689492 -0.2072537 1.391713
48 0.29962888 1.1484377 -0.41911316 0.9148372 -0.8809746 -0.27265984 0.090220146 -0.49238947
33 0.35905832 0.3704765 0.8968993 -0.18520918 1.2184484 1.5397527 -0.190586 1.7153224
2 -0.011588421 0.21024702 0.6370803 0.016830439 1.1901592 1.299465 -0.4197168 1.695398
22 0.34808213 0.09516573 1.4723977 -0.36352327 1.4046358 1.6087726 -0.39393336 1.6093044
11 1.100446 0.74109864 0.99518967 -0.032818176 -1.4878448 1.3340644 -0.16498108 -0.008852802
32 0.064685896 0.3670709 0.6282776 -0.067529395 1.4142898 1.403608 -0.18988071 1.9354892
35 0.5298019 0.3614471 1.2157445 -0.17420068 1.0635886 1.5663211 0.0252571 1.5664848
0 -0.10497437 -0.06718717 1.0768704 -0.13306224 1.5272061 1.3804948 -0.61046267 1.4992076
4 0.57395864 1.1532773 0.6184027 0.3985843 -1.2453486 -0.055008315 0.63855565 -0.7642301
30 -0.428965 -0.10249526 0.39552167 0.15119414 1.6406587 0.9395481 -1.0242711 1.6827515
