50 8
25 0.05145249 -0.31852308 0.6062852 0.51125616 0.16044597 0.17734875 -0.6361343 0.54070544
39 -0.15586767 0.3817803 0.11169732 1.0428545 0.1292329 -0.32761276 -0.5305258 0.74463594
19 0.3284018 0.5631791 0.23082449 0.009073357 0.71289444 -0.2979452 -0.651184 0.69403607
43 -0.37407255 0.33725443 0.6525628 -0.29452452 0.7934065 0.7747175 0.93463594 -0.06918771
26 0.37336224 0.7773478 0.38683686 -0.3437869 0.82549554 -0.038221702 -0.11631051 0.46314895
1 0.3576982 0.2979606 0.76875705 -0.15125565 0.8209215 0.25938487 -0.5193462 -0.094247915
28 -0.40179345 0.94496715 0.37500286 -0.6029694 0.85268354 0.533591 0.6932417 0.1938919
23 0.33937693 0.75950754 0.5767886 -0.20474482 0.7744304 0.69720364 0.22849318 -0.06280182
2 0.098100305 -0.22014338 -0.00947768 1.1851317 0.34448972 -0.30139077 -0.931364 0.9310145
48 -0.2896807 0.18165533 0.37476122 0.59976035 0.5269187 0.77698636 0.59331816 0.018686414
41 -0.051562123 -0.0972405 0.9436542 0.32226634 0.34323925 0.69750893 0.17355767 -0.19508784
20 0.050958052 0.8689058 0.4835868 -0.6278281 0.9191593 0.22455117 0.7486909 0.33584982
40 0.13329016 0.34848583 -0.22462945 1.3390777 0.3446003 -0.4700796 -0.6571502 0.9767431
36 -0.5737958 0.23306166 1.3257236 -0.7045316 0.33577177 0.687893 0.13324937 -0.36181137
17 -0.3325793 0.0155989975 1.378718 -0.76814085 0.05620854 0.9045712 0.075732365 -0.049748935
46 -0.9293932 -0.010412115 0.9822473 -0.031454407 -0.40930706 -0.048268255 -0.61579126 0.506055
16 0.10228179 0.23612644 1.0459107 -0.7785025 0.21563302 0.6153985 -0.48561093 0.2674991
31 0.11490737 0.8456355 -0.24772644 -0.1662276 1.3874192 -0.48714525 -0.33200237 0.7760345
29 0.5025465 0.30261898 0.54757684 0.002871077 0.5867939 -0.24515422 -1.4130511 0.43017513
24 0.095739044 0.007370946 0.51731306 -0.049872052 0.6344389 -0.42758292 -1.4821249 0.556907
15 0.49194458 0.6035366 0.06286065 -0.19870287 0.9946898 -0.5232051 -0.6535819 0.89464116
38 -0.47388357 0.49407658 0.83299106 -0.1004581 0.6080238 0.81609726 0.815325 -0.3733907
18 0.07211114 0.38908997 -0.42360526 0.5354692 0.8699471 -0.7829097 -0.81553626 1.3597007
12 0.49884665 0.60957485 0.02158159 0.77940696 1.1583295 -0.4715473 -0.75624037 0.24777111
34 0.4035922 0.12377489 1.2959856 -0.033155136 -0.10154501 0.5192626 -0.62553716 -0.05981834
27 -0.562817 0.027444584 1.355975 -1.0692939 0.27804664 0.6725772 0.47080445 0.04292448
4 -0.529905 0.41361934 1.3096395 -0.4220969 0.0047466815 0.98529494 0.83054614 -0.29430726
6 0.36805415 0.79182607 0.3795057 -0.45738763 1.5393802 0.24076696 0.92215466 0.0134575525
14 -0.23498924 -0.4577154 1.0864801 0.82973635 -0.8480906 0.4015532 -0.8585856 0.4942055
8 -0.16543539 0.81232566 -0.50271034 0.16977227 1.2711574 -0.19077729 0.073657304 0.84588605
3 0.23072058 0.18915671 0.35964516 0.46897957 0.45111135 -0.4499894 -1.5887351 0.54439366
13 -0.4172064 0.5375879 -0.63246185 1.2954253 0.95221335 -0.15812376 0.75864834 0.8193835
49 -0.8626327 -0.27621844 1.3441293 -0.15628389 -0.20440619 0.8750558 0.75740063 -0.042471055
44 0.2090529 0.7914053 -0.07735586 0.161352 1.6226037 0.18029226 0.6186793 0.05432696
21 -0.40653366 -0.55021155 0.19723414 1.277113 -0.15705706 -0.20001382 -1.0439101 1.0072652
7 0.64640415 0.9660095 0.0876876 -0.1752524 1.0520086 -0.4040937 -0.12523961 0.7261474
45 -0.06949342 0.90467316 0.825726 -0.7560124 0.49858132 0.57329 0.81361854 0.16420521
0 0.03150108 -0.13760903 0.12287723 0.7542903 0.16246004 -0.35107723 -1.3882515 1.073388
10 -0.34233752 1.0259222 0.49936 -0.5567264 1.0193741 0.5237623 1.5556139 0.009100667
11 -0.31970435 -0.3400334 1.749573 -0.1203136 -0.60802585 1.1447563 0.28214386 -0.20779172
30 -0.22595784 -0.30846366 -0.0719831 1.6425503 -0.19531043 -0.75938416 -0.58124566 1.4871905
47 -0.53070456 -0.24166729 1.0987266 0.91330487 -0.6990612 1.0812128 1.1569177 0.15177307
42 -1.3708364 -0.2893468 -0.23915547 0.6068653 0.5482659 -0.432151 0.27197382 1.1985382
35 0.024946462 -0.30295578 0.23409337 2.1219819 -0.1611964 0.19306184 0.024635091 0.49098182
33 -1.086046 -0.6879237 0.33019686 1.9253441 -0.7582641 0.42135742 -0.03152362 0.7786922
9 -0.3201893 -0.64505255 2.0539944 0.1853445 -1.2225395 0.95877844 0.27419958 0.012080636
37 -0.07991724 -0.40085557 0.05973665 1.7063311 -0.23154794 -0.5984573 -0.4095615 1.351198
5 -0.6690694 -0.44352573 1.6795633 -0.14463735 -0.77744114 1.1542739 1.2503651 0.17081787
32 -0.6083425 -0.36054885 0.1913704 2.0218825 -0.5912463 -0.53914785 -0.31297782 1.1568996
22 -1.35249 -1.0240823 0.71682686 1.6679561 -1.0139911 0.07040895 0.09740911 0.8881342
