50 8
43 -0.47432128 0.3026936 0.42192242 0.3754329 -0.12991354 -0.5417811 0.251052 -0.40013266
1 -0.13088925 0.70030814 0.3123393 0.22866005 -0.63996917 -0.5696142 0.0051164846 -0.75112146
28 -0.30836216 0.59280676 0.3867983 0.22729759 -0.9446277 -0.24092191 0.18225867 -0.8087152
30 0.042330854 0.22529618 0.77988136 0.19923592 0.5795766 -0.798655 0.3480123 0.6173579
25 -0.08333371 0.9386986 -0.013379357 0.5532209 -0.65291584 -0.27666318 -0.21785502 -0.5029441
46 -0.80969536 0.2916423 0.580095 0.45544448 -0.08621114 0.47456896 0.47623184 -0.067120545
18 0.07269704 -0.18410891 0.8811075 -0.010134851 -0.22669175 -1.4727113 0.4439156 0.2955421
36 -0.48966214 0.8689644 -0.23325308 0.9739349 -0.8951093 0.19540706 -0.21677716 -0.84912384
39 -0.19288333 0.5741315 -0.2001141 0.75008255 -0.6088415 -0.60470563 0.22321211 -0.23403063
48 0.06466631 1.188915 -0.4738661 0.8151927 -0.6629685 -0.18767233 -0.10558556 -0.25936264
16 -0.039498277 0.67473394 0.14025754 0.122215375 -0.87981945 -0.8282796 0.39866984 -0.8144077
15 -0.46802464 -0.10645628 1.5146616 -0.2528057 0.25328872 -0.14403741 0.21100934 0.6923932
27 -0.53146064 0.5009971 -0.24029665 0.9461023 -1.186036 -0.42665216 0.09741528 -1.006956
19 -0.36565778 0.2549661 1.1710793 -0.073170654 0.42976204 -0.0250849 0.14718308 0.57852983
26 -0.3827449 -0.23931344 1.207951 -0.16460362 -0.4457988 -1.167181 -0.0945963 -0.47041044
4 -0.26551467 1.0662416 -0.37774748 0.7853425 -0.4895321 0.101528116 0.31889054 -0.26329273
40 0.026633851 0.9927753 -0.3835835 0.7039043 -0.22055301 -0.44063205 0.4281348 -0.042429626
10 0.27196762 0.6029941 0.9913626 -0.5029477 -0.08687825 -0.755978 0.35856035 0.14269717
42 -1.0835187 -0.34419203 1.4842424 -0.28793585 -0.43205187 -0.08772155 0.14877132 -0.4223908
12 0.16902862 0.22647631 0.8262522 0.1878433 0.39410716 -0.6985861 -0.05654979 1.3375522
14 0.38212025 1.5181593 0.090939194 0.38476503 -0.10072169 0.2875848 -0.4140214 0.23493932
31 0.02462146 0.38486582 0.09938715 0.53162485 -0.81290644 -1.2833539 -0.054811276 -0.65685666
8 0.24246304 0.5064145 -0.21468914 0.52788365 -0.4589691 -1.6953665 0.2871257 -0.34050754
34 -0.183677 1.3434564 -0.6068815 1.1282326 -0.4114998 0.24365364 -0.33587024 -0.33790886
29 -0.35560066 0.8271934 -0.50265765 0.8059282 -0.69076914 -0.50880384 0.38628992 -0.69476205
38 -0.13673432 1.0696653 -0.8000759 1.0558157 -0.8096936 -0.67123866 0.046826504 -0.8188514
23 -0.31918594 -0.12462247 1.3535597 -0.32313582 0.18709472 -0.5947641 0.5085802 0.5429748
5 -0.6933698 0.1570874 1.3121752 0.30547792 -0.19496645 1.1036259 -0.3014727 0.6749444
7 0.5120119 0.42217472 0.929617 -0.2590005 0.23617236 -1.0599691 0.22931673 1.106872
20 -0.35247928 0.9338144 -0.30469975 0.74394286 -0.5803356 -0.447991 -0.03965962 -0.93032897
17 -0.60195214 -0.2064286 1.5244366 -0.44006842 -0.53043246 -0.3907996 0.15810518 -0.30823642
21 -0.18498395 0.70438313 0.8297878 0.43541834 1.208853 0.53547716 -0.24056903 1.6401455
33 -0.40680432 0.62255985 0.67637885 0.5045524 1.2318438 0.4779672 0.1796465 1.3349516
41 -0.21995632 1.080704 -0.64041954 1.0556916 -0.9247418 -0.25595647 0.045409698 -0.90157986
0 -0.2505023 0.002851234 1.5365928 -0.3854837 0.80424184 -0.49668044 0.43793422 0.803586
24 -0.21559948 0.14087892 1.5383781 -0.4339997 0.6182791 -0.38105643 0.15463386 0.8424671
22 -0.6729237 0.053078108 0.8014728 0.7547204 0.753688 0.34476927 0.32708764 0.5738846
44 -0.17964308 0.33755785 0.62059957 0.210371 -1.2864547 -0.5354885 -0.40007636 -0.73274475
9 -0.19600253 1.5675186 -0.31581953 0.83861965 0.039639104 1.0457903 -0.066967346 0.3911466
47 -0.77073824 0.8744619 -0.28098422 1.1959566 0.12359264 0.4850971 -0.091804564 -0.3643567
6 -0.2408215 0.524243 -0.06919034 0.55281013 -0.51379746 -1.29915 0.27196988 -1.2754415
32 -0.6548318 0.25197434 0.59755 0.7396803 0.96209705 0.54019624 0.49382785 1.292939
13 0.38131773 0.8545073 0.016320359 0.50383925 -0.21720082 -0.33418033 0.12195487 0.98902065
49 -1.071759 0.37701026 0.83258724 0.68634504 -0.5520845 0.9515126 -0.94205153 -0.5651967
3 0.13620842 0.20664433 1.5337205 -0.68320966 0.8688385 -0.8054524 0.7176744 0.93711257
35 -0.1723693 0.03823393 1.1973857 0.0264462 0.57452655 -0.07283243 0.59195703 1.5132903
37 -0.33393106 -0.0035279607 1.019441 0.20895457 1.0840956 -0.11443184 0.89009523 1.5104768
2 0.25053862 0.2440169 1.3301604 -0.29315537 0.9938643 -0.49844238 0.7417893 1.5997535
11 -0.6368162 0.885332 0.32871133 0.9937186 -0.6266406 1.6013005 -0.6983514 0.44702777
45 -0.69961554 -0.040205613 1.6904215 -0.36269274 -1.1261925 0.14495534 -0.30210334 -1.3016963
