50 8
43 -0.6861901 0.7669312 -0.016626082 0.5534751 -0.5876041 -0.1516004 0.5073933 -0.42731255
28 -0.2554667 0.67941386 0.14059246 0.7505872 -0.3372002 -0.78936213 -0.15086594 -0.39712507
31 0.17760499 0.5402409 0.43127397 0.3488687 0.6675693 -0.5739566 -0.6672805 0.711374
23 -0.25949636 1.1729339 0.008864447 0.07482717 0.49683118 0.3614783 -0.027076857 -0.15133522
14 -0.7738397 1.2368621 0.16504079 0.038535226 -0.17157553 0.43840834 0.20005018 -0.73573166
21 0.28505373 0.77639806 -0.027346332 0.28430957 0.65917915 -0.20298472 -0.11205196 0.7731126
39 -0.33924603 0.95318264 -0.11806017 0.221885 0.8988234 0.2820031 -0.0733338 0.14762604
18 0.60450834 0.16925724 0.51570356 0.5487077 0.80795145 -0.21884094 -0.22728741 1.6224062
1 -0.45978013 1.0141698 -0.15477632 0.37941957 -0.5117892 -0.0025490592 0.63722503 -0.4423586
29 -0.10172853 0.93981546 -0.3897979 0.39509514 0.002976795 -0.34338236 -0.31745556 0.39432338
25 0.16491754 0.9169413 0.17595227 -0.05906264 0.29789758 0.3316571 -0.054333262 0.83588463
26 0.10380193 0.6488693 -0.0025539314 0.43390843 0.5876761 -0.7466861 -0.7991146 0.8305242
46 -0.71315587 0.27562177 0.8921585 0.26918268 -0.7701941 -0.09706238 0.3995116 0.21792918
40 0.57650006 0.34508485 0.5278963 0.23668267 0.8292151 0.1263141 0.32134137 1.4185416
12 0.48890433 0.78443307 -0.41476247 0.48048794 0.8646328 -0.96010077 -0.4758832 0.91211003
41 -0.09353666 1.105069 -0.32040274 0.44283226 0.74844575 0.26478648 0.020100413 -0.10600396
27 -0.43293294 1.1391603 -0.5400583 0.70451057 -0.36123034 -0.258553 0.13994472 -0.6303816
19 0.098769106 1.0399207 -0.19717675 0.24778165 0.94751817 -0.08320163 -0.8514733 0.6007678
34 -0.8463252 1.1838266 0.43798867 0.110157624 -0.27342066 0.47320008 0.031542476 -0.9923862
2 0.31467313 0.74714804 0.4064964 -0.19014241 0.78199315 0.937561 0.3056646 1.3482789
17 -0.5007977 0.5426719 0.64112103 0.38215435 -0.21086039 -0.8623102 -0.7602004 -0.013140625
16 -0.1609718 1.1481106 0.3561875 0.016383775 0.30518925 0.17043631 -0.07545931 -0.3595679
6 0.12944628 0.5269396 -0.17957924 1.134045 -0.1345784 -0.894807 -0.033479247 -0.03795779
24 -0.1316285 1.1972382 -0.05229733 -0.15460737 1.2368698 0.51646304 -0.5883916 0.5144868
0 0.43100747 0.31050402 0.9418945 0.19574067 0.98318666 0.5856857 -0.1399409 1.4249011
4 -1.0090207 1.076921 -0.059747234 0.25371793 -0.31698763 0.13997383 0.44737256 -0.8138467
7 0.5004749 0.47169062 0.08469039 0.6214548 0.717387 -0.9648451 -0.7061609 1.0348971
49 -0.93476886 0.86942583 0.502929 0.5244742 -0.88369054 0.26648775 0.3358128 -1.0135286
30 0.3907968 -0.055258736 0.8421952 0.6140817 0.7048509 -0.16866796 -0.043818157 1.4550974
15 -0.4909871 0.8381169 0.8062767 -0.12607057 -0.025433589 0.6325756 0.003693998 0.0714139
48 -0.20185114 1.1128889 -0.7460049 0.94807714 -0.31457144 -0.6291875 0.016833946 -0.66185206
47 -1.0312285 0.8516127 0.60815394 0.41387394 -0.48716888 0.36557373 -0.027684845 -0.9194598
42 -0.49243873 -0.09643719 0.8249184 0.54270256 -0.30231842 -0.5828814 0.15945825 0.78762347
33 0.13966799 0.68419135 0.49509004 -0.24797869 0.13089423 0.50745165 1.0498053 0.89212644
5 -0.77210146 0.4372249 0.5363372 0.6429124 -0.65023005 0.2961837 0.66975856 -0.35742033
20 -0.49230567 0.3970236 0.5726161 0.9053983 -0.662573 -1.342852 0.31672633 -0.89306736
9 -0.8171825 1.0629123 -0.15378256 0.3824512 -0.72515166 0.16570814 0.7827072 -0.7419593
10 0.411127 0.22757192 -0.303475 1.152172 -0.57076126 -1.2280258 0.8011249 0.6480948
38 -0.46212173 1.1513425 -0.52778405 0.5859127 -0.37227854 -0.42375404 0.27227265 -0.6719415
44 0.51158905 -0.1900178 1.3580233 0.5513677 0.19972387 -0.4802207 0.06706876 1.2902557
32 0.55091155 -0.114202015 0.59847647 0.43363345 0.68014765 -0.44642377 0.70426625 1.9194868
45 -1.0144039 0.13382061 1.1197128 0.4075173 -0.6826713 0.5515442 0.7088258 0.013321178
36 -0.81811124 1.0407596 -0.09105907 0.4572368 -0.64934844 -0.26335374 0.395075 -0.90820104
8 0.46660236 0.08973747 -0.15707432 1.0008246 -0.06953001 -1.3098512 0.13631663 1.3042333
11 -1.1770571 0.82544935 0.68485785 0.09206264 -0.955371 1.0830275 0.95787233 -0.61718416
13 0.45440122 -0.18666017 -0.041570883 1.0957302 0.05699475 -0.95911026 0.75499856 1.6155237
3 -0.14497074 0.8110286 0.64610314 -0.046255667 1.0710714 0.767502 -0.50234944 0.58559304
35 0.4964544 -0.39751223 0.70989215 0.59837145 0.4203132 -0.79644096 0.6504468 2.0758185
22 0.21216454 -0.7866099 1.7236953 0.6994792 0.46897358 -0.8289369 0.50053096 1.6214099
37 0.1852994 -0.43377253 2.070639 -0.21904989 0.100335225 0.40229076 1.1589973 1.8900701
