50 8
43 -0.23868275 1.2175725 0.28626797 0.10414093 -0.5163593 -0.3623596 -0.37810418 -0.93638366
41 -0.40055594 1.2040987 0.2372227 0.08381803 -0.55079454 0.008247437 -0.24450818 -0.99051183
28 -0.31917623 1.3909774 0.3284503 -0.051520184 -0.6759972 -0.06929817 -0.3232784 -0.9505866
49 -0.51244193 0.73104984 0.47984675 0.2991584 -0.56763875 0.45383886 -0.34096596 -1.1719018
1 -0.07046507 1.2861376 0.3489539 -0.0344166 -0.31441978 -0.19137442 0.08753012 -0.65959543
42 -0.09238451 1.0744206 0.18281396 0.04521018 0.061818384 -0.67219144 -0.21699534 -0.6160762
40 -0.10737193 0.86239594 0.24677335 -0.072613016 0.7470983 -0.72538173 -0.27668422 0.084304675
16 -0.4688735 1.1561741 0.30415386 -0.12357548 -0.15436007 0.020295039 0.051562842 -0.5579942
27 -0.6810797 0.7915264 0.42041516 0.2321936 -0.5152444 0.20607166 -0.26900494 -1.1276217
20 -0.38164824 1.1275253 0.2276812 0.27131373 -0.7663081 -0.05805502 -0.5487963 -1.2345594
46 0.023805887 -0.0626433 0.20315371 0.666636 0.7257714 0.20527239 0.56047785 1.693156
36 -0.51450247 1.2339069 0.24822651 -0.035330947 -0.6304705 0.6689564 0.12174891 -0.7166067
14 -0.17269553 0.28361958 0.32513118 0.37547982 0.23486516 1.0045336 0.38075164 1.259372
31 -0.12043954 1.3097157 -0.08062255 0.22730468 -0.4646627 -0.6328072 -0.5783126 -1.0603232
45 -0.1657882 1.4973935 0.119456574 -0.012697417 -0.46727344 -0.51123565 -0.3974175 -1.1674575
17 -0.30683392 0.04066624 0.36678296 0.88728046 -0.15591456 -0.10351117 -0.23800942 -0.866308
18 0.11213901 -0.5461298 0.09437354 1.1461279 1.0582515 -0.7117407 0.12267261 1.1358298
29 -0.042531334 1.4964906 0.3829861 -0.25306097 -0.65549815 0.024670945 0.14151704 -0.2202871
7 0.010870216 -0.5846857 0.15340063 1.1194938 1.0441045 -0.34651932 0.30078405 1.2721131
26 -0.09957582 0.44804895 0.45836514 0.66261387 -0.14548245 -0.78347254 -0.7330994 -1.3205442
34 -0.20772003 1.574665 0.5054275 -0.5426459 -0.3754892 0.66904026 0.06952651 -0.019149233
6 -0.24544741 0.7835552 0.15233105 0.5013847 -0.22251895 -0.9764602 -0.6211757 -1.4438391
19 -0.24216412 -0.9494697 0.41294396 1.2412562 1.1146483 0.3368049 0.12755783 1.1250823
39 0.015437875 1.6109326 0.10163649 -0.1716476 -0.40822542 -0.73385006 -0.37051773 -0.584011
38 -0.08078561 1.313134 -0.031095795 0.20474489 -0.40557438 -1.0600091 -0.5829561 -1.0078186
24 -0.34304446 -0.635079 0.047893282 1.1585777 1.1308385 0.29120764 0.45393917 1.318287
21 -0.2986231 -0.41187337 0.39769572 0.73015493 0.91606796 0.6298776 0.54022753 1.5697705
2 0.07231701 -0.7471703 0.37758216 1.2038823 1.1853194 -0.005177654 0.30589885 1.3380914
25 -0.105044 1.4765134 0.2481488 -0.33227664 -0.10695968 -0.21310179 -0.031609405 -0.106952846
23 -0.40431017 0.16994502 0.15839651 0.4969416 0.3186731 0.56366843 0.78440654 0.854932
15 -0.17111394 -0.9960577 0.13923794 1.5285832 0.8131305 0.24369504 0.4155764 1.3035599
13 -0.0199192 -0.66960967 0.14913605 1.1578115 1.2833987 -0.20616038 0.1770965 1.3616726
8 0.0852923 0.65874135 -0.093323514 0.5806765 0.12438946 -1.2818925 -0.46927452 -0.4641609
44 -0.16430722 1.4961638 0.17558375 -0.1036643 -0.44127265 -0.68903995 -0.5500369 -0.74998176
10 0.05973265 0.0225904 0.32676932 0.84763795 0.23963651 -0.4851977 -0.090052195 -0.5381324
4 -0.29325825 1.5421467 0.39787772 -0.22853884 -0.75169563 0.20498042 0.060865812 -0.8315907
9 -0.38859653 0.92669976 0.16717863 0.10441014 -0.49982414 1.0455039 0.3404203 0.3566852
0 -0.06214072 -0.96119773 0.39931104 1.2932492 1.2315593 0.42206907 0.47061977 1.3644239
47 -0.5747651 1.1398625 0.19413081 -0.008379073 -0.5392393 0.77716124 -0.058067065 -0.49304426
12 0.16103995 -0.7409948 0.043482333 1.400441 0.9981724 -0.11766597 0.43595478 1.6784766
22 -0.1695306 -1.0710788 0.34607175 1.4130743 1.2028593 0.3668859 0.4378321 1.4804806
33 -0.008239441 -0.80398434 0.342192 1.2252738 1.1688447 0.16362914 0.49492395 1.471028
35 -0.072981566 -0.76896286 0.40630502 1.0562272 1.3678601 0.2932842 0.48890007 1.6812848
48 -0.035189353 -0.5284545 -0.0668766 1.5691166 -0.14620319 -0.3695866 -0.017626287 -0.04198619
5 -0.38453484 -0.14338526 -0.10576414 1.2300227 -0.602168 0.9005121 0.34039736 -0.18385239
37 -0.029066462 -0.9728203 0.6367646 1.1923739 1.237046 0.38800576 0.47441745 1.5465914
30 0.27141726 -0.66547203 0.15036817 1.2470455 1.3799738 -0.24844389 0.39005476 1.7500226
11 -0.46206197 1.3476285 0.43648437 -0.2562571 -0.7560939 1.145145 -0.07129678 -0.18328048
3 0.054085936 -0.8454103 0.18162678 1.2509058 1.5530453 -0.12362001 0.43012813 1.6462797
32 0.011025099 -0.49072734 0.21074346 0.9967596 1.0316541 0.26017696 0.83231187 1.8797007
