50 8
1 -0.22445922 0.16464935 1.1594391 -0.28906116 0.5571171 0.23232633 -0.16483171 -0.45773128
43 -0.07280321 0.2986944 0.3900544 0.24234726 0.7305905 0.15058036 0.06720978 0.3787284
23 -0.042781048 0.28931475 0.86760265 -0.13927837 0.3670323 0.02403689 0.11635853 0.31421545
40 0.0046236217 0.015086723 0.037797995 1.0576164 0.16038762 -0.44269568 -0.3899598 1.1548475
6 -0.42294288 -0.36721158 0.9405096 0.04068259 0.62247145 -0.72704244 0.035353284 0.66529197
25 0.24756917 0.38899776 0.43720347 -0.064181246 0.07301161 0.5599947 -0.6637404 0.49038324
49 -0.35421807 0.67261255 0.71291065 -0.35432124 0.4057184 0.8721758 -0.07731943 -0.12061273
39 0.30114558 -0.23482539 0.560096 1.0276397 0.1477453 -0.6421089 -0.43802914 0.5842763
18 0.116578266 -0.3625556 0.5907569 1.3229356 0.35137272 -0.91735214 0.057201046 0.71820486
19 0.066465296 0.60044676 -0.2729296 0.45639518 0.26157817 -0.2548333 -0.65461147 1.3245907
26 -0.34622946 0.20521909 0.48994458 0.35004112 0.063847885 -0.30590537 0.26483753 1.1429029
31 -0.02064299 -0.10844946 0.090894125 0.9947477 0.28332004 -0.84313285 -0.15984821 1.460893
48 -0.20322761 0.06598677 1.2199371 -0.7331939 0.46111512 0.0036578074 0.074572854 0.28685498
10 -0.7734165 0.20351303 0.5809098 0.2301588 0.56075644 -0.56351465 0.51423866 0.85329276
34 0.6632888 0.43129978 0.63733834 0.3763232 0.18397714 0.9136259 -0.8743096 -0.59539217
21 0.1657414 0.2460352 0.25642735 0.93297565 -0.28803208 1.0776273 -1.0131679 -0.079690695
44 -0.039479673 -0.54721755 0.767693 0.24313582 0.58172506 -0.82493925 -0.314473 0.86954916
42 -0.39738387 -0.35707533 0.8807041 -0.07063811 0.6838652 -0.7676371 0.065592915 0.79514724
24 0.09104192 0.9487011 -0.19734561 0.45691562 -0.28098276 0.4193359 -0.46866292 1.1925701
20 -0.1811467 0.45893672 1.0596329 -0.7978667 0.5386836 0.30808103 -0.15163116 -0.031189151
27 -0.122448474 0.5786205 0.63021815 -0.75121474 0.522139 0.77494955 -0.3000541 0.26121977
16 0.0056137107 0.59152555 0.4020087 -0.17013548 0.44613862 0.79769385 -0.37646547 0.1581497
45 -0.698707 0.55174965 0.6975838 -0.6152109 0.3460659 -0.09930167 0.017272336 0.6798535
28 -0.59518546 0.67967844 0.9117194 -0.6724912 0.5199543 0.8793425 0.19442816 -0.16534583
46 -0.31250146 0.7492128 0.6539047 -0.54284436 0.3436184 1.0939442 -0.37036717 -0.12648927
29 -0.12621062 0.42582747 0.29915956 -0.2302615 0.72064805 -0.42170763 -0.38595277 0.8124273
17 -0.67277694 0.48673573 0.83933175 -0.717643 0.8091212 0.73079807 0.44591057 0.13011235
8 -0.64086235 -0.37654832 0.8665659 0.25712687 0.53478616 -0.6523514 0.43560255 0.89273524
4 -0.33404747 0.9726529 0.819061 -1.0713578 0.11397168 1.1020259 -0.5773013 -0.08341383
41 0.16009252 1.0381342 0.6343916 0.28417096 0.23431681 1.1440703 -0.52601844 -1.0036156
7 0.3721381 0.3546648 -0.34094885 1.1218247 0.35881567 -0.40075406 -0.11518622 1.5421311
36 -0.36089227 0.40113327 1.1387215 -0.85786766 0.38023335 0.96396255 -0.30876744 -0.338766
35 -0.05569892 -0.5756896 1.2835754 0.7335453 0.48470882 -1.1470633 -0.02558983 0.010204332
12 0.42558613 0.2854778 -0.28018752 1.9795561 0.116375625 -0.3037332 -0.40603518 0.71544814
14 -0.015392027 0.5442432 0.9334378 -0.3384024 0.26661393 1.2491579 -0.5408492 -0.68955517
11 -0.43166116 0.9237461 0.8776591 -0.76669806 0.06943795 1.4885721 -0.4356508 -0.47375426
30 0.11074006 -0.3888049 1.106088 1.6131718 0.46460262 -0.869572 0.4515641 -0.30905184
9 0.37401563 0.48959088 1.2009202 0.026336966 0.09254219 1.3029366 -0.3402418 -0.99735683
38 -0.32003832 0.7563147 1.1933587 -0.16637418 0.02013509 1.3746324 -0.3803366 -1.2057203
13 0.28953788 -0.16347432 0.5207654 1.5592419 0.6792718 -0.90144014 0.24857175 0.23755231
15 0.06655706 1.0273905 -0.6068268 1.1899463 -0.28431353 0.18232465 -0.29091468 1.4957781
5 -0.27196684 1.0719022 1.1451647 -0.8272374 0.22614828 1.4237854 0.05343744 -0.64465404
2 0.5831963 0.69253075 -0.5646597 1.2520345 -0.29197264 0.417498 -0.88949764 1.235469
47 -0.036344737 0.09009914 0.23454805 0.68046415 0.49104413 1.2413685 -0.28964502 -0.08467907
22 -0.37202007 -1.0363038 1.770239 0.14309864 0.61445034 -0.8192248 -0.13981874 -0.38519314
3 0.7564004 0.6459733 -0.6975201 1.882998 -0.29868254 0.43767133 -1.3870125 0.7004924
32 0.26297864 -0.94500625 1.3024457 1.9795102 0.11734383 -0.70322275 -0.19743496 -0.6463031
37 0.16594373 -0.8863335 1.1470234 0.88910335 0.9412885 -1.4518123 0.2926239 0.42219365
0 0.5760469 0.6353841 -1.1515276 1.8638443 0.026484013 -0.14441882 -1.0432903 1.7089292
33 0.7663637 -0.50154495 0.693709 2.343654 0.0601082 1.0055183 -0.54671544 -1.2143315
