50 8
29 0.121108115 0.08166164 0.03846426 -0.18506193 0.6532405 0.45983315 0.4099676 0.62083966
17 -0.4309797 -0.23079982 0.8488278 -0.52735144 0.65317154 0.6823222 0.40944213 0.31193298
1 -0.2041912 -0.39963245 0.58746433 -0.1860895 0.9927517 0.901587 0.26700544 0.16480257
41 -0.14314435 -0.13372394 0.02246999 -0.20980221 0.7304415 0.92987067 0.50269604 0.59368956
20 -0.70014733 -0.26436153 0.68839645 -0.23308246 0.76384133 0.66613543 0.45903948 0.23599596
6 -0.67451155 -0.15002562 0.71534944 -0.35816944 0.85332054 0.78188765 0.2481018 0.21365613
49 -0.17757611 -0.111435525 0.4398547 -0.44156495 0.25413302 0.82670325 0.6774547 0.67730814
23 -0.5333336 -0.13839743 1.09716 -0.0853001 0.99627316 0.3498052 -0.08724968 -0.19948617
10 -0.32463652 0.14021508 0.4845415 0.6859964 0.5062126 -0.8247236 -0.69140816 0.24952914
16 -0.13643557 0.05101128 0.24861893 -0.6191494 0.67663836 0.9932136 0.5877156 0.67105544
39 -0.6605445 -0.095341675 0.51862234 -0.19522649 0.60898715 0.7999193 0.6590436 0.35226917
27 0.065053396 -0.13895774 0.058879357 -0.52524257 0.71380377 0.9975302 0.646716 0.7205995
34 0.19270013 -0.1561333 0.15182385 -0.4601983 0.34509277 1.0492918 0.61894935 0.82243496
4 0.10039969 0.07452657 0.19242528 -0.2599728 0.13800584 0.90668243 0.7284466 0.77412665
40 -0.50199944 -0.41191337 0.5395872 -0.19515319 0.594507 0.9073595 0.50914997 0.38440982
36 -0.5837635 -0.19902782 0.43313664 -0.63968194 0.87835497 1.104155 0.7926709 0.5098809
18 0.25911835 0.119340666 0.5971303 1.1337495 0.3362281 -1.2044222 -0.70465827 0.041415893
31 -0.5802413 -0.30824172 0.5573047 -0.42155215 0.9146758 1.0951351 0.30976695 0.33144686
26 -1.13426 -0.26373807 0.5926646 0.05184282 0.6875791 0.49173942 -0.023193501 0.3024757
38 0.2757713 0.00085383793 0.07246786 -0.12795383 0.14934815 0.9812397 0.998339 0.730531
21 0.5451703 0.36026964 0.16009395 1.2901044 -0.4960314 -1.0641688 -0.5731172 0.7152119
47 -0.41555133 -0.45898744 0.8060742 -0.47437468 1.1063839 0.9921006 0.4607582 0.09282137
43 -0.55682486 -0.4594209 0.595745 -0.59323823 1.2530751 1.1174579 0.49969596 0.21981075
28 -0.7139461 -0.17202494 0.5292665 -0.42362484 0.8065221 1.1065029 0.6456541 0.39451456
45 -0.35512394 -0.24426448 0.57522976 -0.5420161 0.85473925 1.2547446 0.77261275 0.33293146
44 -0.43819338 -0.3036683 0.6385844 -0.43400282 0.85181814 1.1147245 0.41559517 0.28566164
13 0.31608492 0.37134868 -0.3205305 1.0240331 -0.27232596 -0.4697009 -0.25916412 0.9363257
9 1.2252911 0.3884569 -0.010673228 0.61730796 -0.61258274 -0.16726585 0.46234158 0.86371124
19 0.1490675 0.5561268 0.457526 0.99725497 -0.17294595 -1.3999138 -0.81877226 0.56628096
42 -0.731269 -0.58470404 0.91689646 -0.17572159 1.0531517 0.37644556 0.22714314 -0.023637727
14 1.1435747 0.6120999 -0.15673545 0.71200085 -0.8058736 -0.3217104 0.33186057 1.0298682
24 -0.30739206 0.4018382 0.7978747 0.3374925 0.41968805 -0.47606388 -0.819696 0.21201858
25 1.177516 0.30597788 -0.30719656 0.8182888 -0.019723715 -0.6120693 -0.36143032 0.79705566
0 0.53060246 0.5420479 0.35807878 1.3597972 -0.41800863 -1.6540892 -0.83434755 0.57090926
8 -0.9277862 -0.24665779 0.5324688 0.022196403 0.8194849 0.5330508 -0.110710084 0.25269303
37 0.94410354 0.32121986 0.016724614 1.466257 -0.63013744 -1.4229467 -0.35164788 0.7720313
33 1.0303283 0.48965722 -0.20014814 1.6248697 -0.69711983 -1.3700253 -0.27456692 0.87903875
2 0.52664167 0.39011723 0.46676245 1.4011997 -0.27130374 -1.7282777 -0.9063116 0.45498952
12 0.07009542 0.427886 0.38576826 1.4158953 0.24306458 -1.4400674 -1.0785553 0.18910293
15 0.06420944 0.6558253 0.7247508 0.96685153 -0.5649956 -1.3978448 -0.7003857 0.5363787
3 0.55467254 0.4893439 0.48869798 1.169882 -0.036950283 -1.5852805 -1.0731857 0.41255945
7 -0.08850438 0.19069858 0.66026217 0.81207395 0.29763693 -1.236373 -0.6041992 0.21182252
22 0.68593866 0.4786198 0.15350023 1.2782332 -0.6939007 -1.4654707 -0.63174635 0.88922167
32 1.0992639 0.8377075 -0.26247898 1.4172277 -0.8328903 -1.4662521 -0.35099804 1.1018572
11 1.0110753 0.27076453 -0.1601051 0.042395763 -0.82413423 0.62219507 0.8130776 1.2521298
48 -0.37920845 -0.48239034 0.51087356 -0.41469413 0.87272656 1.3488125 0.6057267 0.34847733
46 -0.5686027 0.6734483 1.1138123 0.023499262 0.66940403 -0.762959 -1.0086358 0.02108534
35 0.84591025 0.50165385 0.006237649 1.5511523 -0.8057097 -1.6615654 -0.5537959 0.9275556
30 0.21980718 0.61421144 0.24067397 1.5847213 -0.22811851 -1.752405 -1.0352316 0.5357311
5 1.3286351 0.8282639 -0.10884369 0.6691846 -0.71379656 -0.68914956 0.07961537 1.0164562
