50 8
19 0.7078628 0.124123245 -0.090753 0.5838804 0.8691678 0.19790299 -0.08865461 0.34226397
43 0.3916416 -0.0069962917 -0.34815028 0.2788735 0.814614 0.28289512 0.52778184 0.9070425
39 0.7243172 0.49560958 0.35332352 1.2955548 0.29804245 0.029662188 -0.36445007 -0.20253953
29 0.6139213 0.24426025 0.1834473 0.27194372 0.79510105 0.36246526 -0.07210844 0.19180635
46 -0.39853498 0.15899833 1.1312133 -0.32280388 0.13647772 0.41266096 0.21480888 0.6340989
40 0.49710923 0.119366705 -0.44455847 1.4207563 0.44943509 0.17958254 -0.3853188 0.56969213
35 1.016097 0.75775117 0.5832787 0.8466098 -0.08438757 0.2766576 -0.15260464 -0.41929865
1 0.5982646 0.39654335 0.80033475 -0.52322674 0.16201156 1.286821 0.3090214 -0.34755778
24 0.8853968 0.26777178 -0.086284734 0.12024851 0.93054664 0.6400625 0.08247531 0.08510055
12 0.73626477 0.29001802 0.06787648 0.81998545 0.778104 0.24939057 -0.50925964 0.04664414
14 0.7072876 0.66106784 1.2885268 0.028545262 -0.21814108 0.86192065 -0.36478394 -0.6592605
25 0.7438899 0.5793564 0.90774274 -0.0077606454 -0.05083123 0.8039686 -0.018409314 -0.40148845
2 0.37104148 0.10907139 -0.050256334 1.2939261 0.7640438 -0.37222537 -0.2679542 0.6058863
13 0.15297814 -0.10039772 -0.060576342 0.9672113 0.8452993 -0.3414464 -0.33391976 1.0088973
23 1.0328419 0.3040658 -0.18314749 0.40679938 0.88975126 0.66172343 0.14167948 -0.14481895
44 -0.07298457 -0.079577945 1.0056522 0.6909201 0.30781645 -0.3880542 -0.73408073 0.73688674
6 -0.7981162 -0.30327478 0.52235734 0.25697404 0.45393497 -0.016382137 0.4955119 1.3629506
21 0.70254934 0.48422527 0.008073804 1.0206015 -0.001993068 0.62687457 -0.2817099 -0.027830483
7 -0.14694673 -0.15287805 0.06997812 0.723627 0.95496637 -0.6136882 -0.13586606 1.3984908
28 -0.05093015 0.32352942 0.41999248 -0.5022761 -0.42590192 1.4155267 0.78590935 0.5556173
34 1.1613964 0.4697328 0.2974893 0.17502192 0.17312571 1.1036137 0.2990029 -0.5723487
42 -0.76522446 0.024602959 0.7806349 -0.34248945 0.23446894 0.23961276 0.27986863 1.3575209
18 -0.06608035 -0.1621825 0.5869948 1.2270347 0.57618606 -0.58526075 -0.7049876 0.8255773
15 -0.7320452 0.0428869 0.21988808 0.106242515 0.6155616 0.113715775 0.23940909 1.4345491
49 -0.15906975 0.34329736 1.0763806 -1.0034542 0.15732424 1.2176656 0.23363563 0.24474365
38 1.052303 0.38359872 -0.69995785 0.49116933 0.037812274 1.0002285 0.96151733 0.2951438
41 1.369598 0.5664846 0.4053986 0.4847335 -0.075636715 1.0249548 0.33492094 -0.83657783
3 0.2501997 0.34314957 0.31801102 0.90281975 0.8245847 -0.20180567 -0.79122156 0.4120967
37 -0.08231251 -0.087896205 0.80764866 1.3183707 0.28394052 -0.9362548 -0.5569982 0.9629233
0 -0.3636415 -0.054248028 0.6657073 0.9221756 0.57998955 -0.7122371 -0.29297662 1.1099937
26 -1.297593 -0.5311749 0.6722288 0.25524676 0.36611715 0.21745172 0.27414238 1.5348202
9 0.7971946 0.57438076 0.8618068 -0.66002023 -0.36837786 0.89308655 0.88191223 0.058017228
8 -0.33792132 -0.17022566 -0.3419633 0.8516229 0.7865534 -0.012064174 0.049363766 1.3791416
30 -0.5964032 -0.054138474 0.72647923 1.2471144 0.3496759 -0.55053383 -0.5830091 0.9838833
27 0.29622015 0.067736566 -0.0042754686 -0.42457673 0.039899528 1.226927 1.1642804 0.6754444
4 0.39414364 0.6532851 0.70124805 -0.91270816 -0.59421504 1.41769 1.0367392 0.23851547
31 -0.2119001 -0.26323518 -0.07059593 0.8354307 1.0841597 -0.09528343 -0.5241019 1.0655367
36 1.3166733 0.9362745 0.7277155 0.25503665 -0.12181821 0.8211199 0.3763841 -0.9265811
32 0.8782643 0.70999736 0.7089524 1.3657289 -0.25984812 -0.4763205 -0.64705265 0.026957033
47 0.74893886 0.39125535 0.8172757 -0.5886619 -0.21900658 1.4186947 0.22631407 -0.25862494
33 0.1680809 0.32216084 1.0689591 1.4759338 -0.21928945 -0.523319 -0.8635574 0.24287948
48 1.5655664 0.37269163 -0.5222664 0.5125669 0.47409776 0.8746602 0.25170872 -0.14317778
20 -0.47494122 -0.15272616 0.72777635 -0.6644595 0.19082974 0.8747802 0.8707301 0.8924285
10 -1.0504173 -0.16538261 0.37402302 -0.02546153 -0.44707358 0.72185445 1.0995387 1.6033876
11 0.57739156 0.551792 1.270361 -0.8405595 -0.6436252 1.7270741 0.41184536 -0.51600766
16 0.5191882 0.37057087 0.812409 -1.1478467 -0.16900465 1.1381756 0.5039851 0.44319674
17 -0.6720631 -0.22673692 1.0840315 -1.0426257 0.33133844 0.8441621 0.7641752 0.9600932
5 -0.56364155 0.15180355 1.1637989 -1.4517636 0.03222709 0.87166035 0.8956225 1.1305298
45 -0.33150724 0.26086557 1.5949271 -1.2232015 0.3438868 0.77909654 0.49213126 0.31234705
22 0.0896415 0.28540576 1.538659 0.82645077 -1.0265943 0.004407021 -0.2245121 0.19507751
