50 8
28 -0.4943841 0.5408279 0.29182035 0.38038406 -0.19416267 -0.31964102 -0.07497913 -0.5504526
35 -0.07929705 0.47299162 0.2097335 0.30394882 0.3403013 -0.60465103 -0.32231343 -0.0614967
23 -0.76524335 -0.307659 0.1272594 0.78258634 0.6850233 -0.49685875 -0.2957186 -0.3535263
24 -0.19414927 0.22604826 -0.69280523 0.8601724 1.0805492 0.20868883 -0.18663801 1.1322018
41 -0.2862379 0.93461305 0.32261327 0.39049387 -0.45120457 -0.5372281 -0.16937084 -1.2561388
45 -0.63350844 0.6035822 0.27776068 0.5261572 -0.18743254 -0.41253725 -0.053058863 -1.2322415
43 -0.6363794 0.8719985 0.13471772 0.41603917 -0.24265179 -0.633385 0.056895662 -1.411992
27 -0.81309396 0.5723915 0.1601427 0.5098241 -0.32592043 -0.44249433 -0.17835027 -1.3203907
1 -0.5450003 0.76876426 0.020985017 0.5894578 -0.19402446 -0.5181005 -0.028348269 -1.2613393
26 -0.8442673 -0.2779621 0.024518967 0.81237036 0.709826 -0.5157451 -0.453315 -0.52332693
6 -0.8703902 -0.13630679 -0.15780048 0.7539019 0.66852844 -0.22839208 -0.42320147 -0.24054895
42 -1.0935862 0.4436046 0.014987563 0.6289725 -0.033642747 -0.5455961 -0.018183442 -1.5286285
17 -0.3502839 0.72847545 0.82260436 -0.086122744 -0.33214062 -0.63108325 -0.21486689 -0.73728776
36 -0.29989734 0.90111256 0.33496326 0.36858898 -0.58984476 -0.6226785 -0.2291339 -1.2163905
40 -0.7527925 -0.14491752 0.036114115 0.7592635 0.8165969 -0.83977634 -0.3956309 -0.88434845
18 -0.34495935 -0.16079296 -0.47368222 0.8575677 1.2497395 0.3041554 -0.0880472 1.5726211
31 -0.7776728 -0.031663835 0.045715395 0.7788335 0.6019291 -0.684455 -0.38356283 -0.9561867
8 -0.8398086 -0.24136953 -0.25204644 0.85931236 0.9464506 -0.65811104 -0.6369627 -0.5134199
49 -0.22730422 0.6335335 0.95276445 0.17329364 -0.7545142 -0.6553625 -0.3168734 -0.95630133
44 -0.53310066 0.31197459 0.21930118 0.61629474 0.0858666 -0.83032787 -0.3832105 -1.0940499
38 0.06119706 1.0349256 0.94761425 -0.00021315279 -0.959945 -0.33922848 -0.06642804 -0.6556907
39 -0.8301203 0.40045825 0.11330055 0.66181356 -0.027441414 -0.68310094 -0.14769576 -1.3901012
29 -0.39266542 0.02448882 -0.18010212 0.59769917 0.8279219 0.3464615 0.028990319 1.5182426
47 -0.67237043 0.6588041 0.09709829 0.5765073 0.022167897 -0.6715888 -0.069927886 -1.5066738
34 -0.0076533183 0.96744597 1.2310091 -0.015672434 -0.9650513 -0.41936368 -0.15880261 -1.0326661
13 -0.2967439 -0.3233864 0.09392447 0.79281324 0.66940504 0.6612944 0.3063107 2.1200945
10 0.03130721 0.25450256 -0.051312603 0.43575484 0.6214896 0.4671675 -0.14621805 1.8796601
33 0.3908875 0.3397823 0.3890909 0.22148468 0.54382914 0.46860367 -0.060116965 2.153865
16 -0.058521595 0.7800585 1.1786946 -0.18780051 -0.78969127 -0.40686035 0.027409213 -0.25815293
46 -0.24966186 0.8210424 0.5947022 0.28752628 -0.66849023 -0.6823912 -0.13030842 -1.1719449
20 -0.15443219 0.5998539 1.1283225 -0.039966155 -0.794526 -0.2937486 0.09689736 -0.15083379
22 0.22339566 0.16811551 0.6146153 0.28968602 0.38946003 0.59160024 -0.10907533 2.0236952
12 -0.09410359 0.13840884 -0.2793788 0.6824047 0.8253015 0.26900414 0.24315177 1.7642376
19 -0.31706768 -0.09496782 -0.26730105 0.7381286 1.0802343 0.5170444 0.09462281 1.8825477
7 -0.2748901 -0.16731854 -0.035751317 0.61084425 0.6848139 0.46356937 -0.03454098 2.1580083
48 -0.10044729 0.8903339 0.167209 0.39920834 -0.3280315 -0.9560724 -0.51537406 -1.2083632
37 0.13737641 -0.023398593 0.6486297 0.33808917 0.505699 0.5480167 0.09741974 2.158759
14 0.5958376 1.3101586 0.59637374 -0.3761712 -0.6829025 0.40429848 0.34416834 1.7557287
4 -0.02285848 1.0564257 1.1653141 -0.12963073 -1.5417936 0.1194843 0.6447357 -0.013751279
5 0.33634198 1.2183232 0.32259715 -0.052229136 -0.5364447 0.67394084 0.5383059 1.5678945
30 -0.13965455 0.2784852 -0.8532015 0.95148754 1.0450402 -0.07575327 -0.4878851 0.6387559
3 0.08265543 0.3413205 -0.124642916 0.48657393 0.6497037 0.80784565 -0.07284582 2.0495121
21 0.15342458 0.17006376 0.40594307 0.28880635 0.5015836 0.69699645 0.10652774 2.365373
32 0.18560678 0.182619 0.28097528 0.45634413 0.6409915 0.7427161 0.4076683 2.5338743
0 -0.14287084 0.039199155 0.15049815 0.35264307 0.8336718 0.54119474 -0.01555203 2.2162693
25 0.38456783 1.1032507 0.08426451 0.024258673 -0.5542729 -0.042313028 -0.32080778 0.87675583
15 -0.15467298 -0.024130246 0.23836127 0.38395348 0.6601733 0.47239566 0.16483699 2.158929
11 0.11811172 1.2620976 1.2059324 -0.2520329 -1.5159378 -0.14691225 0.12659669 -0.4056202
2 -0.0025752438 -0.037133053 0.17838556 0.39104065 0.8622724 0.52956444 0.01720067 2.4623387
9 0.14455107 1.5973377 0.8442012 -0.49779087 -1.461072 0.14038368 0.65882444 0.34152102
