50 8
3 -0.8852009 0.5207382 -1.477521 -0.6585608 0.5860939 1.7599694 -0.34963158 -1.5107812
33 -0.3686985 0.38430402 -1.8888265 -0.09331897 0.56016004 2.0218272 -0.5287343 -1.5452474
22 -0.4887436 0.3057945 -1.6999918 0.04525358 0.5107491 2.1785355 -0.6156233 -1.4090806
0 -0.7768747 0.19813144 -1.2642772 -0.5331156 0.4205145 1.5452442 -0.66831666 -1.8167248
2 -0.8934875 0.3630905 -1.2084454 -0.5991156 0.57675105 1.8473117 -0.3953077 -1.5617815
27 0.722824 0.6865168 1.4823867 -0.018329682 -0.2055862 -1.5269649 -0.113381125 0.9367626
30 0.17398062 -0.37510338 -0.97045517 0.03974074 0.35594597 1.6731329 -1.0117456 -1.4241168
21 -0.59506804 0.9288136 -1.7712896 0.11597465 0.21572457 1.9217067 -0.2111665 -1.0556587
35 -0.1534948 -0.0061713248 -1.6138469 0.041266963 0.84773135 2.1372023 -0.49168938 -1.4388986
28 0.42767328 0.3568197 1.871669 -0.18541309 -0.35922286 -1.5806732 -0.5290493 0.2773666
36 0.24149118 1.5602211 1.2325538 0.4033412 -0.0966749 -1.5191439 0.75364006 1.2263918
32 -0.13493647 -0.023526274 -1.2902529 0.18206239 0.5654803 2.1601326 -0.74241525 -1.3000269
18 -0.00055146636 -0.31469426 -1.0084751 0.32194975 0.49133423 1.9549154 -1.1144656 -1.297199
12 -0.55739075 0.025078535 -0.9973401 -0.029376503 0.30446827 1.7136391 -1.044017 -1.4529265
19 -0.70238495 0.19408536 -1.1611497 -1.1528562 0.67194194 1.2976427 -0.20005585 -1.7278492
37 -0.48024568 0.37931058 -1.6743047 0.250932 0.56085354 2.320008 -0.4239488 -1.414226
43 0.2296751 0.9394061 1.5622786 -0.030262627 0.054224733 -1.5016137 0.44829562 0.7866484
34 0.76069844 1.7883273 0.04083001 0.26366833 0.2605679 -0.99584293 1.1207167 1.7848656
1 0.55293775 0.73293734 0.97657436 -1.0843192 0.45236468 -1.7365681 0.78946817 0.34626374
13 0.22462124 -0.61638093 -0.933165 0.6197461 0.22128667 1.4764332 -1.8195996 -1.2698524
4 0.18745187 1.4550691 1.0904223 0.5454207 -0.5549764 -1.555613 0.05589887 0.9971688
31 1.1482651 -0.78742963 2.208341 0.18371502 0.37355092 -0.6019316 -0.73691595 0.46627593
6 1.2810733 -0.6554426 2.0339878 0.7079802 -0.1663449 -0.81309396 -1.4130313 0.67424804
38 0.892406 -0.01834477 1.7713464 0.4377994 -0.8174623 -1.6850777 -1.4894689 0.23195906
7 0.28283936 -0.63607776 -0.0038662187 0.6768183 -0.019276896 1.5468078 -1.6255012 -0.7142151
10 0.75492996 -0.54561216 1.5507325 0.6602263 -1.122445 -0.52738464 -2.2574263 -0.28351408
41 0.83834785 0.98240346 1.4948283 0.42883223 -0.0527845 -1.6405412 0.23185606 1.4064279
8 1.0609831 -1.1716183 1.0868144 0.6678321 0.1528285 0.6090142 -1.7477617 0.036512315
26 1.2632039 -0.69075745 1.6264253 0.5299212 -0.123478524 -0.847998 -1.343498 0.3103831
17 0.7079919 0.66347605 1.2599413 -0.16163817 0.2686239 -1.4605368 0.4107016 0.8141659
11 -0.36800936 2.7810204 -0.18382597 0.75807875 -0.46777803 -1.237665 1.0972819 1.2517799
14 -0.537541 2.1969354 -1.1071426 0.96916765 -0.06354992 0.0442628 0.8109003 0.73321766
9 -0.3059011 2.6727643 -0.010405385 0.9834453 -0.6382611 -1.0942094 0.93672323 1.3579825
15 -1.0262357 0.3105341 0.23762955 -1.7198092 0.6239429 0.53041315 0.3745692 -1.3656118
45 0.63684773 0.8481847 1.731494 -0.07333267 -0.089154474 -1.7246357 0.29390642 0.91935605
40 0.48880062 -0.95195943 0.07977415 0.13052988 0.4237676 1.3724016 -1.1959095 -1.0968776
16 1.2461153 0.99408984 0.016708612 1.0358914 1.4619548 -0.6081178 1.2147726 2.1539786
20 0.9817054 -0.2880725 1.6682243 1.0792319 -0.8979911 -1.2267168 -1.9531844 0.2828244
24 -0.7326725 0.43260914 0.10953186 -2.475983 1.0685709 -0.8515163 0.8987359 -1.2533395
5 -0.78303677 2.3928142 0.40894175 0.4925567 -0.64065766 -0.6511486 0.70797116 0.86784625
23 -0.31847563 0.3971192 0.84857905 -2.4747207 0.85058033 -0.8148175 0.99585795 -0.4585784
47 0.58714193 1.2057048 1.3312911 0.04127145 0.19926174 -1.6143457 0.7395097 1.2603434
42 0.6582603 0.07511276 1.770749 -0.74650556 0.7633492 -1.2725384 0.48448634 0.47395098
25 0.94823736 0.5412786 -1.7759318 0.85502154 0.71529883 1.1556404 -0.013666102 0.5882377
49 -0.16913037 1.6312472 0.8867758 -0.6879163 -0.088544704 -1.5628582 0.91525865 0.5108106
29 2.3833132 -0.30205163 -0.49852642 0.9939206 0.94177777 -0.6060047 -0.4002389 1.382
39 0.76042724 -0.24075091 1.6340045 -0.7283828 0.65450597 -1.300122 0.06077664 0.189494
44 1.3144307 -0.17620225 1.8823576 0.4611364 0.32848686 -1.1736372 -0.14732966 0.8917844
46 -0.6879656 0.15548413 -1.1953421 -0.5076197 0.46205848 1.9760482 -0.5848383 -1.6039824
48 0.8877687 0.6441902 1.2363288 -0.05418205 0.37320533 -1.8004956 0.38182116 0.9192968
