50 8
18 -0.008195804 0.6044492 -0.0099429125 1.3026155 -0.32460675 -0.5667851 -0.61223495 0.56221277
1 0.3673493 -0.31549916 0.08010117 0.30640882 1.1165758 0.23925908 -0.25502777 0.3479364
19 -0.13530102 0.4568006 -0.068615556 0.81648165 0.5899541 -0.50549155 -0.43642426 0.59980524
40 0.36057305 0.44977778 0.11132574 1.2948799 -0.16523331 -0.5274102 -0.5964048 0.14885642
23 0.3303692 0.37721986 0.18768418 1.2463372 0.2470832 -0.6614777 -1.0743535 -0.28596848
24 -0.39314282 0.743887 -0.19073275 1.1943158 0.06534383 -0.40533793 -0.7947388 0.46630618
29 0.34217188 0.22787999 0.12921536 0.29503325 0.9382089 0.05442885 -0.59766006 0.16730717
43 -0.57273334 0.24147682 0.31704962 -0.4092914 0.87403375 0.5027991 -0.03749062 1.0970533
42 -0.5073189 -0.20466122 0.5883281 -0.25276917 0.90192705 0.2762711 0.36831424 0.9194414
26 -0.9444551 0.37988046 0.019498946 0.31237864 0.34021226 0.29867917 0.032535683 1.1409106
7 -0.32985196 0.746553 -0.21951851 0.474498 0.43323645 -0.13674712 -0.17590313 1.1023577
20 -0.31315026 -0.3651958 0.5089287 -0.52990186 1.0702288 0.9129563 0.3129805 0.9184816
31 0.053585082 0.65743715 -0.12326882 1.1524314 0.19223484 -0.74775946 -0.5461094 0.59081537
36 0.36099172 -0.24544823 1.1049205 -0.59146893 0.9220775 1.1206523 0.856504 -0.18292595
12 -0.5748423 0.84825194 -0.41100734 1.196576 0.088041425 -0.5135712 -0.41141132 1.0018396
39 0.41166848 0.65395826 0.16418432 1.353311 -0.14169261 -0.5737952 -0.59140956 -0.2253832
49 0.18807827 -0.21798927 1.0262277 -0.711895 0.9772067 1.2512006 0.84229195 0.0639202
6 -0.86932665 0.49454913 0.0217731 0.3720384 0.41897514 0.00068473775 -0.4875012 1.0046653
38 1.0889518 -0.3269598 0.7857981 0.45518342 0.56840116 0.93538207 0.11550133 -1.1261305
15 -0.78150743 0.6347547 0.00027409926 0.67695755 -0.07871636 -0.065473385 0.058173787 1.1346554
3 0.45201412 0.7585121 0.23629898 1.3894714 -0.4427637 -0.53748184 -0.86995256 -0.22499643
41 0.5356366 -0.35476074 1.1760582 -0.40841144 0.87865645 1.05479 0.845608 -0.49326888
45 0.1835019 0.2325455 0.5281919 -0.5798033 1.2241112 1.2175934 -0.22537084 -0.20409667
5 -0.011267066 -0.1935813 1.3910071 -0.45257947 -0.001051527 1.0309021 1.1566857 0.30327824
16 0.4795538 -0.2583627 0.85723 -0.5615185 0.7980864 1.2978774 0.38661095 0.018696224
4 0.107002385 -0.22303481 1.1441782 -0.6359788 0.8008952 1.2865564 0.7488289 -0.14362715
30 -0.046025347 0.67867875 0.18263254 1.5859898 -0.6456368 -0.5743462 -0.57583857 0.036351483
21 -0.068806075 0.72321534 0.1590454 1.4512957 -0.6768078 -0.44276515 -0.90011024 0.17697184
27 -0.11315789 -0.35137367 0.8713214 -0.43438676 0.719318 0.90058976 0.9543628 0.65853345
44 0.18820651 0.33244023 -0.08479134 0.93594426 0.500068 -0.57527053 -1.0544974 0.41469142
17 -0.5493498 -0.357182 1.0197575 -0.6192845 0.67542046 0.7614831 1.1264321 0.99307024
32 0.60979855 0.535645 0.37509733 1.5798228 -0.6422513 -0.50743765 -0.3852467 -0.462704
34 0.842652 -0.5165576 1.4396288 -0.1654696 0.22707877 0.98885554 0.5635151 -0.5964413
13 -0.7330104 0.8183274 -0.08591614 0.804935 0.14963473 -0.4826669 -0.48522592 0.96469975
46 0.6290971 -0.43064907 1.5610193 -0.57938397 0.41212198 1.1759405 0.7077483 -0.47107732
22 1.0421685 -0.22471493 0.9126023 1.1272774 -0.57000184 0.32030866 0.34942204 -0.85755146
0 0.035471138 0.74857444 0.23349167 1.7308608 -0.8385017 -0.53153884 -0.63061434 -0.17671828
25 1.3197918 -0.12598103 0.1289302 -0.1171159 1.413128 0.93618345 -0.5515206 -0.34212965
33 0.45427743 -0.0074761296 0.72591 1.7855916 -1.0166918 0.12592705 0.6328757 -0.9233555
11 0.66595024 -0.47434732 1.5800277 -0.35747057 0.06464491 1.171467 0.68567514 -0.4230698
28 -0.934373 0.2621726 0.2614172 -0.34392893 0.5313944 0.9316466 0.14696655 1.2402076
2 0.07970706 0.86774826 0.5067134 1.6260998 -1.1034654 -0.76215476 -0.5739663 -0.10651402
8 -0.96616316 0.7155101 -0.36273834 0.6485704 0.39784592 -0.059395228 -0.56369525 1.2498469
14 0.99124694 -0.07917406 1.0415627 0.1764795 0.2251929 0.85230017 0.4226761 -0.8849403
37 0.4647522 0.29695567 0.49768788 1.8605992 -0.7644132 -1.0165216 -0.29235488 -0.17435628
9 0.72574425 -0.466426 1.6909019 -0.31217533 -0.15176195 1.1739017 1.1667157 -0.38247764
35 0.8422772 0.1322988 0.722068 2.0705516 -1.0070568 -0.7769202 -0.011551221 -0.7854687
10 -1.3895775 0.27774668 0.2656086 0.08868749 0.16601796 0.54298806 0.6081554 1.4076749
47 0.4266229 -0.71165407 1.0354347 0.41308945 -0.0684352 1.2218201 0.6656526 -0.5475788
48 1.5004059 -0.26222008 0.20789415 -0.07683192 1.384952 0.3470522 -0.49415612 0.04512387
