50 8
24 -0.5648153 0.5469229 0.1350093 0.09292129 0.040671542 -0.66916263 -0.19464858 -0.44648978
19 -0.5415045 0.48958832 0.29903457 0.24882773 0.039926354 -0.41979662 -0.5367808 0.10994637
43 -0.59731567 0.46293098 0.25320604 0.23312412 -0.2353468 -0.33075455 0.20286106 -0.99715126
2 -0.009553531 0.5541266 0.5328464 0.41769546 0.197029 -0.54964125 -0.4801841 1.1796235
23 -0.032309636 0.95385695 0.090245895 -0.022655765 -0.40925545 -0.109696634 -0.2214283 -0.36194664
42 -0.6797086 0.32466388 0.28228876 0.21822031 0.03287433 -0.89389443 -0.21830964 -0.07201857
8 -0.31228063 0.22724187 0.35751992 0.63490963 0.14833553 -0.8947345 -0.44657496 0.3270725
48 -0.0777259 0.35738063 0.37372434 0.7220641 -0.17754377 -0.5714303 -0.40945628 0.6278064
39 -0.36042815 0.6387855 0.09592877 0.3725018 -0.21434255 -0.16145828 -0.558892 0.04297806
40 -0.5510618 0.09141708 0.6603654 0.46095622 0.51585746 -1.0212932 -0.44053826 0.60190576
28 -0.61574405 0.27721536 0.40760884 0.2234225 0.16619779 -0.77601224 0.26334253 -1.1809374
46 -0.017320985 1.0208684 0.26935977 -0.13886155 -0.17361332 0.013561036 0.22398956 -0.8788764
15 -0.6541827 0.14804809 0.4948217 0.44301406 0.45584306 -0.922593 0.036345337 -0.0343787
6 -0.5899587 0.033828717 0.20091605 0.70178825 0.19846381 -1.2144787 -0.28795898 -0.3078197
45 0.28319076 1.278766 -0.078380406 0.13206387 -0.29767048 0.4173324 0.19346236 -0.8255613
44 -0.5433789 0.1805076 0.47219923 0.4468258 0.09413844 -0.94192064 -0.431504 0.4557038
26 -0.7236102 0.061373252 0.3771809 0.5274958 0.05047844 -0.98473024 -0.0575229 -0.5664134
13 -0.38937077 0.07732225 0.59087485 0.80878764 0.45231602 -0.90541375 -0.292196 0.72408205
27 -0.55747366 0.57789314 0.043951035 0.1289969 0.040865768 -0.421866 -0.05182501 -1.5083133
12 -0.5022662 0.12961534 0.75035083 0.42122567 0.63029283 -1.1814846 0.082451105 0.67435837
7 -0.82892144 0.0068328353 0.40795448 0.513758 0.5175868 -1.1734163 -0.09952289 -0.2350567
1 0.043837786 1.0089198 0.13215064 0.31315124 -0.24072132 0.34163764 0.81110364 -1.0367707
22 -0.4323174 0.047159586 0.546598 0.7857597 0.3957627 -0.8480336 -0.8999026 0.7730283
29 -0.74957573 0.18166763 0.46803686 0.5058579 0.2197762 -0.74440116 -0.35120898 0.6134141
31 -0.66133195 -0.11101471 0.6183449 0.66004115 0.4747267 -1.3576198 -0.50753623 0.51518404
20 -0.3397499 0.674447 -0.005422736 0.24410683 -0.22021937 -0.29695323 0.14949791 -1.3306847
0 -0.40972936 0.2706831 0.5418279 0.35758847 0.608884 -0.99086225 -0.32510534 0.3919377
18 -0.6996826 0.067789584 0.700092 0.49244505 0.4459981 -0.91001344 -0.5827082 0.8735587
49 -0.027274817 1.1565294 0.050786305 0.28931057 -0.43916333 0.79814374 0.6111382 -1.4354911
16 0.41986126 1.3715496 0.15445423 -0.03821344 -0.6531162 0.5465678 0.5139219 -0.61161864
25 0.399698 1.228125 0.34943327 -0.054016296 -0.4223715 0.33548737 -0.41020417 0.71614265
36 0.3029453 1.4369922 0.06389765 0.19457923 -0.7769744 0.920559 0.9229333 -0.9795405
30 -0.4515174 0.107594416 0.70342857 0.8335793 0.35185105 -0.60345423 -0.3702251 1.1964931
41 0.19243157 1.2783893 0.08058955 0.15742497 -0.2574015 0.62064135 0.7461704 -0.8895512
3 -0.21767868 0.49848786 0.63665324 0.19583039 0.19556715 -0.46853074 -0.18770365 0.58137
34 0.4381455 1.5163743 0.14639229 -0.008581226 -0.4012715 0.99807423 0.07529072 -0.06966524
21 -0.57374865 0.19136503 0.669199 0.56567955 0.68485934 -0.6258745 -0.29050806 0.785177
4 0.1900929 1.5001453 0.020584341 0.04795894 -0.5663318 1.0560353 0.7614347 -0.60484403
10 -0.22101861 0.4860546 0.41493595 0.3310787 0.037925463 -0.48109198 0.5788855 -0.8281882
17 -0.3660176 0.9781914 -0.023137627 0.17255096 -0.47519696 0.47842345 0.20737275 -1.3045704
9 0.22800471 1.5879402 0.0678221 0.19694178 -0.9009901 1.3818913 0.78289145 -0.7660538
5 0.0007215779 1.3224092 -0.091933675 0.14829998 -0.68776643 0.74525195 0.87560314 -1.6102399
38 0.5621969 1.8632642 0.08501361 -0.054033916 -0.79425234 1.5761038 0.07678723 0.3043085
32 -0.2420379 0.22633384 0.62154174 1.0160403 -0.06340864 -0.3632238 -0.24562742 1.7387226
14 0.52600104 1.8451493 -0.02706547 -0.048456423 -0.34666252 1.3784591 0.13816658 -0.098471485
35 0.28485218 0.7272519 0.8753776 0.63843167 -0.18797442 0.28279838 -0.0034319186 2.0743515
37 -0.282464 0.26655155 0.8211948 0.6523244 0.3084876 -0.5186004 -0.54942983 1.6102614
33 0.63863885 1.1575943 0.75631577 0.35406122 0.19273612 0.69706887 -0.16857593 1.7338055
11 0.5674448 1.9115663 0.052972946 0.06452379 -1.0961705 1.7533933 0.586638 -0.49960458
47 0.25709847 1.516999 -0.13191889 0.43775618 -0.60573196 1.5267377 0.35837382 -1.0384568
