50 8
49 -0.21376647 0.6760792 0.29482812 0.6711868 0.2263392 0.17291607 -0.21750493 -0.86631405
28 -0.29691252 0.66266984 0.30583113 0.5616858 -0.08388158 -0.09021562 0.17287663 -0.918537
34 -0.18672062 0.7328877 0.16957963 0.75080675 0.09430988 0.052531738 -0.041342083 -1.008247
24 -0.33361182 0.47919565 0.24128354 0.46267942 0.5858098 0.2969195 -0.26858395 0.74532694
36 -0.24126188 0.83000606 0.115070425 0.71130794 0.1422365 0.11214354 0.043300387 -1.1380519
40 -0.7008349 0.4669302 0.27358288 0.010401897 0.39142966 -0.9828939 -0.24253464 -0.047113877
12 -0.35908425 0.542835 0.4008073 0.22503994 0.43973464 0.28053632 -0.07616139 1.1583116
19 -0.30520526 0.28188553 0.4585273 0.50143 0.40813574 0.44014907 -0.42670158 1.2652458
15 -0.30922648 0.63383776 0.4091492 0.46762982 0.6512684 0.74710447 0.041265015 0.545196
23 -0.8054627 0.46028906 0.3178026 0.1354139 0.29997265 -0.73535407 -0.113457374 -0.611888
3 -0.43069917 0.2907675 0.61650103 0.3541722 0.5468789 0.5607525 -0.28633258 1.2645395
17 -0.62660366 0.49835113 0.34551388 0.4721755 -0.079112396 -0.50505215 -0.115317926 -1.2629964
43 -0.5328107 0.3826048 0.23616762 0.356321 -0.4685541 -1.3114159 0.1226833 -0.78590465
21 -0.10970394 0.7118162 0.5430903 0.54906595 0.4403457 1.2955883 0.008911504 0.7947938
1 -0.213407 0.7306203 -0.017446607 0.6708936 -0.014766197 -0.33280107 0.12732942 -0.73177105
38 -0.24361497 0.8791701 0.08631839 0.5150689 0.5989691 0.3457781 -0.43150365 -0.4830453
26 -0.48666802 0.1332139 0.14499143 0.47700608 -0.40451705 -1.6078889 -0.17080836 -0.3814944
27 -0.5904781 0.42005947 0.195549 0.5363315 -0.3510937 -0.75779104 0.006387547 -1.0442079
42 -0.7904951 0.71916854 0.23075223 0.21433608 0.21128866 -0.76350796 0.018895404 -1.4334784
2 -0.5052656 0.41214913 0.44886318 0.30429193 0.6921309 0.2911851 -0.37147537 0.69761324
16 -0.07566559 0.6736015 0.213875 0.5496572 -0.7028193 -0.9182257 0.14551112 -0.96572953
6 -0.33685365 0.46882662 -0.021515297 0.61517626 -0.72399044 -1.4017601 -0.04407313 -1.0870482
10 -0.059471145 0.25631294 0.47063938 0.547851 -0.744069 -0.1595817 0.18469886 0.87205815
41 -0.6144939 0.4699051 0.20975953 0.42000684 -0.2840907 -1.005644 -0.032943178 -1.1747154
7 -0.36757767 0.032985434 0.49507308 0.31737167 -0.08894058 -0.196868 -0.24940063 2.0148146
14 0.035385158 0.8168301 0.40231267 0.4261901 0.2685069 0.931418 -0.18664277 1.1848396
45 -0.676505 0.5208611 0.1815553 0.45217898 -0.17616937 -1.007681 -0.09254234 -1.4106199
20 -0.26880196 0.44606137 0.23213814 0.62124664 -0.5567835 -1.0261443 0.061054256 -1.0042834
31 -0.48188505 0.13732652 -0.0022167368 0.625488 -0.4268771 -1.5649786 -0.28990412 -0.637003
48 -0.31592268 0.69011503 0.093391426 0.56439173 0.25927076 -0.3280658 -0.45740274 -0.9824961
46 -0.61004716 0.7239295 0.026467402 0.49523202 0.80921423 0.24292573 -0.19861524 -0.50235134
39 -0.7754953 0.5121608 0.15959421 0.371651 -0.14392729 -0.9954724 0.008210694 -1.2593488
9 0.08154771 0.9593921 -0.040400952 0.995936 -0.26247764 1.0207965 0.64994353 -0.1554301
33 -0.015733665 0.51463014 0.6380483 0.44671136 0.37684932 0.89820737 -0.23946066 1.6598274
18 -0.5214754 0.12611811 0.64360654 0.045003526 -0.20558771 -0.4230674 -0.0037025777 1.7504416
5 0.2527817 0.7394687 0.4758531 0.7682255 0.17554735 1.1726058 0.11791638 0.87948513
32 -0.27272534 0.33527714 0.5484257 0.35697424 0.36484194 0.5075739 -0.15993568 1.939699
4 0.093382165 0.7633442 0.030217443 0.9756882 -0.5013464 0.13374469 0.4163628 -0.72125596
29 -0.27539003 0.19010118 0.309088 0.37815434 -1.0838141 -0.8817186 0.32845673 0.7535721
37 0.21000305 0.22713903 0.5337754 0.6417307 -0.23647395 0.32921955 -0.15634863 1.9253836
0 -0.5034515 0.23598787 0.616172 0.2886353 0.61996937 0.5327731 -0.20286028 1.651932
25 0.11884047 0.37844846 0.40291667 0.48302862 -0.40995064 0.15114905 -0.32658088 1.7257748
13 -0.33870453 -0.13514857 0.6010885 0.3179545 -0.600965 -0.7104064 -0.0346578 1.8332965
8 -0.14794783 0.20600209 0.0069233677 0.5030046 -0.9737704 -1.8760773 0.002889749 0.10740518
44 -0.09414561 0.30656648 0.078385934 0.6461296 -0.94949245 -1.3340232 -0.2525607 -0.39202374
47 -0.33971798 0.7005309 0.0828966 0.65592325 0.0007081683 -0.6738685 -0.14665577 -1.4728305
22 -0.06324029 0.27436802 0.5443011 0.5193983 0.17147703 0.53490436 -0.234028 1.9469602
30 -0.6691204 -0.1414374 0.6211014 0.06580403 -0.12583295 -0.6776607 -0.28490913 1.8502285
35 -0.124850236 0.43392956 0.60992956 0.3408986 0.34068802 0.830889 -0.15287402 2.1596189
11 0.116708994 0.80334663 0.3848423 0.8603273 0.014578405 1.5030234 0.16343102 0.43590495
