50 8
24 0.6800377 0.5700292 0.73197234 0.27521172 -0.0014374404 0.16308886 -0.84160477 -0.3025327
23 0.14985271 0.25532624 0.80198145 0.34013134 -0.53364253 -0.04690878 -0.22710323 -0.41222894
43 -0.9097086 0.023127232 0.2768891 0.33648765 -0.28248268 -0.5069907 -0.35840374 -0.43490544
1 0.010985913 0.52478904 0.61303484 0.35986206 -0.74095786 0.09919115 -0.43391055 -0.5094976
20 -0.38060334 0.6087838 0.12641425 0.587732 -0.69269514 -0.48187715 -0.44007224 -0.9323107
25 0.12591149 0.3626794 0.57486546 -0.25460032 -0.31836 -0.0868725 -0.5963246 1.0910025
29 -0.5499655 0.5204054 0.06253536 0.5447891 -0.98809445 -0.6682807 -0.095007755 -0.28173575
19 0.09867248 -0.58623993 1.0641696 0.10547975 1.2756692 -0.31510636 -0.14020334 0.8192764
16 -0.5285138 0.85097456 0.113211356 0.25471976 -1.2172298 -0.3433953 -0.38986558 -0.45782274
40 -0.24790888 0.11731135 0.7081137 -0.057937447 1.2875224 -0.39740753 0.045757983 1.0229483
6 -0.8072608 -0.17083661 0.30733898 0.7754894 -0.23229057 -0.7520518 0.11311556 -0.73187935
26 -1.0988374 -0.030188365 0.08127708 0.43908066 0.52416587 -0.7772213 -0.1166832 -0.005547121
17 -0.35556117 0.30894142 0.4734471 0.26975635 -1.1929555 -0.14316088 -0.7510504 -0.77676976
28 -0.24098568 0.25095385 0.51152956 0.637562 -0.8641824 -0.36220878 -0.24163315 -1.0229068
18 -0.32101214 -0.20642908 0.83551306 0.057318952 1.1404598 -0.40802425 0.25017425 1.1678121
34 0.16983747 1.1199845 0.4236405 0.31044745 -0.7101791 0.252267 -0.66018075 -0.45069206
48 -0.12285022 0.9422192 0.1153104 0.14888307 0.01768011 -0.42716545 -0.35672352 0.13491096
27 -0.16052009 0.54857224 0.2798522 0.8281659 -0.62767696 -0.266594 -0.6302753 -1.3351454
49 -0.279322 0.541832 0.4280657 0.38967684 -1.3600063 0.03507744 -0.6710333 -0.7050725
4 0.14435416 0.7279293 0.4486599 0.7068974 -1.2682017 -0.112521276 -0.44324702 -0.9653384
36 -0.39481592 0.83202773 0.1484998 0.7429035 -0.9078182 -0.2697098 -0.4528797 -1.1601124
41 -0.034528237 1.1712219 0.22359869 0.5558734 -0.40330186 -0.08196482 -0.15395708 -0.45007238
10 0.5122828 -0.491848 1.3358667 0.57848555 0.26710546 0.019573467 -0.027013898 -0.40545952
39 -1.0350095 -0.0031113657 0.19387981 0.22465843 0.47943333 -0.63679135 0.06342762 0.7959734
30 -0.39289102 -0.4423658 0.91346705 0.042994954 1.2931803 -0.32352668 0.040156275 1.0877185
12 -0.2995022 -0.114674814 0.5403553 -0.006917699 1.7663949 -0.8397969 -0.00900109 1.2821399
5 0.21399777 0.5771632 0.61596394 0.34262916 -1.1971558 0.078190975 -0.6504081 -0.58659303
14 0.67097974 1.1074846 0.5522808 0.22887194 -0.80040437 0.2223929 -0.85066116 -0.54311645
38 0.09928616 0.5764554 0.3600212 0.6966785 -0.3869543 -0.25033152 -0.61371434 -1.08281
8 -0.8324579 -0.26456818 0.45633847 0.40118068 0.2845145 -0.7866796 0.47280768 0.4366164
22 0.6880709 -0.411806 1.3085113 -0.041898575 1.343994 -0.04104653 -0.27614915 1.1690553
2 0.2981205 0.2838956 0.9984069 -0.199047 1.296878 0.1398792 -0.19993438 1.2746102
9 0.51722413 0.70312876 0.6313254 0.66109765 -0.9119819 -0.039735045 -0.57371217 -1.1613853
11 0.012649864 0.60476154 0.52420515 0.31089652 -1.5295198 0.16756351 -0.96084577 -0.78408617
0 0.01692044 0.12180327 0.93690056 -0.32141954 1.5438862 -0.19946599 -0.07061081 1.5371704
7 -0.5377892 -0.1337438 0.5674545 0.16064367 1.8369473 -0.7752793 0.19447592 1.0665267
45 -0.9050508 0.47815144 0.05590606 0.6766366 -1.094171 -0.5256065 -0.12597735 -0.831628
44 -0.6588475 0.650731 -0.063693866 0.4018943 -0.95695305 -0.7175755 0.040245723 0.16129021
13 -0.37360954 -0.52687716 0.9334967 0.5868628 1.2867712 -0.5776953 0.6297666 0.27496752
21 0.2057006 -0.27390012 1.2173622 -0.3071232 1.7020433 -0.25879365 -0.0017081138 1.5182995
31 -1.5173551 -0.06123476 -0.09777222 0.33176833 0.61206114 -1.055078 -0.027210947 0.15190911
15 -0.6747762 0.08318905 0.3818401 -0.1484991 0.791258 -0.7501745 0.14878827 1.3274821
32 0.43844676 -0.46758336 1.4068854 -0.12203847 1.4873863 -0.06738561 0.19113502 1.6044929
35 0.79513055 -0.559692 1.3519666 -0.03568515 1.5397915 -0.39170322 -0.10142537 1.1583928
42 -0.9575794 0.3559708 0.16394661 -0.22671615 -1.0397538 -0.49350995 -0.26482505 0.70517784
37 0.7858441 -0.14451095 1.356359 -0.26808682 1.1639113 -0.04135402 -0.12713775 1.353837
33 0.68676615 -0.39607805 1.4031316 -0.18311937 1.8951198 -0.34577522 -0.0035143925 1.3141321
3 0.30868998 0.045873225 1.2109333 -0.4496351 1.7013347 -0.22396612 0.1359869 1.8796253
47 -0.16505001 0.86438155 0.31409603 0.16509312 -1.7798609 -0.04626485 -0.2390818 0.39300013
46 -0.059448052 0.82082105 0.47275132 0.21411659 -2.1246397 0.13853534 -0.55796266 -0.0338966
