50 8
39 -0.480734 0.5146465 0.46793136 0.36368105 0.27432516 0.21791653 0.20716624 0.32997873
19 0.016715094 0.5179717 0.60559064 0.545273 -0.06379342 -0.07406465 -0.14368324 0.27698675
43 -0.47925273 0.37254414 0.9235548 -0.49407598 0.62990427 0.512452 0.38115475 -0.14684956
28 -0.7754526 0.6237067 1.0558447 -0.5590925 -0.026322601 0.657817 0.36633918 -0.06420162
26 -0.43254846 0.2689201 0.32297957 0.32211226 0.3204791 -0.097915806 0.61271507 1.5717893
23 0.5821198 0.19110811 0.47730795 0.77217895 0.0753225 0.22269537 -0.85886776 -0.17636858
25 0.82968 -0.14986794 0.088954486 0.7776345 0.78240514 0.3126131 -0.69988877 0.39834067
27 -0.49639848 0.3245851 1.1480821 -0.78933257 0.404068 0.47116998 0.58041936 0.24482577
34 0.28705117 -0.10930276 1.2157964 -0.62283695 0.33115235 0.44068182 -0.104834214 -0.055716358
24 -0.07209642 0.4421313 0.90382546 0.3567959 -0.49980217 0.25470105 -0.4563891 -0.22770645
40 0.7128728 0.09835275 -0.06305322 1.5780424 0.104145 0.08089638 -0.5971391 0.53623986
4 -0.6553957 0.40723523 0.70101225 -0.5274866 0.6520863 0.42715836 0.24573377 0.4265409
12 0.40328974 0.18132128 -0.13476178 1.3949952 0.5125406 -0.09522637 -0.5094892 0.66151184
46 -0.07554138 0.48532614 0.8489178 0.40041193 -0.43300378 0.22422405 -0.36789286 -0.20128319
30 0.58072317 0.12788069 -0.14151083 1.7005634 0.32906997 -0.15640649 -0.4537858 0.72884506
42 -0.62369835 0.46283728 1.2358897 -0.4266319 -0.1956485 0.31243888 0.5130298 0.21321829
17 -0.42981637 0.29293925 1.1006267 -0.28245404 -0.31539917 0.6396276 0.024502795 -0.16806294
1 -0.40223452 0.12235463 0.84224826 -0.43517768 0.465332 0.803249 0.073829524 -0.12433771
49 -0.675607 0.2879473 1.3540413 -0.843193 0.22026296 0.516959 0.22181155 -0.1923269
45 -0.7040836 0.3385239 1.0142841 -0.47245097 0.22569594 0.5101282 0.53887385 0.21261826
38 -0.4053648 0.0125637865 1.0969337 -0.7928067 0.5360746 0.54800993 0.32686934 0.20479608
18 0.533128 -0.028653648 -0.32919025 1.8422394 0.52154016 0.085513905 -0.5654951 0.6169018
41 -0.4819449 0.123970546 0.61973774 -0.15768334 0.73172903 0.39209256 0.4416023 0.4952857
48 0.1194592 0.13272186 0.8623514 -0.3542756 0.34604537 0.76548624 -0.40482453 -0.34586257
14 0.51922953 0.06917708 1.2490376 -0.39753553 -0.11364305 0.78611016 -0.32469523 -0.68704486
36 -0.6501044 0.30660915 1.1011976 -1.0696565 0.68265676 0.7808116 0.35790634 -0.019071367
44 -0.021267734 0.1238233 0.21748425 0.19413221 0.85131603 0.31699207 0.19352582 0.82993054
10 -0.8584487 0.5133276 0.7019485 -0.13007589 0.08887221 0.28281194 0.8675596 0.93502146
20 -0.6910495 0.4225771 1.1520337 -0.9035835 0.45773202 0.48183852 0.7171027 0.31006765
6 -0.8981085 0.52767545 0.60926235 -0.2731923 0.7279265 -0.11229887 0.80029136 1.0814009
21 0.7938759 -0.05614772 0.2638242 1.5972346 -0.16142796 0.30697462 -1.1114755 -0.3060206
16 -0.0032359166 0.10073455 0.8207677 -0.5715614 0.7440532 0.6077693 -0.38858622 -0.0858918
5 -0.5349025 0.7463065 1.2449622 -0.37141812 -0.22035033 0.32654178 0.44143853 -0.33364934
2 0.7617056 0.15019934 0.22679059 1.8441006 -0.261701 -0.13820511 -0.93363684 -0.04367381
29 0.0032102948 0.28738832 0.13196005 0.31757486 1.1261249 -0.2607673 0.037006103 1.1362286
13 0.5575505 0.21754874 -0.41851398 1.3429987 0.81505406 -0.20804955 -0.19246182 1.52477
15 0.22344479 0.656621 0.7656308 1.0108535 -0.9367551 0.0775834 -0.35270035 -0.18990415
9 0.1865622 0.01213725 1.3351177 -0.8789494 0.36346224 0.5213852 0.14467221 -0.06323713
33 0.6414736 -0.09939798 0.0656746 1.6393019 0.09886399 0.42710498 -0.865181 -0.29023677
7 0.49986893 0.47241077 -0.06636891 1.4032916 -0.0500435 -0.33230203 0.25127104 1.5029018
32 0.6652028 0.04035565 -0.4949616 1.9826367 0.44017017 0.13639717 -0.858112 0.70094913
0 0.7785079 0.07488818 -0.03318978 1.8907468 0.02517047 0.10233622 -0.99576724 0.026423048
31 -0.15363955 0.10528533 -0.24253564 0.832532 0.9169135 0.008650131 0.1441558 1.5271151
3 1.1393703 0.030025247 0.3463756 1.610464 -0.26546356 0.024630662 -1.4297153 -0.3117909
35 0.99693567 0.007665035 0.11624215 1.4632598 0.039948028 0.3938868 -1.0569654 -0.21200906
11 -0.34489024 0.3199277 1.4695604 -1.053017 0.014552315 0.6772729 0.11527204 -0.29139724
8 -0.50439507 0.31328815 -0.25260952 0.6755266 0.86161476 0.16464263 0.35564297 1.4668154
22 0.9941004 -0.27418306 0.12996055 1.346667 0.30060822 0.41991732 -1.3081717 -0.2207142
37 1.0022167 -0.049638033 0.2353175 1.9984617 -0.45286602 -0.064221054 -1.0336254 0.045875065
47 -0.22962797 0.16467273 1.7170563 -0.7694298 -0.17876643 0.6388509 0.10296357 -0.9102463
