50 8
6 -0.35623997 0.33601183 0.7000356 0.41983122 0.6757344 -0.3857207 -0.47530237 0.5220247
45 -0.37405732 -0.7477351 0.86614543 -0.25508028 0.44998112 0.18821445 -0.229156 0.5215144
25 0.17254567 -1.1779566 0.66142005 0.19082825 0.20402215 0.4334262 -0.17149742 0.5047258
37 0.11193057 -0.56809884 0.70732915 0.5514864 0.35157403 -0.2397748 -0.7325232 0.6794678
19 -0.17540781 0.35174504 0.7447106 0.17639989 0.5232477 -0.5246877 -0.69694966 0.86222106
26 -0.76931417 0.62071526 0.22001071 0.2450403 0.40723994 -0.2613907 0.45516127 0.7659185
31 0.012206846 1.0613623 0.033897556 0.7996734 0.02683712 0.06470851 0.7128533 0.6959273
28 -0.81116354 0.1649632 0.4095899 -0.412667 0.25691596 -0.007961268 0.096837744 1.0155604
21 0.5479423 0.053184338 0.25171226 0.9487125 0.12415816 0.952998 0.0051209233 0.20699126
42 -0.5002159 -0.24841541 1.0052656 -0.42539173 0.60352796 -0.22872806 -0.6998867 0.732886
15 -0.7112018 0.30821434 0.765057 0.04446437 0.5336055 -0.4627791 -0.54290205 0.76989704
13 0.0913041 1.2771488 0.3717132 0.8424526 0.45850033 -0.08535459 -0.3438475 0.5610959
44 -0.47395104 -0.25706336 1.0218008 -0.16662663 0.422013 -0.19254561 -0.5843607 0.6123798
1 -0.31863952 -0.6561348 0.91207165 0.060755894 0.6945061 0.008972959 -0.6817453 0.4076722
10 -0.47015005 0.20261236 0.41158095 0.5817669 0.3917747 -0.2653181 -0.81042135 0.86204344
46 -0.7574071 0.2696676 0.8715456 -0.2978989 0.5215138 -0.006777146 -0.4125475 0.54984975
23 0.4069392 -0.10168088 0.95598555 0.46152437 0.7508235 0.2934674 -0.8052644 0.08249535
8 -0.64043444 1.0007291 0.3350546 0.6412395 0.7343952 -0.7662596 -0.28608918 0.80853486
36 0.37604755 -1.1447625 0.80326253 -0.40785265 -0.02271469 1.0605241 0.9541422 0.26023412
18 -0.6027234 0.64197105 0.5015562 0.5525233 0.5802559 -0.5034293 -0.47881806 0.7115526
16 -0.1892869 -1.0491649 0.5538381 -0.5091649 -0.02804222 0.7904746 0.7852594 0.6326926
17 -0.8394448 -0.18785527 0.4324166 -0.5736765 0.75034976 -0.1548384 0.15639809 0.89150256
2 -1.0585887 0.25196463 0.79704976 0.19219205 0.6953974 -0.74344933 -0.6662803 0.69661117
24 -0.2319055 0.5458282 0.7652106 0.28362507 0.4554903 -0.17513634 -1.0394461 0.72990865
0 -0.7509159 0.84240526 0.46238327 0.7193202 0.93343836 -0.5729199 -0.4823855 0.48613274
29 -0.19547537 -1.1906327 0.9164002 -0.11330113 0.21832468 0.54001033 -0.36806324 0.40582052
22 -0.38453624 -1.1051674 0.69287276 0.10275569 0.31195834 -0.2724926 -0.08594841 0.7306879
3 0.02668736 0.5388082 0.5808388 0.66457 0.7179808 -0.35100037 -0.9776678 0.66618645
43 -0.025809243 0.2760026 -0.18984532 0.32858077 0.4616573 0.58724135 1.6926022 0.37666288
7 -0.07359711 1.4494985 -0.015709467 0.43585786 0.6289162 -0.37334707 0.2138235 0.9947647
4 0.059623126 -0.89575404 0.5556965 -0.6771402 -0.2371356 1.0887895 0.9966203 0.61279273
11 0.4140318 -1.1373798 1.0614918 -0.114317626 -0.13872543 1.307881 0.29916164 -0.059041712
20 -0.6650301 -1.200613 0.99189657 -0.39090523 0.26818162 0.2829986 -0.31682193 0.5155811
12 -0.083081305 1.3377942 -0.023105524 1.3189579 0.8312871 0.02356469 -0.18456545 0.35182628
30 -0.41698772 1.4690446 0.24782489 0.4578167 -0.011879631 -0.6973024 0.6744237 1.0417649
41 0.61548764 0.5062075 -0.014131993 0.83254033 -0.15566388 1.0667186 1.0904932 0.31244794
9 0.71746176 -1.3522975 0.8069522 0.14216582 -0.52286327 1.2454447 0.5903038 0.28391075
40 0.49769872 1.3694384 0.0010295411 1.4736037 0.4415142 0.32628283 0.33903477 0.16731082
38 0.8072135 -0.011597794 -0.07755194 0.94557995 -0.34952936 1.2632717 1.6266862 0.2037729
49 -0.38217527 -1.1762409 0.37310523 -0.38576 0.008275597 1.1163055 0.9253409 0.47804758
27 1.0512133 -0.40561995 0.3334064 0.38345462 -0.43522918 1.3733209 1.3638864 0.2828526
32 0.13671799 1.5667619 0.42011675 1.0055873 -0.4167088 -0.058545336 0.43008396 0.6302751
33 0.49468678 -0.5053476 -0.01799262 1.0746806 0.12910007 0.9866277 1.2412754 0.046969295
14 0.7202645 -0.68520534 0.36473218 0.12317792 -0.41410887 1.6130543 1.0481967 0.28114027
35 1.1232165 0.47296327 0.24314007 1.631786 0.26420406 0.6645673 0.33501548 -0.08189676
5 -0.517437 -0.45700064 0.4994434 -0.77882147 -0.12890539 0.6785969 0.99656105 0.78818446
47 0.19644299 -0.9415368 0.5012583 -0.035776414 -0.3560645 1.1923366 1.0864608 0.3525243
39 0.5360982 1.6664307 0.23515643 1.0096316 -0.28006527 0.39354968 0.909853 0.4124736
34 0.7889373 -1.0614936 0.45704335 -0.13562933 -0.31766635 1.424178 1.1813836 0.3734292
48 0.5241067 1.3572099 -0.4656135 1.6762995 0.11211504 0.7570891 1.11215 0.26463073
