50 8
1 0.03734543 0.8418433 0.3597616 0.48823932 -0.23149477 0.57163393 -0.113458686 0.26515043
43 -0.3360377 0.55113894 0.59484935 0.07013547 -0.8578931 0.15676671 0.8311176 -0.26060283
23 -0.12580115 1.084098 0.7682716 -0.21011959 0.13295299 0.014515834 -0.21888192 0.50835985
24 -0.25942153 1.0731684 0.7167252 -0.03157909 0.46445313 0.12406354 -0.43139532 0.54230887
25 -0.14222482 0.6822445 0.76122963 0.25506207 -0.045245934 0.58811 -0.37589955 0.25455585
19 -0.6863664 0.45415622 0.39664596 0.55346143 0.4992111 -0.9756848 -0.5673816 0.23098928
31 -0.9094057 0.17023085 0.37910903 0.66891223 0.518105 -0.7509666 -0.61950266 -0.55024344
40 -0.9562945 0.60190445 0.5922165 0.075124614 0.2627245 0.52714527 -0.5973584 -0.22826487
18 -1.0294852 0.08170028 0.5654751 0.54017735 0.57710713 -0.79667246 -0.9749419 -0.5281608
39 -0.5312653 0.51977295 0.5616184 0.29533997 0.15484142 0.40151012 -0.7253187 -0.61442703
16 -0.643701 0.670381 0.76787835 -0.16871175 0.27113533 -0.006881211 -0.15037139 -0.7557462
6 -0.8976986 -0.21948881 0.4386446 0.58137065 -0.5414665 -0.75056684 -0.18604986 -1.2150775
46 0.24333082 0.58511853 0.19488207 0.7791444 -1.2043955 0.30129808 0.91600704 0.40321177
21 0.15611543 1.3028238 0.5196862 0.086272225 7.00342e-05 -0.22285183 0.19947097 1.3747044
13 -0.659822 -0.09260644 0.13550676 1.2755208 0.04953177 -1.0277321 -0.269864 0.1522169
42 -0.40201488 0.20412284 0.48450643 0.6070478 0.012221851 -1.1241044 -0.09682943 -0.66243184
29 -1.111354 0.262532 0.5379771 0.3031612 0.2837022 -0.3628808 -0.28304744 -0.27280027
26 -1.0057156 -0.14028354 0.79554516 0.26330072 -0.16300412 -0.8854192 -0.33288544 -1.0336137
44 -0.40939468 0.396896 0.63249075 0.42408514 0.36686584 -0.5060278 -1.3346139 -0.43981203
32 -0.4036934 0.84883904 0.62598777 0.34213018 0.54646814 0.42549983 -0.7592632 0.76704156
38 0.4449482 1.1560377 0.34822348 0.25742596 -0.636559 0.6820392 0.5224766 0.1001861
35 -0.29941833 0.9407085 0.2310278 0.56917876 0.23756836 0.4187519 -0.859171 0.8469839
28 0.73556745 0.8887692 0.5323451 0.3816797 -0.92544156 -0.127131 0.81219685 0.20509595
0 -1.0873278 -0.06816191 0.56800973 0.6974847 0.43155143 -1.305566 -0.23530568 0.0155767985
49 0.050745584 1.0372598 0.6771922 -0.06738095 -0.90518767 1.3837261 0.81945586 -0.017451793
4 0.6940816 1.2129446 0.49897614 0.24357913 -0.8206658 0.62847996 1.0775994 0.28273553
17 -0.5688583 -0.25772214 0.45419735 0.6605699 -1.1630521 -0.48898593 0.57767296 -1.3465698
33 0.3706253 1.2831268 0.32294017 0.3427335 0.13866076 -0.3124212 -0.1710727 0.95080346
34 0.08884656 1.1272293 0.75266755 0.064592995 -0.21499829 1.2839215 0.4543807 0.5266265
36 0.6257193 0.94670725 0.40321255 0.44918945 -0.920165 0.26202148 1.0289055 0.35528648
12 -1.002367 0.48316595 0.549398 0.36169252 0.6039395 -0.48607758 -0.5120781 0.4774202
8 -0.49651414 0.12062487 0.06334536 0.98961145 -0.19803374 -0.8477762 -0.5012898 -0.5415734
45 -0.26135767 0.20687515 0.51695305 0.6441911 -0.019777639 -0.36217314 -0.2738156 -1.0186868
2 -1.0756487 -0.07155802 0.5642497 0.80172247 0.5578334 -0.75459826 -0.098272055 -0.20202662
11 0.5577885 1.3286475 0.56812847 0.22023667 -0.39039397 1.1276153 0.23055905 0.6987057
7 -0.5733651 0.13850662 0.20554873 0.6789168 -0.43462905 -1.5357107 0.4606324 -0.37405464
5 0.34565353 0.48748747 0.2048708 0.8409545 -1.2160482 0.021712707 0.86660373 -0.075157024
41 0.21042874 1.2177497 0.40257552 0.3058823 -0.16870175 1.3454047 0.41718948 0.1365629
22 0.061603073 0.3798522 0.6203479 0.6390943 0.28992382 -0.56789625 -0.60675436 -0.6453511
15 -0.464971 -0.019435845 0.37978032 0.8292584 -0.27940807 -1.8577476 0.17607117 -0.04915018
30 -0.80069953 0.25194123 0.39514822 0.69677943 0.82842636 -0.19955146 -1.2901502 -1.039884
9 0.193599 0.9834073 0.35820466 0.28548613 -1.2255136 1.1309489 1.2013434 0.24228305
14 0.597674 1.5760071 0.27112067 0.30952734 -0.21786319 0.9667859 0.65636235 0.81432915
3 -1.0581737 0.54861337 0.48136574 0.38111463 0.8254677 -0.42167684 -0.67522573 0.6091291
27 0.04103706 0.5957471 0.21368824 0.5054002 -1.2773759 0.99903315 0.9889821 -0.80803704
10 0.47261235 0.13879435 0.015722578 1.2288406 -1.0875562 -1.174326 0.64298344 -0.6939627
20 0.86782634 0.3211921 0.21029605 0.93418974 -1.547305 -0.9204995 0.9615412 -0.74103844
48 0.04778948 1.2932818 0.30393773 0.16088188 -0.6504106 1.9564352 0.1615136 0.27457145
37 0.02423316 0.24112259 0.42089564 0.9878927 0.1570911 -0.023527302 -0.8286163 -0.70781416
47 -0.12962164 0.8143713 0.022577424 0.46126252 -0.8640307 1.2469448 0.5245324 -0.8518341
