50 8
19 -0.23311873 0.10160634 0.95230746 0.12324705 0.8178804 -0.66502625 -0.5097264 0.21744658
43 -0.3929089 0.22186826 -0.17487715 0.26829526 0.89471537 0.3851052 0.7081575 0.5414879
29 0.09719651 0.44355515 0.28715858 -0.27723867 0.5794408 0.54820764 -0.2607021 0.53608984
48 0.115807764 0.58647233 -0.19750218 0.72436154 0.33589348 1.1053898 0.7409063 0.4770601
26 -0.94817036 0.17151584 0.1669065 -0.6151572 0.6685445 -0.569223 0.30380693 1.2911754
39 0.334881 0.5965207 0.5686804 1.6116729 0.28598863 0.37478456 -0.3551227 0.05741474
18 0.040313676 -0.11744683 1.1014469 1.2928225 0.52438813 -1.1078669 -0.68475795 0.65626055
16 0.35317978 0.12387617 0.8771859 -0.8654113 -0.020665882 0.92492527 0.12180346 0.25891352
23 0.3349908 -0.41152683 1.3793566 0.67307365 0.5646023 -0.14830625 -0.67035985 -0.2747446
21 0.10291682 0.5290426 0.38821712 0.42043406 0.15385026 1.2204832 0.18810506 -0.053295456
40 0.37237835 0.35379517 0.9725536 1.393007 0.108754806 -0.3907839 -0.58066887 0.4977552
42 -0.40687406 -0.29181403 0.88688934 -0.09413216 0.38987982 -0.76935303 -0.084566355 0.9719405
41 -0.5516154 0.91013145 -0.5782025 0.031780314 0.6664854 1.1631732 0.78295076 0.5833032
12 -0.3774603 0.5661068 0.43626574 0.7118749 0.850966 -0.5118645 -0.7733596 0.55193084
25 0.046386223 0.105911314 0.34829608 0.68020064 0.34866083 1.1282235 0.5323254 -0.14318083
28 -0.94828993 0.62610453 -0.15316835 -0.46640646 0.5620575 0.22085008 0.9192298 0.83829546
37 0.69943553 -0.47783792 1.2754556 0.6294142 0.16675965 -0.7212762 -0.15058777 0.7499817
44 -0.11890072 -0.75063425 1.1993666 0.66792774 0.7437718 -0.7513182 -0.34201074 0.24305964
24 0.39946073 -0.67279625 1.491709 0.5141267 0.5839236 -0.2823559 -0.54775 -0.18186323
1 0.8410374 -0.38859093 1.3017588 -0.20909883 0.40353054 0.7892198 -0.123546876 -0.53367263
36 -0.057528757 0.3243402 0.14003448 -0.7302376 0.4691583 1.6104122 0.7907383 -0.07416281
8 -0.6127917 0.5349351 0.023736585 0.42779776 0.8809544 -0.5849425 0.15958005 0.94095296
15 -0.24031346 0.5691347 1.4040401 -0.03950661 0.022903634 -0.9739068 -0.49966076 0.38866028
20 -0.8895342 0.2297475 0.06716366 -0.6727304 0.32691485 0.5860099 1.0013942 0.7541054
30 -0.17673981 0.2111041 0.794363 1.0678236 0.442643 -0.7216688 -0.34102747 0.62313986
31 -0.060793843 0.039891142 0.68806833 0.77471995 0.71737874 -0.9116059 -0.9767451 1.1115849
35 0.5678364 -0.0647633 0.9622895 1.7216272 -0.058817398 0.633863 0.13610886 -0.24194373
0 -0.045810416 -0.24168825 1.4940192 0.16280422 0.50413287 -0.78105134 -0.8113842 0.12034627
17 0.35035172 -0.39439923 0.8960941 -1.5681301 0.19792655 0.33921495 0.29092616 0.9053946
46 -0.5274293 0.8616486 0.4021973 -0.7581978 0.25298455 0.48404148 0.52371866 0.29134357
13 -0.68160725 0.6060162 -0.12013094 1.0712779 0.63996565 -0.39214665 0.15109989 1.0741388
10 -1.2275183 0.6810151 0.11811304 -0.20636244 0.007935404 -0.0044136904 1.1902108 0.9183444
14 0.22120228 0.12395193 0.52645195 -0.18292387 0.15899178 1.7272788 0.4645202 -0.32387754
27 -0.6643994 0.8001355 -0.06176489 -1.1926715 0.629984 0.7148151 1.0593839 0.39906535
22 0.35233173 -0.6836069 1.5073321 1.3782154 0.014843635 -0.14838949 -0.45627308 0.047209535
34 0.50356245 -0.29036492 0.36206853 0.06731158 0.44493222 1.8440831 0.5703007 -0.2773478
45 -0.5723175 -0.11264122 1.436822 -1.2326325 0.38018838 0.009248258 -0.19905913 -0.29744786
38 -0.6764464 0.71944904 -0.5403408 0.5816289 0.70010394 0.86131257 1.2588834 0.406017
4 -0.27106425 0.76170266 -0.18831784 0.48879287 -0.08317469 1.5408025 1.3047968 0.31996903
2 0.09587963 -0.37421417 1.5829473 1.3435646 0.09148678 -0.48141468 -0.20126155 -0.20639779
7 -0.5155505 0.29399285 -0.013179929 -0.10627483 1.068312 -0.6657118 0.21059337 1.1479456
6 -1.5807302 0.8805562 -0.3017923 -0.37773648 0.8634399 -0.1770962 0.8493573 0.7346618
5 0.32873416 0.534855 0.47310814 -1.3115284 0.19145828 1.1630094 0.5221074 0.33318228
49 0.3921011 0.28996667 0.58159846 -1.2600634 0.06555882 1.5689713 0.23211847 0.21761638
9 0.21563464 0.21859124 0.68615943 -1.3799146 0.117562935 1.815259 0.8288158 -0.3581471
11 0.8079032 0.03643455 1.0587491 -1.236511 0.14436428 1.7484852 -0.2881099 -0.34206524
47 0.432017 0.35861275 0.17224428 -0.691946 0.1392176 1.976775 0.9179613 0.051947515
32 -0.030463163 -0.32582846 1.0403423 1.6288561 0.38710174 -0.33863127 -0.1780078 0.10422882
3 0.5347343 0.24738467 1.4874624 0.16145019 0.39789733 -0.764528 -0.9628357 0.16439892
33 -0.38094607 -0.57897747 0.7372213 1.965169 0.54104644 -0.06724592 0.9632282 -0.37061498
