50 8
24 0.0022283758 0.5576867 0.5594166 0.27710423 0.47705057 -0.01653138 -0.1291396 0.13871008
43 -0.49359915 0.72689575 0.6751882 -0.6034981 0.012749289 0.45367938 0.21084413 0.4856848
19 -0.4132507 0.3305424 0.2869454 0.9496814 0.38283953 -0.44269833 -0.41209212 0.7770384
28 -0.23834562 0.7919286 0.6958927 -0.55454785 -0.076811224 0.67828965 0.37828794 0.2546001
35 0.79866666 0.087706774 0.4998339 0.52198535 0.8083496 0.50052816 -0.042083923 0.14681986
36 -0.30798686 0.39749774 0.8165251 -0.621622 0.32660165 0.35687572 0.03435014 0.5294762
25 0.0029455845 -0.3420737 0.95666957 -0.15141244 0.9983077 0.039275263 -0.58599657 0.5290139
13 -0.29426238 0.1338716 0.4046529 0.54788214 0.7158478 -0.47725332 -0.3008602 0.90995395
39 -0.035735108 0.42108077 0.5612487 0.6310878 0.8235546 -0.2836593 -0.8799691 -0.07285801
38 0.06806798 0.64576674 0.8556597 -0.60416955 0.5192209 0.71794295 -0.34814677 -0.3423099
42 -0.49588564 -0.23151082 0.9238462 -0.24447751 0.68143564 -0.2760675 -0.3446996 1.01728
23 -0.09529635 0.49816793 0.66425854 0.25128213 0.44650513 0.34580916 -0.593521 -0.21416827
34 0.44566885 0.6204504 0.7033223 -0.41563356 0.47919506 0.88690853 -0.10395467 -0.20344731
40 0.2976551 0.80979365 0.025689986 1.2843312 0.4568225 0.27065265 -0.52552927 -0.21231535
0 -0.4743862 0.3078462 0.13506204 1.5987943 0.519226 -0.48049104 -0.5462412 0.45557064
31 -0.5194925 0.46736145 0.18641193 0.7413038 0.39016342 -0.20509914 -0.646509 0.76503205
30 -0.1788649 -0.2014786 0.29087076 1.2397895 0.47826552 -0.2385804 -0.1684213 1.0643724
18 -0.34120384 0.18116067 0.27349442 1.4010006 0.40073392 -0.60137826 -0.3627625 0.75995326
12 0.15130208 0.9704417 0.4904106 0.6425043 0.44591248 0.16030209 -0.4558945 -0.70477796
45 -0.56024325 -0.64971906 0.9391343 0.039254993 0.5250519 -0.21154141 -0.02529258 1.4017504
46 0.36409616 1.0363631 0.80791265 -0.47550574 0.29133952 0.82102644 0.2490772 -0.69501656
15 -0.94585645 0.61763364 0.47173023 0.658831 0.06817706 -0.7670487 -0.19624725 0.70973724
7 -0.6458807 0.6261744 0.46702194 0.5503882 0.15752445 -0.58919066 0.07169725 0.6465627
49 -0.12222685 0.4654626 0.9830313 -0.92832893 -0.19376409 1.0731848 0.5401619 0.4165262
20 -1.0942042 0.25501055 0.71306264 -0.40766883 -0.5246103 0.35615745 0.7583765 1.4105562
1 0.21851271 0.5936878 0.83612674 0.33040324 -0.07173517 0.76860446 0.1845688 -0.5756457
6 -0.95724887 0.9089442 0.569065 0.09515744 -0.8363089 0.058386654 0.43852508 0.90452665
3 0.64261943 0.8973566 0.32295752 1.1578149 0.74259657 -0.091268234 -0.668987 -0.66488343
48 0.5104234 1.0454905 0.6094334 -0.6860293 0.44170555 1.0768914 0.15313685 -0.45352373
29 -0.85281646 -0.12286605 0.732604 0.5744274 0.40255615 -0.51094073 -0.4601871 0.91468155
16 -0.7651537 -0.24401657 0.94998175 -0.48681447 -0.11241324 0.44494173 0.17672744 1.3255342
27 0.18285519 0.9533798 0.7028753 -0.58520436 -0.34389085 0.8939278 1.1329417 0.26415083
4 -0.07054648 0.71120244 0.8398998 -0.87326956 -0.15163924 1.034284 0.38268542 0.24109308
21 0.6116185 0.69257313 0.3126756 1.0570458 0.2683497 0.9650633 -0.059461225 -0.7212756
26 -1.1823106 0.105636224 0.7536418 0.40325072 -0.42452395 -0.29819557 0.36612412 1.2208745
41 0.95737755 1.0875454 0.5090542 0.13820204 0.3882632 1.0615861 0.5343333 -0.90308064
11 0.047133658 0.2226937 0.96740925 -0.929895 -0.066663556 1.3867636 0.29161566 0.4562976
17 -0.45881253 0.28040886 0.67825377 -0.030728653 -0.37841234 0.25565714 0.90254825 1.1537147
9 0.28652915 0.84955645 1.0103843 -0.955763 -0.38445956 1.0328864 0.9481396 0.16064852
14 0.9682442 0.87743235 0.6087849 -0.5332845 0.5001463 1.4033486 0.25889173 -0.51145065
2 -0.27061993 0.94876 0.32419276 1.1560854 0.2550222 -0.3329029 -0.6504187 -0.3373172
8 -0.64850664 0.48728326 0.38067174 1.2553722 -0.29326093 -0.50657755 0.31760988 0.6868117
10 -0.38479334 0.91238266 0.12767698 0.33738393 -0.63069206 0.60464674 1.1083167 0.95080423
5 0.19261943 1.34729 0.39667267 -0.2026493 -0.91657853 0.9955354 1.5840044 0.45255372
44 0.016188947 -0.6814918 0.85627854 0.17193042 1.1431432 0.27671707 -0.9206858 0.6028826
22 0.18209015 -0.46003103 0.45677787 1.468142 1.2435266 -0.56858534 -0.75883025 0.5787688
47 0.081218645 1.0029396 0.8708113 -0.75035995 -0.4650107 1.6347345 0.5332549 -0.43253553
32 0.9136383 -0.16311304 0.17802282 1.687825 1.4769237 -0.39827687 -0.17845087 0.25868356
33 0.8717073 0.32828316 0.03874473 2.0505304 0.6231697 0.08452703 0.49296692 -0.13187608
37 0.66556454 0.2337483 0.28874764 2.0447402 0.59819967 -0.6068296 0.56688315 0.053296253
