50 8
23 -0.2941757 0.41774958 0.3743316 0.2791586 0.019439282 -0.8619991 -0.11792629 -0.18934529
19 -0.14083107 0.37037113 0.066987105 0.53446954 0.3878012 -1.0750191 0.16397078 -0.60225093
24 -0.8665996 0.23283917 0.34148228 0.4257716 0.08916298 -0.7475906 -0.43788576 -0.34740248
42 -0.86235195 0.37280515 0.49154183 0.13295598 -0.18013011 -0.6671815 -0.032424122 -0.41528884
21 0.3426527 0.854927 0.48313636 0.012187752 -0.2533762 -0.7161265 0.53789973 0.3397628
32 0.8686627 0.7098343 0.033852763 0.8578845 0.3712329 -0.58827734 0.25725862 0.0062241605
1 0.14379266 1.0070119 0.22244109 0.7557811 -0.29835257 0.47202915 0.10358837 0.3836873
40 -0.3502569 0.3285207 0.34487578 0.78219706 0.8513569 -0.40693164 -0.260979 -0.51763946
6 -0.69296813 -0.051042814 0.63356113 0.7874904 0.19534686 -0.28685033 -0.27434474 -1.2543969
41 0.7888451 1.1083084 0.4502131 0.5692996 -0.35243064 0.20355543 0.46949673 1.1643895
9 0.16663781 1.4297926 0.6833301 0.21187997 -0.81001043 0.9293262 0.23748863 0.8669565
43 -0.9135668 0.5328473 0.85580564 0.12704244 -0.7428649 0.13487746 0.13764362 0.2449238
16 -0.35468778 0.95294297 0.65482736 -0.26789397 -0.9735865 -0.16294955 0.42691895 0.078321114
0 -0.11188382 0.18586458 0.19435956 0.63766783 0.8092151 -1.2652626 -0.2999608 -0.5344605
26 -1.395537 0.19369966 0.48699743 0.099607386 -0.21872342 -0.7572875 -0.39948446 -0.8725246
44 -0.38220796 0.1933197 -0.09381246 0.65126973 0.13963741 -1.2035067 -0.6022075 -1.0859034
20 -1.1193613 0.607183 1.0712239 -0.25608838 -0.90498877 0.07894949 0.015425645 0.15062925
12 0.110521816 0.46022263 0.2837922 0.2477024 -0.101623006 -1.2200195 0.60226905 0.3177089
14 0.3915671 1.4002893 0.32983235 0.3679632 -0.53011525 0.45038426 0.36412984 1.2647086
30 0.118132316 -0.13933758 0.23896138 1.4581952 0.5085633 -0.3994957 -0.49872607 -1.206638
28 -1.1390494 -0.07132687 1.3916214 -0.028517349 -0.1574013 -0.42420033 -0.029407429 -0.41565767
18 0.084330946 0.08692134 -0.11255434 0.93458784 0.5989212 -1.3827341 -0.27511188 -0.76779234
25 0.51605123 1.322921 -0.27974823 0.10283832 -0.46840492 -0.8018393 0.19703044 0.68908775
31 -0.21319811 -0.26734808 0.30553943 1.0955856 0.5796072 -1.0097927 -0.5357431 -1.383327
2 -0.17251082 0.14529487 0.29727474 0.8457982 0.77993476 -0.75561094 -0.20869477 -0.84240586
29 -0.7499126 0.8940695 0.57190245 -0.15721726 -0.74634135 -0.0589064 0.33984947 0.1154982
37 0.5580759 0.41126537 -0.1675977 1.4160378 0.4509749 -0.29918325 0.047575578 -0.5012597
8 -0.6821752 -0.12765728 0.26597038 0.58666545 0.1937998 -1.3352503 -0.46306401 -0.9477359
10 -0.65961665 0.26205367 0.7015455 -0.028680855 -0.3437045 -0.909332 0.25098762 -0.3732636
45 -0.7777849 0.95525473 0.08043394 -0.016918385 -0.38029647 -0.34227937 -0.14124313 -0.5022922
27 -1.5755941 0.15306908 1.0144063 0.28317463 -0.58266205 0.29396424 -0.26218346 -0.25377256
5 -0.61981905 0.60481656 1.1379423 0.19084063 -1.05442 0.51886255 0.22786696 0.70302904
7 -0.81236774 0.09204151 0.04663883 0.21382293 0.117344625 -1.7249607 -0.37890184 -0.72950584
11 0.9056774 1.4817108 0.20620771 0.3907516 -0.7209557 0.2556973 0.3052686 1.4678953
15 -0.91380113 0.18644814 0.44102347 0.1374335 0.24034964 -1.1477524 0.06730095 -0.46350047
35 0.8225113 0.96769154 0.33740506 0.5421465 -0.24558085 -0.2175111 0.14733753 0.87818354
17 -1.3008887 0.283054 0.85029876 0.5127267 -0.533527 0.4792697 -0.54495066 -0.19591774
36 -0.46718732 0.83380866 0.9570795 0.41839322 -0.7251425 0.9420182 0.62451434 0.41433755
38 0.5166074 1.4156636 0.07900612 0.31517878 -0.073298395 0.009907803 -0.06957003 1.1079108
33 0.9732746 1.0553552 0.0027382828 0.6123363 0.08601369 -0.50793755 0.27664787 0.83847517
46 0.93054974 0.28490564 0.55394727 1.4644363 0.3575283 0.21202686 -0.08247465 -0.058493596
22 0.68659586 0.37062883 -0.17453064 1.6296762 0.6425132 -0.25388175 -0.39862627 -0.20070082
39 -0.59476095 0.17138962 0.13153131 1.3886741 0.5920893 0.06824157 -0.54270774 0.042601634
13 -0.14473712 0.31898686 -0.2793491 0.89121175 0.23774439 -1.1010159 -0.0145231625 0.13008255
4 0.67899716 1.1751852 0.37311667 0.7101429 -0.7608761 0.59505314 0.5529093 0.8691091
49 -0.061724175 0.94897074 1.1289097 0.5464094 -0.38381818 1.3265681 0.18432102 0.42484942
34 -0.13616444 0.8500171 1.4520249 0.40229774 -0.4592359 1.3616482 0.18628596 0.5516381
47 0.8618688 1.2557108 0.20548315 1.1899041 0.17925642 0.9152995 0.57116807 0.88765395
3 1.1382612 1.1127124 0.053856313 0.34689248 0.43178868 -0.67652375 0.25696757 -0.35323605
48 0.87381375 0.86362004 0.2986638 1.1944585 -0.045649927 0.6497372 -0.010723986 -0.21518853
