50 8
8 -0.4265855 -0.076082826 0.43498012 0.99315315 0.30467805 -0.19604133 -0.426593 0.5855269
26 -0.2834208 0.06779904 0.2860563 -0.055579524 0.8823567 -0.4919505 -0.5529744 1.0455344
19 0.23130669 0.06817724 0.48397568 -0.4074662 1.1042613 -0.52020705 -1.0968935 0.47002062
6 -0.40983155 0.17722404 0.57636136 0.13602425 0.86331534 -1.0074334 -0.71781373 0.69035554
43 -0.36162764 0.12935266 0.5272934 -0.042488962 0.42797744 0.29680476 0.6497523 0.41575465
40 0.28157106 0.056839667 0.34430373 1.3427761 0.40376332 0.051444 -1.0545702 0.2955505
15 -0.5511653 0.31838325 0.4370594 0.35919657 0.35586765 -0.4384356 -0.52588105 0.98397416
44 -0.06520146 -0.216357 0.5304163 0.8036618 0.24925868 0.023628466 -0.6073433 0.30078554
42 -0.9294459 -0.08813463 0.52971375 0.8438601 0.3995617 -0.46623093 -0.09085315 0.578996
31 -0.021692226 0.07747044 0.30171052 0.7669584 0.6195026 -0.35554668 -1.2098302 0.7209496
2 0.03141702 -0.021282904 0.40059215 0.50339746 0.7266753 -0.28082985 -1.0521135 0.44183442
39 0.18329892 -0.24787694 0.48756653 0.9801845 0.57250774 -0.20820647 -0.74238485 0.21711338
29 0.44022357 0.10178691 0.36710706 -0.28050485 1.0109708 -0.075743295 -1.003835 0.46420625
18 0.132683 0.017601674 0.2222358 1.2371048 0.45879784 0.01462796 -1.1014106 0.6123428
17 0.36833376 -0.09996885 0.3925919 -0.82403165 1.140221 -0.01719384 0.10037212 0.5540126
23 0.8545401 -0.0055870614 0.60447043 -0.04566218 0.83203757 -0.1953607 -1.0892316 0.071601674
0 0.3049969 -0.15244874 0.3055922 1.0609816 0.8253812 -0.2954323 -0.99438936 0.4349483
1 0.41332087 -0.09638544 0.56575525 -0.6892836 0.7848659 0.4676002 0.776763 0.21141323
20 -0.8501134 0.08862187 0.31000814 -0.08534566 0.7654156 -0.14853263 0.64922243 0.928068
24 0.2223416 0.2711588 0.45093325 -0.03990436 0.9207941 -0.61498016 -0.72091925 0.62892973
48 -0.34685808 0.1874044 0.35514683 0.7851092 0.6103588 -0.43557894 -0.33257592 0.7669903
7 -0.07414122 0.39965278 0.34050623 0.21895112 0.8246537 -0.4667455 -0.62516695 0.80312043
13 0.017304512 0.25781134 0.517182 0.7750589 0.15822282 -0.20042409 -0.7685092 0.5970183
27 -0.45787197 0.19030493 0.6740946 -0.95382017 0.4033228 0.24909562 1.3844086 0.75301236
45 -0.915231 0.5032917 0.54571074 -0.022908617 -0.041993614 0.2292124 0.6878777 0.7929745
33 0.55328757 -0.31324545 0.9912474 0.7046065 -0.3346459 1.3424982 0.20342526 -1.0028917
34 0.63464475 -0.185853 1.1406815 -0.8086691 -0.4720857 1.4959043 0.88787645 -0.48681158
12 0.3282423 0.19655873 0.2795321 0.35884947 1.1198093 -0.49694708 -1.2679495 0.63754696
5 -0.2925005 0.2142086 1.0179338 -1.1779138 -0.04708683 0.72581124 1.5185304 0.2297404
9 0.41321248 -0.3057026 1.1721814 -0.6823659 -0.17395692 1.0992675 1.2596705 -0.46554875
36 -0.66562545 0.28208485 1.1619658 -0.19731572 -0.8282747 1.3428711 1.1548702 -0.25413433
10 -1.2165755 0.5460476 0.25794736 0.28097796 0.2528539 0.10980583 0.44859186 1.1300949
4 -0.14740932 0.19887753 1.1510406 -1.1048483 -0.47791222 1.2297491 1.2394537 -0.15894662
21 0.66979015 0.09604747 0.3083141 0.6595945 0.15755044 0.8895248 -1.2191871 0.15107514
30 -0.06848663 -0.28651685 0.5338464 1.5101157 0.36509746 -0.35590822 -0.43925327 0.28397158
16 0.5655962 -0.22668529 0.6516635 -1.3447971 0.44993827 1.1230156 0.28884953 0.09585143
37 0.27186975 -0.10102754 0.9523011 1.3626671 -0.49967945 0.109849654 -0.45126382 -0.17364821
41 0.7328205 -0.34864524 1.1643493 -0.84123147 0.016430072 1.4257536 1.3373487 -0.7401143
32 0.61178267 -0.3511628 1.1357276 0.69603974 -0.46549085 1.1306478 -0.20979778 -1.1115211
49 0.5266452 -0.08600058 1.1185617 -1.1109295 -0.09727871 1.2945832 0.94323134 -0.49370673
46 -0.7650394 0.2670861 0.7884629 -1.3169087 0.32245117 0.4705003 1.2446692 0.5274252
47 0.14395417 -0.37698445 1.0563828 -0.854011 -0.10352751 1.3237531 1.614082 -0.3673454
25 1.036755 -0.49309164 0.72411954 -0.6626846 0.10005287 1.3552476 -0.060749594 -0.23759013
11 -0.04229616 -0.25773743 1.3546728 -1.2731807 -0.39572358 1.5139523 1.0102278 -0.62565434
35 0.30649748 0.02593418 1.1502411 0.071574174 -0.79964256 1.462548 0.8110503 -0.54460764
28 -1.4877424 0.57957846 0.4253301 -0.16594559 0.26305905 -0.18671669 1.1358415 1.321632
38 0.4316957 -0.25811434 1.281752 -0.8880618 -0.4029793 1.3412739 1.0966225 -0.59748954
3 0.602035 0.15571807 0.20997187 0.47092304 0.93334115 -0.12641062 -1.545288 0.662902
14 0.99794817 0.014727843 1.1742088 -0.57414365 -0.6822943 1.8489314 0.9287898 -0.6680288
22 0.04110838 -0.58414274 0.84870636 1.6431623 -0.2641091 -0.10257507 -0.7549305 -0.0966884
