50 8
26 0.23182076 -0.19162269 0.41972795 -0.61499476 0.3525638 -1.0866498 0.2068017 0.32912463
13 0.35184786 -0.11823693 0.13266478 -0.72671807 0.72563565 -0.7704209 0.6226179 0.7420139
8 -0.07981012 -0.25854746 0.3504129 -0.42929694 0.18621477 -1.3091803 0.723736 0.3375621
40 0.1365909 -0.3227269 0.4235292 -0.47153524 0.496227 -0.81659794 0.81174004 0.489203
25 0.14516592 -0.10870031 0.14881353 -0.4480825 0.832977 -0.41018307 0.75019425 0.8760947
18 0.15473033 -0.16709188 0.2614038 -0.6789901 0.5011062 -0.8512816 0.7891199 0.75426716
31 0.36151376 -0.2654774 0.35276687 -0.6998954 0.5079585 -1.0664197 0.1938882 0.47062108
37 0.25088477 -0.096723475 -0.07601845 -0.46936205 1.1927078 -0.25305223 0.62066275 0.7918337
41 -0.8597051 0.56207407 0.18400265 -0.33311844 0.2870883 1.0090464 -0.18226156 -0.087606885
29 -0.07891755 -0.027159758 0.29971683 -0.5850214 0.32052937 -0.33221412 0.09334233 0.29968932
30 0.100852296 0.4878837 0.14843836 -0.08125307 1.286004 0.29667088 0.90379 0.82297355
38 -0.9074624 0.67384595 0.14115018 -0.24995035 0.48066184 1.3274406 -1.1542051 -0.74354637
12 0.4095427 -0.5460719 0.3103275 -0.90313315 0.4573916 -1.1717108 0.59565204 0.9197179
2 0.5637002 -0.5564791 0.26888824 -0.9482326 0.66054696 -1.0000299 0.37657034 0.85459906
28 -1.390829 0.20304035 0.3538227 -0.13652037 -0.5257212 0.09559046 -0.5517958 -1.2407762
6 -0.63879824 0.0043633333 0.5533799 -0.08837439 0.12559135 0.1535421 0.41253516 -0.40289575
45 -1.12742 0.4216558 0.30687127 -0.20060964 -0.0032283172 0.7806434 -1.204114 -1.1100485
39 0.0738279 0.2343169 0.5616041 -0.25116125 0.8958171 0.301565 0.8294374 0.8296086
48 -0.13211316 0.25156355 0.27854168 -0.13128898 0.8991367 0.0114730885 0.96458125 0.69895154
19 0.40266687 -0.63134104 0.42545843 -0.82613546 0.28015754 -1.770937 0.3045727 0.48349205
10 -1.1474086 -0.42679504 0.29630098 0.1791255 -0.38090536 -1.1200299 0.23168254 -0.92837703
24 0.51779556 -0.32418007 0.25841495 -0.9589932 0.6438775 -1.1390582 0.55626434 1.1091443
34 -1.183555 0.5143037 0.10009762 0.024615984 0.34565827 0.96319556 -1.1375407 -1.0081446
16 -0.47908768 0.14245296 0.43815133 -0.73113275 -0.089442424 0.2924768 -0.8740525 -0.34519875
21 0.44227463 -0.6091305 0.34700236 -0.6122552 0.6437427 -1.3892121 0.65700936 0.659734
23 0.63589257 -0.26959243 0.20379415 -0.957885 0.6799746 -1.3677111 0.36731988 0.89238626
27 -1.3926762 0.47732744 0.359326 0.03329654 -0.1804513 0.4321055 -1.183169 -1.4555708
17 -1.4008437 0.28478625 0.25803655 0.017982291 -0.10020906 0.33821854 -1.3043197 -1.4437486
43 -1.0377722 -0.0023007956 0.40965313 -0.22668695 -0.3094874 0.051164016 -0.9757088 -1.0680294
1 0.5697577 -0.39206073 0.093016304 -0.8957777 0.8196612 -1.0301373 0.19928117 0.83619326
9 -1.2751983 0.4963474 0.18727434 -0.0020469395 0.22519825 1.1524358 -1.2104654 -1.4204745
7 0.16485192 -0.7957348 0.28562817 -0.5421367 0.23751652 -1.9341489 -0.0042887162 0.04309435
4 -1.4437047 0.53285235 0.30561107 -0.03105055 -0.17821027 0.60127145 -1.2177991 -1.4188447
46 -0.8530087 0.40149304 0.49983603 0.14532952 0.05145444 -0.21573623 1.0545691 -0.11029349
36 -1.3822068 0.398249 0.34945148 -0.16581015 -0.31049475 0.5218252 -1.1799169 -1.4907812
44 -0.48797733 0.7063526 0.17427921 -0.061192404 0.7859604 0.7663961 1.1108109 0.22626096
33 -0.92935985 0.5058812 -0.20113984 -0.43544868 0.7049672 1.8965689 -0.87669116 -0.6392769
11 -0.9862486 0.5992881 -0.04050495 -0.1839799 0.49356335 1.0985222 -1.264027 -1.0347577
0 0.7449006 -0.8323758 0.2789289 -0.9198426 0.7041765 -1.8966058 -0.113589115 0.7195843
3 0.6427534 -0.5704368 0.2740712 -0.960886 0.5889327 -1.617636 0.08665518 0.64118433
14 -1.3401831 0.55940276 0.17550832 -0.28729534 -0.16333589 0.79548687 -1.4505557 -1.2753922
49 -1.674103 0.1477735 0.11048417 -0.24403928 -0.53015924 0.31665576 -1.2698213 -1.5892754
47 -1.5146056 0.22746779 0.105937146 -0.036303606 -0.26650167 0.47247902 -0.9784763 -1.4151428
5 -1.2756355 0.25123325 0.08412846 -0.21669608 -0.03710779 0.7161528 -1.4475006 -1.3338255
20 -1.4540879 0.20870307 0.34693614 0.09988044 -0.5787533 -0.41026103 -0.5879969 -1.4373641
15 0.74870837 -0.7582665 0.3425571 -1.1128746 0.50500065 -1.9049342 0.28390443 0.87042123
32 -0.24208312 0.39254123 0.01771013 -0.6730404 1.0429319 1.8642961 0.3313597 0.57763237
35 -0.25044176 0.2882623 0.14100088 -0.053467024 1.1898208 1.0256679 1.4372516 0.4446435
42 -0.6648149 -0.44574723 0.6169866 0.019308263 -0.27424467 -1.3339119 0.14903484 -0.73582935
22 -0.7022648 0.36144212 -0.34936234 -0.6341426 0.87457895 2.057658 0.083393335 0.31644964
