50 8
28 -0.5834159 0.349959 0.22702792 0.51399904 -0.5260889 -0.096410446 -0.62813467 -0.13173735
1 -0.5250402 0.34560746 0.3382791 0.664281 -0.59475213 -0.0291406 -0.17838416 -1.3300782
19 0.033844806 0.3529502 0.1471993 0.9463446 1.0569606 -0.48145452 -0.51272607 0.10892919
18 0.047825523 0.36450288 0.27136096 0.9578661 1.3095298 -0.26879933 -0.14766729 0.26804397
23 -0.37299457 1.2233702 -0.29319876 0.28213605 0.41129795 -0.2543123 -0.3094157 0.26155546
36 -0.5321129 0.47097418 0.34174004 0.46529922 -1.3407856 0.49541602 0.1407962 -0.55247295
24 -0.1354506 0.18836877 0.38556987 0.8891727 1.212724 -0.5613032 -0.5293666 -0.2393167
43 -0.38475475 -0.06832366 0.6797858 0.79858565 -0.15996464 -0.45136213 -0.40893942 -1.2210529
27 -0.57767427 0.31551638 0.5610127 0.3648469 -1.2525055 0.35442218 -0.14575519 -0.5819011
6 -1.0547197 0.22226097 -0.16913061 0.8128192 0.07200199 -0.5535917 -0.94657886 -0.43354002
45 -0.86005145 -0.13397987 0.39400816 0.7422566 -0.80226254 0.33092502 -0.55038255 -0.44881812
8 -0.23123756 0.62314165 -0.16549063 0.8199097 0.21793945 -0.5749167 -0.48324126 -0.1618708
40 -0.82540345 0.701275 -0.014221195 0.35482094 0.41918036 -0.68823063 -0.82338625 -0.327924
49 -0.304599 0.17862138 0.9574484 0.31288192 -1.3143458 0.56711185 0.2412439 -0.37926254
29 -0.84127074 1.0608994 -0.358007 0.2041194 -1.027411 0.26819894 -0.2780008 1.0616385
42 -0.45354226 -0.27850592 0.42005426 1.1461946 0.005883104 -0.034279436 -0.52223766 -1.0840583
39 -0.5858458 0.093095355 0.07642186 1.0844772 0.10538065 -0.23269908 -0.56339896 -1.2188772
16 -0.41374356 0.5986847 0.63357705 0.13228628 -1.3730258 -0.04514715 0.043179464 -0.9375594
20 -0.86900425 0.5546139 0.42012694 -0.010788721 -0.9199034 -0.038463414 -0.43350267 0.49263325
14 0.013998432 1.3796158 0.42665267 -0.3114434 -0.23080291 0.6177059 0.4008408 1.6716311
46 0.024381684 0.58020604 0.61237633 0.40060428 -0.8205529 0.45547464 0.53062123 0.060205966
17 -0.34602803 -0.37405634 1.1206051 0.71546406 -0.9943477 0.15481068 0.038722597 -0.9553705
30 0.3422557 0.41773373 0.43627885 0.9188766 0.8131554 -0.47692165 -0.05622551 -0.7720972
41 -0.120759465 1.0832555 0.39437243 0.04485009 -1.1595364 0.11170204 0.43731123 -0.6399299
31 -0.26785097 0.019732825 0.36283222 0.9692823 0.11801663 -0.72422314 -0.79535484 -1.1223518
35 0.28059313 0.99989533 0.5130185 0.20260246 1.289257 0.13277382 0.14804217 1.4963657
21 -0.09773111 1.1607572 0.25106722 -0.02081903 0.5940706 0.104082055 -0.011745911 1.8326635
25 -0.66724676 0.52266455 0.20556931 0.2471766 -0.8402903 0.0916975 -0.5829378 0.54207957
10 0.15220828 0.3685449 0.28576407 0.846165 1.221879 -0.23313822 -0.12479022 1.4082794
7 -0.0856121 0.70672244 0.14284146 0.64538413 1.4776936 -0.066759944 -0.028171232 1.232856
12 0.08995416 1.1165471 -0.069354385 0.45795926 1.0990831 -0.2610037 -0.06354493 1.2738096
13 -0.54862475 0.66895026 -0.3212151 0.7615405 0.92337155 -0.14923844 -0.3974222 1.191783
34 -0.09271125 0.7437387 0.6739595 0.14294246 -1.730363 0.84160346 0.72815347 0.13477312
38 -0.047340553 1.2601923 0.116665676 0.016113007 -0.9812575 0.39143774 0.23522994 0.59851956
26 -0.6678548 -0.39213827 0.5928195 0.8766931 0.073873445 -0.6411827 -1.0174826 -0.6129434
44 -0.35856253 -0.275159 0.5818114 1.0084431 -0.020759216 -0.43370697 -0.8861789 -1.2759218
4 -0.5645036 0.37257308 0.65299946 0.16172001 -1.6313131 0.34937912 0.15483999 0.41946703
3 0.16769771 1.2335005 0.30147693 0.16175495 0.87597775 0.22356357 0.33530474 1.2127895
33 0.4172068 1.4249332 0.54307604 -0.14043407 0.94650865 0.081409976 0.41146252 1.7604359
47 -0.14064504 -0.10145331 1.139174 0.55265987 -1.0699383 0.30283996 0.1178498 -1.0998741
9 0.054493636 0.5631754 0.7907002 0.23709384 -1.2980875 0.8742309 0.80740047 0.71605605
22 0.743289 0.20105703 1.3054596 0.60313946 1.1671379 -0.20017113 0.08208918 -0.6968192
11 -0.25940853 0.5360673 0.76666445 0.044878677 -1.6928198 0.9028843 0.34026974 1.0911357
15 0.46791515 0.35469925 1.074631 0.46853256 1.335567 -0.019265829 0.26239753 1.119299
2 0.68596405 0.7072334 0.7047663 0.60314465 1.4738725 0.2719278 0.63700306 1.470979
32 0.53728646 0.39023244 0.7988053 0.73274255 1.62259 -0.37904105 0.35471013 1.2763213
37 0.77386576 0.6656231 1.5217775 0.032881517 0.92879575 0.46446973 1.091985 1.4634142
5 0.18636371 0.12741919 1.3283077 0.25240812 -0.8916176 0.61899954 0.56572086 0.30485767
0 0.8365234 0.548998 0.79351485 0.8493783 2.1928718 0.11750548 0.46395952 1.3479924
48 0.15857881 0.70914114 -0.1600604 1.0426558 -0.1001548 -0.7054124 -0.18887006 -1.6171063
