50 8
43 -0.78493094 0.37772483 0.21613759 0.19501656 -0.4465137 -0.3942264 0.36346728 -0.18467645
19 -0.30856255 -0.29728204 0.46295458 0.88119346 -0.003935443 -0.8024739 -0.4130166 0.35148323
23 -0.46446583 0.13293493 0.31573305 0.52243304 -0.18543227 -0.5201755 0.11727983 0.10186708
40 -0.88738936 -0.21639541 0.4591116 0.6649307 0.30018595 -0.669365 -0.010070595 0.124293976
29 -0.9560876 -0.08198666 0.19911844 0.5021381 -0.078393295 -0.7764189 0.0675799 -0.11393966
24 -0.7328198 -0.15731525 0.2867579 0.48777384 0.10855293 -1.1440432 -0.4796138 0.19743097
26 -1.1983628 -0.19739753 0.71912885 0.22336783 0.20284992 -0.81518495 -0.19275002 -0.02774783
28 -0.02675893 0.56080747 -0.059651777 0.22025163 -1.1580156 -0.7001164 0.27973458 -0.4908183
18 -0.95260674 -0.32189265 0.85918266 0.50334346 0.45504403 -0.63313586 -0.6226511 0.40203533
45 -0.2022034 0.8207772 -0.28967327 0.39642206 -0.41649428 -0.14717148 0.44321182 -0.5288303
42 -1.1292323 -0.042243324 0.3109849 0.32617962 -0.23034157 -0.8521873 0.618578 0.06984248
35 0.60354143 0.77106905 1.069113 0.43459198 0.04850568 0.47277373 -0.23898697 1.1980987
46 -0.4654756 0.3135923 -0.090091996 0.13273397 -1.1439631 -1.0561805 0.5544453 -0.06600158
31 -1.1588904 -0.296001 0.46520305 0.541801 0.16871856 -0.69247633 -0.16591829 -0.08320838
3 -0.28057328 -0.08590793 0.14656037 0.5889452 -0.20229849 -1.2494307 -0.4372645 0.19741312
1 0.43694028 1.4560415 0.044823498 0.41727975 -0.19822095 0.9476337 0.31214982 -0.28671712
25 0.6303717 1.1668432 0.22546367 0.28903395 -0.24503703 0.4479571 -0.92960817 0.46758813
17 -0.5515637 1.0537237 0.39730218 -0.10959175 -0.18666804 0.5115806 0.06187552 -0.80089617
39 -0.7188928 0.45964268 0.4405346 0.5032085 0.6534502 0.430814 -0.30506948 0.12055488
8 -1.1068478 -0.22820681 0.077183895 0.40022683 -0.14726183 -1.3657463 -0.14489235 0.045405533
15 -1.180438 -0.105668515 0.20617595 0.37334973 -0.10996934 -0.8964027 0.10591934 -0.43010515
20 -0.12785275 0.62635916 -0.067884475 0.10299985 -1.1365721 -0.6766031 0.21945144 -0.49088472
7 -0.9908389 -0.35554364 -0.03965302 0.65987855 -0.1692588 -1.242182 -0.13184644 0.10835221
44 -0.9849504 -0.38583225 0.8365518 0.5388349 0.32901534 -0.68631506 -0.5932317 0.15911566
6 -1.1676004 -0.30018535 0.152259 0.3614116 -0.52929884 -1.3738695 0.38556957 -0.15105598
13 -0.38132846 -0.40534684 -0.005761771 1.1370285 -0.09442347 -0.9366653 -0.40567935 0.23216096
41 0.62870306 1.756121 0.111596785 0.34816638 -0.19014516 1.2991805 0.18821673 -0.06841854
0 -1.2547278 -0.21244177 0.76129705 0.37542486 0.60140085 -0.5618718 -0.3738668 0.30180332
12 -0.35848832 -0.31647754 0.087660015 0.8490857 -0.3877989 -1.3522983 0.14093457 0.36460394
27 -0.29775512 1.4351406 -0.9102565 0.039099433 -0.811685 0.2643971 -0.058322977 -1.3350693
10 -0.24741372 0.050185293 -0.10690277 0.40518916 -0.84372103 -1.5614023 0.1418155 -0.14314966
21 -0.53039986 -0.34089637 0.33593956 0.6531167 -0.1456147 -1.3245741 -0.34290227 0.72800756
38 0.4311469 1.6620803 -0.5044346 0.21282351 -0.73633957 0.65782386 0.018692851 -0.9534057
4 0.8742282 1.7467033 -0.3730599 0.36505774 -1.0443558 0.7482406 0.48268813 -0.46270782
2 -1.0979526 -0.23183781 1.0168964 0.5367608 0.74520344 -0.11060667 -0.4875742 0.46690384
16 0.2602452 1.6806229 0.38294023 -0.14507599 -0.114488676 0.854526 0.18433855 -0.31952855
36 0.66370195 1.8266153 -0.35445824 0.32817706 -0.65399164 0.93955123 0.38675663 -0.43740496
32 -0.02200909 0.32496235 0.9450754 0.7357422 0.69277906 0.30573046 -0.48854157 1.0343735
49 0.17839125 2.0104008 -0.11147245 -0.123314016 -0.6430406 1.3423401 0.2889944 -0.8777791
34 0.4270889 1.6639274 0.055674493 0.27532303 -0.25528818 1.0101181 0.48941857 -0.63945603
5 0.57999265 1.8704156 0.031953063 -0.14655721 -0.7990957 0.6745349 0.4451239 -0.1149622
11 0.7969579 1.9508334 0.12967302 0.20646112 -0.7354321 1.4990067 0.27711093 -0.32197478
14 0.7487034 1.9180421 -0.108060844 0.52180463 -0.072916366 1.7124007 -0.39492488 -0.12467624
22 -0.56143254 -0.18150103 1.1986674 0.83180237 1.1451496 -0.0176863 -0.7337711 0.66458374
47 0.79322803 1.9300104 -0.21405989 0.4816921 -0.11426292 1.427582 -0.09723977 -0.30571544
30 -0.65621126 0.23011819 0.9579073 0.68761003 1.4019761 0.44244808 -0.74398464 0.7336216
33 1.6441759 1.0724807 0.8632782 0.6889277 0.5214024 -0.0061122137 -0.8916613 1.0460372
9 0.9607973 2.2045298 0.06319605 0.16365169 -0.6811614 1.4214687 0.4891389 -0.2057163
37 0.21425498 -0.335305 1.2810707 1.4071851 1.0336334 -0.09008839 -0.34752265 1.0799164
48 1.2117305 1.6980052 0.58821464 0.5418083 0.1304832 1.4227862 -0.36677775 0.4179548
