50 8
46 -0.4755082 0.79318845 1.1108596 -0.4217955 0.008444932 0.20678043 0.17465928 -0.40366623
1 -0.40388322 0.38170892 1.2361239 -0.9724473 0.12032109 0.7199234 0.42373633 -0.44360846
36 -0.7389914 0.23580754 0.8449096 -0.81963557 0.42569122 0.7555436 0.49260837 -0.19780952
16 -0.31856176 -0.04534138 0.8680832 -1.0474725 -0.043050747 1.2187061 0.42827624 0.21589278
42 -1.0581188 0.31004703 0.9693191 -0.8465457 0.49526185 0.40656433 0.6001028 -0.3493982
31 -1.2567044 -0.19967829 0.22170863 -0.24438 1.0099635 0.19380328 0.52318424 0.2462604
28 -0.8902178 0.017250666 0.59794116 -1.030149 0.45844474 1.1113261 0.7589372 0.22657593
17 -0.48800203 0.29017535 1.100337 -0.99806595 0.24010643 0.360237 0.5362834 -0.11277182
45 -1.2390101 0.23045202 0.74673593 -0.7671293 0.73727554 0.45029035 0.8750276 -0.21757092
43 -0.72484446 -0.29484168 0.44716385 -0.7975244 0.75477284 0.9051083 0.6244835 0.24759169
34 -0.3977096 -0.2878432 0.85111547 -1.1129913 0.033627942 1.0883849 0.4709529 0.35229543
38 -0.50305617 -0.24175991 0.7777722 -0.8408634 0.10072287 1.1195482 0.48300567 0.2510171
40 -0.14644551 0.109060526 -0.1863897 1.1805173 0.83971274 -0.38878104 -0.10800688 0.63539314
41 -0.5812964 -0.4717069 0.49691465 -0.85899806 0.39333174 0.9785293 0.48784336 0.547605
27 -0.71291584 -0.19425341 0.6156041 -1.0376819 0.33453706 1.084816 0.6930323 0.43846077
8 -0.055604093 -0.1859019 -0.3206974 1.2189627 0.8284058 -0.31003994 -0.3604312 0.87438846
44 -0.64840066 -0.9222161 -0.12549847 -0.07019789 1.0015861 0.6291823 0.39711356 0.74517894
20 -0.21805935 -0.13250326 0.93158513 -1.0357583 -0.2223992 0.75526124 0.20896012 0.53042316
18 0.4093074 -0.40766615 -0.3743399 1.5392702 0.6754677 -0.26885983 -0.7520623 1.0382379
6 -1.0234596 -0.30701944 0.38165203 -0.67886597 0.69655764 0.5398459 0.6652998 0.5171362
7 0.91569144 0.41999456 0.3733483 1.4613445 0.28716716 -0.7412491 -0.9146095 0.3659013
49 -0.41247982 0.25093228 1.2542322 -1.0948571 -0.11907545 0.7092706 0.29828018 -0.11291812
12 0.9651936 0.2582954 0.23314816 1.7402964 0.34428337 -0.69398975 -1.1400189 0.45642245
26 -0.89478326 -0.57838523 -0.18012702 0.10740988 0.9446691 0.38326323 0.59467375 0.8416606
10 0.8464421 0.26442367 0.28801686 0.7523174 -0.35699886 -0.15342243 -0.7755782 1.073433
14 1.2151992 0.15956634 0.7220719 0.4606101 -0.7015863 0.27452382 -0.97032315 0.648433
4 -0.105755 -0.0035619915 1.1338696 -1.2200843 -0.36354917 1.0445808 0.2025533 0.28024763
24 -0.3328044 0.9984974 0.77266926 1.0217427 0.23505545 -0.759202 -0.28620735 -0.41223374
39 -1.3072511 -0.0866829 0.04801317 -0.056741636 1.1154727 0.3680718 0.751251 0.26692358
48 -0.8833314 -0.3610858 0.34593943 -0.62571156 0.63082165 0.94419503 0.561308 0.3520446
13 0.7259098 -0.21468271 -0.42211342 1.854472 0.5005973 -0.32914084 -0.9740588 1.1768068
19 0.6905175 0.64117503 0.46415538 1.4408613 0.22379519 -1.0367877 -0.9880346 0.29310027
29 0.12893167 -0.88600814 -0.122733176 -0.2374146 0.6637383 0.7348658 0.008773829 1.1612086
47 -0.8462106 0.25705186 0.97529304 -0.8243746 0.5536787 0.50173026 0.62114507 -0.35598522
21 0.95252854 0.4237305 0.25004593 1.6530943 0.13114913 -0.56264913 -1.1174779 0.42310295
3 0.8803695 0.6725503 0.35311756 1.7139229 0.4330645 -1.0331751 -0.9551328 0.22921675
33 1.3152279 0.34911045 0.3875472 1.771725 -0.1246687 -0.41315243 -1.2121401 0.46362337
0 0.53953576 0.84216064 0.50792533 1.8029101 0.4175043 -1.133618 -0.93244255 -0.10631931
35 1.007055 0.24147063 0.27293155 1.946742 0.22632162 -0.91097283 -1.2180849 0.5061966
32 0.9211213 0.13534343 0.13050623 1.7506889 0.34873194 -0.68138254 -1.1406931 0.62412316
2 0.36127087 0.6765531 0.3330894 1.8352282 0.52479345 -1.090009 -0.7766903 0.079313815
25 1.0605507 -0.68572444 0.028154226 0.3633801 0.060972136 0.8251162 -0.48936188 1.0420387
11 -0.047268268 -0.110344835 1.253511 -1.3943334 -0.47447243 1.1855507 0.16071336 0.24175145
15 -0.55418813 1.0969198 0.9792541 0.6468625 -0.018285256 -0.31510916 -0.021691011 -0.64945614
22 0.88827467 0.22477427 0.16440308 1.8902365 0.31397963 -0.7857666 -1.2039988 0.57648146
30 0.37404013 0.05581548 -0.251911 1.9604641 0.78748333 -0.5503382 -0.7693612 0.5825503
37 1.0274091 -0.047480352 -0.0029895725 1.9334723 0.27346733 -0.7177385 -1.115898 0.9086545
23 0.75787485 1.1502005 1.0099689 1.0316767 -0.28107443 -0.52387184 -0.66188884 -0.33000535
9 0.65986305 -0.017482417 1.275275 -1.0507516 -0.6135697 0.49916846 -0.042602606 0.47451895
5 0.3430164 0.45423892 1.2755278 -0.89109 -0.5642155 0.51938945 0.044492017 0.22973244
