50 8
27 0.11997093 1.1000365 0.82268673 0.2671134 0.57510704 -1.8688263 -0.17413266 0.8696902
18 0.9210649 -1.1034607 -0.3061137 0.163484 0.6277565 1.5749506 -0.6517397 -1.0521188
34 -0.17298095 2.490598 -0.46292713 0.37787747 0.2065679 -1.7907257 0.14923993 1.0474851
0 -0.6719823 -0.6272134 -1.1263386 -1.3066127 0.18778898 1.8594123 -0.28651193 -2.6150136
36 0.09229956 1.964695 0.5450378 -0.23209557 -0.1424704 -1.5905284 0.13207816 0.97939295
4 -0.608205 1.9275174 0.32946756 0.34730202 0.18407011 -1.5737716 -0.25920293 1.1801267
38 0.2404977 1.947668 -0.21185192 0.8102985 0.078675725 -2.2888036 -0.2125601 0.7253688
20 -0.30741635 0.22525947 1.4120566 0.12729493 0.31149447 -1.5493103 -1.1800956 0.8464127
16 0.29077235 1.0881262 0.27166244 0.31098336 0.32508108 -2.0587733 -0.13156766 0.17415234
2 -0.72036046 -0.3135099 -1.2329241 -1.0833567 0.37001964 1.9590752 0.1703188 -2.8318024
15 -0.43415534 -0.6022518 -0.67452985 -1.9259641 0.9461453 0.91995114 0.60690856 -2.6520376
12 -1.514113 -0.8063577 -1.0268352 -0.3078099 0.38980812 2.287289 -1.0266875 -2.0551014
1 0.42992672 1.4629928 0.87117076 -0.42411053 -0.23470703 -1.2039291 0.26989728 0.7038014
8 0.21789223 -1.1115036 1.155793 0.15986846 0.7859559 -0.090189606 -1.6385964 0.59184515
11 -0.21414079 2.6097646 0.6747279 0.021633033 -0.5266613 -1.1650302 0.356129 1.1476007
26 1.159957 -0.55757856 1.102039 0.13878201 0.6126587 -0.6811189 -0.81593984 0.51184434
21 -1.2030663 -0.01209103 -1.5827873 -0.26564515 -0.22774743 2.9921548 -0.69454116 -1.9303334
40 1.0615503 -1.3358067 0.1322598 0.069185436 0.853368 1.130843 -0.9141898 -0.49108964
6 0.0015568814 -0.49176887 1.4931291 0.40928763 0.46963504 -0.87232584 -1.3543082 0.59462196
3 -1.3674978 -0.42174006 -1.3514738 -1.1744742 0.32272992 2.0382593 -0.2737491 -2.798404
41 -0.089774385 2.3457284 -0.23472513 0.5727698 -0.07893702 -1.7673576 -0.11661081 1.0332028
28 -0.55931556 0.40064397 1.9515043 -0.5576667 -0.3439039 -1.0705421 -1.2719775 1.1378418
9 -0.3016829 2.5449076 0.72961044 0.11858695 -0.5200699 -0.84210324 0.48845026 1.0904362
31 1.6510328 -0.8072758 0.15733138 -0.16407055 0.97441465 0.1624386 -0.15256186 -0.31073517
14 -0.74830896 2.608611 -0.35269493 0.6685081 -0.35991478 -0.5370485 0.11435464 1.0343007
23 -0.31498796 -0.24818864 -0.7642768 -1.80885 0.73979944 -0.0034089612 0.26925313 -1.9711964
29 0.92883456 -0.19302659 0.1387073 0.47355908 1.0628384 -1.4394479 -0.49235094 -0.064734906
30 1.8204598 -0.993581 -0.22322388 0.75217086 0.756304 2.0504174 -0.59476626 0.104354575
43 1.0125424 0.35355145 1.2601882 0.094554916 0.13629074 -0.14394517 -0.09690608 0.850477
19 -1.1305469 -0.19399972 -1.4060268 -1.3325236 0.4169756 1.1441643 0.080908984 -2.8989856
7 -0.19307841 -1.2746599 0.3810606 0.08185854 0.60776174 0.2713319 -1.4964732 -0.685337
32 -0.45131987 0.3560467 -1.4523088 0.98378474 -0.68789285 3.9874182 -0.56931937 -1.502427
33 -0.9430167 0.57842666 -1.6672729 1.3864162 -0.4208955 3.4530807 -0.8096448 -1.2009892
35 -0.21480064 0.37608704 -1.7297367 1.3627648 -0.3746331 3.9555726 -0.5484808 -1.2109598
17 -0.057339363 0.7829526 1.5621669 -0.9874998 -0.15026449 -0.99582726 0.5162508 -0.34383053
42 0.65546274 -0.65071666 1.0712063 -0.86958355 0.5280844 -0.048215523 -0.04003577 -0.7455992
13 -0.35252067 -1.1934708 0.29947457 0.56038374 0.55636406 1.0228688 -1.8588314 -0.021044059
24 -0.4739217 -0.58023876 -1.304186 -2.0699842 0.4290142 0.7928385 0.12136988 -3.0531366
5 -0.66331017 1.7340895 1.8619231 -0.4758189 -0.020868145 -0.105392076 0.71641964 1.167136
25 0.5447252 1.0908238 -1.0761226 0.20503898 0.50773275 -1.6095214 -0.15284643 -0.09583682
39 2.0994208 -0.85622823 -0.13084486 0.61580324 0.61064315 1.1974057 -0.36854708 -0.34532896
44 1.3385007 -0.30605313 0.7438838 -0.31896868 0.68053174 -1.0863957 -0.35620418 0.20968053
10 -0.60400045 -0.36598954 2.2536364 0.36495999 -0.1006477 -0.61530924 -1.6930367 0.9353986
45 0.7126406 0.5843259 1.3017641 -1.4976594 0.008725306 -0.8747752 0.36875543 0.15120381
37 0.13093677 0.06561643 -1.3816968 1.3327317 -0.21719508 3.845945 -0.5493559 -1.0439961
22 0.8447467 0.029780533 -0.9993264 1.3139298 0.06407716 3.8174272 -0.115208365 -0.46840453
49 0.38763797 1.6733724 1.9013022 -0.7333067 -0.6270414 -0.7746645 0.58140105 0.86724097
46 -0.6276392 2.4041982 0.57602847 0.033967707 -0.12169359 -1.3017501 0.57890654 0.763831
48 0.18939863 2.2729104 -0.15964814 0.48187962 0.06584385 -1.1029288 0.30452266 1.1037291
47 -0.19755995 2.8346014 0.9312592 -0.0904968 -0.7402103 -0.30600953 0.94520444 0.9867175
