50 8
23 -0.13050269 0.106824405 0.6795108 0.27660438 -0.18582645 0.84912133 0.45195365 0.03761036
1 -0.40430123 0.5777068 0.6865613 0.46680632 -0.7677489 -0.29202077 -0.25070885 -0.61988497
36 -0.49149626 0.7477128 0.5873766 0.33458894 -1.0586723 -0.25928152 -0.1286481 -0.6732073
24 -0.19143493 0.11672647 0.2475368 0.47235197 0.69850606 0.8298573 0.59925103 0.5478481
38 -0.124359936 0.9186171 0.63427114 0.06664273 -0.58983546 -0.064724945 -0.07635909 -0.430438
42 -0.73463565 0.6136235 0.44070286 0.43996143 -0.1945658 -0.41956434 -0.21241859 -0.68086594
28 -0.75968283 0.41994846 0.7103077 0.41161013 -0.63850945 -0.49380058 -0.30908412 -0.6999208
44 -0.45478818 0.7618648 0.29492578 0.47782946 -0.47486502 -0.9731712 -0.4915619 0.050872326
27 -0.67575413 0.5570796 0.5429167 0.4540862 -0.9979484 -0.39187008 -0.08363393 -0.56420124
43 -0.68406576 0.5032254 0.54871106 0.5090512 -0.8781323 -0.68440956 -0.30061966 -0.4438709
41 -0.29076824 1.102489 0.45719525 0.27481586 -0.8260156 -0.49733505 -0.33040822 -0.5253278
17 -0.60912997 0.0832084 0.8916746 0.537025 -0.60089564 0.3285063 -0.22658467 -0.83661014
9 0.41590557 0.6237167 0.92709726 -0.38922778 -0.8090025 0.9099418 0.2797732 0.46234608
10 -0.37353152 0.082492776 0.43643302 0.5485107 0.20757627 0.38153425 0.5671987 -0.029021095
48 -0.45051527 0.89524573 0.22201386 0.5326516 -0.6005921 -1.0163504 -0.21974213 -0.19488654
20 -0.7864585 0.34568906 0.7033935 0.45937955 -0.50169706 -1.099678 -0.48313582 -0.37002963
49 -0.20154977 0.49400073 1.1784424 -0.0336893 -1.129744 0.31263554 -0.3201524 -0.6278059
46 -0.37854415 -0.020894734 0.42424405 0.6862906 -0.21032882 0.31625304 0.50560254 -0.041095436
39 -0.576724 0.95494133 0.1443937 0.6135042 -0.6437868 -1.2125173 -0.36328658 -0.21487406
18 -0.28483412 0.30414155 -0.1751833 0.6035322 1.17662 -0.62985045 0.25621942 1.3950264
29 -0.6171553 1.0975459 0.1502312 0.38334665 -0.72929054 -0.8966269 -0.139229 -0.35444173
16 -0.1173675 0.99821657 0.73714477 0.08197463 -1.2117065 -0.36063436 -0.025459891 -0.55295724
6 -0.71757305 0.2998735 0.48562664 0.6646106 -0.43613988 -1.0814351 -0.3943109 -0.16300501
26 -0.8561781 0.42122248 0.34353343 0.6318678 -0.115542166 -1.1087459 -0.35615495 -0.23597312
19 -0.26249564 -0.30825362 0.29073372 0.51833314 1.2555197 1.0723875 0.6495481 0.9916704
21 0.006102279 -0.19336072 0.59039336 0.14079809 1.1857216 1.2638028 0.6187528 1.1014295
25 0.63137275 0.7717385 0.839491 -0.3289766 -0.27634755 0.34618506 -0.099207066 0.7885718
15 -0.43752447 -0.34013954 0.3521605 0.62418747 1.0183749 0.9446112 0.6714546 0.47668114
31 -0.8975484 0.31119284 0.22683196 0.8794164 -0.1444191 -1.2488029 -0.32701805 -0.17978965
45 -0.39236802 0.36167097 0.45516542 0.6823114 0.023623725 0.62472326 0.102469824 -0.76932114
4 -0.089300044 0.6636794 0.90663224 -0.024966693 -1.2727026 0.52717316 0.11619909 -0.49601015
8 -0.8658301 0.27523968 0.21341814 0.8768376 0.23978883 -1.2172533 -0.3467563 -0.073778644
40 -0.4107537 0.8294202 -0.29721898 0.31144083 1.1775784 -0.618727 0.31512624 0.8965571
33 0.47944072 0.38203248 0.2006059 0.19872226 1.4074192 0.65269387 0.6085814 1.6302805
35 0.21232483 0.025894199 0.3331164 0.28394735 1.4898485 0.5989698 0.5884129 1.4622284
3 0.02873863 -0.15080576 0.4299924 0.20194373 1.520092 1.1791724 0.5719795 1.432776
34 0.1956361 1.2330686 0.7803199 -0.0064513637 -1.4579508 -0.50853 -0.60729957 -0.17982551
2 0.1683255 0.13393196 0.24575794 0.26341966 1.4857757 0.97889924 0.70006526 1.3745914
32 0.34140185 0.16901292 0.2929697 0.19155097 1.3556646 0.812479 0.9009757 1.4918305
13 -0.36460644 0.31401128 -0.20198108 0.5926439 0.9523681 -0.6073653 0.5361237 1.3273323
47 -0.6464385 0.8029864 0.67872036 0.17859912 -1.0859494 -0.2808218 -0.43843067 -0.73546475
30 -0.12839107 0.24745697 -0.12272439 0.5304383 1.7638614 0.23787524 0.6159336 1.4158742
7 -0.2141034 -0.10230625 0.13827969 0.47096688 1.7521043 0.564783 0.57565373 1.3686454
0 0.0046486324 -0.08311154 0.27587423 0.305532 1.5834647 0.6516397 0.7183697 1.6611656
37 0.26299354 0.21330203 0.3751283 -0.013574043 1.3676317 1.097722 0.7995207 1.4562788
22 -0.050844908 -0.27437675 0.29151428 0.63528496 1.6021355 0.8578091 0.49642554 1.1854218
14 0.92311877 1.1258796 0.26901188 -0.24905403 0.053267945 1.5940894 0.65731937 1.0350343
12 0.37338543 0.2140965 0.17113242 0.33231798 1.5196024 0.494089 0.49291155 1.7323766
5 0.014339085 -0.12780677 1.1509446 0.39438963 -0.9983651 1.2055916 -0.15734476 -0.22054632
11 0.37964207 0.78069985 1.1047678 -0.21328284 -1.4353848 0.8548325 -0.37794968 -0.060308933
