50 8
40 -0.22590014 0.17466918 -0.13481162 0.81840825 0.6044599 0.46887046 0.015195862 1.202365
43 -0.6313747 0.16961429 0.16499028 0.738848 -1.0047779 -0.07448966 -0.013542425 -0.5439263
18 -0.07464425 0.010707977 0.025410654 0.8861767 0.36921322 0.34271792 0.21445914 1.5722554
39 -0.20505527 0.119944766 -0.041698217 0.6725714 0.6881092 0.07069065 -0.3862825 1.3105481
19 -0.11692632 0.12894538 -0.13001272 0.7932169 0.36899838 0.31431636 -0.086466335 1.3446714
28 -0.600459 0.17104392 0.51383036 0.6034472 -0.95588565 0.13357195 -0.33887592 -0.99631596
23 0.096688166 0.4851387 0.1558413 0.4480971 0.76140386 -0.06952039 -0.1207965 1.3819348
46 -0.07337888 0.2871786 0.15138482 0.59455127 0.50554913 -0.07177521 -0.035965104 1.1401557
2 0.07321475 0.5255211 0.24320675 0.36529014 0.5307748 -0.15432233 -0.17127131 1.1275641
31 -0.23541917 -0.28789502 -0.39469558 1.2001028 0.14168938 0.016431632 -0.40700182 1.23043
25 -0.21071349 0.7396235 0.6922897 -0.016089642 -0.35474357 -0.15444836 -0.6135208 -0.5933334
12 -0.1062004 0.15757489 -0.105800256 0.7239018 0.31677604 -0.14060947 -0.28948927 1.3492161
26 -0.3548076 -0.02519143 -0.36554843 0.994889 -0.4007001 -0.36247236 -0.41704354 0.56764805
30 -0.08462027 0.09088741 -0.0794644 0.92692405 0.7269771 0.30097836 -0.058439318 1.2978741
48 0.28129333 0.8994121 -0.35483333 0.5753816 -0.64356565 -0.6715489 -0.33297318 0.10574314
0 -0.3230785 0.21735586 -0.07622257 0.56819504 0.5000418 0.47449237 -0.026811695 1.3430356
44 -0.0076990467 0.19408618 0.252125 0.72573566 0.4415323 -0.0042539644 0.15129207 1.1757314
29 0.12950727 0.48018792 -0.020086952 0.4509231 -0.38226303 -0.48611602 -0.2964679 0.9950348
3 0.26797175 0.6320034 0.30567116 0.45518446 0.8876941 0.1290147 0.086492024 1.2293154
15 -0.29165083 0.6746584 0.65123606 0.18950425 0.19561246 -0.02411592 0.40291056 0.13912506
14 -0.6834963 1.0731051 1.1945466 -0.6415989 -0.06659387 0.36509404 -0.12545754 -1.0134184
42 -0.72203094 0.060209252 -0.8080913 1.3116432 -0.5231622 0.2114162 0.3193137 0.13882722
24 0.083598904 0.5510543 0.00781776 0.4966758 0.98217785 0.20692106 -0.078288294 1.4978127
41 -0.60258 0.90510416 1.0029874 -0.07263281 -0.43505594 0.030438308 -0.06920929 -1.4571278
11 -0.66161495 1.096717 1.4249767 -0.8052499 -0.058752753 0.4918221 -0.024289068 -0.8641081
45 -0.6139799 0.91351604 0.9291753 -0.20731793 -0.45297062 0.2688304 -0.38980156 -1.4845959
8 0.29906964 0.26411676 -0.6073197 1.1027973 -0.40480793 -0.8098123 -0.25398582 1.383409
32 0.3288235 1.2749547 1.120332 -0.48736003 0.56073284 0.3530875 0.44458172 0.77520466
7 -0.542816 -0.17230485 -0.4376507 1.1028916 -0.3196096 -0.2452864 -0.37528726 0.55158937
20 -0.7467595 0.55607563 0.8103645 0.16589195 -0.8132038 -0.22887209 -0.6132801 -1.5873132
6 -0.61475754 -0.10975275 -0.38903293 1.0888925 -0.95244 -0.37190628 -0.62180656 -0.2500265
10 -0.625903 0.20187955 -0.30709034 0.9934068 -1.1152902 -0.12171588 -0.33755305 -0.90330726
1 0.032897435 0.94433856 0.86971194 -0.06098155 1.1303304 0.45329854 0.53950155 0.8102285
36 -0.6507734 1.031309 0.6366368 0.00953546 -0.9475216 0.02335984 -0.1089021 -1.6330158
34 0.0699408 1.2035043 1.2769971 -0.311886 -0.43626434 -0.3604487 -0.6601749 -1.4355932
47 -0.90046346 0.85848045 0.6894988 -0.17399423 -0.4501243 0.52282065 -0.18965754 -1.2956666
38 -0.108590305 1.169791 0.76836866 -0.19629942 -0.28113934 -0.2692506 -0.570334 -1.1899638
21 0.10114847 0.90220714 1.0134137 -0.35123733 0.97653526 0.32146448 0.04316233 1.1003487
22 -0.26586026 0.29563057 0.8083214 0.40401164 0.7334832 0.2784855 0.266819 0.44630063
17 -0.6897899 0.27036 0.7975639 0.38541144 -0.61730313 0.11044286 -0.33589974 -1.3237897
49 -1.0125699 -0.027531626 0.8100874 0.5811462 -0.78883404 0.46970612 -0.28262138 -1.4660889
9 -0.65443027 0.9594672 0.5813385 0.11765576 -1.2887995 -0.04133906 0.008749504 -1.6537099
16 -0.25909585 0.9801544 0.9729551 -0.11408221 -0.99344593 -0.48826316 -0.4217244 -1.3502036
37 0.056207214 0.7454589 0.7275864 -0.03537335 1.1852546 0.38075373 0.18656224 1.3761065
27 -1.1571021 0.25792903 0.62322646 0.12516926 -0.9018591 0.14455514 -0.7740801 -1.4388467
4 -0.4891025 1.060443 1.0401428 -0.16693649 -1.0087922 -0.20015535 -0.29969335 -1.7560856
13 -0.47166607 -0.0533804 -0.81552863 1.3993913 -0.53216815 -0.1610551 0.0549852 0.5773722
33 0.21808726 1.091928 0.8903941 -0.2341167 0.9727494 0.09671834 0.32056347 0.8330055
5 -0.5580168 0.7499929 0.70025796 0.26316974 -0.7644956 0.3710325 -0.09583922 -1.5719885
35 0.19171733 0.7375299 0.28065163 0.23841543 1.0891886 0.07772621 -0.022124765 1.5256679
