50 8
43 -0.4224786 0.030270876 0.67042035 -0.32856265 0.5877869 0.46176633 -0.20340276 0.23235191
24 -0.27010375 0.25461417 0.5855826 0.8242365 0.27767104 -0.31280008 -0.25796363 0.53911084
1 0.17654058 -0.47101802 0.80332035 0.11322922 0.17245927 0.7410978 -0.09843949 -0.6719411
23 0.20557041 0.59157175 0.42886052 0.5968304 0.28900436 0.7284826 -0.19549763 -0.42079186
29 -0.22292124 0.34796122 0.2964355 -0.10160167 0.6834683 0.94011843 0.3131681 0.34683806
48 -0.13503212 -0.18483452 0.61023325 -0.08763548 0.2857993 0.6439888 0.5988087 0.6198256
42 -0.67246896 -0.49853066 1.1328199 -0.1722886 0.31563905 -0.54325217 0.12475847 0.936416
26 -0.5129849 -0.06413966 0.897981 -0.0986176 0.33524054 -0.2417979 0.35797405 0.97605014
28 -0.3991224 0.5012307 0.48917586 -0.51057935 0.6724291 1.1176075 -0.057994407 0.06649705
2 -0.17751387 -0.13124667 0.50088674 0.99759084 0.23240499 -0.42284364 -0.09614795 0.96164817
25 0.24742158 -0.25234517 0.47931543 0.27615854 0.3068355 0.89316577 0.03958411 -0.31038448
39 0.33328328 -0.5171073 0.48692372 1.1450899 0.23009254 -0.3976958 -0.15663213 0.6269259
38 0.3344166 0.27770668 0.5295196 0.2786696 0.30141363 1.0827398 0.0065928875 -0.8056281
41 0.2018415 0.094594724 0.54076755 -0.15077014 0.5277861 1.1014857 0.36053187 -0.43459368
45 -0.5428416 0.18131778 0.9873657 -0.7547274 0.5680791 0.43340126 0.27252316 0.13410026
6 -0.7976278 -0.6293218 1.1148527 -0.14791295 0.25867885 -0.53219837 0.12401365 1.0176733
4 0.07736931 -0.18843742 0.75914276 -0.47739685 0.41496792 1.1533445 0.52721363 -0.40570354
9 0.5390676 0.028218104 0.83698374 -0.11299279 0.3388356 1.0287312 0.42951548 -1.0027922
34 0.1871927 0.33161634 0.61797917 -0.21822134 0.42873406 1.2124237 0.13590786 -0.5810227
36 0.09699177 0.416558 0.8637558 -0.27995417 0.3664147 1.0866339 0.3858306 -0.96409744
16 0.22825953 -0.50693125 0.7244173 -0.39232108 0.33854115 1.2490764 0.65381 -0.43708563
44 -0.18178208 -0.6526646 0.6409917 0.48751166 0.49751404 -0.6553132 -0.2767273 1.2114451
27 -0.3215285 0.04146349 0.8187189 -0.988878 0.670411 1.0323036 0.19896683 -0.09891361
19 -0.2277947 0.380083 0.21265304 1.1602039 0.5941288 -0.5001234 -0.4398091 1.1532829
31 -0.35982642 0.19231772 0.4336412 0.98842007 0.33708525 -0.57061476 -0.37113467 1.2009383
20 -0.3601465 -0.24910192 0.7136948 -0.6446767 0.605676 0.7855796 0.34349427 0.26993093
21 0.18655975 0.6930964 0.14536884 0.9053678 0.25105378 1.018226 -0.4112971 -0.49945703
40 -0.099295616 0.14178115 -0.0019809736 1.2160598 0.38136706 0.05770975 0.0016401575 1.373942
46 0.002151615 0.17994167 0.8773923 -0.5548819 0.42182007 1.125741 0.049951747 -0.7400514
17 -0.5746051 0.0061431844 1.0747838 -1.064529 0.69322336 0.6753782 0.07874062 -0.32529712
18 -0.10516303 -0.49369684 0.5526207 1.0970783 0.2576348 -0.775875 -0.2022484 1.2895467
14 0.3125978 0.5694132 0.6193036 0.17493874 0.23938312 1.3256316 -0.10690314 -1.1983371
7 -0.5271461 0.50343794 0.34883666 0.7674834 0.5415569 -0.46255907 -0.018633533 1.6198164
33 0.90757895 -0.16965832 0.17879243 1.4759887 -0.009828944 0.7059201 -0.035109356 -0.35903627
13 -0.110879056 0.68605936 0.4514356 1.4818784 0.20713784 -0.7479291 -0.21689838 0.89955544
10 -0.8357806 0.18811877 0.54986304 -0.47072238 0.56973153 0.7848742 0.090343386 0.59408534
49 -0.008559478 0.13615891 0.6929178 -0.3812275 0.46190152 1.5110908 -0.12667648 -1.1894275
15 -0.699036 0.345759 0.8777247 0.734466 0.13286078 -0.90839076 -0.29250267 1.0488789
0 -0.10380605 -0.20845525 0.3323648 1.2093298 0.41520622 -0.722823 -0.25928244 1.4364814
30 0.13758355 -0.674929 0.9090589 1.1749927 0.12315316 -1.1989641 -0.4552209 0.69058347
11 0.35646328 0.10310836 0.43793052 0.1131558 0.46287638 1.4660478 -0.5162215 -1.2692512
8 -0.66966236 -0.2824832 0.61799705 0.37407523 0.49800104 -0.5924378 -0.11600957 1.6029149
12 -0.093502134 1.2687943 0.42864406 1.2591882 0.42292887 -0.54171103 -0.47517598 0.3733104
37 0.75913316 -0.84636235 0.52070135 1.5661466 -0.08159229 -0.28682944 0.4073697 0.2678449
5 -0.007988087 0.11693439 1.0660399 -0.7567315 0.3893007 1.0978007 0.32823023 -0.8156931
35 0.44130555 -1.2419602 0.9437347 0.6069719 0.25015458 -0.6288145 -0.44195965 0.12549631
22 0.30015022 -1.2158524 1.0737492 0.48621503 0.068180166 -0.41833445 -0.68130386 -0.2363978
3 0.27909663 0.9315061 0.17055474 2.0364442 0.31310058 -0.6379003 -0.814825 0.56242776
32 0.57966536 -0.23152688 0.5160525 1.7099612 -0.017320087 -0.4124825 -0.6556609 -0.23078503
47 -0.3060363 -0.67628396 1.0946136 -0.68495035 0.2628247 0.88921154 -0.14570065 -0.7465282
