50 8
1 -0.39930287 0.4201097 0.7115082 0.06977266 -0.040998347 -0.055559494 -0.0639012 -1.0501552
36 -0.8488353 0.35777238 0.63065904 0.14322071 -0.3498726 0.13428958 0.15439762 -1.3744878
14 0.024938365 0.95823777 0.5269903 0.38261038 0.25160086 0.7877978 -0.4277367 0.5668519
27 -0.8388283 -0.027668659 0.45344827 0.28852567 -0.5092372 -0.54957396 -0.11694672 -1.3795567
31 -0.6005539 0.16103171 0.11815061 0.45580244 -0.41440776 -0.7227617 -0.12835465 -1.0425738
4 -0.43013743 0.7573541 0.7432859 0.10605054 0.041237403 0.6989374 0.10206927 -0.7376224
48 -0.3116409 0.12538792 1.0350313 0.07899734 -0.1919984 0.008280022 -0.33957943 -0.76212865
28 -0.49413052 0.14523879 0.4952807 0.18883365 -0.5896405 -0.61793995 0.09871767 -1.5208299
34 -0.6284183 0.7817889 0.38843697 0.09372727 -0.19135988 0.37627122 -0.40936655 -1.0075744
29 0.2813291 0.806227 -0.2164989 0.5181269 -0.1464178 -0.697369 -0.32605097 0.25948745
13 0.41072965 0.8924985 -0.5370154 0.9539946 0.0558381 -0.7027092 0.1955029 0.85765857
43 -0.8005824 0.2647442 0.56344867 0.14204484 -0.2637701 -0.22792137 0.097826995 -1.478419
17 -0.87827617 -0.081863225 1.2675452 -0.022154626 -0.07801832 0.06505253 0.068308756 -1.1143949
45 -0.8772008 0.02731092 0.5772304 0.23638052 -0.38314176 -0.4295107 0.2885921 -1.3090664
25 0.48027733 1.2321376 -0.0042782575 0.47532323 0.13578348 0.111324474 -0.49327323 0.89369357
16 -0.40903476 0.53782827 0.9794071 -0.2996012 -0.38787368 0.004070885 0.09123453 -1.329547
23 0.26393217 0.2625063 0.56884325 0.5589395 -0.18079056 -0.44562772 0.024576562 1.4418293
47 -0.76947296 0.16959321 0.73749626 0.071309485 -0.2526642 -0.1479966 -0.04132178 -1.4377208
40 -0.35101205 0.42137378 -0.03236831 0.24550827 -0.377295 -1.0891767 0.15228453 -0.96212125
20 -0.36028317 0.62004334 0.14477512 0.13632773 -0.21388726 -0.5714599 0.039187215 -1.2272824
19 0.33453724 0.68894446 0.32619345 0.8392332 0.34488443 0.21498422 -0.20456003 1.6436337
41 -0.73351884 0.28966132 0.16795394 0.3193245 -0.24974257 -0.49432784 -0.048329312 -1.4422666
6 -0.58639455 0.0288437 0.036175184 0.50749075 -0.64609164 -1.0144981 0.15233171 -0.9969367
24 0.3878193 0.5110098 0.49864826 0.740319 0.40142468 0.021733794 -0.21769124 1.6418037
46 -0.822185 -0.22831671 1.1497386 0.363308 -0.118820064 0.3889146 0.0967809 -0.11392707
5 -0.6517419 -0.037543923 1.3070867 0.25628528 -0.08197826 0.72697985 -0.11483996 -0.07951542
49 -0.89939934 0.1836657 1.2102575 -0.0031011223 -0.018423265 0.5250645 -0.21993169 -1.1942194
9 -0.6202848 0.84809273 0.70562404 0.014634827 -0.026968386 0.837093 0.0675049 -0.53468096
12 0.5719358 0.56547415 -0.13705888 0.8401196 0.09960447 -1.0011042 0.51286215 1.272051
39 -0.8214969 0.21971078 0.19906761 0.20268975 -0.5824361 -0.7520704 -0.08853779 -1.454276
21 0.5025721 0.93013227 0.78587353 0.40266675 0.5650216 0.6252525 -0.18214972 1.3443929
38 -0.50889397 0.6401666 0.013457308 0.104950756 -0.3850911 -0.6764371 -0.34724456 -1.2001663
22 0.53789544 0.64690083 0.53548956 0.7550176 0.4586017 0.15132214 -0.17192453 1.6475642
18 0.40806922 0.60346586 -0.08333428 0.91992295 -0.017524913 -0.544154 0.046545785 1.5543804
33 0.5017095 0.7542551 0.53810716 0.7247152 0.5055376 0.22596736 -0.3023604 1.7472653
8 -0.10739206 0.15017761 -0.42299756 0.6598795 -0.579318 -1.6260208 0.42485183 -0.18917549
42 -0.97659653 -0.53704965 0.93578136 0.32459113 -0.3658071 -0.6336161 0.16940737 -0.8865038
10 -0.014553452 0.3952561 0.18460916 0.635354 -0.21912082 -0.3262572 0.75766206 0.30915675
26 -0.38578168 0.016220558 0.049796607 0.44890115 -0.4399352 -1.3363811 0.4384749 -0.580925
32 0.63454354 0.96947706 0.431956 0.573768 0.3281179 0.14600247 0.05335374 1.4007386
35 0.59907377 0.84955794 0.5599148 0.560801 0.4234414 0.18708085 -0.052962974 1.7511958
30 0.6523856 0.620156 0.16537374 1.0083656 0.25844544 -0.31013802 0.30535772 1.9380573
44 -0.3115521 0.6163395 -0.7124968 0.55231524 -0.5253647 -1.3403009 -0.21887784 -1.099057
7 0.32209808 0.37903512 0.12973526 1.0900232 0.31366086 -0.31219643 0.06965769 1.7491186
0 0.35324654 0.2385647 0.8979999 0.80364436 0.32284155 0.25899163 -0.07107681 1.7337257
2 0.5856443 0.90481144 0.024105681 0.8845898 0.29695377 -0.15838766 0.046018217 1.8193698
3 0.48660472 0.6206424 0.39105222 0.9057022 0.41137075 0.031711943 -0.08527564 1.9794056
15 0.05472907 -0.41735774 1.3866502 0.49875185 0.01653843 -0.16634887 0.102243096 1.3435041
37 0.4647006 0.8169483 0.81230664 0.46636075 0.52683586 0.44079545 0.0018686783 1.5861546
11 -0.7594499 0.43752584 1.5518564 -0.25273475 -0.10629363 1.2815533 -0.5963176 -0.92266047
