50 8
23 0.031544335 1.0109504 0.05348053 0.28753808 0.6537861 -0.4116202 -0.3107502 0.16368842
42 -0.078978576 -0.019867076 0.61470133 0.416203 -0.60335857 -1.1163307 -0.27531984 -0.6753141
31 -0.6963312 -0.30035865 0.3653768 0.6130575 0.48236284 -0.9175833 0.072534226 -0.833453
19 -0.82199395 0.25627047 0.17727244 0.17623876 0.5378458 -0.67231363 -0.48347455 -0.6583494
18 -0.45732832 0.006172745 0.21002708 0.46934828 0.8599632 -1.2420422 -0.0017209155 -0.42737818
48 -0.15660356 1.3340075 0.15463349 0.29127097 0.19300146 0.6206655 0.21652883 0.26344818
43 -0.94476074 0.3624063 0.53297216 0.5248056 -0.47104713 0.7427072 0.6411885 -0.25036073
36 0.007868696 1.0997641 0.36607704 0.5697405 -1.0504396 0.6883628 0.09311315 0.2790339
46 0.02812728 0.07090671 0.45179567 0.55299866 -0.67308974 -1.0668017 -0.47931898 -0.7267647
40 -0.704465 0.28639498 0.057471044 0.6279906 1.2139204 -0.62588847 0.40228927 0.19094992
28 -0.19935049 -0.17121567 0.89790905 0.5152719 -1.4549947 -0.7804143 0.42893305 -0.7674302
39 -0.55442816 0.568436 -0.03176197 0.53648996 1.2366196 -0.30151406 -0.082221575 -0.09554685
12 -0.8879092 0.54038924 -0.070999734 0.48743778 0.5533968 -0.17072928 0.57558405 0.27835292
25 0.27967477 1.0469474 0.35014153 0.2729743 -0.5024985 -0.35992178 -0.34933802 0.32268316
1 0.4130247 1.1975778 0.6266846 0.4935343 0.06300326 0.550161 -0.24672994 0.41225308
22 0.054864474 0.7465957 0.18067336 0.5618014 1.143865 -0.30021152 -0.6353428 -0.017344877
30 -0.97664684 0.13588256 -0.05572983 0.5920563 1.1582234 -0.41631654 0.66670245 -0.43453118
34 0.18647449 1.5754052 0.2953968 0.45576057 -0.34126 0.772179 0.07519059 1.001226
16 0.2509778 0.5955798 0.8348978 0.4632324 -1.389842 0.10814877 -0.0973489 -0.5689416
6 -0.51629394 -0.4324547 0.5553739 0.76272327 -1.068753 -1.022545 0.20605722 -0.827711
13 -0.49776265 0.0088598365 0.06789116 0.830834 -0.4005576 -1.1003903 0.67976606 0.19924763
33 -0.24929816 1.5954049 0.10548777 0.14265409 0.84604305 0.8693611 -0.20337082 0.52880675
37 -0.4817687 0.51919615 0.27143142 0.23828389 1.2707087 -0.7145144 -0.23969659 0.114884555
32 -0.09355467 1.6111482 -0.13496406 0.22963332 0.4950135 0.3424724 0.3733617 0.8023898
4 0.1335671 0.83845925 0.91205364 0.38522804 -1.7309204 0.6116011 -0.04424925 -0.21884555
45 0.7236293 0.7020133 0.5888285 0.32223916 -1.0728853 -0.9514838 -0.50221926 -0.36706752
41 -0.78643435 0.23817514 0.8933969 0.28175154 -0.54125994 0.45413566 0.8696107 -0.44268095
26 -0.92267436 -0.74934775 0.9786027 0.49598616 -0.6297754 -0.86835074 0.22478996 -0.99233156
17 -0.9359203 -0.43733844 1.0989412 0.32112852 -0.30424607 -0.07243212 -0.64748675 -1.3393215
21 -0.7839288 0.993501 0.053315096 0.45639107 0.102201134 0.4994134 0.95282185 0.943415
20 0.6235713 0.74317324 0.78040886 0.2597534 -1.9413992 -0.8407065 -0.11821711 -0.059009217
14 0.33510548 1.59092 0.13695316 0.5166584 -0.8804183 0.66627717 -0.20930763 0.6112035
35 -0.730717 1.1148065 0.13309723 0.1598538 1.0890827 0.28447372 0.17497192 0.82151675
44 -0.013986418 0.07536339 0.11087659 0.7076336 0.04470073 -1.6566477 -0.2521709 0.06994458
24 -0.850504 0.31140336 0.23095961 0.41289735 1.3959532 -0.13944288 -0.30049035 -0.42289823
49 0.31331214 1.0189286 1.0312996 0.17635989 -1.3914067 0.62479365 -0.3589749 -0.3245838
29 0.20088676 0.5729785 0.30202094 0.5496393 -1.1288774 -0.92057335 -0.045430318 0.24426037
15 -0.6429277 0.17848693 0.9557218 0.20053993 1.544582 -0.0651564 -0.44402945 -0.46137285
47 -0.064738505 1.600445 -0.24151798 0.471209 0.8168719 0.80458903 -0.23070829 0.33252347
3 -0.55803174 1.0106373 -0.37786108 0.29113373 1.3897747 -0.20377481 -0.16580436 -0.13593979
5 -0.058829345 0.6160078 1.0640162 0.23506376 -1.5267869 0.59217465 -0.4291189 -0.73080236
38 -0.07329635 1.2014681 0.4285255 0.17302616 -1.9040823 0.5297569 -0.03623805 -0.0994581
9 0.020199485 1.1465458 0.97870517 -0.13820982 -1.2941085 0.58893454 0.029570406 -0.17193162
2 -0.67278594 0.37928143 0.30351865 0.51149553 1.8231008 0.012578628 -0.41138 -0.36095804
8 -0.37107524 -0.1463783 0.18374671 0.58675385 -0.49823007 -1.5251487 0.29747593 -0.46342167
7 -1.0304669 -0.24344924 -0.005455018 0.44010082 0.36567292 -1.4504105 0.6882803 -0.38620096
0 -0.82933396 -0.14261 0.33385342 0.47587314 1.7322631 -0.9092893 -0.3121076 -0.5502827
27 -0.7712054 -0.1513107 1.165066 0.56371874 -1.4315896 0.71012473 0.25928226 -1.0217357
10 -0.8295101 -0.31691793 1.1198076 0.4834345 -1.3798983 0.082564645 0.91330963 -0.88166195
11 0.6156001 1.5965908 0.7090902 0.412305 -1.3534814 0.8657921 -0.34294352 0.7090215
