50 8
43 -0.6074791 -0.44396093 0.38948318 -0.42463523 0.80793595 0.84021235 0.4035015 0.48010024
1 -0.49621746 -0.48777628 0.50549716 -0.43730396 0.9186368 0.8993356 0.38658592 0.22157623
6 -0.24393614 -0.013908731 0.15774855 -0.0893452 1.202197 0.11691218 0.31704208 0.8856664
39 -0.19392245 0.0030125827 0.0782471 0.3457451 1.0636832 0.15869725 0.22714955 0.6761052
40 0.06415184 0.25372726 0.080166474 0.3056501 0.6687922 0.3707795 0.19766909 0.5937035
23 0.10187499 0.4134971 -0.010487243 1.0524898 0.8116253 -0.3626002 -0.21045445 0.7389866
38 0.51222235 -0.42065874 0.64466274 0.016357558 0.12537423 1.0654135 0.45543152 -0.3164797
34 -0.15342112 -0.54513425 0.45194817 -0.31064728 0.81173277 0.96358794 0.42631263 0.122687206
28 -0.93888724 -0.20413563 0.2811442 -0.49488238 0.6996409 0.9931569 0.44361153 0.56681615
41 -0.5484101 -0.62654334 0.1852357 -0.2985648 1.4149148 0.63597226 0.5168499 0.5648649
29 0.3184825 0.114253916 0.12574002 0.57373 1.0146755 -0.16542129 0.10668184 0.6709752
27 -0.65848356 -0.49901518 0.33937758 -0.77094936 1.1295958 0.79098195 0.5232022 0.8016808
36 -0.77075565 -0.43313837 0.47650555 -0.5939249 0.80831224 0.9800482 0.5255659 0.38823897
25 0.86348623 0.15458356 0.7258021 0.65246564 -0.23648022 -0.20978391 -0.08391609 0.35578158
13 0.39560124 0.57159054 -0.017207243 0.86748785 0.27242276 0.15230167 -0.19374426 0.6339424
18 0.5435057 0.7843655 0.26693106 1.5759621 -0.06582493 -0.5760662 -0.5615512 0.52126604
42 -0.75158536 -0.25854853 0.370857 -0.5612929 1.0845639 0.50051606 0.18869105 0.881336
8 -0.43142328 0.3168829 -0.19340794 0.36232492 1.159519 -0.14994222 0.17346953 1.2700425
49 -0.6817006 -0.6050086 0.61766636 -0.5882523 0.42127013 1.3389195 0.69510585 0.028731525
44 -0.11797356 -0.7249859 0.23412211 -0.24088456 1.720919 0.524954 0.4237028 0.41053364
31 -0.28751436 0.20325544 -0.12717202 0.20735262 0.994139 0.32649326 0.14139806 0.90887165
26 -0.571881 0.060217958 0.26256245 -0.34381148 0.7970973 -0.17992026 0.205193 1.5158824
7 0.5104725 0.83149123 0.2714297 1.6028714 -0.12646222 -0.6074111 -0.45687371 0.60839087
45 -0.99542916 -0.33819917 0.4762554 -0.5640623 0.79352033 1.1391953 0.45481274 0.26648054
20 -0.49347177 -0.5512625 0.41394585 -0.49962005 0.5827644 0.7607023 0.5275674 0.7032845
19 0.68256646 0.819422 0.17285895 1.3645556 -0.033145677 -0.4504543 -0.59808296 0.71564037
33 0.8030383 0.26027963 0.6195084 1.5995675 -1.0915028 0.6054211 0.10329218 -0.59716
17 -0.78185356 -0.17095473 0.777348 -0.7264677 -0.055296846 0.8618433 0.3166193 0.50858647
48 0.4518092 0.0049198964 0.4069791 0.18689366 0.33914122 0.5591486 0.12504716 0.19966497
16 -0.42096195 -0.6131605 0.5484461 -0.751318 0.7792772 0.8085513 0.7709882 0.5933394
24 0.6527579 0.8691804 0.42559707 1.3332199 -0.15087235 -0.67000514 -0.7223389 0.6926935
9 -0.38692275 -0.36119848 1.2228813 -0.8959241 -0.7051198 0.9890912 0.24330167 0.23459445
12 0.6671025 0.5040645 0.6315964 1.343717 -0.474182 -0.212395 -0.64999735 0.13147883
30 0.873285 0.061722174 1.0820808 1.1602992 0.05262825 -0.82327175 -0.7914865 0.04532459
4 -1.0340624 -0.3026843 0.8198226 -1.1027758 0.006274652 1.2230439 0.54125947 0.49753332
46 -1.0161159 -0.34254596 0.8438404 -1.0154849 0.3643353 1.1382266 0.39349446 0.3665882
3 0.95370096 0.77015436 0.52710253 1.615169 -0.42881453 -0.3569271 -0.7593459 0.14820927
10 -1.2456949 0.61510533 0.0010283623 0.45811084 -0.28580323 0.35518193 -0.08194617 1.150425
35 1.2941923 0.5891065 0.9835466 1.3875049 -0.971042 -0.21316124 -0.3808251 -0.1856672
21 0.35145736 1.154216 0.52923566 1.4039215 -1.2493379 0.0583398 -0.75234175 0.32006225
32 1.1062534 0.7542106 0.72401416 1.5987058 -0.8911042 -0.17253655 -0.24680035 -0.1164157
37 0.5099653 0.43928432 1.1034316 1.2368511 -1.7941216 0.35271913 -0.16323029 -0.38741845
47 0.13897835 -0.4537389 0.7883899 0.59798187 -0.21230924 0.9805683 0.118744604 -0.7467024
2 1.3348944 0.6664439 0.9354785 1.7528542 -1.0659614 -0.61239856 -0.50232124 0.03710196
14 0.78531647 -0.084670916 1.2005308 0.53239006 -1.2598215 0.9699451 0.045132294 -0.7659873
0 1.2015094 0.7103876 0.8636974 1.8800182 -1.1092542 -0.4501247 -0.5895851 -0.08981936
5 -0.21143022 -0.20451179 1.2104667 -0.5746807 -1.0217065 1.2106695 0.29892212 -0.18035057
15 0.55072874 1.2706673 0.7433115 1.4068315 -1.4025034 -0.4975999 -0.6809595 0.6018982
11 -0.35920542 -0.8435674 1.2832738 -0.9306306 -0.49016476 1.5652883 0.26579836 -0.34022358
22 0.78576136 0.44185424 1.3113202 1.5150421 -1.4341741 -0.43644577 -0.8726243 -0.17804515
