50 8
49 -0.831876 -0.19803219 0.9364291 -0.7145262 0.38477808 1.0099053 0.24761839 -0.35448048
16 0.15228958 -0.06408857 0.7000536 -0.46382067 0.035870988 0.6183455 0.29588613 0.14083293
1 -0.6122109 -0.392428 0.9664496 -0.42440003 0.6161876 0.91073203 0.3433257 -0.5728903
20 -1.1735322 -0.20522793 0.6249745 -0.3089579 0.63888544 0.9208228 0.7922157 -0.6479997
48 1.2033137 0.29915938 0.29269016 0.6646248 -0.256513 -0.5538291 -0.4204219 1.3909266
4 -1.316934 -0.18922357 0.80116075 -0.5680727 0.34532383 1.0015453 0.5015262 -0.43422547
19 1.01001 0.4447819 0.2431469 0.7578342 -0.1683238 -0.7171396 -0.60599643 1.4498605
28 -1.519662 -0.12334574 0.5894488 -0.39292398 0.5590517 1.2046223 0.67877847 -0.6924798
42 -1.5935773 -0.29268473 0.5681932 -0.37258804 0.79082745 1.0182003 0.59115624 -0.59746027
34 -0.8122587 -0.35038847 1.1081846 -0.82716507 0.25028774 1.2210709 0.17683546 -0.42032972
14 1.1918702 0.21757625 0.7178838 0.20840113 -0.048858896 -0.38296485 -0.6175351 0.96993583
17 -0.84012604 -0.35733023 0.49516138 -0.24852869 0.3758373 0.8432051 0.59686136 -0.22935437
43 -1.5119952 -0.29647252 0.51629037 -0.31016594 0.6001372 1.0154238 0.70338845 -0.5512626
24 1.1165985 0.4374568 0.27503294 0.8778263 -0.22518966 -0.60460186 -0.53551066 1.2934818
45 -1.7520571 -0.084202066 0.4040854 -0.11480218 0.46477804 1.2306303 0.8273443 -0.69148076
7 1.0808352 0.41666815 -0.30761978 1.3774264 -0.10277941 -0.94288623 -0.008738099 1.5154979
36 -1.1196996 -0.17779711 1.0865152 -0.75938547 0.48609236 1.1943612 0.17502029 -0.6800762
10 0.27620438 0.3598641 -0.0011544437 0.71918136 -0.25406808 -0.24970664 0.065405004 0.96915704
27 -1.3373488 -0.31038496 0.692946 -0.56629586 0.729921 1.1699384 0.84242165 -0.7046538
31 -1.817638 -0.10823089 0.39607677 -0.24857803 0.59367836 1.2372001 0.7782026 -0.60970277
29 0.94338304 0.27103457 0.5440339 0.33397245 -0.097951606 -0.29207838 -0.2301809 0.8312345
38 -0.9179425 -0.29881692 1.0884967 -0.7841106 0.45252156 1.1668032 0.3802953 -0.6630716
6 -1.7351942 -0.06362967 0.048404824 0.3763974 0.5900973 0.81963587 1.0265442 -0.62597024
11 -0.3184408 -0.40809464 1.1079872 -0.80547154 0.028344542 1.0440019 0.08767929 -0.17958438
41 -1.7283306 -0.21025068 0.45171553 -0.13515234 0.7147759 1.1553538 0.9138467 -0.84219337
33 1.4886967 0.45346564 -0.018178869 1.4358658 -0.16525382 -0.94804436 -0.14374791 1.4340382
18 0.46788958 0.3458636 -0.3520867 1.3949051 -0.13652194 -0.7990397 -0.014365841 1.3787305
22 1.2034465 0.21929285 0.27455422 0.8059539 0.0150987655 -0.95580065 -0.40434003 1.3988013
37 1.1236476 0.198535 -0.05751577 1.2661647 -0.37641513 -0.89106846 -0.14071955 1.609536
15 0.7610204 0.7081504 0.33341414 0.6751564 -0.04507462 -0.48716682 -0.4763488 0.92846894
3 1.1682228 0.5973434 0.16977352 1.0268202 -0.1720202 -0.65555054 -0.56527793 1.3560654
0 1.4510931 0.35655576 0.13095893 0.9328127 -0.4142063 -0.78131694 -0.36672345 1.6786532
44 -1.8079716 -0.36351156 0.7079596 -0.55285656 0.75774944 1.3078442 0.89795834 -0.9268446
46 -1.8392438 -0.16420427 0.48633888 -0.16089913 0.56500745 1.0371304 0.91674966 -0.7267414
25 1.4741515 0.45755425 0.48635772 0.47985637 -0.19502883 -0.49379694 -0.5193398 1.2088921
21 1.5306144 0.50262403 0.31334752 0.9432426 -0.36896873 -0.77800566 -0.5740716 1.5706336
5 1.0688413 0.4189902 0.38133115 0.54836315 0.15746097 -0.4121915 -0.038448613 0.73996276
35 1.4044741 0.26257506 0.12312733 1.085779 -0.29086575 -0.98548275 -0.253702 1.660504
8 -1.487814 -0.0064651407 -0.41515306 0.7755643 0.33953163 0.57928807 0.8733896 -0.117020994
47 -1.7109286 -0.27304518 0.61033404 -0.22564624 0.66213775 1.1848925 0.8364348 -0.87031126
9 0.5668667 -0.1492837 1.1192926 -0.48098773 -0.02659995 0.18288614 0.038551185 0.20793521
40 -1.8687856 -0.2786894 0.25975206 -0.0849191 0.5548122 1.3521253 1.1200469 -0.77540404
2 1.51805 0.6008095 0.20729265 1.0722997 -0.31361926 -0.8683316 -0.3245021 1.4520609
32 1.3924481 0.5691736 -0.12290396 1.2450618 -0.31757087 -0.97133213 -0.20551789 1.6865292
39 -1.7978704 -0.20995498 0.48066545 -0.2909349 0.61592835 1.3150507 1.0414505 -0.88225406
12 1.1803323 0.77944225 -0.2407562 1.681455 -0.036875207 -1.0963295 -0.2933583 1.4405364
30 1.1547573 0.6166239 -0.17121615 1.5088664 -0.21574587 -1.0451362 -0.120830156 1.4209863
13 1.0842854 0.51355624 -0.20824042 1.2465519 -0.2624677 -0.9619001 -0.3110401 1.7556568
26 -1.3453721 0.030986948 -0.3639922 0.74640715 0.14936614 -0.10492175 0.5388205 0.4660033
23 0.3227618 0.009170981 0.8752841 -0.042706497 0.60564715 0.34040675 0.14218403 -0.4227921
