50 8
12 0.4142117 -1.7856028 0.09172116 -0.1775319 1.3657732 0.44836807 -1.3968779 -0.31013757
7 0.66612554 -1.4423994 1.1578753 0.42909512 0.788542 -0.29941997 -0.7446022 0.58244264
18 1.8872241 -0.6887 -0.2561142 0.4547683 0.68124837 0.74361897 -0.8170503 0.0025284386
3 0.0146449255 -1.5585979 -0.7341682 -0.15075985 1.7565434 0.7632721 -1.6599658 -1.2146581
4 -1.3390421 2.1672556 0.47336507 -0.32844034 -0.5849306 -0.8998178 0.16704528 0.06648487
0 0.45328367 -1.5278661 -0.3146627 0.10429437 1.4587783 1.170535 -1.4769794 -1.3040166
14 -0.8205218 2.3579607 -0.13094145 -0.730882 0.065700166 -0.50241053 0.75839096 -0.6777855
9 -1.0790654 1.9860916 0.9379908 -1.6757355 -0.22041039 -0.63508964 0.7999521 -0.14895165
11 -1.1304369 2.554037 -0.15931855 -1.2500983 -0.28920698 -0.20690262 0.4003897 -0.85989165
13 0.5359517 -0.8918415 1.4984478 1.2497289 0.26143596 -0.4178592 -0.65161556 1.114621
19 -0.3337947 -1.0291995 0.3666564 0.02008461 0.97776973 0.07093196 -0.9574762 -1.1212157
10 -0.50802666 -0.32191253 2.0349267 1.1403991 -0.018317537 -0.7364043 -0.42732915 1.15824
40 1.286295 -1.0872637 -0.13172595 0.5359601 1.0850475 0.28449845 -0.8036508 -0.058063846
15 0.29154828 -1.4518155 -0.05043882 -0.7781204 1.5323248 1.6069062 -1.2480073 -0.933529
24 -0.14043944 -1.5154161 -0.117842555 -0.16736047 1.5246705 0.8165593 -1.4324687 -0.817993
8 1.4613026 -0.99556106 1.4240098 0.741942 -0.16439472 -0.6839274 -0.7892258 1.4983121
36 -1.1100053 2.6403112 -0.09536796 -0.52427095 -0.6027722 -0.51656425 0.12350175 0.2473223
34 0.0187028 2.3300486 -0.9508857 -0.47907427 -0.07367088 -1.0442888 0.5401146 -0.5383186
27 -1.2012298 1.0209521 2.1089473 -0.66920716 -0.3633413 -0.8131718 0.55807143 -0.011362622
31 1.3057607 -1.1514114 0.7546849 0.43410882 0.6511287 -0.5997961 -0.4976614 0.49240807
21 0.44156143 -1.3998845 -0.30103782 -0.28115532 1.4062209 0.85246295 -1.164662 -1.4341102
6 0.21421836 -0.57680005 2.0494697 -0.24553294 -0.052335843 -0.854827 -0.16412435 1.1515348
23 -0.06415377 -1.1571386 -0.33062798 -0.2658385 1.7117043 0.8232712 -0.9271343 -1.0897976
28 -1.7726296 1.1563406 1.1369017 -0.4699862 -0.57048565 -1.079658 -0.48641592 0.5239937
30 2.3519392 -0.1429595 -0.019801611 0.85592973 -0.047137883 0.59388554 -0.74080926 1.3169667
2 0.6581809 -0.7891343 -0.9441697 -0.01622448 1.2174128 1.2370688 -1.3227527 -1.099021
25 0.71020633 1.9236728 -1.4411167 0.18229853 -0.32136154 -0.9205806 -0.123873845 0.13447078
20 -1.3250132 0.683528 1.6880823 0.78831774 -0.39540067 -1.00789 -0.3705487 1.3149081
1 -1.1256641 0.9428615 0.11400791 -0.8679638 0.42521468 0.40494514 -0.22833526 -0.31533295
26 1.4098053 -0.8649461 1.5506462 0.64703053 0.39892876 -1.209813 0.31659374 0.5471635
5 -1.1680448 2.0096214 1.2674392 -1.6379554 -0.17539011 0.08423786 0.9859919 -0.71662796
16 0.56230193 1.4602807 0.77186406 -0.6409264 -0.36067912 -2.0086958 1.1924393 -0.4695982
38 -1.288842 1.5681885 0.66298914 1.0973955 -0.4739595 -0.31142765 -0.42816764 0.91159683
39 1.19571 -0.58446294 -0.3615152 0.43875086 0.8821375 0.1535538 -0.5558681 -0.27631783
35 0.59133506 1.6423501 -1.4756067 0.60742486 -0.13155712 1.4844699 -1.0344859 -0.1860206
37 1.4318155 0.42740405 -1.3842813 0.47423518 0.3800104 2.0962398 -1.4568624 0.14009902
17 -0.8021549 0.938797 1.5742209 -1.629607 0.15659921 -0.5791981 0.9710472 -0.838638
41 -0.20719431 2.2600863 -0.83267885 0.13161132 -0.41559124 -0.38193494 -0.13529013 0.2630899
43 0.050152715 -0.5772568 1.4687006 0.4737482 0.34942502 -0.6692371 -0.2968803 0.8373188
29 1.8129634 0.032606103 -0.52847403 0.3436955 0.7826277 -1.8529716 0.568339 0.103130415
32 1.1571687 1.712672 -1.3707849 1.1139908 -0.29584554 1.7516205 -0.981642 0.5975188
33 0.8827931 2.188795 -1.1849983 0.18783085 -0.6654674 1.2427669 -0.6969646 0.8226189
22 1.5748101 1.8836908 -1.4644992 0.74526 -0.4004294 2.2044797 -1.0102782 0.74592555
44 1.5443305 0.018493783 -0.070327595 0.3876647 0.38247022 -0.44616717 -0.031879958 0.028982978
45 -0.13969238 1.5925114 0.07998663 -0.68912065 0.1419136 -0.6966976 0.71505463 -0.39106622
42 -0.3077342 -0.06601244 1.2903829 0.28725803 0.333795 -0.35504812 -0.11767194 0.3466671
49 -0.787099 1.6526713 0.18515292 -1.6987803 0.036132753 -0.149201 0.41838285 -1.1346372
47 -0.15629183 2.5482173 -0.5788374 -1.2913393 -0.41433638 1.0178359 0.081464276 -0.20194657
46 -0.80726975 1.766777 1.2887504 -1.6338984 -0.17460437 -0.97094977 1.0910827 -0.5546718
48 0.6206573 0.15178537 -0.71536696 -0.06608863 1.0230618 -0.73569113 0.15034647 -1.0137471
