50 8
1 -0.23181063 0.7049415 -0.015795475 0.70602673 -0.41740298 -0.071711 -0.10150592 -0.6719526
43 -0.56922907 0.4961781 0.07111832 0.6676764 -0.7565232 -0.2587834 0.112114266 -0.8971382
38 -0.40476826 0.70476377 0.19207346 0.5801928 -0.7952769 -0.44206393 -0.058785554 -1.1972349
42 -0.69504416 0.6571416 -0.3239417 0.6688747 -0.65992063 -0.45536447 -0.07121073 -1.0411085
28 -0.4477819 0.80022776 -0.34744257 0.82008034 -0.79814476 -0.2019281 -0.020338785 -0.99260604
48 -0.2396137 0.6704805 0.063267134 0.7786 -0.7863541 -0.18347646 -0.05903336 -0.8519239
44 -0.5029823 0.15000866 -0.48305002 0.6576173 -0.5401203 -1.2300938 -0.016959662 -0.5586224
41 -0.4010282 0.800821 -0.3132961 0.77231616 -0.7373294 -0.33619967 -0.069412544 -1.0218437
16 -0.22763437 0.7866908 0.6099769 0.6035694 -0.89105713 -0.04520893 -0.10896916 -1.1432868
6 -0.56081945 0.24285828 -0.7593735 0.73720413 -0.37416434 -0.91597086 0.09064846 -0.366848
31 -0.7449085 0.22157793 -0.7413572 0.80347025 -0.5073588 -0.93292284 -0.06452663 -0.8218117
29 -0.7051019 0.4006355 -0.6339816 0.48800084 -0.3220321 -0.7996905 0.2214625 -0.2656149
45 -0.46191388 0.7630454 0.17892481 0.75648415 -0.61468065 0.13790734 -0.22808975 -1.1027962
18 -0.2614436 -0.021830324 -0.1987783 -0.07074945 1.0689557 -0.9406882 0.07556524 1.5790914
4 -0.05470483 0.6044868 0.61756724 0.87125474 -0.6712768 0.2946079 -0.15948 -0.9612611
36 -0.48855472 0.77613986 0.18780397 0.79995614 -0.6961482 0.29553285 0.096107826 -0.9884049
10 0.117389366 -0.12195131 0.53816783 0.42193285 0.84018385 -0.0061627785 -0.027683094 1.3097603
25 0.20859696 0.35904962 0.4177394 0.2808769 0.64463055 0.16480179 -0.3637106 1.0738204
34 -0.36281577 0.86177164 0.17118008 0.92756945 -0.84792906 0.32644272 -0.27088466 -1.2984872
27 -0.60235566 0.657574 -0.49313343 0.9674157 -0.7474386 -0.13490073 -0.27257562 -1.07404
5 0.3457191 0.69573075 1.6092196 0.27269334 0.13672164 1.1815583 -0.110812336 0.6258102
13 -0.2903235 -0.15727948 0.08999844 0.087565556 1.0621138 -0.44366488 0.21142577 1.8628981
17 -0.44007185 0.84816235 0.5196565 0.60629976 -0.94197047 0.11826856 -0.18873185 -1.2544134
30 -0.41992438 0.36677888 -1.1544511 0.65117216 0.45747158 -0.7167444 0.008207892 0.357307
7 0.0688564 0.07654525 0.21425574 0.16481586 1.087453 -0.30768305 -0.2890808 1.6451253
8 -0.6719743 0.07349929 -0.991088 0.6071683 -0.14983456 -1.1433523 0.026804553 0.107723944
9 -0.28248098 1.0159252 1.0567944 0.6580824 -1.128358 0.83023375 -0.0677444 -1.1826247
40 -0.5504826 0.21234733 -0.8691723 0.22938928 0.53896123 -1.0093038 0.18256602 0.7293697
24 0.13069718 -0.17852226 1.045527 0.008853098 1.3408138 -0.13806342 -0.05270253 1.9162143
49 -0.26872903 0.8250303 0.81672776 0.843979 -1.1375762 0.4340633 -0.36880493 -1.4863466
20 -0.27231947 0.22381519 0.36869216 0.62670755 -0.3378079 -0.3786462 -0.15702823 -0.61052155
47 -0.3061806 0.9416246 0.31513917 0.6440967 -0.67417693 0.269009 -0.021003582 -0.9349261
26 -0.5142013 0.045246568 -0.68059623 0.5781042 -0.17484704 -1.152949 0.045232423 -0.010269588
19 0.15086882 -0.20925981 1.1341212 0.061005794 1.3707981 0.122567475 -0.14842838 1.9488977
0 0.09397135 -0.13738267 0.69686204 -0.066706516 1.476747 -0.23200506 -0.20131367 2.2895224
22 0.380517 -0.014302668 1.4101514 0.07933755 1.4387162 0.45510107 -0.05350057 1.8869535
12 0.04245257 -0.108504884 -0.25828022 0.28400564 0.9912446 -0.8110289 0.21251743 1.6687423
23 0.0123608215 -0.21699241 0.97138184 -0.2101456 1.271036 -0.44435066 0.15231344 2.2046342
15 0.116341226 -0.09807461 1.163265 -0.14017822 1.4881983 0.034189343 -0.038574412 2.2423654
21 0.22198051 0.20871729 1.054692 0.020697348 1.2874576 0.3618393 -0.3720839 1.661115
11 -0.2191925 0.67532676 0.9158926 0.71524453 -0.8632362 0.46776998 -0.49816468 -1.0282037
37 -0.16848336 0.008180846 1.0240513 -0.19543326 1.1630847 -0.041618098 0.04082413 1.7421179
46 -0.6259281 0.43881276 -0.15491012 0.75283474 -0.81723744 -0.43847203 0.049582217 -0.8351188
35 0.21658906 0.10390111 1.2240891 -0.23479833 1.2778742 0.13593893 -0.12879357 2.181749
32 0.17404225 0.032136783 0.73523325 -0.037984986 1.5589802 -0.04169243 0.15385076 2.289008
33 0.2858776 0.13047363 1.4574628 -0.23352346 1.358182 0.10293858 -0.09465143 2.0500073
3 0.15960674 -0.020483047 0.80209506 -0.14984979 1.5160352 -0.2761723 -0.18055974 2.3045883
39 -0.86800504 0.024139518 -0.9836894 0.60600644 -0.31207973 -1.2886544 -0.0751082 -0.23799348
2 0.05626426 -0.18724312 0.6990162 -0.10630915 1.3862169 -0.2653606 0.12985241 2.5192738
14 -0.11495167 1.1732721 1.0275586 0.26378292 -0.35537595 1.167519 -0.49120337 -0.38367635
