50 8
1 -0.30681977 0.69287544 0.4131121 0.71383643 -0.20578238 1.0992694 0.4004452 -0.10944068
23 -0.29858524 0.73686343 0.4449939 0.11131869 0.5162353 -0.12887152 0.18850048 0.5808616
29 -0.20467936 0.28820303 0.3535381 0.11392225 -0.5477199 -0.51364213 0.0113013685 0.5685944
43 -0.57896113 0.27934593 0.15616702 0.5223365 -0.87851745 -0.59069693 0.35049516 -0.3626374
28 -0.14429452 0.5478828 0.12170672 0.648389 -0.8205919 -0.5352185 0.5366006 -0.37386164
19 -0.8034017 -0.010643781 0.6255399 -0.086736225 0.34191966 -0.6003259 -0.44784835 0.9488583
40 -0.86885697 0.3163712 0.32269198 0.26347524 0.7872747 -0.73133403 0.022077058 0.51359326
6 -0.8174268 -0.20795882 0.42290682 0.3314907 -0.07605204 -1.3279461 -0.28161648 0.22547045
18 -0.51952934 0.17208426 0.67872494 -0.16039686 0.75488317 -0.67260617 -0.43546265 1.3648845
17 -0.7096114 -0.04113907 0.5349222 0.44118273 -1.3158411 -0.4985799 -0.1787752 -0.77309906
26 -0.7390881 -0.04393427 0.42213875 0.19957167 -0.39892167 -1.203791 -0.47789514 0.18613355
16 -0.1463573 0.4511536 0.83715713 0.06388303 -0.49501425 -0.38461202 -0.2205044 -0.2119415
24 -0.47009256 0.2368666 0.5957727 -0.13572538 0.4443947 -0.5864133 -0.18631297 1.0773609
42 -0.72663814 -0.18547602 0.78082496 -0.029065087 -0.5064229 -0.59682757 -0.77886593 0.327203
2 -0.98414445 0.020953141 0.23600225 0.1758805 0.7747303 -0.18174548 -0.19083187 1.4717256
36 -0.3069426 0.64911246 0.017269373 0.92062163 -0.8788355 0.46585235 0.5233993 -0.47737676
39 -0.27761483 0.6893324 0.03858557 0.882155 0.20467816 -0.8139199 0.21522206 -0.30730647
45 -0.2090867 -0.044359602 0.89062387 0.40222707 -0.95983547 -0.29517898 -0.69085026 -0.27880397
20 -0.2529406 0.059578203 0.9108326 0.6685694 -1.3370106 0.1634724 -0.12918666 -0.99504596
0 -0.4540253 0.18098636 0.5437004 0.045022782 0.7064681 -0.30320984 -0.2865313 1.3793995
31 -0.47946528 0.47670165 -0.13237919 0.63429356 0.55660343 -1.1359181 0.35294688 0.46936768
46 -0.007681744 0.46692312 0.9205657 0.66096956 -0.9043893 0.46637398 0.26553437 -0.9541486
27 -0.5331226 0.51053315 -0.28107998 1.2488688 -1.0211743 -0.078346126 0.53187174 -0.8571787
49 -0.47873452 0.07514798 0.6889383 0.7330805 -1.3047347 0.026183754 -0.042152647 -1.0419666
14 0.0707304 1.0119841 0.6119665 0.48630485 -0.14498068 1.803867 0.28826344 0.24695222
15 -0.55387044 -0.37825537 0.6967412 -0.0035144084 -0.42290032 -1.1824464 -0.6768853 0.78942704
48 0.11606142 1.0211949 -0.024478337 0.97273844 -0.7020263 0.45512086 0.80339 -0.5091041
4 -0.07194678 0.47693852 0.4239859 0.8627242 -1.3203766 0.52548707 0.4229635 -0.7103956
38 0.010154141 0.9748665 0.23602042 1.0881852 -0.6891096 0.61829185 0.68045163 -0.93988955
33 0.42589712 0.89758134 0.7426664 0.30125675 0.6248561 0.8477695 0.6932207 0.8880671
34 -0.36305854 0.96032125 -0.13524364 1.1432718 0.049710833 0.5807863 0.9414579 -0.47514373
25 0.18648967 0.4205994 1.4520522 -0.47063664 -0.37181586 0.86104554 -0.42185512 0.7528184
12 -0.5715197 0.026061809 0.12078186 0.1642507 0.3189721 -1.2550194 -0.15927823 1.2891824
9 -0.1814038 0.77221507 0.28983948 0.73942065 -0.9842153 0.9313171 0.70296293 -0.5871395
11 0.09020812 0.7239588 0.46337593 0.74792033 -1.2330247 1.6690606 0.24952339 -0.193983
41 -0.46829402 0.83759314 -0.05761021 0.9617303 -0.28631163 -0.19884886 0.6643331 -0.8025927
7 -0.7250056 -0.025445106 -0.07636412 0.3269293 -0.00069434766 -1.4774396 -0.46642947 0.9815838
8 -0.7123281 -0.021752572 0.30687174 -0.0030613134 -0.042311586 -1.49405 -0.62287307 0.8547454
13 -1.0700796 -0.37369072 0.037803605 0.48637232 0.1086307 -0.72793156 -0.40781853 0.9964541
21 -0.14592382 0.81926113 0.5972659 -0.14152098 1.351569 0.19969237 0.46662188 1.5727715
3 -0.6930337 0.52016085 0.20051885 -0.31937122 0.86227924 -0.11092155 0.18612061 1.8475181
5 -0.004009933 0.35015067 0.44136629 0.89322364 -1.6134315 0.8071204 0.42946303 -0.62059623
35 0.39852154 0.7138439 0.97258294 -0.12800013 1.0235988 0.40747488 0.28878632 1.6539954
44 -0.38904485 -0.05190268 0.7941007 -0.013924113 -0.81025124 -0.75208145 -1.2146432 0.3275129
30 -0.3952488 0.7867702 0.527495 0.08322088 1.5729778 -0.21560802 -0.115594395 1.2346015
10 -0.30779698 0.058284055 0.10651146 0.28038564 -1.6401472 -1.0938942 -0.13723531 0.020286195
22 0.1337017 0.33761436 1.2786542 -0.011329988 1.2373127 0.4280768 -0.29691637 1.4798738
32 0.32223988 0.9824283 0.7670961 0.026569821 1.2136596 0.83448493 0.13043036 1.570972
47 0.37892956 1.335198 0.24493203 0.8246749 -0.948495 0.66394055 1.0612065 -0.8786973
37 0.5353217 0.8207164 1.3658715 0.09740463 1.5586184 1.1673161 0.22585607 1.3948562
