50 8
43 -0.80783963 0.15097831 0.33705065 -0.21145377 0.6840864 0.58070946 0.8020313 -0.012083725
49 -0.19674915 0.23423687 0.6154996 -0.43056136 -0.3094301 0.7461472 0.8537241 -0.578276
31 -0.8148299 0.31055957 0.46397695 -0.41105366 1.0595139 0.37244686 0.06342645 0.23521872
40 -0.39413533 0.23739785 0.42046493 -0.26927817 1.3418661 0.29954597 0.30088732 -0.32715684
12 0.28837368 1.1166636 0.3861301 0.65469676 0.39060366 -0.21162102 -0.51415646 -0.31582436
23 0.2507658 0.7113594 0.36042327 -0.1990876 0.7366911 0.3210619 0.25622034 -1.0579106
1 -0.7677313 -0.0076939934 0.60036117 -0.80383 0.7206372 0.7245601 0.9390778 -0.3337238
28 -0.92527455 0.32044125 0.3508238 -0.29587343 0.79101425 0.44997197 0.6373357 0.034294
34 0.08756825 0.18886326 0.74750876 -0.6897274 -0.10274793 0.7373703 0.7729152 -0.8941819
45 -1.2061762 -0.084400035 0.5321841 -0.7774721 1.0165147 0.68448293 0.8489878 0.22109047
27 -0.7580075 0.19187231 0.61173975 -0.8858029 0.5609276 0.6451133 0.928663 -0.44779932
7 0.64336514 0.8412578 0.26437542 1.2219561 0.2849827 -0.07623667 -0.4605351 0.48644748
14 0.8492468 0.72774726 0.51102835 0.7666258 -1.1103392 0.42757177 -0.12408517 -0.085012205
36 -0.6171921 0.22743203 0.5340426 -0.6869473 0.47988948 0.625307 0.8668192 -0.51712364
2 0.68030286 1.326108 0.25098512 1.0325739 -0.02122448 -0.12814417 -0.48455593 -0.6582476
24 0.46956587 1.3660353 0.3041159 0.63122356 0.32344723 -0.22407173 -0.5153375 -0.6145234
19 0.66717273 1.022053 0.42471644 0.66322905 0.42628232 -0.12230048 -0.53523326 -0.62855154
41 -0.5108354 0.21396054 0.6706727 -0.93957096 0.03956578 0.7788827 1.0937778 -0.62225807
21 0.9038801 0.99132794 0.18421999 1.5889152 -0.9355483 0.3341151 -0.48320878 -0.0049180505
18 0.36468703 0.37494102 0.4919727 1.429705 0.6038643 -0.057819877 -1.0375702 0.9599241
42 -0.7757977 -0.14429417 0.7549272 -0.73735595 1.1517594 0.44680583 0.49927735 0.10816825
26 -1.1133018 0.032215208 0.34560055 0.17331813 1.5749457 0.16901842 0.14854376 0.7631344
15 0.44840908 1.287769 0.2418029 1.0498084 -0.5955086 -0.04521526 -0.18913518 -0.032943543
16 -0.6718177 -0.7451492 0.901962 -0.7327454 -0.008175933 1.1886998 0.6575154 0.6392549
20 -0.5778996 -0.45337543 0.7055925 -0.14494027 0.06971064 0.7332354 0.8940402 0.9399354
9 0.75392264 -0.03328723 1.0263702 0.033701148 -1.2524475 0.6320396 0.50605154 0.15936108
46 -0.50838333 -0.14387025 1.0082235 -1.1055477 -0.39061397 0.9691008 0.75191927 -0.3446879
38 -0.42629477 0.177233 0.5668598 -0.73211944 0.14591463 0.80492926 1.0788563 -0.6833522
13 0.59623677 0.5257451 0.11277745 1.6947103 0.5901776 0.14948629 -0.92516476 0.8372263
17 -0.49121794 -0.0059681004 0.6583604 -0.68275136 0.48850355 0.61748576 0.9213011 0.11826917
5 0.4770414 0.52497447 0.49942297 0.49730274 -1.2187052 0.58697444 0.49195647 0.14701632
39 -0.5649807 0.7592436 0.35905576 -0.7561935 1.1530874 0.361625 0.46740377 -1.3012667
3 0.97172666 0.6574728 0.56453687 1.377598 -0.25268686 0.06298081 -0.9181692 0.2577219
4 -0.6460004 -0.11395053 1.0162497 -0.8125794 -0.7391058 0.83547896 0.73454124 0.21374018
33 1.1753565 0.8463339 0.43786454 1.7666774 -0.66504806 0.021515876 -0.65193796 0.084880434
30 0.6993321 0.69866043 0.35911876 1.6880158 0.41729265 -0.1810375 -1.0305853 0.7324092
35 1.05196 0.79218394 0.6045964 1.3502939 -0.6500459 -0.016843969 -0.605107 -0.04687603
48 -0.12022075 1.1389934 0.2822057 -0.7973194 0.6958264 0.35345122 0.64008987 -1.3067995
37 1.0261924 0.49518314 0.48776135 1.9822515 -0.341258 -0.038735032 -0.79439074 0.97423494
32 1.0914015 0.88651294 0.25222537 1.6999944 -0.67139894 0.21548235 -0.5500698 0.11225367
6 -1.3762327 -0.13482629 0.6771705 -0.61344534 1.52233 0.33091563 0.31277213 0.4773076
0 1.0928155 1.0581473 0.310265 1.7179703 -0.13279852 -0.21077219 -0.76762235 0.26143846
8 -0.9799588 -0.14093077 0.39412722 0.89561284 0.74365276 0.33760083 -0.58147407 1.8285115
11 1.3890977 -0.29713035 1.1878817 -0.018217787 -1.1870841 0.89360285 0.1724375 -0.24406232
22 1.2182841 0.67766106 0.8248733 1.5291119 -1.0132558 -0.040460635 -0.94234705 0.14198044
10 -0.7467276 0.56563604 -0.03655985 1.050395 0.34142613 0.08334883 0.59225065 1.3619283
29 0.20326152 -0.5244469 1.1296482 0.7425668 -0.076081865 0.31520885 -0.7418956 0.98232204
25 0.8579325 -0.3855947 1.0266521 1.0625143 -0.98669547 0.51133436 -0.38513398 1.1570748
44 -0.74456185 -0.92746407 1.0731206 0.27320805 1.690591 0.15836596 -0.82834226 1.6189368
47 -0.023177888 -0.580369 1.0680677 -0.6069559 -0.78908265 1.1475815 1.0839272 -1.0168037
