50 8
19 0.33970436 0.13248965 0.967125 0.46766263 -0.0845672 0.14569825 -0.7677601 0.67393255
18 0.27724928 0.6468274 0.23467219 1.7417823 0.20228419 0.20126572 0.055191852 -0.4074087
42 -0.7924619 -0.03142946 0.19457102 -0.15274185 0.6880965 0.4575741 0.75514895 0.10531815
1 -0.25772613 -0.30414096 0.058005396 -0.90095896 0.29290286 1.2413938 0.5843039 0.6234773
23 0.7373588 0.23856209 0.77820724 1.0869818 0.071386024 -0.021418039 -0.5719444 0.34529755
24 0.41451135 -0.031344008 1.0115536 0.41806743 -0.24319692 0.09706305 -1.1176844 1.1545483
26 -0.58142203 0.07864914 -0.14657772 0.19761746 0.9361866 0.6094926 1.4068835 -0.56209695
25 0.7918092 -0.25003716 0.52921736 0.5409157 -0.04326235 0.535079 -0.63084763 0.5994599
36 -0.24286956 -0.28192425 0.25430477 -0.9215679 0.4939664 0.8864936 1.0077709 0.33504033
27 -0.1738282 -0.31179756 0.17050101 -0.9801587 0.77978176 0.95403093 1.29078 -0.004653438
14 0.84395486 -0.26388738 0.8805428 -0.02084224 -0.47107258 0.61566097 -0.84846246 1.0761304
38 -0.48324758 -0.18043646 0.07164978 -0.41373628 0.5902128 0.8179568 0.9875418 0.057473183
45 -0.75259465 0.13601816 0.3112239 -0.53556734 0.776092 0.71261775 1.3455455 -0.5855571
22 0.6497712 -0.09509986 1.004241 0.7927913 -0.12630549 -0.046226103 -0.9722228 0.81954306
44 -0.2187009 0.10318858 -0.15438513 -0.19377792 0.86503106 0.97625077 1.5228823 -0.61179996
28 -0.96667254 0.036508474 0.23995633 -0.8256541 0.66916525 0.647926 1.1577104 0.1786822
40 -0.02655755 0.6261826 -0.32679096 1.4144168 0.65189624 0.6067794 0.8923997 -0.8679372
41 -0.27494788 -0.51946855 0.17018266 -1.0295585 0.5292033 1.2284625 0.9783536 0.101991706
16 0.030955352 -0.4060366 0.41798884 -1.1755046 0.31703544 0.9495833 0.40524736 0.84429437
34 0.6857401 -0.64061576 0.5056423 -0.6242881 0.1299472 0.7493522 0.123997 0.86714613
43 -0.4012392 -0.28971398 0.17582248 -1.1933191 0.5999243 1.0958527 1.0013493 0.33891052
15 -0.04470451 0.6016729 0.68319285 1.062261 -0.42484665 0.114618644 -0.16067047 0.37900376
4 -0.26455757 -0.5570005 1.1046079 -1.1322261 -0.08389137 0.33763275 -0.045739383 1.1604521
11 -0.11049569 -0.97405106 0.8279975 -1.2287277 0.2208545 0.6589212 0.46028924 0.7264182
31 -0.633462 0.6542379 -0.1920092 0.40760145 0.5024065 0.8192974 1.2316619 -0.5463173
2 0.35920322 0.23072962 1.1645882 1.4152017 -0.038459983 -0.30404472 -0.8726191 0.093137674
29 -0.6303238 0.18029852 0.030248445 -0.43868107 0.76814616 1.040811 0.11856268 0.1248681
6 -0.49828222 0.72312486 -0.21067593 0.4049348 0.75963765 0.90138274 0.9468192 -0.7671798
5 -0.37325707 -0.21854442 0.6762374 -1.2262217 -0.036136065 0.8037278 0.5712731 0.83586186
13 0.39334324 0.22700137 0.50090975 1.6663419 0.16561507 -0.22513159 -0.6196828 0.5104104
12 0.18767367 0.45896977 0.9630369 1.8082886 0.04591313 -0.44737074 -0.72943187 0.05861994
21 0.46366787 0.20848422 0.9656785 1.3679166 -0.19506384 -0.017464986 -1.3789909 0.6632115
46 -0.334576 0.48950112 0.017605377 -0.112451404 0.48901096 1.0111722 0.28180882 0.037244357
32 0.5471415 0.13129757 0.98694813 1.8598461 0.03616577 -0.58814126 -0.65196013 0.31118178
30 0.036568865 0.85802096 0.61497694 1.7966841 0.0969118 -0.08646107 -0.44575113 -0.3182077
10 -0.08233711 0.46235034 0.52125406 1.4871017 -0.2482309 -0.095311955 -0.45774418 0.6516208
49 -0.48171946 -0.6800252 0.5145926 -1.4337112 0.45891663 1.0228713 0.7857051 0.45919016
20 -0.075406566 -0.5578109 0.55183375 -0.4094143 0.2567342 0.47722632 0.112069294 0.76293564
3 0.6045319 0.35349646 0.9267674 1.5928491 -0.2524397 -0.258683 -1.1220438 0.74381864
17 -0.62639123 -0.062471084 0.2257869 -0.7964527 0.5963562 0.7027337 1.1721369 0.21627165
9 0.23815727 -0.86163336 0.961444 -1.1982874 0.24712114 0.38607705 0.55608106 0.79826117
0 0.4676122 0.4066202 0.98948115 1.608755 -0.2674163 -0.17033342 -1.011803 0.37655348
33 0.72244763 -0.037559487 1.2435353 1.2912276 -0.49202108 -0.1981031 -1.1926955 0.7555947
7 0.26149726 0.347917 0.36313772 1.4439294 0.34495133 -0.17402875 0.030598192 0.12613265
39 -0.65028095 0.093670994 0.04630213 -0.30044663 1.176661 0.70689625 1.1584402 -0.6097641
35 0.60550916 0.23753774 1.082879 1.5442547 -0.15472609 -0.40971407 -1.0278989 0.6382647
37 0.5563639 0.20050381 0.9418566 1.601975 -0.13863143 -0.43118542 -0.8151927 0.7193557
48 0.21627717 -0.10368752 -0.011804626 -0.27042258 0.3125333 1.2640189 0.42181355 0.064240955
47 -0.47568285 -0.4495888 0.4881561 -0.6898833 0.5250121 0.6276543 1.0780976 -0.030607484
8 -0.15634342 0.9259 -0.21264356 1.6078899 0.42064166 0.49194708 0.26525354 -0.44455796
