50 8
19 0.05503131 0.7104861 0.72787195 -0.15405042 0.9766497 -0.46285537 0.38599607 0.48410887
23 0.02534507 1.1203221 -0.4861448 0.054963343 -0.102567606 -0.68516076 -0.47736576 0.18389873
24 0.21794617 0.9682149 0.086709216 -0.14300819 0.87774616 -0.63528 -0.16179612 0.6268228
1 0.072610766 0.79333854 -0.3756869 0.6100292 -0.7501947 -0.86150926 -0.47518662 -0.7545088
6 -0.31969053 0.3708113 0.14994687 0.20697357 0.17804767 -1.0956422 0.062483344 -0.40110034
18 0.061037205 0.8669209 0.35656905 -0.17602745 0.9776708 -0.5381125 0.28341123 0.47633144
29 -0.13648713 0.8859231 0.2514391 0.052378796 0.5778978 -0.15610875 0.5567641 0.74051684
30 0.26530087 0.85933214 0.2828503 -0.076151036 0.85840744 -0.7963981 0.045608975 -0.09874956
40 0.02838455 1.0321745 -0.3088329 -0.24020705 0.3433943 -0.92325014 -0.27463543 0.3316177
8 -0.031940285 0.7986445 -0.030671714 -0.11987662 0.12148687 -1.103053 -0.3347111 -0.27512428
43 -0.5948429 0.12350159 0.36636832 0.18833965 0.025499342 -1.2793912 -0.14712536 -0.6732924
25 0.44332933 1.3389813 -0.5738238 0.3627731 -0.4237137 -0.25881195 -0.5149325 0.37611568
31 0.06388538 0.89537674 -0.36617118 0.13634251 -0.007155903 -0.8580706 -0.5604258 0.04153338
35 -0.14122282 0.7504817 0.34188887 0.4644863 0.57292914 0.5394401 0.17222199 1.332612
39 -0.008568425 1.104231 -0.764228 0.18381922 -0.20154549 -0.6928617 -0.87437046 0.21448292
41 -0.3546452 0.78263986 -0.3167873 0.69288516 -0.43164197 -0.025128359 -0.4483761 -0.027644757
36 -0.19446711 0.96247154 -0.47837847 0.58523357 -0.6550668 -0.4741544 -0.3216574 -0.7546697
26 -0.019431768 0.5697156 0.5816761 -0.23217562 0.2865942 -1.2107638 -0.18498614 -0.59903437
42 -0.26566702 0.65322614 0.009752423 0.1883324 -0.032206085 -1.0740954 -0.31233492 -0.9977628
27 -1.3731499 -0.10249852 0.03430626 1.1868315 -1.1497756 -0.20288256 -0.461375 -0.7980725
17 -1.1099782 -0.24348314 0.7357113 0.89921534 -0.60046315 -0.4737954 -0.05242064 -1.0813816
45 0.31043738 1.0121787 0.11981425 0.031941175 0.13255431 -0.94742095 -0.17046806 -0.9454226
16 0.029254673 0.5826894 0.56634367 0.20889185 -0.3940997 -0.8765708 0.101167 -0.8295694
12 -0.2347288 0.20141837 0.7167227 0.3033283 0.75977886 -0.23380819 -0.05919843 1.0115981
44 0.26305962 0.84196603 -0.08454341 0.067947455 -0.1712005 -0.86985594 -0.9298783 0.21170364
15 -0.09900958 0.21541911 1.2772013 0.33743948 0.98137075 0.00015891201 0.80215806 0.753687
4 -0.64247966 0.278606 0.33716413 0.97033286 -1.1023295 -0.015150729 -0.42616874 -0.6487666
13 -0.24012363 0.38571516 0.5476566 0.20420799 1.0700803 -0.17640765 0.43188292 1.3406727
2 -0.06113351 0.6999707 0.46101016 0.44737783 0.6456429 0.50279534 0.17107409 1.4485981
7 -0.09941326 0.51859534 0.600347 -0.03130092 1.3262641 -0.291684 0.15642744 1.1256126
9 -0.61342245 0.17967692 0.7856199 1.1959233 -0.66862714 1.0235254 0.36324638 1.0623906
38 -0.55504584 0.81725496 -0.7218687 0.96830505 -0.95656395 0.061650556 -0.63844943 -0.21086042
21 -0.6644249 0.25876778 1.1063602 0.6427563 0.5068037 0.9297723 0.43506953 1.4593657
20 -0.5750673 -0.0680256 0.78354764 0.8100753 -0.7239114 -0.49631348 -0.27179664 -0.9121905
28 -0.45655495 0.250661 0.06368001 0.8226358 -1.1658771 -0.7439333 -0.64348793 -0.74939203
14 -0.33346725 0.38369575 0.62375647 1.1728082 -0.47016966 1.1215522 0.12546813 1.333117
3 -0.15351778 0.6611245 0.76688385 0.2740148 1.1383119 0.45711815 0.32233363 1.2603487
34 -0.50590533 0.4719968 -0.020390738 1.2668664 -1.1111857 0.5237109 -0.79260325 -0.11303544
32 -0.1751124 0.71802247 0.8717301 0.23434164 1.0025053 0.51154107 0.78811586 1.2738695
37 -0.18021637 0.41777343 1.1767523 0.39162263 0.90389955 0.60228014 0.41384944 1.2967523
0 -0.31610024 0.2947276 1.3042907 0.39532283 1.0260713 0.6446715 0.549766 1.3656775
11 -0.48020113 0.31449053 0.30650637 1.3081201 -1.5434206 0.40582272 -0.39915964 -0.25452247
22 -0.19954741 0.3433705 1.2289085 0.78463966 0.8004175 1.0024097 0.5021159 1.2068789
10 -0.9652937 -0.07237003 0.91621256 0.7962028 0.17357528 0.2632686 0.7983121 0.28898782
33 -0.39504376 0.3061073 1.3993821 0.6314333 0.68107194 0.9595873 0.66469866 1.2303584
46 -0.7110457 0.048406634 -0.15721399 1.0966715 -0.9458319 -0.9550168 0.19243053 -1.0508468
5 -0.700497 -0.31744963 1.0350024 1.6462097 -0.5388121 0.84257764 0.49740344 0.23171346
48 0.38571703 0.77384084 -0.089605235 0.24722312 -0.14686063 -1.2321068 -0.27996543 -0.5505163
47 -0.518943 0.43333828 0.0686818 1.0721242 -0.98271674 0.057946045 -0.72298527 -0.75477946
49 -1.220254 -0.6156637 1.1192844 0.90387535 -1.0780724 -0.9630387 -0.27399573 -1.8170351
