50 8
1 0.057023272 0.7234069 0.6671128 0.23399337 -0.07612407 0.37451506 -0.17880605 0.24475507
26 -0.41479778 -0.540943 1.5278354 -0.12120208 0.08182191 -0.28474224 -0.56788236 0.26874778
13 -0.17577687 0.45353281 -0.29545292 1.1253341 -0.39801008 -0.27720878 0.353389 0.6808502
23 0.029273711 0.43187487 1.2832118 -0.18585327 0.14386135 -0.080783404 -0.17871088 1.140608
9 -0.32335758 0.99113953 -0.41412193 0.95651567 -0.32903484 0.10511022 0.5752401 0.0778112
2 -0.628272 -0.33650285 0.6254845 0.6012354 0.117549114 -0.3737113 -0.042549178 0.0034542242
4 -0.33376336 0.73645014 -0.41278774 0.8992049 -0.54287344 -0.17559664 0.36058444 -0.66616064
49 -0.776003 0.15604557 0.22009578 0.524283 0.0042296755 -0.13922468 -0.22941561 -1.1428843
5 0.046757624 0.08278214 1.6037757 -0.41921604 0.17237759 -0.015288565 -0.88022697 0.31842482
28 -0.4752503 0.41416192 -0.59421265 1.056713 -0.5149071 -0.53983814 0.06929676 -1.0462857
19 0.042699344 0.2924107 1.4487301 -0.17776208 0.13656686 0.057869438 -0.14781888 1.2193723
38 -0.28617275 0.8435988 -0.75922245 0.8916232 -0.4760572 -0.54724056 -0.015694207 -1.2437159
21 0.25589862 0.6908935 1.2687396 -0.32138863 0.24141625 -0.0013691289 -0.5977464 1.0642328
15 -0.12545949 -0.13735414 1.8443496 -0.45985553 0.33265325 -0.057624582 -0.68854904 0.25277758
42 -0.47886413 0.13368651 0.03295538 0.3524453 -0.3896625 -0.77732503 -0.369732 -1.0641292
43 -0.5902662 0.15696444 0.023461934 0.5117163 -0.1790369 -0.63754416 -0.1615462 -1.1506531
41 -0.5220743 0.36862847 -0.7710775 1.2116408 -0.52863556 -0.68354875 0.14905977 -0.6696666
24 0.04878491 0.40613022 1.0856032 0.04271468 0.08881293 -0.03198475 -0.25651357 1.2582624
14 0.03265904 1.2118468 -0.38488856 0.8762265 -0.27780542 0.09751838 0.379052 0.45230252
27 -0.72086024 0.4507391 -0.672127 1.2284701 -0.414822 -0.3597902 0.45871517 -0.65001935
40 -0.84928226 0.17623603 -0.5606131 1.1211811 -0.27229154 -0.58155435 0.05612094 -1.2300056
34 -0.34684044 0.9950815 -0.6529481 1.2100376 -0.17561886 0.1645455 0.20427316 -0.25080314
31 -0.38059843 0.6825335 -0.63464516 0.99248433 -0.3420695 -0.36545613 -0.017208362 -1.365979
12 -0.089130834 -0.34151953 0.59814465 0.3441428 -0.12566595 -1.3542576 -0.09989557 0.9383952
0 -0.26714808 -0.41252577 1.8788215 -0.24933401 0.39102143 0.01762386 -0.7073368 0.41542515
17 -0.32864648 -0.18361546 0.57700163 0.00038201807 -0.24277999 -0.8897332 -0.9382269 -0.94400465
36 -0.35804388 0.6320694 -0.61001045 1.0261184 -0.39831537 -0.39772853 -0.03757855 -1.254468
39 -0.5223399 0.5851133 -0.6830374 1.0275705 -0.45558295 -0.42989776 -0.14113995 -1.5222187
11 0.39545542 0.9087513 1.0211244 0.06826862 -0.19450659 0.53935254 -0.10444563 1.3198217
6 -0.66072744 0.02722475 -0.3410297 0.80893487 -0.5814044 -0.78053856 -0.058360703 -1.0123636
3 0.015805334 0.20932125 1.5916171 -0.25246543 0.29669812 -0.15674429 -0.16423443 1.510098
47 -0.6369502 -0.006447672 0.46760687 0.25035295 -0.18223278 -0.20049718 -0.6914749 -1.3729475
35 -0.17993818 -0.03578509 1.9440362 -0.32863492 0.30967015 0.28887898 -0.50339586 1.1350867
44 -0.1403373 0.8324602 -0.8491088 1.0459955 -0.6270014 -0.47666478 -0.0898872 -0.9663674
18 -0.20664921 -0.0908323 2.0232642 -0.28562292 0.32730374 0.38139105 -0.35754135 1.3571788
45 -0.76096344 0.13228714 -0.3736387 0.9882933 -0.1456949 -0.62966603 -0.19000779 -1.580269
46 -0.8243249 0.24051788 -0.58106107 1.1464659 -0.32822695 -0.44485304 0.21241452 -1.1686698
32 -0.080976605 0.13892049 1.8225092 -0.37694398 0.24059717 0.1709961 -0.22243533 1.299035
37 0.46709663 0.7550777 1.8392318 -0.5711681 0.10467996 0.44934222 -0.33648288 1.1887532
10 -0.055969004 0.36981115 -0.15001467 1.1352893 -0.2755963 -0.4747692 0.6152301 0.8686172
48 -0.2665483 0.8447274 -0.74683714 1.0428616 -0.41322532 -0.32183075 -0.092616454 -1.2614305
25 0.7207212 1.3582853 0.5521944 0.087816805 -0.45837665 0.32385203 -0.052003935 1.4012871
22 0.2906822 0.34199306 1.8780286 -0.52845156 0.06520884 0.24712533 -0.58008844 0.9749403
30 -0.31721273 -0.51491785 1.9726955 -0.46711925 0.29018486 -0.20068887 -0.69861406 0.3763655
33 -0.031655543 0.16585931 1.7619224 -0.4374464 0.3681268 -0.0911748 -0.38448313 1.14239
29 -0.025198486 1.3944037 -0.024632152 0.44729963 -0.40370065 0.7039361 0.19259237 0.09951243
16 0.4306311 0.7324265 1.7453076 -0.86625695 -0.05442544 0.18454984 -0.5368365 -0.013934005
20 0.11040281 1.0404611 -0.42223814 1.123204 -0.5236652 0.052954134 0.7737906 0.52669364
8 -0.5893317 -0.16953538 0.050901126 0.6667458 -0.46867314 -0.83766425 0.09051636 -0.8319022
7 -0.25255755 -0.46115896 1.4977392 -0.037520826 0.15993349 -0.5094225 -0.45715615 1.0889654
