50 8
19 -0.38485894 0.1202873 0.3037696 0.7739741 -0.4865117 -0.54996914 -0.41321146 0.20371658
23 -0.087456845 1.1732475 0.44491044 -0.086318925 0.23145233 0.6181131 -0.0030493464 0.12260864
22 0.40318453 0.60867345 0.59642226 0.54298955 -0.26610693 -0.34269333 -0.25621614 -0.6652188
26 -0.45670375 0.026518334 0.49142095 0.7009953 -0.56564355 -0.9866129 -0.51791775 -0.27722755
24 -0.3404891 0.65626705 0.44315496 0.43303186 -0.26019993 0.70409447 0.36697534 -0.6123677
43 -0.32477018 0.25810325 0.5159082 0.58527863 -0.6528682 -0.3558184 0.06794894 -0.8040857
1 0.011195383 1.1480111 0.29237956 0.22614111 -0.04461844 1.0972458 0.66877395 -0.17767581
39 -0.34722677 0.47446123 0.32993412 0.26879668 -0.29728228 -0.49851447 -0.19394664 1.0242645
6 -0.61827785 -0.03643264 0.050824273 1.2478081 -0.26178014 -1.20505 -0.7851011 -0.24108277
17 -0.6349862 0.46712935 0.48869044 0.34289032 -0.45155272 0.7500691 -0.14149146 -0.967405
4 0.1477096 0.8848832 0.45728055 0.4284636 -0.38253286 0.91094834 0.8677604 -0.79475456
8 -0.29175544 0.104231484 0.44601032 0.67047733 -0.5924756 -1.4110421 -0.6290755 -0.26123753
35 0.43857896 0.9812899 0.79964185 -0.12015766 0.059725028 -0.17466229 0.11668185 0.5064401
40 -0.57332104 0.7941364 0.28256208 -0.067090444 0.3488767 -0.5692988 -0.71783596 1.5662347
36 0.12727335 0.7965097 0.6006259 0.39463922 -0.3269363 0.7493718 0.40585342 -1.0474154
2 -0.8357664 0.425032 -0.010985828 0.4362534 -0.12167057 -0.14229031 -0.7424038 0.9177768
18 -0.22170527 0.40575287 0.45943132 0.33328477 -0.061679617 -1.1802101 -0.716997 0.9948742
27 -1.1757836 0.014302055 0.13021737 0.9975153 -0.47835094 0.6938271 -0.20548163 -0.9543371
29 -0.32288823 0.3056531 0.072893664 0.5834805 -0.57228225 -0.92754954 -0.62317926 0.68959177
28 -0.036335897 0.20351627 0.7217089 0.5044656 -1.0769995 -0.39268255 0.78489816 -0.9554289
45 0.2907073 0.545401 0.59115386 0.6153612 -0.47618702 -0.43521234 0.2729573 -1.2041962
42 -0.004980862 0.30258167 0.50418234 0.6041393 -0.74502707 -0.6641349 0.37811998 -0.44104546
12 -0.4644424 0.19982353 0.36264127 0.58418584 -0.111245334 -0.99815184 -0.37910482 1.2465057
30 -0.09004417 0.67157054 -0.045481715 0.7064482 0.19469371 -1.2210207 -0.53514135 0.92639303
44 0.63835365 0.8667406 0.71895254 0.071557775 -0.05303262 -0.7777312 -0.6697104 0.15584205
13 -0.24291159 0.110416524 0.35098952 0.92914873 -0.2756294 -1.0747199 -0.20349397 0.5745608
33 0.7083912 1.6303911 0.62878114 -0.5372411 0.45770746 0.0074549513 -0.24460992 0.6989061
38 0.039213527 1.4296535 0.15607947 -0.083636954 0.2320084 1.7228283 -0.16179 0.56931823
21 -0.46181336 1.008706 0.33113024 -0.023163242 0.5017101 0.25015554 -0.1725517 1.2022756
7 -0.71051055 -0.08069493 0.3018708 0.6333714 -0.7708752 -1.1764194 -0.55656946 0.47285822
41 0.00021904259 0.859396 0.5969172 0.28364056 -0.44705114 1.0434754 0.861597 -1.0466309
16 -0.18709864 0.91941786 0.37185323 -0.055187766 -0.7073926 0.64036125 0.23365898 -0.91186273
3 -0.2833153 1.2093313 0.52966917 -0.37488112 0.75279635 -0.09633046 -0.2546748 1.3338304
48 -0.577815 0.17366493 0.09358262 0.6282134 -0.5337773 -1.1371114 -0.6810235 0.48617074
31 -0.49092168 0.4371268 0.14037916 0.5242702 -0.09067293 -1.22049 -0.6294345 0.64620185
10 0.28013998 0.2532406 0.7910978 0.63192976 -0.87194866 -0.75211084 0.5005308 -1.198556
25 0.20904 1.1637374 0.39553404 -0.38073477 -0.26947352 0.78429824 -0.5208471 0.51642895
14 0.2429495 1.4030741 0.14447474 0.11547894 0.080076344 1.8509989 0.35276622 0.61737067
5 -0.2337236 0.82213795 0.56024015 0.23372473 -0.4100132 1.2719542 0.8545465 -0.61535406
11 0.18223716 1.059123 0.6868124 -0.15062428 -0.33751416 1.8741441 0.43790278 0.43405214
20 -0.22124386 -0.02222075 0.84871393 0.6793581 -0.6895741 -0.75296336 -0.16404483 -0.99731815
32 0.59319526 1.4890398 0.4968173 -0.17101125 0.6179327 0.031526983 0.36936355 1.3519168
0 -0.5549723 0.28623387 0.28167555 0.37146026 -0.085882805 -1.0471965 -1.0455829 1.4578569
49 -0.95944244 0.5402836 0.5091557 0.37272388 -0.26544014 1.6732639 0.34767142 -0.8024777
34 -0.41099188 1.1998354 0.29841194 0.08899647 0.04756143 2.222003 0.3984043 -0.28825587
15 -0.91714734 -0.09406952 0.18738005 0.9352675 -0.24985527 -0.5886623 -0.501883 0.8729121
37 0.90320516 0.6601704 0.8337196 0.38111582 -0.37320742 -1.1999356 0.2838168 0.10877596
9 -0.7629832 0.9902468 0.2719267 0.30186343 0.02734364 2.2055316 0.7018698 -0.19859476
46 -0.80599827 0.66871846 -0.20969653 0.329393 -0.5462454 1.561822 -0.30221632 0.5350192
47 -0.17356436 1.7382256 -0.0779867 -0.03504828 0.46500236 1.7948357 0.34301797 -0.07163326
