50 8
40 0.33625737 0.7413981 0.5237545 0.8755067 0.6361801 0.25854605 -0.49915403 0.03135711
28 -0.5757178 0.34957835 0.30410808 -0.30721855 -0.06575526 0.4216154 0.507022 0.6671929
34 0.44675553 -0.04495021 1.0114049 -0.22206426 0.72481924 0.65988016 -0.07412161 -0.16025262
39 0.10027281 0.66980445 0.40290138 0.5955959 0.6639019 0.29060552 -0.2855844 0.18719415
21 0.008391038 0.5810368 0.21940632 0.8870833 0.34971976 0.523176 -0.10150255 0.27069607
42 -0.69516516 0.6186059 0.27216282 -0.10213491 0.53294444 -0.07840294 -0.7075673 0.8406681
43 -0.47967848 0.43241757 0.41891456 -0.066352144 -0.127123 0.1502536 0.22866584 0.73030597
31 0.039678223 0.92303514 0.20182104 0.6602257 0.49724263 0.19046393 -0.6106062 0.41284138
48 -0.42101407 0.70614177 0.08590621 -0.05425923 -0.23238398 0.5553918 0.4568771 0.5813881
46 -0.48533198 0.74279517 0.7251968 0.0075197783 0.15446158 -0.14936481 -0.40028924 0.331288
23 0.19185653 0.74625725 0.5069877 0.74603057 0.7848007 0.22063382 -0.41530868 0.017902056
25 0.56581926 0.02246385 0.86688226 -0.34994742 0.4613021 0.7107583 -0.14859524 0.16079801
19 -0.26758847 0.785061 0.4814022 -0.0311214 0.9228232 -0.16920233 -0.96577847 0.48616707
44 -0.22783577 0.7317378 0.23561648 0.58626777 0.54417354 0.10030374 -0.5473354 0.52760446
12 0.23760565 0.72056746 0.48185804 0.8423558 0.55146104 0.24448821 -0.6159991 0.13735488
14 0.5322219 0.1182816 1.1041349 -0.29069075 0.4783854 0.7703942 -0.094275296 -0.36302572
36 0.5125875 -0.5483559 1.5098566 -0.5602194 0.38640147 0.98611253 0.4550744 -0.5074555
13 -0.34400073 0.81151754 -0.024589336 1.1361448 0.06845774 0.0561182 -0.32098252 0.9006768
1 0.6170967 -0.21106029 0.94716144 0.27222905 0.3263129 1.1873091 0.10078649 -0.32907274
2 0.06100296 0.6341251 0.4656307 0.16702403 0.689951 0.16224533 -0.6662334 0.3642185
41 0.58489144 -0.08354947 1.2552679 -0.41284037 0.4163897 0.9044796 0.348267 -0.4871679
15 -0.7240915 0.9997632 0.008909377 0.28661382 0.19464087 -0.13687165 -0.527411 0.956393
30 0.19482155 0.88471735 0.48825037 1.0505283 0.25947556 0.13656102 -0.5088726 0.13244607
35 0.6044458 0.20352858 0.7466609 0.6638928 0.4451334 1.0855662 0.33330932 -0.55984944
24 0.123483986 0.61525023 0.57030183 0.68841314 0.63540846 0.08945497 -0.62482196 0.23520383
29 -0.11235418 0.006960812 0.68868756 -0.775674 0.54426336 0.27894124 -0.28395206 0.69866514
8 -0.8276966 0.62421054 -0.14522986 0.68517524 -0.2726407 -0.03632562 -0.0022565592 1.3510758
3 0.2923346 0.8295569 0.64017665 0.94809675 0.8417666 0.042806424 -0.6783183 -0.07339277
7 -0.3329482 0.9684275 0.03367653 0.83809334 0.4499592 -0.22777034 -0.61881864 0.9303996
26 -1.2291682 0.45453456 0.093131155 0.09273753 -0.7934658 -0.1381161 0.74145716 1.3952045
16 -0.32291338 -0.45103186 0.7417008 -1.2760888 -0.0780938 0.5734125 0.3955264 1.0077274
18 -0.10729626 1.0369202 0.03642701 1.1424935 0.5341296 -0.020110304 -0.69456184 0.62373406
0 -0.5254798 0.9315823 0.021872003 0.45368683 1.0269473 -0.17967659 -0.8845411 0.7904836
33 0.8393478 0.030518312 0.8681095 0.8795463 0.6275093 1.1732298 0.4671672 -0.7367881
32 0.61309224 0.6607067 0.62287426 0.9669828 1.0074046 0.82728964 -0.109712064 -0.701585
20 -0.9451931 -0.09325549 0.47550786 -0.63313663 -0.8761429 0.15363584 0.9611915 1.3791648
4 -0.14217897 -0.19416592 0.9103994 -0.71778136 -0.6428923 0.9347524 1.0451263 0.24916759
38 0.03957649 0.43846282 0.5004722 0.38525316 -0.95649976 1.173438 1.3181762 -0.10327024
22 0.9543971 -0.20622265 1.082989 0.48424047 0.38959777 1.2943089 0.36330265 -0.64539105
49 -0.43763578 -0.42956856 1.0675293 -1.2478023 -0.47729152 0.3971116 0.8390456 0.7769169
10 -1.0853786 0.32895938 0.0041432288 0.1442624 -0.9889291 0.35714722 1.1062231 1.2392602
9 0.39176506 -0.53345835 1.5946572 -0.9017498 -0.37139383 0.9399065 1.0767531 -0.29560363
11 0.38807034 -0.71996963 1.5960153 -0.73577017 -0.22716656 1.2788075 0.8952675 -0.51045436
45 -0.91628706 0.0032034377 0.5631392 -1.0970018 -0.8453374 0.29776788 0.50704014 1.2524364
17 -0.8458962 -0.56182235 0.7173691 -0.74355096 -0.5898251 0.26761836 0.9577532 1.2763698
27 -0.5525716 -0.23066624 0.77493924 -1.0894243 -1.059085 0.75832903 1.2633797 0.8608413
5 -0.45014605 -0.69186187 0.90366536 -0.83291966 -0.79149276 0.94182324 1.2979133 0.6917988
37 -0.19563693 0.2460166 0.64650315 1.2656986 0.010242064 0.339183 0.8143267 -0.0661665
6 -1.3193619 0.039806478 0.29089785 -0.72461283 -0.97367877 0.24906652 1.2019539 1.3580377
47 0.38946593 -0.9785287 1.4290869 -1.125372 0.6353006 0.7991068 0.33578047 0.12997723
