50 8
26 -0.5110981 -0.18858199 0.20296079 0.99629015 0.59014946 -0.2640739 -0.29025188 -0.016589122
29 -0.5482921 0.291909 0.39202577 0.2158833 -0.53209895 -0.24689674 0.14438611 -0.07418351
1 -0.5521948 0.40453523 0.41248578 0.29556146 -0.79023474 -0.29585922 -0.22901271 -0.79834265
48 -0.14586367 0.49616712 0.16323762 0.5827475 -0.46017715 -0.32164535 -0.27283353 -0.22766344
20 -0.54110366 0.044099785 0.29747435 0.68010396 -0.060945924 -0.32019228 -0.36059183 -0.3595387
6 -0.77868503 0.08987621 0.2084859 0.6473461 0.011851278 -0.5439636 -0.28360865 -0.56464577
43 -0.71118695 0.19565666 0.62772554 0.19551979 -0.59589 -0.5388396 -0.13008119 -0.88075095
4 -0.117356494 0.76539344 0.66467035 -0.22423454 -1.1205959 -0.16787551 0.38075382 0.09951321
41 -0.6181923 0.60250103 0.8788995 -0.3922677 -0.98384905 -0.302692 0.09789074 -0.5901055
18 -0.04882191 -0.21969521 0.39001152 1.118676 0.9717231 0.23133805 -0.1296843 0.95858526
17 -0.6284388 0.2757145 0.46594188 0.25381577 -0.50758165 -0.36605212 -0.4241282 -0.64775616
49 -0.6300617 0.49058592 0.5348422 0.05409329 -1.1011825 -0.12177839 -0.08437152 -0.75698084
36 -0.658722 0.79714566 0.3846928 -0.124198966 -1.338082 -0.26567543 0.26750135 -0.60738057
27 -0.8212737 0.34294033 0.52019966 0.104185954 -0.75443333 -0.49521434 -0.24752988 -1.0220649
23 -0.6013846 -0.505799 0.36813614 1.0815284 0.7469675 -0.21752535 -0.19984756 0.020481309
19 -0.29197767 -0.47947386 0.3982909 1.1637481 0.7543735 0.33071604 -0.07899988 0.5030312
44 -0.6483447 0.3947336 0.18603967 0.46287405 -0.5896361 -0.5868168 -0.29789028 -0.83069754
46 -0.78967905 0.2630953 0.44094193 0.28749067 -0.76067454 -0.59597164 -0.24207206 -1.1354349
42 -0.7159598 0.4276346 -0.08112632 0.7884586 -0.2693166 -0.6350478 -0.64724445 -0.93132555
40 -0.99864346 0.03627673 0.25722298 0.65846205 0.5892402 -0.790677 -0.28834596 -0.66535354
45 -0.72141725 0.51218224 0.10854076 0.47473562 -0.46092862 -0.6224889 -0.39979532 -0.98467064
24 -0.2965413 -0.27153528 0.37311497 0.9618451 0.7430316 0.2959656 0.090616204 0.8378711
7 0.045193136 -0.17630538 0.28872573 1.190732 0.8063415 0.29527515 -0.119816564 1.1232677
10 0.049022637 0.009619006 0.21051513 1.1840855 0.8385392 0.33616942 -0.12848681 0.8143874
21 0.44958764 0.41463697 0.8943715 0.27454835 0.18816324 0.55502915 0.38694584 1.6118951
38 -0.7386273 0.70582646 0.380397 0.041714687 -0.87008554 -0.6597435 -0.41977 -0.9878946
8 -0.6779454 -0.35297793 0.20396262 1.153726 1.0842384 -0.7436283 -0.45790112 -0.324782
28 -0.757142 0.05889436 0.5926483 0.30668008 -0.55948657 -0.7160152 -0.30778942 -1.07749
34 -0.4119978 0.8497494 0.5287854 -0.22185266 -1.273401 -0.3846735 0.12649474 -0.4372494
16 -0.49268267 0.73930776 0.7898933 -0.40503514 -1.2187916 -0.26180837 0.24039198 -0.5326757
31 -0.85338795 0.019946361 0.28989923 0.6970457 0.077059165 -0.89834243 -0.5710415 -1.0842842
12 0.34062588 0.02820643 0.4679898 0.93669665 0.8995545 0.35980356 0.24643087 1.9206411
47 -1.0057098 0.687595 0.120916516 0.21467109 -0.84030926 -0.70448714 -0.35786912 -1.2621708
13 0.184176 -0.32251915 0.5031968 1.2306373 0.9584631 0.50240207 0.14353281 1.3623421
2 0.32354775 -0.14978632 0.45320517 1.2214035 0.91864073 0.3862823 -0.01707031 1.3781736
3 0.22875446 0.070188984 0.19103695 1.2485964 0.9721632 0.40862688 -0.09090425 1.3466089
22 0.45049623 0.2225801 1.0126723 0.38264295 0.35460004 0.71317637 0.6889854 1.8048865
33 0.2970723 0.07416715 1.0657057 0.2752445 0.36884317 0.61750615 0.56110245 1.6808873
9 -0.21200877 1.042673 0.5395774 -0.44054177 -1.3930529 0.2081732 0.540131 0.48212448
5 0.21258369 0.5424467 0.13115898 0.63120013 -0.8752876 0.39790136 0.35185567 0.54127216
39 -0.811666 0.654168 0.30165482 0.08791693 -0.4273002 -0.8006462 -0.44398838 -0.82439303
25 0.29491472 1.106269 0.50586545 -0.19313326 -1.1086545 0.30867514 0.54363555 1.0935389
0 0.3286962 -0.13208579 0.49036285 1.227493 1.1714746 0.4134191 0.115138054 1.6774433
15 -0.029162504 -0.4265109 0.42985526 1.2890294 1.1669348 0.3860512 0.013656655 1.1972954
30 0.3837462 0.1685808 0.18938044 1.3266053 0.9593259 0.5071927 0.024177268 1.5306499
37 0.34875602 -0.027625727 0.87598836 0.6439009 0.79635763 0.67045766 0.39013818 1.9095631
11 0.3730821 0.841237 0.5927949 -0.07296336 -1.0273348 0.7209011 0.2665853 1.2023394
35 0.51422936 0.31250918 1.0015702 0.25506857 0.23703238 0.6593046 0.6406522 1.9382639
14 0.32135752 1.1503478 0.67221284 -0.31314984 -1.1000181 0.4925541 0.38591707 0.9116852
32 0.4536719 0.52334255 0.80760247 0.27851218 0.32059908 0.66918397 0.8655852 2.0632634
