50 8
46 -0.5525627 1.1584738 0.46153614 -0.08377231 0.2350358 0.09306533 0.13814326 0.5125771
36 0.31526238 -0.7323006 0.9673998 -0.3892689 0.051617246 0.5437594 0.6179371 -0.1848064
28 -0.020889968 0.116948985 0.7473929 -0.90896755 0.19022146 0.61337954 0.13913375 0.28082854
23 -0.26352626 0.19438474 1.2048993 0.10796096 0.5814066 -0.14296971 -1.0961014 0.016358146
18 -0.4850172 0.53917813 0.5929234 0.81651986 0.44307464 -0.38766658 -0.42682776 0.8662818
27 0.5244709 0.46614257 0.42613938 -0.8389568 0.7065823 0.5766213 1.0786393 0.04781789
39 -0.21256602 1.0455259 0.45755097 0.38927123 0.61379975 0.15432748 0.21211557 0.19455191
19 -0.1093021 0.046816945 1.0831099 -0.16263328 0.4241293 -0.27874348 -0.7555505 0.3376412
21 -0.3704059 0.34537074 0.43130642 1.0024067 -0.05470926 -0.1497505 -0.1904428 1.2524649
26 -0.37465245 0.41720545 0.30722943 0.011729373 1.0274483 -0.53955144 0.09041541 1.1299422
1 0.20489918 -0.35343024 1.0776522 -1.0349876 0.42709145 0.7084404 0.4699973 -0.63027996
15 -0.24197854 -0.20047852 1.3484136 0.19728503 0.5124089 -0.2947097 -1.1800396 0.023293309
49 0.644088 -0.26273775 1.0002272 -0.79047805 0.8749709 0.31719542 0.8604246 -0.75586843
16 0.15384033 -0.15567923 0.6384226 -0.8746551 0.10583688 0.52884126 0.56848687 0.45732093
24 -0.18569675 0.083277114 1.0228218 0.056025304 0.8221588 -0.38677284 -0.9575675 0.4524575
10 -0.80133384 0.088195145 0.8815432 0.022480283 0.12010378 -0.19513083 -0.33119333 0.48072737
13 -0.06399252 0.56666225 0.2241475 1.1067852 -0.058329396 0.16483809 0.30070534 1.1142005
6 -0.024561504 1.0959668 0.15437874 -0.28904697 0.7180574 0.19498305 0.87663746 0.5088429
31 -0.600475 1.0957063 0.5394384 -0.015379746 1.0517353 -0.35099018 -0.3874819 0.5893104
7 -0.5085092 0.6817539 0.35729358 0.57347196 0.8472212 -0.6765353 -0.242296 1.2202753
17 -0.022113707 0.03390945 0.886481 -0.98184705 1.0426543 -0.028921522 0.11708475 -0.09474592
30 -0.29252905 1.011557 0.6666285 1.0268157 0.04672557 0.03406777 -0.49842572 0.5185412
9 0.650057 -0.10098145 0.5935374 -0.25787315 -0.5729372 0.7537462 1.4727248 0.10385453
34 0.55744755 -0.55639446 0.8835244 -0.46303788 -0.4652415 0.70345706 0.6955157 0.17549033
3 -0.36931297 0.28961167 0.8732871 1.4346558 0.2270709 -0.514224 -0.66439813 0.58444697
22 -0.63398075 -0.33873817 1.1397288 1.0696888 -0.27317068 -0.1784004 -0.8152212 0.431025
29 -0.5421161 0.8370149 0.35212168 0.6178287 0.47356513 -0.2601516 -0.013501479 0.91874814
20 0.3048151 -0.4563113 0.6207181 0.08768914 -0.867203 0.78173727 1.2281376 0.3587607
35 -0.15203474 -0.96776295 0.8951577 0.81529623 -0.6320975 0.08352389 0.12929785 0.7563293
37 -0.35023388 0.3159979 0.60404253 1.4803963 0.06320158 -0.5147156 -0.21497044 0.94938064
12 -0.7720792 0.64955413 0.27392277 0.8833252 0.5836332 -0.3439691 -0.15837893 1.2162621
4 0.55273765 -0.15058187 0.6457853 -0.8603951 -0.3031153 1.0321658 1.2255725 0.09037521
43 0.48237067 0.8871501 0.45650607 -0.67692417 0.65752846 0.56232154 1.154527 -0.27206537
5 0.7706281 -0.33476642 1.0503395 -0.9284586 0.08463607 0.49245778 0.83669525 -0.4038227
2 -0.37788445 0.39955738 0.74703175 1.2300311 0.088564105 -0.19810529 -0.66205925 0.75976235
33 -0.22562382 -1.0131063 0.6225582 1.137302 -0.9901471 0.73182297 0.38229612 0.9332908
40 -0.1648921 1.4989328 0.05163836 0.56033266 0.5751104 0.32963446 0.6004483 0.60781556
41 0.79721195 -0.20790513 0.7107773 -0.5736929 0.12359744 0.6840142 1.6219894 -0.4273118
0 -0.4683369 0.47802818 0.7718316 1.3216597 0.31107655 -0.10654271 -0.752492 0.5394768
45 -0.13135774 -0.18932052 1.5470492 -1.0932007 0.5952051 0.13933823 -0.33772317 -1.0037241
11 0.3406409 -0.50407 1.0891004 -0.79280204 -0.47282887 1.1956925 0.50723755 -0.39583665
42 -0.40991163 -0.38533282 1.3868243 -0.5780057 1.035829 -0.48141414 -0.7668849 -0.27389637
32 -0.22823505 -0.3320088 0.5594372 1.4453769 -0.9002476 0.23027633 0.28127804 1.0448062
44 -0.09764653 -0.895263 1.5032918 -0.04441551 0.5224031 -0.027706422 -0.6531621 -0.52127874
38 0.51581633 -0.69189554 1.0243558 -0.21576455 -0.8095536 1.0213902 1.0973481 -0.38683563
25 0.75408846 -0.8035991 0.9521043 0.21531041 -1.0906557 1.1920754 0.4084226 0.28234935
14 0.6343106 -0.38942918 0.8065058 0.22643025 -1.1420264 0.98805565 1.1964108 0.071278825
8 -0.5511196 0.9158937 0.13272095 0.43273813 0.48291636 0.055572964 0.41504535 0.9284356
47 0.3007371 0.5738769 0.71942645 -1.0871315 1.6153302 0.3002945 0.85872287 -0.7830385
48 0.49371698 0.46626627 0.35275725 -0.43568483 -0.3454402 1.2988373 1.7522472 -0.095344424
