50 8
1 -0.36561635 0.13633361 0.91087395 -0.7045078 0.29283053 0.56733054 0.47940797 -0.27856916
31 -0.7927012 -0.044305906 0.98890024 -0.31900707 0.6576672 0.028377023 -0.26259968 -0.11773449
20 -0.9084116 -0.110313684 0.849277 -0.6072783 0.21431765 0.61574656 0.49818292 0.057681497
17 -0.7584913 0.01386784 0.9132239 -0.87372744 0.3210187 0.6300627 0.57878506 -0.098515384
19 -0.19192201 0.2521506 0.6089914 0.47162828 0.67494136 -0.33661494 -0.47377846 0.39303237
16 0.00097054604 -0.25325826 0.6072288 -0.94666445 0.014605165 1.0244981 0.6268603 0.15120922
45 -0.7550572 0.15206835 1.0666144 -0.89885324 0.37969792 0.562682 0.39136863 -0.43102947
28 -0.7074917 0.1703727 0.75639004 -0.73293227 0.16226952 0.800211 0.6343742 -0.019653082
39 -0.5098448 0.5015752 0.60545856 0.88660884 0.6847144 -0.34198174 -0.49648955 0.20956264
18 -0.052321907 0.219579 0.47198823 1.4184165 0.7350213 -0.3869878 -0.82152534 0.29449335
29 0.21440664 0.2556886 0.4222569 0.7142031 0.54585654 0.10750779 -0.213833 0.14760168
27 -0.08802767 0.019883601 0.70215374 -0.9751764 -0.051039547 1.0045215 0.86317307 0.03982987
43 0.007908156 -0.14097348 0.94813365 -0.9525435 0.4567725 0.6897307 0.27215812 -0.49411353
40 -0.14231645 0.44734243 0.30164918 1.7143605 0.4169079 -0.42550224 -0.58161145 0.79173857
6 -0.83089775 -0.022157641 1.0017123 -0.36364278 0.4819577 0.24143414 0.07229184 -0.20506978
42 -0.84046483 -0.0914164 1.0594357 -0.8621205 0.479396 0.32265046 0.24938448 -0.17383377
46 0.55382735 0.75765616 0.5484939 -0.04367403 -0.088787474 0.35966924 -0.15587625 0.07222114
8 -0.6597233 0.24667257 0.9070002 0.3831982 0.6355479 -0.2669084 -0.3625784 -0.043060042
24 -0.33622572 0.33846325 0.81920433 0.052831613 0.6867179 -0.31351438 -0.50836825 0.07230546
7 0.24997322 0.49872786 0.20119523 1.5116178 0.2691674 -0.28048947 -0.56582075 0.9101704
12 0.8408579 0.21205167 0.06404362 1.568781 0.2060492 -0.17382456 -0.9719101 1.1035522
36 0.04261861 -0.21339016 0.7001491 -0.9937885 -0.11221137 1.0269789 0.8607244 0.1511468
44 -0.71581835 -0.13906918 1.0703667 -0.3344605 0.8239484 -0.04320243 -0.3525434 -0.28949592
23 -0.30407408 0.36383122 0.90218395 0.39518288 0.84742785 -0.35063004 -0.7087082 -0.29673073
14 1.5026431 0.4109108 -0.30424532 0.7745959 -0.693176 1.0556777 0.2799566 1.05131
41 0.1847498 -0.33286926 0.682682 -0.8516994 0.20012298 1.3477147 0.91328603 -0.4833585
47 -0.1959263 0.16634755 0.92869115 -1.016217 0.16262746 0.8793673 0.60954636 -0.4132078
21 0.87706536 0.17678078 0.0011063586 1.3746674 0.14828072 0.08895407 -0.80813473 0.92014956
2 0.7270917 0.34780708 0.21462896 1.5203465 0.107182905 -0.17856605 -0.7581643 0.84769994
4 0.004550595 -0.20982073 0.7143416 -1.2430607 -0.09564698 1.1389107 0.7994194 0.11626889
15 -0.07375294 0.9136584 0.7453531 0.87271446 0.38851961 -0.47722605 -0.60404664 0.095181815
26 -0.7968966 -0.26366353 1.0065635 -0.29236224 0.46973523 0.4139587 0.23140816 -0.34904647
49 0.39708358 -0.1952768 0.6294323 -1.2652041 -0.2115703 1.3180364 0.81333274 0.023255287
34 0.67346954 -0.327803 0.5179409 -1.0830051 -0.44938672 1.4080033 0.7675595 0.2378812
30 0.21048504 0.24901302 0.40003762 1.360383 0.44809034 -0.31201485 -0.78281873 0.57110095
10 -0.7710163 -0.07189516 0.43588683 0.07691551 0.39026472 0.061623253 0.1603321 0.92193955
0 0.43880945 0.24690479 0.19506694 1.3053744 0.44749215 -0.38202026 -0.96945816 1.0014223
5 0.346322 0.14691567 0.6260693 -0.8994567 -0.095309496 1.0396577 0.72880274 -0.05596481
25 1.0011963 -0.03598179 -0.1771516 0.7854019 -0.51188403 0.85349274 0.52286255 1.1734297
3 0.73941296 0.29950717 0.3589769 1.1704844 0.34309965 -0.46740806 -0.9024372 0.8269985
9 0.32970497 -0.12399892 0.7112143 -1.1470392 -0.46522248 1.2643905 1.0484123 0.1526802
22 1.087005 0.020396398 0.049029507 1.5439869 0.21634994 -0.15377498 -0.9459257 1.0698185
13 1.0580841 0.14820378 -0.2271907 1.5822697 0.14191438 0.26291236 -0.6583643 1.1859597
38 0.5920691 -0.1216767 0.5660981 -1.0298868 -0.35827482 1.55727 1.0340917 -0.12024731
33 1.262319 0.28942618 -0.18261379 1.7032694 -0.10496057 0.29352623 -0.49152455 1.092678
37 1.2338265 -0.00520122 -0.17926732 1.8731085 0.0047140056 0.0033146057 -0.68548447 1.3991375
32 1.2810881 0.20536803 -0.079437435 1.618898 0.14368021 0.06526469 -0.83204335 0.99551785
11 0.46649906 -0.22509149 0.6062204 -1.2809795 -0.48815408 1.3932383 0.76916087 0.20527111
35 1.499324 0.05958204 -0.13634913 1.7267393 -0.06291048 -0.052501246 -0.73089474 1.3612908
48 0.952704 -0.12354266 0.00578541 -0.5793879 -0.69273174 1.0148734 0.4014021 1.3801038
