50 8
16 -0.35083455 0.90600705 0.5733147 -0.20102355 -0.823549 0.3870963 0.4231961 -0.04374999
1 -0.5259743 0.75977457 0.21016644 0.5772969 -0.74706423 0.013428929 0.50173455 -0.7326298
18 0.21405579 0.034431264 0.39643654 0.5024144 0.35231516 -1.0903875 0.21680953 1.0536778
36 -0.9096593 0.35916957 0.5156741 0.77635956 -1.0266789 0.22570512 0.061152622 -1.0225357
6 -0.5303815 0.6022257 0.33179504 0.7750133 -0.7676064 -0.9639399 0.29936996 -0.9191209
20 -0.76920485 0.38110375 0.20669548 1.17401 -0.20950516 0.5943124 -0.5485815 -1.0164691
28 -0.76373774 0.43822774 0.5629106 0.70243675 -0.9025352 -0.22162229 0.0064763296 -0.96015394
25 -0.09868027 0.26089874 -0.05873436 0.56791484 0.3870347 1.098862 -0.7387955 1.0405496
0 0.45854962 0.55068374 0.44657072 -0.13083337 0.38626614 -0.3463724 0.35444492 1.4975256
44 -0.58696854 0.44638526 0.32326317 1.0912033 -0.50515985 -0.612697 -0.064072676 -1.1524187
26 -0.25157183 0.17567466 0.6950541 0.3418823 -0.057641227 -1.0474018 0.22984876 0.27611297
15 0.23262797 0.22789763 0.5270285 -0.10345744 0.024080247 -0.7270228 0.27766606 1.5431447
27 -0.8181865 0.4877401 0.26660198 0.9885098 -0.7174078 0.35055727 -0.09051061 -1.1462243
46 0.13223569 0.34976158 0.83271605 -0.5065179 -0.37131953 -0.13934733 0.5515157 1.5271077
14 -0.1488357 0.66793144 -0.14028965 0.35308883 0.22691213 1.3485975 -0.3556428 0.7815305
17 -0.45777053 0.32206056 0.96141046 0.112540476 -0.8260647 -1.169549 0.5835379 -0.22246964
19 0.38416392 0.15532169 0.26192647 0.3439262 0.9487574 -0.36674085 -0.04348714 1.7064492
13 -0.26785895 -0.012962368 -0.1723482 1.3334897 0.79440045 0.03663319 -0.31523386 0.27735445
31 -0.5921567 0.351943 0.06863282 1.2978725 -0.54839236 -0.5804051 -0.01014519 -0.9648785
23 0.043519665 0.17378077 0.57755625 0.30360094 0.31640545 -1.374571 0.33067563 0.79380983
4 -0.68993336 0.49323958 0.2759989 0.9874756 -0.42107084 0.9960366 -0.38636866 -0.9451739
8 -0.45864153 0.34790713 -0.028990055 1.4476823 -0.21572043 -1.184533 0.10724197 -0.96674305
38 -0.8054601 0.70268625 0.12666039 1.040816 -0.25584406 1.0057027 -0.5061438 -1.1763148
7 0.55672616 0.3218271 0.14749898 0.20215285 1.0506219 -0.27967188 -0.24155386 2.0151255
43 -0.7306957 0.68069494 -0.11979563 1.0118182 -0.6229787 0.2491656 -0.053957723 -0.94610536
10 -0.115698874 0.5528566 0.22813036 0.5403762 0.06004643 -0.9552748 0.4357456 0.07973792
5 0.1818697 0.78223103 0.41980332 -0.5175317 -0.41058466 0.19319394 0.48321757 1.3420402
9 -0.61811656 0.76118195 -0.088872075 0.22498935 -0.5109493 1.3814166 -0.16432084 0.22436483
49 -0.41678834 0.5212454 0.9407397 -0.06108621 -0.9066875 -0.17763303 0.38394216 -0.2696573
2 0.3532254 0.35023776 0.21041366 0.12638073 0.90625834 0.39017254 -0.12568118 1.791763
34 -0.68483305 0.7351486 0.09048882 0.8973211 -0.11547695 1.2019751 -0.5800164 -0.83974665
29 -0.32367676 0.4058882 -0.26999453 0.88801014 0.43100598 1.2571846 -0.6605156 0.4077081
30 0.35106307 0.16264442 0.539366 0.029627778 0.10713857 -0.89713687 0.3311683 1.5455414
11 -0.4540754 0.6400046 0.5220125 -0.2851639 -0.7799143 1.1512973 -0.25052488 0.53112245
37 0.27168053 0.2592287 0.6293323 -0.23670541 0.43102756 0.7934063 -0.15110679 1.8756781
12 0.56989443 0.22315614 0.13983856 0.41423643 1.0829265 -0.34408247 0.029054532 1.8254321
42 -0.14387432 0.5830713 0.710875 -0.07215151 -0.32979244 -1.2706326 0.859001 0.27586648
41 -0.72888285 0.6013831 0.44440672 0.9955875 -0.34136122 0.5284831 -0.58721393 -1.3003898
24 0.058752242 0.19045885 0.7934252 -0.21318498 -0.1734275 -1.3650008 0.64168733 1.2626213
22 0.20993969 0.028682359 0.5202046 -0.007006827 0.50754267 0.23014535 -0.20775077 1.9291533
33 0.398469 0.4155632 0.25426477 -0.0588764 0.7008498 0.57520264 -0.20419714 1.9853843
21 0.36739135 0.33285162 0.42259616 -0.10153795 0.73208874 0.56993514 -0.12670808 1.935808
45 -0.15930705 0.93132156 0.7618589 -0.02258045 -0.6925966 -0.8954459 0.89509666 -0.46993807
48 -0.74807864 0.647672 0.20826215 1.1438785 -0.40127096 0.561749 -0.43627462 -1.2998189
3 0.40122527 0.487802 0.035092857 0.027797159 1.0501984 0.4652475 -0.052955747 2.0860276
47 -0.82688767 0.8535624 0.17385818 0.70343477 -0.7455241 1.17553 -0.32388273 -1.0369192
40 -0.9885858 0.48743176 -0.123273306 1.4845386 0.037588432 0.36982724 -0.41165438 -1.3095243
39 -0.9155278 0.6388463 -0.09035602 1.3548431 -0.17091954 0.51419145 -0.28155214 -1.4162982
32 0.46696663 0.3402996 0.28204894 -0.15077409 0.8187037 0.24162424 -0.041249078 2.3303642
35 0.34611353 0.172175 0.42851576 -0.13753949 0.60130817 0.22732757 -0.15732148 2.1932974
