50 8
46 0.119334474 0.40253007 0.8272036 0.16337255 -0.23670235 0.046798427 -0.68907756 0.5073557
28 -0.5302641 0.06720347 0.55150807 -0.25814128 1.0021056 0.8294238 0.52209693 -0.24757834
1 -0.1663131 -0.10958115 0.8572927 -0.7924304 1.0539819 0.5842702 0.043443475 -0.22645514
42 -0.2513073 -0.8907869 0.22080983 0.3918358 0.16405125 0.74920744 0.88702136 0.40494668
41 -0.1964844 -0.67421126 0.443647 0.13109683 0.6744787 1.0484279 0.8414313 -0.24619798
19 0.03192324 0.67558455 0.8464809 0.029231636 0.22490679 -0.24600738 -0.94064564 0.5998492
18 0.5979451 -0.4670942 0.039027043 1.5949113 -0.45285267 0.13905184 -0.24849084 1.1671239
38 -0.5900208 -0.26482707 0.32508585 0.17124434 0.45729184 1.2301301 0.8275157 -0.26464722
11 -0.09026056 0.18856674 0.835207 -0.78037477 0.8543053 0.41494766 -0.45228347 0.014046829
15 -0.10306931 0.92003715 0.919767 0.10247608 -0.21372832 0.0843814 -0.46655422 0.3862634
49 -0.41060835 -0.17610629 0.94987774 -0.47775027 0.877184 0.20477651 0.25717488 -0.071358845
47 -0.32713744 -0.30980015 0.8050192 -0.73245806 1.0498599 0.62641597 0.37828916 -0.21892266
16 0.33768344 -0.65401715 0.5527095 -0.6626051 0.44826427 0.3114685 0.20243977 0.70785385
27 -0.3174753 -0.3563807 0.43946767 -0.24965933 1.1248987 1.0956322 1.0151985 -0.31978598
36 -0.51773435 -0.21797761 0.72381395 -0.639568 1.0286971 0.78629166 0.6199087 -0.30261773
34 -0.29371023 -0.32191038 0.91911155 -0.93340665 1.0310599 0.5230876 -0.01006252 -0.18287317
5 0.16223282 0.70670116 0.8714268 -0.42771006 0.55303246 0.05841479 -0.6041368 0.3798583
14 0.13898736 1.1175535 0.8718276 -0.8083082 0.76364636 0.09419247 -1.2791309 0.36889568
20 -0.7466005 0.4754165 0.66259813 -0.7373443 0.97281885 0.8779831 0.013702661 -0.37653542
25 0.12641245 0.20513692 0.5751408 -0.73681766 0.9451735 0.39405587 -0.7389994 0.29362032
43 -0.3267768 -0.85227096 0.33365658 0.015394001 1.0806682 1.1883214 1.1890802 -0.31607962
9 -0.024870485 0.5913394 0.9829507 -0.8443195 0.8747388 0.38356787 0.00031487734 -0.06939969
23 -0.27923298 0.4166504 0.89892715 -0.06697531 0.539695 0.14924398 -0.44555047 0.0044610943
21 0.3415308 0.35796204 0.6347026 0.49617857 -0.5338525 -0.19115527 -1.2285508 1.0523933
45 -0.25662917 -0.36591718 0.6825456 -0.13951242 0.55925673 0.8956239 1.025124 -0.22319695
29 -0.19102725 0.12762734 0.9583248 -0.7101991 1.001306 0.07782317 -0.349289 0.10064768
13 0.24471386 0.28325248 -0.124671355 1.6238768 -0.63125855 0.3690788 -0.48348448 1.1441123
0 0.57408667 0.020339016 0.4464819 0.9112446 -0.40645838 -0.26963714 -0.6424315 1.2145996
40 -0.08029929 -0.8808146 -0.10809045 0.941394 -0.9557228 1.1548632 1.0969143 0.814337
33 0.13483344 0.5304433 0.7453264 0.5625396 -0.63334006 -0.35573986 -1.2314419 1.0630633
7 0.40838668 0.33107162 0.40014857 1.3532482 -0.95956415 -0.12750211 -0.6408995 1.2877051
24 0.06298948 0.76130885 0.65334636 0.7097458 -0.46736938 -0.28339493 -1.3501551 1.0099785
6 -0.38232705 -0.63163817 -0.0429086 1.0176425 -0.24519567 1.2059934 0.7367005 0.20605071
2 0.13748895 0.5969131 0.30646467 1.3664231 -1.0513105 -0.0558228 -0.8214124 1.2976524
26 -0.19629598 -1.0558448 0.016554715 1.401047 -0.5537133 0.8047928 1.0302763 0.6004034
12 -0.074672654 -0.27696925 0.04633768 1.7112451 -1.0040426 0.50760776 0.24749115 0.91846126
39 -0.41642457 -0.86335236 0.09911972 0.5452048 0.2608606 1.114934 1.530543 0.16015181
35 0.62365484 0.4520551 0.9607149 0.34973 -0.76576227 -0.64541584 -1.2316136 1.3413061
30 0.6057268 -0.36423936 0.1342015 1.3831627 -0.74298036 -0.06745983 -0.43336257 1.4385394
37 0.4604676 0.3399128 1.0028759 0.440295 -0.4719504 -0.624208 -1.3128282 1.0029715
17 -0.016281484 -0.8318055 0.6277883 -0.51972616 0.3608635 0.27531594 0.82377887 0.6746718
10 -0.3546724 0.93489426 -0.0706507 0.91704226 -0.33273482 0.8546178 -0.82450116 0.57810926
48 -0.34598672 -0.8803906 -0.15437156 0.4232711 0.46891594 1.5070678 1.6681826 0.1510035
3 0.3078868 0.82405436 0.4346768 1.181749 -0.6314183 -0.252682 -1.0318774 1.2109176
31 -0.4390075 -1.06964 -0.2414505 0.91800994 -0.41129568 1.4818282 1.5970962 0.42399052
22 0.46479735 0.0668426 0.97594386 0.34915167 -0.6713782 -0.6436247 -1.1713141 1.2182615
4 -0.5640532 0.1426964 0.63884366 -0.63723093 0.920317 0.8878125 0.18143412 -0.28824282
44 -0.2684456 -1.1517546 -0.03349487 1.2915944 -0.40831187 1.0443372 1.4118102 0.4282659
32 0.44191986 0.60017323 0.7977993 0.46866786 -0.8729366 -0.35998937 -1.5509609 1.221376
8 -0.21858563 -0.43150154 -0.3328428 1.5189502 -0.82039654 1.1583817 0.5443745 0.7423072
