50 8
49 -0.72194356 0.36512983 1.1879013 0.21232308 0.48910773 -0.043584973 0.03157971 -0.7734842
29 -0.47083485 0.9109844 0.55955863 0.22465445 -0.18699196 -0.29645926 -0.43664524 -0.5784354
43 -0.5177787 0.72331583 1.167037 -0.04301412 0.4693394 -0.09018282 -0.08595029 -0.86211103
36 -0.7275335 0.5270672 0.98972327 0.263848 0.4708044 0.03040191 -0.003838175 -0.77800536
17 -0.6349854 -0.14285614 0.575133 0.7904773 -0.032780398 -1.0592164 0.21444999 -0.13590997
20 -0.47902402 1.013833 0.85342586 0.19062744 -0.11143328 -0.36608365 -0.63692063 -0.99092245
28 -0.6578962 0.3290814 1.1069117 0.44481996 -0.022802481 -0.5152419 -0.063030206 -0.87166935
27 -0.95180905 0.672932 0.5471305 0.7289757 0.18255909 -0.67925435 -0.52768075 -1.0096208
1 -0.89156634 0.007704333 0.79589254 0.8861918 0.3606817 -0.8335937 0.26970688 -0.73053235
42 -0.8279856 -0.072901025 0.42142504 0.76093227 0.43055287 -0.8045695 0.5349671 -0.10456248
31 -0.89175886 0.4518357 0.5592815 0.8176279 0.26477587 -0.9228407 -0.07545311 -0.88328236
45 -0.77596635 0.8411961 0.8071728 0.50727975 0.091058776 -0.45211533 -0.17540151 -1.1777296
23 -0.13566041 -0.4512209 -0.062106293 0.701677 0.3626387 -0.5027714 0.7181489 1.4110895
16 -0.06791298 0.72128004 1.0875452 -0.116998136 -0.35190725 -0.1678785 -0.086357705 -0.450559
15 0.16626064 -0.34481847 -0.26616412 0.5810544 -0.1070344 0.07112302 0.46593812 2.003998
34 -0.58219373 0.35900813 0.99531096 0.28203517 0.7104942 -0.27299502 -0.19762334 -0.65849274
6 -0.63503045 0.8366366 0.45335925 0.6002757 -0.6719934 -0.89248747 -0.70981586 -0.80901295
0 0.32559827 -0.4617642 0.049030438 0.5687812 -0.11470728 0.12828606 0.42713255 1.9347256
5 0.36821273 0.024666214 0.44728264 -0.033699345 0.044931103 0.6672549 0.1716042 1.3141813
7 0.5242327 0.19968049 -0.31156558 0.40625095 -0.27029598 0.18372957 0.14323346 1.8181354
14 0.18527383 0.9893384 0.4546962 -0.4299042 0.66691154 0.9492224 -0.13318758 0.40882143
39 -0.7363442 0.9112668 0.7091601 0.42513144 0.017579151 -0.5797962 -0.5778586 -1.0359209
19 0.1610289 -0.20349137 -0.34395048 0.54669935 0.38761616 -0.053282782 0.49086612 1.8623527
22 0.59644395 -0.07540627 0.023328386 0.3000069 -0.23393112 0.8367612 0.30878806 2.0097957
21 0.6444128 0.18931772 0.07365081 -0.2023038 0.34854499 1.0076567 0.27424574 2.0712955
4 -0.474456 0.734956 1.1112521 -0.015312901 0.4875456 -0.041228887 -0.12040999 -0.8217252
38 -0.37770662 1.3143189 0.94034207 -0.1356059 0.41053435 0.0021653255 -0.53555804 -1.0725396
44 -0.60796523 1.0384995 0.71362627 0.32511324 0.0036590614 -0.6134493 -0.5165742 -1.0907695
47 -0.8465946 0.011150448 0.30806276 0.854397 0.49499968 -1.02454 0.29104432 -0.19950683
41 -0.5674582 1.225455 0.93582714 0.0843017 0.2288562 -0.2567054 -0.35373405 -1.2514918
33 0.5924218 0.06441714 -0.04070328 0.042911123 0.21856067 0.5780008 0.21828562 2.089821
40 -0.8572057 0.74398226 0.76995814 0.40810353 0.38856295 -0.52358305 -0.024224581 -0.978741
35 0.5369902 -0.15806746 -0.016830398 0.11388724 0.26825026 0.5508293 0.42869565 2.1926029
32 0.8293585 0.27590925 0.03815198 -0.16951436 0.20143035 0.93524003 0.35445976 2.0976088
26 0.036455486 0.6662414 -0.06963404 0.31302315 -1.2522191 -0.5181051 -0.5104575 0.64733243
18 0.5486435 0.36892793 -0.38280833 0.32865557 -0.757208 0.54203707 -0.03628862 1.8960307
10 0.30782208 0.6379374 -0.45022127 0.4219951 -0.76273626 0.23552158 -0.122051686 1.3308963
30 0.51797366 -0.0775846 -0.30116025 0.43177715 0.34505448 0.23429331 0.507189 2.0589933
25 0.5032357 0.7226614 0.14194317 -0.18450813 -0.40627956 0.8402859 -0.15857711 1.1892616
8 -0.30323312 0.94860864 0.12676163 0.56821257 -0.6907131 -0.6221535 -0.6703844 -0.3491311
48 -0.72049195 0.7653554 0.925559 0.4863843 0.30524483 -0.58548445 -0.43959054 -1.1722678
13 0.914826 0.8958139 -0.13299242 -0.23280595 -0.32895952 1.0432746 -0.33157972 1.7132071
46 -0.4182614 -0.47206527 0.30968994 0.6847137 0.78936714 -0.60101306 1.041309 0.7976588
3 0.5640686 0.08553415 -0.3478283 0.24220262 -0.23480377 0.2871541 0.2546648 2.2509942
37 0.74185777 0.045272388 0.13527112 -0.005866644 -0.52127737 0.89100575 0.4401931 2.1682975
2 -0.16881591 -0.5649143 -0.04674259 0.8005142 0.7294353 -0.028347842 0.8204733 1.4648936
24 0.2774403 -0.31257883 -0.6173137 0.7591799 0.4543494 -0.0842324 0.17070447 2.2778897
9 -0.037898272 1.5746797 0.8401814 -0.7025264 0.31348643 0.9360644 -0.02833969 -0.4821607
11 0.36569068 1.0698204 0.79789877 -0.7280405 0.5520074 1.1114208 -0.30062386 0.29184514
12 0.69884944 -0.19270764 -0.2568548 0.24229369 -0.22673075 0.24236181 0.42180657 2.5389445
