50 8
43 -0.40476146 -0.2849777 0.6003143 1.0296065 -0.26938808 0.16141239 0.3326578 0.5106036
1 -0.20782761 1.1322037 -0.0060413824 0.24466908 0.1849036 0.70943326 -0.2393975 -0.08335607
24 -0.21962054 -0.16351567 0.32273838 1.0894605 -0.33976305 0.038023107 -0.4348826 -0.5905394
25 0.12172343 1.4686543 0.2581331 0.04881073 -0.2639001 0.08499718 0.25955015 -0.12269755
23 -0.056352094 0.4607754 0.44561902 0.47519982 -0.77384543 0.071278155 0.01810127 -0.087097995
49 -0.936237 0.10373145 0.40349677 0.28078142 0.046521306 1.1287668 -0.55432934 -0.53921103
45 -0.46157935 0.721161 -0.10791669 0.5363327 0.06518496 0.5540213 0.019985244 0.018454008
36 -0.33945718 0.8596093 -0.3258183 0.58906996 -0.23408748 0.79404974 0.11436994 -0.5893205
28 -0.4363921 -0.26757568 0.69455945 0.7817783 -0.5857582 0.056039743 -0.33640033 -0.9313953
27 -0.85792744 0.23017679 0.9739385 -0.0010421857 -0.23619732 -0.31202573 -0.39911592 -0.9236029
48 -0.028750177 0.65977895 -0.1669154 0.9023273 -0.5528474 -0.38300535 0.09655552 0.17060536
19 -0.053594552 -0.36348957 1.0606971 0.9548096 -0.39311314 -0.4601259 -0.5498493 -0.52257395
42 -0.29490983 0.4781914 0.0013887702 0.917337 -0.13444495 -0.028248252 0.4631532 0.7097445
41 -0.25207728 1.1731632 0.477145 -0.1073906 -0.13260439 0.10660907 -0.13882214 -0.7967451
4 -0.49781042 0.4890857 -0.15162134 0.6198046 -0.3053355 0.8476572 -0.105333306 -0.8033281
44 0.10656739 0.06481981 0.34354216 1.2465625 -0.39995822 -0.16334149 0.25552997 1.6627312
13 -0.43070072 0.009993578 0.9214806 0.63919157 -0.35218635 -0.70762706 0.19622003 0.16831626
16 -0.2380136 0.8258687 0.39873832 0.26453692 -0.21092537 0.067110375 -0.24651209 -1.2327006
18 -0.6210316 0.019594751 0.78328586 0.665092 -0.30789775 -0.66404045 0.42083701 1.2796937
21 -0.5940044 -0.806149 1.2381022 0.94360894 -0.0513268 -0.34490585 -0.8181851 -0.5208546
38 -0.13132438 1.6619283 -0.04495609 -0.18585631 -0.115890674 0.19066384 -0.4808543 -1.0125226
40 -0.12412421 1.5053195 0.5444034 -0.013212975 0.45386556 -0.5413721 0.27423358 0.84203196
20 -0.5669578 0.4218532 0.32962748 0.28230247 -0.52791977 0.22391933 -0.33777353 -1.2368695
26 -0.72648764 0.1076571 1.0668197 0.15338914 -0.22992301 -0.6200697 -0.42689592 -0.4747501
34 -0.33460772 0.69631666 0.11647048 0.40598187 -0.1250867 0.6033069 -0.52424085 -1.269527
8 -0.5114065 -0.0614675 0.92395115 0.6971611 -0.49697673 -1.2723671 0.19583349 0.13886343
2 -0.45479664 -0.6959323 1.505122 0.84115845 -0.31343177 -0.637942 -0.10130409 0.36901012
10 -0.7265356 -0.884728 1.1121922 0.9289842 -0.39042085 -0.17609087 -0.59600705 -0.753266
31 -0.12665986 0.6201105 0.48456013 0.646113 -0.2845665 -1.0205481 0.23796006 0.9096297
30 -0.13246019 0.90995765 0.6167554 0.4096096 -0.036929112 -0.7942827 0.48501578 1.4639411
6 -0.6941485 0.3932955 1.1460539 -0.004662562 -0.33193132 -1.2538339 -0.21837899 -0.46701068
29 -0.6285285 0.5774931 0.71149087 0.04598806 -0.50603396 -0.75338763 0.009375926 -0.4649797
15 -0.603381 -0.7778884 1.1065626 0.97535366 -0.38227233 -0.021014564 3.938328e-05 0.42491347
22 -0.35435745 1.1174263 -0.77905923 0.8057168 0.44747558 1.2125212 0.20626125 0.8854265
14 -0.39216244 0.7416981 0.04204177 0.29672062 0.18185158 1.3587208 -0.81269187 -0.42649865
17 -1.0307156 -0.032943662 0.3392666 0.48669448 0.0028684866 0.15583076 -0.6280622 -1.0629543
33 -0.06410896 1.6591842 -0.6113667 0.3951452 0.36271644 0.875589 0.046313684 0.6608317
5 -0.683017 0.23293336 -0.15097922 0.6654838 0.21259989 1.4183741 -0.74040323 -0.31788492
39 0.07678547 1.1219558 0.07226277 0.5601181 -0.12601356 -0.343628 0.20144787 1.4043275
7 -0.58511233 -0.97730076 1.3015891 1.0736983 -0.33374903 -0.94328064 -0.7998996 -0.2558209
11 -0.58939475 1.2299025 -0.4242329 -0.0039452235 0.1992073 1.8629743 -0.71971095 -0.4187897
9 -0.88922286 0.6709381 -0.21692142 0.2817073 0.19469024 1.1273733 -0.62491524 -0.8414041
37 -0.547164 1.2492415 -0.15869744 0.26976743 0.27883732 0.36810035 0.64976645 1.4524437
35 -0.1079665 1.2507042 -0.06372561 0.37591514 -0.102731034 0.41449615 0.46097472 1.6101115
47 -0.3196115 1.7487081 -0.8319756 0.36719695 0.56343615 1.0846713 0.119296126 0.55554765
32 -0.12644759 1.2014196 -0.036633793 0.5375775 -0.010564822 0.12019337 0.8033875 1.6921161
0 -0.24958014 -0.9523745 1.2693616 1.271939 -0.557666 -0.36129397 -0.03921218 0.9398559
12 -0.09252269 -0.91242945 0.7122017 1.6276497 -0.44078872 -0.530257 -0.65112984 0.15937108
3 -0.2667148 -1.3499789 1.6482217 1.4632351 -0.19750826 -0.6169049 -0.50579494 0.601356
46 0.27181455 2.2448392 0.052538224 -0.4479248 -0.4362668 -0.3715842 -0.056687 -0.0547153
