50 8
36 0.48822162 0.39191127 0.9995273 0.12818766 0.83260465 0.43193832 -0.24486613 -0.040755376
43 -0.3802904 0.16903958 0.75079346 -0.7332282 0.7134839 0.7343162 0.18943262 0.20630705
27 -0.2041006 0.09625891 0.7480898 -0.22485007 0.39401257 0.85909563 -0.07925585 0.088854395
49 0.37928095 0.024966232 1.2559941 -0.38489375 0.51869273 0.78937286 -0.16434024 -0.21782734
24 0.58391315 -0.06703863 1.1360751 0.32498622 0.45293453 0.3656385 -0.42226702 -0.115360655
1 0.26748425 -0.092449404 0.93093014 0.13889493 0.3988138 0.55065495 -0.2789053 0.032016743
28 -0.04024943 0.7890349 0.83405375 -0.2767835 0.823446 0.26552457 -0.12671885 0.4094146
45 0.37016755 0.1340075 0.91442543 -0.31713775 1.2055223 -0.0782996 -0.27662268 0.45560807
19 0.3728071 0.11467584 0.8741274 0.38579425 0.91658974 -0.29737875 -0.31521457 0.32437465
2 -0.5783084 0.03140256 0.2697461 0.9258292 0.43195593 -0.3983016 0.29773194 0.46578625
12 0.37226573 -0.1184641 0.7940533 1.3951712 -0.35354885 0.0884603 -0.37870553 0.23209646
41 0.28622058 -0.08133444 0.9870107 0.2889078 -0.36755964 1.27447 -0.06304666 -0.18659377
39 -0.14214161 -0.04383805 0.94320685 -0.2748948 1.1005716 -0.30332687 0.11161923 0.1821241
26 -0.8486619 0.26397535 0.07069963 -0.29703945 0.9359085 -0.3391654 0.59136087 1.2589839
38 -0.17531607 0.03554163 0.8524542 0.19950867 -0.30971354 1.1185254 0.10298101 -0.11638338
23 0.71252096 0.27895504 1.330189 0.09765859 0.45056587 0.60746026 -0.48351914 -0.19197597
44 -0.39578524 -0.48192987 0.60541886 0.21920086 1.1570336 -0.7192203 0.1940229 0.25298414
35 -0.1975089 -0.67189723 0.44557396 1.6481599 -0.9452699 0.30865481 -0.004827893 0.27576363
17 -0.22521797 -0.13449235 0.5079493 -0.24239363 1.2386564 -0.41102007 -0.01744777 0.7484218
9 0.3216875 -0.26115367 1.173712 1.018069 -0.80600154 0.82789534 -0.040870614 -0.39739725
34 0.6511367 -0.15727524 1.1127467 0.1855713 0.09302604 0.76531786 -0.5850881 0.10669621
42 -0.69513637 -0.2588208 0.47875363 -0.6982292 1.1889265 -0.22143692 0.20939407 0.70691705
25 0.21206006 -0.07556609 0.718145 0.97829956 -0.29394507 0.5943139 -0.3588596 0.1306956
14 0.51274955 -0.12396176 0.8514368 1.1396158 -0.7473382 0.97828007 -0.4740184 0.08101947
16 0.6041756 0.6172 0.9066342 -0.0065276157 0.4823539 0.8363628 -0.2428537 0.2674833
6 -1.4496127 -0.1869327 0.17231867 -0.40429544 0.20138027 0.5440159 0.94844866 0.4913015
4 -0.19058195 0.19090697 0.7153271 0.41921508 -0.94485056 1.4788841 0.11630584 0.16126508
29 -0.574445 -0.058071904 0.23345895 -0.20466556 1.1548835 -0.02250223 0.19051927 0.62961715
15 0.20737112 0.27578032 0.93017685 -0.05306094 1.1578469 -0.46632314 -0.25092268 0.45302323
18 -1.1666157 -0.49478975 -0.24255122 1.1280494 0.4488711 -0.64747727 0.5889533 0.8229543
40 -0.77848494 -0.022533461 0.18635882 0.27229437 1.0144527 -0.66657215 0.5743771 0.7287824
7 -0.38574266 -0.1430609 -0.16042382 0.811096 0.3074373 -0.040089037 0.49895716 1.0915676
0 -1.0194168 -0.28008938 -0.19109005 1.4231048 0.32566375 -0.848141 0.25688034 0.97255063
31 -0.7573427 0.03243025 0.31360862 -0.15065627 1.2352481 -0.81925064 0.31210524 0.9933569
3 0.8947875 -0.24105951 0.9691917 1.3953463 0.3793146 -0.25991672 -0.5984957 0.024120469
30 -1.3921779 -0.21571463 -0.14977835 0.96484274 0.48512718 -0.97090626 0.5396323 1.0213953
5 0.41515568 0.14377539 0.6057953 -0.18064271 0.30372742 1.2450974 -0.0788182 0.41947594
10 -1.3473966 0.13277867 -0.116766565 1.2809218 -1.0544292 0.68534243 0.90068364 0.55184513
11 1.1465454 -0.17492098 1.0813773 0.5718756 -0.046831384 1.2228671 -0.7074156 -0.08303795
20 -0.8740309 0.5153547 0.38289145 -0.44372225 -0.03000588 0.9887879 0.6084576 0.5869216
8 -1.2566718 -0.5240497 -0.44773704 0.0064914944 0.8310642 -0.067073844 0.7499016 1.2034886
47 0.27359763 -0.3967317 1.2745606 -0.4374994 0.28006697 1.2547234 0.014355248 -0.602933
32 -1.1509489 -0.7583268 -0.2484885 1.910235 -0.75913954 -0.17988922 0.55508673 0.66966724
13 -1.4677235 -0.04529076 -0.61726505 0.9819396 0.02933092 0.15662687 0.6959997 1.1107756
33 -0.85078174 -0.9180178 -0.50888973 2.2968376 -1.1173699 0.62738955 0.62554795 0.51303726
22 -0.47040507 -1.3856404 -0.17264141 2.0036488 -1.3143586 0.5324361 0.42293793 0.6817253
21 -0.49814516 -1.1746545 -0.3385001 2.2244987 -0.53677416 -0.23325858 0.051121935 0.85154283
37 -0.8644426 -1.0842525 -0.1747407 1.792 -0.90721464 0.047223795 0.3895174 0.76461184
46 -1.4547544 -0.054078694 0.77925444 -0.2796166 -0.57633096 1.1904801 0.7031255 -0.3974013
48 -0.6444917 -0.16716744 0.3466859 -0.89825726 -0.641678 2.4172537 0.5923815 0.4511952
