50 8
28 -0.36762145 1.1953801 0.71618074 -0.51010746 -0.024941877 -0.8972327 0.1620824 0.72673297
38 -0.51542914 1.3947256 0.25389737 0.9625667 -0.10820953 -1.0096519 -0.002036719 1.168454
34 -0.6265316 1.4472536 0.08119271 0.89135796 -0.105113246 -0.992108 -0.06511792 1.2621695
18 1.6249598 -0.7256918 -0.7352556 -0.11908727 0.3807691 2.0913293 -0.7560382 -0.9061435
4 0.2520288 1.9755576 -0.40687534 0.53575444 -0.29724395 -1.6990395 1.1276668 0.67453647
2 0.7342921 -0.39847472 0.11170153 -2.0049272 0.77545136 1.3852483 -0.24938947 -1.6421837
36 -0.6541816 1.6025634 0.552446 0.54397935 -0.49228188 -0.929464 -0.05934215 1.0940193
27 -0.038048666 0.9448232 1.2122363 0.12456708 0.15243392 -1.1400527 0.19054885 0.92352945
0 0.78447616 -0.42801055 -0.6430937 -1.1316758 0.7931981 1.4805971 -0.5857564 -1.76031
9 -0.41033137 1.8146658 -0.23763557 0.5159432 0.14736421 -1.1257361 0.9149521 0.6481109
11 -0.23966874 1.880862 -0.2806999 0.2217177 0.008137099 -1.557693 0.91101664 0.80407053
15 0.008778603 0.28249526 0.7937997 -2.1619167 0.8152049 -0.029088337 0.35833102 -1.3600904
12 -1.4778135 -0.0908097 -0.8553341 1.8146987 0.76491284 1.0013396 -2.4087226 -0.3576457
43 -0.71143216 1.195918 1.3706379 -0.27066904 -0.18425755 -0.70103765 -0.00056471187 0.53769666
21 -0.504274 -0.35390612 -1.3559971 1.0031585 0.71277946 2.0016186 -2.0503345 -1.0749279
1 -0.5104249 1.1758476 1.3066629 0.29518378 -0.30372077 -0.8238055 -0.16987415 0.8603694
37 1.7841661 -0.47146356 -1.2430716 0.49304652 0.40296206 2.52441 -0.31241393 -1.0203872
14 -0.1333161 1.7231929 -1.098858 1.1795805 -0.16190399 -0.30350626 0.77251863 0.28399765
7 -0.046265543 -1.2178049 -0.15599206 0.29057428 1.5052819 1.5933759 -1.8562311 -0.3031046
26 2.040785 -1.1283545 0.7167001 -1.0084554 1.0578941 0.20052552 -0.19070677 -0.56843525
17 0.36522418 0.13336745 1.3130915 -1.3622192 0.997909 -0.98262453 0.39992097 -0.37937295
13 -0.75210714 -0.31566742 -1.2272795 2.0606606 0.63113433 1.6668917 -2.3712218 -0.54472935
20 0.77940935 1.3002967 -0.68028426 0.13229607 0.3662543 -0.87599754 1.4466656 0.7205957
24 0.483883 -0.31222367 0.4007344 -2.02531 1.0148662 0.5269517 -0.15727337 -1.504002
30 1.5696474 -0.6303449 -0.6796239 -0.39783177 0.09729268 1.9123963 -0.93144304 -1.091979
6 1.8322836 -1.1526226 0.7488733 -1.0902326 1.4071482 -0.31336185 -0.13866098 -0.040027916
32 0.5206922 0.12715936 -1.5809331 1.5822922 -0.12208517 2.9096186 -1.0804887 -0.83886236
8 2.468756 -1.191686 -0.047884993 -0.92331827 1.008467 0.86532986 -0.2721887 -0.20032352
35 0.21984746 0.78603464 -1.8543165 1.8886809 -0.79762876 2.7056615 -0.97976357 -0.52644414
16 0.42848796 0.8028247 1.2299868 0.14968029 0.43529302 -0.93975663 0.9780067 0.37475097
3 -1.4447172 -0.18942265 -0.98875105 1.4805568 0.9427134 1.6224306 -2.2479424 -0.06619545
31 0.03037123 0.115954384 1.7438567 -0.99727803 0.028139355 -0.04125321 -0.60915387 0.43873134
33 0.8621496 0.2298063 -2.2180297 1.6049117 -0.34324822 2.4120388 -1.1764563 -0.9638179
40 -0.076941505 -0.34567386 1.2547337 -0.41715425 0.47609645 0.28752112 -1.1478947 0.17738567
39 -0.8992163 0.7669568 1.4313248 -0.110727735 -0.23079808 -0.39716604 -0.9393482 0.6957958
45 -0.21242453 1.5235066 0.8168787 -0.046868414 -0.5416144 -1.1451163 0.17500487 0.5638271
23 -0.023161571 -0.2397647 0.45647442 -1.8323463 1.0449642 0.75845635 -0.30646577 -1.435476
49 -0.47365877 1.7586211 0.46371186 0.16433644 -0.23363008 -1.3315108 0.4769544 0.63704616
29 1.733423 -1.0697573 0.32473984 -1.2134352 1.0833842 0.30613726 -0.395011 -0.37120745
19 -1.1953808 -0.04336592 0.61207867 -0.21017274 1.074835 -0.15077001 -1.280233 -0.35389146
10 1.8657659 -0.4766168 -0.92178667 -0.459655 0.80574876 -0.22093336 -0.122540824 -0.08939003
41 -0.5360377 1.4923086 0.62498266 0.5805174 -0.15976878 -1.2679077 0.11655326 1.151217
42 -0.7935773 1.0843467 1.6498606 -0.6379358 0.11017694 -0.56695014 0.13429111 0.4109742
5 -0.23692502 1.605404 0.07384605 -0.4816403 0.3362433 -0.91313463 1.2800298 0.02646353
22 1.4358684 0.4302483 -1.9203901 1.3522259 -0.82527775 3.0220115 -0.5671193 -0.8659792
47 -0.27976313 1.6278445 0.7389125 -0.22787105 0.082875 -1.301088 0.9745153 0.4299337
46 0.056199525 1.3393081 0.7110143 -0.09010264 -0.061121624 -1.2488701 0.6789436 0.58967125
25 1.744228 0.8815901 -2.4492824 0.5558793 -0.46058354 0.42725098 0.3276686 -0.036056597
44 0.7516794 1.0163496 -0.015326721 0.9661533 -1.1268842 1.2313184 0.0724211 -0.020086223
48 -0.3974652 1.5131297 0.5428347 0.56414616 -0.04882364 -1.3579626 0.30238578 1.0840921
