50 8
25 0.003956666 0.49216315 1.0125973 0.29772946 -0.1722455 -0.15329474 0.06603637 0.17478302
43 -0.1796727 0.7595406 0.5482066 0.30444184 -0.76803964 -0.47076535 0.057632353 -0.5114868
42 -0.52400595 0.45608976 -0.08290907 0.65068024 -0.72520167 -0.38088825 -0.27454555 -0.30060473
6 -0.34845886 0.19973241 -0.39744294 1.109566 -0.24357493 -0.27763185 -0.35737288 -0.3593283
36 -0.1241617 0.9890208 0.7272844 0.11507978 -0.78800446 -0.19078566 0.16861668 -0.5845447
23 -0.37329265 0.16059768 1.0641006 0.3040632 0.32825205 -0.11238645 -0.039164573 0.32394835
17 -0.5026255 0.2949894 0.64001614 0.6000876 -0.89226794 -0.3895049 -0.21030247 -0.7577562
28 0.053138666 0.49267146 0.49379173 0.76203924 -0.704337 -0.551792 -0.024908908 -0.75960857
26 -0.556829 -0.44147184 0.34440422 1.191665 0.4369448 0.11927384 -0.77785873 0.085634395
1 0.036968525 0.67577785 0.51947916 0.59480804 -0.9339348 -0.4781129 -0.02203955 -0.74687934
20 -0.21754423 0.88799816 0.44691142 0.38619676 -0.628699 -0.4259773 -0.1858809 -0.9066496
38 0.07846322 0.87309545 0.75081176 0.32318473 -0.7563245 -0.60354805 -0.17626397 -0.69767004
45 0.0924526 0.8752181 -0.08904611 0.73848563 -0.5774646 -0.5053438 -0.0037018824 -0.897218
39 -0.26820326 -0.025002552 0.5854769 0.9199998 -0.42964906 -0.5784524 -0.40909272 -0.44966117
49 -0.10665957 1.0461301 0.48387307 0.21616867 -0.99967337 -0.37195772 0.13101405 -0.7488598
27 -0.16920923 0.79830617 0.94723576 0.24307942 -0.8601036 -0.43683985 -0.11754417 -0.86226404
31 -0.30620387 -0.22447313 0.44732422 1.219454 -0.20798695 -0.598736 -0.5730704 -0.72168875
8 -0.30968106 -0.29786733 -0.35976842 1.5538807 -0.2126248 -0.2137965 -0.6358235 -0.34093314
41 -0.27615264 0.5620806 1.6875904 -0.01330175 -0.0129117435 -0.15631779 -0.10487608 -0.4917896
4 0.104854256 1.1348109 0.85264385 -0.13919595 -0.33327565 -0.14532366 0.55288726 0.13171712
29 -0.471247 0.2793537 0.6045013 0.6387462 -0.7767767 -0.5507953 -0.28064686 -0.66944927
44 0.072310805 0.1400365 0.8389038 0.93957967 -0.6914537 -0.6902634 -0.48963156 -0.818588
15 -0.73458385 0.2028702 -1.1179105 1.1669179 -0.47567824 -0.24312343 -0.16659088 -0.034432985
40 -0.56966007 -0.4609789 0.54875714 0.99035585 0.9975675 0.48052508 -0.25978857 0.7117699
19 -0.54084015 -0.107066736 -1.048773 1.4193988 0.8528712 0.44432887 -0.091084935 0.68195075
22 -0.18141484 0.67287135 0.31688982 0.15625727 1.2989327 0.7224992 0.5022381 1.2978377
18 -1.043492 -0.3173425 -0.30596617 1.1081761 1.0894425 0.59499264 -0.38039184 0.5648769
12 -0.38047108 0.07952816 -0.5151555 0.92064553 1.3411222 0.4970537 0.17078726 1.4018975
34 0.032179937 1.2252419 1.0166743 -0.22571276 -0.8305572 -0.5838726 0.2504747 -0.19380102
11 0.12739243 1.6293305 0.63460445 -0.53613436 -0.71557385 -0.087385245 0.7025824 0.47272605
10 0.010872588 0.50240743 -0.68889254 1.1498473 -0.25531107 -0.06623238 -0.20450899 -0.3205879
16 -0.17360142 1.0533643 -0.28961268 0.34252346 -0.48564404 -0.5033009 0.22860968 -0.2388378
9 -0.26051602 1.0073432 0.92178804 -0.36381093 -0.43741655 -0.14917196 0.7332514 0.5050909
21 -0.6112805 0.17501226 0.03890643 0.559491 1.5497041 0.7331541 0.010924177 1.434529
48 0.39347282 0.15892334 0.7304349 1.0063676 -0.2506258 -0.7052613 -0.37977552 -0.46000743
2 -0.5404133 0.1295363 -0.40098095 0.77293503 1.3851607 0.69699824 0.30875736 1.5805143
46 -0.7922292 0.63473845 -0.8188632 0.46764338 0.00277459 0.4272334 0.47675622 0.7817606
13 -0.52387357 -0.4125631 0.18613133 1.0841016 1.0610584 0.42897385 0.06967638 0.976758
14 -0.31705895 1.2296349 0.7836455 -0.57449853 0.37413096 0.51738834 0.8209885 1.1270189
33 -0.14532512 0.81612307 0.7398186 -0.1458969 1.4521213 0.8102137 0.63306534 1.505423
5 0.5025072 1.5287426 0.3807502 -0.19877082 -0.37889105 -0.1320263 0.6581158 0.625266
0 -0.62563527 -0.15518805 -1.1173897 1.4288554 0.9148159 0.33567536 -0.3158328 0.8484873
3 -1.0099273 0.07782552 -0.2660442 0.5726404 1.303256 0.8510916 0.18434322 1.4270036
24 -0.742059 0.055180594 -0.6526166 0.8527117 1.3637844 0.60188234 0.14774065 1.2842941
30 -0.47014445 -0.42772645 0.18475442 1.0594164 1.6003339 0.6442642 0.018374663 1.3203504
32 -0.29438344 0.1148358 1.2184137 0.21169622 1.1744761 0.6782878 0.0658235 1.2239515
7 -1.0731987 -0.3098506 -0.8518929 1.3275186 0.58057433 0.29326797 -0.58368564 0.36613685
35 0.015246741 0.8822185 1.0024724 -0.27856618 0.8013442 0.67736125 0.7910563 1.5536319
37 -0.35560137 -0.013374744 0.6900319 0.4490168 1.6415377 0.712224 0.6083236 1.5439887
47 0.053353604 1.672847 -0.3491423 0.028052635 -0.49479207 -0.21754262 0.60767806 -0.42714006
