50 8
28 -0.48205775 0.18516055 0.51440585 0.26234716 -0.5539243 -0.015796924 0.46844015 -1.2032002
25 -0.105718456 1.0700957 0.49517104 0.23219219 -0.3249309 0.30986428 0.059997685 0.6803003
43 -0.54937166 -0.10318988 -0.22955945 1.0520419 -0.5642556 -0.581615 -0.03031087 -0.97807854
1 -0.53097606 0.10009447 0.3874854 0.51306313 -0.0088369725 -0.08036886 0.51180595 -1.1173123
42 -0.6795585 -0.10135353 0.19430137 0.49414632 -0.37060556 -0.85620266 -0.09792715 -0.33401725
45 -0.31273985 0.60900927 -0.10106865 0.55377847 -0.8275418 -0.5144253 0.22164936 -0.89739037
23 -0.45243728 -0.34134448 0.8987643 0.2873342 0.11988421 -0.79174215 0.14903945 -0.38886255
46 -0.39095676 0.8087137 0.5059535 -0.13125454 -0.5818195 0.24576938 0.70409083 -0.056892764
49 -0.39196205 0.5988024 0.868005 -0.036402877 -0.36722142 0.21637061 0.11201015 -1.0830902
29 -0.380286 0.8922901 -0.33394122 0.7150738 -0.45600343 0.49310738 0.6892776 -0.026719248
16 -0.36759728 0.5585075 0.76287526 0.013480178 -0.39948928 0.23622563 0.46544707 -1.1842711
20 -0.84378487 -0.26321465 0.5721012 0.26623628 -0.062050782 -0.25204563 0.4124128 -1.2966526
4 -0.49941695 0.36916178 0.42500904 0.05207804 -0.60665166 0.104828574 0.8793307 -0.971314
27 -0.8561699 0.30761003 0.11873947 0.3618446 -0.48084024 0.2989392 0.26210627 -1.3206348
36 -0.26512727 0.99766856 0.0048994794 0.39367154 -0.7884043 0.30351722 0.69341373 -1.0586855
14 -0.57477915 0.8748531 0.65505564 -0.31241062 0.07086166 0.86759204 1.1103013 0.5349447
18 -0.27591193 0.51570576 0.30941778 0.8181143 -0.11690107 -0.13811657 -0.71555185 1.848477
15 -0.85290813 -0.7574971 0.61983484 0.47649792 0.35212773 -0.7321995 0.29673216 -0.33484963
41 -0.3236579 0.8673935 0.47756055 0.07735535 -0.38379788 0.4418028 0.80404973 -1.0394195
19 -1.0985242 -1.1658021 0.6424156 0.6166157 0.49217406 -0.53638834 0.042591676 -0.2564999
5 -0.32825062 0.10188356 0.6507425 0.26012763 -0.5463932 -0.2060368 0.5399256 -1.3805038
31 -0.46222928 0.30543065 -0.44283405 1.1721988 -0.38667628 -0.8358071 -0.44510883 -0.10971952
26 -0.49117497 -0.009298526 -0.111207575 1.00654 -0.40701944 -0.9833703 -0.54757947 0.29482684
11 -0.557018 0.8210869 0.745678 -0.30006167 -0.27452096 0.95674384 0.8839407 -0.12198587
38 -0.8043316 -0.3058126 0.6592826 0.17508008 -0.23855016 -0.45594296 0.23986213 -1.2267638
39 -0.42054796 0.85671854 -0.48852977 0.91887665 -0.721205 -0.722439 -0.8686559 0.3698363
17 -0.7446327 -0.46670723 0.6745041 0.13454056 -0.2524046 -1.0651586 0.18903688 -1.0069784
9 -0.5304541 1.0092435 0.50449336 -0.37440732 -0.5830176 0.83229476 1.1221282 -0.06461226
3 -0.3252375 -0.1139372 1.2039719 0.13319325 0.8129206 0.08086086 0.76300734 1.5697345
10 -0.66029006 -0.8320156 0.51267594 0.7587724 0.19186902 -1.0543588 0.10918814 -0.32367674
12 -0.42075342 -0.33073035 0.98794305 0.44971636 0.7709424 -0.32120633 0.33561188 2.3335578
47 -0.42486718 0.94808054 0.3537536 0.26592407 -0.4724852 0.7535221 0.39666006 -1.3065002
24 -1.0479712 -0.95937324 0.69985557 0.5483731 0.65262926 -0.8589058 -0.1062298 -0.1773053
34 -0.17662032 1.117185 0.047375582 0.46872005 -0.71856105 0.3296457 0.53785104 -1.2873625
30 -0.19119094 0.45661348 0.36170143 0.9897558 0.27297428 0.01273127 -0.6107562 2.37127
40 -0.3120046 0.82530516 0.20697343 0.83121794 0.10099885 0.287346 -0.67393166 1.8139852
22 0.053728946 1.1475762 0.54136795 0.6713426 0.03046396 0.77177495 -0.30086926 1.5614324
2 -0.28552708 0.068933375 1.2789607 0.093746595 0.77654177 -0.094385944 0.35412616 2.348678
8 -0.49873608 -0.6091993 -0.2723794 1.5630106 -0.031203436 -1.3960268 -0.66500205 0.7372551
13 -0.5897762 -0.47799176 -0.0023070883 1.4845029 0.18518825 -0.6448521 -0.9831494 1.2053801
48 0.09561304 1.3390836 -0.25726837 0.5565494 -1.1302148 -0.70228255 -0.14006612 0.033337597
44 0.027972069 1.1910034 -0.37537077 1.2241585 -0.53126943 -0.55427366 -1.0947181 1.3318284
32 0.16541317 1.1588935 0.7994573 0.4873972 0.3590601 0.64479303 0.023605302 2.230087
6 -0.8540886 -0.8210576 -0.1445413 1.2393212 -0.13459326 -1.012828 -0.22552074 -0.7079585
21 -0.0774436 1.0999681 1.0516455 -0.061746962 0.20977402 0.64293903 0.18929811 1.9143795
37 -0.29796585 0.56649023 0.9313782 0.33757016 0.41783738 0.40398073 -0.19267562 2.6076956
7 -1.0514091 -1.0398713 0.6636576 0.8562077 0.80827075 -0.70957476 -0.66227114 0.49917087
33 0.09811414 1.2272183 1.1110209 0.11107808 0.32994303 0.94198436 0.2510021 2.2041824
35 -0.0807482 0.92073953 1.2313218 0.030402234 0.39686412 1.0727605 0.3703288 1.9191816
0 -0.55900466 -1.0637403 1.4732484 0.62112105 1.1273267 -1.146452 -0.77335197 1.121662
