50 8
26 -0.44081527 0.02045114 0.3643156 0.55920184 0.85186225 0.6104848 -0.03803124 -0.2330436
28 -0.24244978 0.20086657 0.8155869 -0.30943018 0.116572335 0.70598036 0.64618194 0.18596159
30 0.10452604 0.04177509 0.30003905 0.8016431 1.2559694 -0.51078284 -0.64454824 0.23630367
40 -0.33716708 0.03012733 0.45868737 0.2952194 0.7554628 0.98214006 0.50416094 -0.38132873
36 0.0026980827 0.03761845 1.3158079 -0.81920046 0.31528866 0.4153925 0.82112247 -0.05052621
12 0.09259921 0.34718618 0.034358706 1.3266404 0.5168513 -0.58201766 -0.7773879 0.6397302
23 -0.14781268 0.14676844 0.8150046 -0.09829874 1.292021 -0.16203907 -0.3615063 -0.16025026
17 -0.0375835 0.031669844 1.1886102 -0.6818986 1.0865802 0.014030031 0.20540647 -0.19180742
45 -0.055915646 0.17878486 1.2767508 -0.6186722 0.6323977 0.34071144 0.21872371 -0.33063215
24 0.08199854 0.26944375 0.53363174 0.30643383 1.2317357 -0.5618311 -0.54083234 0.18196537
42 -0.36630523 0.053727984 0.7029809 -0.009674781 1.395703 0.15434358 0.103773326 -0.3551959
6 -0.43970197 0.27298698 0.31697014 0.6948988 0.74814254 0.8491561 -0.03998854 -0.488903
16 -0.026457015 0.047157507 0.88075775 -0.22251049 0.12456307 0.64226174 0.49009788 0.18181983
8 -0.2871822 0.20396669 -0.032665003 1.2528591 0.611604 0.6084916 -0.40708652 -0.061019666
18 0.2892822 0.28198817 -0.13875148 1.3553976 0.6291421 -0.4232985 -0.72481436 0.6942248
1 -0.082643084 -0.10470722 0.9121555 -0.24070822 1.096213 0.10329178 0.043551616 -0.12462618
19 0.31332052 0.41682428 0.5093583 0.67355704 0.2568995 -1.1177303 -0.84766865 0.999284
25 0.24442407 0.51241994 0.15065615 1.0010867 -0.39537936 0.46357045 -0.13278249 0.57026935
38 -0.1918977 0.19172001 0.5053032 0.37822935 0.11585197 1.4723055 1.0294472 -0.5112007
31 -0.71246994 0.054119114 0.30417582 0.47765747 1.3200392 0.82662404 -0.04542612 -0.49042004
44 -0.05128945 0.02085199 0.9218525 -0.039968196 1.0084816 0.46182793 0.08422613 -0.618736
41 -0.31519476 -0.14572924 0.7652107 -0.16682523 0.5740209 1.2876014 0.9207434 -0.4499917
27 -0.14474586 0.15621412 0.68516487 -0.01594683 0.39483592 1.3308071 0.99025553 -0.5161002
15 0.007098059 0.23901314 0.9729093 -0.13389358 0.6791458 -1.0378864 -0.59908515 0.67907727
49 -0.39294288 -0.07825744 1.1661978 -0.6956764 0.17824559 0.801188 0.77479774 0.05362722
29 -0.2642623 0.20004359 0.013837126 0.8489117 0.94086164 1.1732407 0.33594018 -0.53122044
39 -0.41955844 0.0912856 0.6236463 0.068732955 1.2535741 0.39401063 0.43198225 -0.45890075
14 0.62226576 0.5923302 0.56447047 0.67569745 -1.1274868 -0.12210611 0.10551816 1.1195562
43 -0.059900742 0.04966521 0.81313884 -0.26024187 1.3557242 0.5309699 0.41803288 -0.60720044
13 0.465259 0.63165045 0.009722056 1.231417 -0.2919816 -0.09650329 -0.355295 0.88519454
2 0.4528541 0.6071687 0.8958616 -0.056006696 0.30168384 -1.0205786 -0.5586693 0.82924414
34 -0.12856446 -0.13298388 1.1096044 -0.5997755 -0.31552854 0.9647173 1.1492401 0.328896
4 0.5151906 0.5265213 0.715687 0.27793908 -1.3659133 0.7551805 0.78273755 0.68228686
5 0.81697994 0.58851236 1.1246651 -0.38701013 -0.6545145 -0.556222 0.52888274 0.92910016
10 0.34403905 0.6234825 0.09641743 1.045666 -0.49281842 -0.5173797 -0.2646313 1.4160062
47 0.10954562 0.18019845 1.1442319 -0.41585353 0.51524955 0.8137594 0.58174616 -0.589115
20 -0.4606789 -0.13683291 0.4041854 0.48861405 -0.4955408 0.95229197 0.88080263 0.57766587
0 0.31651804 0.3124874 0.42370102 0.8841326 0.123804525 -1.2342602 -0.9723017 1.3387315
21 -0.05762663 0.21629624 -0.12362129 1.5655576 -0.49655712 -0.31118086 -0.456499 1.4502093
7 0.5978598 0.53036994 -0.15106964 1.5036454 0.2294158 -0.31588358 -0.6691871 0.7474867
35 0.009564087 0.25322893 0.13659605 1.2035509 -0.528522 -0.6620881 -0.54147166 1.610499
33 0.16197537 0.30666265 -0.124845475 1.53986 -0.45654938 -0.5994282 -0.34349808 1.5204556
3 0.29781976 0.3760086 -0.101996556 1.3536634 0.2365659 -0.8270557 -0.7532102 1.3491336
37 0.19682649 0.30787417 -0.2049496 1.7139932 -0.54375446 -0.4928184 -0.26679203 1.4687331
22 0.5969293 0.26256287 0.46135518 0.99840915 -0.070009984 -1.2782081 -0.98010653 1.467496
32 0.23177797 0.4787869 -0.1602389 1.5039091 -0.3267092 -0.5665972 -0.44349837 1.4647568
9 0.74794656 0.6375314 1.0228494 0.05778169 -1.6964695 0.37892187 0.89606017 0.77750266
48 0.14352936 0.021320134 0.89088374 -0.47004998 1.1635354 -0.86168826 -0.37177217 0.6851554
11 0.18249983 0.17243204 1.2095363 -0.7404543 -0.61659867 0.7604946 0.96768224 0.4793376
46 -0.519215 0.31555346 0.6933851 0.19210759 0.637752 1.3052561 0.5610988 -0.943218
