50 8
42 -0.74852484 0.32066032 0.23551984 0.18630554 -0.37618133 -0.84744954 -0.04737097 -0.15138032
43 -0.53436816 0.45750788 0.20156105 0.5402502 -0.7700733 -0.46622708 -0.06684054 -0.49902317
24 -0.7693137 0.05252796 0.538074 0.018093184 0.2927915 -0.2676286 0.07725653 0.3287997
28 -0.31545886 0.24247833 0.20456207 0.8078084 -0.8682204 -0.7223195 0.09411244 -0.4845115
1 0.02040805 0.8843399 0.18885626 0.7059267 -0.93356353 0.21219741 0.2677878 -0.4618002
39 -0.6849591 0.2456557 0.7130868 -0.11627687 0.12555952 0.31895813 0.017175775 0.071484044
16 -0.44428238 0.45056683 0.43369582 0.2695262 -0.58582604 -0.35131058 0.17434931 -0.5392345
15 -0.9059985 -0.26018205 0.57431334 0.005458454 0.60819143 0.10001946 0.7587592 0.54245067
27 -0.57497656 0.40797004 0.01559093 0.9407961 -0.92574525 -0.34408113 -0.04081252 -0.7155409
45 -0.3274598 0.41574582 0.12291474 1.0879002 -0.89987004 -0.16611467 0.089494646 -0.76382905
46 -0.054137394 0.56398165 0.31164998 0.63756883 -0.7392866 0.6069712 0.43559468 -0.20361242
18 -0.40047878 0.16973808 0.69398403 -0.24273424 0.87963146 -0.56963336 -0.12623556 1.2363819
36 -0.18979986 0.71898776 0.11273192 1.0179015 -0.97715807 0.5577457 0.27385938 -0.68163705
40 -0.44441828 0.29878375 0.6931037 -0.32414398 0.7441724 -0.43947315 0.12293798 0.8070821
34 0.093655005 0.5536657 0.54578245 0.81879336 -0.7421462 0.46285293 -0.18309651 -0.5030015
12 -0.41031 -0.25972635 0.79233676 -0.022538723 1.1585088 -0.207626 0.11871493 1.4193987
19 -0.49076873 -0.17209595 1.0043737 -0.25763947 1.0373044 0.49546945 0.17023554 1.234151
31 -0.47356412 0.5064336 0.2792684 0.09236546 -0.28565136 -1.2343993 -0.17557897 0.026918614
23 0.14452448 0.29911667 0.7535062 0.035744928 0.2417019 1.049556 0.74641025 0.9239437
41 -0.2307431 0.56408453 0.4303923 0.6476318 -0.7826762 -0.008950284 -0.23599033 -0.67565405
49 -0.39701018 0.37698096 0.35442713 0.87534386 -0.9483989 0.90046245 0.5238903 -0.92235386
29 -0.4387379 0.38895324 0.5022326 -0.03086988 0.06338741 -1.0057217 -0.29535866 0.25663772
38 -0.21710172 0.6868731 0.03506275 1.079185 -1.1491951 -0.37175953 -0.0579127 -0.7723174
0 -0.67185575 -0.2201076 0.8491855 -0.18329401 0.9817033 0.14100066 0.25360343 1.0461094
17 -0.76333225 0.13973299 0.32355303 0.61957973 -0.7507814 -0.04036308 0.29702365 -0.7631336
4 0.077840544 0.6734753 0.24753739 1.0501816 -1.1663524 0.32766584 0.11323704 -0.6361616
30 -0.6052711 -0.20385155 1.0228863 -0.28893438 1.3312188 -0.24098489 -0.11100482 1.2901663
6 -0.35197854 0.49327996 0.37383682 0.30410525 -0.45511916 -1.3382564 -0.53703725 -0.24320042
26 -0.39943138 0.4220044 0.3890085 0.0031586343 -0.2510171 -1.5128961 -0.3556346 0.16465575
48 0.30433583 0.8790212 0.18674192 1.0705395 -1.1976359 0.37182993 0.06997579 -0.5565688
13 -0.3667849 -0.47837907 0.81237084 0.12534773 1.0082213 -0.34685406 0.27252305 1.3247403
8 -0.42906398 0.22103389 0.42995206 -0.12689918 0.2707111 -1.6063981 -0.0067096674 0.7539368
2 -0.33490774 -0.17054573 1.0784606 -0.33749723 1.1757774 0.49933586 0.46062383 1.4041206
44 -0.07169603 0.86965364 0.27924222 0.24023934 -0.7976564 -1.167362 -0.5209536 -0.13356408
14 0.25103998 0.34948477 0.5961693 0.92308944 -0.17667887 2.1405978 0.50110304 0.4151002
3 -0.16499831 -0.13715175 1.1004754 -0.2040296 1.074862 0.8373586 0.510505 1.3257389
7 -0.66442746 0.07714719 0.48008323 -0.2589972 0.6595085 -1.5482423 -0.08063287 1.0239134
20 -0.1611019 0.5874087 0.31371075 0.876884 -0.8701755 -1.000687 -0.6787421 -0.7661299
25 0.504143 0.6992124 0.77125186 0.09561328 0.32942107 0.98135 -0.05513071 1.1697011
47 -0.29704508 0.67490417 0.2400812 0.92532456 -1.1400331 0.9486672 0.2778905 -0.9286386
22 -0.08702237 -0.16893776 1.2405555 -0.26354778 1.2620524 0.82488525 0.5447237 1.4790186
9 -0.10679363 0.7767867 0.11192276 1.0337018 -1.3412172 0.79854697 0.45836782 -0.86069596
10 -0.4094456 0.4446763 0.121542886 0.44772235 -0.5442355 -1.0587404 0.13786724 -0.16757299
32 -0.06788756 -0.20451969 1.2249199 -0.190126 1.3269534 1.0722615 0.57100594 1.681383
5 -0.16841422 0.29234877 0.30265906 1.2006592 -1.1555929 0.68566555 0.41953948 -0.86109024
33 0.029527416 0.017320521 1.0948237 -0.22632048 1.1418923 1.1002451 0.69716865 1.6102916
21 -0.24829978 -0.16519846 1.0739877 -0.36481315 1.2843525 0.6414731 0.34549996 1.8471107
11 -0.1196426 0.8327212 0.2053633 0.9593994 -1.481939 1.0559229 0.16312905 -0.8028474
35 0.25459394 0.09349454 1.1488256 -0.1609134 1.1810766 1.0873618 0.5311297 1.825013
37 0.1433117 -0.18228522 1.3138996 -0.26430243 1.286211 1.186234 0.9089028 1.6936795
