50 8
6 1.0374253 -0.7001439 1.1881678 -0.047126118 0.46951675 -0.5272002 -0.90177125 0.8278044
28 -0.18316016 0.3458903 0.86005354 -0.417853 0.53683966 -1.5051153 -0.6688774 1.1705425
43 0.10460697 0.1208666 0.9664715 -0.4896325 0.5269131 -1.2576681 -0.73672295 1.0551869
1 -0.36918527 0.35893258 0.795637 -1.4349152 1.1415542 -1.0781193 -0.6722796 -0.077919096
36 -0.04641535 0.3941451 0.81542987 -0.7653315 0.41386482 -1.4583427 -0.6973628 1.2288939
27 -0.2555724 0.8957351 0.47648978 -0.23883268 -0.05002313 -1.2420722 -0.27064496 1.7173043
3 0.012926154 0.63831705 -1.2601814 0.0120035345 0.41443992 2.354392 -0.30753523 -1.7267401
0 0.3351823 0.757937 -1.6817698 0.56041455 0.16024877 2.2857735 0.06722113 -1.8845981
26 0.89442754 -0.7058339 0.9650979 0.49280408 0.8051157 -1.0362185 -0.7677842 0.1949169
18 1.2817798 -0.2864777 -0.2934163 0.9969383 -0.09232339 1.5567812 -0.37978277 -1.0707792
31 0.95955026 -0.74601233 1.0538836 -0.012969038 0.6776484 -0.5529433 -0.938503 0.71427584
33 -0.11910915 1.8103843 -2.1476378 0.858966 -1.156983 2.5097167 0.15826419 -0.7970405
13 1.569519 -1.3710344 0.46217468 0.9991365 0.8090409 0.0051909653 -1.0357636 0.40465057
39 0.60710657 -0.17962958 0.7688379 -0.7311683 0.35777923 -0.855103 -1.0147191 1.348487
34 0.22755304 0.17500539 0.9183223 -0.6384397 0.2886079 -1.4150549 -0.83003557 1.47077
17 -0.21198781 0.32122523 1.0133694 -0.44955882 0.727737 -1.4067168 -0.44843456 -0.16707419
32 0.4403249 1.5796554 -1.8653908 0.6116449 -1.3637658 2.9381757 0.08792066 -0.9299256
37 0.087767676 1.7101773 -2.0377991 0.8143906 -1.19227 2.2566032 0.23957948 -0.9818964
41 -0.45364803 1.2202249 0.29876304 -0.5116947 -0.3766565 -1.3351855 -0.4226898 1.5921934
14 -1.0887928 2.5653584 -0.93349314 1.0402045 -1.0459756 0.74412507 1.1261138 0.1950279
23 -0.57953554 0.25033575 0.27262428 -1.671552 1.6629325 -0.83527386 -0.801367 -0.81769234
21 0.28491324 1.3744023 -1.6003045 0.24357773 -0.7718196 2.793298 0.16418013 -0.86323303
4 -0.89075965 1.5205057 0.4260964 0.46886092 -0.09785335 -1.2961173 0.37976432 0.780421
2 0.26574746 1.0504355 -1.7066828 0.51685995 -0.42015997 2.6719291 0.006607723 -1.1741914
19 -0.036190078 -0.105882645 0.02260234 -1.5468761 1.8134589 -0.4113395 -0.7921677 -1.8614899
35 -0.007091958 1.9833952 -2.1473958 0.8359977 -1.500003 2.3732536 0.19768146 -0.914914
12 0.85899436 -0.65138125 0.071042955 0.40650383 1.0353622 1.2001634 -0.5222847 -1.2037729
11 -1.2418624 2.4771857 -0.6249797 0.8315444 -0.6072996 -0.67159635 1.1051074 0.65452546
15 0.40962467 -0.10761163 -0.059947133 -0.20523417 1.0778252 1.9064474 -0.3379945 -1.8745016
8 1.6098714 -1.082645 0.65110624 0.8261077 0.28174284 -0.08419255 -0.962431 0.76469785
20 1.1496494 -0.728028 0.8667653 0.8273588 0.4745162 -0.61229616 -0.61325866 0.68263155
42 0.32411486 -0.31556424 0.95242715 -0.3323826 1.2388746 -0.8027784 -0.5894918 -0.9233409
24 -0.42934465 0.106697366 0.0022529429 -1.5227835 1.6987898 -0.2120023 -0.80659074 -1.712414
9 -1.4023076 2.5701609 -0.7417368 0.6597498 -0.7881597 0.02331104 1.0403715 0.8198806
16 -0.72482103 1.2250978 1.0007648 0.16102903 0.37439805 -1.2379164 0.55346704 -0.16548954
22 0.5589998 1.4520544 -1.9566079 0.9237358 -1.3677331 2.8254771 0.07650876 -0.7008938
5 -1.4285415 2.179685 0.5746866 0.49810243 -0.08468509 -0.81182134 1.1122576 0.6951643
40 1.0554744 -0.65143985 0.80005 -0.169309 0.3428916 -0.5043382 -1.0815653 1.3507264
7 1.7385395 -1.2761967 0.703559 1.1333156 0.6460394 0.8974907 -0.6319682 0.12747027
38 -1.1186604 1.9315605 -0.3297196 0.14468107 -0.34049127 -0.88046175 0.4552698 1.0324095
10 1.7137222 -0.9684313 1.3203351 1.431124 0.50470227 -0.48301312 -0.21097524 0.66619694
25 0.3239306 1.3375708 -1.3308284 1.297761 -1.0383174 1.2221166 0.3768075 -0.52513576
45 0.8576604 -0.56939197 1.1734016 0.21702355 1.1822143 -0.43379712 -0.26134112 -1.3010421
44 0.93447196 -0.62505484 0.7342584 0.5993352 0.91650534 -0.4420176 -0.43690014 -1.3707067
30 1.2460376 0.4433231 -1.1602993 0.923898 -0.93944633 2.1498098 -0.2592096 -0.5802615
29 1.222213 -0.23050876 -0.43820316 0.8745437 0.026076842 1.0144259 -0.31080896 -0.60966086
49 -1.0762773 1.7050381 0.26526904 -0.35710797 -0.18373823 -1.1066519 0.071499944 1.1671225
48 -0.46801606 0.83383465 0.5691581 -0.9483636 0.5484242 -1.5587851 -0.47941542 0.95091563
46 -0.2535328 0.7936145 1.0971851 -0.32789874 0.19243373 -1.4929746 -0.13207495 1.384703
47 -1.0162511 1.2869239 1.0055883 -0.6200762 0.6170622 -1.579671 0.16231804 0.2615331
