50 8
43 -0.7028599 0.040437814 0.3886179 -0.54352385 0.5939951 0.7971107 0.3728881 0.20304655
6 -0.4818348 0.024641745 -0.17698637 0.5051309 0.77796453 0.6333246 0.09649693 0.696052
18 0.56841314 0.08907458 -0.10687168 1.0038731 0.9743468 0.032793075 -0.5969105 0.67732424
1 -0.34495795 -0.13062677 0.6126323 -0.36241695 0.48302993 0.7517847 0.43717372 -0.25437894
39 -0.42852864 0.4847622 -0.0069985855 -0.22704151 0.88724387 0.9811805 0.390981 0.104785785
26 -0.58751243 -0.05419506 -0.099541955 0.39272228 0.64590657 0.5847981 0.36676908 0.89941907
2 0.6592606 0.38789648 0.14460161 0.8357246 0.63730675 0.18370607 -0.36783105 0.3818562
40 -0.2348728 0.4014446 -0.33478445 0.34400603 0.6760346 0.98431796 0.25986543 0.7018547
48 -0.5390193 0.35736662 -0.0017649864 -0.49894568 0.6903687 1.2708167 0.6135069 0.25781643
42 -0.59724766 0.3337274 0.11387768 -0.5860052 0.8271836 1.0748538 0.5000828 0.15433535
24 0.55144846 0.4583843 0.5406229 0.9563127 0.39369854 -0.39773995 -0.9069964 0.6119197
23 1.1475126 0.34310338 0.6795048 0.94958794 0.39956364 -0.25348362 -0.99652517 0.11467759
17 -0.7382992 -0.20420143 0.8151777 -0.8426558 0.26394987 0.83747727 0.6911532 -0.03129029
34 -0.38832772 -0.32948035 0.8150287 -0.7416778 0.22223431 1.100683 0.8284552 -0.45988077
20 -0.4828495 -0.3405099 1.0196346 0.11962072 0.023237053 0.06725761 0.13868704 0.18288201
19 0.9569172 0.28719327 0.571015 1.146533 0.3666701 -0.50567126 -1.1706868 0.6986133
36 -0.8580141 -0.3067197 1.1732818 -0.69347245 0.013872711 0.5960266 0.7439022 -0.25422257
29 0.43108726 0.24082436 0.069178544 0.76816297 0.7202511 0.34494293 -0.27634758 0.3214838
16 -0.4284182 -0.020732878 0.6008296 -0.746813 0.38800567 0.9475719 0.6633102 0.005607418
7 0.8993347 0.21558218 0.18948142 1.0070525 0.64839894 -0.33247223 -0.89806134 1.0952855
41 -0.68012345 -0.24389383 1.0204717 -0.65696704 0.17657952 0.92543215 0.99474335 -0.62256956
49 -0.8078032 -0.38547838 1.1910915 -0.7856201 -0.114954375 0.6658646 0.8310982 -0.09267274
28 -1.0147982 -0.083121456 0.8363884 -0.9757243 0.30704692 0.8246236 0.6556303 -0.007517188
25 1.0576261 -0.044992782 0.8905768 1.0104709 0.03299794 0.008445213 -0.46832737 -0.27044737
35 0.9415887 -0.20316328 1.1980199 0.7219608 -0.03583154 -0.72155684 -0.83869004 0.5545949
4 -0.3691063 -0.16615964 1.5394349 -0.48320135 -0.54025006 0.27989173 0.31989115 -0.087777704
31 -0.5955016 0.5720477 -0.33673617 -0.11837348 0.8861597 1.3547093 0.47723925 0.30786756
22 1.0958428 -0.49639127 1.1528724 0.82682127 0.0063263117 -0.6352943 -0.81380415 0.47018045
21 0.83821136 -0.5393948 1.3024048 1.1953276 -0.1324351 -0.7503452 -0.9491234 0.23074548
14 0.48242202 0.16536416 1.6695349 -0.12317083 -0.5376926 0.2247466 -0.27752945 -0.77428174
44 -0.41592053 0.38730776 -0.24094637 0.26894712 1.0379434 1.0537478 0.20849979 -0.07514634
27 -0.657845 0.092855066 0.71526074 -0.62914944 0.37844414 0.93879706 0.72428316 -0.32138205
45 -0.83188593 0.41404083 0.23574859 -0.6520664 0.5500746 1.2439935 0.9597042 0.07201652
13 1.0068825 0.30815423 0.44353604 1.2897857 0.47365814 -0.45794758 -1.1198481 0.7231638
10 -0.50471437 0.26233965 0.603388 0.78648436 -0.08482827 -0.14465816 -0.21664247 1.0456029
11 -0.21637194 -0.020627126 1.7789028 -1.1225184 -0.56428105 0.3654826 0.28788713 -0.27193072
38 -0.43399858 -0.14748295 0.64024025 -0.44978637 0.3711528 1.3145943 1.1042037 -0.8147664
33 1.0804265 -0.50125766 1.4817868 1.26384 -0.512563 -0.73701197 -0.6176278 0.21993363
15 0.06900791 0.029888626 0.808553 0.2556593 -0.08362119 0.25893423 0.16917196 0.3193845
3 1.4348508 0.26029927 0.8443889 1.2940645 0.11485126 -0.44825867 -1.0820284 0.2641663
12 0.41243502 0.3167012 0.28674105 1.4614594 0.5487079 -0.6277005 -0.9382169 1.0720503
30 -0.03241619 0.47390234 -0.7152855 1.1577026 1.1566213 0.6903473 0.23150799 0.68147683
5 0.33357614 0.028518308 1.9211626 -0.62152517 -0.85081977 -0.055397037 0.21799852 -0.011516542
0 1.3028896 0.17434774 0.6618733 1.1815684 0.16400723 -0.25986746 -0.9120124 0.38047418
37 0.68687946 -0.4943023 1.4678234 1.1472075 -0.3318881 -0.85844225 -0.65728307 0.394043
8 -0.24766888 0.17046894 -0.58156884 0.7711577 1.120271 0.4427745 -0.45860812 1.2055019
32 1.459353 0.14886107 0.6502758 1.4414037 0.3446791 -0.37111482 -0.95963526 0.17383917
9 -0.114558466 -0.3039827 2.0751624 -0.94928724 -0.76828575 0.19076827 0.41982168 -0.5173964
47 -0.37469 -0.46001416 0.5279175 -0.5087284 0.6185753 0.8198252 0.87882084 -0.08665961
46 -1.254782 -0.059672106 1.5048741 -1.2455199 -0.24637723 0.6321681 0.78318024 -0.13353433
