50 8
19 -0.7660434 -0.16576211 0.1978525 0.5575393 0.18038876 -0.5826612 -0.38887268 -0.6872617
28 -0.4800897 -0.17275538 0.18217912 0.3918677 -0.43300352 -0.8770265 -0.43384624 -0.58809555
48 0.5402995 0.7824405 -0.36759934 0.5477109 -0.5740967 -1.0839467 -0.3799025 -0.30096427
17 -0.884278 0.056468736 0.4338907 0.5750964 -0.62433183 -0.13335721 -0.25307402 -1.0436373
39 -0.56925964 -0.56189895 -0.09992277 0.45590502 0.47150773 -1.1798928 -0.31514508 0.29395834
44 0.2567103 0.955656 0.05563171 0.49601597 -0.99008137 -0.36609796 -0.11462345 0.3172154
25 -0.3398864 1.1162492 0.67969126 0.5314228 -0.69914174 0.5588888 -0.18613638 0.15533257
23 0.13977541 0.50418085 -0.2408773 0.5753987 -0.6320963 -0.9303211 -0.065911576 -0.45764518
31 -0.27636093 -0.5885286 -0.37005156 0.48981804 0.21057716 -1.6415534 -0.35230148 -0.30042595
27 -0.49602824 0.24479935 0.23815766 0.5533846 -0.6136494 -0.32877603 -0.45921725 -0.7621518
18 0.42478302 0.38201016 -0.3595706 0.6204388 0.34931493 -1.0904449 -0.06546568 1.2856749
29 0.12039865 0.42468184 -0.13253368 0.566355 -0.17053095 -0.8282305 -0.43689397 -0.011176973
1 -0.4073409 0.566452 0.483189 0.8130373 -0.66276634 0.2325684 -0.30266723 -0.90334505
43 -0.8626262 -0.41228795 0.24975292 0.5916932 0.07957688 -0.5749843 0.4720102 0.14069022
36 -0.7445998 0.55222106 0.43347257 0.8166656 -0.9747673 0.52300215 0.08649062 -0.75490093
4 -0.52768254 0.7331028 0.5288429 0.80338275 -0.9990569 0.4985155 0.07066776 -0.78174484
40 -0.032435756 -0.25591975 -0.12578635 0.4473743 0.7715651 -1.4855831 -0.2342313 0.6804712
7 -0.035415146 -0.03361891 -0.036547337 0.2987527 0.81514674 -1.327475 -0.38858274 1.3262508
12 -0.15745 -0.27634504 -0.26084393 0.42843434 0.57097346 -1.441727 -0.3479891 0.51820934
46 -1.4264252 -1.1343967 0.3647367 0.47044173 0.51743627 -0.58637404 0.0024234513 0.5688308
42 -0.9411899 0.09649023 -0.058054935 0.5422791 -0.4858736 -0.47643274 0.21855327 -1.0752125
26 0.13788673 -0.118989736 -0.24949586 0.62650484 -0.021474384 -1.2772709 -0.1508196 0.062256202
49 -1.445985 -0.063885026 0.7295727 0.66390777 -0.5656161 0.42650974 0.3359099 -0.94293755
34 -0.5426831 0.47966355 0.54775935 0.5961261 -0.56851786 0.013562045 -0.6284601 -1.1572578
14 -1.1191908 0.8036437 0.87832505 0.51064575 -0.20615038 0.9154006 0.110935114 0.24946363
35 0.17593473 1.0141892 0.34040335 0.7088438 -0.05574127 0.1477196 0.27893648 1.6456946
24 -0.54619366 -0.032368757 0.1549639 0.28214476 1.1456199 -0.9706872 -0.6487833 0.28433302
33 -0.31072992 0.5770885 0.5185797 0.6396896 0.44207752 0.12836574 0.42419556 1.583481
11 -0.9848095 0.33772328 0.7712603 0.67578375 -0.75068974 0.5477809 -0.18753625 -0.7603834
13 0.07322656 0.26311076 -0.19626005 0.71709824 0.47554275 -0.76394963 0.49015912 1.7971811
10 -0.013934962 0.393321 0.37220228 0.36782637 0.43675974 -0.69023407 -0.15692204 1.0561546
38 0.079269394 1.1543558 0.2569673 0.45684937 -0.64614993 -0.181167 -0.41490453 -0.3830529
20 -0.727114 0.38906664 0.7822919 0.34343746 -0.24447663 0.00965403 -0.76598847 -0.6530618
16 -0.76134413 0.4773356 0.74236345 0.5115596 -0.8915055 0.20610274 -0.20615442 -0.9903744
41 0.0105399275 0.7763324 -0.14106797 0.80784607 -0.82224697 -0.3704813 -0.058885634 -1.1075498
45 -1.4360895 -0.15751483 0.42913526 0.56717855 -0.29715222 0.003253883 0.28552318 -0.9989224
9 -0.9241945 1.1892105 1.0439608 0.5612978 -0.6101854 1.1781788 0.114789985 0.0826678
6 0.27619827 0.16840592 -0.34386474 0.4179515 0.1603686 -1.5251093 -0.58753955 -0.07482416
47 -1.1691154 0.5908048 0.7599061 0.57613045 -0.82423526 0.6692267 0.09952646 -0.88142926
21 -0.28723362 0.4263954 0.6628321 0.43313494 0.9427671 -0.19825952 -0.18883243 1.4892402
8 0.08974293 -0.3150334 -0.4046024 0.64036065 0.44548684 -1.5960846 -0.07859618 0.13447163
0 -0.27501127 -0.42945766 0.013180036 0.3287571 0.89809895 -1.3305812 -0.3728748 1.278744
32 0.061725035 0.73275477 0.23080412 0.80783355 0.2724811 0.015045939 0.65023255 1.7931151
5 -1.2019385 0.42797932 0.9608227 0.55492157 -0.23270828 0.85527456 0.34915015 0.60080385
15 -1.3505797 -0.9428565 0.5184926 0.49771267 0.45172817 -0.5529919 -0.14896508 -0.42593965
3 -0.754806 -0.247044 0.4654282 0.4961357 1.3473523 -0.51105577 0.13318908 1.5432204
2 -0.5849403 -0.5560822 0.22538179 0.39593405 1.0699446 -1.101084 0.055631083 1.4163915
30 0.51782507 0.7884732 -0.3908268 0.72625923 -0.025713371 -0.80215114 0.3386237 1.1243634
37 -0.11565829 0.8183724 0.5020281 0.8295722 0.4762595 0.3224114 0.76093686 1.8082335
22 0.09676962 1.2495761 0.33539572 0.94522065 0.29737222 0.5552836 0.5806349 1.4831889
