50 8
43 -0.32531574 -0.12696582 0.67350394 -0.63524264 0.7685177 0.7623094 0.17878462 -0.14079183
24 -0.1524062 -0.12071224 1.1152078 -0.1916365 0.4119831 -0.17571996 -0.020656738 0.09876895
28 -0.46252897 -0.29524967 0.6589098 -0.55928326 0.8415803 0.67841667 0.07358091 0.23070325
17 -0.4897925 -0.20814244 0.8316769 -0.5631021 0.37090963 0.6413167 0.17919612 -0.008322317
26 -0.42389432 -0.26057434 1.0371209 0.15680522 0.48001778 -0.39018536 0.022611441 0.631413
41 -0.19804983 -0.42054826 0.85039335 -0.7730818 0.75262994 0.9288805 0.21391267 -0.52819306
36 -0.2113283 -0.09913412 0.6888682 -0.8823329 0.31767628 1.2848364 0.4378976 -0.6655995
45 -0.6244159 -0.34043148 1.1498904 -0.7656687 0.80009335 0.26728985 0.24958654 0.057860702
27 -0.4105092 -0.4548035 0.79471356 -0.6188486 0.5603088 0.945934 0.34701633 -0.03541832
16 -0.4831072 -0.6594049 0.69588375 -0.6176598 0.8782762 1.0508631 0.2645651 -0.010644486
38 -0.5705595 -0.45750177 0.80335474 -0.4600579 0.44703668 0.9930601 0.5189043 -0.2681941
49 0.10416021 -0.1649211 0.6254231 -0.5647039 0.0074602948 1.286017 0.39573687 -0.4508803
7 0.23942202 0.82307404 0.3778558 1.1495619 0.04349974 -0.65024734 -0.34320182 0.89910156
1 -0.6004211 -0.6228842 1.0333451 -0.8673814 0.9200529 0.80870974 0.2696417 -0.3030908
39 -0.22564574 -0.004790169 0.8077241 -0.71646684 0.61698365 0.6504066 0.14820841 -0.3960482
44 -0.40516767 -0.7081716 0.9054444 -0.60000724 0.8724338 0.7072437 0.2872334 0.09864664
23 0.16895784 0.05455928 1.133221 -0.34045857 0.3716582 -0.13864215 -0.049820315 -0.25281575
4 0.16471659 0.044803098 0.12905052 -0.3088324 -0.079168595 1.7030542 0.51041514 -0.29571572
31 -0.62671053 -0.25716087 1.4306176 -0.7004861 0.71624064 -0.31839713 0.028509757 0.11968148
40 0.06429421 0.7885455 0.6502213 1.0043749 -0.06777526 -0.8461104 -0.48816645 0.65909684
6 -0.71378493 -0.53395224 1.2111952 -0.68358564 0.67378217 0.14237016 0.20131624 0.32244414
34 0.004314789 -0.25864998 0.9881651 -0.9945694 0.063753836 1.1425078 0.44707087 -0.6700178
21 0.74377376 1.0392562 -0.31497544 1.3445708 -0.6226397 0.71360314 -0.46347147 -0.22409181
29 -0.49392098 -0.15806696 0.80884725 -0.019851213 0.6474329 0.09120307 0.07817927 0.17802773
20 -0.76852757 -0.676674 0.59355587 -0.20702581 0.32979488 1.069033 0.36343643 0.48262787
18 0.277793 0.91060805 0.31032473 1.6306243 -0.067608036 -0.86198545 -0.7840198 0.9810261
42 -0.669264 -0.39225826 1.051276 -0.658825 0.86959326 0.26094648 0.21617702 0.24968827
47 -0.44634026 -0.75088036 0.83890766 -0.81902605 0.7706335 1.2372174 0.40969133 -0.30458987
5 0.59877324 1.0348617 -0.53431606 0.6508932 -0.42775187 1.3218766 0.00209303 0.055227723
10 -0.20799199 0.30321068 0.058393802 1.1940517 0.10620411 0.06230327 -0.0853611 1.1720864
12 0.633026 1.223723 0.09905125 1.3882961 -0.23202263 -0.364313 -0.44509667 0.4133176
9 0.382444 -0.084849805 0.5743875 -0.5866577 -0.15241338 1.4827986 0.6265137 -0.68597645
2 0.32290503 1.3094108 0.52840465 1.3486525 -0.137614 -1.1469978 -0.9438382 0.5997122
15 -0.468258 0.46250772 0.9564734 0.58202004 -0.23676097 -0.72533816 -0.16461314 0.53588563
8 0.055278137 0.289751 0.8305524 1.0436141 0.20305778 -0.94331366 -0.44863376 0.69182485
19 0.4830184 1.2755618 0.6311113 1.2575427 -0.38643238 -1.0107608 -0.7746078 0.33853573
0 0.67577755 1.3317655 0.25656304 1.6236945 -0.21657388 -0.8876866 -0.9436665 0.74116117
35 1.0615193 1.3692074 -0.0031887158 1.9733572 -0.7575172 -0.3407737 -0.65829474 0.39860058
33 0.8172727 1.3966602 -0.023132535 1.9277595 -0.87700456 -0.30298495 -0.527218 0.53540844
3 1.113909 1.4664831 0.21450584 1.5513223 -0.43486643 -0.6689199 -0.6837475 0.24369206
30 0.48610702 1.4439253 0.13486302 1.7497983 -0.30375978 -0.7186439 -0.8403683 0.5634724
37 0.7963116 1.2176157 -0.061556693 1.8597918 -0.7199029 -0.14094265 -0.5548284 0.54134727
22 0.89824593 1.3135319 -0.16441704 1.8900136 -0.62454337 -0.14374462 -0.76876706 0.5531054
25 1.0507832 0.61613697 -0.495809 1.1554974 0.30996028 0.7031497 -0.6346915 0.46143177
14 0.97686577 1.0647542 -0.7003845 0.8066038 -0.5672467 1.6182687 -0.40251932 -0.36246517
11 0.16256309 0.028867528 0.33911738 -0.5483055 -0.3829573 1.786238 0.44209704 -0.632895
46 0.44322705 1.3713856 0.16286916 1.1162173 -0.33453643 -0.2334944 -1.0388933 -0.23592576
32 1.054956 1.3871651 -0.26747945 2.0069206 -0.80403495 0.035618704 -0.6418693 0.34897208
13 0.91364557 1.2080595 -0.46535733 1.7877408 -0.4011558 0.31750533 -0.8185413 0.44707045
48 0.5240851 0.12746623 0.13012965 -0.6569772 -0.119451344 2.015506 0.6630552 -0.6508683
