50 8
43 -0.4266714 0.23045671 -0.1244218 0.66024566 -0.82054186 -0.76278555 -0.06537275 -0.53443617
1 -0.22592922 0.1563898 -0.041547418 0.73465514 -0.88963264 -0.7236232 -0.06797961 -0.22327708
24 -0.61057115 0.35520974 0.16311444 0.22248966 -0.15252246 -0.48334125 0.20379417 0.3435131
28 -0.086927265 0.31759673 0.067812644 0.857815 -0.82213473 -0.51832896 -0.056106668 -0.5126835
39 -0.44397813 0.38678166 -0.3379784 0.33442664 -0.32485738 -1.0127444 0.3754119 0.28066456
21 -0.6192446 0.40479922 1.0185659 0.2879512 0.35707563 0.33234888 -0.5856026 0.46462068
27 -0.25553507 0.10250794 0.086488895 0.9461482 -0.998434 -0.34280816 -0.19025394 -0.49867174
12 -0.2375062 0.72242624 -0.41658917 0.43252745 0.118902825 -0.72407746 0.39483982 0.47761464
19 -0.5666185 0.48990113 -0.0813053 0.080215685 -0.39856723 -0.8314787 0.5878469 0.103939995
23 -0.41163006 0.57445514 0.040460296 0.1401321 -0.21549024 -0.72101074 0.39294568 0.13771956
17 -0.6113995 0.07726735 0.13972686 0.43988052 -0.86755586 -0.8442012 -0.06387335 -0.5851922
26 -0.6339747 0.7459957 -0.2561259 -0.24970092 -0.0744543 -1.1153492 0.5448846 0.30493936
4 -0.050938454 0.06810988 0.34275752 0.9055425 -1.0915357 -0.4513159 -0.21903935 -0.44290856
15 -0.7131724 0.6026785 0.3185416 -0.35586643 0.008272701 -0.5966068 0.70345354 0.66987693
31 -0.688732 0.777855 -0.28994802 -0.09299842 0.36027426 -0.77629715 0.8051241 0.6878617
36 -0.23783448 0.15978345 0.38064343 0.8832509 -0.8914565 -0.018086292 -0.28125322 -0.36880878
42 -0.7800306 1.128877 0.1212278 -0.6470736 0.6915834 -0.49838337 0.7347989 1.0133512
45 -0.36509386 0.52876 -0.30639157 0.35561964 -0.49376118 -0.9318041 0.5471861 -0.24127442
20 -0.36812413 0.1893982 0.038964655 0.6489316 -0.67701125 -0.74157435 -0.1306459 -0.38067925
49 -0.27087665 -0.0015867273 0.5003749 1.1676993 -0.9985273 0.091932565 -0.613874 -0.8208814
3 -0.80858964 0.9101735 0.41133326 -0.4664266 0.51852727 -0.22212519 0.7409122 0.91095406
7 -0.65254176 0.7920112 -0.6470719 -0.048182014 -0.053710714 -1.0373491 0.6415563 0.34592482
0 -0.69811547 0.7725304 0.77669376 -0.43019572 0.47384757 -0.005558886 0.48038664 1.0562502
6 -0.5086006 0.6906098 -0.43356708 0.03923401 -0.36040488 -0.9031501 0.79608554 0.19394279
40 -0.4511152 1.2115132 0.46969077 -0.07726915 1.0271052 0.38700533 0.38156432 1.2105439
25 -0.33604786 0.9874959 0.7064899 -0.4505154 0.36563647 -0.08917197 -0.17936288 1.1837428
44 -0.13380541 0.5810191 -0.35900334 0.44947994 -0.6882797 -0.8223466 0.12712075 -0.07943442
16 -0.23479016 0.39405704 0.78952855 0.35368052 -0.6747688 -0.025110608 -0.22296877 -0.199746
2 -0.51763856 0.8396879 0.91794044 -0.11322021 0.70932025 0.47610125 0.5016633 1.2481099
41 -0.14638244 0.3253709 0.9015784 1.0226368 -0.035229057 0.73402387 -1.0351346 0.18708286
5 0.05322595 -0.03286037 0.4034304 1.3431621 -1.0207167 0.00406223 -0.40172225 -0.37197182
48 -0.20370589 -0.022964647 0.550587 0.9942234 -1.1242733 -0.14570415 -0.5252466 -0.6387492
18 -0.92264724 1.0324502 0.50671655 -0.6431158 0.8253139 0.02234136 0.56423974 1.2825156
34 -0.07638235 0.2419495 0.53977555 1.4785659 -0.52938026 0.7126387 -1.1597958 -0.43678546
13 -0.53174543 0.62304384 -0.34068865 0.2906878 0.43965486 -0.5711857 0.5707114 1.016524
14 -0.105801694 0.121061 0.40612736 1.3953865 -0.87660635 0.4996664 -0.7290497 -0.47744495
35 -0.34514076 0.71838254 1.088738 0.12390893 0.9198604 0.6496339 -0.0640907 1.5773016
8 -0.5838144 0.99806726 -0.7034551 -0.18720537 0.28342402 -1.1058829 0.97433186 0.7103252
46 0.0948199 0.24662094 0.8142884 1.3644481 -0.25410467 0.65098447 -1.1893061 0.017908813
10 -0.39408055 0.5820306 -0.6686103 0.5103844 -0.38899133 -1.0074584 0.6181918 -0.15163703
29 -0.6102403 0.42831475 0.13605656 -0.21608055 -0.6078735 -0.73574823 0.4777186 0.40400928
9 -0.06748661 -0.07127109 0.6225414 1.5288558 -1.0893737 0.51346517 -0.88751465 -0.62054
38 -0.11824978 0.90675235 -0.35907122 0.87802917 0.2629677 -0.1790271 -0.5484333 -0.052267842
33 -0.4387041 0.8495965 1.4295588 0.191007 0.63332826 0.9905131 -0.6574907 0.4876152
30 -0.63440096 1.4246383 0.58678365 -0.55616117 1.3183628 0.2667985 0.53004557 1.5074328
11 -0.1678453 -0.15259054 0.689601 1.5964242 -0.827161 0.6436143 -1.2047542 -0.39565587
32 -0.68668133 1.2818211 0.6627314 -0.06895246 1.6274986 0.81954765 0.08661595 1.6499363
22 -0.51830196 0.94098264 1.0890775 0.29273462 1.3710357 1.2048061 -0.44042176 1.5238913
47 0.016751492 -0.13603905 0.26072618 1.6770153 -1.260365 -0.029183088 -1.219331 -0.9069584
37 -0.78373235 1.0444322 1.329454 -0.4533275 1.4854279 0.9438411 0.06407923 1.997834
