50 8
24 -0.7329123 -0.032851975 -0.07613223 0.9874478 -0.24213593 -0.5817005 -0.23515417 0.07760739
28 -0.25020593 0.47105375 0.22207421 0.42178854 -0.8313532 -0.5009122 0.2643788 -0.5217067
15 -0.15181608 0.7083757 0.5219962 0.15466565 -0.18007703 -0.20121697 -0.13081926 0.34107086
31 -0.78105396 -0.17677253 0.5443353 0.6612321 -0.062116 -0.70865434 -0.64168274 0.4189712
39 -0.44566113 0.4109682 0.70264286 0.2204339 -0.23064667 -0.35613358 -0.42222467 0.07259546
42 -0.41183713 1.0136064 -0.0051881257 0.15440363 -0.27129394 0.078497596 -0.15411036 0.2472902
25 0.21784143 1.3216897 0.49540818 -0.121156685 -0.33083907 0.33352908 -0.21874218 0.5075242
18 -0.84696877 -0.18005607 0.62708485 0.55127895 0.36258075 -0.06854892 -0.21945761 1.164269
45 -0.16207585 1.1368761 0.039940044 0.24637741 -0.26558498 0.3638793 0.080966935 0.10798915
0 -0.8064427 -0.33081007 0.58205867 0.7399925 0.21750532 -0.25759757 -0.18099786 0.8118381
19 -0.6933483 -0.011308427 0.22982985 0.7229015 -0.043665554 -0.43401614 -0.515072 0.8967011
23 -0.81253177 -0.110517584 0.15931594 0.76231664 -0.004872846 -0.2586579 -0.21002884 0.8692479
43 -0.23988974 0.2585141 0.6944507 0.4164787 -0.9463414 -0.47855765 0.090171136 -1.0204737
6 -0.85076475 -0.30532572 0.15905772 0.9551841 -0.13834742 -0.81062126 -0.15998396 0.3203772
1 0.30502382 1.5105287 0.10264697 0.24854083 -0.53534 0.45894414 0.8977445 -0.78342474
3 -0.6505405 0.14851518 0.41384843 0.6129068 0.50360304 0.17403246 -0.35659027 1.4083418
29 -0.57477176 -0.1255221 0.16872978 0.81619674 -0.74235934 -0.9200258 -0.6130473 0.06384717
16 0.3792032 1.444036 0.55603695 -0.21637711 -0.93908924 0.108445816 0.624476 -0.795548
40 -0.731956 -0.22623841 0.85298276 0.517854 0.29468971 -0.420946 -0.4485888 0.9013281
33 -0.23123509 0.9806562 0.54492724 -0.09633399 0.7731222 0.6005365 0.95208734 1.3514802
26 -0.5297444 -0.22062154 0.9704685 0.43637246 -0.62997633 -1.1226797 -0.30368575 -0.67997485
36 0.049550653 1.3542851 -0.15577891 0.3925082 -0.6458484 0.6545975 0.6888807 -0.6769097
2 -0.8328531 -0.16474588 0.38964477 0.71078444 0.29102266 -0.15216793 -0.2831787 1.2078143
14 0.044192307 1.4452338 -0.058698468 0.2374609 -0.06968451 1.2509731 0.9404784 0.17629388
10 -0.6939752 -0.13670582 -0.081541575 0.9244405 -0.30920985 -1.1032729 0.2291185 0.025280772
20 -0.19144525 0.5437133 0.32215616 0.41507953 -0.8467655 -0.88378334 -0.35667643 -0.52102214
35 -0.3657998 0.4540464 0.5155294 0.2342001 0.6127038 0.4418744 0.7743297 1.4307506
34 0.3868794 1.3184277 0.634269 0.025714368 -0.5920338 0.19955838 0.59723395 -0.7681287
27 -0.06415055 0.8712833 0.17465419 0.29809856 -1.0848393 -0.26174748 0.84046084 -1.1956751
17 0.081930965 0.89169514 0.8823786 -0.025677951 -0.53635365 0.012378658 0.6180169 -0.7619215
46 -0.18501952 0.07137165 0.45904872 0.5822683 -0.706316 -0.52530646 0.26599947 -0.15004195
44 -0.51203334 0.40271088 0.20000686 0.5034428 -0.36563978 -0.46076408 -1.0536567 0.59690243
12 -0.50958705 0.008655877 0.33707863 0.71370316 0.3150719 -0.060963217 0.39391157 0.9990035
13 -0.98774946 -0.6132521 0.5790297 0.86230683 0.08403257 -0.46586162 -0.28758445 0.7328529
8 -0.688826 -0.42810282 0.6570402 0.91850156 -0.23807542 -0.91481113 -0.56810194 -0.083973795
4 0.23831365 1.4656887 0.12194277 0.22329526 -0.7722207 0.6478736 0.9773617 -1.0363636
7 -0.93398255 -0.5351003 0.49931836 0.78238666 0.03624988 -1.1179123 -0.28723812 0.5247274
21 -0.81203645 -0.15917808 0.31603447 0.78462476 0.52261543 -0.17526151 -0.053142335 1.3706529
49 0.21895567 1.2188478 0.5333814 0.12836775 -0.630334 0.8989563 0.967927 -0.8558826
5 0.40839848 1.3338193 0.5879876 0.084089495 -0.7962936 0.54033816 0.8689731 -1.0028306
11 0.16607182 1.4160482 0.08709116 0.2060521 -0.5853666 1.2346671 0.714053 -0.2774521
9 0.023532232 1.5061231 -0.15429592 0.17675112 -0.34456995 1.1269568 1.3557546 -0.24961096
22 -0.4995706 0.25475463 0.73586786 0.478115 0.618658 0.4170485 -0.5213483 1.4509428
47 -0.03302695 1.3880572 0.1848718 0.09911386 -0.36776587 1.1018893 1.0652766 -0.49257433
41 0.24706562 1.1926883 0.6334878 0.034688536 -0.77340996 0.49413526 1.24321 -1.2620574
30 -0.44486877 0.08556296 1.0508227 0.48012978 0.41597584 0.37989667 0.04705372 0.3433829
32 -0.34050152 0.51714855 0.77787006 0.13256733 0.8869393 0.602272 0.7710694 1.5382619
37 -0.53124624 0.20248534 0.87287295 0.26430848 0.59568685 0.8214876 0.011745904 1.5660754
38 -0.16010699 0.98429763 -0.47625747 0.4801467 -1.0431273 -0.5727269 0.8604293 -0.8474508
48 0.13462764 0.9233058 0.6087643 0.28391933 -1.1738594 0.2914145 0.3068889 -1.4468628
