50 8
40 0.17725937 0.47115868 0.35491168 0.6261312 0.8094833 0.20198737 -0.14218183 -0.083708234
25 0.46268207 0.1776421 0.112085454 0.82778347 0.37910146 -0.058995217 -0.42019528 0.545708
8 0.07634755 0.33103693 0.53934556 0.27126247 1.1953343 0.13960464 0.05541679 0.08843156
23 0.08123914 0.3055965 0.5290116 0.4395529 0.97433126 0.16187333 -0.091988 -0.011994102
15 0.35049084 0.45779458 0.32551616 0.69647264 1.0173829 -0.091911614 -0.36809456 0.13872936
42 -0.45494652 0.24067633 0.8360803 -0.19969812 0.6530437 0.5269084 0.35959968 0.0839355
18 0.7457471 0.1146817 0.089387655 1.1830446 0.40997913 -0.5614749 -0.79725677 0.7320307
45 -0.60526806 0.08024876 1.089921 -0.45810565 0.069070056 0.95318264 0.7072554 0.01054269
1 -0.43037513 0.04538288 1.0203028 -0.25233975 0.29475853 0.799562 0.61992645 -0.16797024
17 -0.39800233 -0.13214725 1.0448377 -0.2982618 0.6604549 0.7154024 0.5878467 -0.03311574
34 -0.5171294 0.08778524 0.98936146 -0.2826148 -0.52565336 0.80001664 0.8134982 0.03098419
43 -0.49731165 0.1326879 1.0489035 -0.4499803 0.36550605 0.92471117 0.648479 -0.07882025
28 -0.36758566 0.15018003 1.0637635 -0.5078476 0.47544506 0.8172805 0.557721 0.017044798
46 -0.5141757 0.10516553 1.2246281 -0.49443775 0.49909532 0.80923957 0.5130363 -0.11735999
6 -0.37212348 0.0879177 0.8490255 -0.19688176 0.98448604 0.5952099 0.2641172 0.084245324
24 0.45828265 0.41326314 0.3641659 0.72195625 0.930198 -0.15361519 -0.3950358 0.16023837
26 -0.10958572 0.13538466 0.46066612 0.44919482 1.1914774 -0.046968933 0.09168436 0.19386896
16 -0.52354836 -0.19908817 0.7307504 -0.2082254 0.13607211 0.89433014 0.52141196 0.29876065
39 -0.4113319 0.3678569 1.008002 -0.30756417 0.6063123 0.8130227 0.5232871 -0.26159433
27 -0.6883059 0.07420431 0.9933811 -0.43532708 -0.2653122 0.97028476 0.9164299 0.067352936
20 -0.64609647 -0.12856504 0.46544477 -0.040533908 -0.34933615 0.6775686 0.64792216 0.65289515
36 -0.6990016 0.15509179 1.0065811 -0.4373318 -0.6513819 1.0332582 1.1716526 -0.07588509
10 0.4267784 0.2785636 -0.45996815 1.3056283 -0.4188448 -0.49944958 -0.14880294 1.1242191
38 -0.42688787 0.109938376 1.0721341 -0.3430887 0.16799471 0.8902961 0.71405005 -0.17939906
4 -0.6322778 0.0713777 0.669552 -0.088210545 -1.176839 0.62829787 0.8094197 0.5274407
31 -0.4761817 0.20584175 0.6814737 -0.08909378 0.8792213 0.7841495 0.2548256 0.003163286
41 -0.579794 0.20166832 0.99312055 -0.29547584 0.33560467 1.0174451 0.778787 -0.33387882
19 0.7606674 0.25844154 -0.042451587 1.1638306 0.27122572 -0.58223635 -0.8453815 0.9176233
48 -0.44690716 0.18335856 1.0954103 -0.47028545 0.5907626 0.85562193 0.58110845 -0.13211319
7 0.89851654 0.3189957 -0.16879734 1.393847 0.76795727 -0.70421827 -0.63810134 0.7159636
0 0.7150844 0.2542148 -0.20942707 1.274319 0.2824671 -0.4906454 -0.9216527 0.9682686
29 -0.075630315 0.052733593 0.29038653 0.30059287 1.1866027 0.22106326 -0.038619578 0.48566237
30 0.8494731 0.50727856 -0.059717804 1.3523692 0.18095152 -0.482711 -0.56124365 0.37969643
3 0.941146 0.25323004 -0.24376889 1.622007 -0.15405785 -0.82307833 -0.91141355 1.0284375
5 0.040174488 0.40268883 0.2413266 0.376441 -1.8120257 0.411588 0.75720525 0.5600079
49 -0.7337229 0.15206598 0.9706652 -0.4508966 -0.97506416 1.1347114 1.1877953 -0.012101613
47 -0.1746269 0.06817243 1.1094373 -0.17955239 0.15727836 0.9195319 0.58480763 -0.3911367
2 1.161017 0.56683534 -0.29213467 1.7758242 -0.2274806 -1.0107919 -0.6517544 0.76895875
12 0.7138313 0.36397374 -0.21235743 1.5138005 -0.14669678 -0.7984953 -0.6525944 0.87353086
33 0.54641515 0.37505084 -0.71483225 1.721373 -1.559854 -0.40482467 0.05823732 1.0967329
21 0.6943974 0.19570114 -0.6060524 1.7966746 -1.204419 -0.38509446 -0.13728084 0.9469909
37 0.69993436 0.14816377 -0.6830748 1.8411111 -1.0404695 -0.6018594 -0.20255375 1.1164565
44 -0.5921536 0.013491066 1.1984898 -0.3833063 0.20470357 0.9795381 0.7953845 -0.3445919
13 0.5960718 0.33784324 -0.70565826 1.5890504 -1.2336229 -0.39223865 -0.4612796 1.3749074
22 0.7677068 0.38059387 -0.414838 1.6781654 -0.24163747 -0.7836918 -0.8020821 1.087975
32 0.8723807 0.6045768 -0.6229009 1.8157705 -1.1585484 -0.7725939 -0.23376255 0.9899092
35 0.7876397 0.60894847 -0.5070048 1.7478741 -0.69277906 -0.9587972 -0.3964843 1.003059
14 0.22144757 0.20395443 -0.18602923 0.93492836 -2.525092 0.1968878 0.3894847 1.0760565
11 -0.31702 0.20398305 0.528319 -0.016215632 -2.1768289 0.7613616 0.80624527 0.7048788
9 0.36294222 0.13940984 0.1831838 0.64784276 -2.7084653 0.15485956 0.71550083 0.9646258
