50 8
43 -0.28020084 0.14650637 0.41566184 0.39338014 -0.59339106 -0.7616173 0.5144275 -0.460279
23 -0.24619205 0.4487012 0.1383821 0.7526495 -0.13364065 -0.24576382 0.29635695 -0.08177967
1 -0.2571435 0.6555425 0.2090354 0.41801 -0.7859491 -0.36622593 0.05019882 -0.6957194
29 -0.22802514 0.36721838 0.019025028 0.807129 -0.48299092 -0.7359362 -0.04123362 -0.29051048
41 -0.41265336 0.6110445 0.32968673 0.5592071 -0.7233337 -0.35022616 -0.6514678 -1.0424778
28 -0.18025108 0.29290882 0.4886175 0.3612147 -0.78908503 -0.50653344 -0.22702241 -0.5268721
17 -0.48706448 0.49660164 0.5782419 0.08204749 -0.6980538 -0.55186576 -0.030141527 -0.910911
27 -0.4547048 0.50565594 0.29792923 0.48624474 -0.79835963 -0.48554513 -0.5056267 -0.8016391
36 -0.39946648 0.6371461 -0.0024141222 0.8769297 -0.4225477 -0.31931618 0.08631236 -0.78387207
31 -0.20999543 0.38319144 -0.19386883 1.3258923 -0.13196109 -0.7678275 0.46582395 -0.61057353
44 -0.055245858 0.26512083 0.04564541 1.088056 -0.21428065 -0.93138695 -0.070875674 -0.41380358
49 -0.48529848 0.7476977 0.15353817 0.6804908 -0.6310058 -0.1739383 -0.82136106 -0.8853003
20 -0.49125552 0.2591703 0.8008041 -0.0651102 -0.68421686 -0.28805402 -0.40956 -0.4026759
6 -0.2970723 0.38400918 0.027448935 0.7662867 -0.8898076 -0.52157956 0.048583895 -0.68709385
24 -0.21827431 0.5460474 0.47972676 0.3177917 0.22400104 -0.3579309 0.609137 0.0012040153
16 -0.390421 0.5660761 0.77061534 -0.23914164 -0.72748965 -0.117441885 -0.3702732 -0.37462446
48 -0.23194268 0.7189037 -0.008629778 0.9818933 -0.19953075 -0.63489 -0.1725643 -0.88749903
42 -0.16055962 0.2274336 0.14644814 0.792209 0.099552594 -0.80813116 0.9739532 -0.03872168
40 -0.26355997 0.42146108 -0.08678948 1.1651746 0.018576749 -0.8065955 0.32346284 -0.50958025
26 0.00938047 0.21132362 0.0019749994 1.0695347 -0.020663206 -0.956431 1.0471662 -0.23638752
38 -0.35347083 0.77228945 -0.10830956 0.9489281 -0.634748 -0.43565184 -0.77439004 -0.82392365
8 -0.1923617 0.018987766 0.02998999 1.0492413 -0.37374175 -0.8182316 0.3614119 -0.17471164
46 -0.69081527 0.07560473 0.9588799 -0.35401458 -1.1158649 -0.2809467 -0.89055204 -0.36849287
18 0.11833592 0.21933785 0.48796216 0.8026605 0.7751839 0.4191969 0.70518696 1.6139977
34 -0.3836234 0.7678103 0.499675 0.23852354 -0.5283666 0.042938065 -0.88679004 -0.47487447
12 0.3321851 0.08471489 0.54017836 0.71782166 0.62118256 -0.1664266 1.3022549 1.2023633
15 0.075914755 0.035606153 1.0656775 -0.15761541 0.16999553 0.23024094 0.9727278 1.2734586
4 -0.8184129 -0.15630496 1.1712085 -0.70072234 -1.4710865 -0.07801053 -0.8219425 -0.105787545
19 0.24473889 0.06467225 0.8862001 0.3171554 0.77076143 0.12753886 1.2757331 1.3979703
30 0.34520096 0.55741274 0.30506843 0.8930291 0.87033075 0.051260732 0.88585585 1.0824858
14 -0.401131 0.6355646 0.80980825 -0.31108016 -0.68976724 0.7631995 -1.1247175 0.54338884
45 0.06644552 0.5566463 0.33866617 0.7356306 0.22343725 -0.5013475 0.5851371 -0.39084113
11 -0.849327 0.2918388 0.8915844 -0.43475398 -1.3688738 0.36906216 -1.3452618 -0.107831515
7 0.14405653 0.2751664 0.21950592 0.9638327 0.5487911 -0.18753497 1.0703982 0.7232345
9 -0.6752879 0.3225407 0.8085433 -0.38769248 -1.306214 0.19030716 -0.9668032 -0.11938412
5 -0.55766386 -0.13363257 1.1507221 -0.60621643 -1.0778495 0.46543434 -0.2750431 0.6239722
13 0.020530889 0.19274789 0.0923564 1.1152611 0.3765214 -0.15646516 0.73664945 0.6760036
10 -0.113223396 0.17032921 0.74622846 0.07641601 0.07252445 -0.022686552 1.2057788 0.66597915
21 0.19451359 0.1800752 1.1090492 -0.051649246 0.7503558 0.49332973 0.57514447 1.9885641
39 -0.44653916 0.48461163 -0.028677402 0.8988556 -0.608804 -0.7606284 -0.34841865 -0.79288083
47 -0.5167846 0.6767202 0.21003288 0.36012992 -1.318308 -0.23561431 -0.91856515 -0.89809227
25 0.23577695 0.8344188 0.62106305 0.1117988 -0.018763253 0.96105444 -0.9755672 1.455299
33 -0.09799636 0.40402114 1.4280603 -0.43174475 0.5584704 1.1375841 -0.5372959 1.775005
22 -0.02771541 0.1865175 1.2718639 -0.114153065 0.47500467 1.0313275 -0.48065552 1.8718355
37 0.13876922 0.045381114 1.454794 -0.43910924 0.28144026 0.76362735 0.04293038 1.9156506
3 0.37420496 0.37986767 1.3635432 -0.34193686 0.71086794 0.704823 0.4858643 1.9486488
0 0.24852931 0.29581413 1.2987483 -0.22952527 0.9157468 0.8120913 0.6629 2.1229463
2 0.45901442 0.5201641 1.0475194 0.025011033 0.9070683 0.62886065 0.7689466 1.8135903
35 0.09599143 0.27746257 1.1863167 -0.06487471 0.94833505 0.9916612 0.17119326 2.4020817
32 0.16497836 0.12464554 1.1001862 0.16607909 0.9123877 0.9941539 0.54281926 2.515478
