50 8
43 -0.2219643 -0.13454296 0.4522885 -0.16759649 1.0359389 0.78775334 0.5192651 0.37826863
17 -0.15242462 -0.29713935 0.90322274 -0.21809322 0.59428 0.49855015 0.57539105 0.4909316
28 -0.4229461 0.0854484 0.43464792 -0.14623632 0.7807605 0.6969503 0.5978985 0.6255195
23 -0.12215709 0.406577 0.38093895 0.48315066 0.6407174 0.111373745 0.67474353 0.36362222
1 0.17449972 -0.20526384 0.688124 0.34440485 0.6115727 0.6753006 0.4792755 0.1641263
36 -0.069166444 -0.3404149 0.78335005 0.098135605 0.6904457 1.0054812 0.7546095 0.30081806
16 0.11560912 -0.7569916 0.5534557 0.07450648 0.38560447 0.53338116 0.02012696 0.5210209
38 0.0076314034 -0.46495527 0.86064786 0.057956044 0.6448969 1.1136402 0.2907102 0.14821982
41 -0.082851954 -0.38290784 0.7710984 0.09763516 0.9480016 1.262671 0.8630763 0.12868325
27 -0.009659231 -0.26658642 0.6272888 -0.014767785 0.950247 1.2392346 0.712755 0.28926462
8 -0.73763645 0.66204786 0.027216233 0.50661683 0.54774076 0.18685871 0.89503235 0.86177635
49 -0.16230404 -0.52668846 1.0125403 -0.27773863 0.25710145 0.11655236 -0.34860054 0.4223624
34 0.5655605 -0.6221262 0.8188748 0.3109803 0.40930036 0.9730265 -0.11033869 0.11915964
6 -0.7406629 0.470763 0.2722637 0.22095221 0.80546486 0.6679759 0.8599027 0.60628694
42 -0.38293216 0.36365056 0.12515344 0.04326842 0.64629877 -0.89604586 -0.7274635 0.4676154
19 0.35940912 0.0693748 0.2858307 0.54405403 0.092976175 -1.0550075 -1.3219159 0.35463968
24 0.4731084 -0.14141917 0.32298958 0.648648 -0.105707385 -1.0337937 -1.4418678 0.40995654
20 -0.27082625 -0.47501212 0.63407886 0.06063847 0.58477056 1.0673271 0.60369754 0.503818
26 -0.9053508 0.762766 0.045663297 0.30638263 0.6008087 0.10483874 0.73891246 0.8938527
11 0.63531864 -0.7857533 0.6672119 -0.09008709 0.46888968 0.11358912 -1.3958105 0.016342549
31 -0.48485395 0.53485465 0.23005609 0.38344342 0.59647775 0.67835575 1.0768747 0.7856645
18 -0.021386076 0.7254115 -0.5337654 0.92743564 0.52637553 -1.3447593 -0.8789892 0.47102916
40 -0.27125517 0.86933225 -0.119955085 0.75102806 0.7418956 0.39495838 1.09025 0.6447709
4 -0.052732356 -0.5543957 0.8926241 0.1683468 0.30082205 1.0568596 0.36305314 0.42077252
45 -0.18713965 0.37889424 0.9282252 0.090758026 0.7603023 0.5227263 1.0848783 0.27069977
48 -0.19935648 -0.029182632 0.75956464 -0.10134021 0.8632432 1.1865352 0.8711674 0.3637772
13 0.08770178 1.1784804 -0.603391 1.3542886 0.5648454 -0.6196589 -0.33234987 0.32574132
21 0.37467057 -0.13253373 -0.17224018 0.80206203 -0.033480853 -0.85909903 -1.6370188 0.5909243
14 0.7753907 -1.0010612 0.72590685 0.06766278 0.14796726 0.25919634 -1.4796586 0.15831102
12 0.008973919 1.0858511 -0.35802 1.0607673 0.44460386 -1.380029 -0.58607256 0.40831053
47 -0.06314755 -0.413203 1.1793796 -0.040356953 0.48757732 1.1313522 0.72759145 0.30594927
29 0.5080639 -0.8157561 0.82521576 0.0099677015 0.56254596 0.4488723 -0.4115994 0.041573748
9 0.82329464 -0.9821157 1.1815339 0.06648633 0.13567173 0.8145159 -0.22322811 0.20056018
2 0.41172463 -0.24040228 -0.24951902 0.82194334 -0.023412945 -0.58560026 -1.9196768 0.52547604
5 0.44928318 -0.18450204 0.57733727 0.29337153 0.16200726 -0.7140126 -1.0296793 0.28770387
0 0.1213334 0.03148463 -0.04504223 0.5512506 0.050770167 -1.1753943 -1.7486084 0.57867146
15 -0.1656974 0.3265893 0.11553247 0.5767206 -0.19163623 -1.2365795 -0.30613568 1.044044
44 -0.23119982 0.38029465 0.30980605 0.42687717 0.8601875 0.8652558 1.1663446 0.4262782
25 0.9605398 -0.8601098 0.37359914 0.65283966 0.0033637432 -0.20236236 -1.552187 0.15794197
7 -0.18063779 0.9108472 -0.7698528 0.80458564 0.51816225 -1.197745 0.013654582 1.02066
46 -0.58554536 0.23168124 0.880084 -0.26282662 1.0973811 0.8053316 0.6537288 0.12137628
3 0.46356976 0.43709168 -0.102903254 0.78507113 0.2257528 -1.6439223 -1.1502589 0.43123218
33 0.606267 -0.108277075 -0.049205653 0.94992846 0.00057373545 -1.6284088 -1.496899 0.42313597
35 0.4255695 0.07110156 -0.013401927 0.8132356 -0.028803373 -1.536819 -1.5401961 0.5148424
39 -0.26776248 0.18475303 0.7166384 0.1273447 0.9940257 1.0567372 1.4337331 0.30354896
22 0.5639562 -0.3777273 0.3069363 0.8066889 -0.12661451 -1.2551886 -1.7829194 0.2812319
10 -0.8741076 0.53680766 -0.17947307 0.5887741 0.37123492 -0.16684155 0.6510811 1.0263028
30 0.38379735 0.9069001 -0.23307525 1.3012931 0.0773668 -1.7807575 -1.0323248 0.36966538
37 0.44700053 -0.13057722 0.0084051285 0.65725523 -0.092059955 -1.834323 -1.9075135 0.5955347
32 0.70814025 -0.1369185 -0.032092355 1.0778078 -0.18584381 -1.2443066 -1.6161553 0.4336106
