50 8
25 -0.04323797 0.12158386 0.5715137 0.6763335 0.39442384 0.33254606 -0.1676763 0.22069158
2 0.16619578 0.15890828 0.6940772 0.8392294 0.42774582 -0.09846802 -0.3138327 0.21811824
23 0.25355092 0.19491117 0.3315243 0.7301209 0.5716398 0.45455822 0.033543352 0.21170126
19 -0.43033582 0.23568767 0.28139195 -0.02006146 0.9600191 0.08396199 0.010030529 0.75234634
44 -0.21462736 0.089708075 0.39438578 0.09722759 0.8148274 0.3010059 0.0615184 0.6008934
43 0.046407975 0.67043847 0.94900566 -0.79991096 0.055160277 0.45246702 0.6126749 0.0708838
27 -0.4999099 0.49656582 0.5037505 -0.47123194 0.3428463 0.7840847 0.7116641 0.14848469
1 -0.8032571 0.5303925 0.65737 -0.46320212 0.2092122 0.83089566 0.4969838 0.027564682
18 0.10999437 0.098438896 0.41691953 1.280271 0.3186151 -0.57049984 -0.70214075 1.0009809
24 0.25129604 0.12713553 0.34424028 1.2262795 0.2624292 -0.09583052 -0.28385383 0.6902605
28 -0.8692156 0.7237172 0.27391294 -0.52167255 0.5333331 0.65158856 0.41793865 0.40515897
15 -0.68994164 0.28712848 0.36994135 0.10208658 0.2583346 -0.29182348 -0.1901465 1.2941278
12 0.35355046 0.19195354 0.1213451 1.4440423 0.48148087 -0.30137482 -0.24181905 0.76875794
0 0.1995531 -0.0594113 0.47996244 1.4124418 0.30810434 -0.51308054 -0.58841676 0.91467696
49 -0.5041753 0.39498305 1.0037173 -0.8747123 0.1777102 0.73885155 0.6617223 -0.0032650924
45 -0.60164255 0.38809553 0.80890703 -0.8108823 0.48791677 0.53801936 0.35558572 0.24887124
30 0.24437945 -0.04308504 0.18480952 1.5903393 0.38104913 -0.12039855 -0.34832305 0.7696883
36 -0.371099 0.83939546 0.6450688 -0.76340544 0.31203842 0.791485 0.85634106 -0.17323788
20 -0.6663398 0.32235792 0.75687253 -0.31949046 0.2569611 0.1869829 -0.09782839 0.5444037
4 -0.4206273 0.6616265 0.8065116 -0.28381118 -0.22014013 0.3540042 0.6983686 0.050223954
40 0.15049866 0.22456841 -0.22577837 1.2109727 0.25113204 0.6396628 0.44831482 0.61362123
42 -0.7812713 0.16721606 0.8092832 -0.81652135 0.42535958 0.12494815 0.26693046 0.74703085
34 -0.09963886 0.3813386 1.0428905 -0.4895585 0.24738154 0.9489332 0.7669815 -0.57900625
39 -0.25092736 0.4996708 0.10678953 0.39472982 0.6957153 0.91177166 0.66989887 -0.2095384
26 -0.16107912 0.11909992 -0.23114608 1.0212028 0.6062529 -0.102385946 0.09022865 1.2852749
6 -0.48693812 0.11565913 0.52398074 0.11260201 0.7945436 -0.27831995 -0.6456959 1.097536
29 -0.30849165 0.26157168 0.60897106 0.41584533 0.3996252 -0.1698405 -0.347231 0.5983936
16 -0.17605606 0.45909485 1.0730617 -0.6827328 0.1352437 0.30411685 0.55473053 0.003921574
10 -0.510341 0.43433586 0.052782454 0.24105912 0.123917535 0.00013540556 0.23894764 1.2916307
38 0.26535308 0.6615027 0.74410295 -0.059223812 -0.06486434 0.806884 1.0082811 -0.49075094
17 -0.43259603 0.40223175 0.71727383 -1.1217023 0.5954994 0.4463315 0.53149754 0.5714412
31 -0.37593833 0.0909924 -0.13774751 0.19928728 0.89145225 0.25756583 0.10457932 1.3349309
13 0.52495646 0.07037113 0.22175185 1.6695216 0.24393432 -0.6560372 -0.4493085 1.1757153
35 1.151181 0.14621408 1.2542808 1.3073235 -0.49426907 -0.34924683 0.25766727 -0.3459144
7 0.23077403 0.09791821 0.40381655 0.73429215 0.3611567 -0.59187365 -0.3567197 1.306571
9 0.5639356 0.70876336 1.3057145 -0.057028428 -0.52568614 0.53853136 0.65403605 -0.74589646
41 0.4285329 0.51758987 0.29064167 0.3721526 0.47006756 0.98896986 1.0643965 -0.54478085
48 -0.44119748 0.7181798 -0.030107753 -0.11798833 0.36856407 1.3664684 1.054349 -0.061837133
32 1.1389956 0.26006174 0.481419 2.026155 -0.018526338 0.17467599 0.31923807 -0.48777428
3 0.440079 0.21272476 0.41022098 1.5087415 0.39477146 -0.555453 -0.6214258 0.67596805
8 -0.17398168 0.2519796 0.051920034 0.70723325 0.6992509 -0.30354467 -0.5759912 1.3883482
22 1.0488911 0.06475459 0.9360398 1.5793155 -0.39390796 -0.3593092 -0.03457415 0.13208826
21 0.8054837 0.3412828 0.6922304 1.7079189 -0.39650908 -0.10728755 -0.3103391 0.10096978
47 -0.30044526 0.51194406 1.2718948 -1.1047884 -0.118381515 0.88670766 0.78487563 -0.27506933
37 0.71465474 -0.10063272 0.5371362 2.0580509 0.006014188 -0.7100874 -0.45107064 0.70777494
14 0.5864723 0.82765114 1.4698713 0.5535812 -1.156562 0.46696103 0.56150794 -1.0200915
33 1.2376704 0.07788145 0.6043992 2.17065 -0.23959246 -0.07419545 0.12707038 -0.18942627
5 0.19682577 0.8968597 0.89427775 -1.0636795 -0.1254405 0.27764413 0.9091556 0.31004596
46 -0.550463 0.7597647 1.5213486 -1.1173613 -0.2024906 0.058517803 -0.11241624 0.11284092
11 0.30550194 0.7604786 1.572223 -0.5942493 -0.65449184 0.5607205 0.68270737 -0.71400625
