50 8
43 0.053098973 -0.34076846 0.48088154 -0.24657977 0.79652363 0.8918547 0.65749556 0.0032885787
40 -0.26114613 -0.498726 -0.09320712 0.7502109 1.5203862 -0.14276496 0.3117813 0.018309623
28 0.1642994 -0.29190922 0.48475075 -0.4601355 0.5374543 1.4378811 0.8275453 0.022220027
17 0.2090793 -0.3905527 0.6405115 -0.45049053 0.372647 1.2677888 0.8389545 0.13379744
49 0.21342018 -0.45446768 0.6927769 -0.5074108 0.40274155 1.2110186 0.9033721 0.18663006
34 0.3866841 -0.8240101 0.55697066 -0.57349694 0.7782459 1.1589557 0.7031356 -0.16157898
36 0.19711488 -0.2857443 0.4877019 -0.3059518 0.60666937 0.99122643 0.7594881 -0.03188632
27 0.5113341 -0.4283764 0.51010656 -0.6202842 0.72404045 1.2618985 0.9567209 -0.23828493
6 -0.37913546 -0.4183918 0.5881037 -0.19859463 1.3063952 0.6639838 0.4533059 -0.14352797
42 -0.13796327 -0.51009643 0.6978491 -0.44490474 1.0552865 0.8531373 0.5539645 0.007390615
25 0.98258644 0.55062634 0.20824254 0.9167286 -0.22398211 -0.37520918 -0.6427206 -0.21533605
18 -0.19392225 -0.094593346 -0.10790327 1.2952899 0.84629476 -0.47269166 -0.50623906 0.49905398
38 0.49753627 -0.012022768 0.5146992 -0.08025927 0.042214897 1.0182875 0.3934142 -0.48559046
29 -0.18451118 -0.607143 0.40333676 -0.2079354 1.3849355 0.7522366 0.38433352 -0.28564322
20 0.07320373 -0.13081709 0.72911847 -0.119383916 -0.11975229 1.123091 0.632931 0.13992055
14 0.7440144 0.96406883 0.33733997 1.1089493 -1.0312581 -0.06219353 -0.62480044 0.48083618
10 0.26533225 0.5436017 0.37207282 0.91032255 -0.83298075 0.35453573 0.025797436 0.7398336
16 0.3249554 -0.476335 0.45532244 -0.41307586 0.3508467 1.37767 0.63626665 0.11322656
39 0.07643551 -0.3599394 0.16866817 0.0013378683 1.3859862 0.5205205 -0.009875165 -0.34755623
45 -0.122477464 -0.6310645 0.516657 -0.42617148 1.2637004 1.0354666 0.62535536 -0.35261413
13 0.08838317 0.5652814 0.108759336 1.1326207 0.53257686 -0.5551659 -0.95243144 0.31941918
12 0.34050664 0.6968824 0.4555776 1.4545792 -0.12590341 -1.0324162 -1.2200017 0.14769685
47 -0.064337045 -0.63085645 0.5691425 -0.2248144 0.7210639 0.8859947 0.61346257 0.20151095
46 0.30599794 -0.17664196 0.6584918 -0.39639038 0.24588323 1.193948 0.7792914 -0.071306705
41 0.7169901 -0.15579315 0.38166142 -0.24890465 0.43075854 1.1056432 0.4744571 -0.8984107
23 0.28641048 0.7652718 0.48791483 1.3479348 -0.016154854 -1.0974269 -1.1952074 0.27269804
4 0.82404035 0.6123636 0.81491673 -0.16169292 -0.7119989 0.9804556 0.37759992 -0.34801158
26 -0.47349587 -0.5291257 0.60354036 -0.332336 1.5596206 0.6166455 0.65936685 -0.1379459
19 0.00693164 0.7891264 0.5905275 1.364309 -0.058876842 -0.95495516 -1.1895791 0.4758128
9 0.74754757 0.34202427 0.9198419 -0.30357394 -0.7320815 1.0703797 0.55832577 -0.20742701
7 0.1131226 0.40692377 0.24822906 1.4151406 0.21946396 -1.0207534 -0.40342742 0.8232456
15 -0.053779405 0.5186874 0.49544984 1.0825682 -0.37232766 -0.22698882 -0.23066741 0.7339716
1 -0.14576358 0.3578509 0.23602869 1.3394017 0.2690909 -0.7562891 -0.76060426 0.8558512
24 0.29233295 0.7164137 0.5227321 1.4402406 -0.18901801 -1.090195 -1.2486095 0.3569997
48 0.40738377 -0.33731434 0.45880985 -0.46023452 0.431408 1.408899 0.83342206 -0.29319456
33 1.0517783 0.9521732 0.34056872 1.2448641 -0.93794596 -0.44574085 -0.7644202 0.036829483
31 -0.5355987 -0.55243075 0.33359024 0.057546817 1.7706059 0.39186585 0.5757292 -0.13399954
0 0.20809843 0.9500622 0.4921069 1.6044323 -0.35443205 -1.0387974 -1.4068645 0.4461245
21 0.560735 0.84010535 0.36773124 1.5941626 -0.6278541 -0.9735805 -0.94967866 0.55829656
30 -0.26747322 -0.37768197 -0.042938516 0.94683343 1.6715976 -0.6359333 0.024618972 -0.0632452
3 0.5693225 0.9676302 0.44367012 1.4908559 -0.61325395 -0.9216249 -1.0307499 0.39394894
11 0.5327781 -0.30181175 0.7753461 -0.62762076 -0.014521863 1.4941703 0.5758186 -0.17663817
44 0.027877942 -0.7320397 0.33566725 -0.28272754 1.5145718 0.7292605 0.33221903 -0.3372443
35 1.396674 0.6834577 0.2777942 1.0766588 -0.9827122 -0.3747752 -0.6005142 0.047025036
22 1.10223 0.9968197 0.4328811 1.460057 -1.2451446 -0.6530072 -0.7218226 0.39336255
37 0.56248176 0.68969774 0.40918842 1.6072752 -0.18200026 -1.2870784 -1.1370171 0.26004672
8 -0.51738864 -0.45354173 0.2379352 0.50163424 1.2511209 0.089869864 -0.095825486 0.5209121
32 1.561657 0.83272487 0.041232552 1.3623856 -0.77398556 -0.74174494 -0.6342441 -0.09246876
2 0.6598437 0.8558852 0.29386804 1.7665521 -0.5590066 -1.1808892 -0.97538275 0.52419597
5 0.40439624 0.38787505 0.7922097 -0.032752827 -0.71706945 0.9936601 0.43264073 0.31546092
