50 8
23 0.15390992 0.6800426 0.55869466 0.48905286 0.7620357 -0.22530562 -0.5008391 0.18385725
1 -0.07312927 -0.13087356 0.46998897 0.018804677 0.3831267 1.0769625 0.6239842 -0.4452922
26 -0.65263927 -0.02501348 0.20916203 0.03244684 1.0990266 0.17475654 -0.088328056 0.44913337
48 0.8899413 -8.9664725e-05 0.41479412 0.7364508 0.09194866 0.07530059 -0.30221358 0.61377746
24 0.5639231 0.6142766 0.6023929 0.9147999 0.24752603 -0.43932512 -0.5470108 0.7225814
29 0.16807406 -0.41878593 0.11308467 -0.014422689 0.933071 0.8259646 -0.32627252 0.053590126
25 0.95414186 -0.51253814 0.29639632 0.4330693 0.14323704 0.704072 -0.2971826 0.28585577
42 -0.9376604 0.05991775 0.25986725 -0.56642115 1.1285949 0.5281594 0.40437424 0.29580003
43 -0.8314651 0.017712878 0.46744272 -0.6847758 0.6867693 0.69004244 0.7743288 0.12266068
27 -0.5566596 -0.30026785 0.55053866 -0.78774023 0.34145707 1.0765511 1.1221952 -0.08265404
38 -0.68234867 -0.08128364 0.22519332 -0.32463917 0.73811495 1.2804339 0.70906794 -0.22076002
41 -0.42457533 -0.122911245 0.552797 -0.5451528 0.621759 1.0068823 0.67048275 -0.3639453
36 -0.29810637 -0.89164764 0.40840533 -0.5428452 0.030904027 1.3085175 0.6657239 0.32139498
13 0.22621438 0.54971445 0.64820254 0.88679105 0.66598105 -1.0097827 -0.76393914 0.91455305
6 -1.0994189 -0.07960889 0.34872183 -0.57079023 0.72891736 0.48873156 0.402202 0.6203224
12 0.3318878 0.71490103 0.66131866 0.9631578 0.8618261 -0.93777394 -0.6281016 0.542735
8 -0.79111683 -0.0109155 0.08036349 0.21370816 1.0243367 0.0146133425 -0.1638637 0.83807546
18 0.3566229 0.20744479 0.5442041 0.9951215 0.67441094 -0.64972615 -0.82663256 0.64104146
31 -1.1892313 0.47089964 0.37951595 -0.27474952 1.2173518 -0.14410678 -0.063261405 0.6158556
28 -0.7040778 0.25469837 0.3307112 -0.6194425 0.5404521 1.1027669 0.7302391 0.121694915
19 0.85556334 0.33756447 0.62257886 1.0087461 0.32935867 -0.5899602 -0.7440717 0.69033164
49 -0.079695806 -0.6701908 0.7425394 -0.8414453 -0.21381 1.594244 0.99724495 -0.35038218
30 -0.5758284 0.8548484 0.56144834 0.63741237 0.99094343 -0.8140583 -0.3037362 0.6285388
14 1.3336184 -0.3124769 0.54075754 0.7177239 -0.6415492 0.8238458 0.062129553 0.23910679
7 0.6154358 0.4408705 0.4585628 0.89637053 0.61649066 -0.7474758 -0.7352499 0.9515314
20 -0.46066537 -0.91641873 0.31755623 -0.7638476 0.15723395 1.3474628 0.7972842 0.38619182
17 -0.54039043 -0.48233888 0.38034052 -0.8229574 0.22817889 1.3995426 0.99932694 0.19660595
21 1.1532115 0.03959197 0.82654864 1.1710654 -0.22659609 -0.3830397 -0.5464101 0.5164445
45 -0.66808647 -0.54393244 0.26578844 -0.6839405 0.47793555 1.3737341 0.5697715 0.217301
47 -0.4287863 -0.03331201 0.4892083 -0.35502344 0.43856978 1.3901613 0.7501667 -0.48897246
33 1.1300591 0.14762245 0.9645175 1.2064513 -0.44104645 -0.3633709 -0.18775587 0.36819625
16 -0.101908274 -0.91340375 0.15646477 -0.6290371 0.4732607 1.5089514 0.29697448 0.14733769
40 -0.99379975 0.8333146 0.46642768 -0.06941319 1.0453074 -0.10301853 0.101278424 0.2806832
22 1.3149744 0.15769316 1.0228624 1.0016967 -0.32190552 -0.68388146 -0.4876905 0.65781003
44 -0.8281274 -0.25566274 0.23059799 -0.2743073 1.0384485 0.4823365 0.029275974 0.40493867
15 1.0738571 0.5847055 1.0635734 1.0808755 -0.4287219 -0.8607351 -0.3454192 0.8256859
34 -0.061450493 -0.658452 0.74063754 -0.7542511 -0.25570983 1.5356885 1.0445129 -0.22726849
9 1.1082889 -0.17285825 0.8432598 0.06779972 -0.7240077 0.98165023 1.0483208 -0.28002274
4 -0.15071535 -0.36292145 0.59750795 -0.54021025 -0.26081008 1.4323905 1.0157646 -0.0498441
11 0.3985571 -0.72530097 0.5996884 -0.49701658 -0.21473901 1.6868083 0.5607933 -0.37284952
46 -0.87793833 0.32170942 0.40526745 -0.59862727 1.1435443 0.9014934 0.32126248 -0.34084037
39 -0.033575334 0.5256543 0.93456894 0.026602916 0.52796495 0.21244389 0.7572722 -0.6803742
37 1.1605505 0.3083293 0.8193392 1.445064 0.03023064 -0.90991646 -0.58093244 0.742628
32 1.2487932 0.4422485 1.053878 1.0987448 -0.12797746 -0.7383531 -0.58470076 0.38108945
5 0.8655046 -0.017718889 0.86329985 0.099305995 -0.7660491 0.44413897 1.0811421 0.28630295
0 0.9412191 0.41130543 0.6411838 1.2932706 -0.020740177 -0.7826788 -0.5446504 1.0306045
3 0.93251663 0.57717365 0.8427207 1.065403 0.20642598 -0.78827214 -0.45558488 0.52535176
10 -0.5684983 0.35521448 0.110818364 0.36097822 0.27443737 0.004391882 0.14829049 1.3973868
35 1.0986508 0.25556245 0.923064 1.2945752 -0.09653107 -0.98388714 -0.4145986 0.80921346
2 1.5159135 0.2729915 1.060099 1.4558407 -0.45017552 -0.86207026 -0.6890054 0.771921
