50 8
23 0.090078756 0.5268906 -0.42513108 0.71115243 0.5896107 -0.62585205 -0.0802902 -0.111394726
28 -0.75046784 0.20101301 0.059215862 1.271622 -0.25130317 -0.2642641 -0.008737138 -0.5837061
42 0.46200198 0.69410145 0.14934303 0.5945816 -0.6610435 -0.97413635 -0.30743012 -0.18463278
25 0.48016453 1.3311335 0.089313075 -0.28360897 0.08189338 -0.26841864 -0.24821597 0.1609306
18 0.86941004 0.3962895 0.570523 0.36289456 0.9499201 -0.3775648 -0.27874136 1.2404064
24 -0.02369091 0.52300537 -0.49798256 0.57042694 1.087176 -0.60850585 -0.48498014 -0.11109304
19 0.8648079 0.44790807 0.4789422 0.50729924 0.17187528 -0.64894205 -0.39269793 0.9143782
15 0.9584174 0.57167387 0.8582945 0.26795807 -0.22636558 -0.6987053 -0.023435205 1.0988678
30 0.8521606 0.34666327 0.3759758 0.4216398 1.0811465 -0.56414294 -0.33328044 1.1220363
36 -0.5136911 1.2366261 -0.5453012 0.56270283 0.057919282 0.65938544 0.14001276 -0.8418084
45 0.7275704 0.9327837 0.3169851 0.26862782 -0.74476373 -0.96036106 -0.24856527 -0.14694764
0 0.8195406 0.61639965 1.0337003 0.052324172 0.3132177 -0.3152586 -0.011560145 1.2494377
21 0.21669838 0.4397858 0.76391864 -0.12585649 0.87732893 -0.577807 -0.27468583 1.4009495
1 -0.11448857 0.73431945 -0.7183049 0.91330796 0.39853954 -0.16648738 -0.053760868 -0.74860424
29 -0.8349834 0.9579677 -0.2511207 0.4729036 -0.3888219 0.20030859 0.3243695 -0.3912054
8 0.5906052 0.2236988 0.048421435 0.641293 0.868997 -1.0530905 -0.5537416 0.4450348
27 -1.3742077 0.25330073 0.06370626 1.0097841 -0.22851183 -0.17166838 0.2647291 -0.5364109
10 0.106519386 0.09519863 0.8772788 0.5601733 -0.100435995 -0.9253619 0.5785435 0.6481675
39 -1.1368914 0.57705665 -1.1039603 0.63735825 1.1186433 -0.12147791 0.16811511 -0.13208069
40 -0.72355485 0.57643354 -0.74643767 0.84718966 1.0138025 0.12207626 0.10762729 -0.42083487
11 -0.19774836 1.2199249 0.93214494 0.1291053 -1.0070306 0.8205835 0.25411183 0.16998269
3 0.807145 0.9515291 0.75976175 -0.30357322 0.7352344 -0.014004213 -0.15011269 1.2744691
49 -1.0554122 0.8696311 -0.058798946 0.6785365 -0.3273384 0.1629977 -0.010898552 -1.0640991
43 -0.7834183 0.25145125 -0.5841844 1.2536548 0.54111713 -0.31764188 -0.060400907 -0.65056425
34 -0.9117535 1.0825803 -0.33914 0.55632544 0.15968466 0.7509149 -0.115643255 -0.5884769
17 -0.14255065 0.6601437 0.50396746 0.7279384 -1.0769594 -0.56395406 -0.19880591 -0.5609412
38 -1.0468329 1.4329997 -0.42081663 0.21324722 0.1282302 0.88982105 0.13892493 -0.9271973
31 -0.23157929 0.24877752 -0.5716138 1.0409822 0.90278417 -0.44173053 -0.15228735 -0.08597852
12 -0.19446164 0.33094135 0.10672902 0.1914663 1.8440002 -0.1388947 -0.13309896 1.0629549
6 -0.44451824 0.106360815 -0.10549584 1.3320576 0.20246972 -0.3257527 -0.16917211 -0.34616134
9 -1.5253825 0.7163796 0.39630908 0.577357 -0.8123828 0.33461395 0.67953146 -0.43433815
20 -0.0052379444 0.3996967 0.9871245 0.55884856 -0.9835033 -0.9415312 0.14678186 -0.13416106
14 -0.2752423 1.1042571 0.77304345 0.13184154 -0.88736176 0.5584706 0.5288216 0.38074535
4 -0.2818732 1.0095698 0.84164715 0.34952193 -1.3976717 0.3262464 0.5558242 0.009866471
2 0.41716513 0.9007591 0.5911198 -0.31122565 1.1550399 0.19939347 -0.07119859 1.3066211
26 -0.6392025 -0.076247886 -0.27577302 1.0412881 1.1086609 -0.68841594 -0.26845372 -0.008164614
41 -1.246718 0.7332324 -0.84971803 0.7389402 1.0440731 0.45065406 0.0653414 -0.61266553
47 -1.1452068 1.0308064 -0.56919026 0.7926646 -0.15367508 0.46210924 0.34884807 -1.1667651
44 1.0961215 0.72826207 0.6981419 0.2526076 -0.4214317 -0.75170267 -0.6834623 0.9229412
16 0.60019463 1.1716275 0.69705427 -0.054951143 -0.9884304 -0.44752234 0.39888492 0.079605535
7 0.07543716 -0.12980317 0.36603135 0.52672595 0.6678616 -1.7322116 -0.0603528 0.5760678
46 0.1394941 0.5553692 0.97467184 0.5897204 -1.4211146 -0.98979485 0.11066615 -0.32413575
33 -0.5988389 1.0046208 1.0923977 -0.85309446 0.96305615 0.3554226 0.38338584 1.3039235
5 -0.2858363 0.2763296 0.9383029 0.8722663 -1.2640487 -0.72328293 0.24379578 -0.15137652
37 0.669948 0.7236523 1.3176302 -0.5185355 0.24450706 -0.5750086 0.38908523 1.7487271
48 -1.1409813 1.0114582 -0.8848993 0.6963343 0.9985391 1.0064802 0.0076931766 -0.6778371
13 0.5003646 -0.08229818 0.46196783 0.31538138 1.3875407 -1.273647 0.047129672 1.6542715
22 -0.018493788 0.9694467 1.441296 -0.4159464 0.105652146 0.4088392 0.22452961 0.8573901
32 0.8432373 0.7950478 0.97679436 -0.43205506 1.0077193 -0.09172386 0.1725657 1.9238044
35 -0.2746515 1.0383654 1.5186188 -0.79093903 0.33565518 0.593882 0.45221263 1.6952969
