50 8
40 -0.21426138 0.30235097 0.16018619 0.73351794 0.5302771 -0.98777795 -0.5684502 -0.36316004
6 -0.49990526 0.2087981 0.23926622 0.5256027 -0.32410702 -0.65377235 -0.18602099 -0.8552766
42 -0.5741917 0.2550024 0.40421432 0.45498908 -0.0073815202 -0.65028006 -0.30640754 -1.2625176
17 -0.57768285 0.20734765 0.4612855 0.5166737 0.060876254 -0.26711625 -0.43574837 -1.074207
28 -0.5074649 0.26446414 0.5185054 0.35347968 -0.44928262 -0.33392343 -0.114023164 -1.2632797
45 -0.7276678 0.4384496 0.20201556 0.5880235 0.24186595 -0.31941274 -0.235274 -1.4617734
46 -0.549045 0.31753555 0.36307275 0.53545994 0.27911562 -0.3487066 -0.3036149 -1.0099107
23 -0.4824072 0.26201868 0.03100615 0.7919171 0.5363779 -0.7574844 -0.5761341 -0.42334998
36 -0.8130873 0.39265528 0.22090451 0.3408767 -0.57591605 -0.15095587 0.3645731 -1.43465
41 -0.75759923 0.3092153 0.35712022 0.44222355 -0.3666694 -0.3366169 0.111121535 -1.6500803
49 -0.81689656 0.27654633 0.4880746 0.40354365 -0.14385912 0.10425402 -0.1025125 -1.4798275
19 -0.032799866 0.15692358 0.07227117 1.1502365 0.8831531 -0.04308896 -0.88807553 0.93543386
4 -0.64823735 0.4440367 0.67122257 -0.21487574 -0.9275017 0.026732944 0.69264585 -0.9028015
43 -0.711549 0.41765225 0.32380986 0.34782997 -0.567647 -0.3492263 0.3461507 -1.7318295
15 0.055887826 0.41523775 0.3560573 0.7912858 0.98980945 0.24125022 -0.4988813 1.1724854
34 -0.6098444 0.36349288 0.5693615 8.36154e-05 -0.86488163 -0.100478746 0.5226576 -0.9719626
27 -0.9265187 0.4004343 0.28424042 0.23091501 -0.65152514 -0.29278645 0.27857402 -1.4948018
1 -0.6678623 0.394817 0.21450189 0.6080881 0.024583358 -0.4955587 -0.17780706 -1.5430776
31 -0.51297873 0.40923467 0.25123885 0.4600566 -0.502093 -0.5977821 -0.045120347 -1.492471
10 0.28225982 0.5876651 0.19390954 0.40894866 -0.119213335 0.039720092 0.32458028 2.0818298
44 -0.6722642 0.39734086 0.17886645 0.3838094 -0.70859414 -0.8088302 0.10973699 -1.5721658
38 -0.5636478 0.3737135 0.2569571 0.36928633 -0.48162875 -0.6864535 -0.17445531 -1.259087
16 -0.23227698 0.56969804 0.6868456 -0.17068993 -0.9209527 -0.1387526 0.6221599 -0.58301497
33 0.31585747 0.5594926 0.5559533 0.32030642 0.31425294 0.26760757 0.1277444 2.2040744
37 0.28817 0.6550164 0.94135714 -0.03834667 0.10812821 0.6098165 0.6178817 1.8588966
39 -0.736037 0.38288894 0.29289654 0.31457043 -0.7446371 -0.42275596 0.03673608 -1.496439
25 0.09250558 0.8243602 0.56557024 -0.19677386 -0.39870885 0.3063507 0.7386364 0.8934687
22 0.14783624 0.26790243 0.4619195 0.7547064 0.5812597 0.34488556 -0.38383964 1.8515264
48 -0.70545226 0.2320422 0.31536922 0.36308765 -0.87811077 -0.68366814 0.19616964 -1.5783081
21 0.14772873 0.39872602 0.25175154 0.75968647 0.5356499 0.276759 -0.17872721 2.107755
26 -0.15077503 -0.010994902 0.52215827 0.58124125 -0.24218537 -0.84358007 -0.30639708 -0.48853323
2 0.14023004 0.33603087 0.32721642 0.73662525 0.45179713 0.29886082 -0.1858102 1.9587834
20 -0.62122375 0.32631874 0.49030516 -0.20522669 -1.4698195 -0.06495354 0.89120245 -0.3645566
7 0.30907464 0.5136365 0.39615095 0.46657318 0.20346305 0.15771179 -0.17652187 2.3042815
35 0.24016692 0.3971992 0.484622 0.54107124 0.38320833 0.11630677 -0.22130932 2.314144
32 0.203833 0.2617435 0.16179442 0.92163026 0.40686077 0.04272535 -0.12546347 1.8140668
18 0.25277424 0.23201571 0.26462838 0.7969655 0.20766567 -0.03808516 -0.18110569 1.7854899
47 -0.49811926 0.2786968 0.638836 0.3111051 -0.42881718 0.0027112835 0.07224897 -1.3156606
9 -0.12657759 0.8104693 0.5779854 -0.38983262 -0.6722779 0.52274376 1.2752794 1.1526525
14 0.06442321 0.86493886 0.48507056 -0.18792899 -0.45280012 0.6945626 1.0631222 1.5723295
29 0.26118785 0.54276806 0.3354824 0.20910445 -0.29046693 -0.13603707 0.5629032 1.8303268
3 0.20158932 0.5559154 0.55978173 0.58085823 0.91520745 0.6194769 -0.33861005 1.7078748
0 0.24516836 0.34412748 0.5726689 0.77518314 0.9312259 0.15694478 -0.58974266 1.3497076
5 0.15449157 0.59473354 0.39307725 0.57618326 0.3506997 0.8606217 0.18866998 0.98560005
30 0.34864545 0.29449785 0.21423493 1.0852833 0.6048366 0.051019665 -0.3996289 0.75168675
13 0.21422839 0.2823073 0.0406215 0.65426123 -0.33307856 -0.33382946 0.16580202 1.9001697
24 -0.15669498 0.37632152 -0.19904348 1.3638093 1.378722 0.1587805 -0.9565317 0.68705875
12 0.18780097 0.31463856 0.14423789 1.047928 1.0205868 -0.15449508 -0.63125545 1.7141026
8 -0.09507383 0.026905522 0.53746676 0.36799407 -0.6772924 -0.95637727 -0.025310075 -0.3677407
11 -0.26157594 0.7110302 0.46744326 -0.07179887 -0.8179383 1.3472688 0.74987066 1.0679218
