50 8
1 -0.033440523 0.17108932 0.89076436 0.2421667 0.24387327 0.6121823 -0.30892748 -0.15810901
43 -0.405354 -0.11118003 0.67390907 -0.38578585 0.7803319 0.47378522 0.49691245 0.4775425
17 -0.35587788 -0.36667097 0.4717278 -0.3056722 0.6104176 -0.06914475 0.11614779 0.8843236
31 -0.47904208 -0.28477386 0.050718576 -0.09290244 0.6813287 0.020700034 0.64881384 1.1695969
6 -0.45133317 -0.22628832 0.18212251 -0.049739335 0.83427876 0.6743657 0.4657096 0.7123119
28 -0.5041316 -0.0823891 0.6022273 -0.5116137 0.7738703 0.64913094 0.57269883 0.63224876
49 -0.2833384 0.14886136 0.9591468 -0.56717557 0.55594075 0.62593 0.41515914 0.29711077
20 -0.30067763 0.20451881 0.83068526 -0.24922182 0.6229649 0.7010976 0.21398476 0.10101832
29 -0.5245923 0.012077563 0.95306873 -0.7512764 0.9219893 0.47365928 0.59834915 0.31763154
39 -0.50832534 -0.031831738 0.49584472 -0.35099903 0.8202993 0.23379321 0.68089163 0.6383405
36 -0.21366528 0.42412785 1.1099513 -0.3931616 0.35375026 0.7617042 0.4150256 0.0024347955
40 -0.23510802 -0.2668476 -0.25776443 0.37298596 0.70605856 0.2637768 0.37333187 1.0053581
26 -0.6420158 -0.35737944 0.34162223 -0.14009424 0.70864683 0.18214998 0.6344396 0.8409457
41 -0.42676064 0.13889506 0.92144984 -0.64838976 0.7932807 0.6270561 0.8706434 0.3687093
38 -0.2878496 0.33961794 1.2491256 -0.651371 0.40333816 0.6566343 0.5933846 0.112021305
10 0.1498838 0.35173678 -0.27324143 1.4064512 0.078345925 -0.10751161 -0.24066505 0.42927855
18 0.36332887 -0.27928382 -0.61993676 1.2668785 0.4438008 -0.5099022 -0.5932643 1.0283707
16 -0.36818153 -0.06566085 1.078741 -0.688967 0.7283386 0.22996955 0.13285078 0.2611887
27 -0.2148282 0.01402338 0.7164199 -0.68266755 0.79488325 0.3109028 0.4236558 0.62089556
46 -0.45851454 0.24704136 1.3122885 -0.8358735 0.674185 0.4206463 0.20008193 0.04971006
42 -0.035512585 -0.22928695 0.12636438 0.040528066 0.5896058 -0.4889012 0.043887746 1.0146091
14 0.6607016 1.0795765 1.0746034 0.5330645 -0.61320627 0.14556018 -0.6462994 -0.32870767
45 -0.44090554 0.07325821 0.70230025 -0.42138717 0.7263868 0.4629061 0.77215713 0.47381395
47 -0.42292035 -0.06686186 0.7578613 -0.41510203 0.67460644 0.6288276 0.5339226 0.4264016
48 -0.14618215 0.22536038 0.6765981 -0.6850189 0.85885304 0.82427 0.91753095 0.48180604
9 0.28366095 0.87197304 1.4562291 -0.039961673 -0.2880355 0.43847668 -0.4108536 -0.43146193
23 0.5715006 0.43168858 0.031496167 1.3094221 0.046019606 -0.41968977 -0.6782591 0.20360214
34 -0.2053677 0.4056355 1.2339113 -0.7110906 0.35185108 0.9692356 0.37288395 0.11203277
4 0.035419628 1.0154109 1.5824162 -0.11422506 -0.2945691 0.69648093 -0.1341415 -0.59171325
33 0.9310819 0.5591264 0.40415797 1.6040835 -0.7632869 -0.61627215 -1.1551934 0.13259083
44 -0.58059186 -0.3090209 0.36846122 -0.07052414 0.95785695 0.7652528 0.58612245 0.44331086
13 0.3503701 0.15540917 -0.6276961 1.9115373 0.14380208 -0.112911664 -0.67193973 0.47055003
35 0.9402877 0.7874056 0.38598606 1.6998836 -0.77094513 -0.43034926 -0.86069965 -0.077340215
32 0.98250115 0.9494 0.33695325 1.7847844 -0.7649497 -0.32360193 -1.041275 -0.12886712
25 0.10169946 0.47093534 1.2862178 -0.5171463 0.26400813 0.7300744 0.010140077 -0.08770298
30 0.07644503 0.12933569 0.20856778 0.65687764 0.29680428 -0.123314865 0.11751336 0.41963977
21 0.46607843 0.130234 -0.38202265 2.002792 -0.31717142 -0.74931663 -1.1488189 0.65938795
5 0.50067 0.9363007 0.83779776 0.659854 -0.3805024 -0.17795812 -0.47902986 -0.122414276
22 0.82857025 0.7519049 0.65743107 1.3839768 -0.60007846 -0.32439813 -1.2394757 -0.27837574
37 0.79075885 0.38145998 0.25553626 1.7749604 -0.6971122 -0.85957694 -1.1471993 0.24767937
7 0.3812464 -0.20686913 -0.56366307 1.146991 0.43333036 -0.8954206 0.1182377 1.1937772
12 0.44373143 -0.1020734 -0.55662334 1.8001071 0.0004197099 -1.041359 -1.2061327 0.9420014
0 0.3412198 0.0075307637 -0.29678234 1.4573376 -0.2104566 -1.7404264 -0.70602196 1.1359282
24 0.5344086 0.13262068 -0.44256845 1.7969434 -0.2126935 -1.1527666 -1.1609437 0.91187245
19 0.72311246 0.25058928 -0.5345383 1.8647212 -0.14297675 -1.0585641 -1.3520955 0.8424347
8 -0.54546684 -0.62003785 -0.23342943 0.2356668 1.0681049 0.73887515 0.48462483 0.94791895
3 0.7688787 0.032769773 -0.3677007 1.9508408 -0.10952494 -1.0814672 -1.4728924 0.63380355
11 0.15629669 0.67224735 1.5834845 -0.17890328 -0.12500976 0.67484605 -0.71273667 -0.6417055
2 0.27677152 -0.004193521 -0.42687362 1.304993 -0.09057302 -1.4105879 -0.32044625 1.3193092
15 0.3365263 -0.016638411 -0.24812852 1.4635553 -0.3844689 -1.5446949 -0.3888504 1.283638
