50 8
19 -0.20337619 0.28980318 0.8198013 0.5626968 0.26570472 -0.31690562 -0.46875194 0.49294856
18 -0.3422891 0.102388896 0.6027101 1.3242383 0.051788673 -0.051644094 -0.021743365 0.57900715
15 -0.47623393 0.2737418 0.816697 0.5150704 -0.16793153 -0.022471953 -0.33476046 0.6816452
24 -0.22409013 0.09276773 0.62613755 1.093309 0.10681523 -0.008561614 -0.2604556 0.5800717
23 -0.40445343 0.12749526 0.81710017 0.84248126 0.08592459 -0.2812308 -0.62965864 0.7193318
25 0.34223786 0.278407 0.66134703 0.49559024 0.31964606 0.16221637 -0.7541958 0.20756534
6 -1.0963403 0.084386215 0.6511862 -0.15874894 0.05465517 0.21838102 0.2566556 1.3013189
20 -0.6091767 -0.123240285 0.84768003 -0.53699476 0.21363081 0.08896822 -0.048751052 1.0683272
12 -0.40183604 0.0766653 0.7709671 1.3082992 -0.18415079 -0.1272149 -0.33237067 0.6239983
29 0.16707246 0.46176678 0.5527789 -0.5961181 0.66697043 0.44458926 -0.109588645 0.11208908
44 -0.58460766 -0.06116159 0.5305615 0.76464206 0.18450318 0.025940856 0.13702607 1.0666615
17 -0.19297166 0.077602364 1.0687139 -1.0414342 0.4566101 -0.17111638 -0.30765387 0.67233264
16 0.31321847 -0.02545743 1.0375147 -1.3758496 0.6098672 0.27819344 -0.32509708 -0.0496462
1 0.16938853 0.051449332 0.7320748 -1.4075931 0.6375873 0.7087051 0.40001172 -0.14537404
8 -0.60063213 0.11089464 0.2971144 0.55069715 0.125813 0.59826773 0.48454887 0.9682954
40 0.06419352 0.21707949 0.32013652 1.2718418 -0.32445696 0.7153634 0.5964998 0.46974328
26 -0.82412726 -0.13945869 0.8202118 0.14454922 -0.09275162 0.007892769 0.070585534 1.1649501
0 -0.20807514 -0.14163281 0.74028033 1.6197097 -0.058440447 -0.052833676 -0.28904885 0.2204939
30 -0.5420976 0.18387045 0.4862728 1.2005996 -0.18381733 0.33911183 0.12035645 0.79004455
7 -0.17900002 0.31961548 0.671203 1.3645606 -0.1075591 -0.07982653 -0.1715528 0.51936364
45 -0.2087827 0.21032028 1.0367658 -1.5266079 0.5719997 0.018453738 -0.09928563 0.47272316
10 -0.40330502 0.18888596 0.79273516 -0.175859 0.046804827 0.24182461 -0.13322301 0.52777725
13 -0.76758784 0.2946444 0.3440531 1.3409472 0.036380813 0.085694954 0.41033822 1.1063219
32 -0.3962302 0.08279858 0.50940007 1.9578004 -0.18951817 0.18963552 0.14222917 0.28815392
39 0.12141104 0.43657488 0.079355925 1.0498959 0.27594987 0.9723016 0.8996784 -0.46381232
27 0.4305982 0.4748326 0.710114 -1.5148858 0.608797 0.73951924 0.45288968 -0.22028674
43 -0.12099731 0.25277045 -0.10958797 0.34968558 0.71243906 0.92416334 1.559817 0.4453861
31 -0.26815546 0.107670404 0.2118196 0.6739521 0.19661754 0.6999749 0.52445203 0.796458
42 -0.5404284 -0.05747555 0.90190315 0.01358088 0.23588118 -0.30395356 -0.14042173 0.9596119
14 1.1812338 0.24729489 0.8644478 -0.94564706 0.30401912 0.8581234 0.42152694 -1.2227186
41 0.61091346 0.3931047 0.5675054 -1.0220243 0.8170517 0.81548256 0.8652897 -0.98097575
2 -0.084810466 0.009822144 0.67832005 1.7177682 -0.2806342 0.3059423 -0.24033657 -0.1191869
46 0.008977537 -0.028743014 1.3074043 -1.370563 0.41477868 -0.16352051 -0.62855333 0.1535984
4 0.332908 0.35564974 1.0080209 -1.9906191 0.8775407 0.23556566 -0.034257066 -0.14085357
28 0.48607916 0.60346437 0.70105577 -1.787578 0.8570139 0.7556002 0.58167213 -0.5280623
33 0.12560253 -0.02766278 0.62522227 1.865624 0.10869513 0.17126356 -0.25314847 -0.5629859
36 0.09552734 0.15242152 0.8240194 -1.5337269 0.96494794 0.5387796 0.4634595 -0.7585729
22 0.33221132 -0.09581989 1.0603087 1.0331829 0.08640467 -0.3371499 -0.97454923 -0.11068112
49 0.41496107 0.17715022 0.9922524 -1.6811979 0.78681415 0.28160113 0.096878506 -0.2164587
34 0.9584296 0.08061424 0.7187719 -1.7567036 0.7151277 1.1981379 0.687468 -0.89257884
35 0.4157036 0.043596428 0.4475552 1.7025384 0.08022057 0.63718975 0.170983 -0.79522514
37 0.21024185 -0.2076147 1.0348427 1.5082573 -0.15592301 -0.3578641 -0.9477374 0.2230744
11 0.42680505 -0.14044236 1.2535446 -1.7179854 0.8341734 0.3217133 -0.59146154 -0.81510866
3 0.42255235 -0.2531304 0.9291213 1.680784 0.04264779 -0.062202036 -0.8490389 -0.4348699
38 0.5370116 0.37287375 0.1333839 -0.9329333 0.72552663 1.2885998 1.2828393 -0.039469652
5 0.2316652 0.60932505 1.1236687 -2.180943 0.9471483 0.03494693 -0.004367064 -0.28916845
48 0.8927947 -0.034583326 0.17030235 0.57833546 0.64123434 1.1534405 0.8785181 -1.0059628
9 0.5462012 0.27468795 1.1395165 -2.0137594 0.64216644 0.40153337 0.36339042 -0.5577092
21 0.48940367 -0.1282028 0.64111733 1.6244522 0.074001275 0.59676445 -0.50965816 -1.0223775
47 0.86716527 0.47373334 0.12033374 -1.0604309 1.2417749 1.5296253 1.3246301 -1.5509866
