50 8
1 -0.20026238 0.3854361 0.93234307 0.26497412 -0.6847321 -0.33352175 0.3098522 -1.0530775
43 -0.44019634 0.55222636 -0.02102434 0.6515011 -0.38715744 -0.51209927 0.47664875 -0.6809196
6 -0.45706332 0.5006771 -0.06749645 0.6794983 -0.2459351 -1.0020269 0.38956875 -0.6947449
49 -0.19150966 0.34794 1.0297782 0.10674429 -1.2533096 0.24577774 0.143253 -0.70644933
28 -0.13698924 0.3739135 0.620642 0.44563675 -0.9654281 -0.33148563 0.23637173 -0.79340994
23 -1.0174396 0.32272425 0.5322386 0.23216633 0.9454777 -0.9041553 0.1700304 -0.33851242
48 -0.4693365 0.91085964 -0.4353109 0.6901272 -0.36154246 -0.3836936 0.31952187 -0.77746737
39 -0.64108986 0.7442596 -0.38318658 0.6267657 0.060623057 -0.18273355 0.2671037 -0.14677417
13 -0.44088078 0.34327373 -0.33436504 0.9466009 0.62251824 -0.20479381 -0.105896994 1.3541758
31 -0.66290754 0.6939408 -0.37518236 0.716282 0.22028162 -0.8318197 0.45243132 -0.5844681
44 -0.5162315 0.50608635 -0.23480283 0.72454774 0.027484221 -1.1788939 -0.085311 -0.3874386
18 -0.66638017 0.34993207 0.22351487 0.55948156 1.2685131 -0.2572187 -0.32446817 1.0297734
14 0.41826454 0.6972173 0.3739492 0.6168113 -1.1959283 1.2319666 -0.12453549 0.39482445
34 0.04334628 0.6529773 -0.08426133 0.89041257 -1.2654235 0.59467465 0.42025802 -0.4387461
26 -1.1136171 0.35419747 0.32169542 0.21673332 1.0077288 -1.1653043 -0.008925033 -0.121230386
40 -0.65549064 0.62318397 -0.5527342 0.79560196 0.5537632 -0.6210933 0.3877883 0.51810944
36 -0.27118787 0.56523997 0.41783848 0.5187082 -1.1604286 -0.01601964 0.652414 -1.4309239
15 -0.7446229 0.028756851 1.3561175 -0.13640851 0.5072717 -0.6821276 0.12499511 0.052373767
38 -0.10182597 0.9148712 -0.70764077 0.9981032 -1.2744168 0.048554275 0.5123068 -0.613798
24 -0.9737405 0.14938167 0.37745917 0.43127736 1.2237533 -0.8732566 -0.25439063 0.44093132
17 -0.55492234 0.16318111 1.3271297 -0.15367621 -0.4862828 -0.28860596 -0.02678686 -0.6721856
41 -0.2666995 0.37828442 0.60422784 0.4475767 -1.0572416 0.039194044 0.6914986 -0.976538
21 -0.47599593 0.48148006 0.44017047 0.4084319 1.08417 0.52242595 -0.58702993 1.3907664
30 -0.2675461 0.5263603 -0.059534308 0.813222 1.004526 0.118210144 -0.4551686 1.4031223
10 0.082158595 0.51582307 0.86909974 0.20435056 0.24661669 0.1901104 -0.38561255 0.95742387
20 0.120967366 0.49444214 0.5919529 0.4820379 -1.3352064 -0.11056403 0.0750928 -0.79947877
12 -0.7615891 -0.069424935 0.354292 0.6995356 1.2779834 -0.55798686 -0.25886208 1.3172258
11 0.55833787 0.5072069 0.9917057 0.34606728 -1.5853156 0.96729857 -0.4255013 0.19181558
9 0.12732776 0.51043946 0.50108767 0.4749052 -1.5963545 0.44633222 0.15578075 -0.35549814
4 -0.016652105 0.42340773 0.6530569 0.47584993 -1.3089855 0.37017983 0.47137764 -0.6631196
2 -0.8990855 0.2541395 0.41585004 0.49113318 1.3489078 -0.12730958 0.20788892 0.48284847
46 -0.059995756 0.3846153 0.60283285 0.46801305 -0.63344896 1.0547534 0.21023445 0.5680379
27 -0.29313767 0.804649 -0.46052232 0.87232864 -1.1885624 -0.108201504 0.62419045 -0.98816895
45 -0.6613515 0.60554683 0.075100124 0.61160576 -0.13576856 -0.44288632 0.59847564 -1.3776869
42 -0.8090831 0.17015369 1.4343103 -0.30463877 0.31348234 -0.074971594 0.024268808 -0.2653894
29 0.03868755 0.7620865 -0.3851525 0.72353226 -1.1513736 -0.20059313 -0.17487335 0.23097524
16 0.4915168 0.55390537 1.3169093 0.102445066 -1.174811 0.5964664 -0.3645758 -0.20015562
8 -0.8088891 0.57526034 -0.3218884 0.5882328 1.0075918 -1.4404132 -0.23486643 0.33506203
7 -0.7489603 0.4326739 -0.045623302 0.506129 0.9210035 -1.168562 -0.4823027 0.46496674
5 0.0327808 0.18593666 1.758138 -0.17481865 -1.0452043 0.04576057 -0.34013358 -0.7933363
32 0.116575845 0.55561405 -0.006960493 0.90882266 0.041718997 1.3892187 -0.49795178 1.7752494
19 -0.6773208 0.1346935 1.4005429 -0.12730686 1.2863829 -0.74644053 -0.5667859 0.30845302
33 0.08111653 0.51076293 0.79169697 0.27847758 0.29954982 1.2418966 -0.89932376 2.1909916
3 -0.8369685 0.38706085 0.8080018 0.15865612 1.8880005 -0.4247865 -0.659381 0.588579
0 -0.6053343 0.20993485 1.4104731 -0.07040756 1.5896636 0.123421706 -0.20915616 0.940339
35 0.27477363 0.4925645 0.25844958 0.69624966 -0.58477163 1.0939597 -0.57802933 1.6567923
47 0.54278356 0.31605592 1.2085733 0.42604092 -0.9710693 1.6137489 -0.51657295 0.94775075
22 0.2589794 0.096893005 0.8290084 0.5651541 -0.5978244 1.3490022 -1.0228217 1.8946055
25 0.450813 0.36837745 0.12749092 0.85376257 -0.8653806 0.94703394 -0.86696076 2.0040479
37 0.30916795 0.17161141 0.7100054 0.6062478 -0.5082158 1.2832061 -0.972205 2.112703
