50 8
39 -0.4188266 0.34705332 0.562813 -0.4422929 0.863541 0.065579906 0.22241618 0.5018991
18 0.23087467 0.39734468 0.22566912 1.2776762 0.5413883 -0.5358269 -0.23378171 0.7725636
23 -0.6885984 -0.06790357 0.7238387 -0.74087584 0.7403148 0.6678385 -0.0798204 -0.47180554
49 -0.13336514 0.25421426 0.9737235 -0.66724634 0.36910793 0.7147988 0.894227 -0.35880733
45 -0.5168479 0.3104248 0.6571914 -0.55711246 0.8675427 0.025609761 0.41855618 0.44086456
16 -0.3641069 0.16077141 0.45820335 -0.47705042 0.9955474 0.38072574 0.27460167 0.091771
28 -0.6415883 0.13940507 0.5032344 -0.78296435 1.0921981 0.39144287 0.027894316 0.16471083
1 -0.37965742 -0.48726696 0.667589 -0.9156062 1.0127051 0.65215 -0.26586327 -0.4394002
43 -0.5095467 0.32403564 0.69851196 -0.719454 0.87710667 0.069135055 0.4666547 0.3153111
31 -0.73796135 -0.35102332 0.32933137 -0.12342346 1.081313 0.30927896 -0.57630247 0.32456535
20 -0.72884697 -0.43483016 0.638239 -0.44029996 0.7905147 0.58220273 0.008582209 0.16952199
27 -0.83089936 -0.101114966 0.5616843 -0.93233025 1.1065197 0.53367674 -0.3006509 -0.03282287
24 -0.17247774 0.5976862 0.8580844 -0.57309943 0.41187772 0.40433818 0.66307724 0.103664316
6 -1.0652398 -0.34722194 0.38955066 -0.31737438 1.171249 0.12901986 -0.5996362 0.2279886
42 -0.8533477 -0.23800176 0.53805035 -0.7436343 1.1768304 0.192917 -0.16092668 0.31725922
19 1.030828 0.87541294 0.90631855 0.9179961 -0.23839977 -0.54559594 0.3511049 0.6439028
44 -0.79605275 -0.6474566 0.31283408 -0.35918513 1.33624 0.100954756 -0.75945103 0.2842451
38 -0.74431986 -0.40253496 0.5527531 -0.5630975 0.95723134 0.6149512 -0.39425027 -0.5724938
4 -0.4834429 -0.4941569 0.74701995 -0.75765157 0.717756 0.9694365 -0.34969682 -0.55210835
0 0.8776335 0.838574 0.88214463 0.8508025 -0.19179788 -0.38336915 0.60102576 0.5367325
36 -0.40286598 -0.2351172 0.9262921 -1.0280218 0.66832596 0.74071306 0.14130825 -0.7340516
17 -0.5938532 0.14503069 0.75034505 -1.0093386 0.9936827 0.13678345 0.43325272 0.3548723
12 0.40302098 0.7383844 0.31407923 1.2339647 0.38630608 -0.69698054 -0.2937929 0.43414623
40 -0.7360021 -0.49744847 0.10414444 0.29394352 1.159249 0.23719646 -0.71719056 0.6959782
46 -0.8597697 0.12759835 0.4199783 0.14233626 0.6807261 0.1940006 -0.5739933 0.3527773
5 0.80709803 0.5069901 1.0813497 0.2449917 -0.29083985 0.3326003 0.53243834 -0.5497354
26 -1.0016482 -0.5047588 0.26207772 0.09905139 1.1777282 0.09471518 -0.63308245 0.3625368
8 -0.88495153 -0.15104689 0.15673241 0.15125412 1.1393384 0.11440837 -0.7195719 0.35535094
33 1.2788435 0.5118454 0.7247375 1.8271623 -0.46206665 -0.052863963 0.13419397 -0.26827788
7 0.801742 0.8488622 0.6898678 1.7910849 -0.3051903 -0.6088568 0.17583722 0.70340145
21 1.0010846 0.4945812 0.8126647 1.7942103 -0.56570673 -0.033646885 0.043231737 -0.16118114
41 -0.65135807 -0.7499011 0.25544676 -0.14861888 1.1308299 0.93895906 -0.8628871 -0.90887284
15 -0.024505157 1.2057335 1.0437791 0.09277863 -0.043783005 -0.39220032 1.1197078 0.80639684
30 0.6113236 0.6552954 0.30732277 1.8683639 0.17836367 -0.69041145 -0.53324157 0.41139123
2 0.98725575 0.66567993 0.7848846 1.4670466 -0.32300222 -0.4633274 0.026539538 0.42488867
3 1.3802207 0.86832196 0.93333566 0.8921793 -0.2455634 -0.58868814 0.28137538 0.4729994
29 -0.29178232 -0.49441463 0.05425315 0.051728763 1.4158367 0.049845014 -0.9012816 0.23815581
25 0.67509305 -0.28628695 0.061180845 1.2225778 0.7251598 -0.08485633 -1.3435299 -0.2638691
13 0.3657032 0.15420768 0.15688856 2.128803 0.20207523 -0.35887104 -1.0405576 0.33637467
48 0.91459346 0.85471874 1.1673267 -0.053103734 -0.23327026 -0.013134841 0.9753848 0.45187917
14 1.0017878 -0.14106502 0.9407388 1.1619947 -0.5895416 0.90641063 -0.39492407 -1.2345675
47 0.55574054 0.9980911 1.004454 -0.04379617 0.060256757 -0.30273247 1.2127758 0.71710294
37 1.2188464 0.23805618 0.8336739 2.0674977 -0.66552293 -0.058228526 -0.12502927 -0.549525
35 1.4300283 0.1319258 0.82030505 1.933716 -0.53616995 0.0007658891 -0.12826413 -0.6165745
22 1.204295 0.34907284 0.62521255 2.0944953 -0.35222998 -0.40115207 -0.2387633 0.0010956884
32 1.5361855 0.2289982 0.73107517 2.3259227 -0.6488685 0.015825896 -0.2510111 -0.45300007
9 1.0315562 -0.7269537 1.1780003 -0.029456826 -0.21288231 0.83756363 -0.62590563 -1.5124421
10 -0.41410094 0.06546749 0.4367378 1.1773202 0.069922805 0.4428058 -0.39787078 0.117674105
34 -0.04967827 -0.77659106 0.9602187 -0.72067016 0.5307032 0.8691674 -0.3224383 -1.1888924
11 1.2365996 -0.39578775 1.0662739 0.21561792 -0.3135093 0.95423365 -0.7494812 -1.6194072
