50 8
24 -0.13700251 0.564335 0.40409952 0.29007334 0.3506006 -0.84194785 -0.4879642 -0.2065956
19 -0.041525844 0.37123665 0.6785388 0.26265362 -0.16716273 -0.71553475 -0.4077384 0.336132
23 -0.11317384 0.7875134 0.41794884 0.48467812 -0.57301176 -0.7164935 -0.118884385 0.41668716
3 -0.1773659 0.8803716 0.47333363 0.1608651 -0.56358355 -1.0826043 -0.4162004 0.7814749
1 -0.31927988 0.49606806 0.17874283 1.0129608 -0.34999564 0.1985648 0.34805784 -0.98001176
12 0.009600702 0.7294662 0.6130708 0.29412916 -0.55639184 -1.2560849 -0.11122331 1.0819179
13 -0.39477682 0.050235536 1.1042005 0.39324397 -0.17043889 0.1542765 0.54101783 0.7914969
34 -0.44434834 0.67913216 0.5956126 1.0783114 0.3100036 0.9220314 0.79042095 0.09267498
6 -0.51048714 0.2935047 0.2639703 0.16281739 0.113678694 -0.23352946 -0.8753224 -1.2902116
28 -0.54056543 -0.6643321 0.8121149 0.36720586 0.26988882 0.34541178 0.11002334 -1.5033246
14 -0.7107461 0.05624098 0.9374524 0.897369 0.48704538 1.0288949 0.72775036 0.5986979
48 -0.1109582 0.5852351 0.27603996 0.836382 -0.6332012 -0.2758238 0.11965813 -0.4506666
2 -0.025663508 0.6613499 0.7699214 0.05716533 0.41697747 -0.5936412 -0.90056473 0.66959715
38 -0.28755602 0.67761934 0.60452783 1.2220474 -0.23233475 0.58878464 0.98182976 0.57843006
29 -0.289962 0.59840035 0.34420696 0.25415534 -0.84169674 -0.7629785 -0.18243742 -0.2613218
25 -0.118096694 0.655707 0.97356504 0.3812106 -0.3703276 -0.15094045 0.5124423 0.9094142
17 -0.87477034 -0.67795223 0.46878028 0.14021781 0.067831784 -0.16311286 -0.6890262 -1.3600745
4 -0.846094 -0.7341825 0.96897095 0.7046149 0.154489 0.7716675 0.6232525 -0.40743
18 0.14852719 0.86380386 0.6531495 -0.04861558 -0.19284742 -1.1974696 -0.9453817 0.6771175
43 -0.83841336 -0.6740947 0.83254665 0.45996758 0.15942188 0.46129587 0.5398001 -1.0198457
16 -0.43014067 0.12977292 0.8381064 0.31393024 0.13690062 0.30939734 0.5241768 -0.5857413
9 -0.9368995 -0.6207235 0.8782933 0.8027363 -0.093217045 0.81517315 0.7365105 -0.12580936
42 -0.52894634 0.1746663 0.2405355 -0.06940298 -0.12743466 -0.91950107 -0.954513 -1.2195534
26 -0.42574275 0.18264067 0.6237462 -0.4701078 0.33569193 -0.73308414 -1.1654398 -0.94463134
7 -0.011851473 0.8234749 0.42732254 -0.08858766 0.113916144 -0.9612794 -1.2456998 -0.22762387
39 -0.35155332 0.7287547 -0.17742161 1.1165526 -0.6334985 -0.20864797 -0.35591578 -0.6600275
15 -0.28558564 0.30764434 0.18771726 0.12406473 0.3376118 -0.98089117 -1.4501095 -0.8352761
30 0.0991321 1.1868062 0.5493671 0.34580404 -0.22974111 -0.8380482 -0.2620334 0.9876572
21 -0.3015669 0.23285715 0.9956696 0.40204683 -0.002852259 -0.26383805 0.48275417 1.0464838
49 -0.69364953 -0.31170774 0.46495426 0.87491655 -0.1149132 0.4776845 0.39115813 -1.0994213
33 -0.13369837 0.41651773 1.2418797 0.19954981 0.1477482 -0.1864188 0.4134362 1.3526963
41 -0.58463115 -0.035319377 0.69015574 0.5515931 0.36642954 0.6394609 -0.04470073 -0.68584424
35 -0.2285592 0.25826073 1.1504693 0.48224503 0.067100555 0.087168515 0.62424934 1.2171497
36 -0.7918848 -0.17266987 0.4257424 0.6157269 -0.014363383 0.27379173 0.3660655 -1.1942116
31 0.13145317 0.6679592 0.09784054 0.25200057 -0.3625494 -1.3721666 -1.2161726 -0.8243585
40 0.1261502 1.0837011 0.42286584 -0.15334922 0.06759628 -1.1888642 -0.9223293 -0.36032575
11 -0.92294 -0.98910075 1.0532465 0.85226035 -0.17132416 0.9034032 0.8254988 -0.076702476
20 -0.62052023 -0.32879812 0.70778054 0.24065216 0.52186817 0.33982497 -0.41292703 -1.2240932
0 0.13166437 0.6886955 0.710451 -0.34449914 0.43836266 -1.0817701 -1.4064507 -0.028423361
27 -0.9768456 -0.7839135 0.6151118 0.67283356 0.33546767 0.8117585 0.056101073 -1.5011019
45 -0.8329492 -0.42567384 0.20345753 0.49089354 0.17438343 0.021230612 -0.8374836 -1.8276216
10 -0.396727 -0.21877313 0.7598018 -0.10524981 0.20709035 -0.33749384 -0.61223066 -1.0159099
32 -0.08682227 0.52124614 1.098737 0.38949984 0.08846004 -0.20527227 0.4427526 1.3064064
22 -0.27524406 -0.08324356 1.441788 0.506944 0.46034664 0.3160097 0.64377916 1.615038
46 -0.6738687 -0.77276516 1.3030834 0.5162652 -0.39361495 0.45725137 0.9888804 0.48421475
8 0.11215329 0.600501 0.40470037 -0.12144715 -0.67850757 -1.3945082 -0.95017153 -0.7097239
5 -0.689186 -1.0056047 0.93630385 0.34160322 0.4762533 0.5234466 -0.18966298 -1.4809893
44 0.23222947 1.2599839 0.16145495 0.4066146 -0.21347663 -0.9428692 -1.0004866 -0.039818566
37 0.009774334 0.2105285 1.086947 -0.14231192 -0.19109549 -1.0068324 -0.51264954 1.1021873
47 -1.055028 -0.53148013 0.35253495 0.71267104 0.49378696 0.38986185 -0.036145356 -1.2964787
