50 8
19 -0.18759859 0.2659107 0.5809813 -0.34432796 0.48214376 0.17029339 0.17431471 0.8683686
21 -0.17537162 0.43565902 0.8344927 0.4260721 -0.024556285 0.4864157 -0.2420873 -0.28936544
42 -0.17602658 0.1554754 0.69893223 -0.09830817 0.7603147 0.022090187 -0.3363826 1.0253447
43 0.07772442 0.29780042 0.50888526 -0.36148918 1.0665464 0.54881257 -0.11457511 0.08904056
12 0.15064783 0.21758543 0.82795423 0.15718469 0.6600417 0.17079552 -0.26042295 0.34652606
28 -0.40837595 0.18189147 0.2945188 -1.0892439 0.6591867 0.7216117 0.38683626 0.53702956
39 -0.19172882 0.23176874 0.967348 1.0359454 0.12505543 -0.12590317 -0.0840217 0.75204813
40 0.054780185 0.18282443 0.7719744 0.6219028 0.74313164 0.014547861 -0.20469774 0.9992957
46 -0.106748715 0.7764925 0.5448145 -0.8103026 0.20503618 0.5964024 -0.12985738 -0.45032677
24 -0.25325313 0.26693344 0.9394314 0.37954187 -0.56886214 0.12289501 0.38746563 0.34207225
44 -0.047662333 0.05663586 0.6558838 -0.26747778 0.76171994 0.23963661 0.1236967 0.7483604
26 -0.612648 0.14197703 0.52691907 -0.20830403 0.54049677 0.11935916 0.2561644 1.21776
38 -0.29376313 0.15963672 0.44456133 -0.5269579 0.3503323 0.7040418 0.6891732 0.27984548
23 0.009996539 0.11537832 0.6990467 -0.2738655 -0.18480295 0.53734624 0.7229423 0.38316295
2 -0.32857487 0.119911276 0.9538102 0.753893 -0.66934574 0.18719077 0.54707056 0.5499803
27 -0.44120386 0.11506343 0.29661646 -0.9187518 0.24603324 0.8483578 0.8979736 0.4956336
15 -0.25961524 0.3983538 0.6917855 0.5099403 0.3700443 0.081722684 -0.04173694 0.705256
1 0.14193626 0.2195272 0.94730157 0.10078152 -0.47290072 0.6749981 0.40363315 -0.6096912
31 -0.25800335 0.19385448 0.6138568 -0.024083963 0.5419971 0.062500566 0.14052467 1.1705911
34 0.0775035 0.4986986 0.6764472 -1.0451384 0.3856485 0.625366 -0.06941491 -0.64591444
6 -0.8483359 -0.03601116 0.5613712 -0.17572218 -0.24025801 0.3766736 0.9306757 1.1313587
3 0.27872336 0.7358045 1.1316549 0.7599319 -0.09839693 -0.076834716 -0.52301055 -0.3838297
17 -0.3861856 0.259953 0.5873755 -0.60479414 -0.0054153022 0.4203619 0.48198938 0.38492194
41 -0.31362316 0.37135616 0.2840374 -1.1062309 0.43930796 1.1327018 0.78986233 -0.49848813
4 -0.43811 0.33297017 0.527017 -1.0767881 -0.41724673 0.91477466 0.8858471 -0.40076673
35 0.2499892 0.30411762 1.1017424 0.6993087 -0.22565675 0.29268852 -0.07064912 -0.4046024
45 -0.52701193 0.37919903 0.21731193 -1.2791991 0.7495625 0.8379215 0.23517723 0.09317067
18 -0.15709594 0.22519056 0.8964997 0.98517394 0.16582628 0.014777061 -0.15540238 0.77722156
25 -0.5318388 0.024243165 0.45466545 -0.3932225 0.1384704 0.45478362 0.7442387 1.140485
20 -0.9223999 0.1989629 0.2822552 -0.643912 0.25294676 0.4440492 0.7792163 1.13039
30 0.054472182 0.59723186 0.81656647 0.7834003 0.6112843 -0.21382743 -0.54339266 0.7235077
22 0.26128045 0.5283736 1.4936675 0.77701753 -0.65738857 -0.10928015 -0.41666484 -0.841878
49 0.2671994 1.1134063 0.515885 -0.5637045 0.101315014 0.93454045 -0.31846142 -1.2263268
9 0.17740642 0.79107976 0.7872339 -1.0692846 -0.51882124 0.74976695 0.13946067 -1.1089673
36 0.015271116 0.7363986 0.5043961 -1.3545159 0.37711906 0.66643476 0.10871423 -0.68935955
37 -0.009269658 0.38881418 1.1802622 1.0238293 -1.1355132 -0.14498657 0.33619568 0.5674524
0 -0.22181076 0.1883704 1.1451582 1.4609076 -0.011063541 -0.21084271 -0.13541605 0.54011226
33 0.33029118 0.6070172 1.1722347 0.4162509 -0.4231303 0.5718796 -0.05404859 -1.4476651
16 -0.18072484 0.28126183 0.2197314 -1.0723706 1.0822587 0.8272408 0.11670602 0.41216576
32 0.37462357 0.6164662 1.5239444 1.1598586 -0.4328165 -0.17995748 -0.52590483 -0.9683931
8 -0.48860767 0.07167029 0.51733327 0.5064106 1.079616 -0.028605165 -0.20227635 1.7919041
14 0.87145394 1.1211153 0.9177217 -0.3819611 -0.26543868 0.7262156 -0.51899225 -1.5362952
7 0.16601267 0.51082826 0.7075385 0.15108459 1.397664 -0.16949242 -0.92290527 0.6698458
29 -0.35209516 0.24999817 0.21841516 -0.44340897 1.5231727 0.18270381 0.008304788 1.5315745
13 0.3804941 0.9607716 1.0251461 0.6817594 0.61830395 -0.2809855 -1.062044 -0.22368574
5 0.56666577 1.3347976 0.54372483 -0.85540515 -0.08006304 0.96546537 -0.39911607 -1.3765781
48 -0.30748346 -0.232157 0.7781747 -0.13897227 -0.57004255 0.6071493 0.912285 0.70293856
10 -0.9021092 0.13109547 0.4310405 0.074758165 -0.5761925 0.56418097 1.0059851 1.1165849
11 0.6384883 1.0816038 0.80015576 -0.6392536 -0.23519051 1.0996269 -0.61576587 -1.6855663
47 0.24897581 0.76329935 1.0576491 0.031599272 -0.27407864 0.89687276 -0.41678098 -2.0423927
