50 8
19 0.14507096 0.03816908 0.4088674 0.9352864 0.6261113 -0.745946 -0.74442935 0.26751676
40 0.52140725 0.1354697 0.22702184 1.6461996 0.14068523 -0.44888848 -0.5643734 0.15558122
25 0.3614809 0.08991896 0.5389974 0.17316745 0.2216974 0.60637754 0.5814791 -0.016073434
18 0.2777837 -0.031922746 0.2519621 1.3193558 0.38345084 -0.70445126 -0.8792537 0.35705474
43 0.5064902 0.35795903 0.3386395 -0.63851184 0.6319159 1.0073606 0.53637165 0.14519781
26 -0.037280343 -0.33312565 0.5125207 0.20859396 0.44358897 -0.6356366 0.39846793 0.90396655
2 -0.51770526 -0.25483695 0.7774226 0.8857509 0.28735617 -0.78802675 -1.1469574 0.38499358
1 0.43831748 0.068173684 0.4330139 -0.29949692 0.15923183 1.3366994 0.87424606 0.15866871
31 0.54254365 -0.28462115 0.5663395 0.63524 0.5823672 -1.1698265 0.65546006 0.53074557
39 0.582165 0.07931637 0.20305029 1.3534307 0.27347574 -0.37955776 0.16767041 0.12328607
28 -0.05191268 0.22837335 0.5525898 -0.89142823 0.480387 0.967435 0.8388503 0.5933747
15 -0.20556243 -0.30124015 0.94099736 -0.45380536 0.2049401 0.36329344 0.94069767 0.42557055
42 -0.86752397 -0.5276269 0.94697016 0.24401812 0.57209986 -0.534513 -0.541598 0.2668303
23 0.45993057 0.5712809 0.13960734 1.5803576 0.1528854 0.23119928 -1.0886767 -0.23756997
37 -0.43716517 -0.29603484 0.65457684 1.2922732 0.31588274 -0.81036955 -0.7289261 0.27957952
12 0.38202712 0.12611118 0.288642 1.3429451 0.4079196 -0.6888373 -0.8543149 0.22728331
24 0.060110595 0.10010481 0.23357959 1.5543271 0.13294104 -0.64980066 -0.9578764 0.54984623
36 0.15908405 0.15425937 0.7118021 -1.1458259 0.7300048 0.92148525 1.0477469 0.25803834
20 -0.17428865 -0.26264998 0.630457 -0.82297903 0.4484941 0.37867713 1.1481276 0.9655903
46 -0.44119066 0.03985244 0.64724123 -0.60576034 0.3781205 0.66775626 -0.7712398 0.47393802
29 0.2967877 -0.06452288 0.7573918 0.06404266 0.71322215 -0.60624444 0.48118874 0.16442484
5 -0.040543314 0.27729365 0.49339065 -1.0961881 0.3870845 1.7474651 0.6367806 0.3753678
16 0.01844614 -0.21487053 0.69907796 -1.1669956 0.45219788 1.2842994 0.84002656 0.4124731
27 0.29990596 -0.12335867 0.46090874 -0.90260774 0.67602694 0.708228 0.66239 0.48626816
17 -0.10268732 -0.5729523 0.8871334 -1.2283419 0.5690966 0.4022048 0.87003535 0.66413987
41 0.50910246 0.05745093 0.4655692 -0.7117794 0.2731666 1.5170591 0.7723302 0.09896577
6 0.34403515 -0.20168062 0.67543626 0.18853658 0.78988844 -0.88767505 -0.4245477 0.21962807
49 -0.12482604 0.052438013 0.68689173 -0.9980497 0.28106257 1.5820014 0.98952 0.3321725
8 0.6461214 0.012520376 -0.049435686 0.89434093 0.36036682 -0.50420296 -0.3276379 0.88335663
44 0.6406533 -0.34315675 0.2663465 1.0114102 0.3419143 -0.6523577 0.2635906 0.44192785
38 0.6040286 0.27530825 0.30669084 -0.29811367 0.20238335 1.6496572 0.8260639 -0.03656594
4 0.23986219 0.34098154 0.63288826 -1.1525544 0.27709582 1.9649817 0.7821607 0.05427473
35 -0.3386558 0.12303757 0.21682668 1.6996375 0.17284599 -0.19118546 -1.4962238 0.1844336
3 0.46894142 0.57021993 0.26561055 1.1063559 0.62702924 -0.7430169 -1.0512369 0.18424839
7 0.6534902 -0.108226836 -0.17385615 1.1670376 0.36532295 -0.45097753 -0.698098 0.69813
34 0.2475967 -0.013148445 0.74650246 -1.2020698 0.2736282 1.7416787 1.0156865 0.15023941
10 0.2629256 0.108615085 -0.43815842 0.5838173 0.3639927 0.18215445 -0.5279189 1.2484182
0 -0.55101335 -0.20596065 0.24274157 1.5340434 0.26994708 -0.5065777 -1.5410718 0.55439675
13 0.45961642 0.0266378 -0.1612803 1.3428229 0.45010623 -0.704477 -0.85793513 0.84477913
45 0.09011084 -0.3436029 1.0787762 0.016289571 0.32319105 -0.17945868 0.6561889 -0.053074967
30 -0.060057327 0.17335252 0.6217817 1.3687983 0.3423149 -0.8802277 -1.2362332 0.16089433
21 0.004476893 0.14665358 0.11146411 1.8290807 0.12852994 -0.062165435 -1.5583832 0.03483547
9 0.25368991 0.042451832 0.47862586 -0.9934988 0.07931857 1.739381 0.65073085 0.55389047
48 0.7790187 0.4331628 0.037852947 0.16697156 -0.044084106 1.7650769 0.60941595 0.0025606055
22 -0.48145497 -0.09117616 0.27942887 1.4997685 0.08031262 -0.024206052 -1.5604818 0.35384
11 0.46766162 0.34114042 0.55393237 -1.154774 0.3444747 2.100732 0.75115913 -0.07447589
32 -0.19007617 0.099608265 0.35978553 1.9723564 0.12576568 -0.4835353 -1.5050046 0.10040431
14 0.3317571 0.36179876 0.5613985 -0.90888613 0.16359751 2.437559 0.7243448 -0.24161677
33 -0.4192445 -0.051492166 0.25269023 1.8037773 0.17173079 -0.35983452 -1.5911306 0.29267403
47 0.051791072 0.2367443 0.949147 -1.0089746 0.2823568 2.1471648 0.9451281 -0.5789712
