50 8
19 0.7957806 0.15051775 0.45066088 0.9631371 0.49050054 0.0022077623 -0.71841353 0.013268436
1 -0.086579144 -0.51375663 0.56404537 0.022794858 -0.018064586 0.86657673 -0.34117937 -0.3255312
13 0.44944966 0.35514235 0.53224295 0.94488406 0.5489013 -0.27289334 -0.61941683 0.213711
26 -0.17609486 0.7271582 0.8468365 0.7031355 0.15427515 -0.5878988 0.25305173 0.9884016
18 0.34802222 -0.058564298 0.8632715 0.43034866 1.0533041 -0.67366105 -0.92959315 0.38456747
40 0.93569493 0.5236625 0.14881124 1.4974463 -0.11725754 0.46342313 -0.1586176 0.0994437
23 0.29442006 0.56843376 0.6396438 0.56688327 0.87151074 -0.43377215 -0.8324223 0.42725062
24 0.6271515 0.3932716 0.41100112 0.90639466 0.6396845 -0.049361344 -0.777996 0.10018455
43 -0.81605417 0.4278977 0.2815076 -0.1475244 -0.06562073 1.252104 0.10925456 0.21855302
28 -0.9313017 1.2369075 0.24544777 0.24315958 -0.19659314 0.6989954 0.2623962 0.89589
2 0.5262341 0.09633444 0.7252633 0.8435396 0.6690516 -0.49374706 -0.60587895 0.28920892
39 0.91450495 0.28413314 0.067910105 1.1845391 0.2512874 0.7458842 -0.3510683 -0.16652371
25 0.45241946 -0.8655769 0.81059396 0.17451526 0.0411085 0.5020877 -0.4368587 -0.39764625
21 -0.0350621 0.1676877 -0.13224322 0.97110206 -0.34860831 1.4324982 0.30093265 -0.0470778
6 -0.78781235 0.74617743 0.8207357 -0.17962214 0.18031113 -0.09673288 -0.22307354 0.7216316
48 0.095866255 0.6042953 -0.059015684 0.6986351 0.16958652 0.998714 -0.019225396 0.57930416
8 -0.07973391 0.86370695 0.6059347 0.62197185 0.5103815 -0.44948462 -0.5063997 0.67347336
38 0.30322796 -0.022510134 0.060329303 0.26572046 0.009958018 1.6944487 -0.19974323 -0.51878494
16 -0.65125626 -0.0042802165 0.7153339 -0.34265962 0.12030202 0.64108807 -0.046916686 0.21193208
12 0.5418935 1.0377636 0.24905431 1.2069316 0.7090401 -0.18695651 -0.51483047 0.40582785
42 -0.50230455 -0.25334987 1.3716034 -0.004223491 0.18276986 -0.8609063 -0.078534186 0.58646506
15 -0.538182 0.7473995 1.1705279 0.24185745 0.47538084 -1.0163736 0.0003847236 0.9677026
36 -0.94960165 -0.5455512 0.98540664 -0.56623006 -0.515846 1.0236136 0.4180521 -0.29361957
31 0.23497938 0.23525013 0.5534312 0.6603685 0.60909164 -0.3750773 -1.0495145 0.5124908
35 1.348611 -0.63007176 0.7004927 1.0872176 0.4635701 0.005824843 -0.68193537 -0.51925164
32 1.1562693 -0.614673 0.56390786 1.1956097 -0.09736646 0.65021425 0.1999358 -0.65947986
7 0.013858205 1.194904 0.6186089 0.8276043 0.49227363 -0.5321799 -0.036318507 0.88787913
30 0.7483593 -0.04701186 0.7823729 1.3864963 0.60530704 -0.8405433 -0.4810589 0.22615655
41 -0.35068446 0.09377273 0.10865051 0.09853507 -0.16984992 1.6711426 0.18851377 -0.19012026
9 -0.060916904 -0.8226706 0.7863972 0.061176658 -0.684538 1.2577882 0.6756148 -0.5672129
11 -0.81109613 -0.84248626 0.80963844 -0.70983225 -0.2459302 1.2460794 0.016908444 -0.35991108
27 -0.2279242 -0.21105692 0.23733482 -0.07395426 -0.44426945 1.9239546 0.1893433 -0.5423361
14 -0.5928305 -0.20434646 0.5319465 -0.18582581 -1.025631 1.7279549 0.4729287 -0.3879108
17 -1.5893553 -0.049543418 0.88627654 -1.0491643 0.25654355 0.6043277 -0.085684374 0.4812772
3 0.5876857 0.37129793 0.72970915 0.7557501 0.69852483 -0.5656164 -0.72969246 0.3676566
20 -1.5714383 -0.1602626 0.8801952 -0.765978 -0.32741064 0.93998635 0.4438296 0.26033717
34 0.116954565 -0.8000384 0.102700755 0.102151304 -0.3446361 2.0435956 -0.11656283 -0.70316726
49 -0.47040933 -0.09453406 0.29071528 -0.14195706 -0.54486626 1.9440188 0.47041073 -0.39498854
4 -1.3510594 0.25624502 0.6070533 -0.43129796 -0.6433132 1.2696248 0.56186813 0.19210249
44 0.74248785 -0.8929719 1.0971785 0.38829345 0.85857964 -0.40173405 -0.6984951 -0.36783534
0 0.64095545 -0.16988294 0.91282165 1.0588589 0.8698297 -0.89647204 -0.52382815 0.33855164
45 -1.090474 -0.38695908 1.5741998 -0.63808876 0.049811814 -0.5790662 -0.1715505 -0.096489355
10 -1.2271094 1.3135775 0.52956975 0.46376476 -0.2940437 -0.12096381 0.32772785 1.1882709
37 -0.26339766 -1.2309488 1.3678519 0.47192323 0.2746023 -0.869425 -0.1461425 -0.17164592
5 -1.1088003 -0.21400492 0.87263197 -0.53762645 -0.3731391 0.9808305 0.8204617 0.26340824
46 -1.7951636 0.20445465 0.860876 -0.8590698 -0.04687616 0.77323365 0.49347866 0.4092836
47 -0.98479325 -0.24206138 0.5461988 0.15752116 -0.80646366 1.4241085 1.2484927 -0.12774311
33 0.66709846 -0.92498976 1.1774062 1.1301237 0.33756375 -0.8986588 -0.25511482 -0.22312546
29 -0.6147825 -0.63523114 0.55864793 -0.76065636 -0.08190598 1.6845454 -0.1672089 -0.62499344
22 0.71081704 -1.6625512 1.3472139 0.79049003 0.61274946 -0.7894309 -0.46253213 -0.6579107
