50 8
1 -0.65313613 0.4926446 0.6050515 -0.45412078 0.7147401 0.38569906 0.53222346 0.17335322
15 0.43426433 0.48434556 1.1902122 0.52093834 -0.5271747 -0.4180465 -0.2714944 0.43469444
4 -0.6329972 0.19876675 0.10127345 -0.6028938 0.80929875 0.29458717 0.17653958 0.7197597
23 0.29861403 0.9310576 1.1396241 0.13988544 0.02520874 -0.3721199 0.2858171 0.07445583
28 -0.9503598 0.64470226 0.8832163 -0.40948045 0.36948678 0.5282027 0.5849645 0.05967639
46 -0.77413785 0.10087238 1.2162379 -0.43313685 0.39433822 0.1846949 0.3083177 0.09428099
49 -0.8411547 0.34853187 0.9771537 -0.4814266 0.4858162 0.20081651 0.49387923 0.19556804
8 -0.6418983 -0.20812413 0.07626776 -0.21243846 0.8210845 1.1395221 0.24541213 0.33649063
34 -0.5376759 0.3902195 0.012661577 -0.10135345 0.9004368 1.1026989 0.6194991 0.08714567
45 -1.0236566 0.2747802 1.2068722 -0.6912549 0.4268063 0.17524256 0.5683312 0.21704623
24 0.3822041 0.96633255 0.6817367 0.31603888 -0.036378633 -0.25589225 0.14228219 0.31029007
43 -0.84967476 0.57985973 0.66975564 -0.33707613 0.5694446 0.5183784 0.7841877 0.116639055
17 -0.8676461 0.28291053 1.2104939 -0.49896064 0.37714696 0.21947855 0.48457557 0.10187696
5 0.5923308 0.3777987 0.68167263 0.0069562853 -0.19894831 -0.7178998 -0.13578488 1.0471287
27 -0.46735623 0.013739094 0.030160882 -0.36276284 0.863179 1.3082287 0.46822715 0.2776384
42 -1.0491195 -0.06944628 1.0315875 -0.4165821 0.57485974 0.42249373 0.5125785 0.1534153
20 0.34856337 -0.13132827 0.067625955 -0.07276727 0.50524276 -0.34572196 -0.30637836 1.0686821
0 0.32303962 0.38979337 1.4449852 0.75802636 -0.64010257 -0.8366058 -0.5745243 0.38877276
6 -1.0322756 0.003838735 0.47885466 -0.6757048 0.8623002 0.98196024 0.31612256 0.18729375
10 0.76440185 0.3210293 0.017706366 0.5037487 -0.08561843 -0.2137435 -0.117285706 1.0711405
40 -0.7386247 0.42266068 0.12910461 -0.0070663216 0.67735696 1.4217947 0.7385848 -0.050323457
26 -1.2494471 0.25738117 0.4986472 -0.06426978 0.65613323 0.86619157 0.7039201 0.09200542
31 -0.81797487 0.2485878 0.23502094 -0.3853592 0.77614933 1.2997477 0.61360776 0.13071437
39 -1.0690731 0.5095926 0.615243 -0.35097748 0.65709984 0.68751234 0.619108 0.054646194
38 -0.7363462 -0.08587162 0.27580282 -0.39134106 0.82139987 1.3294101 0.60087776 0.17212033
12 0.52110106 0.6190697 -0.16244732 1.2955757 0.5185352 0.296657 -0.32129124 -0.027187206
3 1.1432872 0.59735835 0.31974024 1.1545315 -0.13601682 -0.7625366 -0.76705694 0.678148
19 0.96916485 0.7332998 0.40136424 0.47127703 -0.29577965 -0.60213494 -0.39517614 0.960901
21 1.2757539 0.24833389 0.23859085 1.2473726 -0.26264626 -0.408866 -0.99643344 0.78087693
32 1.1915052 0.11431051 0.054898158 1.5144559 -0.06573014 -0.5340741 -1.3369613 0.74593395
36 -0.9877001 0.092705436 0.17485528 -0.51377803 0.9151627 1.3133701 0.643871 0.22668272
9 0.7608236 -0.14006926 -0.52261245 0.23455721 0.5600288 0.018977046 -0.35466063 1.2502142
13 0.61901784 0.07845272 -1.1276327 1.0345999 0.990385 0.5279604 -0.8461464 0.6430441
7 1.5424739 0.54551905 0.09537105 1.1603148 -0.13086729 -0.5804987 -0.6668683 0.8310162
33 1.4152719 -0.0073073977 0.21437517 1.3680494 -0.06666667 -0.5341548 -1.0293493 0.7332666
35 0.89428586 0.36879817 1.3730217 0.9636283 -0.84450084 -0.67432445 -0.5544917 0.47608423
14 1.1385177 0.6000406 -0.5403599 0.71419954 0.2652612 -0.08781217 -0.39200237 1.020783
44 -1.138046 -0.16642731 0.30126986 -0.46085793 1.0331426 1.4124223 0.7153733 0.11185834
37 1.150193 0.04407141 0.31233516 0.98684007 0.10344488 -0.93736553 -1.3105726 0.8739637
16 0.35394818 -0.8330592 0.32468006 -0.13153668 0.07838867 0.75183624 -0.4948362 0.9573917
2 0.4657547 0.7854429 0.6513429 0.87495506 0.09535063 -0.3895123 0.010606774 0.091091484
25 0.95746595 -0.5068107 -0.58902085 0.81175214 0.39719898 0.32295445 -1.1863981 1.0685737
48 -0.6969769 -0.20926777 -0.29495382 -0.09948589 1.1272177 1.6404713 0.474723 0.154515
41 -0.70793194 -0.29805645 -0.6303614 0.04581762 1.4105206 1.3315964 0.117368735 0.3121624
22 1.1154071 -0.23367651 0.38904282 1.296683 0.038013447 -0.7640917 -1.4844947 0.7499395
11 1.1801296 -0.30841878 0.19458956 0.55904686 -0.19016017 -0.0906959 -1.0793734 1.1128752
29 -0.66235256 -0.16119812 -0.74201655 -0.09044336 1.5596781 0.8264691 -0.10106092 0.4998037
47 -0.8258936 0.083131954 1.9598702 -0.25140733 -0.3620459 0.08780807 0.2179438 0.014732364
18 0.58416367 -0.5550099 0.049515855 1.5135977 0.12947118 -0.44079795 -1.3282807 0.8108185
30 0.8769573 0.16794464 0.6798341 1.7571515 -0.49074575 -0.20803334 -0.7657014 0.25906277
