50 8
27 -0.46055952 -0.10457364 0.61649925 -0.6366349 0.92077285 0.9029885 -0.060341854 0.19270557
34 -0.27727884 0.3931337 0.7953297 -0.22692874 0.06758989 0.914697 -0.702536 0.21770896
39 -0.60333353 0.25683984 0.7398382 0.15781945 0.76526535 0.84821993 0.2672265 -0.22370924
48 -0.5611398 -0.13644092 0.77978736 -0.5102157 0.73128027 1.0353177 0.028639128 0.1782557
43 -0.36836195 -0.37036467 0.50155115 -0.2576598 1.418256 -0.1826492 0.33242446 -0.15201658
41 -0.46943024 0.11952675 0.7419602 -0.3260968 0.7728895 0.98398155 -0.1831648 -0.21552436
49 -0.2175818 -0.11035389 0.65326536 -0.55575764 0.6945827 0.88732266 -0.5218243 -0.030019239
4 -0.5690484 0.023974994 0.6644693 -0.28500944 0.7329959 0.9412785 -0.28487852 0.019324386
28 -0.81808484 -0.0071125883 0.83062255 -0.61733955 0.87806624 0.61241066 0.26296633 0.21685396
1 -0.5105509 -0.3147379 0.4937264 -0.11180656 1.2435074 0.4518801 0.12967288 -0.240966
12 -0.20615749 1.166313 0.618754 1.1242155 0.016120102 -0.17731585 -0.11606528 0.016719839
38 -0.7582974 0.17613049 0.88971525 0.24246888 0.5919245 0.69194657 0.66206723 0.010120765
23 -0.13042197 0.19336578 0.6440872 0.45487258 0.7756971 -0.35695195 0.4635966 -0.1750625
6 -0.90811974 -1.7483366e-05 0.89762557 0.18333931 0.70067906 0.6441858 0.5325467 -0.093169026
16 0.2998821 -0.79887825 0.3914949 -0.73499 0.89619154 0.2823958 -0.55192393 0.28825465
20 -1.0897804 0.21801497 0.8746833 0.16327342 0.72653186 0.8646797 0.3961217 -0.14448601
36 -0.988985 -0.121439725 1.045861 -0.7810655 0.74956846 1.1749715 0.03676957 0.015992122
42 -0.3364393 -0.44221866 0.6551208 -0.5549958 1.3071842 -0.12434263 0.50192547 0.055570602
13 0.087102465 0.9859812 0.43917722 1.0136907 -0.21167184 0.050609358 -0.3202921 0.50199187
5 1.0724581 -0.5455024 0.22286734 0.11912785 0.24366122 -0.8212423 -0.574823 0.82755494
40 -0.5106449 0.60873103 0.7411669 0.44227603 0.3551097 0.7241268 0.2942258 0.035028566
17 -0.22794789 -0.66694385 0.4820375 -0.595976 1.1187117 0.30710438 0.22375049 0.35630974
31 -1.0352496 0.22438657 0.9049593 0.2285784 0.80038404 0.43188065 0.87994224 -0.0196265
44 -1.0018897 0.008106869 0.9046686 -0.022914432 1.1351321 0.33276227 0.7994215 -0.34028536
45 -0.3256845 -0.85761505 0.7172598 -0.8398051 1.137711 0.23984669 0.27404165 0.16943799
7 1.1469276 0.36099455 0.24307947 1.2741529 0.029585848 -1.267952 0.099852316 0.72337246
21 1.1739917 0.35513702 0.3304443 1.0513846 -0.85790944 -0.047613505 -1.323741 0.7675599
24 0.78263474 0.5204681 0.3485397 1.0079508 0.029108288 -0.9330634 -0.282929 0.4203035
9 -0.0942042 0.3013015 0.6555465 0.13350074 -0.24579807 1.1274494 -0.81115794 0.43546754
11 0.6123828 -0.5237502 0.31129524 -0.32068104 0.35350728 1.0540468 -1.2222338 0.12878133
26 -0.43083993 -0.5512226 0.5651477 0.15629719 0.7936839 -0.8223167 0.9193177 0.8105635
30 1.4546423 -0.5415206 0.08482722 0.9861332 0.46456456 -1.5398417 -0.305635 0.361752
15 1.2940357 -0.4010027 0.35699555 0.8043916 0.42959604 -1.7546271 0.4425334 0.54224676
14 0.90216404 -0.043396536 0.22566718 0.07565689 -0.09549033 1.3015302 -1.7220132 0.14495388
19 1.3636744 0.3625972 0.3591388 1.267256 -0.14027867 -1.6619 -0.00055740407 0.71991515
46 -0.18034644 0.74402 0.6001034 0.019652652 -0.04044034 1.3139894 -1.2906302 0.0873082
29 0.060360182 0.100916915 0.32419935 -0.21575835 0.2527594 1.4229852 -1.3933247 0.22220223
3 1.3275781 0.44966108 0.25050294 1.4132384 -0.07437611 -1.5955466 -0.20724939 0.63741505
33 1.8203588 0.14623198 0.01724896 1.4470696 -0.25208542 -1.3780111 -0.6509243 0.7730246
8 -1.0133321 0.45764288 0.8625888 0.5569294 0.28232178 0.0822288 0.83602655 0.62501514
47 0.026137954 -0.5913571 0.59257376 -0.7006218 0.44765425 1.2883201 -1.0103085 0.15244569
2 0.6824266 0.84205174 0.6239224 1.1502312 -0.495177 -0.6985159 -0.31230485 0.51226085
32 1.9423714 0.025194211 0.111136846 1.283136 -0.30303344 -1.6020588 -0.5977611 0.9088199
0 1.9668849 -0.54543704 -0.10123706 0.6705447 0.45385477 -1.5437943 -0.61150587 0.6190133
10 -0.8167504 0.915717 0.7807971 1.1670855 -0.06473014 -0.052548353 0.43138146 0.37751722
18 1.4010494 -0.6438726 0.01901741 0.97519517 0.46840486 -1.6743393 -0.05036614 0.6579018
35 1.6891881 -0.36629954 0.20610218 1.097956 0.024718095 -1.6528585 -0.25549775 0.66762453
37 2.0147312 -0.6238533 0.18498601 0.35298017 -0.1947167 -1.2168517 -1.222709 0.82031435
25 1.6152617 -0.4383684 -0.07768469 0.27018297 0.18007791 -0.19681461 -1.3113947 0.58648384
22 1.8193728 -0.49196073 -0.036064032 0.89371824 -0.17203876 -1.6013504 -1.0267664 1.1438789
