50 8
44 -0.025610702 -0.21368724 0.95106065 0.24121916 0.54578376 -0.5045007 -0.65481776 0.5255876
23 -0.24985181 0.30966392 0.8455023 -0.01748164 0.68461543 0.5805326 -0.46741158 -0.08157472
25 0.97576404 0.14786643 -0.08729657 0.408369 0.14551938 0.8515815 0.14600715 0.53833675
45 -0.6032165 0.67960715 1.0815959 -0.29674995 0.3087821 0.22540785 -0.026387256 0.3934997
46 -0.87423056 0.48050833 0.5565762 0.21453667 0.16343069 -0.49063948 -0.51708454 0.9784836
18 0.40287942 -0.20055683 0.25796992 1.0692362 0.3903728 -0.81957453 -0.802927 0.6624092
15 -0.28272453 0.30433834 0.25366595 0.80239016 -0.43136823 -0.4914108 -0.10553041 1.1405605
49 -0.20856723 0.45546207 0.5061664 -0.4639534 0.44606486 1.492474 0.5049241 0.30939218
16 -0.301826 0.091741 1.1199113 -0.24271385 0.7888346 0.5580279 -0.0044284514 -0.012720812
3 0.7469839 0.015391503 0.0044204365 0.846781 0.2654697 -0.42347664 -0.61246455 0.781921
17 -0.74401516 0.43000904 0.9309482 -0.8320887 0.57558346 0.46004242 0.16215497 0.8341241
29 0.18035915 -0.16365546 0.50561243 0.7222389 0.9033849 0.47430462 -0.17396495 -0.3759368
28 -1.0170808 0.6872182 0.72334373 -0.3718286 0.44240794 0.90499234 0.42530358 0.38471666
24 -0.6894708 0.38616726 0.95794064 -0.14887795 0.518836 0.2471499 -0.5354273 0.27102295
10 -0.33413127 0.7830304 -0.022655802 0.82141685 -0.5618333 0.17981723 0.18311861 0.87483764
39 0.53464067 -0.0041455254 0.75119776 0.07752518 0.5834773 0.89336103 0.38289395 -0.06554896
21 0.8162045 -0.11382332 -0.55759794 1.450951 -0.1341713 0.51020986 0.06176992 0.5134418
1 -0.19128424 0.25790617 0.9752845 -0.1549813 0.6155771 1.3462499 0.5533496 -0.3298791
4 -0.10397466 0.78150785 0.27309385 -0.16140097 -0.034730967 1.6518407 0.6383582 0.33626503
19 0.4921903 -0.28941464 0.069198824 1.2175608 0.4971968 -0.74694437 -0.6519919 0.6226291
31 -0.33602896 -0.1663023 0.9808756 0.041915204 0.92210245 -0.6468006 -0.8021399 0.5082219
42 -0.48194078 0.25934476 0.7045524 -0.5863126 0.37986788 0.055717625 -0.12850685 1.1340569
43 -0.30313355 -0.10342624 1.0326551 -0.3342558 0.7294588 0.28372258 -0.082947455 0.40029567
8 -0.7600493 0.26286563 0.3186471 0.7373619 0.47443208 -0.7456289 -0.8850018 0.72573304
7 0.1568656 -0.13813788 0.22769262 1.4148184 0.41946715 -1.3068464 -0.83881575 0.69987524
20 -0.9972655 0.97149754 0.40523738 0.14904737 -0.09621247 0.92784 0.61673796 0.40538323
6 -0.6209004 -0.16950133 1.0779759 0.36212152 0.7792362 -0.39784294 -0.25189105 0.13267091
41 0.32934818 -0.08778377 0.6862682 0.23789248 0.9964612 1.2791791 0.44517824 -0.58079463
47 -0.30227157 0.20324232 1.130263 -0.47509432 0.2736125 1.1947601 0.62234473 0.1616954
13 -0.28512526 0.14131066 0.21099788 1.4329903 0.28136176 -1.0741863 -0.8113819 0.5475044
22 0.49438497 0.39442006 -0.18502705 0.3275028 -0.24832958 0.45680806 -0.34207693 1.095324
35 0.16466318 0.13474111 -0.035484117 1.0290152 -0.061747126 -0.6266456 -0.59035355 1.0303473
37 0.28264073 0.12537837 -0.18097238 1.144096 -0.36255348 -0.61196727 -0.24865313 1.2744216
11 0.2185548 0.41826496 0.26649794 -0.15716897 0.096310645 1.9331305 0.5788457 0.1928582
27 0.304516 0.06653561 0.6292881 0.05179387 0.66812557 1.280751 0.67329466 -0.15607856
0 0.27192852 0.12613532 -0.28319702 1.3541653 -0.29118106 -0.72679836 -0.47104937 1.1874548
12 0.29321492 0.092869356 0.18068896 1.462036 0.30189613 -0.77494603 -0.6086238 0.34569138
26 -0.3333669 -0.48672017 0.74575466 0.5658443 0.9459886 -0.36307585 -0.5065489 0.19485742
33 0.74974453 -0.09753696 -0.8159333 1.662727 -0.40605366 -0.036091972 -0.27096647 1.0783114
14 0.6173394 0.4693891 -0.21056578 0.33461508 -0.20616835 1.5340049 0.73375374 0.51104045
40 0.86978906 -0.7073361 0.095785916 1.6919007 0.6121633 -0.2759178 -0.31470403 -0.09626622
5 -0.13518079 1.0622734 -0.30712473 0.080602765 -0.34499526 1.0836323 0.8260361 1.0793494
30 -0.23973258 0.3293749 0.4476285 1.1295297 0.06318025 -1.0866473 -0.71046984 0.7231119
48 0.56165856 0.060845576 0.41555122 -0.34275997 0.7757026 1.613457 0.6316008 0.07232113
9 0.10154481 0.23193298 0.7605245 -0.30515468 0.16511069 1.725646 1.0187715 0.12473466
38 0.5601102 0.22324689 0.099210136 0.54416037 0.08408732 1.6255065 0.9625329 -0.05754018
36 0.09193646 0.24113134 0.5352603 -0.22735022 0.25597492 2.1537297 0.99797463 -0.093156986
32 1.153844 -0.48111314 -0.3853713 1.595797 0.05993285 -0.6130772 -0.6390072 0.90674824
34 1.1016918 -0.13712347 0.13411449 0.19743915 0.40470994 2.0194118 0.7308482 -0.14038637
2 0.56347704 -0.27077577 -0.03777988 1.4515066 -0.11096865 -0.91355556 -0.45808008 1.0070676
