50 8
23 -0.7125169 0.5792847 0.67964464 0.17181146 0.307194 0.08317064 0.15641339 0.4666309
19 -0.16122198 0.39704016 0.5596284 0.5322966 -0.3579444 -0.48795614 0.11712005 -0.63713974
27 -0.53912914 0.39693627 0.69641376 0.6691696 -0.0037390657 0.014538404 0.29471955 -0.84963185
0 -0.51534396 0.52891755 0.47888574 0.04621166 0.1755638 -1.0903324 -0.61421067 0.55151665
15 -0.11856408 0.2835649 0.4507812 0.43720162 -0.3639783 -0.888224 -0.19469436 0.04677335
38 -0.51888025 0.7783787 0.5986274 0.29112372 0.3804311 -0.3525907 0.14743401 -0.45415735
24 -0.68423223 0.8507432 0.36769572 0.22373411 0.4220734 -0.5039585 -0.53527164 0.12417633
21 -0.70926046 0.2806058 0.6518993 0.37073833 0.16707541 -0.7918006 -0.34055382 -0.41070506
43 0.20571391 0.39223036 0.5274066 0.5525475 -0.6171811 -0.556776 0.47845036 -0.4943161
31 -0.3772163 0.4232891 0.20028207 0.22770815 -0.18368402 -1.4459258 -0.4692014 0.41838768
30 -0.14845318 0.7438229 0.5175366 0.04646751 0.17384085 -0.89869547 -0.40263033 0.42371055
26 -0.3385569 0.1942468 0.56039673 0.34146452 -0.24641164 -1.0470676 -0.6351498 -0.05567146
34 -0.40261924 0.6171982 0.6929298 0.4326783 0.020444335 0.5483355 0.9219723 0.07206086
18 -0.41486183 0.5959347 0.300853 0.0684182 0.027864061 -1.2451354 -0.6073071 0.68836606
2 -0.5858442 0.7387436 0.5816953 -0.027308231 0.5210132 -0.9655159 -0.07405863 0.11893505
3 -0.5845706 0.9451475 0.42800042 0.2434671 0.13503668 0.27483132 0.048079446 0.27942353
39 -0.40723398 0.5073578 0.58092725 -0.036276873 0.29678878 -1.0935304 -0.28025955 0.6701772
6 -0.8999393 0.074181095 0.48440793 0.38268024 -0.06991369 -1.3746276 -0.18717481 -0.54547495
29 -0.66166896 0.33900467 0.46678063 0.27397674 -0.05742516 -0.63235277 -0.3582828 0.44588807
45 -0.1416658 0.24443297 0.32528058 0.9484935 -0.5455647 -0.03326356 -0.12720516 -0.21191393
42 0.3001092 0.33966437 0.07736503 0.62115884 -1.0359265 -0.8014807 -0.16215529 0.39677417
22 -0.31993234 0.75974685 0.7766092 0.17153515 0.46530327 0.19123262 -0.11011076 0.77700394
17 -0.27211466 -0.006286665 0.57018554 0.5980444 -0.43392834 -0.9432518 -0.29951993 -0.45795488
12 -0.62892914 0.3482379 0.5973438 0.09412936 0.222938 -1.4377549 -0.125437 -0.13675912
1 0.2936293 0.63254994 0.48897204 0.839499 -0.68820363 1.0627582 0.8964327 0.25753838
13 -0.5510871 0.4202867 0.3904083 0.19138215 0.1672912 -1.2255828 -0.71441525 0.5119471
25 -0.26648435 1.1355847 0.47753474 0.035704758 0.32912463 0.13385715 -0.3623059 0.81680036
32 -0.272689 0.80559546 0.5723141 0.20199072 0.3275931 0.306381 0.21941863 1.2259302
40 -0.33907655 0.625095 0.5337194 -0.03960716 0.05434482 -0.87370044 -0.23559745 0.5846218
16 -0.1642361 0.6869583 0.6258526 0.2470421 -0.14313638 -0.56885606 0.4958103 -0.7633603
4 -0.170003 0.23025377 0.86066633 0.8407714 -0.4283191 1.0170298 1.2311631 -0.220356
8 -0.6053793 0.31929502 0.39246675 0.31147984 0.15540953 -1.5976821 -0.8710192 -0.12687571
41 -0.46691814 0.48458162 0.97964364 0.3453313 0.21320547 0.49490714 1.1239061 -0.12017717
20 -0.18590574 0.14698587 0.56823194 1.049009 -0.43862382 0.38142928 0.10756026 -0.4018676
33 -0.40635172 0.9935031 0.66405904 0.023354502 0.6199116 0.32919315 0.0061636977 1.2183009
28 -0.15010554 -0.10174054 0.62742066 1.1108047 -0.914554 0.21560024 0.12614794 -0.9362341
7 0.011274178 0.10517902 0.13789251 0.8762214 -0.7432924 -1.062925 -0.9444699 0.057368662
46 -0.05232949 0.19051726 0.904384 0.8306466 -0.7078452 1.182519 1.3615198 -0.18195073
5 0.5054836 -0.06792087 0.37007868 1.4995157 -1.5576037 0.95300925 0.21099123 -0.10086184
48 -0.04839441 0.5406661 0.6473575 0.20693314 -0.5310116 -0.52517986 0.9381569 -0.6147011
49 0.13014224 -0.2163819 0.4125572 1.3892733 -1.5455937 0.8216066 0.33064035 -0.16159186
44 0.28020474 1.214197 0.1387773 -0.0135487225 -0.10555043 -0.78062123 -0.88028514 1.048922
14 0.24533373 0.9112772 0.45885825 1.0345317 -0.44724196 1.6168779 0.5889351 0.03243852
10 0.18228224 0.09101512 0.33388758 1.0688668 -1.0923164 -0.5491779 0.046647683 -1.1296184
36 0.036123596 0.5382772 0.6194281 0.957677 -0.72828144 1.5160252 1.191534 -0.110488415
9 0.30681527 1.0014648 0.5710028 0.57601714 -0.4974213 1.3711811 1.1279498 0.52151054
37 0.23047186 0.789615 0.38810197 0.19247338 -0.07016533 -0.20770526 -0.49093568 1.6108496
11 0.34329763 0.8289244 0.73800004 0.70155615 -0.38970527 1.9332349 0.51471 1.2014908
35 0.3050219 0.4745935 0.41447344 0.3264535 -0.3837333 -0.14584604 -0.28165787 1.8217238
47 0.19040854 0.35295537 0.6659568 1.239043 -0.6538941 1.8206539 0.7037295 0.3961656
