50 8
43 -0.08075463 0.33604294 0.23925236 0.51288694 -0.11661253 -0.5166749 -0.02633756 0.05317891
23 0.03391829 0.084507845 0.3034871 0.48381966 -0.08083684 -1.2089915 0.22429737 -0.09815294
17 -0.119465515 -0.12864518 0.49443159 0.7109398 -0.040274475 -0.75534105 -0.5627225 -0.15122901
28 -0.46330178 0.3197137 0.28765818 0.73488396 -0.5977643 -0.22756352 -0.6103602 -0.9750809
1 -0.2277673 0.546563 0.08764517 0.8417175 -0.43775368 -0.12858348 -0.7605823 -0.79731596
46 0.012245511 -0.39731264 0.5697017 0.40521505 0.18343034 -0.72433513 0.26226217 1.4609686
26 -0.38119468 0.55998766 0.07495798 0.25215256 -0.028208232 -1.0476756 0.4233995 -0.4685496
10 0.33219895 0.010378305 0.14347772 0.55744994 0.32166994 -0.7271848 0.21202439 1.5051452
42 -0.2943677 0.32496455 -0.092894875 0.3884059 0.001005566 -1.0790817 0.20298244 0.066880904
45 -0.08976205 0.39612317 0.19030267 0.724678 -0.45725775 -0.7343382 -0.4270439 -0.9277138
49 -0.42265517 0.2763861 0.34662965 0.9032191 -0.52039 0.15295285 -0.7100582 -0.7635712
44 -0.38036984 0.97269005 -0.30547574 0.46232313 -0.63693434 -0.75742006 -0.21568139 -1.1830537
29 -0.6076505 0.930191 0.12309022 0.29810444 -0.7308697 -0.03596912 0.09154555 -0.92402256
16 -0.23258948 0.6557841 0.4097934 0.2528386 -0.47525486 -0.5123263 -0.077974364 -0.7387897
47 -0.5654345 0.48487386 0.10256817 0.77088153 -0.7052663 0.027472602 -0.60926944 -0.96290815
36 -0.51309097 0.90154666 0.025281329 0.5982056 -0.7630525 0.20703733 -0.56425524 -1.0444908
24 0.17111403 -0.4075002 0.561631 0.50935215 0.14933577 -0.85605216 -0.0098156985 1.1700361
39 -0.5385173 0.94091785 -0.4297227 0.56705457 -0.4937526 -0.7068484 -0.22449775 -1.1337674
15 0.15480745 -0.4390664 0.74625003 0.41522214 0.343718 -0.5717188 0.12278072 1.7436664
31 -0.3442469 1.0557787 -0.2745528 0.26909852 -0.26336697 -0.84777737 0.5044741 -0.6584946
19 0.2249409 -0.4728584 0.576992 0.6000172 0.26987106 -0.5907863 0.09124188 1.675974
27 -0.44074115 1.0433439 -0.23631364 0.50203365 -0.6313257 -0.6499084 -0.20929638 -1.3874958
41 -0.61890507 0.9368578 -0.025403097 0.43115476 -0.6045965 -0.21985556 -0.11977127 -1.1014887
20 -0.4861611 0.14129794 0.31948507 0.8443925 -0.35712755 0.3299424 -1.0266167 -0.20186237
38 -0.44018757 1.2304565 -0.43729728 0.26051152 -0.31981015 -0.8499491 -0.08384421 -0.88674194
8 -0.07257025 0.5534627 0.06434236 0.018482912 0.09124195 -0.87295264 0.79614794 0.85585964
4 -0.45598325 0.34080973 0.44034493 0.7363831 -0.79648334 0.28691235 -0.694071 -0.85121864
6 -0.48750046 0.63914996 -0.2069342 0.60280585 -0.33045888 -0.9889213 0.0025295827 -1.1194077
30 0.08449157 0.32608703 0.20695314 0.10672379 0.356654 -0.5832939 0.803336 1.8021016
9 -0.70217794 0.7910897 0.48500234 0.45813018 -0.7259769 0.8220316 -0.69135666 -0.7816758
21 -0.16560242 0.033958092 0.87844574 0.20466095 0.12596321 0.55235523 -0.04247302 1.9373729
48 -0.42789835 0.89522773 -0.41418773 0.59964716 -0.49097154 -1.0625794 -0.12318993 -1.4018518
40 -0.6412547 1.1164824 0.12337485 -0.15476118 -0.22494666 -0.6828068 0.7689712 -0.6684456
34 -0.6764779 1.176791 0.057830248 0.52024764 -0.7867907 0.7478959 -0.665436 -0.97999287
7 0.025133908 0.3328918 0.05837969 0.052373145 0.45496067 -0.7579932 0.7823214 1.8930863
2 -0.049573388 0.071242176 0.58182096 0.123624064 0.47478113 -0.46653315 0.8102352 1.7207617
5 0.029552544 -0.29621074 0.48872548 1.0622067 -0.36187264 0.28660685 -1.2190652 0.43857408
18 -0.3365955 0.5813592 0.60932076 -0.383569 0.09474291 0.042572573 0.98071283 1.6608686
0 0.13309717 -0.27369043 0.71704197 0.35975575 0.38980502 -0.31003338 0.44097894 2.018008
33 -0.06690472 -0.002289838 0.96914315 0.013615103 0.35679162 0.16576892 0.563103 2.1590238
12 0.07183512 0.2952407 0.16914804 0.0019596098 0.28466237 -1.1361296 0.8605504 1.3176762
32 -0.16758852 0.1775542 0.760081 0.088226795 0.30528563 0.33333847 0.70106566 2.02994
25 -0.358075 1.0306202 0.39511517 0.04466591 -0.7817506 1.4725316 -0.6842596 0.8614577
37 -0.17842336 -0.09695562 1.2772412 -0.06438968 -0.010278889 0.52923745 0.25549343 1.9968232
35 0.040740285 -0.18302087 1.0699294 0.12830609 0.20575827 0.17072488 0.35195285 2.0900006
11 -0.35106254 -0.10913745 0.6569556 1.006119 -0.5505481 0.9912362 -1.2271901 0.13460565
3 0.09094956 -0.08220074 0.56551474 0.19040011 0.5252995 -0.52901 0.6337661 2.1046605
13 -0.5551295 0.8523522 0.38590255 -0.27910808 -0.24032272 0.4036636 1.1194735 1.1011094
14 -0.39006576 0.89605236 0.534877 0.19857724 -0.58792627 1.4871027 -0.9543716 0.6313132
22 -0.04842841 -0.39752454 1.0466026 0.33882183 0.391839 0.01298779 0.23347451 2.0220664
