50 8
40 -0.2450525 0.43003124 0.6019798 0.21610373 0.24636602 -0.8428361 0.122882485 0.17266159
23 -0.54507023 0.44071424 0.59631693 0.28781384 -0.051164318 -0.7912317 0.17252733 -0.045982763
39 -0.23484066 0.5215659 0.5023431 0.19802998 0.25790668 -1.1638869 -0.29458258 -0.004602085
6 -0.7417958 0.5257761 0.4773347 0.39535248 -0.26444393 -0.6262958 0.2122469 -0.13073227
34 -0.62589765 0.7194852 0.29297262 0.5692165 -0.49280527 -0.38012925 0.5514408 0.05308754
26 -0.49374518 -0.056100205 0.99724513 0.09758095 0.5169143 -0.87491727 -0.29433778 0.023521338
28 -0.41585654 0.08064955 1.0385609 0.3785754 -0.96629477 0.3273232 -0.192949 -0.52492887
1 -0.2286637 0.9593847 0.3965831 0.40267643 -0.67478406 -0.48535427 0.06631183 -0.4638429
27 -0.5748336 0.80325395 0.33045042 0.70600003 -0.6237918 -0.40872914 0.31156608 -0.34352344
43 -0.43894354 0.31493068 0.8721451 0.29982176 -0.54858273 -0.25131905 -0.0920407 -0.5064478
49 -0.21705477 0.31241187 0.9727909 0.3242963 -0.93455476 0.5246842 -0.3068097 -0.5684955
24 -0.6131151 -0.24391039 1.1497025 0.12154083 0.71453685 -0.3707042 -0.37067574 0.018058976
31 -0.6888133 0.37697506 0.80784136 0.27891195 -0.027351992 -1.3341601 0.26274556 -0.51035315
42 -0.64039826 0.51256645 0.8869459 0.26817828 -0.35713363 -0.51343244 -0.049028482 -0.8144501
16 0.17268436 0.52547866 0.73991615 -0.048766807 -0.778623 0.49071532 -0.61405295 -0.06589824
45 -0.6939253 0.3713248 0.90704954 0.58479273 -0.65729976 -0.21612737 -0.3419856 -1.064171
19 -0.46885243 -0.004703352 1.0340519 0.085546054 0.8685742 -1.0167042 -0.36408004 -0.056499287
21 -0.17590578 0.24746753 0.551641 -0.3934158 0.8817966 -0.34242404 -0.021463033 1.400631
46 -0.63815194 0.368349 0.6816908 0.5726294 -0.79035294 -0.5140969 0.009682435 -0.6191647
38 -0.46434355 0.93713623 0.25301328 0.5625359 -0.5692702 -0.7557417 0.28539458 -0.3101887
12 -0.20499177 -0.07479644 0.8120635 -0.046747226 0.65107864 -0.6667446 -0.016409166 0.7952972
30 0.24674085 0.6951833 0.55216867 0.033432115 1.1271887 -0.7991975 -0.85822576 0.17203018
44 0.036183424 1.0305926 0.11391512 0.5680619 0.10200535 -1.4036573 -0.013681637 -0.064331785
8 -0.17747761 0.8936585 0.2836349 0.4160085 0.4640354 -0.85952044 -0.14854681 0.07110106
17 -0.32483193 -0.23596953 1.4514446 0.014983857 -0.24664016 -0.33770397 -0.9496393 -0.9093612
36 -0.3967728 0.84836054 0.19312087 0.7300467 -0.8614562 -0.18252683 0.6302389 -0.013878521
7 -0.039912716 0.14486805 0.59002644 -0.47545877 0.9524088 -0.31296742 -0.3920007 1.487871
13 0.11173528 0.1801079 0.46607968 -0.0050348174 0.9234859 -0.54995626 0.26039323 1.603634
4 0.23371047 0.41248947 0.41000652 1.0742803 -1.8542511 0.8916761 -0.13130575 -0.07697351
20 0.36113322 0.70220685 0.33885756 0.9247776 -1.6320007 0.8149441 -0.23330484 -0.10923627
41 -0.00017145333 1.2571143 -0.02411578 0.72719586 -0.9041285 -0.21253237 0.4539055 -0.012699281
15 -0.39285314 -0.69817877 1.6584847 -0.10362609 0.46804398 0.6032803 -0.881082 -0.011344314
18 -0.14247434 0.117014475 0.803605 -0.6466202 1.3994274 -0.22031574 -0.059714507 1.5496103
29 0.26254022 0.8288281 0.07785461 0.33148077 -0.82548666 0.10866189 0.35886964 0.7867189
35 0.5908909 0.20901896 0.35496178 -0.169436 0.36377573 0.3965392 0.013497362 2.1684186
14 0.5512974 0.6782155 0.09831999 0.21162675 -1.2733734 1.353656 -0.30233353 1.2552806
3 -0.057540067 0.053370427 0.7403638 -0.62053156 1.3595942 0.015098029 -0.26604718 1.784795
33 1.0935851 0.17953387 0.414108 -0.20911618 0.42984363 0.60984045 -0.2338715 2.3817744
0 -0.1364243 -0.45301083 1.4456232 -0.6669429 1.2878995 0.72163934 -0.53205395 1.2160494
2 -0.31079406 -0.38536507 1.274329 -0.7863435 1.3630009 -0.00041512173 -0.15956098 1.3507941
22 1.0004216 -0.10841638 0.5132008 -0.04620284 0.5313775 1.2506101 -0.5063832 2.6276295
5 0.1731056 -0.21628551 1.0412064 0.43665817 -0.7123495 2.0163512 -0.95747524 0.46084857
9 0.63791466 0.6276445 0.15610309 0.39712006 -1.5514014 1.6924248 -0.016961662 1.3097637
37 1.0771292 0.5021878 0.19340687 -0.074821025 0.50054365 0.71394855 -0.08978294 2.3878489
47 -0.22157986 0.10822292 1.2425238 0.48244774 -0.80955493 0.99859595 -0.7328291 -0.86069435
48 0.59983486 1.2617728 -0.2015994 0.46241054 -0.43614265 -1.4562256 0.14525542 0.37972564
10 0.4636995 0.519995 0.44189736 0.07189572 -0.562709 1.4689825 0.18283558 1.3711711
32 0.67175585 1.0306016 0.017930845 -0.13438499 1.2323016 -0.08168054 0.18037687 1.9489263
25 0.68266654 1.5371946 -0.54575 0.18159431 -0.583141 1.1913875 0.2345597 1.963877
11 0.79413605 0.63349324 0.10343636 0.49587455 -1.7358457 1.9697767 -0.7345832 1.1370052
