50 8
19 -0.08763262 0.25359505 0.5067954 0.42481062 0.29564816 -0.063616574 -0.19646086 0.69010365
34 0.28033233 -0.030339295 1.2828255 -0.031810094 0.34740353 0.9844042 -0.77174985 -0.5600558
23 -0.20492819 -0.1199052 0.57599396 1.252758 -0.038367894 0.15508983 -0.66561115 -0.41795754
25 -0.02031145 -0.08966525 0.5183289 0.80000913 -0.05979645 0.8242549 -0.6704355 -0.31025422
22 0.22901149 -0.41029665 1.2478098 0.32554063 0.09140198 0.61705583 -0.42164743 -0.33292645
21 0.5104951 -0.36575314 0.26433194 1.1606897 0.4474041 0.16866454 -0.7664669 0.18131417
38 -0.2831686 -0.23209989 0.60628265 1.1443751 -0.3129185 -0.17582302 0.26496765 0.2425119
35 0.40539455 -0.22895053 0.24233097 1.2567918 0.41845265 0.1444314 -0.76176625 -0.009951968
40 0.44236264 0.25306743 0.29120186 0.83367205 0.75874186 -0.06454192 -0.7057355 0.29645863
4 -0.5627206 -0.09244068 1.2268052 0.21246949 -0.665772 0.9589638 0.098186515 -0.32899037
2 0.30172914 -0.6953595 0.6490068 1.3396765 -0.28205392 -0.19867286 -0.09524341 0.2477408
43 0.15707783 0.6594033 0.4523539 -0.42553276 0.6466454 0.8100568 -0.18636389 0.8260389
41 0.4199144 0.108621076 0.91576445 -0.017589087 0.5499728 0.800533 -0.087202564 0.02199518
16 -0.052067682 -0.29576492 1.087007 0.09351979 -0.41698498 1.3610493 0.09623876 -0.21441121
39 0.41698784 0.27672127 0.33920312 0.9359594 0.8754693 -0.080761656 -0.85879767 0.03785848
18 0.01132014 0.0015651643 -0.080849804 1.3185868 0.41873458 -0.54266685 -0.36065087 0.8828973
36 -0.66043603 0.36744326 0.7889029 0.26707503 0.09852106 1.2215626 -0.34871224 -0.66153336
48 -0.17626022 0.08352534 1.0692048 0.19718643 0.14637256 0.64735955 -0.19459009 -0.2660381
13 -0.16547537 0.704748 -0.09325348 0.659076 0.95435 -0.043439545 -0.5647159 0.6709243
24 -0.17898878 -0.3975018 0.2653112 1.7624007 -0.12824194 -0.661269 0.12502864 0.40074432
28 -1.0301255 0.80573714 0.26334217 -0.04251871 -0.15202178 1.1392735 0.19967932 0.46238962
33 0.25199628 -0.290421 0.3566729 1.2670734 0.002148929 0.44326675 -0.2772331 -0.17286398
12 -0.43533802 0.44322875 -0.123996675 1.4259182 0.69515795 -0.2319893 -0.75543404 0.042495355
1 -0.24742088 -0.70973456 0.8559251 1.3779851 -0.2700607 0.26993123 -0.047101837 -0.55524576
3 -0.21490642 -0.32643095 0.4149521 1.4707137 -0.03891384 -0.12995839 -0.55512893 -0.1064523
44 0.736577 0.63792825 0.16821167 -0.043194763 1.3897331 0.6071257 -0.68442845 0.6333722
32 0.8005548 0.45338535 0.062901504 1.0227851 0.774554 -0.4322451 -0.30609643 0.63277906
27 -0.36402196 0.46522486 1.3258744 -0.5498071 -0.6079219 0.9402114 0.9424966 0.40215248
29 0.173501 0.5345126 0.9602297 -0.8414788 0.78881735 0.7444975 -0.18578345 0.75767106
20 -0.92332 -0.19330569 0.32757357 1.1612798 -0.7104095 0.38836595 0.46705252 0.2697386
14 -0.3205478 0.0345411 0.79035234 0.2415935 -0.028089616 1.3005688 -0.57572335 -0.4396083
26 -0.30145493 0.8805567 0.8282773 -0.60716355 -0.25431728 -0.008228611 0.77528375 1.5760971
46 -0.23806593 0.323913 1.5700927 -0.31492716 0.1445764 0.6437049 -0.30402368 -0.4176196
0 0.11904289 -0.17674884 0.22615895 1.3437115 0.33748266 -0.6242126 -0.17326762 0.63843656
37 0.0018078843 -0.3194232 0.53840536 1.4930634 -0.25985122 -0.7160961 0.48017982 0.4769447
30 0.5308139 0.60304785 -0.05357523 0.92578393 0.37183443 -0.5903156 0.10839386 1.1927266
49 0.15979542 0.3502757 1.1718907 -0.70749855 0.22375451 1.546554 -0.3111136 -0.06339957
9 0.29970738 0.23745155 1.3679729 -0.64579767 -0.3060002 1.4827328 0.33213103 0.0013523047
17 -0.5156868 -0.17997493 0.82819974 0.6985647 -1.1317018 -0.12666547 1.0806481 0.86268693
8 0.13510343 0.58625 -0.1363755 0.88515025 0.25850183 -0.5232901 0.70861673 1.3929294
45 0.008959165 1.0835692 1.0132506 -0.9888356 0.44063872 1.5444523 0.23986268 0.13549212
15 -0.07089884 0.09851066 0.06763814 1.4431913 -0.5773867 -0.8451938 0.9180969 1.3028187
11 -0.30033854 -0.054247096 1.3507035 -0.39749387 -0.7534722 1.5985501 -0.20037042 -0.16484605
10 -1.0503535 0.5925175 0.11793266 0.821618 -0.9675505 -0.012723922 1.1646317 1.0901663
42 -0.4008005 0.5688718 0.5453284 -0.029068178 0.6589771 0.6413446 -0.8418479 0.19851007
6 -0.68059856 0.045538828 0.27447748 1.6044774 -1.0137471 -0.46239573 1.1009243 0.5952756
31 0.68139774 0.784104 -0.13573582 0.0035035636 1.1469548 0.40639243 -0.5815031 1.183781
5 -0.5734551 1.0838912 0.948262 -0.744665 -0.41314396 1.0586838 1.0448712 0.7140791
7 0.10532102 1.1842754 -0.24772261 0.009061965 0.5823516 -0.09916236 0.3252032 1.8258728
47 0.3763486 0.47050133 1.0719355 -1.2050048 0.43056008 1.651832 0.25673348 0.6773951
