50 8
27 -0.20277153 1.152025 0.9212123 -0.44657147 -0.3675317 -1.7729976 -0.5213846 0.68352365
28 -0.87877274 1.0212239 1.057664 -0.534332 -0.08447819 -1.7049532 -0.3675988 0.58843714
41 -0.111521654 1.1847402 0.9010307 -0.38063338 -0.3193195 -1.7640107 -0.33857188 0.6667265
36 0.5624369 1.3513391 0.416987 -0.56925553 -0.18091619 -1.9066608 0.05711803 0.5555167
24 -1.1266904 -1.4924861 -1.4094424 -1.0318816 2.1619039 1.5365727 -0.57251495 -1.8758476
11 -0.28366983 2.499198 0.022561373 0.15175627 -0.08572053 -0.5647604 0.82678384 0.5741734
3 -0.17127135 -1.3704605 -1.7247444 -0.71604383 1.5835998 1.8171079 -1.1034154 -1.3160319
4 -1.1561433 1.0033447 0.6909804 -0.089782074 -0.09306944 -1.727348 -0.7012975 1.1009363
6 -0.26961365 -1.3030106 1.6585724 0.5199166 0.34547606 -0.22935945 -1.3981156 0.97582036
18 0.89545393 -1.5351168 0.17538989 0.4318382 1.6430519 1.5409503 0.12158653 -0.5672089
9 -0.31249753 2.5768387 -0.5863127 -0.15725793 -0.2986634 -0.4923891 0.1853398 1.161466
0 -0.5746179 -1.6936225 -1.3801938 -0.7298457 2.4441617 1.3420361 -0.1965043 -1.8695138
14 0.5231529 2.091181 -0.7227048 0.92410207 0.34396487 -0.44138524 0.79112154 1.500714
8 0.7734444 -2.1124382 1.5739934 0.7244838 0.8126423 0.34370965 -1.2225802 0.61654073
34 0.46156424 1.6578428 -0.6937168 0.11057737 0.38466877 -1.1359547 0.49316594 1.0808911
38 0.8872061 0.2581054 0.09161202 -0.12913917 0.04083955 -1.9137642 -0.76466537 0.8996246
19 -1.3109426 -1.7772707 -1.2041646 -1.2052649 2.218904 1.198921 -0.68835944 -1.8673698
15 -0.90323687 -1.4191633 -1.1080549 -1.1569182 2.3527112 1.7309898 0.023346864 -2.3926957
43 -0.34454933 1.6634533 1.2923315 -0.6762113 -0.59875864 -1.0480586 -0.021573238 -0.54369944
5 -0.70789236 2.2196453 0.67658 -0.6590129 -0.33953893 -0.27474385 0.56433946 -0.15313567
12 0.461605 -1.7283088 -1.1498821 -0.17100614 1.4778976 1.1590146 -1.1871493 -0.96240246
23 -1.388966 -1.3324414 -1.5937548 -1.1955279 2.0919883 1.2027954 -0.6818654 -1.7200155
2 0.35615042 -1.7595341 -0.9757474 -0.33157316 1.976882 1.3981345 -0.3739816 -1.5356501
31 1.5979923 -0.79994106 1.5201107 0.029355783 0.33616525 -1.3487272 -0.32814354 0.42210063
13 1.0421273 -1.729981 0.26751894 0.3588247 0.7909668 0.7171057 -1.3557373 -0.13016614
40 2.1459951 -1.0015683 0.39618412 0.7115123 0.7014741 -0.45042026 -0.42801705 0.64687645
26 -0.8204041 -0.2196997 1.9413079 -0.100421004 0.090491764 -1.0905428 -0.7266584 0.35939866
20 -1.2608149 -0.07766306 0.5919302 0.6606176 0.36162207 -0.8786745 -1.2024983 1.8428324
7 -0.015345771 -2.3503845 0.24584943 0.26160133 1.7723062 1.051806 -0.8801799 -0.16160527
30 1.7854853 -1.3941474 0.5611215 0.93340856 0.956501 1.2893203 -0.3230209 -0.054438673
1 -1.2619977 0.35676762 -0.85411286 -1.2368172 0.431609 0.02050516 -0.9278842 -0.9840206
10 -1.54012 -1.2078723 1.2757506 -0.11392914 0.64987415 -0.6266812 -1.398873 0.9919789
17 -0.96274424 1.5716405 1.2946631 -0.6703079 -0.2071503 -1.2220284 0.23546913 0.009862888
49 -0.3222768 2.2385752 0.42287594 -0.5984656 -0.39090967 -1.1822903 0.27183938 -0.054628287
21 0.47821411 2.2999482 -1.4975636 0.46055353 -0.59933084 2.2514164 -0.46989995 0.024754908
45 0.73210406 1.0959393 1.2971214 -0.64677584 -0.17487441 -1.3457695 0.51580566 -0.362686
25 1.3779819 0.69296163 -0.7828679 1.521844 1.0005326 0.5670147 0.7465257 1.7412717
39 2.342148 -0.15609834 0.65005136 0.55862 0.21693803 -0.81127095 -0.085125364 0.61392206
29 1.516797 0.59630334 -0.6339249 1.5235566 1.3558154 0.041945137 1.2591646 1.8987901
16 -0.31906173 1.5623679 -0.02029943 1.0052129 0.92259765 -0.58779645 1.2254627 1.5006663
37 0.70981985 2.0966938 -0.63563395 0.8312828 -0.9381352 3.2281125 -0.673425 -0.6279138
33 0.4969748 1.6170912 -0.89711714 0.7928787 -1.0140394 3.4288702 -1.4308679 -0.75240725
32 1.2621417 0.90897536 0.023669943 0.8768656 -0.7687446 3.4573534 -0.97679895 -0.7777638
22 0.24726388 0.6689291 0.0016577132 0.119413346 -0.14602952 2.8123486 -0.52304345 -1.5281143
42 -0.86904377 -0.2214833 0.7629007 -0.69495964 1.3993173 0.5126631 0.9776426 -1.8778306
35 0.9555226 2.2749157 -0.2245312 0.44931197 -1.5291204 3.3123722 -0.93043095 -1.1615326
44 2.478682 -0.67619723 1.134894 1.1776164 0.7397457 -0.45764875 0.48529002 0.47168168
47 -0.17798355 2.148098 0.68518955 -0.9814854 -0.7139492 -0.74610406 0.12396961 -0.19372295
46 -0.61261123 1.3609648 1.1619562 -1.0624053 0.16829373 -0.7066797 0.85278153 -0.94620365
48 0.84516925 0.9740873 0.3907699 -0.3614471 -0.21765776 -2.048933 -0.322275 0.42033848
