50 8
43 -0.27565014 0.1536739 0.28616905 0.8877139 -0.4753884 -0.33470118 0.37245944 -0.7802705
29 -0.7773435 0.81889373 0.58936787 -0.27651978 -0.3106572 0.39457893 0.022989787 1.0306913
16 -0.5798788 0.5723552 0.36349803 0.19252658 -0.7743477 -0.1765266 -0.036454007 -0.63897574
1 -0.32789624 0.93185586 0.077746995 0.31192672 -0.6955328 -0.24270152 0.08652567 -0.7423036
26 0.045084108 -0.15450512 1.1088835 0.6296705 0.272133 -0.99337393 0.50263005 -0.18781683
41 0.24282046 0.8092848 -0.24106999 1.0115491 -0.56715155 0.15559407 0.50786275 -0.4050763
45 -0.7942174 -0.09467505 0.81678706 0.501815 -0.08804911 -0.44746026 -0.22630467 -0.37294093
24 -0.5993627 0.48755485 0.76478237 0.41952422 0.8799071 -0.91290855 -0.010515254 -0.213339
25 -0.47645527 1.0276563 0.4193819 0.17427161 0.2766145 0.12281191 0.069260806 0.057582468
46 -0.5157314 0.28195024 0.14935634 0.60721177 -0.96592665 -0.43971086 -0.17190781 -0.7631532
36 -0.5002059 0.8071689 -0.04710691 0.52853423 -0.90139425 0.3562447 0.07188719 -0.95565325
19 -0.34785944 0.0067876535 1.5314608 0.33097225 1.0093323 -0.5190933 -0.1983938 0.36499617
49 -0.68285006 0.043751888 0.24363495 0.6900448 -1.2919877 0.37304714 -0.1298662 -0.83668727
11 -0.84108543 0.50330305 0.3292324 0.12550323 -1.2393034 0.8806148 -0.7565565 0.28289673
17 -0.5701785 0.17132567 0.43575993 0.56143624 -0.6004999 -0.60541403 -0.0340175 -1.0038981
38 0.08845331 0.8514144 -0.17604344 0.6835216 -0.8795022 0.24971122 0.44514224 -0.2528571
23 -0.8840231 0.33688903 1.0512782 0.030072091 0.3271982 -0.4547691 -0.4409773 -0.14436011
48 -0.35553023 0.90473807 -0.15192834 0.4467494 -1.0308356 -0.13928112 -0.26510334 -0.86656815
42 -0.93430084 -0.13101916 0.87173486 0.54972595 0.32872868 -0.9457744 0.07778226 -0.76615566
39 -0.27767277 0.99963003 0.049262524 0.5846391 0.1616475 -0.17889574 0.16932979 -0.31867528
44 0.6397932 1.0959767 0.74270314 0.4179082 0.91063315 -0.67262596 0.0059197037 0.41773593
27 -0.2652003 0.14578015 -0.014455648 0.9698426 -1.288215 0.50055593 -0.16815202 -0.15333448
31 0.026626574 0.5528648 0.32979673 0.85585994 0.36543366 -1.109173 0.45498052 -0.7778488
15 -0.50093275 -0.3545348 1.4952959 0.17161812 0.13618428 -0.42717975 -0.4149591 0.7252054
6 -0.576578 -0.14264117 0.8490232 0.63661 0.08150755 -0.96120006 0.11201948 -0.81914705
20 -0.2829659 -0.19730262 0.3009984 0.9287429 -1.0597461 -0.23268111 -0.24189393 -0.5117475
28 0.39719307 -0.02505255 0.12471006 1.2839947 -0.94629145 -0.5727101 0.17253125 -0.8438957
30 -0.108451575 0.5573402 1.1164975 0.24440585 1.0464739 -0.40734106 0.20661266 0.71276915
14 -0.42246473 1.2576889 -0.19982964 0.16273291 -1.1975459 1.1791676 -0.4649268 0.5578236
34 -0.118343115 1.4144348 -0.29417565 0.3457705 -0.87707716 0.9966079 0.12362859 0.028333772
18 -0.0644774 0.58876914 1.1957467 0.14343792 1.1000689 -0.7633648 0.26722616 0.70282876
9 -0.5712152 1.1246977 -0.2530054 0.17396931 -1.3721659 1.0897412 0.038496714 0.12325854
4 -0.2777708 0.08402862 -0.042161036 0.9256939 -1.4300448 -0.104470596 0.034168288 -0.72471184
0 -0.35525686 0.032216568 1.5013186 0.17123301 0.81221867 -0.45199162 -0.6252678 1.153205
8 0.3196419 -0.2735365 1.2824047 0.7132416 0.51594335 -1.1552076 0.564362 0.48035187
12 0.2671296 -0.20978424 0.7958077 1.0087135 0.39042264 -0.070366785 0.94138026 1.569576
40 0.21960713 0.8465355 0.6411247 0.5591098 1.0254043 -0.6415586 0.19724533 0.6134592
10 0.5939057 -0.4081964 0.69876397 1.075606 -0.55650395 -1.1063566 0.43094903 -0.029831484
32 0.29744706 1.4267523 0.26460344 0.1954446 0.23233253 0.7539666 0.03225302 1.690208
13 0.4977621 -0.24323648 0.5929807 1.2938626 0.2968434 -0.1884525 1.0118916 1.1822968
2 0.10925097 0.25021318 1.2065834 0.43128613 0.9254042 0.15789261 0.23715813 1.9295993
47 -0.16620974 1.1263766 -0.65401846 0.72608805 -1.5083559 0.63338387 -0.173966 -0.622435
37 -0.8129049 0.8603796 1.1119336 -0.4854633 0.44088608 0.5846733 0.068206266 1.5515348
22 -0.7517212 0.7462576 0.7318113 0.06498945 0.28148302 1.1245575 -0.15286916 1.5771904
5 -0.111248605 -0.49226022 0.48352182 0.79034144 -1.5935743 0.14081 0.24182683 0.117361866
3 -0.407097 0.38356584 1.3134451 -0.016256612 0.4820545 0.6946589 -0.15531923 1.5339766
35 0.2924486 1.5869565 -0.0092752585 0.1515788 -0.44576305 1.17564 -0.095353596 1.6071554
7 0.03119956 -0.7059406 1.0494071 1.0519518 0.25467074 -0.7856158 0.20051289 0.79701006
21 0.12685983 0.45589146 0.83029586 0.3539183 -0.11473691 1.0540795 -0.21718049 2.2231777
33 0.088689886 1.3871197 0.38611695 -0.10656224 -0.2684207 1.176173 -0.33781418 1.9949038
