50 8
1 -0.44626105 -0.1206278 1.0922028 -0.21597043 0.29043806 0.7577707 0.588828 0.41480604
41 -0.32207367 -0.42048615 0.22793952 -0.03453722 0.8681639 1.243133 0.43405414 0.74399906
26 -0.2626184 0.11542644 0.9822105 0.26812777 -0.038947534 -0.31442857 0.22845946 0.19018146
6 -0.40218195 0.012697696 0.5893962 -0.017885026 1.1453856 0.9696388 0.56212604 0.3233654
45 -0.626744 -0.019373797 0.9790283 -0.47085106 1.0439178 0.9192034 0.758375 0.6489965
27 -0.21431872 -0.2253931 0.21643125 -0.16524643 0.7816538 1.1168686 0.6628932 0.8155084
36 -0.64753133 -0.28349143 0.6500589 -0.39831704 0.67582536 1.0465956 0.8316987 0.86622906
20 -0.23455767 -0.70952064 -0.15548989 -0.1451837 0.11005109 0.50651014 0.24126416 1.3441687
7 0.7521753 0.5296913 0.12892306 1.3109992 -0.4739222 -1.4237682 -0.38144958 -0.045569215
34 -0.20297232 -0.7545798 -0.06719526 -0.06625016 0.7058625 1.1903706 0.36999354 0.98993605
37 0.60676205 -0.061517876 0.0072165304 1.3622534 -0.9704493 -1.1559732 -0.537174 0.17207482
10 0.51277775 0.31999388 -0.41797072 1.225002 -0.64848363 -0.6042436 -0.060886957 0.2797184
28 -0.48791173 -0.03471825 0.34637815 -0.2970796 0.8544521 1.0299467 0.6580442 0.9468583
49 -0.5206204 -0.48637965 0.31991732 -0.32557088 0.4989773 1.2889012 0.61865747 1.0582744
16 0.3577403 -0.40518132 0.114920296 -0.06888148 -0.5874417 0.17750628 -0.08523086 1.1521741
21 0.5430008 -0.10721388 -0.0021490688 1.3645579 -1.0229253 -0.9904357 -0.59887934 0.18386811
8 -0.5287039 -0.21306103 -0.0051111956 0.7462151 1.0361199 0.7931779 0.13318151 0.11655613
14 0.7285947 0.014176275 -0.28498808 1.0899787 -1.065856 -0.43128228 -0.53442866 0.5019201
38 -0.09045044 -0.86225396 -0.24703132 0.043347478 0.46969202 1.3329648 0.49265423 1.047447
17 -0.45685717 0.07375272 1.6864003 -0.39487582 0.034213454 -0.308264 0.36007088 0.35327595
29 0.20279242 -0.44632235 -0.7601682 0.34815234 0.7525892 0.31922543 0.08918456 1.0169988
48 -0.16844109 -0.31304085 -0.06900848 -0.1850666 0.869864 1.3197523 0.7176456 0.9947758
22 0.7685941 -0.011971732 -0.25518522 1.5273311 -0.8529112 -1.1079866 -0.65242887 0.18883127
44 -0.5725231 0.08816211 0.67745525 -0.16705926 1.6874634 1.0502083 0.7926687 0.308291
4 -0.18982154 -0.6952337 0.12115831 -0.33249024 -0.3349893 0.4553643 0.15984479 1.4354471
9 0.5985607 -0.8119694 -0.8789879 0.58899117 -0.51474243 0.2169212 -0.17939276 1.1709038
5 0.42703506 0.40225586 0.630478 0.2540192 -0.8703141 -0.58321196 0.09867114 0.56708825
25 0.54602116 -0.50556856 -0.99154735 0.72610366 0.17368291 -0.06829344 -0.31297153 0.9867142
31 -0.5007609 -0.058817632 0.19501634 -0.15125063 1.4772712 1.0343711 0.6670029 0.7531514
30 0.54305625 0.8660856 0.80928344 1.3955202 -0.11100996 -1.2326237 -0.3860869 -0.70784664
42 -0.6328738 0.14603086 1.1018631 -0.16830733 1.402252 0.39587292 0.39928213 0.18404777
12 0.72653913 0.7223926 0.20489354 1.4744949 -0.010725965 -1.265422 -0.46568233 -0.40287822
24 0.51958746 0.8549543 1.0636634 0.81585217 -0.94392437 -1.1563612 -0.4494738 -0.07493987
46 -0.7568897 0.098134466 1.1940358 -0.55444133 1.0525073 1.1149826 0.764963 0.57898194
33 0.7086405 0.2477338 -0.2583192 1.5823494 -0.6903769 -1.0877407 -0.56374335 0.038104944
43 -0.4293535 -0.15959384 0.62115324 -0.26114333 1.2713765 1.3353391 0.773942 0.58764565
35 0.733205 0.330016 0.39464986 1.3871429 -0.7177163 -1.5776508 -0.57099795 -0.13796224
19 0.59290314 0.81891423 0.9744804 0.8442327 -0.73029524 -1.1872767 -0.55030113 -0.111407444
40 -0.5642923 -0.09711983 0.37274113 -0.07966598 1.1006941 1.2844241 0.80156136 0.55716074
15 0.5710926 1.016218 1.1583713 0.94412553 -1.1551774 -0.96505713 -0.2935415 -0.29913118
13 0.8736911 0.091274366 -0.6152055 1.4607545 -0.07874253 -0.7569661 -0.7306487 0.14451201
11 0.4380369 -0.7017088 -0.16476832 -0.22348431 -0.5580862 0.38830203 0.08469563 1.449352
32 0.9060833 0.48056376 -0.105790235 1.5500785 -0.4732025 -1.4788382 -0.63616323 -0.064352
47 -0.5808171 -0.0021318474 0.7313464 -0.38211647 1.3412547 1.4275658 0.86732125 0.5905339
39 -0.62609833 -0.09600816 0.44430757 -0.26634657 1.2043097 1.4668123 0.8699704 0.73700994
18 0.2548478 0.3228482 -0.011755854 1.4173476 0.47994918 -0.47282422 -0.47328088 -0.38551286
0 0.56394255 0.99035376 1.1485434 1.121589 -0.63419056 -1.380464 -0.44630036 -0.47668913
3 0.7804702 0.5882633 0.4017539 1.4011964 -0.39816266 -1.1230537 -0.6887142 -0.36495122
23 0.24708539 0.73765373 1.5253414 0.4701511 -0.40900669 -0.7122492 -0.1312079 -0.31589648
2 0.8314243 0.7788457 0.3993037 1.6302965 -0.65910006 -1.4966389 -0.49407718 -0.44912627
