50 8
16 0.09751571 0.28976598 0.5292636 0.12805432 0.2201126 -0.39863837 -0.19929633 0.9608033
49 0.044754487 0.44339162 -0.049172044 0.5348448 0.68668586 0.8995819 -0.6199333 0.2867392
13 0.22966157 0.17820245 0.13522726 0.42215717 0.87957954 0.8801981 -0.25417086 0.055873096
27 -0.0486718 0.12933026 0.31901896 0.16828619 0.83283615 1.3651537 -0.082148224 -0.5053692
23 0.060168877 0.36141846 0.5611259 0.22435032 0.26733255 -0.299093 -0.87937945 0.755292
4 0.14196661 0.6925816 0.22482769 0.4328125 0.43829814 0.9701989 -0.18669803 0.014431809
1 -0.36818165 -0.047340468 0.30106214 0.491812 0.57313377 1.057643 0.122371614 -0.1968675
19 0.12460847 0.11274521 0.59148866 0.3362268 0.3684233 -0.60859865 -0.80401593 0.9830686
26 -0.57925755 -0.06624523 0.76200867 0.011954691 -0.15415606 -0.7133101 0.15077129 1.0617591
29 0.14610663 0.18688846 -0.18050623 0.7645781 0.9988388 1.1215417 -0.43733653 0.10409736
20 0.1322673 0.25097895 -0.11394321 0.99525416 0.75633115 0.50128037 -0.7161694 0.5607553
6 -0.3403372 0.21681416 0.3100984 -0.019910574 0.4930012 1.0650859 -0.0914517 -0.08569098
12 -0.31121054 0.25076023 0.3903129 0.40513983 0.39815307 -0.37421104 -0.1796768 0.7586021
24 0.14657563 0.1509088 0.6346895 0.16450454 0.2670439 -0.6846485 -0.91080886 1.1315846
46 -0.20463827 0.7776034 0.15506183 0.35781774 0.3511966 1.2412887 -0.3052804 -0.09882151
11 0.68268204 -0.18831518 0.8159655 0.07124604 0.35865647 -0.5311485 -0.6864591 1.0184168
9 0.61265326 0.41885126 0.021786764 0.8997944 0.5860492 0.6694673 -0.50930786 0.47466987
8 -0.92947227 0.2538425 0.3883499 -0.3013148 0.35479954 1.474781 0.36439013 -0.47000033
37 0.068929255 -0.38888177 1.1105077 0.100753136 0.0078093726 -1.242753 0.26262185 1.2311963
21 -0.28537184 0.5318324 0.175538 0.49082965 0.11710639 -0.04800754 -0.72889 0.999114
48 0.10290709 0.49698326 0.10703701 0.29869932 0.6380152 1.339195 -0.20659369 -0.14576356
10 -0.74293476 0.2727951 -0.23820512 0.1824247 0.30188265 0.77169466 -0.51332015 0.86071384
17 -0.4494566 -0.1408402 1.0988331 -0.3429746 -0.20358378 -0.75131935 0.53202456 0.8388813
36 -0.63583815 0.2854729 0.4485153 0.2927344 0.570567 1.6104922 0.66583836 -0.9755688
41 -0.41993734 0.37951326 0.32212734 0.32578066 0.48317915 1.459829 0.43946567 -0.5797559
15 0.034627054 0.20469831 0.9298623 -0.17641948 -0.27479774 -1.0424553 0.06600079 1.4408861
34 0.15293947 0.033702083 0.27742803 0.54944336 0.9056434 1.5977528 0.06924419 -0.64699626
18 -0.40706664 -0.31674954 0.84306264 -0.22357555 0.026280835 -0.7741553 0.3772696 1.106259
38 -0.34614688 0.29600763 0.18917465 0.45753935 0.6676757 1.744961 0.13393016 -0.6561983
28 -0.786129 0.1370471 0.5048804 -0.033175588 0.41315722 1.4185314 0.77163565 -0.65746456
39 -0.6882965 0.43091917 0.37835392 0.40821782 0.3590444 1.510366 0.36398935 -0.75245243
33 0.2911605 -0.029001491 0.90619576 0.09733807 0.021156183 -1.0812895 0.0999935 1.3215632
5 0.32196677 -0.12056628 0.76985335 -0.013476596 0.17622146 -1.0428703 -0.272353 1.4860785
14 0.41889387 0.22646643 0.256456 0.56374145 0.6863599 0.8618951 -0.3462049 0.038478866
3 -0.063610606 0.07899712 0.9153646 0.08004413 0.08339456 -1.1244632 -0.47521394 1.1645005
42 -0.82538694 -0.5587079 1.3388509 -0.8161723 0.25146687 0.18239373 1.219093 -0.41858384
43 -0.52924037 -0.31544545 0.64559317 0.13112637 0.7020358 1.2457514 1.2412344 -0.8002692
32 0.11079585 0.2279927 0.89917684 -0.21080555 -0.049775876 -0.95624566 0.15883633 1.250807
7 -0.08645809 0.11014467 0.54889184 0.03395926 0.05758751 -0.5297206 -0.38533986 1.2415382
47 -0.48654935 0.09749937 0.47600675 0.40208644 0.64231294 1.7458625 0.6428044 -1.0292569
0 -0.23273934 -0.015370334 1.005815 -0.23736085 -0.19078547 -1.2829971 0.01790362 1.4541148
22 -0.056289222 -0.43747923 1.2257107 -0.1642784 -0.14130354 -1.4499629 0.34713018 1.4320529
40 -0.72007316 0.14802074 0.7297293 -0.14156672 0.1712993 1.394315 1.2252997 -0.78137505
2 -0.020246845 -0.0566362 0.9493738 -0.24137822 -0.075759865 -1.2261516 0.07318763 1.5045652
31 -1.1312153 0.23767777 0.44261867 0.030408436 0.23271933 1.8272018 0.8443801 -0.85282147
30 -0.11857652 0.15858592 1.6967542 -0.62523323 -0.5140475 -1.2163924 1.2254188 0.65615356
35 -0.12756197 0.16133232 1.5306549 -0.5115999 -0.4920702 -1.4947351 0.7502648 1.1012433
25 0.8687477 0.3945764 0.7887829 -0.22480273 0.20890754 -0.3268872 -0.062347967 0.8911359
44 -0.8035268 -0.24702272 0.87249446 -0.024423003 0.46140575 1.6591228 1.0726339 -1.2293966
45 -1.0864879 -0.3059769 1.3230195 -0.6869631 -0.08049698 0.60886866 1.1263161 -0.5958648
