50 8
19 -0.05796784 0.34108168 0.48051807 0.18329756 -0.63865626 -0.45979223 -0.8594303 0.23516159
46 -0.4333212 0.43687165 0.8303109 0.12165885 -0.6212638 0.110889986 -0.34491736 -0.5024145
1 -0.4111459 0.43068093 0.2799525 1.0157287 0.26006478 0.2432653 0.1406292 0.3555901
42 -0.12664881 0.12498424 -0.09185315 0.8361633 -0.3368316 -0.8458019 -0.15334736 -0.3996489
48 0.1878287 0.3928848 -0.25554475 0.9350631 -0.41988733 -0.7744668 -0.20279053 -0.7059372
43 -0.60939676 0.4937205 0.03969257 1.048749 0.18675153 0.06327808 0.41978845 -0.62486136
28 -0.3583882 0.48604244 0.25005725 0.44650394 -0.6383301 -0.40363076 0.021287458 -0.9555272
24 -0.33521673 0.6739277 0.30996132 0.5701069 0.2781016 -0.12504594 -0.42335135 0.5652235
45 -0.07267795 1.2442529 0.30593348 0.6680022 -0.09197001 0.39615342 0.0073486147 -0.017001472
23 0.09388752 0.7016707 0.50893736 0.11242637 -0.7151076 -0.5446331 -0.66889966 0.24512517
34 0.083301835 1.0325481 0.31382093 0.6180765 0.08170916 0.15314835 -0.47263327 0.65832824
39 -0.14785153 -0.45710328 -0.24799709 1.293947 -0.012279486 -0.46472463 -0.4938932 0.0054952013
16 0.05471928 0.6656588 0.93527967 -0.286104 -0.74206257 -0.5690109 -0.9169905 0.061741967
41 0.01962968 0.27129433 0.075820796 0.5839154 -0.5980781 -0.82629955 -0.2760098 -1.1869036
14 -0.59159017 1.1420926 0.9006932 -0.12244841 -0.061338525 0.2901365 -0.57654583 0.74085665
29 0.14487278 0.55667657 0.05467354 0.4558852 -0.74508554 -1.0280474 -0.2689389 -0.28699985
25 0.5486239 1.0265964 0.1697689 0.5556347 -0.17343043 -0.06536066 -1.074106 0.69509965
4 -0.7288571 1.0972118 0.5779883 0.3707068 0.039250188 0.45217 0.23155086 -0.43619424
6 -0.51126415 -0.33149537 -0.018381009 0.77075887 -0.5855449 -0.69853574 -0.13157962 -1.4622357
18 0.14373069 -0.58456916 0.26459903 0.54847634 -0.6440206 -1.4211984 -0.7471925 -0.25695112
26 -0.47768945 0.09099924 0.025708335 0.56201684 -0.45293123 -0.97809017 -0.019893024 -1.0060962
20 -0.72415084 1.3443605 0.6129647 0.03090343 -0.12143399 0.15062943 0.09363515 -0.40478966
27 -1.0078528 0.937477 0.42504862 0.327897 -0.05615969 0.2636179 0.3286117 -0.81142753
44 0.3765966 -0.13999823 -0.45676976 1.140711 -0.38932544 -1.0809474 -0.6401949 -0.27552077
17 -0.8152878 0.1876389 0.95068926 -0.10724278 -0.70480543 -0.16183302 -0.29415032 -0.55863434
49 -1.0232388 1.0199649 0.996065 0.38684517 0.18873346 1.0885649 0.38120583 0.13536823
15 -0.6485877 0.5737769 1.0330315 -0.2866276 -0.3355225 -0.3135042 -0.7047912 0.9453314
12 0.25291562 -0.38159093 0.53379875 0.42992866 -0.7128498 -1.3431842 -0.6355216 0.25417626
2 -0.36868876 0.7128069 1.1426574 0.038400497 -0.114638954 0.24045937 -0.46535727 0.79141635
21 -0.55639154 0.29245493 1.1349928 -0.18514793 -0.3335436 -0.51596546 -0.4980989 1.0600672
9 -0.8738721 0.91208524 0.7717829 0.615106 0.49712515 0.488432 0.4600293 0.6763456
13 -0.06586484 -0.5131679 -0.21548527 1.2347013 -0.40722892 -1.3261273 0.17957081 -0.58519435
40 -0.026786616 -1.1467907 -0.154443 1.4643555 -0.060922727 -1.080319 -0.3283414 -0.7155459
7 -0.029259995 -0.17548057 0.26063547 0.106808476 -1.294227 -1.4367143 -0.72429734 -0.6316271
37 -0.13593648 -1.0135186 0.59773225 1.0674647 0.35419723 -0.29620892 -0.7524964 -0.10891714
33 -0.68672955 0.5113944 0.45496833 1.219139 1.189457 0.78783613 0.1345451 0.5656888
5 -1.0368718 0.78384936 0.95351183 0.65740114 0.36426708 1.1616182 0.49829504 0.011103712
3 0.124079205 0.07475504 1.0620959 0.13516358 -0.19179292 -0.18804476 -1.275862 1.0443615
11 -0.58891803 0.8213944 0.76832783 0.8221636 0.794008 1.2334803 -0.27015445 1.0150888
36 -0.70365655 1.2112337 0.3844558 0.85961986 0.42416817 1.1929449 0.10432474 0.4805606
22 0.10641373 -0.66710633 0.17053589 1.6915587 0.8280928 0.40338853 -0.7286226 0.26892146
0 0.14850482 -0.2096643 1.1341945 -0.063953966 -0.6580229 -0.5726577 -1.3449714 0.67790616
47 -0.58502465 0.35363272 0.6787206 0.8816153 0.7283558 1.1230458 -0.5530117 0.64509934
38 -0.77522093 0.7428711 -0.051844142 1.0312238 0.230622 0.13473491 0.7066504 -1.3006673
30 0.17276454 -1.1289151 -0.266694 1.7595295 0.11515589 -1.190223 -0.07373813 -0.6949586
8 -0.29783383 -0.5151729 -0.22127816 0.9061968 -0.8214461 -1.3929062 0.027024152 -1.2208658
31 0.36589313 -0.9721797 -0.64653474 1.6238494 -0.3602772 -1.6803839 -0.28792596 -0.95887524
35 -0.799481 -0.4616251 -0.10060083 1.7226242 0.85354364 0.003715784 0.38665533 0.6007144
32 -0.52397096 -0.29405016 -0.38410762 2.080245 0.8027092 -0.06606939 0.74646693 0.3891898
10 -1.1607294 0.4637062 0.38405928 0.4199502 -0.48272014 -0.14896087 0.7681143 -1.431634
