50 8
43 -0.405229 0.710879 -0.0026878868 0.800441 -0.69630945 -0.45984927 0.3874412 -0.40862378
1 -0.28336635 0.65030813 0.2095595 0.7096974 -0.4981704 -0.14800769 0.9596141 -0.5703112
17 -0.17961647 0.5513711 0.6949386 0.6696111 -0.48690113 0.056437023 0.4399354 -0.6540077
41 -0.20281674 0.91084653 0.100799575 0.90221506 -0.7832041 0.10805866 0.2785429 -0.6010513
14 0.7170742 0.31566864 0.85611284 -0.033594545 0.8095544 1.2401425 -0.29485238 0.7910161
36 -0.29918975 0.80589384 0.007888184 1.0102494 -0.9863944 -0.09097939 0.40964264 -0.51749843
16 -0.074890286 0.84635735 0.5651302 0.49810484 -0.6714334 0.09449329 0.32047626 -0.5979776
42 -0.4568039 0.9432641 -0.10360674 0.65681297 -0.81338847 -0.40701047 0.70542693 -0.56154823
7 0.4285329 0.054812968 0.49879152 -0.26553813 1.5378151 0.2790277 -0.39403328 1.3606122
49 -0.45844978 0.875065 0.060450774 1.0053873 -1.0591846 -0.10678932 0.60874313 -0.7409553
20 -0.06744481 0.9082552 0.0705583 1.1910836 -0.9259697 -0.06418372 0.0998222 -0.7787281
26 -0.521139 0.05886366 0.58820766 -0.18585327 0.7917145 -0.9564808 0.2975994 0.45957303
31 -0.64229894 0.23289685 -0.08955709 0.15568577 0.5633125 -1.3710935 0.5303844 0.33393288
4 0.14122659 1.024885 0.13712388 1.0728105 -1.208446 0.26918492 0.11022477 -0.70940095
45 -0.33463562 1.0069488 0.108486466 0.92278254 -1.1779143 -0.1776816 0.52567774 -0.78498197
27 -0.54548997 0.88579875 0.012897819 0.9957639 -1.0388577 -0.24301718 0.44850346 -0.72892034
13 0.046603628 -0.15409617 0.63426226 -0.29413086 1.4449288 0.092596136 -0.06779689 1.3859507
12 -0.052168638 -0.23127377 0.5130821 -0.3028379 1.5340627 -0.22787136 -0.20909591 1.4860125
24 0.23943523 -0.110338084 0.79896903 -0.30699238 1.1674094 0.22779158 -0.21138413 1.3152438
25 0.41184175 0.15136936 0.5345136 -0.16192624 0.7758231 0.359721 -0.5828493 1.3568197
34 -0.18030114 1.0218667 -0.08807141 1.0734752 -0.879611 0.21361962 0.008334472 -0.60688543
19 0.06984695 -0.12541759 0.68218416 -0.32044616 1.2179686 0.008837732 0.03627808 1.2747436
6 -0.8490886 0.57541966 0.027299564 0.8502796 -0.6288198 -0.73394364 0.5615301 -0.5074675
23 -0.17581283 0.082332864 0.79051757 -0.48637423 0.93811405 -0.27400848 0.16610253 0.82524395
46 -0.41401356 0.9552452 0.15194316 0.88114786 -1.2253393 -0.331466 0.4128854 -0.7667003
18 -0.328877 -0.21536389 0.5573261 -0.46206588 1.5099617 -0.36667436 -0.22025144 1.5803713
28 0.12800486 1.1208844 0.21131323 1.1297098 -1.2282968 0.31259227 0.3612456 -0.95313966
15 0.5837851 -0.07450011 0.8938069 -0.43349996 1.0902528 0.35461867 -0.1773772 1.4691433
38 -0.17174396 1.1193459 -0.20462504 1.0026176 -1.0299368 -0.31072044 0.2716022 -0.70204175
30 0.0028151697 -0.08764047 0.44284585 -0.450613 1.7483503 -0.31153503 -0.26846895 1.5176657
39 -0.7258279 0.32204503 -0.3656806 0.5324881 -0.08952161 -1.3373657 0.13000683 0.34223896
21 0.52502847 -0.09258819 0.7095898 0.0068345293 1.2359248 0.58016723 -0.4609834 1.2761334
48 -0.1024179 1.156638 -0.12364979 1.1801938 -1.3020074 0.10500759 0.3575036 -0.78861976
40 -0.47511962 -0.008390265 0.40865192 -0.47170305 1.4239262 -1.0207691 0.04744933 1.0244048
0 0.5909788 0.013625988 0.6242385 -0.40567777 1.6373821 0.4270027 -0.49506298 1.6896555
9 0.17229924 1.1375892 -0.058182046 0.8910584 -1.2736166 0.5159071 0.47570968 -0.487411
2 -0.034732565 -0.1439793 0.7525701 -0.58055913 1.6794839 -0.1693551 -0.02470499 1.463903
44 -0.52806324 1.0179342 -0.33039704 0.8070388 -1.1313908 -0.658438 0.21107745 -0.37526935
11 0.12508918 0.9905271 -0.029616801 1.4122674 -1.2433132 0.5667476 0.004718806 -0.6520239
47 -0.25297248 0.94904584 0.011694555 0.9948615 -1.001297 0.2503205 0.08137703 -0.5320691
5 0.5830832 0.6718554 0.4373541 0.6029725 -0.37229887 0.80425626 0.2013198 -0.072604604
10 0.4788316 0.49769372 0.15973507 0.12979583 0.398505 0.2146471 0.14871606 0.62782085
37 0.44218913 -0.15227497 0.9396818 -0.41225743 1.4807118 0.352935 -0.36717597 1.537275
29 -0.8030732 0.6030861 -0.08529236 0.52869505 -0.4598579 -1.1969831 0.4960669 -0.2979517
22 0.7099118 0.033731736 0.7085373 -0.19466926 1.5947132 0.7064256 -0.7615502 1.4883444
32 0.30721682 -0.03211321 0.50605404 -0.4145059 1.5121137 0.2674298 -0.36312634 1.6623036
3 0.49770272 -0.13179226 0.7186543 -0.48573378 1.5887294 0.18227226 -0.36407754 1.7222279
33 0.5766979 0.12587328 0.58564085 -0.49456948 1.566777 0.50578874 -0.72415626 1.735368
35 0.68210053 0.02973954 0.16356878 0.21679159 0.37346748 0.38137725 -0.88263375 1.7281998
8 -0.47591382 0.17534564 -0.114357285 0.23017743 0.4056291 -1.4277844 0.06099523 0.5647573
