50 8
45 -0.028416965 0.6140769 0.0540247 0.62607217 -0.31305635 0.01896612 -0.22196987 -0.53912765
43 -0.5307652 0.6300607 0.033101548 0.46467358 -0.41144615 -0.37197137 0.6236686 -0.5063975
29 -0.7528515 0.40962654 0.23417643 0.365871 -0.597009 -0.96340895 0.78495914 -0.09449032
1 -0.41801688 0.8786007 -0.14764188 0.4614173 -0.8396504 -0.3705114 0.6469025 -0.8022368
6 -0.43782294 0.3377923 -0.03623576 0.7284785 -0.6060452 -0.59778756 0.31380242 -0.73875254
39 -0.7510825 0.26880932 -0.17249672 0.5558207 0.26790679 -0.5733775 0.26938576 -0.3221185
18 -0.67301154 -0.26259094 0.3966694 0.6652568 1.1943359 -0.193875 -0.7271113 0.76342255
49 -0.09134543 1.0231373 0.42261034 0.19627558 -1.0786909 0.24915816 0.06751405 -0.89281905
23 -0.7557725 0.053365342 -0.4744994 0.51963997 0.36604178 -0.6682327 -0.9853802 -0.86145806
24 -0.6163592 0.12864749 -0.17089893 0.43865684 1.0688432 -0.072497375 -1.238061 0.03156687
10 -0.27240616 0.45088533 0.0037813322 0.5674821 -0.06212456 -0.25922358 -0.21430416 -0.22077726
30 -0.6124097 -0.1623761 -0.047729414 0.7492143 1.2428597 -0.69129205 -0.69527096 0.42275965
26 -0.88780475 0.04650107 0.49977893 0.33548036 -0.12637672 -0.83433086 0.36410847 0.31347084
40 -0.9869306 -0.049740072 -0.01948198 0.5431006 1.1118246 -0.6562047 0.044481233 0.33869535
16 -0.09403425 0.9825927 0.5857636 0.34185198 -1.0103554 -0.318602 0.90434104 -0.29069164
12 -0.7107193 -0.2997989 0.07712804 0.8163119 1.3756394 -0.39449623 -0.7537666 0.72483975
44 -0.59223205 0.026084213 0.38636982 0.53801626 -0.08316836 -0.98795295 0.20123087 0.41485715
15 -0.33081144 0.33635673 -0.04892135 0.37185436 0.69351465 0.32091147 -1.4762965 0.036040913
17 -0.34997258 0.66502005 -0.42397964 0.71378267 -0.49111784 -0.43099102 0.18957032 -1.3522742
27 -0.335532 0.7920856 0.28429133 0.47062832 -1.1261529 0.0020579202 0.49919808 -0.666162
8 -0.8472376 -0.22752969 -0.378841 0.7781064 0.34848034 -1.3124316 -0.4797192 -0.19649994
28 -0.022715999 1.0562613 0.73702615 0.1821491 -1.2660947 0.18631124 0.41687727 -0.5619929
36 -0.0013872972 1.1097499 0.70804113 0.23248765 -1.0157541 0.22876008 0.73779196 -0.4192783
19 -0.55166876 0.03079416 -0.22603399 0.57087857 1.0146368 0.109049425 -1.5425981 -0.12668645
9 0.072201945 1.2959175 0.5986891 0.23305409 -1.2984728 0.502964 0.58554906 -0.37568524
41 0.10186263 1.0091106 0.9734474 0.35352296 -0.8286483 0.019025054 1.1081517 0.05637918
42 -0.5811188 0.58830935 -0.7668728 0.50664157 -0.14087924 -0.39917693 -0.4772365 -1.1300126
4 -0.1229244 1.1193818 0.732165 0.10750424 -1.4790353 0.22774996 0.3905055 -0.6606554
25 -0.09419975 0.9828693 0.94463766 0.12606743 -0.08997863 0.25516552 0.8643291 1.1428069
38 -0.036596753 1.1341826 0.8117939 0.1787651 -1.0550121 0.19968241 0.88514966 -0.3095789
20 -0.4866918 0.7988236 0.54325897 0.1945001 -1.0745109 -0.4958275 0.865489 -0.49759242
7 -0.85416913 -0.2643523 -0.13554776 0.7116218 1.1765732 -0.4975539 -0.8909837 0.54995155
22 -0.51871514 -0.046027523 0.37235785 0.5930616 1.3567731 -0.03756005 -0.93595994 0.9124933
21 -0.18530628 0.20137087 0.7881093 0.3847319 0.7838027 0.3410801 -0.8164886 0.79496706
5 0.3004864 0.7918256 0.3650614 0.52063984 -0.79869235 0.37428695 -0.46483108 -0.60431564
3 -0.44547966 0.2629332 0.10703269 0.42147303 1.2242353 0.38095078 -1.2091624 0.39181656
37 0.00072526396 0.49769047 0.7856187 0.20026329 1.1958518 0.74370027 -1.1559967 0.80540687
33 -0.2455649 0.054271705 0.90409553 0.40727207 1.4370089 -0.107697755 -0.71285146 1.1580806
35 -0.54110086 -0.13398108 0.6286401 0.5643599 1.3320273 -0.22564745 -0.64375085 1.2674013
0 -0.30954507 0.2106155 0.19746149 0.4706707 1.5199772 0.30823195 -1.3203077 0.6404632
47 -0.111453585 1.2280362 0.07500807 0.23518322 -1.3726686 0.15029727 0.10297766 -1.2134705
11 0.39560193 1.5070543 0.7484909 -0.03263761 -0.96965295 1.062498 -0.16916887 0.08236696
2 -0.3936684 -0.0026914838 0.15717891 0.68576664 1.6184874 0.023779955 -0.9751464 0.57490206
32 -0.60860056 -0.026440913 0.771951 0.5840601 1.1142163 -0.18657544 0.2150657 1.4049342
31 -0.9018265 -0.37931755 0.32551444 0.7416713 0.8095613 -1.1451473 0.34900776 0.39015278
14 0.566789 1.5307779 1.1293248 -0.094549276 -0.596874 1.4164692 -0.27068102 0.6727175
13 -1.1298826 -0.4985645 0.46015754 0.8394537 1.0076915 -0.7680232 0.56082714 0.9988515
34 0.23595178 1.3687531 0.79934263 0.2725631 -1.1813325 0.23780315 1.1067908 -0.20333421
48 0.16901174 1.3324459 -0.18381524 0.32501826 -0.94206184 0.4292712 -0.36961955 -1.4006684
46 0.23917252 0.7650929 -0.10401098 0.43439195 0.8779246 0.94736564 -1.700499 -0.35932
