50 8
29 0.04230983 0.12538104 0.5189335 0.20219675 0.56409025 0.14594845 -0.025085434 0.48551875
39 -1.146101 -0.21060939 0.2706014 0.39789224 0.9157014 -0.16097602 0.2831728 0.51400936
28 -0.32514563 -0.33875734 0.98653907 -0.5073524 0.46485755 1.0989994 0.0012528895 -0.17682849
18 -0.5562426 0.05469787 0.28128824 1.0491363 0.25979584 -0.808378 -0.48191378 0.61053044
40 -0.32455096 0.09242857 0.12596142 0.750084 0.35939634 0.32453352 -0.43734953 0.8007573
26 -0.81667787 -0.026608622 0.31633288 0.33818585 0.5605814 -0.34176534 -0.05150739 0.70845014
25 0.0752882 -0.060088586 0.5708376 -0.022639569 0.4339026 1.1399825 -0.13228102 0.39704505
43 -0.42798024 -0.48954698 0.8130651 -0.7741698 0.49165392 0.9073849 0.052637365 0.48158073
20 -0.38474995 0.06574508 0.7912309 -0.19743998 0.15020412 0.7428782 0.006548903 0.14054242
14 0.19994831 0.837185 0.9258993 0.18363556 -0.6397825 1.1017879 0.13618366 0.10969121
1 -0.26327732 -0.020161591 0.74118733 0.08957066 0.5184236 1.1482886 0.42797825 -0.18027367
8 -0.96027553 -0.15458035 0.10401698 0.98938006 0.629123 -0.14875421 -0.51462954 0.46140066
2 0.22651638 0.6647603 0.62193334 0.6477249 -0.04114609 -1.0120631 -0.18408285 0.6985537
10 -0.19620427 0.18326509 0.7412075 0.6001432 -0.1703417 -0.522984 -0.37832287 0.1867589
24 0.1077491 0.40737665 0.3543807 1.063184 0.22817457 -1.0954734 -0.59574324 0.7337375
23 0.23815568 0.59954095 0.41912833 1.1353693 0.22717361 -1.2255641 -0.47251084 0.6449284
31 -1.1087031 -0.07374961 0.6409359 -0.37848827 0.75606024 1.3045243 -0.00043243813 -0.19722825
0 0.08618397 0.3159225 0.09720114 1.1590129 0.63081443 -0.7776527 -0.24306917 1.0000889
19 0.1742678 0.70755345 0.3660917 1.0204632 0.23604275 -1.1308515 -0.5563214 0.68838936
6 -1.1116734 -0.12587073 0.84567004 -0.07451237 0.57384104 0.77388823 -0.20125675 -0.6969295
7 0.17556268 0.124132745 0.08858209 0.84052736 0.75491834 -0.928021 -0.24464998 1.2718791
15 -0.68141204 -0.0471514 0.26638433 0.46507683 0.53507274 -0.11341789 0.718368 0.9715608
30 -0.35013154 0.5767947 0.33988076 1.1963648 0.22209947 -1.0847832 -0.14932333 0.52966505
16 0.27853647 -0.31358245 0.72292644 -0.43181723 0.9085809 0.96608514 0.18118365 0.35706753
17 0.12687236 -0.37754846 0.76345557 -0.6462936 0.3952263 0.63376606 0.18880531 0.8997531
27 0.27926794 -0.052913938 1.2007148 -0.69572294 0.22632398 1.2591507 0.17830728 -0.2084336
13 0.114859186 0.47031543 0.49613327 1.0275576 0.15544744 -0.91413033 -0.6596997 0.38557783
3 0.29214996 0.4338821 0.116685346 1.3367423 0.6372575 -0.9850944 -0.40237305 0.9237691
4 0.049683504 0.38551605 1.6142853 -0.5895603 -0.94244945 1.02683 -0.15250851 -0.66330236
22 0.6389253 -0.08559799 1.0086092 0.97632563 -0.70176846 -1.0392737 -0.87655956 0.25259876
45 -1.209979 -0.23175427 0.5532787 -0.4240657 1.0612942 0.5083472 0.6157529 0.23610443
49 -0.66066796 0.17604916 0.54522794 -0.093431175 0.54302055 0.40875307 0.9155008 0.5680328
35 0.83586276 0.38931996 1.0680864 0.9768806 -0.86582077 -1.4493377 -0.67023695 0.36844543
12 0.03911164 0.7762121 0.3298702 1.3774471 0.16994223 -1.5135775 -0.54574305 0.668233
32 0.92186695 0.4454911 0.7663004 1.0335499 -0.45671135 -1.0396607 -0.5748092 0.6970713
34 0.4105733 0.24733962 1.165328 -0.6976402 0.055854544 1.6791805 0.50961864 0.012712371
37 0.120589934 0.26275575 0.54441375 1.288139 -0.1493203 -1.617282 -0.5668177 0.66684085
41 -0.26297042 0.08165155 1.3223981 -0.6987507 0.11972154 1.5589275 0.06803188 -0.7911031
21 0.6872891 0.20344457 0.669608 1.0552723 -0.7195186 -0.9912834 -0.6265203 0.9544853
42 -1.0665008 -1.0660642 0.73334557 -0.27561402 0.9112691 0.16527447 0.14290734 0.093079485
33 1.1301643 0.39376453 1.1284721 0.99719596 -0.8857323 -0.8581806 -0.6434579 0.20642893
38 0.023552366 0.419181 1.0846035 -0.5420364 -0.12187531 1.4773792 0.17300604 -0.19116563
36 -0.10149153 -0.064951316 1.1261388 -0.66347915 -0.1091014 1.7592052 -0.102459975 -0.16131184
5 0.96331817 0.89346313 1.3008683 -0.012533048 -0.83143103 0.10986036 0.3196338 0.1577824
11 0.20351279 -0.10893843 1.1797382 -1.0791687 -0.15024808 1.4088358 0.53456 0.47421768
44 -0.8306043 -0.99648744 0.6040724 0.20756267 0.9146803 0.18508828 -0.45061502 -0.15235113
9 0.71474177 0.63652766 1.5701059 -0.25894788 -1.0211624 0.5342977 0.15162808 -0.3642814
48 -0.18846177 -0.20723645 1.1296028 -0.87200344 0.68824977 1.4975181 -0.0034283253 -0.49321985
47 -0.49831977 -0.7117676 0.6248886 -0.45893407 0.8731883 1.4724281 1.0683099 0.6243779
46 -0.75781363 -0.021616353 1.1797552 -0.011329421 -0.33062482 0.051376116 -0.81076914 -0.7585384
