50 8
19 -0.2306102 0.8744703 0.71025634 0.08764384 0.13511823 -0.27006882 -0.15092625 1.072292
43 -0.24384195 -0.71217215 0.32929516 0.26238415 0.59289974 0.78553396 0.33512393 0.16914853
42 -0.3573241 0.16990711 0.74352735 0.024014885 0.4827937 -0.32552966 -0.42726547 0.8568153
26 -0.5128989 0.5090761 0.44745106 0.9100104 0.21961556 -0.020195907 0.403791 0.65592545
2 -0.068922594 0.5443 0.8118405 1.1222844 0.078564666 -0.40688717 -0.2861728 0.38556123
48 -0.24266782 0.08149648 0.30972055 0.3731049 0.49614817 0.08861626 -0.48581696 1.2463957
40 0.2125291 0.09677993 0.51657516 1.7173877 0.2987962 0.057251748 0.10456916 0.0839607
6 -0.4867511 0.48327214 0.17968494 0.40617162 0.58873093 0.29412487 0.16332206 1.0979888
12 -0.07560858 0.52647316 0.41849917 1.4464906 0.19160894 0.08717732 0.36160374 0.40511692
18 0.31923547 0.5169034 0.65883267 1.556199 0.5176833 -0.31165713 -0.17553683 0.1718739
23 0.18886378 0.5858746 0.9412407 0.9074963 0.38434404 -0.38298136 -0.49674034 0.08154163
31 -0.2192321 0.029513596 0.49606553 1.1557099 0.67014575 -0.22555116 -0.39487317 0.55225885
24 -0.22088724 0.9295424 0.6186822 0.40696964 0.071887486 -0.21965177 -0.21454994 1.0118564
16 0.09263559 -0.22493023 0.8717186 -1.0310163 0.86640906 0.16595647 -0.67487013 0.44494367
27 -0.24169774 0.07241822 0.46940786 -0.97350425 0.318018 0.7693153 0.16721965 0.9235456
8 -0.46548277 0.67123955 0.35253924 0.95096797 -0.013565914 0.09731721 0.15994556 0.953079
39 0.046359394 0.23711799 0.44377813 1.3795611 0.7359349 -0.051510077 -0.15691507 0.29965562
20 -0.26151863 -0.35225728 0.6504409 -1.5108652 -0.06930443 1.0011036 0.25966164 0.78559834
15 -0.19842783 0.90517396 0.5051513 0.7848609 -0.03938493 0.009125583 0.673165 0.7348874
1 -0.31114727 0.5766514 0.71428734 -0.64247954 -0.08200478 0.7511521 0.5080471 0.22613247
21 -0.17628606 0.07549675 0.8491792 0.6787735 -0.2957324 0.23969442 0.24526098 -0.20807892
30 0.1286752 0.23714718 0.6123246 1.5426954 0.6226819 -0.18284346 -0.2321279 0.06189792
37 0.20428757 -0.03869692 0.77450335 1.5550399 -0.3134453 0.0024403266 0.5027789 -0.24122046
36 -0.32811972 -0.1784552 0.9157295 -1.5775362 0.37736028 0.5570096 -0.07777625 0.40501824
28 -0.36011615 0.44270024 0.12921469 0.1439729 0.047203843 0.9819786 0.5384281 0.7947038
4 -0.3363372 -0.5658609 0.7979883 -1.2960408 -0.24800165 1.0946417 0.28635746 0.21582025
0 -0.2599057 0.94213945 0.5196523 0.8133039 0.51469773 -0.10470745 -0.19866832 0.5977627
32 0.29209483 -0.49246722 0.9160786 1.7120193 0.35652643 -0.28024855 -0.19436583 -0.5568017
10 -0.41157344 0.4849079 0.18650864 -0.1997105 -0.67204547 1.1621008 0.8641308 1.0815928
5 0.124514505 -0.019182445 0.76465416 -1.1919752 -0.714682 1.4285787 0.8821115 0.028253837
13 -0.29228136 -0.4217185 -0.012950993 1.524357 1.0637889 0.26604864 -0.03123 0.70942444
17 -0.3789247 0.40622598 0.4554833 -0.5643597 -0.091894805 0.65428114 0.76975 0.8919738
38 -0.21747303 -0.83106256 0.5559053 -1.1274762 0.007729345 1.4722693 0.64396435 0.05072399
41 0.15149972 -0.5330305 0.70808685 0.7527842 0.1703181 0.6867468 -0.24278754 -0.6402552
7 -0.40558556 0.68161947 0.35478398 0.1300393 0.1517622 0.4058533 0.60989165 0.89276505
9 0.40145397 -0.5625264 1.2965821 -1.5623049 -0.34710658 0.86249727 -0.042656638 -0.32788682
45 0.022641214 -0.531467 1.2449789 -1.7409515 0.038393978 0.7349762 -0.49256116 -0.18037036
33 0.3891324 -0.6916697 0.5038726 2.01332 0.6877423 0.31542432 -0.0060871546 -0.66200364
3 -0.0016184123 1.5286493 0.64899683 1.2020122 -0.071572594 -0.2919929 0.13879119 0.7721855
25 0.8736936 -0.6645383 1.1776372 -0.6035487 0.51474607 0.18290628 -0.83956707 -0.35711172
44 0.3798898 -1.0718668 1.141588 0.4344155 0.97396314 -0.5673002 -1.0640616 -0.2496815
11 0.2717813 -0.9081687 1.4685833 -1.5552762 -0.684766 0.8002481 -0.16024627 -0.4919153
29 -0.07977217 0.05737225 1.1541334 -1.440004 0.47808033 0.035034735 -0.7272052 0.49155673
49 -0.11191494 -0.53312963 0.80327463 -1.4155015 -0.394192 1.2762065 0.9236717 0.11876191
22 0.30346102 -0.4859675 1.019392 1.5897931 0.6871516 -0.7328789 -0.75316745 -0.2534638
34 0.05522168 -0.8806233 1.2142353 -1.6573029 -0.037233744 0.6737862 -0.7298945 0.06992784
14 0.1856638 -0.5477279 1.441531 -1.8527225 -0.5324628 0.56085145 -0.37298587 0.05590299
35 0.24714051 -0.988194 1.0103307 1.7153572 0.16262682 -0.055615406 -0.2739076 -1.0140905
46 0.05240903 -1.1388665 1.1973374 -1.3993278 0.14910579 0.8684291 -0.1747174 -0.5895196
47 0.26294556 -1.2523263 0.72942233 -0.015793994 -0.6042372 1.7809552 0.72860056 -1.1722324
