50 8
42 -0.17220922 0.13920473 0.627587 0.50314665 0.63373184 -0.3332669 -0.26689848 0.7414455
23 0.55601734 -0.6560483 0.87719053 0.89026713 0.39654878 -0.20219804 -0.6139095 -0.11747335
26 -0.25643188 0.09501772 0.26642329 0.14458445 0.75420076 0.3806983 -0.26408318 1.1030495
44 0.13611929 -0.3575689 0.62118036 1.4603842 0.19340499 -0.18043803 -0.25422677 -0.090599656
15 0.024672203 0.16607578 0.33152065 1.4123431 -0.14288697 -0.124038935 0.6042238 0.7010627
17 -0.49004155 0.10044629 0.6672633 -0.6377981 0.9680787 0.16291954 -0.32831287 0.9148129
24 0.30686235 -0.23821607 0.8372787 0.49040195 0.6611426 -0.26459193 -0.81000894 0.1915633
16 0.068182215 0.035765734 1.0500392 -1.2618663 0.7633524 0.5623806 -0.27189344 0.08695382
21 0.00039283163 -0.11904025 0.35681653 1.3953074 -0.48431677 0.5499267 0.61949986 0.0050573335
18 0.14219199 0.20924118 0.35789663 1.4784402 0.41843444 -0.47688842 0.010492527 0.8299747
8 -0.25099626 0.24356917 0.0062363567 1.1582882 0.6652644 0.23830429 -0.16934207 0.95701176
43 -0.5050184 0.69278926 0.5966434 -0.4137338 0.0146044595 1.173967 0.6243098 -0.2466258
34 0.60282254 -0.488795 1.284819 -0.3516754 -0.21338561 0.67766225 0.26668695 -1.1151872
48 0.19549578 0.07711187 1.1813388 -0.73411727 0.30463597 0.4332499 0.014344391 -0.6058585
39 0.16938753 -0.07567727 0.37649333 1.9394797 -0.06129583 -0.23184322 0.2895963 0.33689624
40 -0.15104288 0.22820872 0.003884071 1.9630039 -0.17208728 0.28212616 0.52231485 0.63656396
6 -0.37877598 0.6142868 0.3767048 0.08807633 0.9265076 -0.02869697 -0.032688696 1.0459697
29 0.28931105 0.17431925 0.804484 -0.4418047 0.65085065 0.49882445 -0.490775 0.04127964
31 0.036483254 -0.284352 0.49233118 1.1583639 0.87067974 -0.6276008 -0.7628569 1.0585278
12 -0.1994612 0.077324815 0.095711224 1.7564939 0.46468827 0.018364629 -0.25496438 0.72226685
37 0.21877088 -0.3735138 0.6708056 1.5369058 -0.076935664 -0.30916113 0.36948785 -0.08788609
2 0.20521101 -0.23929943 0.6079652 1.8354899 -0.0019227158 -0.48343775 0.06663573 0.103462435
1 0.6113317 -0.3221036 1.115674 0.0017100845 0.7033626 -0.401438 -0.59772384 0.038587052
25 0.44082126 -0.080601975 0.7954159 -0.6637114 0.64471614 0.69124216 -0.47963017 0.08423328
3 0.095646195 0.13405329 0.374302 1.9879092 0.096339226 -0.3015865 -0.008955624 0.24825841
36 -0.094114944 0.088950776 1.2551603 -1.3444294 0.4402733 0.60682213 -0.02178916 -0.41153342
22 0.18660958 -0.14576563 0.8534195 1.17463 -0.5417573 0.43185627 0.69246113 -1.1666294
4 -0.326001 0.5225018 0.9694295 -1.4562596 0.4901667 0.87388426 0.3180318 -0.019017803
30 0.22946902 -0.22814517 0.33741277 2.09131 -0.13793859 -0.16456248 0.28325498 0.27387002
9 0.36572325 -0.25958604 1.4013281 -0.95481706 -0.5607 0.81340295 0.9315384 -0.90975624
49 0.021351252 -0.28345633 1.3011576 -0.7284304 -0.46965018 1.0813992 0.5200321 -1.1236352
20 -0.57019514 0.2596328 0.48436502 -1.0911305 0.72746384 0.7292102 0.27811012 1.204475
41 -0.32347736 0.068448715 0.2939496 -0.41643718 0.28862235 1.3725426 0.21571764 0.44661337
45 0.30925497 0.022196233 1.2076497 -0.6322027 0.5448078 0.1090692 -0.94596046 -0.042283773
38 -0.0019261697 0.35515648 0.7438678 -0.52533066 0.12316017 1.0347992 0.21397026 -0.34701383
11 0.3364687 -0.61441934 1.6093138 -1.0082648 -0.26885384 0.58381253 0.20214003 -1.034957
35 0.5001109 0.018463632 0.91304964 1.1040307 -0.699757 0.078085095 0.950741 -0.64901584
19 0.18872169 -0.16323455 0.6971705 0.46749708 0.87984276 -0.41239324 -0.86611414 0.7653285
0 0.17230757 -0.024324888 0.47465578 1.5994557 0.69923806 -0.6889442 -0.6656109 0.72368205
7 -0.46064776 0.33526796 -0.13389835 0.91849583 0.20559137 0.43556234 0.68662786 1.469788
5 -0.39469847 0.76281947 0.812392 -0.9631258 0.16392452 0.8328434 0.47282678 0.1338332
14 -0.07960507 0.26702696 1.2062963 -1.447345 0.09884508 0.9357486 0.15533863 -0.34165666
10 -0.8349747 0.66836035 -0.036198348 0.45029664 0.08746434 0.5056052 0.87522966 1.6446389
13 -0.4430974 0.67137086 -0.288283 1.8255515 0.16221714 0.39801463 0.39815208 1.1386601
27 -0.1808738 0.2487305 0.61299145 -1.063942 0.3842372 1.0151813 0.6945546 0.48984697
28 -0.8600915 0.8434961 0.13452628 -0.6634738 0.46756247 1.1446202 0.63355505 1.1526004
47 0.34716251 -0.52106947 1.5266863 -1.030115 -0.21518864 0.4149925 0.28433844 -0.723786
46 -0.36016956 0.68951726 0.87607646 -1.4147645 0.29336932 0.98092854 0.6325717 0.061442748
32 0.4707355 -0.261589 0.65852326 1.589673 -0.6727474 0.5269577 0.9613575 -1.0459081
33 0.23457167 -0.2638706 0.38823983 2.1449258 -0.4648534 0.2952488 0.81620705 -0.640201
