50 8
43 -0.13864556 0.8878124 0.532717 0.008428801 0.8749432 0.019398145 0.1898709 0.6647685
19 -0.10258578 0.6639653 0.5637032 0.0461332 0.8242569 0.18923506 -0.10111949 0.46327627
46 0.14687398 0.43556523 0.21675836 -0.011952976 0.4952629 1.2180206 -0.23302002 -0.03415812
1 0.30332658 0.028273128 0.45042476 0.061511803 0.29369706 1.1890815 -0.04593612 -0.11464913
42 0.1591366 0.6134057 0.5335284 -0.023231652 0.75858516 0.19768159 -0.19829609 0.46036312
48 0.5894857 -0.24471775 0.2533414 0.49078685 0.21642028 0.67656386 -0.5012963 0.025135085
6 -0.25343737 1.0310726 0.62500834 0.061959177 0.8723118 0.012955605 -0.10111402 0.42341733
2 0.12581521 -0.35852998 1.1909342 0.37470797 0.8656315 -0.34888357 -0.6085058 0.13016972
28 0.09363899 0.4527934 -0.28937355 0.47348833 -0.04694248 1.137856 0.42587018 0.53522646
39 0.11235517 -0.22869107 0.78640616 0.67006147 0.9049846 -0.59385943 -0.5416991 0.32895863
29 0.3525059 -0.100205556 0.87746555 0.048708685 0.96409327 0.12706804 -0.5498559 0.07338736
24 0.055650618 0.088232525 0.8304016 0.12444696 0.7911049 -0.13866997 -0.041186508 0.64167774
44 0.3344178 -0.6065637 0.83995503 0.24241117 1.1045777 -0.029571837 -0.71156025 0.22570878
23 0.19850433 -0.17321987 1.076883 0.31857973 0.91017175 -0.3710952 -0.55554694 0.19782582
8 -0.38926655 0.510219 0.6816466 0.3648197 1.1253706 -0.4110675 -0.32969752 0.5154923
40 -0.2555808 0.2665396 0.92153966 0.3565083 0.99776894 -0.5624189 -0.14868094 0.5683577
26 -0.7105568 0.74181145 0.79822385 -0.026752738 1.2033933 -0.24256738 0.08681552 0.9862634
38 0.80744714 0.053076405 0.003922374 0.55725384 -0.4711409 1.4774745 -0.48057872 -0.49192172
3 0.39869684 -0.40376675 1.2847766 0.52097297 0.7250799 -0.676244 -0.8166305 0.04758591
17 0.36174387 -0.13962008 0.7725932 -0.033040475 0.39376873 0.77770615 0.14312875 0.14145923
18 -0.028241822 -0.12032081 1.0226288 0.8023833 0.70849484 -0.8829803 -0.46711498 0.36933455
12 -0.35525015 0.2579576 0.9336229 0.64809597 1.0045168 -0.88411826 -0.45303923 0.49577203
15 -0.50149447 0.5634731 0.9314353 0.69902456 0.3803011 -0.70686597 0.51542354 0.72062194
27 0.21311541 0.53785896 -0.02410317 -0.07670038 0.40063664 1.3296788 0.5111299 0.4129154
36 0.21066803 0.29767227 -0.27428827 0.34120116 -0.12818374 1.7427881 0.53869367 0.15050338
30 0.7452348 0.050920237 0.93610144 1.3276564 -0.34292197 -0.97203046 -0.4727432 -0.14111534
41 0.3156476 0.5770285 -0.47963464 0.23205923 0.048042092 1.6656636 0.7036648 0.29260856
13 -0.35269165 1.1595052 -0.06897961 1.0847147 0.07581217 -0.42263508 0.19351797 0.76686954
16 0.5850314 -0.558524 0.4394712 0.13128997 0.25503492 1.3032931 -0.4266172 -0.20452179
34 0.89988065 0.031459395 0.050506137 -0.15891895 0.13583292 1.7187641 -0.38548973 -0.11488875
20 0.12804319 0.3938458 -0.47156426 0.031145541 0.6660918 1.4441032 -0.048719753 0.59474456
31 -0.4625315 0.26175052 1.0274607 0.25789282 1.2177601 -0.69600004 -0.3313589 0.82761097
49 0.12073309 0.6651251 0.18745542 0.0028535933 -0.03719139 1.4878986 0.6044399 0.10639983
25 1.2840369 -0.27370214 -0.19980279 0.92306906 -0.49780807 0.91163325 -0.6942334 -0.29234698
45 0.22593227 0.2558798 -0.11228957 0.30541286 -0.12847891 1.6072428 0.37706584 0.08521463
0 -0.34355098 -0.090329364 1.31476 0.70003104 0.9991566 -1.0526924 -0.3249324 0.38832927
10 -0.19200028 1.4528408 -0.8340544 1.1671836 -0.33160508 0.07915476 0.78523105 1.27667
14 1.2855324 0.2521923 -0.41857922 1.0732863 -1.2570393 1.1781327 0.08495363 -0.11216943
4 0.67164373 0.34837866 -0.55910355 0.76071674 -0.7650607 1.6588913 0.47163644 0.07398668
9 0.9136119 0.42561758 -0.3533874 0.86906904 -1.0500864 1.3418663 0.59678817 -0.005405409
21 0.17696963 -0.33087155 0.91078806 1.6854445 -0.5546272 -0.89863634 -0.59550256 0.026777124
5 0.6336391 1.1464384 -0.25523397 0.9598239 -1.1984614 0.8334252 0.93815464 0.21837935
11 1.1775745 -0.02198335 -0.41920474 0.88233733 -1.2809551 1.8075985 0.26576295 -0.23623975
7 -0.4370445 0.9844657 0.22759469 0.7405019 0.55447805 -0.7760889 0.9152145 1.3094366
35 0.78596365 -0.5945505 0.7883122 1.7803804 -0.72015625 -0.9013112 -0.3518028 -0.16788061
22 0.57513803 -0.26867446 -0.17819412 2.1673017 -1.5856534 0.3269247 0.54878193 -0.16997218
32 0.6160096 -0.48276323 0.23147489 2.2663167 -1.6788514 -0.06209021 0.50101835 -0.3015986
33 0.29605794 -0.51348865 -0.29241452 2.2279122 -1.5552375 0.59644586 0.78615385 -0.03306358
47 0.33812806 -0.44909456 0.73677295 0.540997 -0.19882904 0.76583225 0.4905633 -0.111717135
37 0.62234616 -0.54882824 0.5441462 2.0182266 -0.7860944 -1.1522278 -0.091889665 0.30675843
