50 8
40 -0.7398908 0.15777619 0.38367918 0.774787 0.40152004 -0.44495443 0.10499224 0.552136
36 0.018206973 1.0330915 0.4557148 -0.096161366 -0.70963216 0.4052292 0.12175297 -0.40784565
23 -0.36160648 0.19048649 0.8948841 0.22038202 0.39784423 -0.14865072 -0.014873131 0.82441264
19 -0.8142179 0.6283102 0.12765588 0.7110819 0.55668145 -0.1311532 0.1885825 0.047920454
42 -0.7781787 0.22062409 0.7646747 0.24639751 -0.3056115 -0.4748608 0.46598893 -0.2738572
25 0.18209751 1.1867667 -0.25059178 0.37444076 0.002793739 0.21456517 -0.45349488 0.72388506
45 0.5843492 1.2330767 0.112907656 0.15739699 -0.9922881 0.5869258 -0.35449815 -0.13427688
1 0.53694 1.1487281 -0.46868637 0.78798914 -0.7302135 0.40279585 0.14046036 0.26325038
43 -0.52883065 0.1871735 0.49358445 0.5922792 -0.6144409 -0.3878327 0.2717049 -0.2061907
31 -0.99964297 0.16006197 0.19674243 1.2863877 0.4889609 -0.6746038 0.33637348 -0.33486998
26 -0.7773153 0.29031873 0.8448275 0.23515213 -0.28515247 -0.534025 0.40765822 -0.70018786
34 0.3684475 1.2655339 -0.3265156 0.59620106 -0.18888244 0.6446399 -0.096195444 0.4439244
15 -0.7286134 0.166331 1.0952263 0.09397191 0.7246239 -0.3870144 0.60250086 0.5566524
18 -0.81533146 -0.16392227 1.1811123 0.50930095 1.0495985 -0.367974 0.07970711 0.71881455
28 0.40597937 1.0535065 0.42972094 0.110847 -0.9602163 0.31842056 -0.003403045 -0.7011745
46 0.41047457 1.2312912 0.28280374 -0.18524653 -1.1423856 0.36968872 -0.16728623 -0.3339022
30 -0.9219609 -0.3079096 0.716199 1.1614314 0.7494045 -0.5935897 0.10798395 0.53644925
16 0.035004072 1.3565633 0.053950995 0.029186998 -0.8254031 0.2944553 0.43629622 -0.7820877
17 -0.75482833 0.47808206 0.9066367 0.09087357 -0.30164167 -0.2309634 -0.24304923 -0.9873679
24 -0.3691711 0.6351258 0.2263766 0.49202752 0.7780814 -0.115658656 -0.32527435 0.89972293
27 -0.23932146 0.82809114 0.3185651 0.34554362 -1.2172092 0.21765915 0.2629484 -1.1144469
4 0.70907634 0.85616076 0.24996802 0.03266625 -1.4747233 0.45807478 -0.5735899 0.5362447
41 -0.11084172 1.1596106 -0.36441058 0.6128977 -0.07958217 0.21201853 0.35464433 0.16842924
29 0.15018551 1.0404233 -0.20560798 0.37002087 -1.0139694 0.5833541 0.10100948 0.13496695
5 0.32208297 0.52308184 1.4727303 -0.7160877 -1.3927252 0.28634703 -0.40877825 -0.47705275
44 -0.014810413 0.43437362 -0.25688624 1.3502839 0.109344035 -0.42896262 -0.34850582 0.5701054
22 0.21917321 0.07288421 0.94853204 0.5599072 0.1952382 -0.28393215 -0.8232133 0.6479628
39 -0.5198115 0.50389767 -0.40317288 1.1736183 0.3621575 -0.32516164 0.25447172 0.8864488
14 0.726512 1.4196434 0.18146303 -0.2185333 -0.80725974 0.6172106 -0.2082907 0.21391
11 0.8082117 1.0313183 0.6582302 -0.52066517 -1.3029951 0.70129395 -0.59156877 0.5415623
0 -0.9640468 0.05173212 1.4462506 0.01358137 1.1325208 -0.12881687 0.7587955 0.46235448
2 -0.662642 0.037438735 1.1519561 0.17096047 0.91922456 -0.18989213 0.62061304 1.050697
38 0.2602268 0.9625201 -0.22561985 0.5455058 -1.1198423 -0.1845453 -0.19347717 -0.16816694
20 0.49851745 1.2541835 -0.041064262 0.23232608 -1.5028282 0.19487981 -0.30546993 -0.63451403
6 -0.8031046 -0.0115798395 0.123286106 1.4298984 -0.3751713 -0.4432115 0.6720517 -0.43668222
9 0.59464437 1.2748849 0.24903116 -0.37424463 -1.6422822 0.46338642 -0.039803546 -0.116963066
49 -0.08101189 1.0582622 0.6163003 -0.4643314 -1.5310242 0.61423475 -0.25726354 -0.82618725
12 -0.39087555 0.1418988 0.3275257 1.0358832 0.96405554 -0.57092506 0.10785275 1.1329255
48 0.49214992 1.3096242 0.15259352 -0.068434834 -1.0055938 0.25059417 -0.077077635 -0.3501209
33 -0.03501865 0.29035363 1.1732056 -0.13508159 0.8391403 -0.42730504 -0.99165314 1.2404913
3 -0.86416143 0.2869617 0.35797185 0.9639974 1.3496698 -0.9456966 -0.19678235 0.48870674
21 -0.067147136 0.7849768 1.281893 -0.8654138 0.8329818 0.14291365 -0.6005313 1.0864893
13 -0.7245096 -0.42418155 0.39744422 1.4102408 0.16496642 -0.6553213 0.3684415 0.7683915
7 -1.297353 0.14584412 0.28463194 1.2581046 0.53880113 -0.84432185 0.1997747 -0.7472021
10 -0.08585481 0.42100036 0.6506312 0.5125363 -1.3779633 -0.4381138 0.48215437 -1.3923762
37 -0.3006918 -0.46364582 2.1038995 -0.07306175 0.656746 -0.3179825 -0.33452186 0.74912006
47 0.90832126 1.3236005 -0.13728279 0.05353962 -1.2587061 0.5779574 -0.6853369 0.5473735
8 -1.050887 -0.2659904 0.6385346 1.0972449 0.5326331 -1.1882356 0.027664186 0.1623288
32 -0.4933147 -0.5826494 1.0552832 1.0152875 0.6474307 -0.73668957 -0.5172556 1.203202
35 0.6170693 0.27479854 0.61987036 0.10369725 -0.5061201 0.046500158 -0.9990118 1.8045746
