50 8
1 -0.20458682 -0.14194728 0.8465433 -0.8215555 0.5219771 0.635808 0.6758928 0.034858964
26 -0.2510275 0.44307128 0.61970305 -0.20392945 0.3586091 -0.10707077 0.1612747 0.4688607
28 -0.3361654 -0.08919039 0.88626575 -0.8480739 0.4948644 0.50976795 0.56703067 0.23987107
23 -0.49677157 1.2127329 0.7685885 -0.06699045 -0.10054055 0.14708215 0.3435019 -0.13100955
17 -0.4508541 0.5435421 0.93583 -0.71444863 0.25635076 0.29695135 0.780188 -0.18708348
31 -0.41346788 0.80679446 0.73544014 -0.7383705 0.4666202 0.30175593 0.36852562 0.22287916
43 -0.41469508 0.6025336 0.87067586 -0.7294451 0.34610185 0.27999705 0.54159725 0.092633024
42 -0.40020508 0.22705063 0.8409426 -0.8231309 0.4468132 0.38390353 0.55139136 0.2513292
36 -0.61619943 0.7796035 1.028461 -0.6812935 0.121047124 0.38400194 0.6006468 -0.20745735
27 -0.16715825 -0.2062135 0.7673164 -0.98412555 0.567748 0.69689304 0.8801075 0.3750197
39 -0.19246715 0.10558638 0.91544974 -0.42344782 0.31225136 0.3552837 0.46197745 -0.28174275
16 0.13736069 -0.6828868 0.8327612 -0.94315666 0.717117 0.570992 0.47359717 0.3155805
4 0.12170934 -0.5932984 0.9576518 -0.89241636 0.4472856 0.59982836 0.5880797 0.15020783
47 -0.5895527 0.29735094 0.99337256 -0.77130824 0.30404505 0.6379592 0.7183282 -0.08297725
45 -0.3449139 -0.123256914 1.0547998 -0.9194077 0.32380915 0.6625582 0.74031526 -0.06578778
6 -0.38261342 0.3888914 0.94813734 -0.88298005 0.43311787 0.47877532 0.60032666 -0.03593699
19 -0.33254856 1.2429533 0.45559445 0.5631718 -0.081296586 -0.29728314 0.0025634875 0.3014524
41 -0.088278644 -0.35343865 0.83205575 -0.85183674 0.6921683 0.5520606 0.39418206 0.19080342
20 -0.35250828 -0.14404763 0.9149394 -0.7998357 0.4177487 0.5182628 0.69319564 0.15964264
46 -0.29950687 0.6693913 0.90426993 -0.048274223 -0.007883086 0.098445885 0.12997329 -0.23026332
40 0.61865914 1.0578189 -0.236379 1.9977847 -0.09050555 -0.5207007 -0.3526284 0.5796262
10 -0.30521116 0.72013223 0.6851245 -0.085383825 -0.020260872 0.1837371 0.51539004 0.06291905
48 -0.13775244 -0.26969686 0.9181077 -1.0913628 0.61635375 0.5625908 0.65670377 0.14505437
24 -0.3977263 1.5569298 0.44373864 0.6630773 -0.11323309 -0.2444512 -0.15987068 0.18982689
34 -0.06057578 -0.67477393 1.009307 -0.9791088 0.4685347 0.71081436 0.73007184 0.08364748
7 0.878174 0.84298724 -0.23405588 2.2389235 -0.1379461 -0.8304848 -0.51359254 0.48708448
9 -0.048279807 -0.4651295 1.1318922 -1.0322297 0.31869438 0.6341868 0.75132793 -0.10005368
15 -0.43266416 1.3482485 0.765224 0.42670456 -0.30011806 -0.13151792 0.08584014 -0.2561498
44 0.5714431 -1.0525092 0.5893526 -0.40693358 0.8259553 0.370714 0.14659777 0.3129027
8 0.4201357 -0.7403245 0.23274407 0.3874234 0.5266348 0.28677708 -0.0008809539 0.76349163
49 -0.07163119 -0.21579188 1.016381 -0.4481892 0.26765224 0.24951379 0.47750732 -0.25902122
30 1.0039666 0.50437963 -0.16490972 2.153396 0.032868076 -0.69764185 -0.67378664 0.4176723
14 1.2685301 -0.5796498 -0.06119581 2.1912951 -0.008475173 -0.49853632 -0.767617 0.5238115
38 0.93618643 -1.4657825 0.4572697 0.2087958 0.57308847 0.46150446 0.23782879 0.10311182
29 0.39460218 -1.1113245 0.6157755 -0.5194844 0.8924865 0.47086266 0.24300027 0.4126595
0 0.65127045 1.0225887 -0.1177486 2.2377837 -0.07099126 -0.7080983 -0.7082365 0.24220909
3 0.70486194 1.0794301 -0.14063828 2.2986577 -0.01145226 -0.95698947 -0.8680768 0.4566755
5 -0.107880026 0.117203675 0.98619515 -0.29174453 0.03594864 0.3412908 0.50210387 -0.4714648
18 1.1892924 -0.16145068 -0.2551816 2.144217 0.32266483 -0.5088521 -0.8232703 0.7423334
12 0.38075808 1.0317683 -0.035876784 1.976234 -0.014743963 -0.8330557 -0.53916395 0.40104362
21 0.87529474 0.6117271 -0.180353 2.636469 -0.14282167 -0.71580034 -0.7605845 0.38294706
35 1.0489947 -0.23641902 -0.14446382 2.4071805 0.2141162 -0.85928553 -1.0457948 0.8498667
13 1.1641989 0.12992655 -0.2555356 2.0907652 0.2922789 -0.42564517 -0.78488 0.59795517
25 1.4398386 -1.111192 -0.19938184 1.4454687 0.50668454 0.061308634 -0.40892035 0.69559705
2 0.5200396 1.2435452 -0.080176376 2.2483294 -0.23921023 -0.70491505 -0.6557567 0.31887886
22 1.290559 -0.5871406 -0.18337758 2.3752177 0.24567145 -0.64855415 -0.90729016 0.71372896
32 1.1149259 0.3689871 -0.38792318 2.7959878 0.01267649 -0.76881176 -0.8890052 0.7056809
33 1.1827195 -0.2190988 -0.18964557 2.5188096 0.024201611 -0.6148589 -0.727021 0.54156893
37 1.355823 -0.3333016 -0.27458167 2.6020515 0.12972362 -0.872229 -0.8385046 0.80651003
11 0.7104581 -1.6478977 1.0269189 -0.3956822 0.40163594 0.47634798 0.33233842 -0.27526942
