50 8
23 0.14024384 0.2755933 0.48917535 0.06366482 0.4007454 1.0924883 0.20962021 -0.27832788
40 -0.16165553 0.013466933 0.45422426 1.0872204 0.5479296 -0.57897806 -0.34383816 1.2593774
29 -0.9896616 -0.04049222 0.49477464 -0.29101083 0.9846161 0.83982205 0.32436606 0.43465856
14 0.68316615 0.50713944 0.87448335 -0.191852 -0.0794321 1.0865864 -0.20297445 -0.6508112
25 0.8295558 0.41654652 0.88905036 0.69327676 0.25925303 0.23851322 -0.83293855 -0.119745485
17 -0.14378822 0.85300493 -0.14287658 -0.47510317 -0.46494243 0.93787026 0.86553144 0.13144058
30 0.071364135 0.4474599 0.43139523 0.89976186 0.09614195 -0.6799705 -0.34229875 0.9975317
18 0.32442087 0.10322409 0.63577664 1.2027454 0.26942492 -0.43444088 -0.72731936 0.8485449
36 -0.53682953 0.6341618 -0.0052407635 -0.6192981 -0.27944422 1.3026446 1.0078415 -0.046148587
20 -0.79802585 0.3740584 0.016436804 -0.5422714 -0.22214596 0.8970148 0.9980013 0.50300884
28 -0.4009722 0.82486016 -0.058078907 -0.6707945 -0.32728124 1.4085442 0.6899181 -0.17381236
43 -0.45974743 0.68260306 -0.02449984 -0.4090137 -0.44118783 0.5330051 0.5572816 0.52046746
39 0.5332157 0.023749005 1.1858639 0.64399755 0.90761226 0.36472672 -0.66170865 -0.1962916
42 -1.0076442 -0.066065535 0.46508932 -0.26476184 0.59128124 0.22501476 0.6367833 0.9337506
1 -0.4063477 0.00761642 0.7176113 0.32517323 0.9340394 0.51081675 0.15347748 0.15433952
27 -0.54340994 0.7484248 0.0683584 -0.8527577 -0.05107067 1.2731099 1.0767835 -0.09001686
12 0.34943643 0.38779214 0.57325995 1.2622534 0.1971151 -0.95303524 -0.6176023 1.0693471
6 -1.2763134 0.13555898 0.11116018 -0.34598127 -0.03564011 0.14013007 0.5196401 1.281403
19 0.39108837 0.32368103 0.7380522 1.0696106 0.15388404 -0.7989432 -0.89167726 0.9735865
16 -0.04457592 0.5603252 0.09696499 -0.5174966 -0.33900532 1.2763726 0.77987844 -0.07513992
34 -0.12635587 0.27168077 0.5441549 -0.7449247 -0.082943305 1.4941738 0.45499158 -0.27981785
46 -0.31853074 0.6445932 0.35672963 -0.7755604 -0.41700566 1.0933155 -0.044566404 0.0056338334
41 0.007067663 1.0747724 -0.14326653 -0.6613455 -0.815713 1.2484977 0.91480404 -0.27969936
22 1.5729651 0.75017923 0.72144747 0.8762629 -0.69683075 -0.008670147 -0.5592371 -0.1645279
15 0.85499436 0.7886088 0.4323267 1.0414344 -0.61368686 -0.72534007 0.083014525 0.5521478
26 -1.1028001 0.24043164 -0.09521813 -0.25176883 -0.59881526 0.1252128 0.80679995 1.3430455
21 1.2116045 0.523709 0.99285334 1.2372816 0.11378115 -0.010610788 -1.2514846 -0.18320955
5 0.23315726 1.0402043 -0.11371662 -0.5929643 -0.9589731 0.9352404 0.83355546 -0.0055824458
31 -1.3571064 -0.017864719 0.13683027 -0.41911575 0.11063004 0.40001568 0.33716992 1.2954322
38 -0.42103636 0.18679085 0.5901253 -0.47110963 0.27669042 1.5939099 0.039491948 -0.3803466
8 -1.1014464 -0.10228018 0.012373113 0.4110962 0.43207425 -0.07329776 0.13977487 1.5376344
3 0.79656315 0.34807792 0.94902915 1.3772113 0.587775 -0.5961715 -1.0365838 0.42831567
48 1.0041548 0.31643042 0.6922908 0.36201614 -0.4677144 0.3154643 0.028650163 0.07309069
24 1.1826824 0.30241418 0.9832596 1.2805601 0.3057833 -0.44536498 -0.8885006 0.33458444
9 0.650858 0.8042632 0.51886475 -0.56846094 -0.6384437 1.2719334 0.7329677 -0.73232687
4 0.16569242 0.97156596 0.111088656 -0.43223682 -0.5563184 1.3261328 0.6405029 -0.5704195
7 -0.32867184 0.45801592 -0.11119956 0.59422785 -0.3856796 -0.8099013 0.38953146 1.6183347
45 -1.2446303 0.10756893 0.2145076 -0.4946884 0.48306397 1.218046 0.53194493 0.33594763
0 0.98052 0.36820078 0.9454324 1.1869307 0.11471536 -0.6679474 -0.6571967 0.4393106
2 1.2515874 0.3485104 1.1056046 1.2781049 0.14073376 -0.44451168 -0.8205292 0.1387643
47 -0.6291381 -0.17571563 0.6358516 -0.3784555 0.6780316 1.3998992 0.7118446 -0.12030815
10 -0.71691835 0.754367 -0.46179986 -0.20566598 -1.0082407 -0.007342242 0.859462 1.3055791
11 0.123741396 0.6443031 0.31871438 -0.5901193 -0.3848751 1.472521 0.3035738 -0.45571324
33 1.5000867 0.51177883 0.92466563 1.2861351 -0.15817332 -0.43587506 -0.7390383 0.13294531
49 0.06882009 0.58867556 0.41654617 -0.66864824 -0.2835246 1.502518 0.45575908 -0.5090997
13 -0.51102245 0.57096905 -0.21127889 0.8665029 -0.1468816 -0.66151184 -0.02940874 1.5140119
44 -1.313633 -0.40264067 0.56603956 -0.18389769 1.241597 0.6368483 0.38623235 0.85083157
35 0.99279916 0.25097263 1.0891451 1.0738286 0.31907898 -0.5901069 -0.6066287 0.39516854
32 1.0238374 0.28524664 1.1938688 1.3858483 0.27215385 -0.9490506 -1.0550433 0.5629164
37 1.3837497 0.12270317 1.1367114 1.4198164 0.30280846 -0.5542905 -1.0123801 0.438352
