50 8
29 0.058757942 -0.083822414 -0.15131451 -0.0019319928 0.42429128 0.84739494 0.5953819 0.99490917
10 0.37595585 0.38331684 0.05352317 1.0801702 0.06253584 -0.23253989 -0.43537915 0.35566875
16 -0.46227312 -0.123825364 0.55879045 -0.9685487 0.7443447 0.7114272 0.2407761 0.5935874
36 -0.7055506 -0.09576593 0.75252634 -1.1085224 0.6780201 0.62743396 0.4415292 0.6137878
49 -0.6989307 0.04779431 0.74489635 -0.8828702 0.41543615 0.5160317 0.44370082 0.624265
20 -0.46353588 -0.15114358 0.18754381 -0.30152482 0.49020764 0.98669136 0.6178119 0.84735
1 -0.85368234 -0.003789439 0.87665176 -0.94070905 0.7109004 0.586239 0.40745488 0.3749904
41 -0.6398985 -0.099859804 0.28029218 -0.82743293 0.940956 1.1277745 0.63273853 0.77063566
6 -0.62602633 0.10092107 0.73728675 -0.7770178 0.64923227 0.94908303 0.4411162 0.3118144
27 -0.742198 0.13418014 0.64663845 -1.2534064 0.8806762 0.6947035 0.36760223 0.6042946
17 -0.62910414 -0.1317207 1.3372381 -0.41300756 0.42979497 -0.7924919 -0.5390409 -0.21503234
43 -0.6506359 0.084059335 0.41787007 -1.0592856 0.78725356 0.807306 0.4139591 0.7279866
34 -0.2898235 -0.1383153 0.09845743 -0.6383994 0.51062113 1.0878258 0.6464637 1.0417696
23 0.85626745 0.24903144 0.6933793 1.3513936 -0.26462266 -0.89116144 -0.95129794 -0.11182302
28 -0.8884569 0.12936133 0.64264125 -1.1338077 0.94157696 0.7952713 0.4204544 0.5708362
38 -0.5974643 0.1346508 0.2704038 -0.78240764 0.60578096 1.132252 0.740784 0.8719559
7 0.9021119 0.22233272 0.11405118 1.2059588 -0.10199384 -0.5874677 -0.7487539 0.3525455
40 -0.7634925 0.21333236 0.63764054 -1.0525731 0.6568806 0.9239585 0.49955434 0.5704973
25 0.9372895 0.36787245 -0.1922082 0.6763791 -0.25863096 -0.118546456 -0.39014778 0.8734814
5 0.74457175 0.3263855 0.34118137 1.0646316 -0.32096776 -0.8385696 -0.777078 0.33176637
19 0.677874 0.25229236 0.7471977 1.1092128 -0.20078486 -1.0440918 -0.886321 -0.07209141
4 -0.26061696 0.039613675 0.13733988 -0.49451336 0.23885001 1.2105199 0.80777663 1.0681536
14 0.9886958 0.20130302 -0.30652186 1.1366507 -0.40257543 0.030907888 -0.45086452 0.917089
39 -0.6229497 0.09235344 0.24545364 -0.8172989 0.81948894 1.1390787 0.6606506 0.83135414
26 -0.7008747 0.10287522 0.62799376 -0.11946691 0.31304985 0.85621536 0.6389408 0.34786448
30 0.6078632 0.19887824 0.6849059 1.4350318 -0.32120836 -0.95981705 -0.8118979 0.02609007
9 0.5921199 0.15773396 0.023180218 0.23691966 -0.20368029 0.5840417 0.31344384 0.89197516
32 0.95077556 0.3142668 -0.010951344 1.8836821 -0.24489689 -0.6289487 -0.68967056 0.38922682
21 0.77523893 0.28044078 0.12598543 1.6736209 -0.47353926 -0.5506216 -0.7078938 0.39617464
13 0.39389405 0.43539324 -0.29601762 0.990376 0.2746374 0.39657813 -0.12679577 0.5349544
24 0.2381159 0.049341414 1.0201097 0.807684 0.1052412 -1.1126823 -1.0043674 -0.3423245
33 0.76041913 0.07750837 0.38186464 1.5915694 -0.33791533 -0.8280463 -0.8586621 0.19257164
8 -0.5167609 0.3222235 0.34741914 -0.123050556 0.4982974 1.2340328 0.6198614 0.46721023
0 0.7948907 0.30398992 0.6926399 1.3086736 -0.37995416 -0.9179469 -0.95656824 -0.049685203
3 1.0110948 0.2339883 0.12894878 1.6783632 -0.22252446 -0.70934385 -0.805379 0.29182503
31 -0.87695473 0.101097725 0.41762337 -0.90295666 0.84421647 1.1316737 0.6679614 0.71251255
18 0.53660595 0.30360058 0.5233691 1.2116022 -0.07613776 -0.84079206 -0.982761 -0.040404487
44 -0.6097778 0.1452134 0.37165147 -0.94082916 0.85934293 0.97179097 0.5476878 0.7332889
46 -1.1035376 0.16003042 1.0166037 -1.170077 1.0843526 0.21909319 0.06208887 0.11018797
37 1.0107499 0.029328188 0.30928713 1.5207204 -0.6381522 -0.9281646 -0.80474424 0.49156457
2 0.6517012 0.13245702 0.6041774 1.5156264 -0.49730352 -0.8611017 -0.81326765 0.107678354
45 -0.8002735 0.21017395 0.98075014 -1.0556167 0.4017634 0.8692431 0.54865146 0.3895723
15 0.53279424 0.1705912 1.0247254 1.1621708 -0.36753112 -1.1839843 -1.0878816 -0.22898959
11 0.79227203 0.21038298 0.14340273 0.9268185 -0.3854946 -0.50073034 -0.8955608 0.5559574
22 0.85191774 0.22045173 0.1431803 1.4974762 -0.44572866 -1.0043602 -0.8728076 0.5510867
42 -1.0500317 -0.22658284 1.6937327 -0.625225 0.5681114 -0.9041777 -0.53229696 -0.48583305
47 -0.9803813 -0.16326958 1.0473981 -1.2792574 0.7636901 0.71903545 0.49997422 0.3929274
35 0.7961553 0.2512607 0.73604935 1.3586628 -0.46480647 -1.4691509 -1.0273274 0.06701979
12 0.17106478 0.40831447 0.26589742 1.3481703 0.606986 -0.45631853 -0.5770887 -0.22359444
48 -0.5249423 -0.13611676 0.5455514 -0.7917657 0.6162611 1.0764874 0.7107027 0.69742346
