50 8
6 -0.6010629 0.0086789355 0.33713928 0.64520574 0.290179 0.33377138 0.48507118 0.5058535
19 -0.15362246 0.13127439 0.18580408 0.6891935 -0.29269674 -0.7264049 -0.57567555 1.5824608
1 0.14545171 0.07192853 1.1301029 -0.34083804 0.6026994 1.047961 -0.12629345 -0.40762728
23 0.41969305 0.14291114 0.57413614 0.42359725 0.59068775 0.4300178 -0.19770408 -0.2333588
31 -0.5941963 0.122901306 0.15863228 0.8274946 0.11139165 0.87378114 0.8027252 0.080342524
26 -0.7328438 -0.3936688 0.28809834 0.8280916 0.44684827 0.07681006 0.39830396 0.78428245
36 0.28550217 0.3220677 1.017006 -0.33879605 0.6326974 0.9882913 0.16532661 -0.41494903
48 0.9849822 0.36566058 -0.010133496 0.89580464 -0.19401966 0.5201407 0.12581295 -0.0040998203
49 -0.039189927 0.32588038 1.0591422 -0.54200655 0.43836582 0.9589994 -0.08260959 -0.0418338
24 -0.0069988384 0.000102151585 0.13607536 0.88970596 0.15756893 -0.108123265 0.0288731 0.720541
12 0.2625803 -0.036714833 -0.34584382 1.8786663 -0.042602178 -0.3240606 0.38658884 0.5756612
3 0.5476954 -0.017493803 -0.051248387 1.3488889 0.11239443 -0.5876841 -0.39534315 0.7571116
46 -0.4942601 0.6464607 0.99571663 -0.53046775 0.76313823 0.67223066 -0.20114745 0.12736405
43 0.16919628 0.43355933 0.19949058 0.58829546 0.7897357 0.62250435 0.9273753 -0.17799751
28 -0.47225353 0.790094 0.9214817 -0.7358819 0.32852134 1.1746708 0.48565847 0.13557442
35 1.0406629 -0.11060895 0.066782005 1.4571093 -0.40066457 -0.58150965 -0.4449185 0.651687
39 0.5604528 0.4343058 0.0030311637 1.2950673 -0.23387565 0.68396217 0.8755703 -0.43483126
16 -0.43205434 0.4392659 1.0684558 -0.9368161 0.6789788 0.8161495 -0.2388004 0.4746035
4 -0.006167297 0.7734175 1.1053406 -0.8700026 0.15791 0.8970989 0.07099586 0.19456983
14 1.0996629 0.6155235 0.7009646 0.05319474 -0.7657835 0.4177933 -0.46582225 0.16728777
15 -1.1179266 0.1556673 0.5085922 0.20823988 0.15338609 0.10513999 0.53743315 1.096116
42 -0.54216766 0.30215245 0.8900534 -0.43178844 0.91648513 0.54274786 -0.4157151 0.38368925
2 0.27962467 -0.23371607 -0.28079465 1.7429658 0.037368916 -0.64965945 0.029099794 0.9619802
30 0.33517128 0.054628868 -0.22093204 1.656685 -0.25327626 -0.3987309 -0.104832225 0.76015455
29 -0.28813776 0.39637864 1.0135643 -0.57810163 1.1796556 0.6436948 -0.7263801 0.050663035
22 0.7905664 -0.048838127 0.37091333 0.74626684 -0.85285777 -0.59606 -0.84470725 1.217678
18 0.07875374 -0.2952727 -0.2906034 1.7182703 0.0730569 -0.5842666 -0.1344415 1.0643766
38 0.3585964 0.18891482 0.979203 -0.06289689 0.7406033 1.1942492 0.13226011 -0.81509143
17 -0.3722772 0.42553452 1.0634148 -0.7149687 0.33826405 0.84567887 0.01050829 0.37006393
27 -0.0741919 0.66012925 0.92814213 -0.6013505 0.32679087 1.2652322 0.8153683 -0.19850633
20 -0.71315986 0.3272633 1.105845 -0.9003382 0.59425354 0.5189095 -0.119412765 0.85118866
40 0.3867074 0.08643873 -0.35182083 1.8443866 -0.07044956 0.5619505 0.6345797 -0.2938045
34 0.76833147 0.3487378 0.9527143 -0.03939569 0.46627274 1.2332988 0.21877116 -0.9275532
7 0.31504765 -0.13148738 -0.26365635 1.6041764 -0.40632498 -0.567776 0.40630138 1.2113479
10 -0.3148917 0.41693765 0.03849951 0.6570845 -0.6765043 -0.44114184 0.09292114 1.711923
9 1.1399132 0.9888705 1.1748378 -0.9578745 -0.21255343 0.7579822 -0.25711152 -0.018109884
0 0.43148702 -0.31788337 -0.25832418 1.773705 0.0053830887 -0.54476327 -0.15254734 0.8383152
32 0.9144248 -0.08330174 -0.14393775 1.7009773 -0.54033285 -0.7845059 -0.37048405 0.91315675
11 0.36049634 0.7626189 1.3742031 -1.0581101 0.09091842 0.856429 -0.586608 0.03583396
41 0.7030518 0.39957726 0.8244339 -0.048946925 0.44920194 1.1692618 0.085424155 -0.69788826
25 0.18201725 0.50789374 1.0728183 -0.6530132 0.30805022 0.7110376 -0.82709 0.11656391
45 -0.6327415 0.4816523 1.2519634 -0.89533824 0.6383359 0.7435786 -0.13257886 0.2958919
13 0.3090295 -0.0665336 -0.21395253 1.5707029 -0.3012998 -0.815304 -0.54385704 1.2975748
37 0.40305933 0.10334383 -0.12409342 1.3682353 -0.6968573 -0.79531133 -0.37442034 1.4309063
33 0.96763265 -0.001570076 -0.19505627 1.5498279 -1.036059 -0.6391936 -0.45641473 1.2137854
21 0.9730972 -0.12966888 -0.29067594 1.8076051 -0.48278466 -0.4997246 -0.45596337 0.79740053
44 -0.30941236 -0.54927474 0.7445963 0.26489252 -0.22535078 -0.031443395 -0.9669536 1.142123
47 0.5102018 0.6658711 1.0668399 -0.48946607 0.48815346 1.3238451 0.43436834 -0.7318668
8 -0.9071565 -0.4246864 0.012221774 1.1447546 0.17418677 -0.1283444 0.2390659 1.1947687
5 0.24272086 0.75485003 1.0933175 -1.2005428 0.07909463 0.18181166 -0.17489557 1.0727593
