50 8
1 -1.0127518 0.13404152 0.51967055 -0.07407745 0.16694874 -0.044583663 0.5948073 0.6448985
23 0.31609094 -0.8372486 -0.08487347 -0.03278452 -0.13441178 0.06166827 0.72599804 -0.6660535
26 -0.029988082 0.19625117 0.31448883 -0.70054454 -0.7186967 0.105469555 0.5995564 0.65933394
43 -0.005378716 -0.585625 0.7769579 0.3205007 0.05700888 -0.72300595 0.6877623 0.45245993
19 0.5457587 -0.44999337 -0.4785982 -0.6766906 -0.8856016 0.53628594 0.61963135 -0.18216099
28 -1.081278 -0.23049834 0.4659564 0.3183889 0.38550568 -0.5887141 0.58856046 0.13495122
24 0.1914611 -0.12814455 -0.49742645 -0.5527514 -0.91595477 0.35442343 0.6085584 0.05347908
30 0.72827727 -0.5674023 -0.6692686 -0.7638433 -0.91854787 0.58816546 0.4903892 0.09589381
6 0.09813478 -0.09975231 0.79660344 -0.40367812 -0.62380636 -0.30296546 0.47161725 1.3061476
42 -1.3444142 0.3980538 0.23533335 -0.16682947 -0.101223566 0.055845838 0.5317822 0.4819388
39 0.8160885 -0.2546713 -0.032615036 -0.4547806 -1.1757472 0.19036648 0.78874725 0.29890302
18 0.87234956 -0.4939982 -0.4513461 -1.0565244 -0.84621525 0.6776948 0.55592275 0.07134175
29 -0.6932128 0.42991886 0.047158774 -0.8427045 -0.6303626 0.41448626 0.41663867 0.7049511
31 0.18755135 0.13207136 -0.54174227 -0.9855324 -1.1983933 0.6614548 0.56610274 0.13440609
40 0.7658141 -0.52106154 -0.25492656 -0.6003588 -0.91497993 0.5957617 0.6296045 0.18661986
10 0.3847438 -0.8705648 0.54593873 0.40650854 -0.006097186 -0.6026959 0.7165 0.22740133
15 -0.1779528 -0.022119489 -0.6100851 -1.0917859 -0.48571998 0.4134962 0.2811725 0.31270117
41 -1.0641778 -0.21090305 0.47682697 0.21832722 0.40640026 -0.6800096 0.56316036 0.34640673
13 1.1514789 -1.0909227 -0.21320388 -0.24263465 -0.6672787 0.037815485 0.59912544 0.13181877
4 -1.2874795 -0.55116403 0.0022565362 0.17591615 1.0610781 -0.6566148 0.389977 -0.007590015
2 0.9213306 -0.89864665 -0.78181654 -0.77886903 -0.7391483 0.5925736 0.4515189 -0.16627963
20 -1.522721 0.15792966 0.18012433 -0.19761817 0.22647004 -0.16479288 0.4186458 0.15481737
49 -1.527275 0.032911204 0.6386863 0.29567662 0.5711649 -0.35843417 0.6608289 0.25642896
7 0.9511411 -0.74067783 -0.2828606 -0.40886885 -1.1319134 0.46456528 0.61370224 0.12728994
25 -0.9837101 -0.64975893 -0.2560327 -0.5211459 0.8165488 0.15733697 0.12848194 -0.17290638
34 -1.5424148 -0.17186709 0.09394801 0.13896899 0.82295275 -0.63524413 0.44636875 0.23894049
12 1.0316875 -1.1967765 -0.7780393 -0.53990227 -0.560224 0.42465422 0.459223 -0.30956998
16 -1.6215819 0.16269952 0.17148219 0.06325381 0.47264937 -0.11992711 0.55636483 0.09276764
27 -0.9757 -0.15773402 0.805868 0.5689035 0.2196803 -0.74609023 0.68615 0.73811305
14 -0.947352 -0.87368125 -0.7230274 0.26229078 0.8306398 0.13936588 0.55152124 -1.2989644
46 -1.4667784 -0.28192127 0.4088056 0.22595376 0.98314613 -0.5787704 0.51198417 0.12320984
9 -0.8985452 -0.6592323 0.25664097 0.73700434 0.6872565 -0.7020087 0.6398718 0.0021712787
0 0.9774628 -1.0489057 -0.6883866 -0.6177287 -0.6224367 0.5316809 0.51253796 -0.27447683
36 -1.5550022 -0.25049773 0.06605722 0.22709596 1.0826488 -0.6299638 0.6008078 -0.34693193
5 -1.6059157 -0.33894247 0.4895907 0.55985487 0.80801255 -0.7618954 0.48318163 0.23649037
37 0.23235701 -0.6772884 -0.6393661 -0.2268646 -0.80287355 0.8476486 0.5306924 -0.30510885
17 -1.296377 -0.008215309 0.39200243 0.15761952 0.335744 -0.44596836 0.48562813 0.6179448
21 1.2212946 -1.1800545 -0.8739716 -0.68644315 -0.62210214 0.2979234 0.5233958 -0.3150726
3 0.8698121 -1.2805344 -1.0532802 -0.7533778 -0.34829822 0.5866031 0.31834567 -0.4554151
22 0.6704935 -1.0341332 -1.0205423 -0.36559474 -0.3558793 0.24547152 0.62594193 -1.0556779
8 0.36926273 -0.005482126 -0.009956765 -0.6595225 -1.06817 0.011707223 0.5627454 0.6316138
45 -1.808497 -0.022394458 -0.2230146 -0.48631993 0.79328185 0.10094858 0.13209452 0.22880475
44 -0.84417886 0.3630436 0.467356 -0.8198781 -0.27533948 0.33679777 0.42846334 0.6350808
33 1.0172067 -1.0932505 -0.7366648 -0.3274638 -0.22535332 0.29566917 0.75078344 -0.83026266
38 -1.3311826 -0.41072413 0.052709375 0.3651541 1.0460447 -0.6416543 0.57442033 -0.1812005
35 0.9798558 -0.99858993 -1.1481178 -0.28537834 -0.42626137 -0.033756725 0.75272053 -0.9242744
32 1.0168254 -0.9863644 -0.956201 -0.59449124 -0.51003367 0.12728228 0.5976868 -0.5555822
11 -1.7743932 -0.24105647 0.30684623 0.39315358 0.9831113 -0.80320114 0.5015696 -0.059954572
47 -1.1408368 0.28420755 1.0004079 0.68788725 0.028588112 -0.5224713 0.9099959 0.9468474
48 0.091658056 0.07061111 1.087481 0.24556954 -0.5156096 -0.8647566 0.9182881 1.0903392
