50 8
41 -0.03855126 1.0889251 0.4305725 0.38362116 -0.31807354 0.30497178 0.28395578 -0.5784201
6 -0.64260626 -0.15930898 -0.2519537 0.89609826 0.16494288 -0.7726424 -0.3231407 -0.35693946
25 0.009437739 1.0016744 -0.051953703 0.683571 0.34363887 -0.2584998 -0.5632257 0.85659826
43 -0.40412614 0.53535104 0.28562623 0.70798945 -0.7589618 0.3410353 0.18250711 -0.73912096
1 -0.6467994 0.7533395 -0.35056254 1.1084218 -0.49084294 0.43634766 0.37505013 -0.6702499
28 -0.4801429 0.2048092 0.29719308 0.6602652 -0.8606374 0.020589953 0.42871997 -0.97911274
35 0.34831047 0.85494477 1.0227065 0.07338852 0.09137743 -0.2053375 0.11881842 0.70064896
19 0.1725173 0.096817285 0.89139706 -0.040150035 0.7587569 -1.2808789 -0.37306574 0.37468317
23 -0.21671915 0.5309849 0.6278547 0.067188434 0.45823237 -0.6861301 -0.41067412 0.9865314
10 -0.30345768 -0.17413107 0.60282147 0.44051412 -0.014156244 -0.74357986 0.22297774 -0.014676889
40 -0.5766774 0.70823693 -0.504995 0.9093591 0.8880822 -0.4756587 -0.59778905 0.4709298
12 0.05915099 0.38656396 0.15469794 0.48291433 0.8608976 -1.094717 -0.37647805 0.49455717
38 0.168828 1.379273 -0.013771506 0.5924869 -0.12746224 0.17258203 -0.23818655 0.08740382
18 -0.51027954 -0.026219875 0.14253657 0.4956001 1.0770588 -1.2494994 -0.48538393 0.70479804
29 -1.0579481 0.38315275 -0.8264068 1.2432626 0.03918526 -0.22853307 -0.3405328 0.020818444
7 -0.48384348 -0.20934066 0.6768419 0.0037884582 0.3501579 -1.1101822 -0.5964446 0.25176802
4 0.054792013 0.7883432 1.2798315 -0.01629698 -1.124388 0.37794402 0.55476415 -0.024766559
27 -0.5550885 0.60183024 0.08524601 0.7116648 -1.0563264 0.45198798 0.053125355 -1.2785156
42 -0.98926866 0.027345559 -0.2613528 0.70322806 -0.33668476 -0.41194406 -0.08584821 -1.0267195
33 0.33397684 0.35291028 1.1914557 -0.21453975 0.5311916 -1.051918 -0.10298834 0.5518268
5 -3.0936273e-05 -0.18548338 1.3840364 0.027201531 -1.3918929 -0.15313128 -0.029134851 -0.50725406
26 -0.8762191 -0.3132965 -0.14415112 0.9223102 -0.15946862 -0.48614562 -0.021849653 -1.0178
46 0.030432887 0.015425291 1.0646932 0.07886072 -1.0824348 -0.45640883 0.28131893 -0.28325713
24 0.08989654 0.4962325 0.6065776 0.13570721 1.1063188 -1.084963 -0.23349781 0.81801975
30 -0.40143815 -0.11211516 0.16031487 0.47998706 1.062083 -1.3391396 -0.24962017 0.11090701
22 0.48379973 0.34767702 1.448613 -0.19785273 0.86563003 -0.93927556 -0.3138315 0.9584962
20 -0.2706392 0.54530746 -0.0011299227 0.72156584 -0.4035004 -0.13727076 -0.19453324 -0.07421083
15 -0.07608674 -0.25572094 0.9446941 -0.07753633 0.77608037 -1.5844564 0.07115482 0.5454446
34 0.121235915 1.2360277 0.98391616 0.20913117 -1.0702076 0.90052515 0.13179165 -0.43721983
13 -0.717417 -0.01800089 0.0691674 0.7310704 0.6194624 -0.733996 -0.27373648 0.47737575
37 -0.1043271 0.14928824 0.4612271 0.30384144 1.2150077 -1.3895913 -0.29797822 0.83496106
8 -0.6191589 0.0666679 -0.30982655 0.7645533 0.70784557 -0.9223483 -0.27198315 -0.3990859
2 -0.3685453 0.24683923 0.7099956 0.05034092 1.1386663 -1.095883 -0.21790037 1.0308025
21 0.28620005 0.6095921 1.2005864 -0.07317385 0.6735207 -0.739232 -0.26018345 1.4811292
36 -0.14842242 0.5056424 1.1862789 0.10701602 -1.2621319 0.35126996 0.65793675 -0.63980645
45 -0.22173941 0.49501604 -0.022215392 0.90682364 -0.60632133 0.07147771 0.13613226 -1.0685327
39 -1.153859 0.8989213 -0.61413217 1.133016 -0.35717258 0.6919697 -0.40213627 0.021677082
32 0.060119044 0.51625854 0.71033967 0.3075757 1.0981433 -0.88921267 -0.37886038 1.4795399
3 -0.055001926 0.48161754 0.53282505 0.13889104 1.3528378 -1.2583134 -0.2810049 1.2397312
16 0.082120076 0.9384634 0.97228163 -0.009382398 -0.88421434 0.2571056 0.31940868 -0.4119037
11 0.306802 0.7277055 1.5821867 -0.18550852 -1.5165855 0.45230162 0.09920666 0.16095972
49 -0.31438506 0.50387037 0.7782775 0.47279665 -1.4184375 0.72127473 0.02698283 -1.0878277
48 -0.23797955 1.1078452 -0.2888388 0.76310307 -0.8379819 0.406722 -0.43482146 -0.71645784
0 0.17071259 0.041558504 1.0690731 -0.015796069 0.9991694 -1.3497877 -0.5174078 1.0571673
17 -0.7586227 -0.5173406 0.81355816 0.10959898 -0.7897294 -0.49182644 -0.034316353 -1.2623925
44 -0.3924756 0.6053034 -0.57092196 1.1671194 0.19488668 -0.17821273 -0.6769416 0.02213427
31 -0.92630416 0.23076424 -1.0713285 1.5376236 0.45529866 -0.32379693 -0.4721397 -0.63119197
47 -0.9339449 0.16178079 0.14260863 0.9017285 -0.9664887 0.5234755 0.21969514 -1.5080545
9 -0.10329359 0.64926857 1.3399273 -0.034179986 -1.6364142 0.5144812 0.5967267 -0.40617904
14 0.60624176 1.4433857 1.4638679 -0.2406872 -0.9120593 0.5491966 0.009197217 0.76934326
