50 8
17 -0.32673252 0.41433117 0.19242398 0.23012707 -0.6546853 -0.5406381 -0.4431774 -0.8021435
23 -0.43605238 -0.14005184 0.74601936 0.4404884 0.53638977 -0.25335053 0.085339844 0.5700496
24 -0.1946225 0.46106914 -0.0026274198 0.5314472 0.26703537 -0.36748093 -0.22335334 0.6978372
26 -0.8023705 -0.64049476 0.6708435 0.4449666 0.10784472 -0.5675595 -0.25179213 -0.7098847
19 -0.60878384 -0.14422452 0.97292304 0.3732717 1.1587971 -0.19462395 0.2988388 0.94193876
40 -0.5451413 -0.27114454 0.9378104 0.5453422 0.92264014 -0.06054836 -0.048598226 0.15817802
15 -0.21210876 0.79975444 0.28031307 0.2708955 0.3965014 -0.18334453 0.19901092 1.3609575
42 -0.5647667 0.12802334 0.154152 0.480574 -0.28563237 -0.40605408 -0.14154029 -0.34603414
27 -0.4483378 0.15524358 -0.16308922 0.629985 -1.1246401 -0.56096315 -0.592588 -1.1606412
28 -0.009483894 0.16008955 0.28281292 0.5766074 -0.7525896 -0.60794485 -0.34758866 -0.8294943
31 -0.5771397 -0.72560537 0.5336838 0.70474577 0.3995625 -0.5481634 -0.3673665 -0.4189932
43 0.0012670159 0.82095116 0.0027248317 0.45339105 -1.1948327 -0.44748738 -0.27044562 -0.86380094
30 -0.48896566 -0.13963555 0.76157916 0.5895182 1.1371567 -0.083281845 0.122654654 1.0448052
36 0.06928281 1.0555265 -0.13918185 0.562635 -1.4722347 -0.2533629 -0.33738595 -1.0593011
2 -0.41262767 0.20705533 0.62784094 0.47313422 0.8969633 -0.07706469 0.16808224 1.0435711
10 -0.31547815 0.09654782 0.4395384 0.57968915 0.0012502756 -0.27207774 0.1973494 0.2330841
12 -0.46087447 -0.39128792 0.8691552 0.59672654 0.9627946 -0.3090156 0.1934347 0.9203631
18 -0.74506336 -0.3493844 0.7332897 0.54628205 1.0015215 -0.09733697 0.088853754 0.915064
6 -0.99543774 -0.9470382 1.0031822 0.6064904 0.4190423 -0.3391326 0.12004642 -0.5292563
25 -0.008011157 0.5825659 0.47000054 0.08087141 0.2164491 -0.47231367 -0.25888628 0.71326566
44 -0.19196956 -0.23236337 0.2254358 0.5968041 -0.86256087 -0.9404797 -0.40289816 -1.1306486
1 -0.085612014 0.7373379 0.04506 0.56547105 -1.1521859 -0.05182279 -0.5949509 -1.111314
47 0.01476179 1.0590166 -0.16813225 0.56425005 -1.1654978 -0.054935258 -0.57085204 -0.782762
7 -0.67540073 -0.46893606 0.7593061 0.61315966 1.2808137 -0.16837114 -0.044851135 1.0492692
41 0.06262727 0.75419134 0.09558373 0.4380955 -0.86629736 -0.4017078 -0.49307784 -0.92416716
20 -0.28550795 0.31134427 -0.050197788 0.53050065 -0.35379076 -0.5245661 -0.6820785 -0.84837514
49 -0.04263119 0.9939364 -0.15844114 0.46337602 -1.1115967 -0.04044342 -0.69328415 -0.5613651
35 -0.019273914 1.2552941 0.33678663 0.28197357 0.653559 0.30908874 -0.11124304 1.4474499
13 -0.60766774 -0.24126385 0.7963186 0.44764686 1.4167556 -0.30138138 0.044689454 1.1932452
14 0.5534358 1.709061 -0.086980484 0.16854426 -0.3204171 -0.2535949 -0.31910095 0.7804537
34 -0.024272565 0.9958071 0.11622232 0.4189059 -1.1430928 -0.053595696 -0.39309138 -1.1544509
38 -0.2181268 -0.11359353 0.07743952 0.550341 -0.72605294 -0.9493497 -0.6268796 -1.1564026
8 -0.84893125 -0.8394218 0.8038848 0.42236108 0.79489726 -0.614236 -0.13448127 -0.008804582
33 -0.1989923 1.1080025 0.807644 -0.014501513 0.921668 0.14266157 0.35645172 1.4745214
45 -0.4091564 -0.072617546 -0.11662299 0.8394803 -0.8071343 -0.40235117 -0.75835145 -1.1497874
0 -0.39001936 0.46283117 0.9443607 0.27778894 0.9746177 0.1886985 0.2946897 1.4270099
4 0.18336327 1.3626553 -0.16776296 0.31783977 -1.4530015 -0.34859765 -0.25829086 -0.6920336
16 0.05485793 0.6090372 0.32818747 0.15142494 -0.66355205 -0.8487647 -0.15627483 -0.9334522
3 -0.31032398 0.7408359 0.89176816 0.19118756 1.1312635 0.26726803 0.24814351 1.5466919
46 0.061285596 1.017357 -0.27425978 0.4912098 -1.7438304 -0.45341954 -0.5447356 -0.96397436
5 0.3542438 1.3383732 -0.3606759 0.48629496 -0.9802906 -0.22883694 -0.59498715 -0.0030807606
21 -0.292448 0.74504864 0.85883385 0.2589647 1.1778897 0.45032045 0.022361962 1.5044796
22 -0.2032353 0.6612609 0.9079341 0.20184992 1.249388 0.13198306 0.16053091 1.597377
32 -0.5221183 0.36895066 1.0699315 0.21177787 1.1818808 0.10484355 0.5161323 1.4126898
9 0.20226476 1.2795191 -0.21845494 0.24668697 -1.5652248 -0.7005244 0.1477353 -0.12110707
11 0.30999613 1.6340997 -0.2976438 0.39902887 -1.3915095 0.000131997 -0.30862156 0.24725606
48 -0.1373565 -0.120625526 -0.029906718 0.69178593 -1.1869464 -1.0324233 -0.41560626 -1.224828
39 -0.5263353 -0.40434563 0.06628922 0.7902566 -0.9717169 -0.60605574 -0.49611747 -1.0910627
29 -0.7402364 -0.7197203 0.89781654 0.33706138 0.36153463 -0.853098 0.3605156 0.02192255
37 -0.3895578 0.26713082 1.134158 0.17597918 1.4353851 -0.060702033 0.33089277 1.4183797
