50 8
43 -0.6516704 -0.021880299 0.57404786 0.32826808 -0.79719347 -0.778248 0.027787765 -0.39825198
27 -0.109419025 0.5845702 0.4058649 0.7221089 -0.93452185 -0.49677145 0.013105521 -0.9675825
41 -0.1767125 0.9579857 0.0736298 0.60236794 -0.9169552 -0.26945615 -0.037465315 -0.7981737
28 -0.26248333 0.6501312 0.08818496 0.69876164 -0.9631955 -0.56124336 -0.2594687 -0.7048466
29 -0.8154035 0.56280375 -0.32339337 0.5661407 -0.1027238 -0.6270618 -0.51177067 -0.46609285
25 -0.5889189 0.84314096 0.013115564 0.2821824 -0.17123754 0.50555646 -0.19204296 0.12229759
14 0.016421542 1.0391148 0.32522517 0.39269218 0.21547912 1.1261305 0.19710474 0.6861514
36 -0.16337003 0.7116092 0.14840938 0.74952954 -0.9926408 -0.4000825 -0.02910633 -0.8614886
20 -0.11968712 0.29948357 0.64918363 0.52725995 -0.43186128 -0.5219334 -0.0007173086 -0.42545018
34 0.28562146 1.2856028 0.3406836 0.5011974 -0.73618466 0.35582936 -0.054257847 -0.49406412
44 -0.8731901 0.39722723 -0.059758995 0.40483192 -0.37481657 -0.717165 -0.74516505 -0.552356
46 -0.42046878 0.7699 -0.047907684 0.628473 -0.9961872 -0.5715235 -0.13443914 -0.8540094
45 -0.42916542 0.79165184 0.015868248 0.5707074 -0.9794039 -0.4566932 -0.19670123 -0.8917568
13 -1.1224575 -0.59410113 0.22802544 0.3066195 0.8664049 -0.63272667 0.2519419 1.3225906
48 -0.16280882 1.0650362 -0.12760468 0.55485624 -0.7295724 -0.44381413 -0.1932208 -0.59976274
6 -1.0262351 -0.18357503 0.08345499 0.6284611 -0.42974642 -0.90480614 -0.24953198 -0.41914546
40 -1.1731843 0.27258664 -0.5496525 0.4843029 0.47938254 -0.7727149 -0.31437624 0.17540969
38 0.27317384 1.3560505 0.48881757 0.34993282 -0.8387517 0.49824592 -0.095174395 -0.5880771
8 -1.1673822 -0.19991589 -0.14895247 0.46517265 0.3307205 -1.0292674 -0.26516637 0.20672742
18 -1.0437491 -0.36875445 0.13936612 0.303529 0.79827434 -0.73547715 0.081665635 1.0794252
17 -0.32876042 0.17416891 0.87794614 0.22283682 -1.0351896 -0.6642808 -0.09297771 -0.5666805
16 -0.014245696 1.1712862 0.26536968 0.46171412 -1.188641 -0.024883179 0.013757937 -0.8231728
10 0.072651766 0.03167083 0.65488243 0.42424074 0.44180727 -0.7269017 0.73304975 0.9776666
49 -0.025437692 0.4843452 0.7055898 0.53000164 -0.9570091 -0.19128984 0.06565742 -0.6052129
39 -1.1430954 0.48684004 -0.3652937 0.35622787 -0.329242 -0.42461193 -0.5661239 -0.18492089
31 -1.0508558 0.11133669 -0.043478172 0.4663521 -0.38178062 -1.0259618 -0.4405167 -0.47009706
37 -0.6334939 -0.036279246 0.91802824 0.0440271 1.048832 0.66771376 -0.09179638 1.2501615
23 -0.65762466 -0.6191626 0.96378195 0.25868192 1.3583764 -0.06105882 0.15574977 1.6491255
42 -1.1278095 -0.21959874 0.18670614 0.39422804 -0.7611612 -1.1740488 -0.019736594 -0.5230993
26 -1.2830175 -0.17908593 -0.09377173 0.41783047 -0.16287291 -1.4865388 -0.41958025 -0.38241187
1 -0.5039761 0.55311227 -0.3366625 0.7135455 0.7309428 -0.17000172 0.16034004 0.4230391
22 0.25583458 0.32677698 1.1331278 0.32249162 0.76832074 1.1768442 0.18798792 1.4367595
5 0.2968155 0.38037938 1.0916748 0.29544762 -0.3457676 0.3612527 0.65848273 0.5832593
21 0.20349991 0.15657665 1.1447532 0.22095346 1.3570907 0.4963033 0.5175261 1.7405984
9 0.4536513 1.1404127 1.1406524 0.092885956 -0.98538965 1.1553807 0.53901935 -0.009416239
4 0.45118478 1.156236 0.88604283 0.31236196 -0.5861402 0.83792406 0.16349162 -0.1509222
7 -0.40757206 -0.57039195 0.55759895 0.5375433 0.9596433 -1.1111666 0.47889265 1.1836509
19 -0.53108275 -0.43740517 1.1329252 0.12089467 1.1629345 0.22123927 0.38227382 1.6345576
32 0.0251498 0.81342965 0.70275307 0.22927688 -0.087004654 1.1482514 -0.11665572 0.6508659
3 -0.52700883 -0.09928272 0.68592703 0.17792569 1.6878603 0.2684576 0.41083285 1.894192
11 0.46601057 1.3667085 0.728257 0.42086378 -1.0053914 0.9428022 -0.09936046 -0.52250314
15 -0.075810425 -0.36626244 0.8472512 0.41859746 0.7843178 -0.7715168 1.0096662 1.3063111
47 0.040397353 1.047961 0.17445728 0.6203039 -0.9294438 0.014209249 -0.2549186 -0.68577117
24 -0.17265643 -0.103124484 1.0229646 0.21010454 1.4075965 0.31570446 0.4578072 1.7194103
35 0.5002722 1.0887645 0.81182164 0.19925202 0.7224683 1.2889041 0.309106 1.2817448
33 0.12789229 0.79671836 0.7859537 0.051627517 1.3123657 0.92425525 0.23899467 1.5569148
0 -0.4171697 -0.43513253 1.157328 0.03261316 1.2960037 0.06407222 0.47743654 1.9212248
30 -1.127721 0.066574745 -0.44321945 0.45403257 1.0054907 -1.0586239 -0.28453565 0.5309521
2 -0.05458773 0.09838446 1.1364415 0.08547111 1.3870326 0.6106206 0.489926 1.8052471
12 -0.5633504 -0.5383913 0.75310165 0.3142152 1.2484685 -0.2601985 0.37793332 1.728468
