50 8
4 -0.38023233 0.13171974 0.71046036 -0.2519763 0.26813084 1.0275289 0.35998288 0.025539381
18 0.37453333 -0.027142046 0.2908328 0.85373735 0.20155387 -0.9291712 -0.43548086 0.7155771
14 1.364116 0.65499103 0.095089756 0.94758487 -0.051278874 -0.36543348 -0.7163402 0.014012548
10 -0.1009043 0.6562075 0.100422546 1.0754598 -0.08276025 -1.1580428 -0.26881102 0.7013536
36 -0.38502175 0.10920405 0.74822944 -0.46862847 0.3549985 1.5956887 0.64938265 -0.10157762
42 -1.0771933 -0.29319608 0.58774894 -0.10639232 0.43176502 0.98554444 0.8721419 0.41362628
49 -0.09052602 0.10957733 0.8718015 -0.4207714 -0.0409331 1.4132539 0.6961374 -0.12729442
45 -0.6220519 0.008294196 0.7393108 -0.15944318 0.20831981 1.3406361 0.55597746 -0.059107177
41 -0.58064497 0.28067726 0.64456743 -0.28650185 0.47031343 1.6116339 0.6890518 -0.15847254
20 -0.9588702 0.34883168 0.46599212 0.33841276 -0.03250678 0.19500192 0.26354447 0.35916725
28 -1.0583618 0.14798243 0.5736834 -0.2558992 0.44561213 1.2227912 0.73801684 0.2078182
0 0.65305394 -0.16337931 0.1765626 0.93500024 0.33600157 -1.2205632 -0.5388905 0.9512315
1 -0.102535665 0.47713393 0.494764 0.5950938 -0.121959575 0.58381003 0.2940965 -0.39573827
3 0.5962712 0.81579316 0.092163675 1.0849347 0.041802738 -1.3142674 -1.0791218 0.7503808
37 1.0339932 -0.09510222 0.14292297 1.1658251 0.036173046 -1.0969901 -0.5409641 0.6688011
27 -0.9969542 0.18504931 0.7096011 -0.3282827 0.39839715 1.4261872 0.7423269 0.053878173
7 1.4182936 -0.10109111 0.2494402 1.026478 0.056624953 -1.2116876 -0.45672825 0.6801603
13 0.28237838 0.40015945 -0.03677541 1.40099 0.05751539 -1.0851856 -0.7117008 0.5836713
43 -0.75402915 -0.07632387 0.6795594 -0.31102547 0.45061287 1.4127492 0.8501529 0.14258027
17 0.13568327 -0.23693499 0.26790163 0.30326855 0.11472177 -0.25358787 0.38180393 0.9034569
39 -0.7336472 0.31656745 0.6999906 -0.1461734 0.1676432 1.7042446 0.5286348 -0.27576375
38 -0.48248062 0.2635834 0.6644097 -0.04682043 0.047225274 1.7666667 0.54419273 -0.47266072
21 1.0944536 0.39069435 0.228272 0.9926558 -0.1662124 -0.9576256 -0.7549411 0.5395692
5 1.2674308 0.5930128 0.14000537 0.5110718 0.16394298 -1.0600439 -0.49571145 0.8528229
31 -1.1290945 0.28734624 0.6614405 -0.2622669 0.22744016 1.5973788 0.93495333 0.01473647
48 -0.6916848 0.21555631 0.69460344 -0.52242845 0.19553924 1.7396147 0.83070505 0.08015278
46 -0.61109763 0.44601187 0.78539836 -0.24032515 -0.03896952 1.6703482 0.6288052 -0.3385892
40 -0.6600644 -0.14893252 0.66527 0.048641156 0.008313755 1.6053966 0.674235 -0.19026048
25 1.3214197 -0.011610675 0.23004934 0.18385965 0.18239571 0.4629639 -0.31148443 0.30468774
34 0.21320775 -0.2903467 0.7549029 -0.37619627 0.10592144 1.7092345 0.52916723 -0.15285768
22 0.61214465 0.0043516657 0.21113756 1.0489676 0.06106622 -1.3891248 -0.7236364 1.0284169
8 -1.422686 -0.13958831 0.542314 0.051551446 0.1337682 0.69400495 0.69502324 0.59699744
47 -0.82972986 0.09295548 0.64213425 0.054193925 0.22696234 1.5107148 0.63235164 -0.27180973
16 0.6740641 0.031212337 0.47883463 -0.2753746 -0.10205069 0.94702977 0.33559766 0.28151166
2 0.95374 0.034855768 0.3101705 1.1819166 -0.024876645 -1.5552593 -0.73373604 0.8411033
6 -1.3085049 0.052263416 0.65371364 -0.18847075 0.22325978 0.8678941 0.8046906 0.45956343
44 -1.1456051 -0.85517293 0.646898 0.10888803 0.60752666 1.0139931 0.5238034 0.42576703
24 0.75135314 0.6056159 0.12953728 1.0728172 -0.055664785 -0.9976496 -0.6464899 0.498064
26 -0.5568435 -0.74600023 0.3867137 0.06284107 0.2138858 0.41871762 0.7907534 0.9842437
15 0.6757877 0.698365 0.21630134 1.1707001 -0.099272504 -1.6525737 -0.6600408 0.7470813
19 0.46336743 0.6469257 0.23521231 1.0626158 -0.025313446 -1.7938118 -0.66247725 1.0148908
29 0.8828695 -0.09154317 0.5110536 -0.24012078 0.18522826 1.062328 -0.20837793 0.08503147
33 1.1641631 -0.048785836 0.10187463 1.4118831 -0.06713558 -1.422839 -0.5484425 0.7372098
32 1.1628829 0.16956456 0.09558825 1.32234 -0.019288909 -1.4419498 -0.7637666 0.75932705
9 1.0714816 0.18350747 0.7785878 0.05802512 -0.21378188 1.0192251 0.50043523 -0.6696844
35 0.6257566 0.117515706 0.091323726 1.3665247 0.07099479 -1.5576087 -0.66243714 0.8915619
12 0.8959027 -0.029539462 0.021609303 1.2743843 0.17293459 -1.2953762 -0.84416074 0.83473057
23 0.36192584 1.0829271 0.03543095 1.2077017 0.08180279 -1.3644065 -0.9084809 0.6008116
30 -0.2881274 -0.15341073 0.24429588 0.82747304 0.30703488 -0.90603024 -0.2688238 0.8875284
11 1.4781557 0.6322639 0.6753505 -0.2482827 -0.11554142 0.94263715 -0.4856411 -0.4032622
