50 8
23 -0.096685 0.3140964 1.1789391 -0.107684635 0.4091145 0.22824448 0.49904272 -0.3431986
49 -0.14318734 -0.4252485 0.1261331 -0.38226825 0.56877834 1.4307809 0.64079916 -0.44589287
14 0.45400584 -0.41111362 -0.4193272 0.66332823 0.22124639 0.80331814 -0.31704304 0.079124615
27 -0.11955644 -0.14577268 0.59474295 -0.61047375 0.55595773 1.1653816 1.0117944 -0.3855836
43 -0.12132984 -0.108981356 0.8728725 -0.24483147 0.65317047 0.42360634 0.4308765 -0.42464235
42 -0.29715213 0.183873 1.4154532 -0.60171074 0.646681 0.49154404 0.78498393 -0.48567328
28 -0.3842731 -0.0010037217 0.8316659 -0.5973169 0.5319853 1.1607993 0.92129326 -0.5091557
1 0.05794274 0.3601501 0.7154606 -0.13378902 0.51932997 1.003675 0.88972217 -0.8476635
41 -0.07843123 -0.09006741 0.51142555 -0.4227179 0.51808137 1.44492 0.9374365 -0.7655774
6 -0.26159775 -0.2379056 0.74901456 -0.42819282 0.3808302 1.1173698 0.6936251 -0.39864856
26 -0.6135878 -0.3263997 0.8603335 -0.0037108264 0.20530613 -0.19679323 0.2007314 0.7299726
9 0.6862834 -0.50989586 -0.14845319 0.11461287 0.33049032 1.1143587 0.45001283 -0.26205415
46 -0.24372032 -0.24867381 0.30654886 -0.3449143 0.5758836 1.3862352 0.54273444 -0.5918032
36 -0.3312097 -0.072644085 1.0260403 -0.52430296 0.60482436 0.8568208 0.8150724 -0.6751274
17 -0.26972422 -0.17976214 1.3041787 -0.3748634 0.56219524 0.0834801 0.38236734 -0.22842242
10 -0.09446934 0.014169477 -0.2457868 1.2135402 0.1172509 -0.45951134 -0.586538 1.2523571
40 -0.12542485 0.25421003 0.684741 -0.30976948 0.43097815 1.2705103 0.99768496 -0.7607364
34 0.11411675 -0.1353603 0.516555 -0.49756667 0.63413477 1.3525681 0.9205883 -0.6892562
4 -0.068844855 0.13086551 0.0952524 -0.1949374 0.5261637 1.5498265 0.70306104 -0.6942403
31 -0.12948108 0.33345678 0.9606364 -0.4203532 0.49828482 0.9759281 0.8849958 -0.6402348
39 -0.2983312 0.046715673 1.2860432 -0.54568356 0.6442333 0.7955016 0.9008889 -0.87678796
38 -0.02590678 -0.076749146 0.55542785 -0.43251806 0.5384336 1.3796885 1.052191 -0.8567713
8 -0.43035397 -0.33266646 0.7943691 -0.28400305 0.29685044 0.8757477 0.48845214 -0.28298354
29 -0.06226963 -0.56044865 -0.81709963 0.44712415 0.5943297 1.0120277 -0.12756751 0.009268797
15 -0.039946686 -0.08784595 0.36768964 1.3525838 0.20442502 -1.0955851 -0.8937792 1.154199
47 0.18932016 -0.6055278 -0.027176356 -0.22519976 0.5234189 1.353221 0.4201199 -0.37639272
21 0.14077458 -0.05956908 -0.03659732 1.6172371 0.035732877 -0.779581 -0.920212 0.9814215
18 0.26336974 -0.32146436 -0.17673191 1.2742293 0.17438205 -0.6573707 -0.98991495 1.4006659
44 -0.06949915 0.039064802 0.8977923 -0.64279294 0.58047825 1.2746435 1.1080215 -0.75716215
19 0.18988906 0.11280368 0.29393798 1.1918745 0.14051399 -1.0160545 -0.7389212 1.3878605
48 0.19628428 0.024634413 0.32704556 -0.47522506 0.61690915 1.5696176 1.0249671 -0.7277579
16 0.031214891 -0.40799502 -0.13845663 0.222375 0.26424572 0.5181707 -0.034547452 0.6616309
13 0.047868684 0.4941876 -0.41251385 1.27032 0.19774 -0.39841256 -0.5546618 1.2728157
32 0.30611315 0.22282393 0.19316776 1.3778079 0.1792966 -0.9434183 -0.6883274 1.0618678
37 0.13551767 -0.47269163 -0.31993982 1.3718417 0.24643455 -0.62902313 -0.9158015 1.2194619
22 0.15819174 -0.40832913 -0.27416703 1.5704676 0.27239877 -0.92863953 -1.163992 1.3506498
33 0.05539344 -0.022571491 -0.1628922 1.6663927 0.14408168 -0.88930696 -1.0022777 1.3052272
5 0.6714047 -0.018368447 -0.6436015 0.86926395 0.43107742 0.15122098 -0.20474257 0.68061584
0 -0.03892407 0.12711607 0.35226277 1.2575792 0.22217046 -1.1632828 -0.77013767 1.3546382
20 -0.03166611 -0.31073752 -0.91042346 1.1239734 0.29924503 0.05223185 -0.51502675 1.0960683
25 0.43197444 -0.34087458 -0.70702213 1.3068631 0.20220648 -0.3043658 -0.7279677 1.3920735
7 0.21788298 0.20184624 0.046987284 1.3182832 0.072064206 -0.75797373 -0.5263469 1.1278415
45 -0.42036885 0.2507054 1.1379088 -0.48916093 0.29690203 0.9895749 0.96373904 -0.45640492
2 0.40295562 0.80786467 1.0512066 0.69698614 -0.05444626 -0.9431351 0.11162292 0.9890481
12 0.20893653 0.38375518 0.4086247 1.4633763 0.19336978 -1.2719436 -0.7082829 1.1368165
30 -0.09690002 0.17887852 0.6183057 1.2474271 0.15855663 -1.2939577 -0.7954718 1.2185057
35 0.39246163 -0.04172151 0.16433339 1.5078747 0.09248284 -1.1791341 -0.8427017 1.3823581
24 0.23347135 0.6461627 0.75902975 1.1089036 0.1343262 -1.2040514 -0.53258044 1.2266666
3 0.31254542 0.44462132 0.41490483 1.5742347 0.07721744 -1.2136629 -0.78288245 1.1666113
11 0.08171969 -0.9014333 -1.1337923 0.67079467 0.44928747 1.0854208 -0.52136695 0.27294046
