50 8
42 -0.49908507 0.91287136 -0.096552916 0.29256037 -0.44347525 -0.3973494 0.18006091 -0.98558366
45 -0.52351576 0.9971444 0.012008825 0.12540284 -0.49717197 -0.33874565 0.24856403 -1.1945428
17 -0.502793 0.7755551 0.4136657 -0.044348504 -0.6474781 -0.26408786 0.35788906 -0.89205456
1 -0.5506395 1.0935552 0.05116998 -0.1432684 -0.37334663 -0.52288157 0.23328131 -1.1819464
36 -0.63417983 0.6355224 0.29490456 0.47133678 -0.5348546 -0.44140366 0.6815224 -1.2498977
23 -0.39900705 0.30863371 0.744493 -0.07342405 0.34142387 -0.5146479 0.3647713 -0.06672138
43 -0.27335176 0.6472584 0.25317302 0.29410705 -0.28522894 -0.81613386 -0.12742496 -1.164428
49 -0.733175 0.81289846 0.5070724 -0.07542177 -0.7631894 -0.18244469 0.56171405 -1.196355
27 -0.5327112 0.86126924 0.052863862 0.17860374 -0.5904615 -0.652817 -0.08905782 -1.2799611
4 -0.049030725 0.43869752 0.30909312 0.69064444 -1.0100474 -0.6152121 0.08010694 -0.70629406
41 -0.29442623 0.76329756 0.039171323 0.44744396 -0.62976897 -0.6147224 0.0115523385 -1.1702919
38 -0.2789378 0.80873024 0.1610006 0.21605116 -0.72874147 -0.562902 -0.2536908 -1.0281953
39 -0.22446725 0.766576 0.008828426 0.30353886 -0.25060028 -0.78492254 -0.55310947 -1.1341335
34 -0.5078921 0.95129627 -0.05135289 0.20613445 -0.6254572 -0.32498273 0.09073622 -0.97207606
14 -0.35261536 1.0886618 -0.06615236 -0.29093462 0.29768938 0.55814946 0.55064994 0.3581749
16 -0.40614718 1.1536024 0.15405162 -0.16355696 -1.0803118 -0.30283234 0.5294023 -1.1266221
28 0.13498108 0.301875 0.6130531 0.5907649 -0.5269319 -0.8391249 -0.31300822 -1.1096208
15 -0.0029489961 0.4761085 0.45037255 0.13383088 0.41709998 0.79472685 0.7844067 1.2794796
31 -0.25548184 0.8081372 0.05444494 0.35191926 -0.5072021 -0.8823051 -0.43349746 -1.369269
6 -0.120791644 0.47069865 0.24733658 0.635897 -0.517403 -0.9204916 -0.46385676 -1.1878455
46 -0.5410339 0.48277825 0.6810408 -0.21638858 0.25067496 0.12264446 0.7022422 0.480773
24 -0.07443636 0.47922236 0.40860137 -0.017194321 1.026402 0.42929137 -0.044605885 1.373905
29 -0.5351128 0.9797204 -0.22851631 0.05017389 -0.28378728 -0.23422885 -0.10233194 -0.27964258
12 0.27339163 0.28818908 0.4758677 0.18384753 1.0863343 0.27606383 -0.17447342 1.6505358
48 -0.095495686 0.47033772 0.18190992 0.630443 -0.2641102 -0.9752445 -0.8509372 -1.2437005
44 0.16065912 0.38325378 0.17219561 0.5277945 -0.4141215 -1.1937355 -1.5196296 -0.530216
40 -0.3594819 0.55458343 0.36674553 0.05244005 0.049794104 -1.0919366 -0.58147484 -0.89878565
26 0.03794375 0.00908492 0.5504742 0.9851903 -0.39172024 -0.72934914 -0.61431056 -0.8031496
20 -0.30229557 0.63550186 0.057187043 0.5314571 -0.7073249 -0.5886855 -0.24977595 -0.7745177
19 0.31523168 0.0370356 0.89338267 0.4067769 1.2513252 0.6580929 -0.15735225 2.0910106
5 0.018989025 0.23548377 0.629645 0.5212083 -0.2343602 0.7070812 1.1919907 0.79363185
25 0.51230353 1.1278657 -0.49169442 0.16070446 -0.3566827 0.22921878 -1.0051849 0.47078192
3 0.39177006 0.38962 0.69901997 0.033489175 1.1644423 0.79197204 -0.009685202 1.975939
9 -0.60415274 1.0932817 0.25722238 -0.068547845 -1.3630836 -0.03419386 0.80300725 -1.1402957
7 0.5764263 -0.013918666 0.7015676 0.6109173 1.2855009 0.7138672 -0.3210113 2.0666168
35 0.42448524 0.11086393 0.7981241 0.42991886 1.157977 0.94485855 0.111606844 2.1687565
10 0.94409317 0.14105181 0.5574408 0.78546804 0.5711921 0.74743205 0.026461087 1.2581556
0 0.13467792 0.27164033 0.8817386 -0.020859446 1.3267379 0.90805125 0.26691654 2.1435003
47 -0.4029531 0.7519098 0.23209451 0.40570033 -0.9624442 -0.64421505 0.35270554 -1.4418002
21 0.17747514 0.42277294 0.56156117 0.094030276 1.2284359 0.80811673 0.07433706 2.0097606
2 0.1139687 0.32051846 0.8301001 0.042984374 1.1972312 1.0950515 0.6387793 2.0818672
30 0.48101908 0.35538107 0.46226355 0.36380017 1.0871319 0.7522526 -0.4922554 1.9910975
8 0.51965547 0.10695989 0.2594489 0.9561723 0.22412379 -0.713769 -1.0134283 -0.072585724
18 0.6289909 0.47693887 0.14777529 0.4854376 0.97784716 0.6974546 -0.6354538 1.9171501
37 0.5064558 -0.020216266 0.9336639 0.50115913 0.93078786 0.9344334 0.04919903 2.0069778
22 0.6271364 0.076353885 0.7671524 0.5847462 0.9767292 1.1082414 -0.10152143 2.103172
32 0.3746222 -0.028907629 0.77113897 0.6024449 0.9568954 0.75532204 0.021556199 2.268546
33 0.44016618 0.10763145 0.92494905 0.22795497 0.97452706 0.89933854 0.010166909 2.152924
11 -0.61257285 0.75857294 0.46339023 -0.007174516 -0.9234084 0.065459386 0.5975491 -0.76523656
13 0.5992852 0.019560326 0.3868062 0.9463733 0.97076905 0.6103495 -0.6014021 1.7555962
