50 8
48 -0.2604917 -0.04818234 0.76761425 0.908942 0.5870011 -0.072536886 -0.21006048 -0.1481557
43 -0.48552814 0.4941993 0.2135674 0.5724143 -0.33643833 -0.2564329 -0.13965385 -0.99160933
36 -0.503926 0.3135432 0.31749904 0.48454362 -0.5524184 -0.26776758 0.047917012 -0.9821314
40 -0.65625525 0.3555076 0.51025957 0.41569197 0.19090469 -0.24874038 0.061077192 -0.6272102
19 -0.3455793 -0.20540926 0.90566146 0.925109 0.69875014 -0.2537293 0.21920562 -0.23222525
16 -0.36380008 0.3052141 0.27102327 0.4342044 -0.5245245 -0.4417789 0.05389195 -0.5949022
27 -0.80703133 0.53729844 0.07749037 0.5198021 -0.5327364 -0.14549017 -0.13068049 -1.1376406
23 -0.32322946 0.2688308 0.59226775 0.17897937 -0.1184259 -0.37225872 0.035180897 -0.07159342
1 -0.59078395 0.47355494 0.15300174 0.48074627 -0.44205117 -0.29865247 -0.3188754 -0.9779537
4 -0.4276951 0.4988826 0.038568817 0.05112856 -1.0980821 -0.46093816 -0.30356833 -0.53791183
17 -0.5998007 0.038770918 0.6747146 0.6805974 0.54330647 -0.032351363 -0.12943527 -0.14190236
49 -0.7478306 0.30232581 0.20495991 0.3784721 -0.6453597 -0.2644931 -0.27836287 -1.0540468
6 -0.65554523 0.21433495 0.4601769 0.563879 -0.24303739 -0.2460724 -0.19029637 -1.2175558
29 -0.5538521 0.5586646 -0.07067765 0.32877895 -0.7894156 -0.28076226 -0.13699904 -0.4511741
20 -0.78292334 0.41447166 -0.029329598 0.20237571 -0.722826 -0.35288957 -0.64498395 -0.60253304
26 -0.26906243 0.05841269 0.8632448 0.53101665 0.3747352 -0.3080924 -0.17389427 -0.6001123
8 -0.28192085 0.15774944 0.6695858 0.48889455 0.15952547 -0.43119544 -0.020215154 -0.53869694
24 -0.400221 0.16225252 0.6294093 0.69890076 0.51106817 -0.03818944 0.110718995 0.21518713
9 -0.42431432 0.6516322 -0.048475876 0.06460295 -0.8171242 -0.014098276 0.04289865 0.81179273
42 -0.90017635 0.33397126 0.2774176 0.8613798 0.21268502 -0.087553404 0.02827657 -1.0152727
14 0.027203234 0.62271583 0.23752193 0.13551912 -0.3634303 -0.014843275 0.012177046 1.4833579
38 -0.27403042 0.6368048 -0.1493406 0.084731914 -1.2814736 -0.7144582 -0.506572 -0.79377544
5 -0.34920222 0.04629656 0.75364965 0.64337724 0.4192974 -0.0016857965 0.18792506 0.5074434
28 -0.5340321 0.18796875 0.39143497 0.3240449 -0.5696582 -0.52333415 -0.2849946 -1.2875892
46 -0.7838328 0.52252173 -0.057968624 0.532586 -0.53071976 -0.38582572 -0.102390125 -1.1683965
45 -0.5089666 0.5732803 0.05584434 0.14139743 -0.9152808 -0.53555465 -0.59208405 -1.0721254
15 -0.37340474 -0.030890314 1.029336 0.8122166 0.9232073 0.17317969 0.35620472 0.5728704
44 -0.47830307 0.7101059 -0.089927755 0.00618533 -1.0773493 -0.64206 -0.7678336 -0.98271763
2 0.45359406 0.12805492 1.1684434 0.2502794 0.42920515 -0.07669816 0.3559323 1.8440694
34 -0.58930683 0.65129167 -0.26222476 -0.0071573653 -1.3628663 -0.48388153 -0.7486379 -0.7430333
7 0.2846309 0.14305031 1.062504 0.5899568 0.85884285 -0.07862144 0.33149254 1.3296298
30 0.44634363 0.2392326 1.1185387 0.7398808 0.71257555 0.11317692 0.62828445 1.5784338
47 -0.6872682 0.54168415 -0.021623857 0.37379637 -0.69727415 -0.1967855 -0.24257061 -0.7172752
0 0.18324614 0.258815 1.0514957 0.4698984 0.68183184 0.17901246 0.40743324 1.7605003
31 -0.5681045 0.33446747 0.10709393 0.42710173 -0.7099423 -0.4687476 -0.47152764 -1.1759849
21 0.32322547 0.17753367 1.0746502 0.32820123 0.495662 0.09472979 0.36834493 2.0965471
41 -0.30116892 0.78676164 -0.067988105 -0.010342775 -0.9367934 -0.51352817 -0.62456083 -0.5615867
25 0.3313563 0.5798839 0.26438102 -0.58096814 -1.6833621 -0.26199412 -0.284187 1.2399036
11 -0.39024806 0.4205452 -0.27407533 0.08300136 -1.5430063 -0.2134344 -0.64739585 0.12842926
10 0.48429272 0.3403132 0.87675744 0.59894675 0.33668375 0.1773896 0.16247907 1.4704078
12 0.42723405 0.3739289 0.93820095 0.42313534 0.5865838 -0.058165517 0.56335104 2.195839
3 0.09965733 0.27843744 0.9681933 0.51760805 0.72243494 0.15121396 0.6029452 1.8038292
39 -0.6095909 0.7432275 -0.17010053 0.05576097 -1.0194654 -0.6072081 -0.7027564 -1.0694916
37 0.6346079 0.12570837 1.1837987 0.07396411 0.15306033 -0.0011151045 0.021114847 2.4226556
13 0.35872394 0.16169289 0.9064297 0.18588634 0.12803936 -0.0057345326 0.062213905 2.311236
18 0.47048697 0.26915777 1.0707147 0.22365884 0.52203065 -0.061777256 -0.038665105 2.1332066
33 0.7167994 0.26480478 0.9892891 -0.33957204 -0.17758654 -0.40180007 -0.1893877 2.6718278
32 0.58121943 0.26220232 0.9485956 -0.053642694 -0.032227535 -0.15446696 0.06345073 2.6512182
22 0.53446895 -0.048758376 1.1475368 0.005379183 0.026816158 -0.10952793 -0.23618399 2.4161632
35 0.49368125 0.122796126 0.9643881 -0.30472234 -0.2857842 -0.21599452 -0.2587026 2.4699883
