50 8
1 -0.044521056 -0.10981673 0.459663 -0.34747154 -0.035972048 1.0281732 0.18262498 -0.7330575
16 0.36018127 0.20646112 0.10140598 -0.27321774 -0.21892443 0.6610396 0.31160608 0.7445631
20 -0.6363522 0.06862951 0.31847814 -0.35939503 0.30974755 0.8236335 0.4356464 -0.6305123
28 -0.16925593 -0.08745932 0.4060309 -1.0035115 0.05566217 1.0214533 0.5310919 -0.3809344
43 -0.85335475 -0.32089725 0.56064194 -0.9774833 0.79308045 0.45899758 0.8833731 0.15202881
36 -0.29956725 -0.051336322 0.33493876 -1.0715078 0.08969728 1.0677538 0.7051297 -0.4841696
27 -0.27297953 -0.102320164 0.5060291 -0.91388315 0.2633496 0.8903354 0.5189962 -0.45538518
29 -0.51777446 0.16988124 0.38130173 -0.40748063 0.37182683 0.80748737 0.31198728 -0.6443536
24 0.43782112 0.4279288 0.51797754 1.2015342 -0.30127612 0.023666378 -0.37321576 1.2917188
15 0.32551417 0.4962902 0.3804329 1.2348948 -0.20995405 -0.02476261 -0.29783025 1.3580153
23 0.9860115 0.52777094 0.81210905 0.77429086 -0.3477263 0.5248961 -0.7126235 -0.13525192
38 -0.43608245 0.044717483 0.3849057 -0.6887629 0.07940056 1.1382806 0.41267368 -1.1477934
49 0.062446017 -0.116754346 0.4650095 -1.0379503 -0.27473995 1.1030709 0.33012155 -0.30592737
5 0.6059808 0.43611515 0.1491295 -0.52833575 -0.37743977 0.47959176 0.43656814 1.2708118
21 0.5225604 0.36373478 0.2830618 1.2528833 -0.54394805 0.37166202 -0.28767407 0.73679006
19 0.38575155 0.50179476 0.5414666 1.3866264 -0.25809288 6.914469e-05 -0.38705772 1.0338523
46 -0.46754616 0.0888119 0.45058426 -0.82388026 0.4221036 0.73285043 0.46449852 -0.20347792
48 0.6549106 0.345931 0.3967356 0.63273054 -0.25842154 0.20085055 -0.06213255 1.1467347
47 -0.30196354 -0.2272758 0.5311601 -1.0893046 0.19542626 1.119427 0.55116296 -0.66635996
9 0.2895702 0.05315748 0.5834284 -0.8840397 -0.28265572 0.93361807 0.3399343 -0.3049579
14 0.78258896 0.7062125 0.22094549 -0.37660098 -0.61427796 1.047096 -0.3223489 -0.012042675
41 -0.40112215 -0.052097835 0.5300674 -0.66686624 0.3340639 1.1464343 0.26398408 -1.1784028
17 -0.08881688 -0.050824232 0.25338832 -1.094235 0.22654496 0.42403153 0.78463936 1.2463797
26 -0.27380502 0.18468663 0.2898397 1.1235851 0.23952661 -0.23904619 0.49621418 1.1910309
25 0.73256373 0.60304534 0.4565802 1.3641524 -0.5173324 0.37472016 -0.6586639 0.41111276
0 0.19822663 0.31972936 0.43086636 1.2879078 -0.12504664 -0.12867066 -0.11328567 1.5185674
30 -0.33972818 0.067998655 0.47960463 1.2508148 0.2127647 -0.33382836 0.41988143 1.2062643
2 0.29916328 0.43292207 0.45258188 1.5097898 -0.259445 0.0153213 -0.346982 0.98395616
18 0.055662848 0.42237642 0.6849214 1.5370668 0.12147344 -0.32151696 -0.27405253 1.1190099
37 0.6615591 0.36477503 0.4442119 1.2589595 -0.50227964 0.08813936 -0.30085865 1.2152812
13 -0.43763527 0.40547317 0.3908429 1.7807035 0.34052405 0.2712775 -0.38213712 -0.35993302
34 -0.2500977 -0.0055139954 0.61289656 -0.7871004 0.10978648 1.2408868 0.14504662 -1.3033837
6 -1.1822926 -0.13812274 0.6791307 -0.5751698 0.68076783 0.538118 0.741919 -0.86132896
3 -0.11973403 0.7443009 0.42316204 1.7645203 0.285652 -0.1343875 -0.36890784 0.7505365
11 0.4358574 0.20300075 0.2795624 -1.206011 -0.36556563 1.1500798 0.24637407 0.063394874
4 0.071512006 0.36492354 0.2425333 -0.4296401 -0.39248598 1.2297615 -0.0024136368 -0.8016929
10 -0.41924533 0.3880236 0.011591508 1.0352588 0.1983745 0.2054967 0.2989105 0.56557447
31 -1.1615137 -0.15777528 0.30875376 -0.49689493 0.5054001 1.0156199 0.7768483 -1.2594061
35 0.39058304 0.20730227 0.81080085 1.145251 -0.09550128 -0.34382924 0.0023762668 1.4672583
39 -0.84670115 -0.024106821 0.5250326 -0.5383426 0.5503909 0.91946113 0.5512654 -1.2567961
40 -1.1001543 -0.13014428 0.3289293 -0.4120472 0.43566322 0.92371464 0.8174047 -1.1823804
42 -0.9805816 -0.25981718 0.37757066 -0.7714173 0.563857 0.65960205 0.61211574 0.035964742
12 -0.27871576 0.5907133 0.50516 2.1009884 0.4669867 -0.41207132 -0.20925674 1.0671296
44 -0.7984621 -0.01256998 0.47586608 -0.5998046 0.4733551 1.150255 0.37556037 -1.4677414
45 -0.6248141 -0.11345917 0.6384789 -1.042114 0.4105593 1.1475627 0.58203954 -1.450173
7 -0.4332254 0.25512746 0.06299037 1.0849334 0.14883189 -0.051697075 0.65275204 0.897088
22 0.41319782 0.44458416 0.5421848 1.7736387 -0.26457384 -0.12991574 -0.4229945 1.2823869
32 0.34095907 0.68694705 0.45554414 2.0328197 -0.25553983 -0.047108777 -0.55659705 0.9915503
33 0.36063477 0.4367482 0.35701948 1.9263358 -0.35705122 -0.054959934 -0.28865612 1.2071447
8 -1.4639667 -0.2357239 0.4843872 1.0967522 0.8006375 0.05330078 0.59142125 -0.49755886
