50 8
16 -0.32288706 0.10796118 0.6583461 -0.57665956 0.21331999 0.42832494 0.50460654 0.43392822
32 0.3627596 0.37441075 0.6236858 0.20843752 0.38735983 0.5561363 -0.17953405 0.16486557
19 0.06107462 -0.37822366 0.8877454 -0.17680702 0.2106918 -0.53518426 -0.58760726 0.49368048
29 -0.30482483 0.4153002 0.3140722 0.116177015 0.6055257 0.73107594 0.51071 0.27084517
23 0.23817523 0.79193974 0.58881164 0.67557436 0.24885528 0.6489948 -0.37798953 0.03765078
37 0.2907649 -0.8662944 1.1403179 -0.4295463 0.40917593 -0.5444688 0.15374643 0.32330582
5 0.29579416 -0.5439947 0.8075824 -0.22967882 0.5552884 -0.47549522 0.011023711 0.5241883
26 -0.72481185 0.50705415 0.13878298 0.54679126 0.16378108 -0.051131982 -0.08027379 0.8590974
27 -0.31795567 0.93241066 0.36238512 0.11526567 0.16257295 1.2179432 0.49918818 0.2894481
6 -1.2567477 0.45466015 0.10700987 0.5420892 0.21328478 0.031069146 0.08539648 0.6947177
24 -0.09989234 -0.5723956 1.0722523 -0.53388983 0.06755571 -0.7388716 -0.3381228 0.5987992
25 0.44981742 0.7773524 0.5686969 0.6060229 0.09692836 1.2152997 0.07845533 0.1128824
20 -0.3070339 0.95028925 0.137192 0.802332 0.34609258 1.0519917 0.37135813 0.3411378
13 -0.29353228 0.7675269 0.111453846 1.3092935 0.38462567 0.542731 -0.5448937 0.37111214
14 0.53348714 0.50155085 0.8174851 0.2465685 0.035372037 1.162115 0.07130977 -0.06694872
1 -0.40174714 0.66974974 0.00025904132 0.69675356 0.7012958 0.9279022 0.58703613 0.40570903
3 0.18084846 -0.5516331 0.79291224 -0.15675686 0.60446364 -1.1576878 -0.7216974 0.6969455
9 0.15691723 0.62370425 0.46241236 1.1820492 0.120886065 0.9830191 -0.098414 0.103802375
49 -0.097380884 -0.6497677 1.2029544 -0.9286222 0.3052337 0.48314437 0.38013673 -0.16315065
39 -0.32546058 0.96317047 0.08175556 1.2766842 0.41783792 0.9161348 0.05115784 0.27110067
18 -0.032765042 -0.8324645 0.91522557 -0.54473704 0.457356 -0.64554965 -0.25654864 0.57497376
4 -0.29726884 1.148086 0.2541114 1.0367931 0.1211028 1.2477906 0.30709055 0.17415136
44 -0.61824197 -0.58608127 0.74990284 -0.9641216 0.671598 -0.9701836 0.029256163 0.699939
38 0.1189104 0.92861825 0.40339205 0.6229054 0.21277143 1.4592147 0.48029622 0.09188765
36 -0.65088964 1.081684 0.017324653 0.9685662 0.5023613 1.1600125 0.28019777 0.16796215
8 -0.79512626 0.5193524 0.10098367 0.45322517 0.24959536 0.10007406 -0.1514517 0.83605903
45 -0.765852 -0.603261 0.6956565 -0.73280007 0.522853 -1.1904373 -0.17671931 0.90338266
28 -0.61350876 1.0609894 -0.055089295 0.9154988 0.49280533 0.9758463 0.45679325 0.45102957
7 0.22779076 -0.40089715 0.7153597 0.02898005 0.5307057 -1.0505863 -0.66457385 0.75584716
0 0.08059664 -1.0683733 1.2914454 -0.94608605 0.2505012 -0.99075973 -0.22347398 0.55715925
15 0.17715792 -1.0429693 1.2948005 -0.799011 0.28905076 -1.202743 -0.42754388 0.5867348
41 -0.42033878 1.1779844 0.018696403 1.0336442 0.41727796 1.6006496 0.68437994 0.20548737
17 -0.5176388 -0.84514254 0.7088106 -1.2241113 0.7553386 -1.1272992 -0.12253592 0.9326277
10 -0.87942 0.33656588 0.3305943 0.4068966 0.20434548 -0.2819063 -0.5082113 0.57084787
34 0.07998174 0.92143255 0.45987543 0.8019684 0.11283254 1.4993536 0.50577563 0.048982248
21 0.72419417 -0.14089325 0.90054613 0.71720654 0.36081865 0.13705596 -1.0881287 -0.111740775
40 -0.5026322 1.0372734 0.2554798 0.613631 -0.0052984557 1.1864642 0.37647232 0.3929837
22 -0.028946875 -0.98462707 1.2838956 -0.9580344 0.37194413 -0.9360087 -0.2890449 0.4065573
30 -0.07138731 -0.77973664 1.2341533 -0.5979158 0.25626507 -1.020818 -0.4249906 0.39906022
31 -0.9194243 1.0941584 -0.06384186 0.44203985 0.2973066 1.0496796 0.72595906 0.6155839
46 -0.38277647 -0.67277974 1.0440507 -1.4930017 0.4846213 -1.0160483 -0.048775937 0.7089115
2 0.44453645 -0.51319975 1.5473441 -0.6835594 -0.17749415 -0.57563096 -0.57918495 0.16325384
35 -0.37062493 -0.7493994 0.82834876 -0.8141546 0.60249645 -1.1216284 0.13375251 0.79851246
42 -0.42235655 -1.131532 0.9707785 -1.081604 0.53915435 -1.2245381 0.050148726 0.8829028
12 0.203157 0.21619591 0.56979334 1.1307896 0.27024457 -0.40344414 -1.3379297 0.30996898
33 0.9540758 -0.54471034 0.98216945 0.85947007 0.54947966 -0.088556305 -1.076074 -0.1570318
11 0.56900007 0.5836639 0.5626157 0.6109167 0.31102583 1.217216 0.0007773599 -0.019302059
43 -0.51429725 1.0001844 -0.22746184 0.8259165 0.8931193 1.1216803 0.8760881 0.45075932
48 0.3004726 -0.06970787 1.1378258 -1.0871797 0.0708509 0.82033646 0.4322439 -0.01062874
47 -0.50642407 -0.94148904 0.635354 -0.2834384 0.62615514 -0.65825725 0.62068915 0.76357174
