50 8
48 0.5950559 0.2555386 0.65468657 -0.6078861 0.028840771 1.1977468 0.023924347 -0.11607423
1 -0.3832603 0.38696125 0.66762084 -0.48200506 0.19706276 1.1961474 0.57650995 -0.28272507
16 0.6296807 0.06773857 0.71867335 -0.4381777 0.21964365 0.47540203 -0.14387365 0.26195267
23 -0.11122632 0.043527633 0.7533407 -0.25689968 0.67775255 0.6511156 0.3008766 -0.115080684
28 -0.72431874 0.41183203 0.30306515 -0.34267217 0.34182632 1.2891734 0.5802223 0.079163395
45 -0.46619356 0.4276579 0.624443 -0.65064895 0.25663328 1.5829724 0.6982614 -0.40171507
34 0.4105369 0.4652195 0.62412274 -0.58496475 -0.26945764 1.2307007 0.14001215 -0.18049371
14 1.2426207 0.28971136 0.38697168 0.6245741 -0.55001485 -0.047730107 -0.8436369 0.692055
27 -0.3627759 0.4189179 0.55291265 -0.6647727 0.452272 1.3688127 0.36739978 -0.21802904
49 -0.038707085 0.1907209 0.89401215 -0.79941845 0.53603214 1.1669785 0.31410292 -0.4366947
36 -0.7280386 0.4865085 0.63891006 -0.65955186 0.1837871 1.3312505 0.69901884 -0.2793994
21 0.7688646 -0.019135417 0.46377876 1.0976723 -0.2909118 -0.63182753 -1.0064713 0.83394915
38 0.26179987 0.3546092 0.67572653 -0.58431685 -0.06320296 1.5128999 0.26331013 -0.42332208
4 -0.061204795 0.43904424 0.50185364 -0.4461868 -0.22210452 1.2578756 0.16271015 -0.07805448
6 -1.4481338 0.27577356 0.328657 0.14932762 0.34349167 0.8437626 0.617559 0.056768365
42 -1.0535849 0.08523218 0.79678583 -0.65217686 1.0255136 0.7809343 0.83180016 -0.1301706
40 -0.9524802 0.26542565 0.66278005 -0.39239 0.572647 0.74993527 1.0772369 -0.07522818
17 -0.69906807 -0.19291927 1.1799746 -0.4072351 0.98043114 0.1551481 0.3740583 -0.27969196
44 -1.2251282 0.24803734 0.6642773 -0.2293029 0.5972435 0.81294304 1.0145606 -0.17921121
24 0.4586602 0.13161843 0.56682634 0.8519439 0.37877792 -0.7080742 -0.76199037 0.5282522
19 0.4096975 0.16806087 0.5028933 0.9340195 0.26403376 -0.95126736 -0.6965709 0.81765825
41 -0.53159475 0.54599017 0.491181 -0.45976162 0.17723915 1.6304584 0.8096623 -0.46015948
46 -0.82862645 0.3248037 0.8411601 -0.7379986 0.42139852 0.9645697 0.68520486 -0.29483145
43 -0.60611033 0.3246219 0.675091 -0.76292837 0.57330817 1.2437962 0.9163297 -0.18218014
9 0.9637698 0.65692395 0.5693693 -0.16144527 -0.70574987 0.7645797 -0.08555502 0.0039926036
0 0.49351668 -0.13719565 0.64367926 0.80538994 0.21733935 -1.0804187 -0.9109967 1.0342733
18 0.06001032 -0.022232255 0.2646347 1.2518783 0.010172579 -1.0282077 -0.30462414 1.3144169
47 -0.2709271 0.29401198 0.813228 -0.60451597 0.23725235 1.3054646 0.64656836 -0.4509388
29 1.0623407 0.36472014 0.33727607 0.8694834 -0.48080507 -0.09885188 -0.7842876 0.5536137
30 -0.2896921 -0.010325733 0.5347791 0.83101565 0.530017 -0.98784703 -0.12945032 0.8728858
12 0.39512068 -0.23206474 0.55123836 1.139997 0.28350174 -1.1160195 -0.78773457 1.0847317
37 0.8145656 -0.120419994 0.5766627 1.262725 -0.21209149 -1.1319863 -0.90452206 1.0623802
7 0.36461404 0.06689407 0.30132997 1.4558376 -0.18869463 -1.1454417 -0.57613045 1.2744192
2 0.52391976 -0.065971084 0.60063165 1.1385701 -0.08473684 -1.0797033 -0.71610224 0.9091523
25 1.3446769 0.29710895 -0.017659945 0.87646353 -0.4235385 0.105910696 -1.126477 1.0034388
26 -1.5334823 -0.23407611 0.5601122 0.5966024 0.7193363 -0.52717835 0.26698864 0.64469075
33 0.5980451 6.14748e-05 0.30054492 1.3286792 -0.35529062 -0.7287218 -0.9296621 1.127684
13 0.16911411 0.2125117 -0.19486888 1.415003 -0.4303969 -0.5471071 -0.6152782 1.5415752
5 0.83947897 0.49568126 0.87578416 -0.32776964 0.25961635 0.5502305 -0.18269657 -0.35667875
3 0.49807775 -0.041589648 0.5249585 1.2277101 -0.07870715 -1.2893885 -0.7980855 1.2407364
39 -0.6994845 0.4762951 0.6106373 -0.72009754 0.29803726 1.5913996 0.97009766 -0.33321893
31 -1.1864326 0.38082436 0.64576566 -0.6242592 0.67862153 1.1533947 1.0603284 -0.17660707
11 0.68843 0.7101708 0.46543846 -0.33846495 -0.8386066 1.1948662 -0.06993064 -0.05784803
32 0.51382595 0.016205732 0.48105496 1.2866278 -0.41716638 -1.0681782 -0.7611969 1.0985558
22 0.2956098 -0.06195143 0.42872265 1.3672913 -0.23238915 -1.1660436 -1.0395578 1.20042
15 0.11013007 -0.022673966 0.9940541 0.79133236 0.20600224 -1.5631093 -0.3639409 0.73394465
8 -1.7009492 0.3130156 0.047872648 0.46646082 0.09384134 0.7952081 0.471673 0.34256375
10 -0.416198 0.59748554 -0.25982544 1.4758226 -0.7286782 -0.42357624 -0.3452815 1.2549518
20 0.304614 0.2983669 -0.27426842 0.4662651 -0.9857108 1.6642383 0.065349534 0.5181772
35 0.64917475 -0.110430956 0.5691858 1.2656785 -0.3143717 -1.3751206 -0.8959929 1.3411313
