50 8
24 -0.4432761 0.9511459 -0.043930765 0.29838762 0.14908844 -0.34061784 -0.08939072 -0.4295465
42 -0.035931505 1.0523988 0.100932576 0.2407554 0.055962823 -0.5999154 -0.47317964 -0.2825921
28 -0.25608128 0.5087319 0.5342421 0.6144321 0.18052703 -0.31688824 -0.5137548 -0.5146239
16 -0.59698683 0.8893498 0.41164207 0.18523742 -0.09278448 0.05278028 0.18805607 -0.6693702
43 -0.13149863 0.9722139 0.25480348 0.27149835 -0.015554557 -0.431799 0.23114643 -0.40442628
45 -0.6031079 0.832904 0.5254916 0.24266954 0.68785816 0.30264965 -0.101204075 -0.79691505
4 -0.863745 0.37257385 0.2808745 0.7969122 -0.39828306 0.6759403 0.4993169 -0.4588852
26 -0.39505872 0.28444582 1.0537388 0.36864984 0.30901703 -1.1152794 -0.30166402 -0.35617253
23 -0.76808774 1.0828533 0.18449554 0.0923672 0.34769076 0.690651 0.22918472 -0.6083492
31 0.056967907 0.714541 0.25068918 0.38799313 0.1784524 -1.2555465 -0.33447912 0.09366299
19 -0.34617168 0.9754631 0.30737025 0.14723064 0.0727335 -0.6336999 -0.42402253 -0.67628354
6 0.040302195 0.038703315 0.39022803 1.1884588 -0.947373 -0.82643175 0.49514586 0.3066148
25 -0.41165102 1.0617042 -0.053164255 0.28881833 -0.23732118 0.27154362 -0.12912843 -0.24419013
36 -0.75739646 -0.07835631 0.40828142 1.1617982 -0.54442644 0.5146394 0.5725314 0.111497596
1 0.22789386 1.1766539 -0.13411768 0.35043177 0.16140321 0.20010617 0.48248187 0.648215
49 -0.9509025 0.3549224 0.5542786 0.6730452 -0.026301563 0.8777334 0.091751404 -0.46622312
21 -0.06503715 0.5320908 0.11765749 0.62325203 0.29797947 -0.55540067 -0.45358652 0.8306094
44 0.19413684 1.1910274 0.10406028 0.074714355 0.0996242 -0.5339708 -0.63484615 0.59799755
39 0.00045607126 1.1006771 -0.16531739 0.23306519 0.8190009 -0.13410807 -0.24166133 0.8267896
15 -0.7254698 0.75896895 0.46341372 0.25626025 0.59205395 0.34586206 -0.107529975 -0.45925033
18 0.5687719 0.6288398 0.20822142 0.6831641 -0.063263915 -1.2403224 0.050563093 1.0405716
3 -0.34550875 1.2939521 0.13933276 0.0029385118 1.1858141 0.6360817 -0.21036422 -0.24703678
41 -0.7429409 0.89335364 0.009984485 0.31974477 0.7223021 0.6695204 -0.12469995 -0.15391494
10 -0.045719713 -0.12156726 0.82884836 1.1692336 -0.9759501 -0.8351521 0.2887139 -0.18635863
2 -0.52883 0.9736978 0.6176742 -0.04066698 0.82055414 0.08072636 -0.3238953 -0.44986117
12 0.29394716 0.9822473 0.22026695 0.21175897 0.47114497 -1.1759385 -0.34189215 0.5059716
20 -0.67643887 0.2291218 0.853535 0.64792883 -0.6631122 -0.059025552 0.25640914 -0.60076886
34 -0.72204924 0.8577204 -0.018768763 0.46924463 0.07749616 1.5364848 0.33153692 0.35689363
40 0.57733387 1.244868 -0.2985692 0.2703532 0.43862978 -0.33623683 0.25294328 1.6443042
0 -0.0145274345 0.9404234 0.56730705 0.14108287 0.54278773 -0.5351568 -0.78306305 -0.23679565
48 0.12660499 1.0416806 -0.5195138 0.6105887 0.60439485 0.40159193 -0.4504523 0.9996023
17 -0.4486692 0.31649667 0.76653844 0.64879054 -0.4213366 -0.57613295 -0.05243044 -0.7180113
13 0.44925126 0.69490457 0.2470005 0.5516249 -0.315497 -1.4594905 -0.022314135 0.6815742
38 -0.56425893 0.41444394 -0.22353755 1.0495688 -0.40186659 0.8266195 0.398024 0.29306987
29 0.19811182 0.9565511 0.31222898 0.1404001 -0.36332113 -1.1145775 -0.050336022 0.4310583
46 -0.54721963 -0.17276219 0.7036071 1.1730659 -0.4894654 0.4524654 0.5090289 0.41445833
8 0.4532318 0.4164924 -0.17583774 1.0971568 -0.6345339 -1.0087632 -0.30810338 0.9015253
9 -0.9580154 0.22676305 0.48249894 0.7739518 -0.24980819 1.4294916 0.62949055 0.517711
27 -1.019268 0.008717106 0.6340823 0.843645 -0.6065898 0.26135314 0.121872336 -0.39411607
35 0.21418235 -0.10555335 -0.031544372 1.4689608 -0.40870672 -0.44765276 0.1392816 1.9188372
47 -0.7669429 0.6734676 0.006792811 0.7549092 0.20399632 1.6924063 0.20035484 0.122586034
14 -0.7337067 0.63239306 0.09290389 0.66877973 -0.08621952 1.3622937 0.15881497 0.08412184
5 -0.32661206 0.16104734 0.117660195 1.2738602 -0.7792935 0.106743485 0.30036855 -0.43179214
11 -1.1268855 0.2228363 0.5152788 0.87929785 -0.20868069 1.674762 0.15860929 -0.19446558
7 0.41281393 0.22066425 0.30508882 1.0482143 -0.4906786 -1.649472 -0.08269031 0.54270536
30 0.9486974 0.9985529 -0.38914058 0.71665686 0.31957346 -0.92060417 -0.050383635 1.731709
22 0.15823494 -0.26925868 0.6673858 1.375174 -0.30806306 -0.35580263 0.2580258 1.0954278
37 0.4780506 -0.14998549 0.063519366 1.5306758 -0.53385407 -0.87063706 0.12508522 2.1691153
32 0.18897843 0.65613484 -0.36740866 0.8773442 0.09172719 0.41183457 0.76249075 1.9265714
33 0.23322268 0.41961843 -0.51388735 1.2108642 0.09284736 0.1540613 0.3273828 2.1302962
