50 8
1 -0.45392329 0.053757872 0.7633012 -0.7922351 0.60151607 0.41387993 -0.413611 0.080330946
28 -0.55813813 0.21175201 0.50396216 -0.46269834 0.77582705 0.35417533 -0.09840606 0.46518156
27 0.022574924 0.23533355 0.56133884 -0.5512086 0.73643553 0.67842317 -0.22253291 0.04324464
31 -0.5776881 0.46284312 0.24459893 0.010406245 0.25019714 0.71458 -0.13687572 0.85340595
6 -0.6236691 0.052182157 0.58618104 -0.0026438304 0.22232746 0.84607327 0.40711865 0.6387793
23 0.31211793 0.2726197 0.08492467 -0.10641792 0.90358454 0.2681423 -0.9819296 0.6062092
43 -0.654177 -0.038909927 1.0847315 -0.3066824 0.70218194 0.034634523 1.0351248 0.19343908
20 -0.46124566 0.19082198 0.28417122 -0.35934657 0.59154725 1.1460419 -0.14869922 0.503659
12 -0.19625239 0.20803884 -0.044682454 0.4465881 0.8384175 0.6075338 -0.52577055 0.65642357
41 0.048553165 -0.15773174 0.5948295 -0.014575566 0.69960976 1.5419452 0.15408637 -0.64197296
10 -0.41063756 0.43514442 0.22708249 -0.47459266 0.6455027 0.4402429 -0.685775 0.6939381
36 -0.12195729 0.09109119 1.0343049 -0.85246426 0.6084314 0.6315099 0.050516516 -0.63041246
16 0.1246781 -0.076678075 1.2805455 -0.5963253 0.5160329 0.38260126 0.54877716 -0.68729144
4 -0.2547345 0.06508414 0.9474851 -0.7231015 0.46901077 0.7874398 0.18192735 -0.21974811
14 0.9490788 0.5584007 0.79090023 -0.39788827 0.22433132 0.09051558 -0.82304233 -0.5305849
17 -0.3307773 0.14239445 0.971562 -0.36249572 0.4704546 -0.3860885 0.36410174 0.5749836
34 0.56377935 0.0131871505 0.49916676 -0.34926346 0.49733254 1.3387585 -0.3765914 -0.07966308
8 -0.52676946 0.14792041 0.21561825 0.7445783 0.10396982 0.6843944 -0.01749495 1.1140484
38 -0.4946603 0.08011886 0.71231496 -0.42937323 0.5796612 0.9916868 0.59494734 0.21989536
39 -0.64233613 0.16755871 0.73687303 -0.38071847 0.7073825 0.7896423 0.6997213 0.026990665
13 0.4156511 0.22957817 -0.143059 1.1489604 0.52418333 0.7447641 -0.6882043 0.5321515
9 0.8695901 0.1429628 0.55357414 -0.9640994 0.72902745 0.64860904 -1.1471254 -0.074039936
24 0.12129356 0.5830265 -0.2048703 0.18820404 0.740328 0.1088584 -1.6124446 0.6980166
26 -0.63767046 0.14363399 0.2840934 0.7530918 -0.047094606 1.0794994 0.335657 0.93336457
40 0.20600021 0.63856196 0.6048477 1.709873 -0.69990945 0.3641494 0.7579427 0.43793535
19 0.62614906 0.43581384 0.016311876 0.27699578 0.41811317 0.09335099 -1.6772126 0.62695444
49 -0.11749738 0.30132064 0.8927596 -0.98281914 0.61187214 -0.20807256 -0.7425277 -0.2574886
45 -0.31520817 -0.083911836 1.0962423 -0.7182039 0.60293525 0.71398795 0.4793157 -0.43596876
29 0.64064085 0.3481607 0.22604735 0.009083942 0.70093554 0.70812494 -1.0762753 -0.4479835
42 -0.22551784 0.23690291 1.7715245 0.05500793 -0.19544086 -1.4934803 0.72544104 -0.15096623
48 -0.0339045 -0.24585497 0.94293237 -0.8624213 0.8839946 1.1718256 0.7308979 -0.108147226
44 -0.5515286 -0.03807703 0.50434774 -0.113942444 0.5750531 1.3962517 0.9741935 0.7655198
11 0.6858084 0.31381023 1.3358706 -0.51436394 0.15361375 0.16982865 -0.39775133 -1.5270392
0 -0.1648886 0.82556254 0.7681738 1.7144067 -0.62942904 -1.5156715 -0.59798473 0.18153113
21 0.002243255 0.5985856 -0.021749632 0.57197565 0.12552762 -0.12083172 -1.9728141 0.50195825
5 0.2576514 0.6918072 1.2170601 -1.0107234 0.52146876 -1.1354476 -0.40346318 -0.28130266
15 -0.007595945 1.1687614 0.6698209 0.9419336 -0.7195394 -1.2858032 -0.7393372 0.68047816
30 -0.08948367 0.51020443 1.2013477 2.1085258 -0.5871103 -1.2576346 0.76317894 -0.12472705
18 -0.095318995 0.035789493 0.8352694 2.48843 -0.3329082 -0.66036934 0.5352698 0.113091506
25 1.0895134 -0.047495145 1.3223307 1.3058112 -0.27654958 -0.15301098 0.24706729 -1.1677803
37 0.73415333 -0.08790308 1.5755887 1.4209908 -0.27573067 -1.4781233 -0.09016744 -0.9436489
7 0.11062066 0.6103894 -0.3386068 1.1240084 0.15146984 0.011709886 -1.1266706 1.7343246
2 -0.08755858 0.89538723 0.10057232 2.0207043 -0.6317684 -0.47041962 -0.6612996 1.0087303
46 -0.39931172 0.6832771 1.2498097 1.2794446 -0.50203586 -1.7859617 -0.15236956 -0.3564091
47 -0.42329904 -0.13743457 1.7878344 -0.20343517 0.18263604 -0.80090684 0.7350108 -0.75752866
3 0.13632546 0.7931648 -0.22095825 0.7920226 0.2965883 -0.6067091 -1.5297574 1.4724655
32 0.54063 0.677598 1.100499 2.2800643 -1.0174656 -0.8308348 0.48660803 -0.16807537
33 1.0241241 0.13893002 1.2760491 2.3788064 -0.54023796 -1.2276931 0.024673276 -0.7741807
22 0.5292581 0.106939025 1.5068806 2.011759 -0.50634444 -1.2936162 0.19599116 -0.9600091
35 0.28699556 0.67035156 1.8834591 1.7328492 -1.203645 -1.4495434 1.0497924 -0.6618857
