50 8
23 0.8558455 0.9449859 0.8601659 0.21985386 -0.29035488 0.62453914 -0.2932956 0.17365201
43 -0.48379886 0.4511847 0.48018107 -0.104706906 0.65459174 -0.15356608 0.85841006 0.85326135
31 -0.23448859 0.18969601 0.7201276 0.50411475 1.2602727 -0.14761427 0.15308711 -0.31189722
1 0.72283965 0.31458917 0.8042964 0.6236009 -0.08308268 1.0928636 -0.17155609 -0.025899604
18 -0.11840729 -0.2585076 0.73204535 0.6331031 0.8318007 -0.036979523 -0.8500995 -0.19271466
19 -0.10026861 0.65367514 0.62289166 -0.33242878 1.0171276 -0.06303031 -0.34529486 0.1414638
46 -0.17267093 0.20953666 0.7784851 -0.20617118 0.38988793 -0.16122718 -0.27601588 0.65121967
39 -0.07533934 0.4669852 0.5892628 1.1234871 0.61247134 0.31806183 0.47963357 -0.33827052
28 -0.7444321 0.25235087 -0.010168377 0.6928576 0.031745132 0.2178451 0.9042502 1.2318181
40 -0.04369557 0.3641071 0.20628306 1.453867 0.824169 0.37949875 0.3718846 -0.32438874
0 -0.30444393 0.08374031 0.7894079 -0.6194326 1.4618936 -0.28536853 -0.578196 0.20628409
49 -0.23840411 0.33824253 0.18738136 -0.81971925 -0.008791286 0.0009010117 0.091605626 2.0096047
42 -0.71908146 0.055951495 0.83319587 -0.550457 0.80436337 -0.31770775 -0.069305725 0.7075906
17 0.27013862 0.2304412 0.8891627 -0.81383556 0.44703335 0.023915537 0.21227556 0.9923415
12 -0.104862265 0.15340997 0.0933058 0.9968298 1.1927661 -0.17375721 -0.9865544 -0.22393183
15 -0.19924785 0.6212436 0.86482966 -0.5774275 0.22770938 -0.1229731 -0.5294233 0.6589345
35 0.9257046 0.33465514 0.71502525 1.2757142 -0.6361886 0.81161964 -0.8286656 -0.045939967
24 0.39222467 0.40597674 0.9317203 0.7046508 0.40535268 0.49877822 -1.0203614 -0.64919525
25 0.17406283 -0.19325538 0.4296783 0.66000193 -0.024946665 0.015595831 -0.80311245 0.7060801
29 0.5616482 0.22034149 0.3676732 -0.15726715 0.43963566 0.1288115 -1.2672887 0.6743788
30 -0.5029558 -0.04517937 0.7867979 0.7717731 1.2235054 -0.41515115 0.18147488 -0.3363612
41 0.6656898 0.60219264 0.3232043 1.2557493 -0.06360241 0.84740996 1.3823167 0.3634417
22 -0.058054905 0.3586708 0.8276086 0.83680904 0.3715458 -0.026043218 0.026806908 -0.17703779
45 -0.11775899 0.22547708 0.75902843 -0.63992053 0.24215856 -0.37664598 -0.34631893 1.134195
21 0.017291587 -0.1573957 0.2062848 0.024574006 0.5861342 0.2138519 -1.5454654 0.6607134
26 -0.9481017 -0.32205832 0.19526896 0.5189557 1.301695 -0.5696565 0.15128574 0.5571449
37 -0.08150665 -0.0525044 0.86905956 0.72158617 0.28797668 -0.08706926 -1.0205798 -0.09296823
20 -0.643226 -0.015070529 -0.13947627 0.017408244 -0.16889353 -0.08012867 0.023338854 2.0210545
36 -0.090827204 0.7657022 0.6762726 0.18310711 -0.2634125 0.7080311 1.4657346 0.9278492
4 -0.186735 0.5499303 0.21577339 0.39695287 -1.1120067 0.8337284 0.80119896 1.7394913
6 -0.69986045 -0.36809054 0.17431243 0.8034887 0.8077026 0.16058281 0.16070323 0.52842015
10 -0.93368983 0.10358483 -0.35648972 0.62703943 0.040723193 -0.44318217 -0.20255896 1.5873524
2 0.54875344 0.38388705 1.3162813 0.26992288 0.23456345 0.33220088 -1.1690812 -0.5544631
14 0.69395095 0.7845355 0.29825136 0.23228145 -0.95606846 0.73368955 -0.35790324 1.2658175
48 0.39999506 0.31457028 -0.12006179 1.2227458 -0.15127435 1.0064368 0.7310177 0.80105317
27 0.06175771 0.6951985 0.051987622 0.79772204 0.057046924 0.24459746 1.4833384 1.0318248
8 -0.91101086 -0.20260005 -0.12184035 -0.21236509 1.358274 -0.7617532 -0.3178992 1.2631238
3 0.6355973 0.29450348 1.0815395 0.12147998 0.5577347 0.13874564 -1.3633673 -0.40955523
13 -0.62416583 -0.31338045 -0.36613056 1.8037329 0.873646 -0.18104075 -0.45465147 0.22364676
16 0.21641983 0.20874742 0.617238 -0.98587286 -0.32344636 0.29436085 -0.15597323 1.804294
33 0.35025007 0.017077977 0.6432938 1.338061 0.052015666 0.6637468 -1.1044122 -0.41180712
44 -0.2648467 -0.7153557 0.45580044 1.1356128 1.0427669 0.0741337 -1.020244 -0.24042988
9 0.36722428 0.35629174 0.7048024 0.25005776 -1.2658108 0.80254644 0.42699093 1.4894531
34 0.47701898 1.0338309 0.5354025 0.3039355 -0.9492701 0.97683525 1.0272994 1.1574416
5 -0.021156698 0.8327139 0.13023521 -1.0309687 -0.09730677 -0.3884899 0.27085397 2.2271955
11 0.809138 0.49884617 0.9392963 -0.54468375 -1.1064688 0.9055922 -0.21982782 1.4476608
32 0.031771936 0.06580805 0.6307758 1.4111594 0.8744177 0.15689868 -1.1500335 -0.9288512
38 0.8014546 0.9791713 0.5505706 1.0807439 -0.85900205 1.0431553 0.8995081 0.48712248
7 -0.6695275 -0.014365645 0.112419374 -0.6467021 1.5745767 -0.4803992 -0.28659606 0.9883299
47 0.33995682 0.7614268 0.6703091 1.0955575 -0.06270936 0.75742465 1.3686516 0.06108255
