50 8
43 -0.5404467 0.38048813 0.3406693 0.81042695 -0.26129073 0.2726107 -0.21726884 -0.26357806
1 -0.36665633 0.40677425 1.1828537 0.07273004 0.013328383 0.48240888 -0.13765971 -0.045441158
6 -0.19408499 0.5146162 -0.012518451 0.63110685 -0.9140954 -0.540186 -0.019794062 -0.14560123
24 -0.57341117 0.32002035 1.3127671 -0.46993855 -0.47430196 -0.10549272 -0.52454454 -0.49758175
34 -0.76489395 0.49487087 1.106463 -0.007072573 0.20217204 0.80121076 -0.53348523 -0.3063115
19 -0.6127968 0.42252415 0.53309923 -0.059753995 -1.0736836 -0.402714 -0.35513455 -0.65715975
36 -0.32116172 0.5445627 0.51550376 0.9383919 -0.19818398 0.75233525 0.13373284 -0.40800685
23 -0.7380479 0.36219215 1.0180135 -0.32981318 -0.14506401 -0.073382035 -0.32869634 -0.2305213
14 -0.6000896 0.44645566 0.9972718 0.360942 0.46730602 0.99725026 -0.17878114 0.012249115
27 -0.9011759 0.27331868 0.96876556 0.28344652 0.11285249 0.81115943 -0.7698905 -0.41213235
15 -0.69280404 -0.06720783 0.91089594 0.31023213 -1.1591804 -0.25118044 -0.18996902 -0.6342522
40 -0.11386022 0.79718083 -0.9707441 1.0775694 0.41964155 -0.927267 0.29616138 0.9638361
4 -0.50450826 0.3470217 1.1280099 0.51269513 0.013863102 0.76123965 0.17315635 -0.44286683
12 -0.3322836 0.38429847 -0.19656037 0.15491953 -0.3013515 -1.5865891 -0.18333541 0.5352655
20 -0.37601393 0.29401675 1.201155 0.014737944 -0.60806 0.030879267 0.0678363 -0.51580006
9 -0.512132 0.73992896 0.9697205 0.23389362 0.599656 1.0884631 0.33826104 0.18583345
17 -0.51896745 0.17037621 1.1465242 -0.25986597 -0.53898704 -0.4501829 -0.48660937 -0.33416164
16 -0.43245706 0.5472909 0.9748882 -0.3406319 -0.6426553 -0.09282476 -0.45944464 -0.42711222
25 -0.28902134 0.7168962 0.1823256 -0.32046634 -0.2758224 -0.7441129 -0.5106524 0.4967344
18 -0.016418105 0.8896827 -0.41443232 -0.09516777 -0.024640625 -1.5588769 -0.111693524 0.9698916
28 -0.4671677 0.37840402 1.3830491 0.1759651 -0.5466455 0.7079944 0.0985777 -0.67434675
39 -0.31021687 0.8696732 -0.55002844 0.64442974 0.8909598 -0.48750654 0.17259818 1.0394421
41 -0.37695494 0.6348995 0.572444 0.94817793 1.0892577 0.89015394 0.13972582 0.18498954
21 -0.6925456 0.37801746 0.77881163 -0.43820387 1.0011582 -0.30196375 -0.5056602 0.86207503
42 -0.0669714 0.47469035 0.37646753 0.019155433 -0.79223984 -1.0776423 0.54994136 0.22551438
29 -0.26250392 0.65561956 -0.4971086 0.70938057 -0.53000236 -0.7290219 -0.31477544 0.19504139
49 -0.615177 0.35791218 1.2353626 0.45454594 0.22925647 1.125174 0.0990684 -0.16611728
26 0.023660569 0.5863494 -0.40002352 0.5275678 -0.742285 -1.5531191 -0.150941 0.15771097
10 -0.04149267 0.59013164 0.21766914 0.4869699 -1.2160301 -0.6631544 0.31548473 -0.53973264
3 -0.693903 0.7601367 0.644518 -1.0794193 -0.004464405 -0.8357193 -0.82580525 0.020267976
8 0.12233641 0.825748 -0.57456595 0.8890463 -0.72996736 -1.0051601 0.38352868 0.18634522
2 -0.8188118 0.55952364 0.80133116 -0.6105518 -0.7740299 -0.20071019 -0.66887003 -0.5397524
11 -0.629767 0.30437258 1.1721622 0.4097099 0.09264365 1.1226636 -0.28434202 -0.046051804
5 -0.5152207 0.19838206 1.5495921 0.25321472 -0.26672983 0.9221026 0.10399288 -0.22563288
45 -0.05643259 0.64296466 0.3407807 0.2221201 -1.0717742 -0.44517648 0.27037892 -0.050795995
35 -0.05270561 0.8002615 -0.061943326 0.79708934 1.5894202 -0.12881178 0.47324646 1.3297867
38 -0.48601273 0.6726987 0.46635592 0.9692125 1.0956068 1.094095 0.079212345 0.20243205
44 0.31795126 0.9204895 -1.0364751 0.91845286 -0.16484798 -1.7547593 0.23310001 0.7792957
7 -0.43034202 0.38839257 -0.58607996 0.5616539 -1.0325761 -1.6131613 -0.48169237 -0.11477241
31 -0.0143297585 0.6415161 -1.0041018 0.9709611 0.03731485 -1.7248088 -0.2111325 0.718392
37 0.016781654 0.5392448 0.16397983 0.18994918 0.44758612 -1.1342862 0.8057874 1.3190516
30 0.2290725 1.0475308 -1.0826182 0.90830845 0.48120153 -1.4345783 0.33184254 1.1844993
13 0.07045684 0.48719165 -0.94841665 1.5641747 -0.3050219 -1.3804392 0.80790305 0.62202275
46 -0.57550013 0.20174843 0.8778957 1.2533108 0.025881395 1.3210012 -0.23978359 -0.3799715
48 -0.11789568 0.7957992 0.11502175 1.375276 0.91071767 0.86294186 0.18868507 0.16249774
0 -0.60809493 0.47543174 0.3555148 -0.89806944 -1.2593324 -1.5502394 -0.7795579 -0.09013319
33 0.11766647 1.0776289 -0.41751888 0.77275765 1.6652734 -0.25605094 0.62719846 1.7631084
22 0.25338554 0.5254884 -0.6180302 1.5953996 0.82588017 -0.94626 0.87066036 1.2673522
47 -0.2898802 0.44599366 1.2154895 0.6411661 0.62490344 1.2026104 0.07358877 0.20380087
32 0.27220163 1.1183622 -0.62702626 0.47485697 0.95452774 -1.1868813 0.54672724 1.5789955
