50 8
25 -0.101692386 0.62421775 0.60385823 0.043277696 -0.094957046 -0.4283035 -0.31652617 0.18531163
24 -0.40538007 0.7939857 0.43476805 -0.008533612 0.4966973 0.085551806 -0.18388274 0.40488246
23 0.09344989 0.89449424 0.8575742 -0.41321936 0.11785693 -0.3150594 0.026557973 0.44049376
34 -0.37813726 1.1390495 0.5710972 -0.38311636 0.66870743 0.39855084 0.403608 0.32464162
19 -0.36109582 0.26901454 0.58294404 0.585609 -0.7324246 -0.33625072 0.13656655 -0.31317568
41 0.107560046 0.9863435 0.8839591 -0.3599438 0.6201688 0.032236952 0.02758856 0.05530149
21 -0.13324925 0.6205839 1.1984476 -0.40442297 0.5123853 0.535468 0.14030439 0.19880414
1 -0.37274566 0.937309 0.83105093 -0.41202816 0.03272524 0.44203016 0.549208 -0.21851934
38 -0.15244943 1.2993283 0.60978544 -0.6286108 0.41167107 -0.20946422 0.38462955 -0.008313354
28 -0.25760248 0.39296538 1.2133312 -0.23565221 -0.7858734 -0.19028613 0.17813537 -0.7763981
39 -0.36870068 0.71809006 0.096825235 0.61804074 0.66942835 0.38190222 -0.27343738 1.1332176
43 -0.30125943 0.23531531 1.2100192 -0.07540891 -0.43263847 -0.24836144 0.23342788 -0.55655974
40 -0.40242076 0.69268286 -0.011369295 0.7512025 0.721515 0.11939732 -0.02479038 1.2972584
0 -0.07418674 0.18688123 0.25537714 1.2856244 0.48868182 -0.11992094 -0.72039455 0.79712963
27 -0.5397832 0.26943895 1.203347 -0.22625679 -0.89332515 -0.05815273 0.26571712 -0.8208634
12 0.0021262432 0.73960966 0.3133559 0.31189147 0.5631174 -0.71368676 -0.2923389 1.0815896
4 -0.29253978 0.7580092 1.2995231 -0.6893633 -0.26435915 0.28367954 0.511541 -0.85432136
32 -0.03346938 1.0086242 0.2410946 0.34925878 1.0220455 0.23462532 -0.20135394 1.0115281
2 -0.23599306 0.4606012 0.21604885 0.81055796 0.37504208 -0.30767587 -0.14748397 0.9054499
14 -0.3178868 1.429824 0.53786343 -0.6909589 0.22972375 0.62439984 0.59282905 0.24929658
35 0.042684983 0.86666244 0.30966935 0.46906394 1.0283923 0.11086918 -0.0142467655 1.2400653
31 -0.40526065 0.4388674 -0.3419115 1.487366 0.23359188 -0.43634766 -0.69930995 0.55367136
36 -0.19012928 0.9524687 1.0825207 -0.67154807 -0.109749205 0.33568788 0.3543501 -0.45320186
16 -0.56054765 1.0139353 0.8179183 -0.7383711 -0.7320208 0.06359667 0.48450992 -0.5651188
33 0.14995968 0.9789332 0.829042 -0.28389505 1.0628421 0.5847313 -0.18138121 1.017793
48 -0.19386001 0.9830338 0.44075972 -0.23394357 -0.24149524 -0.67279965 -0.0985916 -0.051849484
26 -0.29092366 -0.4723368 0.8788606 1.2103845 -0.78158325 -0.25205955 -0.56234676 -0.33125797
3 -0.15693119 0.6120527 0.53492475 0.22060198 0.8509398 -0.06808967 -0.5547224 0.7008532
49 -0.74373996 0.9035738 0.87216866 -0.7873314 -0.37374002 0.5119542 0.3636871 -0.45788315
20 -0.49488238 0.79880315 0.7753161 -0.35286385 -0.7427163 -0.113554694 0.18220875 -0.98084563
29 -0.6178845 0.97863036 -0.29596794 0.49522564 -0.65678114 -0.21812713 0.016682606 0.20495139
11 -0.70287585 0.6613274 0.99033415 -0.36024666 -0.20113032 1.1998293 0.7777696 -0.065503255
30 -0.15891527 0.80984646 -0.33986232 1.3713986 0.8230306 0.24108492 -0.61040056 0.78380924
18 -0.333787 0.40043584 -0.40300348 1.6397069 0.39822283 -0.41811737 -0.86451113 0.71179783
13 -0.19042177 -0.015765447 0.27460566 1.3878225 -0.31342638 -1.0436735 -0.40527046 0.00079295307
42 -0.705416 0.49035215 0.01666637 0.81745714 -0.60044885 -0.5513959 -0.22985953 -0.56100446
9 -0.45272058 0.75396454 1.227119 -0.75993794 -0.43334955 0.45581922 0.7369762 -0.29379717
46 -0.3202638 1.2419382 0.7373304 -0.8282169 0.21739835 -0.23599853 0.59902734 0.09790982
5 -0.21849497 -0.47152808 1.7207985 0.35821545 -0.5288846 0.5966043 -0.05068712 -0.48947993
7 -0.3300739 -0.023743259 0.054932747 1.6505364 -0.6681237 -0.8376788 -0.58511865 -0.24144998
15 -0.506429 -0.41639805 0.5228188 1.5536455 -0.972219 -0.10478996 -0.13453571 -0.12093447
44 -0.14650957 0.9684181 -0.17508201 0.51049757 0.096799016 -0.7267431 -0.94607484 0.12733524
6 -0.77858245 0.23361455 0.3793325 0.75531745 -1.1773598 -0.20865566 0.17394097 -0.9340222
45 -0.5994936 0.11334276 0.7889099 0.5544462 -1.0134246 0.02807536 -0.16217273 -1.3061955
37 -0.067995 0.20766506 0.5621852 0.8924087 1.113646 0.35050502 -0.6927657 1.3816047
47 -0.082063146 1.201181 -0.13792406 0.3867624 0.8717061 0.11538351 -0.829748 1.056863
8 -0.5013227 -0.11270145 0.06089751 1.4524039 -1.113652 -1.2763304 -0.8060163 -0.2633576
10 -0.42208856 -0.5448153 1.1506144 1.1418071 -1.6814202 -0.1933798 0.27150753 -1.0165044
17 -0.5381206 -0.12777378 1.1128258 0.45301175 -0.54535705 0.18763778 -0.43414962 -0.9699598
22 -0.08589207 0.6822247 0.1370803 0.87377733 1.3435621 0.2700619 -0.5674782 1.3492662
