50 8
24 0.015779953 0.5972989 0.257622 0.40202567 -0.10835059 -0.4460614 -0.17179808 -0.1317606
26 -0.33937022 -0.2222416 0.8904863 0.06274815 0.22166428 -0.9857516 -0.16169333 0.22824699
1 -0.190037 0.88979304 0.55062145 0.55065465 -0.78161424 0.79788774 -0.1370687 -0.20572673
43 -0.31757194 -0.045810968 0.35003993 0.8169106 -0.29342717 -0.6924602 0.05625886 -0.41917697
23 0.011501233 0.3470738 0.70109147 0.10529034 0.8435 -0.40407726 0.07583906 0.8480439
2 -0.2221518 0.2771945 1.0128379 -0.24241188 0.8633691 -0.147899 -0.21777064 1.2208824
31 0.054725822 0.1851561 0.47252196 0.14540726 0.82163924 -1.089773 -0.04803811 0.5916787
19 -0.35004663 -0.34516826 0.74750143 0.15060037 0.37215954 -1.1429155 -0.29748148 0.47694638
42 -0.070304774 0.72592694 0.2952293 0.16134754 -0.046000823 -0.58690625 0.2195121 0.006100117
44 0.05619278 0.24231522 0.628389 0.04539461 0.53275824 -0.9437204 0.048832055 0.51343644
48 0.046013437 0.8990801 0.27158687 0.1942855 0.07657313 -0.13032287 -0.0067736628 0.38246167
30 -0.19075589 -0.24214146 0.60383654 0.034451578 0.9018595 -1.5414062 -0.12109565 0.77179974
40 -0.1068801 -0.08991048 0.72670734 -0.06541378 0.8806633 -1.3022687 -0.13549371 0.86399734
28 -0.33942342 0.4377047 0.24128523 0.8566724 -1.0999688 -0.13656022 -0.100196354 -0.76299095
25 0.042321607 1.0039295 0.36682728 0.14904599 0.08398615 0.14012411 -0.067410685 0.35576463
8 0.08645885 0.054980896 -0.027161762 0.5137118 0.038674418 -1.6523523 -0.14060609 0.13656422
20 -0.4004529 0.79572576 0.081956744 0.9812676 -0.8008101 0.5109612 -0.21916391 -0.618512
12 -0.2215719 -0.30273637 0.36139232 0.28480673 0.6908427 -1.6748999 -0.37036026 0.4299109
21 -0.35954955 0.16040047 1.0081714 -0.2595007 0.80517906 -0.25184405 -0.39156142 1.0055149
39 -0.5714015 -0.24546182 0.9764879 -0.25719914 0.5325872 -1.0049198 -0.33242586 0.65210634
27 -0.51948535 0.5890123 0.0910266 1.0464238 -1.1697541 0.3234654 -0.2556841 -0.8449299
6 -0.13393007 0.122210585 -0.13815792 1.0102433 -0.32954678 -1.182264 0.03352462 -0.8096676
0 -0.23761451 -0.09206676 0.9094098 -0.046934374 0.7264839 -0.86663026 -0.16166739 0.6627297
37 -0.3268935 -0.33954167 1.1069883 -0.08181869 0.77678925 -0.88903207 -0.2706815 0.76948774
17 -0.6649102 0.47010547 0.70683414 0.07790853 -0.41377944 0.23282519 -0.38275403 0.09636787
34 -0.0057418197 1.4662259 0.38151386 0.54092896 -0.36099118 1.1908846 0.18048814 0.01038442
18 -0.1868371 -0.005030119 0.9654897 -0.30322522 1.0370512 -1.0965893 -0.039821956 1.0521809
13 -0.017812468 -0.44880408 -0.022389075 1.3251374 0.13016233 -1.536502 0.39003548 -0.27925062
46 -0.6648295 0.73672605 0.49058464 0.59435487 -1.1255466 0.7824279 -0.24849764 -0.42219004
15 -0.22420827 -0.27571142 1.0689477 -0.11062292 1.0000321 -1.0378509 -0.030639563 0.9651282
22 -0.01656439 0.7975527 0.62817246 0.04773994 0.58194554 0.15958807 0.10418273 0.64764273
49 -0.3971338 0.95656645 0.2790144 1.0213667 -0.92958385 0.9039801 -0.08711392 -0.8230629
32 -0.16733658 0.055460952 0.6683268 -0.12764989 1.0512874 -1.1718616 -0.08059322 0.81919724
41 -0.22875704 1.1951886 0.5965463 0.27340847 0.26159588 1.0286332 0.18297015 0.26910838
4 -0.46466354 0.64041036 0.46458873 0.911757 -1.2424593 0.6645026 -0.027051246 -0.75247604
36 -0.32019454 0.7746739 -0.15056469 1.2320119 -0.9076175 0.38045368 -0.21728623 -0.7220645
35 -0.025136363 0.19003089 -0.047415614 0.7682851 0.5040101 -1.043896 0.24197268 0.32735595
45 -0.14239472 0.721723 -0.1574002 1.2565634 -0.69870794 0.120135054 -0.030765962 -0.72330254
9 -0.37918863 1.3560392 0.22826163 0.6813713 -0.78080684 1.1335021 0.1777448 -0.2634929
16 -0.3919306 1.1480868 0.9014528 -0.16340922 -0.6638996 0.95719326 -0.19767478 -0.023192719
38 0.10019831 1.1264604 -0.3357542 1.0197101 -0.71779346 0.014743929 -0.13065869 -0.6935885
3 -0.09934724 -0.09631192 0.82267606 -0.053027205 0.9959817 -1.1456016 0.014244523 0.86228037
7 -0.21541116 -0.3008376 0.0050240187 0.6254931 0.037089344 -1.6965836 -0.6766451 -0.10068025
14 -0.20254697 1.602005 0.09663424 0.83140993 -0.48920012 1.5384916 0.091810554 0.07345787
33 -0.1576905 0.11908072 0.47089228 -0.09647583 1.0396783 -1.4127338 -0.13358338 0.7776293
10 -0.07107431 0.37025562 -0.34747395 1.4930156 -1.0576748 -0.60957885 0.07285702 -1.0402952
29 0.0028413478 1.4930162 0.25454617 0.009696116 0.15588336 0.7815256 0.0756658 0.99316406
11 -0.5169722 1.2567424 0.6188575 0.42185822 -1.0140947 1.5040207 -0.15350354 -0.029122323
5 -0.29769865 1.0116657 0.003994184 1.0609767 -1.2819302 0.5398794 -0.063840136 -0.88177544
47 -0.82604384 1.2248453 0.7332699 0.31079307 -0.76540893 1.7201554 -0.55787355 -0.30229357
