50 8
1 -0.38722217 0.77794355 0.6135549 -0.06429852 -0.6200099 -0.2741673 0.14986183 -0.7712592
35 0.21811071 0.5592693 0.46990877 0.859907 0.14707917 1.015841 0.011050124 0.8883654
41 -0.41124445 0.80008703 0.21109396 0.1376989 -0.7620344 -0.39120525 0.3048731 -0.94472
23 -0.25636283 0.1798838 0.30195323 0.50291806 0.53772044 -0.9716256 -0.31915453 0.92666984
38 -0.5257449 0.59985363 0.43632028 0.20333782 -0.68539083 -0.13519825 0.27473447 -0.8063463
25 -0.14945392 0.32178348 0.6246033 0.40165263 -0.07959599 -0.20338961 -0.1293718 0.4944741
36 -0.7924288 0.50110424 0.36931515 0.3505026 -0.6076027 0.40576565 -0.13722613 -1.1511527
18 -0.18962394 0.46504313 0.025251083 0.3146888 1.0410539 -1.3757476 -0.79876983 0.7786687
43 -0.5145283 0.37302446 0.54477113 0.3018633 -0.3484709 -0.42339483 -0.13844979 -0.98635054
34 -0.44074267 0.85379124 0.7404378 -0.062129725 -0.8528769 0.33442214 0.1878365 -1.0013969
6 -0.6095422 0.60420305 -0.015852839 0.047469325 -0.11598952 -1.3636371 -0.2351884 -0.7010208
16 -0.41162935 0.769208 0.40651023 0.15806249 -0.561905 0.017042946 0.015555318 -0.9965504
10 0.34110057 0.47940323 -0.07751205 0.78141254 0.5614792 -0.71248436 -0.18672292 0.9986081
48 -0.3097234 0.39874494 0.4950503 0.19744885 -0.4963995 -0.7957997 0.038663346 -0.17784008
39 -0.5486349 0.8404955 -0.053302895 -0.10159553 -0.54336965 -0.8977036 -0.2575557 -0.68339145
40 -0.4178093 0.60339546 0.42549163 -0.2031651 0.3551008 -1.4563498 -0.25034958 0.536033
14 -0.018169755 0.5879379 0.21380271 0.9727008 0.08219314 1.282404 0.055167474 0.42385456
44 -0.5097949 0.74249184 0.0371705 -0.012910684 -0.72573197 -0.8926859 -0.35622054 -0.98164463
30 -0.4310163 0.66071206 0.003850886 0.1527049 0.15045391 -0.8612336 -0.38244545 -0.15639955
28 -0.3993619 0.65369564 0.54861194 -0.084644295 -0.6568481 -0.65214336 -0.0707597 -0.8556156
27 -0.9045822 0.55272365 0.62244236 0.022012606 -0.71106213 0.17666687 -0.18403247 -1.1719816
32 0.2218205 0.22417495 0.2677998 1.2170724 0.7932325 0.4232826 -0.0091134375 1.5988166
5 -0.012098482 0.57455325 0.17229062 1.0195092 0.07812039 1.5150087 -0.4314848 -0.03828025
42 -0.6039027 0.9755124 0.005972827 -0.24800554 -0.58844626 -1.015182 -0.3136155 -0.87689745
8 -0.45293653 0.48290735 -0.13726065 0.114914864 0.25220782 -1.7403601 -0.9565927 -0.38392177
4 -0.18757696 0.28007177 0.6352164 0.8000427 -0.763363 0.816455 0.34068507 -0.3487967
26 -0.41546953 0.774659 0.048401073 -0.12482958 0.22710253 -1.3461474 -0.93592656 -0.77296174
13 0.0061683157 0.37400573 -0.054388102 0.7041979 0.9331639 -0.96521467 -0.1494848 1.5324423
31 -0.3858727 0.8028941 -0.024015373 -0.09046326 -0.22966903 -1.2801545 -0.4383402 -0.6870003
17 -0.7588076 0.5774471 0.20807469 0.14925368 -0.2643374 -0.41918343 -0.5802179 -1.2922052
47 -0.48279884 0.631069 0.68459475 0.47109672 -0.7327971 1.063139 0.4267883 -0.96456313
33 0.33249786 0.39977708 0.51475054 1.1402385 0.5581191 0.9070946 0.2681532 1.5027938
20 -0.46031624 0.4848319 0.2954021 0.08695239 -0.13481227 -0.7666026 -0.6071369 -0.22448583
29 -0.7721898 0.837628 0.086519316 -0.40573952 -0.7245919 -1.7041842 0.085357934 -0.7645056
11 -0.2108501 0.27402425 0.74954104 1.0347729 -0.546066 1.8541038 0.12044316 0.07854795
2 0.38887915 0.42707705 0.22698669 1.0055991 1.0490147 -0.03596369 -0.024320412 1.5766113
22 0.10875356 -0.07732284 0.51965207 1.2831737 0.5856959 0.24867491 0.075325236 1.3889639
15 0.5032708 0.24145079 -0.0025487475 1.5084213 1.0122726 0.41643175 -0.24929862 1.6723906
9 -0.4339759 0.6005303 0.36393717 0.7624142 -0.704433 1.439759 0.39262217 -0.5298262
46 -0.5221692 0.32981017 0.5261304 0.553289 -0.92604655 0.5395642 0.45174906 0.0074715414
49 -0.51306707 0.6964392 0.81496716 0.2707269 -0.92375547 1.0629048 0.3391286 -1.007632
37 0.36566368 -0.05341276 0.45491996 1.4912238 0.49886876 0.52712095 0.23218578 1.5431321
45 -0.40501264 0.97362095 -0.2639296 -0.070048586 -0.5194885 -1.3076657 -0.5017536 -1.3713274
3 0.5589524 0.38489357 -0.084015295 1.3328676 0.80996525 0.13798676 0.069884785 1.6498379
12 0.027613865 0.50226575 -0.13471976 0.601971 0.80352086 -0.9624677 -0.3000616 1.3089255
7 0.28615126 0.44747126 -0.31978196 1.1608772 0.8846837 -0.14669812 -0.46089706 1.1277571
19 0.3177585 0.083436266 0.005543222 1.4422214 1.1352481 0.032877695 -0.4135942 1.760598
24 0.27766585 0.13789971 -0.08149232 1.3637947 1.09159 -0.12996306 -0.43348506 1.7423991
0 0.5025796 0.16828345 -0.06445337 1.6775328 1.203814 0.5515397 -0.44296056 1.7758504
21 0.107170984 0.055922955 0.49020898 1.4025989 1.2354684 0.83735436 -0.21182162 1.5087172
