50 8
43 -0.43384388 0.1586872 0.77147985 -0.46069288 1.1259843 0.0029103977 -0.13114855 -0.12714346
6 -0.160247 0.39998385 0.2749341 0.20283279 1.0925134 -0.24870495 -0.31395924 0.8010889
39 -0.23440522 0.4774813 -0.044610374 0.25538108 1.4607772 0.4758071 0.39319813 0.21859124
27 -0.26568177 -0.15411162 0.48439303 -0.6908669 1.1546906 0.8264488 0.20122007 0.05190424
19 0.0051905764 0.20726278 1.0632359 0.25451294 -0.2931075 -0.30031133 -0.4311703 0.5083311
44 -0.16826479 -0.25565162 0.292302 -0.19548517 1.4442933 0.46435225 0.11813169 0.24768372
46 -0.79969823 0.08287813 0.98105985 -0.5731116 0.56017625 -0.27574238 -0.6820722 0.37376702
8 -0.52918833 0.45753926 0.3746674 -0.23962003 1.0237345 -0.10378233 -0.08042769 0.7191318
28 -0.82274264 -0.08938773 0.6784882 -0.7195608 0.9987589 0.42182356 -0.26856005 0.052501827
16 -0.34040454 -0.21119122 0.22179046 -0.29032558 1.2107733 0.67841834 -0.028899336 0.4418802
24 0.059465267 0.4860271 1.0444754 0.27775097 -0.00804589 -0.71567464 -0.76560974 0.5945116
26 -0.3307797 0.23630981 -0.0758177 0.32262138 1.3488724 0.02967526 0.02000008 1.0459405
45 -0.5978267 0.22918078 1.0765179 -0.47208077 0.38625848 -0.12841386 -0.34067747 -0.030807827
13 0.0825437 0.6238223 0.13607925 0.8414241 0.5621086 0.08366612 -0.32681715 0.65862054
1 -0.58805895 -0.35767448 1.1041411 -0.64982605 0.17679623 0.9286897 -0.042261485 -0.5913325
31 -0.687727 0.78503317 0.29237437 -0.26962343 1.2399856 -0.33335185 -0.28083986 0.8149583
42 -0.39642036 0.13569625 0.716193 -0.437905 0.9727701 -0.14698167 -0.27271256 0.34788206
17 -0.44837156 -0.49069858 1.086827 -0.6971821 0.71736866 -0.0772564 -0.45617965 0.21090524
23 0.105249576 0.71994483 0.69926 0.41001624 0.7691092 -0.634306 -0.62960404 0.16934432
20 -0.50676167 -0.7935327 0.7275537 -0.3129333 0.5925366 0.34348318 -0.15219934 0.58958393
18 0.53161585 0.76677626 0.51114684 1.0761718 0.3752268 -0.5279668 -0.49308917 0.4919678
30 0.1063832 0.62650084 0.3453219 0.7410076 0.9858589 -0.542455 -0.2980921 0.5284813
48 -0.17593448 -0.03789877 -0.07185548 0.085256584 1.5377127 0.5950165 0.3644504 0.54741305
40 0.0995946 0.5565463 -0.061800607 0.8006487 1.3162494 0.122688405 0.2868402 0.37639517
15 0.11024204 0.4729512 1.3496748 0.38499534 -1.3586675 0.11781663 -0.18818545 0.30659577
2 0.74102354 0.6958866 0.4217275 1.2377412 -0.034362663 -0.3389568 0.0029737772 0.97849756
41 -0.25991565 -0.031294767 -0.008333999 0.04156364 1.4162695 0.836738 0.4017698 0.19773926
21 0.5585331 0.3197595 0.613204 1.3339431 -1.0431787 0.7306568 0.1527125 0.42094335
49 -0.96614456 -0.35898784 1.2585238 -1.1294498 -0.026191957 0.9619445 -0.03536261 -0.4371161
7 0.4189352 0.7394108 0.44489485 1.0945226 0.34710535 -0.70121855 -0.56509 0.9648569
34 -0.21757863 -0.14203787 0.33199018 -0.328245 0.41512966 1.6545559 0.9873391 -0.053894076
25 0.578039 -0.34992918 -0.009677924 1.0378021 0.14789627 1.3114078 0.43497464 0.5265552
38 0.3704208 -0.22107294 0.27342728 0.7115928 0.06888816 1.6449294 1.1143602 -0.23821215
32 0.8994581 0.94349307 0.49371308 1.3935649 -0.62677795 0.5153537 0.6463942 0.20280921
29 0.12386074 -0.057717603 0.006452897 0.9111875 0.17119223 1.1243702 0.3235667 0.47672233
4 -0.8476119 -0.1921746 0.64562845 -0.70133 -0.058287535 1.7071263 0.7999594 -0.15141025
36 -0.6815592 -0.36481807 1.0134048 -0.78192294 0.15626433 1.2299722 0.46508145 -0.56789833
3 0.5630704 0.44507405 1.2059964 1.1271137 -1.0803584 -0.12772213 -0.12682064 0.16411741
5 -0.08196316 -0.06515344 1.749147 -0.5810368 -1.2087668 0.5640925 0.020805027 -0.29176408
12 0.40792474 1.0245061 0.16288337 1.1448272 0.4924269 -0.22078653 -0.008836499 0.6201103
0 0.37285772 0.6741044 1.0990615 0.95083505 -0.92312217 -0.4224953 -0.42438656 0.6376924
35 0.79688203 0.51608676 0.77724874 1.3458204 -1.1222461 0.06730922 0.12078812 0.8865905
22 0.7353757 0.10707126 1.1300858 1.1067643 -1.571468 0.5688013 0.2450593 0.32140842
47 -0.84721625 -0.683066 0.68709564 -0.61602443 1.1212745 0.9218207 0.17881909 -0.38822484
9 0.38957554 -0.68484825 1.2804766 0.52200514 -1.0291437 1.1755455 0.32293466 -0.50899774
10 0.04372954 0.056096103 0.65974224 0.9165121 -0.50354594 -0.11513123 -0.44281518 1.0262568
37 0.7362288 0.41122642 0.9456806 1.2541094 -1.2425568 0.43111446 0.56193775 0.3767359
11 0.55637455 -0.22174965 1.1591227 0.23243795 -0.57714105 1.3451408 0.26330927 -0.9325738
14 0.4846797 -0.20793238 1.2483194 0.45597985 -1.3244556 1.4447566 0.7778204 -0.5897435
33 0.813995 0.0052760486 0.82874674 1.5994229 -1.2124043 1.185105 0.59666604 -0.36869517
