50 8
39 -0.4765372 0.21854249 0.49013355 0.3427633 -0.040098444 -0.5513239 -0.2626729 0.5497945
19 -0.46937117 -0.11671692 0.7344509 0.58065206 0.4751598 -0.20411336 -0.095900096 0.6236667
43 -0.30712366 0.8188969 0.25559488 0.23398626 -0.37243062 -0.5937825 -0.118674345 -0.08438479
23 -0.00941987 0.58642745 0.6280489 0.26404443 0.39691985 0.1803224 0.2613941 0.8456465
24 -0.3265329 -0.016838491 0.6688958 0.5267965 0.62776774 -0.14657351 0.16326435 0.8672161
35 0.009634057 0.76892734 0.5164462 0.6572351 0.20714085 0.89772654 0.32742268 -0.0039808424
13 -0.33924475 -0.16657491 0.6033153 0.7288344 0.54760873 0.12348642 0.7199599 1.0059764
8 -0.3588896 -0.008632495 0.7151914 0.43662938 0.49004695 -0.6440365 -0.010790101 0.6392762
25 0.15664221 1.238623 0.45796666 -0.05255682 0.05908026 -0.07507137 -0.05319471 0.40216845
15 -0.78262687 -0.65393406 0.45679474 1.01998 -0.066716075 -0.6173925 0.1067871 0.33414385
29 -0.32917607 0.5557865 0.25664997 0.35031864 -0.31081983 -0.44079894 -0.19903912 0.25558177
12 0.018181907 0.45205894 0.5558151 0.21485084 0.5971789 -0.32936615 0.42267597 1.2807335
18 -0.25571176 -0.11609009 1.0657616 0.28351337 0.55659574 0.023980444 0.2666967 1.315352
6 -0.3395257 0.10587235 0.3254857 0.8243584 -0.53378373 -0.4697021 0.07825359 -0.19706495
41 0.020287283 1.4740281 -0.057935886 0.5157532 -0.27124822 0.49004576 -0.2335121 -0.5867196
21 -0.21319135 0.5949919 0.48721868 0.77208763 -0.18165071 1.2152054 0.061561756 -0.014622488
28 -0.09223163 1.1248769 0.102395214 0.4820939 -0.6806372 -0.2950858 -0.2619872 -0.7612024
40 -0.3614575 0.16483548 0.80526125 0.15665554 0.5559969 -0.82642096 0.024401441 0.75596726
42 -0.29398042 0.85431945 0.17360947 -0.09028159 0.10226209 -1.3909235 -0.74428 0.4227874
26 -0.35232556 -0.08758344 0.8232443 0.19751988 0.5161871 -1.014993 -0.32077256 1.1040179
16 -0.17898661 1.2012937 0.08018437 0.30777705 -0.601476 -0.66761166 -0.44787744 -0.77531314
30 -0.29403642 -0.080421954 1.0027372 0.2918045 0.6566113 -0.36676487 0.5219459 1.0633779
1 -0.014809492 0.8581621 0.3160664 0.016929684 0.50177217 -0.7623554 -0.35288185 0.8308373
36 -0.23659484 1.2934574 -0.27365744 0.64442635 -0.7023751 -0.037513517 -0.5823446 -0.8672961
9 -0.26791164 0.96999204 -0.34166706 1.1124394 -1.2752659 0.5863824 0.69797665 -0.98882115
45 -0.30487052 0.32766297 -0.02161619 0.4954728 0.14240919 -1.5663388 -0.5958797 0.36383078
10 0.06511291 0.69798046 0.23847875 0.90065724 -0.05801337 0.89471734 0.4541364 0.048910603
7 -0.3197826 -0.088603444 0.7160973 0.44749135 0.7512101 -0.29239765 -0.086025484 1.1871445
31 -0.3227083 -0.013888324 0.954663 0.15963258 0.83866477 -0.77308965 -0.5402829 1.1704443
0 -0.21671142 -0.18709329 0.8245745 0.62894744 0.45148507 0.29618078 0.34792277 1.1859162
32 -0.2599499 0.18556108 0.6217847 0.7789345 0.13613117 0.83808684 0.4777168 0.42741686
38 0.19844586 1.558222 -0.010031686 0.36533892 -0.110774696 0.17508726 -0.47051564 -0.41628185
17 -0.72580713 0.299136 0.14558154 0.643301 -0.68465155 -0.9662251 -0.5507222 -0.6318418
4 -0.08706683 1.4585701 -0.2937496 0.86173236 -0.80499077 0.8280318 0.1968376 -0.92779374
46 -0.48440343 -0.48868996 0.71852094 0.6285101 0.20486102 -0.9105397 0.054550346 0.92095387
20 -0.15434688 1.0765752 0.16311258 0.5622634 -0.37230438 0.18355049 -0.5206035 -0.6537643
27 -0.31376177 1.3068974 -0.3276093 0.8359922 -0.66676444 0.66496736 -0.06248502 -1.0070647
37 -0.4733618 -0.37377286 0.7191719 1.0711609 -0.025284737 0.77547437 0.5762287 0.4060951
2 -0.18257995 -0.0030129876 0.7616502 0.5147874 0.28062034 0.20688437 0.64289755 1.096467
3 -0.10536734 -0.10967334 1.1160246 0.45365068 0.65582633 0.16207619 0.92769015 1.1357024
33 0.05385893 0.8067036 0.4780435 0.86810404 -0.35140255 1.3190953 0.69564384 -0.41147867
34 -0.04053071 1.5379307 -0.36955318 0.82067704 -0.62791455 0.48290128 -0.4808999 -1.0771673
22 -0.13023113 0.05324654 0.7518833 1.0666081 0.35268733 1.5354655 0.4651589 0.4557928
14 -0.0010537896 1.492415 -0.23640572 0.7213723 -0.54864395 0.69055754 -0.25087458 -0.7472266
5 -0.286733 0.7908768 -0.43281126 1.2956594 -1.2477875 0.55389076 0.10364606 -0.93171465
48 -0.42051166 0.8197857 -0.4803742 1.063162 -1.2699126 -0.54717547 -0.43449658 -1.1969815
49 -0.32364833 1.2982707 -0.44654036 0.83723325 -1.1940682 -0.08226069 -0.44659245 -1.2304362
44 -0.21901242 0.0032464864 1.1840503 -0.21705595 0.5635069 -1.3198345 -0.37743586 1.4654354
11 -0.38719168 1.2313503 -0.54904985 1.0289928 -1.2535372 0.10697871 -0.97062594 -1.2512896
47 -0.7838046 0.2363476 -0.1449362 0.9186467 -0.96794146 -1.3386666 -0.40690798 -1.1096127
