50 8
43 -0.5379322 0.62612253 0.20166153 0.31370565 -0.606378 -0.50722235 -0.27994943 -0.6074532
28 -0.016250568 0.7418145 0.32920146 0.23676185 -0.63874674 -0.5742135 -0.4484539 -0.64928025
40 -0.636807 0.6617022 0.12923123 0.54394025 0.8182366 -0.89515847 -0.10993312 0.045974273
23 -0.3834961 0.35544908 0.36347508 0.35415643 0.6331412 -0.6563606 0.08841133 0.93973726
16 -0.009287918 0.82876337 0.48133838 -0.062027194 -0.99205554 -0.052714832 -0.2635274 -0.4115723
42 -0.44165507 1.0094904 -0.17136641 0.17518091 -0.12855545 -0.9419327 -0.50076884 -0.46924993
27 -0.51452684 0.56599545 0.65241295 0.26937705 -0.79645574 -0.008384214 -0.52399355 -0.88028526
31 -0.4171532 0.6220078 -0.32385442 0.51897967 0.51806235 -1.4501452 -0.2481993 0.25892463
36 -0.074509874 0.70673263 0.47813663 0.28684533 -1.2372453 0.40207142 -0.092418134 -0.5726624
8 -0.13818885 0.8744345 -0.4250795 0.558646 -0.16808523 -1.0993924 -0.098434396 -0.24854557
46 -0.164748 0.18704666 1.0072749 0.51741457 -0.38419452 0.24664286 -0.10870199 -0.14061415
6 -0.15592834 0.8132163 -0.36884296 0.51629585 -0.5905834 -0.946161 -0.29131493 -0.41145697
18 -0.5330585 0.49309272 0.157348 0.43781033 1.177772 -0.48189974 0.46768516 1.5969238
13 -0.28108108 0.43329114 -0.10981945 0.66848725 0.5650042 -0.6825322 0.45904225 1.1353803
17 -0.5593195 0.27073902 0.8114291 0.26731727 -0.8000143 -0.19772847 -0.5471591 -0.6700632
1 -0.026080534 1.0132798 0.119224735 0.4087684 -0.30952984 -0.38709348 -0.6076085 -0.70820534
34 0.06463879 0.38464862 1.0643238 0.2865177 -0.8704122 0.8312932 -0.10004133 0.0010652613
44 -0.18966566 0.7836441 -0.24983938 -0.012884047 -0.576503 -0.8087588 -0.24628681 0.38335627
39 -0.5842152 0.7522872 -0.13250673 0.2419439 -0.42719963 -0.83406544 -0.57594204 -0.34042525
38 -0.20169115 0.66603327 0.6844415 -0.019302713 -1.2418821 0.2783903 -0.41197044 -0.5755192
21 0.017318342 -0.16064765 1.2364954 0.51536 0.5441359 0.32313058 0.7348593 1.7051933
41 -0.32894057 0.86381596 0.51203847 0.13802314 -0.92542505 0.2869412 -0.27131587 -0.7515108
20 0.0054781446 0.8128409 0.23568812 0.3066934 -0.89411473 -0.20856564 -0.37785974 -0.6282967
25 0.446316 0.69890743 0.1940246 -0.24521907 -0.9129909 -0.41602597 -0.025881482 0.77293533
9 0.18608563 0.17111826 1.0595113 -0.14404693 -1.4243101 0.78360623 0.45258024 0.9050616
15 -0.51503503 0.5746832 0.015243711 0.81153935 0.6961955 -0.93252355 -0.34773564 -0.14685963
24 -0.1756567 0.595584 -0.26677746 1.0100381 1.1433758 -1.3511059 0.02373379 0.39046028
19 -0.15662232 0.45161408 -0.020927185 1.1864703 1.1617994 -0.9558544 0.09738308 0.4440622
45 -0.34863922 1.0325288 -0.3093531 0.36852342 -0.57775193 -0.6888009 -0.57735986 -0.76108646
12 0.16029593 0.11960413 0.30266622 0.5072437 1.2448548 -1.048184 0.4712222 2.2668116
3 0.0073235193 0.06779729 0.7782695 0.57651645 1.1226305 -0.43948963 0.4474243 1.6961341
29 0.014816811 0.54388595 0.2636435 -0.04055678 -0.4787798 0.3065847 0.6296091 1.6353754
49 -0.60719186 0.28246397 1.0933341 0.20851095 -1.0997206 0.30988145 -0.5971262 -0.94180334
26 -0.3022145 0.7893631 -0.44119003 0.59187573 -0.55927217 -0.9432538 -0.3388498 -0.511188
7 -0.16090588 0.5638428 -0.26283193 0.6352513 1.2312 -1.2290545 0.24962628 1.337529
14 0.14685129 0.27351967 1.4190439 0.016236424 -0.4947306 1.3558263 0.44637167 1.2233341
33 -0.012034527 -0.2423373 1.2759142 0.24100281 0.34432524 0.37166512 0.7729098 2.2287426
2 0.115776666 -0.046082355 0.6385 0.74343354 1.1692004 -0.578871 0.66741437 1.9527961
5 0.22258303 0.0138740055 1.1718843 0.52324903 -1.2443691 1.0250249 0.29117247 0.39504883
30 -0.4336866 0.4897761 0.06865906 0.59092146 0.9748449 -0.42503166 0.49474922 1.2992357
22 -0.043189548 -0.24498534 1.4003417 0.32208976 0.26307416 0.59179103 0.7426815 1.9205135
4 0.2247139 0.40000135 0.8118151 0.32653153 -1.4651866 0.4201823 -0.03524982 -0.41517445
32 -0.10442579 0.27247936 0.642459 0.44902918 0.5652635 0.34717685 0.8446843 1.7941107
35 -0.064939626 -0.014432312 0.77136827 0.4231426 0.5363712 0.12548104 0.68346965 2.0854876
10 0.2927347 0.697611 0.022833444 0.56586194 -0.21776193 -0.4720289 0.12909931 0.17202374
11 0.14946397 0.31401858 1.1399002 0.06498269 -1.1434635 1.0184733 0.02461768 0.46315047
48 -0.11482564 0.9648762 0.23306528 0.16638127 -1.2810913 0.16308059 -0.37559596 -0.7684069
37 -0.13063675 -0.20605527 1.3318633 0.13055348 0.33320248 0.48877954 0.86025566 2.2358282
0 -0.456645 0.33564898 0.4681591 1.0473378 1.9391645 -0.674371 0.039790742 0.8737249
47 -1.1070775 0.8074075 0.23809317 0.4562172 -0.21123883 -0.031167215 -0.20214929 -0.915159
