50 8
43 -0.22417128 0.4119429 0.70827883 -0.71554875 0.25351885 0.8013765 0.35506108 0.31722468
25 1.1656643 0.4271545 0.18340853 0.5003728 0.33121824 0.31560308 -0.3544479 -0.09245951
19 -0.3703832 0.22042935 0.49102336 -0.022618797 0.9004511 -0.22778973 -0.4250916 0.90306246
14 0.42630655 0.800673 1.0856657 0.11853418 -0.7309586 0.64928824 0.44775265 -0.7687674
38 -0.0538323 0.55899674 0.58415574 -0.4369803 -0.26043192 1.3685176 1.0460812 0.044220045
35 0.60186255 0.41618118 0.752516 1.0293738 -0.521209 0.48679605 0.18633519 -0.79918265
42 -0.342033 0.08872944 0.5865051 -0.7026553 0.68850815 0.58666444 0.37354863 0.780693
1 -0.2307503 0.25783992 0.6598972 -0.73276895 0.16895 0.9848105 0.9875374 0.52952135
4 0.75329345 0.54910654 0.8675879 -0.9414279 -0.08905651 1.1304753 0.6877083 -0.41161022
28 -0.6448456 0.6397524 0.78943926 -0.9743288 0.23119633 0.7298112 0.6780677 0.6444262
40 0.5667459 -0.086180896 0.0025276185 1.6309739 0.44286308 -0.12532659 -0.654884 0.48111892
26 0.045598697 -0.5497216 0.00063196843 0.26763785 1.1230477 0.3478291 -0.1293602 1.2154766
27 0.11496409 0.31156468 0.44572794 -1.1898756 0.64166576 0.858392 0.6807656 0.8741903
2 0.4246307 0.25805894 0.77929693 1.2722961 -0.0019861802 -0.4823802 -0.7527944 -0.094652146
18 0.3682981 0.10008672 0.23406215 1.3797047 0.4045917 -0.36484164 -0.80815387 0.500457
31 0.25515488 -0.17795987 0.031239022 1.2112546 0.7232953 -0.10615812 -0.78672427 0.7980788
22 -0.07546296 0.64910674 1.5672089 0.2984482 -0.49952146 -0.1697178 -0.22493723 -0.7715815
20 0.09419432 0.10043106 0.8079327 -0.9505876 0.082783066 1.1045418 1.0147457 0.3739426
39 0.64396715 0.415492 0.20920575 1.4979612 0.028682852 0.22876567 -0.68232715 -0.35888365
7 0.009124968 -0.26690063 0.02661006 0.7417748 1.1750462 -0.29449078 -0.45433676 1.1477467
36 0.27821097 0.5971569 0.9606625 -1.2666634 0.22368865 1.0250043 0.770076 -0.27991495
3 -0.25113425 0.47934747 0.75567645 1.5513334 -0.018239468 -0.47652906 -0.7798078 -0.18161438
6 0.16140413 0.02673319 0.015509508 -0.6936554 1.1860623 0.77630705 -0.06976709 0.9635465
17 0.11896806 -0.17607804 0.81971896 -1.3184747 0.7896254 0.44784302 0.45323974 0.99695414
13 0.08245716 0.1343209 0.10159633 1.5039427 0.5841341 -0.28542507 -0.927097 0.5055239
5 -0.44435206 1.0804482 1.1222758 -1.00674 -0.27477893 0.92332333 0.9147867 -0.14249088
11 0.08287102 0.58293146 1.153732 -0.8018213 -0.09443873 0.95221525 0.18916978 -0.7211468
23 -0.34546024 0.14745574 1.2602453 0.7007266 0.30721813 -0.58012235 -0.92341447 -0.34624457
8 0.20507668 -0.24409895 -0.2597538 0.14491473 0.8906232 0.915645 0.10188753 1.0513715
49 -0.81390595 0.3397872 1.0093178 -0.8628905 0.014162732 0.9235165 1.0095929 0.4983826
12 -0.35301602 0.6080657 0.97395855 1.2828469 0.29845357 -0.8776043 -1.161584 -0.22770499
45 -1.1555306 0.39571312 0.52228534 -0.30201724 0.34995073 0.6936421 0.5366245 0.9620816
47 0.06724898 0.46951038 0.9323112 0.67333394 -0.45865834 0.6141237 0.046163607 -0.8035712
16 1.3914509 0.27374178 0.0077946205 -0.73755825 0.34995848 1.2798101 0.91035414 0.43022084
46 0.86738455 0.19284846 0.69161326 -0.56843966 0.044299714 1.0306464 0.5516237 -0.26207936
10 -1.1416775 0.5658352 0.6875047 -0.45316163 0.051463295 0.4588325 0.62532127 1.2093116
41 1.4052601 -0.4332983 -0.051902387 0.07932303 0.63126194 1.2548988 0.7148668 0.018158544
34 1.4984728 0.17738037 0.60043615 -0.7674139 -0.10975282 1.362443 1.0575025 -0.30123082
15 -1.0678196 0.5612422 1.4284387 -0.64919865 0.27581403 -0.39132938 0.102903195 0.581473
33 -0.08206051 0.3651414 0.9787283 1.6461433 -0.41916648 -0.2763137 -0.2573395 -0.4960319
24 0.09455598 0.52823853 0.9507919 1.0067666 0.0037027255 -0.58067745 -0.7944347 -0.19362673
32 0.33067837 0.15823679 0.32620403 2.1255007 -0.038498573 0.009629911 -0.47730246 -0.44093162
0 -0.473877 0.54097736 0.6194515 1.1661801 0.5430253 -0.85326844 -0.921599 0.4561205
21 0.07821319 0.28323606 0.7183628 2.0447729 -0.16200386 -0.3975467 -0.98022693 -0.42921132
29 1.4989475 -0.021006059 -0.24665515 -0.40951994 1.2280946 0.5790204 -0.042103823 0.6719402
9 0.39602724 0.4027631 0.85713106 -0.7350828 -0.12723844 1.2538909 1.074114 -0.36018458
30 0.40571606 -0.0289505 -0.009733529 1.4341985 0.7199923 -0.314923 -0.85298365 0.7133727
44 0.16650568 -0.54148537 -0.05391186 0.98202395 1.1724916 -0.08864735 -0.8587274 1.01182
37 0.025028562 0.2716568 0.74735373 2.0426843 -0.14521055 -0.45641598 -0.79925454 -0.45908356
48 0.91797334 0.23266485 0.078928955 0.06526526 0.31445277 1.031304 0.46748394 -0.043898493
