50 8
48 0.48289004 0.43009606 0.46788645 0.38916168 -0.20354861 0.7741046 0.11028514 0.37679997
1 0.15479201 -0.09175975 0.9826509 0.21218221 0.32396865 0.5787904 -0.25270802 -0.5237257
43 -0.47376817 0.031041088 0.29560882 0.06930598 0.73393905 0.3842377 0.010430267 0.5642991
23 0.25659007 0.62493527 0.4596591 0.6911271 0.23041543 0.4580411 0.018551147 -0.2508604
28 0.100787 -0.108141266 1.3137652 -0.76216596 0.37957174 0.92852217 0.18731691 -0.095944874
45 0.19563328 0.5618921 1.301042 -0.42764953 -0.0835885 0.88349414 -0.0150991725 -0.38187367
39 -0.23925018 0.35076535 -0.054702528 1.7574705 0.50796866 -0.21596211 -0.34883034 -0.08804775
16 0.67453045 0.04275609 1.0332562 -0.66141635 0.22034346 0.8278088 -0.1546006 0.110404216
36 -0.033744 0.2439443 1.2467072 -0.8014198 0.3117904 0.9027771 0.21376668 -0.02602617
40 0.2849195 -0.07057899 -0.25750783 1.1709765 0.71343106 -0.4188349 -0.3131795 0.91281813
20 -0.023526829 -0.70462966 0.80552536 -0.6976238 0.87972 0.764046 0.055815574 0.4412555
49 -0.19366542 0.11989902 1.0598356 -0.79657185 0.19304292 1.1283882 0.287054 0.28544685
25 0.91103685 -0.3371504 0.6537656 0.50180936 0.44265333 0.3781557 -0.62049615 -0.40427846
42 -1.016616 0.5975343 1.1259873 -0.58194834 0.28416675 0.15366045 0.08288724 0.48533422
18 -0.23088162 0.042207055 -0.23167342 1.2411901 0.79546016 -0.78511536 -0.6294925 0.98919827
4 0.37135342 0.34100854 1.1015735 -0.28425315 -0.09232706 1.3588434 0.3773437 -0.3416354
19 -0.20630829 0.7528282 0.2120362 0.31634596 0.07938221 -0.42839378 -0.55751336 1.2693093
31 -0.7598023 0.21861488 -0.05362811 0.74650776 0.71630627 -0.54115546 -0.5464844 1.077575
24 0.58101916 1.0242038 0.48637402 0.2878646 -0.4297266 0.47548604 -0.042151395 0.5367349
14 0.8508937 0.7291751 1.2613883 -0.072853684 -0.38454518 0.96719944 -0.02400951 -0.5711244
27 0.6894919 -0.26296794 0.9533348 -0.65298223 0.42861268 1.0972358 0.08077983 0.048614915
21 0.17739744 0.30668923 -0.32200077 1.5958736 0.2790416 -0.3345754 -0.7926272 0.59321785
44 0.11335305 -1.2511735 0.45940316 0.23813118 1.5105442 0.03679631 -0.19649644 0.12770844
17 -0.5393446 0.8632672 0.8343128 0.07000935 0.1368404 -0.8077152 -0.48502105 0.8939377
29 -0.15351565 -0.906737 0.012521155 0.10506309 1.2157063 -0.10638335 -0.2912037 1.2679315
12 -0.22075266 0.37682977 -0.34934372 1.1448016 0.26776317 -0.040270314 -0.58822846 0.9145516
34 1.1285299 -0.2904943 1.1780642 -0.4763411 -0.047007274 1.2761697 -0.31118545 -0.4243379
30 -0.09595806 -0.21620767 -0.38158464 1.3552936 0.96903336 -0.5075397 -0.7152567 0.7232974
11 0.7481973 0.40391544 1.3517528 -0.50605106 -0.29424924 1.189152 0.018305197 -0.37508267
6 -0.5758857 -0.8274778 0.52410716 -0.29286715 1.2398545 -0.052375976 -0.32724145 0.77296203
0 -0.91779727 1.1421268 0.028669074 0.61040944 0.29235014 -0.4132624 -0.12534507 1.1365234
2 0.2367064 1.0825024 -0.088443674 1.5922672 0.014492324 -0.6393796 -0.9158055 0.36772692
7 -0.6050261 -0.1629542 -0.22580016 0.22852576 0.8127933 0.009050462 -0.22412437 1.5812584
13 0.111005716 -0.9954045 -0.50892025 1.261547 1.3845415 -0.0670891 -0.21102744 0.74598545
10 -1.1596866 -0.03421555 0.67378855 -0.88967156 0.56784034 0.37308696 0.1302193 1.3551033
38 1.0062642 -0.27582514 1.1002563 0.19000895 0.051186007 1.2235265 -0.03714225 -0.8152703
35 1.7976377 0.27597597 0.36430204 1.3405398 -0.065007746 0.5431151 -0.13087068 -0.57180005
5 -0.40450144 0.8228952 1.2122914 -0.56458527 -0.057867765 0.9271834 0.6440271 0.15760887
15 -0.771547 1.3581256 0.55684286 -0.2741406 -0.1788909 0.3817721 0.099776916 0.92478514
8 -0.87136906 -0.95543253 -0.11802453 0.20449732 1.2859504 -0.0106625995 -0.2796597 1.3018695
41 0.905362 0.050146375 1.12696 -0.1938347 0.036242567 1.3492529 0.16067925 -0.6288962
26 -0.5674135 -0.6907546 -0.17992452 0.30368096 1.0382178 -0.3121252 -0.27347124 1.6665007
3 -0.275349 1.0963446 -0.12721126 0.70879954 0.13100085 -0.81670797 -0.81956947 1.4510493
9 0.9596669 -0.2032574 1.7337111 -0.36808684 -0.18931408 1.0278916 0.43387198 -0.45970684
22 0.116660975 0.09187217 -0.23593988 2.1093252 0.5194702 -0.4882835 -0.9947281 -0.16356334
46 0.10223161 0.51782346 1.5186386 -0.1421177 -0.08701447 0.36761343 0.19473957 -0.38337213
37 0.42431384 0.6076699 -0.0381631 1.8373473 0.112517826 -0.7762943 -0.53036875 0.45320296
32 0.16791455 -0.07858191 -0.3370261 2.2407694 0.78740543 -0.28427872 -0.60762155 -0.37047812
47 0.62603927 0.51462215 1.3772392 0.15621617 -0.21589941 0.8344614 0.3440704 -0.73758096
33 0.37805516 0.016931867 -0.6368639 2.6744149 0.57191557 -0.08898998 -0.2952005 -0.11046476
