50 8
1 -0.60298723 0.037369546 0.5724073 -0.45502198 0.5108936 0.40218484 0.6860649 0.19348578
43 -0.7729128 0.48176312 0.62710977 -0.8156585 0.42534035 0.7040094 0.6571156 0.11579782
41 -0.6308961 0.17027706 0.55188954 -0.6720877 0.5635936 1.1110787 1.0395298 0.078760915
14 -0.06085122 1.1004606 0.17235419 0.46339503 -0.6346639 -0.012554941 -0.46024728 0.6047185
26 0.13424848 -0.6489161 0.28605714 0.49806574 0.5093863 0.08549879 0.22131173 0.42641112
23 1.0276985 0.21508962 0.29256168 1.5473952 -0.030618124 -0.45691013 -0.90389436 0.22900715
27 -0.70906717 0.51902604 0.52162737 -0.93858963 0.26192942 0.61280245 0.89053404 0.39819148
28 -0.99809414 0.38483518 0.78517264 -0.9173819 0.22719294 0.6091841 0.9672854 0.17976922
34 -0.64650667 0.3679973 0.6103288 -0.7298149 0.2869179 0.78063375 0.7390769 0.1806854
25 0.68275094 0.5556147 -0.26535064 1.3192412 -0.07847543 -0.26782972 -0.7297201 0.808895
49 -1.1872594 0.78428185 0.81610864 -0.97161716 0.25583875 0.26187605 0.40493485 0.06871765
6 -0.5020059 -0.18545246 0.80172765 -0.53505313 0.6369128 1.0910116 0.87845886 -0.19190064
39 -0.56886 -0.015818983 0.65485793 -0.7308365 0.49348694 1.0465466 1.3004194 0.10530358
10 -0.13013092 0.57030827 0.004062634 0.95270365 -0.56232667 -0.45099756 -0.5462836 0.8464965
24 0.5321835 0.6380156 0.33506632 1.3390774 -0.28664264 -0.6269559 -1.182263 0.3739821
46 -0.89540946 0.3431388 0.9264216 -0.8192588 0.3561134 0.3913175 0.47560656 -0.02807165
16 0.3149486 -0.60124767 0.41192132 -0.10259377 1.0726385 0.9382521 0.82884794 -0.042552013
42 -0.41005883 -0.37253928 0.7960385 -0.5006928 0.5254146 0.5981898 0.8693587 0.060541604
38 -0.7755256 0.12869076 0.7840413 -0.54103893 0.42733526 0.3965019 0.63564324 -0.04437279
13 0.70152855 0.60998327 -0.10183949 1.6468581 -0.23375264 -0.80659395 -1.3218313 0.8458614
47 -0.8685365 0.101300806 0.9611816 -0.80186665 0.63928914 0.7783448 0.7863871 -0.27331156
31 -0.44221985 -0.2810471 0.56843185 -0.38492537 0.5373935 1.0141329 1.1585861 0.11164327
18 1.1460575 -0.39172405 0.0019614822 1.7870767 0.2128244 -0.38303563 -0.7007487 0.61597073
17 -0.7038085 0.047918186 0.8910397 -0.85842335 0.64242536 0.68257177 0.7868145 -0.09705999
20 -0.7737609 0.25673923 0.48583743 -0.6360741 0.16917622 0.76986384 0.89291793 0.37326366
45 -0.56291443 -0.24060787 0.93257904 -0.61040705 0.4853561 0.81064165 1.1108428 -0.24761201
40 0.38596994 -0.51359814 0.59588796 0.28212613 0.4277953 0.6817643 0.77682745 -0.040524162
7 0.9978912 0.23880903 0.21484149 1.7031145 -0.32827085 -0.6988336 -1.0021192 0.6054385
44 0.12705293 -0.70482 0.96437883 -0.23827128 0.77427375 0.57165945 0.7887128 -0.24676536
4 -1.071949 1.1513346 0.5206524 -0.9579365 -0.24273506 0.20660204 0.3889153 0.58147305
36 -1.064514 0.40110645 0.9174768 -0.9308981 0.32667485 0.64779395 0.8085486 -0.025376322
30 1.1654935 -0.18880254 -0.0072081746 1.8673147 0.022890354 -0.45872208 -0.5568508 0.64018756
29 -0.10015007 -0.3028517 0.19434245 -0.15972854 0.98218554 0.6798741 0.8791587 0.23944163
19 0.88563406 0.33023253 0.33329368 1.5204341 -0.098291196 -1.0453309 -1.4639608 0.64896387
12 0.8553304 0.29501426 0.09840834 1.8453298 -0.050390698 -1.0135529 -1.3470162 0.76377916
15 1.1705943 0.46405146 0.17158101 1.7987772 -0.18280898 -0.9513261 -1.4088082 0.70135856
5 -0.9125066 0.7000553 0.69602567 -0.8392059 0.13239366 0.27904862 0.48773447 0.27735052
37 0.91085523 0.3157758 0.20546071 1.8707192 -0.22732271 -1.1187919 -1.4135056 0.74604994
33 0.9761369 0.40800485 0.0995796 1.9540886 -0.14996849 -1.1668673 -1.3844339 0.782276
9 -0.8663229 0.89958745 0.9392991 -0.8304636 -0.2925976 0.17061533 0.44329944 0.13297956
32 0.72731566 0.39887232 0.19959025 1.8087033 -0.33863905 -1.1677632 -1.3587526 0.81209064
21 0.72765934 0.4720749 0.033058964 1.9450868 -0.4307532 -0.99100745 -1.4730616 0.8664496
3 1.023089 0.026080271 0.22338033 1.9989197 0.24162446 -1.0969616 -1.472783 0.5158509
35 0.91511184 0.28417817 0.13612276 1.8471137 -0.15754122 -1.2469238 -1.4340882 0.80633885
0 0.9632821 0.20338742 0.13288713 1.8166236 -0.2543198 -0.90550697 -1.3066485 0.8320046
8 0.4603338 -0.8987846 0.41905668 0.17580062 0.9782659 0.43450338 0.6798226 0.19671713
2 1.2476307 0.13877755 0.2017722 2.0030909 -0.18721028 -0.7999265 -1.2881858 0.64133227
11 -1.2587849 0.88106966 0.8355952 -1.1507498 0.12766619 0.81592155 0.49981183 0.040176604
22 1.0789309 0.14269367 0.10214788 1.9959799 -0.08863081 -0.9614377 -1.3660023 0.80372417
48 -0.4735527 0.61693335 -0.11773647 -0.5511063 0.23520611 0.68512416 1.0382365 0.9104124
