50 8
16 0.25213096 0.61407155 -0.21260229 0.36186576 -1.2813576 0.019478105 -0.07866321 -0.9482341
39 0.39229307 0.63060313 -0.31438354 0.29708648 -0.3673732 -0.8444674 -0.49058747 0.1159899
31 -0.12861879 0.27732468 -0.20636788 0.5134369 0.3901172 -1.0164188 -0.24485394 -0.24332595
17 -0.50571144 0.062125187 -0.14379796 0.41455632 -1.2480996 -0.11726554 -0.06610886 -1.0083288
43 -0.78867376 -0.124996506 0.7463898 0.64322263 0.6472314 -0.2762697 0.15906124 -0.0145443315
29 0.07931372 0.4178197 -0.17968047 0.3593237 -0.01289281 -0.9282579 -0.45205665 -0.061599225
23 0.32039556 0.67690647 0.066208676 0.31222975 -0.1046247 -0.5816591 -0.24562708 0.044685006
14 -0.43642294 0.650489 0.6538494 0.3839844 -1.0184805 0.9687248 0.20056166 0.5905643
1 0.035652 0.44041324 -0.5767693 0.5547478 -0.947408 -0.22005333 -0.21768355 -1.2294158
27 -0.4280256 0.078903794 -0.38409382 0.4796695 -1.1351984 -0.296935 -0.29932898 -1.1036888
15 -0.7943073 0.2563706 0.7927853 0.5875552 0.84122825 -0.09051838 0.19775163 0.62045854
41 -0.2386265 0.17883335 -0.3375902 0.403947 -0.9342333 -0.41359168 -0.32781 -1.1284201
34 -0.014289675 0.28539982 -0.21577904 0.34592843 -1.4420073 -0.14507687 -0.25432822 -1.1293458
8 0.04151642 0.5323839 -0.22952951 0.57037723 0.708066 -0.83830523 -0.50735027 -0.06499664
12 0.053338416 0.6503395 0.4933014 0.58405966 0.9482435 -0.44323552 -0.10741418 0.6961243
28 -0.4637966 -0.08053865 -0.16101868 0.39472273 -1.2890326 -0.4147233 0.0016106035 -1.3318601
36 -0.40493712 0.047975365 -0.15509965 0.5007376 -1.3397524 -0.1891085 0.21615246 -1.1057572
42 -0.49704316 0.16043992 -0.62462944 0.5440132 0.07248889 -1.0076927 -0.19602625 -0.6282132
24 -0.61735976 0.36781347 0.7612903 0.56708026 1.031744 -0.14379533 -0.19735438 0.710963
20 -0.39594376 0.13066241 -0.27605885 0.47502375 -1.4327596 0.0045439913 -0.29011947 -1.2874914
40 0.08677039 0.90661293 0.5592325 0.4731661 1.1503129 -0.3272783 -0.14686449 0.86975473
25 0.44458598 1.0350177 0.5772866 0.18458341 -0.52006185 0.34032348 -0.36656383 0.64192903
18 -0.082288325 0.62259835 0.8717407 0.56585664 1.4708284 -0.5594607 -0.044248886 1.0590724
48 0.02692074 0.29690343 -0.5460751 0.40413746 -1.1611077 -0.54533255 -0.47922394 -0.758452
26 0.03958055 0.20347668 -0.70345664 0.4967906 -0.23970313 -1.170348 -0.62567234 -0.8210724
19 -0.5304442 0.37176558 0.8112594 0.61935097 1.0995858 -0.17845957 -0.035357427 0.7020419
2 -0.009860557 0.7597464 0.7832181 0.51282424 0.85586417 -0.06826321 -0.10151987 1.0200745
38 0.02326167 0.39155716 -0.27877894 0.30254298 -1.7602295 0.01783903 -0.15287773 -1.0560684
4 -0.30313373 0.19387497 -0.2086057 0.38890725 -1.7324215 -0.030325036 0.13245302 -0.97578466
45 -0.62927353 0.039119173 -0.43117547 0.4808856 -0.6687759 -0.564852 -0.06944318 -1.1321559
7 -0.49747837 0.45790982 1.2966261 0.5440731 1.0211089 0.07373276 0.30033928 1.0572704
47 -0.29029223 0.38884643 -0.13711359 0.53395814 -1.6181476 0.5586707 0.1238508 -0.8626471
44 0.19906002 0.15893117 -0.47224858 0.46530595 -1.0572964 -0.871124 -0.43611437 -0.6986849
30 0.096672975 0.72164214 0.66419816 0.584126 1.3350761 -0.38902384 -0.28881243 0.5999231
6 -0.00368637 0.24322392 -0.6702586 0.5159671 -0.6137087 -0.8486272 -0.4354727 -0.98178613
21 -0.2964634 0.92574143 1.311754 0.36460352 0.88551295 0.21245259 0.24995603 1.5253129
35 0.028597893 0.72775435 1.1729158 0.40288097 0.60000694 -0.0020729518 0.17537282 1.2792262
49 -0.7877267 -0.06012138 0.3754883 0.37473193 -1.6676546 0.45338368 0.2959774 -1.0398729
10 0.39374286 0.39427772 0.02836939 0.7079577 0.75698644 -0.85126746 -0.29713207 -0.3071701
0 -0.22781113 0.5850964 1.0815965 0.6827452 1.3744253 -0.11596654 -0.030336855 1.1988338
22 0.068266556 0.7152172 1.1594994 0.7096097 0.90629214 0.30520338 0.092172824 1.1510295
33 -0.12673695 0.767127 1.3700262 0.42869887 0.9536055 0.071806714 0.3562146 1.3042299
32 0.10666433 1.0459173 1.1808262 0.49412328 0.94278413 0.22978158 0.38775036 1.3804495
11 -0.52776057 -0.0017495223 0.38228282 0.46466327 -2.4096594 0.7556443 0.3942335 -0.7846029
3 0.1101757 1.0472462 1.4284797 0.46449474 1.0166974 0.362838 0.2949278 1.3673732
37 -0.30036166 0.6493009 1.7594872 0.41246396 0.5847144 0.42344108 0.7102773 1.4495673
9 -0.28834537 0.35051262 -0.06994056 0.13722055 -2.2777538 0.059830572 0.14543769 -0.8334855
46 -0.5074922 0.12287388 0.31963572 0.17734982 -2.309589 0.24610643 0.4736972 -0.51632786
13 -0.10974699 0.5609633 1.1618849 0.7108126 1.2972273 -0.21334977 0.07363424 1.4677685
5 -0.8633969 0.10958312 0.79981273 0.6834105 -1.0698607 1.373454 0.5768939 -0.77026725
