50 8
6 -0.29174277 0.48790124 0.19062826 0.08727399 0.90976 -0.46299505 0.15102537 1.1839454
2 0.20495288 0.33250675 0.34269845 0.73374283 0.008117179 -0.45871866 -0.39949337 0.92336124
33 0.31793892 0.33716714 0.43209672 0.6594507 -0.09662708 1.1724731 0.24489482 -0.544751
15 0.116362125 0.47101095 0.27706066 0.60625595 0.33310154 -0.78610826 -0.29797974 1.1911848
18 0.15612917 -0.10375442 0.35630602 0.6608777 0.29006186 -0.5492613 -0.84338343 1.0344348
40 0.45476362 0.21659373 0.22923443 0.8750259 0.13359389 -0.7092702 -0.58948195 1.0844829
37 0.17771046 0.0031435161 0.18196125 0.6332586 0.57423925 -0.50607234 -0.50752294 1.056281
16 0.2723648 -0.23113649 0.7109226 0.041806273 0.17492503 1.2090919 0.10018805 -0.39617783
1 0.30881155 -0.2222315 0.57909185 0.53588855 0.037826728 1.2721252 -0.04529909 -0.56208754
13 0.20827593 0.62435246 0.18483697 0.5244642 0.34720448 -0.6219713 -0.13166584 1.1667123
19 0.3777084 0.021868957 0.411098 0.8064621 0.11952374 -0.4144578 -0.7022392 0.6969697
0 0.1997512 0.28634307 0.28739384 0.7047404 0.25663504 -0.7034951 -0.59411377 1.09963
43 0.19488548 0.23917349 0.67340773 -0.047542427 0.52812624 1.1579411 0.35709918 -0.6223451
23 0.43235114 0.0019132261 0.47803164 0.89433354 0.10628574 -0.5991175 -0.76192415 0.6886853
8 0.056542438 0.3695301 -0.11393066 0.68827033 0.7682058 -0.31182227 -0.113921076 1.0513208
25 0.8290008 0.01610479 0.4868753 1.0598083 -0.25620478 0.3312147 -0.14072555 -0.20208567
26 -0.2619195 0.13933702 0.5238952 -0.21064763 0.7275321 -0.10653261 0.17466773 0.8501693
35 0.5967641 0.2660755 0.6509117 1.0321589 -0.6350508 -0.4495458 -0.4386352 0.5462126
39 0.59594584 0.2966181 0.2978346 1.190568 -0.08017674 -0.69062424 -0.34203076 0.83723325
31 0.44204795 0.2240186 0.31421468 0.86110014 -0.059752762 -0.69663656 -0.52889615 1.1102679
12 0.23891152 0.3870464 0.17067508 0.68463296 0.4657496 -0.5153153 -0.45187703 0.94135374
24 0.34025294 -0.30024222 0.75188017 0.9369972 -0.34383118 -0.050348543 -1.0182447 0.23444913
29 0.17276493 -0.1807692 0.7323553 0.19390567 0.14109018 0.22296369 -0.5599459 0.21529387
42 0.30965653 -0.23634078 1.1144423 -0.30284888 0.0013117923 -0.4318155 -0.37196216 0.77977407
44 0.3146581 0.21347873 0.24180616 0.7576592 0.5311321 -0.74284804 -0.27551222 1.0388232
7 -0.33166018 0.29896274 0.36253026 -0.51962703 0.7308437 -0.0947092 0.2820933 1.366074
27 -0.050386313 0.42587504 0.54909074 -0.40977263 0.5945119 1.6486057 1.0419308 -0.42126608
45 0.020758167 0.1954265 1.0694779 -0.1658588 -0.31730887 1.6246157 0.4744695 -0.7544928
34 0.46586287 -0.21748312 1.1065036 -0.14630076 -0.23377036 1.6437067 0.17343523 -0.8575729
46 -0.37499556 0.2648117 0.72029316 -0.79987854 0.89740145 1.4527897 0.6924342 -0.3256109
48 0.5461473 0.23547721 0.36244026 0.32888317 0.19634375 -0.05233677 0.06543009 0.6196167
36 -0.12955107 0.31963134 0.8759486 -0.37380534 0.21922424 1.5175525 0.7477175 -0.53649557
32 0.29539427 0.19430003 0.448466 0.81876725 -0.04710666 -0.91544193 -0.68407166 1.2138408
21 0.1424744 -0.44424197 0.5507578 0.47520226 -0.04006928 0.6378533 -0.71437293 0.1642757
3 0.16733736 0.3063693 0.18354611 0.76709855 0.32329616 -0.58578235 -0.5331997 1.0543056
30 0.0569423 0.22255751 0.3093919 0.5604515 0.5699422 -0.8603583 -0.46611792 1.2078362
4 0.03993815 0.52359694 0.75518465 -0.37357795 0.37315068 1.7562354 1.0685087 -0.7797849
10 -0.7591916 0.72360414 -0.09424 -0.0035013792 0.80858046 0.77875304 0.6329656 0.7559721
41 0.16192713 0.58508116 0.13690455 0.5208317 0.64047146 1.1709521 0.75532925 -0.46456873
20 -0.5702127 0.6576029 0.033113644 0.101615265 0.6997822 1.0400925 0.90584797 0.28780118
14 0.18230115 -0.25823778 1.2798822 -0.46200895 -0.28296712 1.6778724 0.10210339 -0.7316892
38 0.076006815 0.42376727 0.44816446 0.47403988 0.13602589 1.6548661 0.7239522 -0.79116625
11 0.13039929 0.09131311 1.1253719 0.0020808845 -0.503391 1.9727639 0.39034563 -1.0179431
17 -0.44585553 -0.28425586 0.6642391 -0.92800415 0.9709 0.5154661 0.13096635 0.7661445
9 0.0048900223 -0.05656886 1.1753235 -0.48886496 -0.10542794 1.934721 0.49623027 -0.8880052
28 -0.3838633 0.7072873 0.0789456 -0.22722948 0.98043394 0.9348586 0.84138125 0.31379747
49 -0.32298043 -0.16957907 1.4556973 -0.7041312 -0.094826944 1.6875861 0.326067 -0.7722067
22 0.47884724 0.17722124 0.5431261 0.8703402 -0.015393698 -1.1276785 -0.4857248 1.1426315
47 -0.09178258 -0.57324094 1.3325516 -0.4359076 0.053433295 1.7781881 0.1762313 -0.9369452
5 -0.3848816 0.22804978 0.88408875 -0.89963335 0.67148185 1.7012529 0.9496956 -0.42368567
