50 8
24 -0.28490263 -0.77847975 0.7981226 -0.5163008 -0.06627956 0.0020035875 -0.07665185 0.14213766
1 0.63148683 -0.5485505 0.017980969 -0.28719318 -0.8905497 -0.2865852 -1.1016307 -0.55279046
34 0.5181283 -0.44913948 -0.013400751 -0.16366044 -0.45320424 -0.20394933 -1.3597622 0.26291057
23 -0.17036915 -0.7063837 1.0673233 -0.71036124 0.07936023 -0.2107276 -0.5318303 0.27521423
12 -0.17500214 -1.017222 0.3598319 -0.42067552 0.41514292 0.02637691 0.4260264 0.38896218
40 -0.57509494 -1.057655 0.07699655 -0.42107382 0.6136722 0.4826417 0.47984415 0.27505505
44 -0.09766603 -0.80472624 1.1355627 -0.8307461 -0.11691575 -0.2181682 -0.1674436 -0.23550773
15 0.044015225 -0.97286564 0.28192323 -0.45747972 -0.47566885 -0.040770914 0.49296385 -0.61357766
28 -0.08037467 -0.65835917 -0.036483545 0.2814036 -1.242909 0.18364745 -0.19587308 -0.60898864
19 -0.0016930469 -0.93409324 0.6004064 -0.71757674 0.16869202 -0.2284042 0.08701777 0.026662942
42 0.13861772 -0.9141897 0.30748346 -0.31317687 -0.28526664 -0.115619764 0.27411938 -0.2366443
39 -0.2555685 -0.9141167 0.60976416 -0.49076647 0.6629294 -0.10754596 -0.06498212 0.67285544
2 -0.33295214 -0.8845245 0.5487672 -0.24126825 0.546695 0.2108911 0.010907051 0.72745365
43 0.007906328 -0.7796401 -0.5129334 0.42971957 -0.78889155 0.2891825 0.3004912 0.056735937
27 0.32415178 -0.48227164 0.020457445 -0.041359615 -1.3374912 -0.22532348 -0.7892445 -0.51052064
31 -0.13331556 -1.2080971 0.5634392 -0.33610207 0.24241346 0.33822468 0.7487935 -0.4784486
8 -0.49203715 -1.036402 0.69521904 -0.48109853 0.03139689 0.123154394 0.6191797 -0.1488618
13 -0.152792 -1.1739237 0.20183678 -0.14026223 0.34504074 0.025450137 0.8422267 0.16363744
18 -0.35440356 -1.1638931 0.60267466 -0.5911166 0.7585318 0.24677406 0.6726208 0.3652393
46 0.1334955 -0.40852776 -0.26391825 0.28371844 -1.3024237 -0.105368294 -1.1388053 -0.2270413
21 0.292535 -0.8584106 -0.3389079 -0.07890485 0.40310422 -0.25884685 -0.22108844 0.8248802
30 -0.24088518 -1.1911772 0.69451475 -0.5675488 0.9623543 0.06183103 0.6312916 0.63709074
0 -0.07480915 -1.1789248 0.47751468 -0.5414264 0.514085 0.120261736 0.67416966 -0.06426186
25 -0.26671427 -0.5283166 -0.42263365 -0.39048654 0.00027425983 0.07054361 -0.5695961 0.839369
4 0.14349869 -0.31749234 -1.045568 0.37160173 -1.1898133 0.30841282 -1.1071558 0.21198043
41 0.32706755 -0.35817286 -0.90052396 0.62441605 -1.5530183 0.31803647 -0.9793257 -0.07968919
36 0.59740657 -0.38798258 -0.41035792 -0.00038332105 -1.1870736 -0.12119383 -1.1392741 -0.19646654
26 -0.21764693 -1.0128747 0.102447934 0.09984328 -0.61366767 0.1665282 0.6408452 -0.658279
38 0.38982812 -0.2925097 0.01856908 -0.11441648 -0.37683484 -0.16350962 -1.8210454 0.61298394
6 -0.077729896 -0.9670061 -0.062948376 -0.15455887 -0.8813519 0.24234612 0.7204597 -0.97133625
20 0.2033648 -0.62953174 -0.6579142 0.5571363 -1.47993 0.29647684 -0.25238577 -0.6084855
29 -0.55311805 -0.67088985 0.3084911 -0.70444554 0.4324797 -0.14607918 -0.50620866 0.80312455
45 0.29242948 -0.35964087 -0.3101925 0.074378505 -1.3910094 -0.08017374 -0.8924078 -0.103484206
49 0.5739486 -0.27296323 -0.88458073 0.45641738 -1.493962 -0.16493335 -1.222067 0.31230736
33 -0.30514228 -0.5312982 -0.7306503 -0.13235974 0.44003317 0.36651167 -0.6125724 1.5446936
14 0.30225906 -0.20134276 -0.78229785 0.0540322 -0.502509 0.055327963 -1.8110875 0.9452379
3 -0.41316754 -1.1569484 0.855069 -0.7881012 0.79338896 0.015131967 0.4588123 0.16736911
17 0.16816688 -0.5448333 -0.48879874 0.2944091 -1.8879806 -0.011934678 -0.23135573 -0.8186648
7 -0.06368545 -1.2040666 0.11231331 -0.22502814 -0.055341475 0.04990262 0.9944633 -0.43171033
5 0.26486942 -0.4471689 -0.7311316 0.5101514 -1.4614503 -0.01730728 -0.7738901 -0.1764677
35 0.27278632 -0.6177039 -0.50625646 0.14669757 0.41564065 0.16517799 -0.7747207 1.3119885
16 0.18114318 -0.29918984 -0.4329327 0.37564862 -1.2377965 0.24621582 -1.3158714 0.092789076
22 -0.3984017 -1.0370482 0.250926 -0.83528405 0.7824034 0.07020781 0.3873042 0.5704271
9 0.54309726 -0.25869915 -0.65746427 0.42440516 -1.2526585 -0.062822856 -1.7392995 0.19547516
10 -0.44199798 -0.8953055 -0.54887205 0.83195597 -1.1287708 0.4864191 0.78901297 -0.47207484
47 0.47290927 -0.4010686 -1.8393749 0.60675544 -1.0216076 0.4366996 -0.7046929 0.67955494
32 0.06833211 -0.7520939 -0.3804781 -0.11479789 0.88908243 0.42223433 -0.4432337 1.5451566
11 0.4488708 -0.16755977 -0.8926372 0.287811 -1.6483948 -0.24842867 -1.5007981 0.1713235
37 -0.5733421 -0.89816356 -0.39666614 -0.10665771 1.3060911 0.6428129 -0.1334174 1.7535249
48 -0.57823765 -0.6421248 -0.61564094 0.81862235 0.74295926 0.7966616 -0.7501343 1.9501519
