50 8
39 -0.1915402 0.6116337 0.34663293 0.18563622 0.81206906 0.61662495 0.2610682 -0.18317924
36 -0.5880215 0.41956684 0.46833673 -0.4931072 -0.13680544 0.9706001 0.58779806 0.4922554
40 0.20476182 0.78109604 0.4999434 0.30787864 0.79261667 0.75716186 -0.12884383 -0.6501751
41 -0.43501797 0.4050705 0.13666438 -0.079269975 -0.2932538 0.7384425 0.6060706 0.66066897
43 -0.3533717 0.48478043 0.5148539 0.528724 1.0394555 -0.04356542 0.35199112 -0.05973511
1 -0.7480635 0.2580092 0.29738536 -0.26346415 0.09298078 0.69664395 0.77775824 0.7182221
26 -0.47803658 0.6362103 0.6055024 0.09103868 1.0084482 0.27967888 0.3122544 -0.06714241
46 -0.48870766 0.47331226 0.60109824 -0.2355653 0.6747667 0.77777314 0.41119567 -0.01767737
18 0.7407038 0.3631536 0.31882033 1.2181958 0.7585253 -0.053064454 -0.4077607 -0.13810442
23 0.12556009 0.5341446 0.47242397 0.45214316 0.8987239 0.38295537 -0.027106158 -0.2729123
42 -0.69109905 0.2740633 0.8526164 -0.18723838 0.8522454 0.36876112 0.4455403 0.15727602
49 -0.46461862 -0.13431866 0.45031524 -0.06389772 -0.48978272 0.50859576 0.696318 0.98839366
6 -0.13214213 0.79089785 0.81289065 -0.27718613 0.99363375 0.7274928 0.04693247 -0.41145098
27 -0.53959566 0.26398998 0.35782945 -0.56534797 -0.20849536 1.1081475 0.7105245 0.6327229
31 -0.26202515 0.83117485 0.55336714 -0.17775512 1.0911874 0.802942 0.040646315 -0.32130963
28 -0.96117616 0.53344065 0.3880517 -0.2353588 0.43966308 0.47472185 0.6314738 0.5780375
19 0.5078423 0.24598435 0.4445288 1.2325803 0.05168236 -0.43403468 -0.21351199 0.39111215
16 -0.251917 0.32540745 0.26058045 -0.5290804 -0.23511462 1.1885784 0.63383657 0.5485042
5 -0.17283823 -0.0807826 0.2117049 0.7279021 -0.68566394 -0.35252845 0.81658316 1.1238304
20 -0.64641935 0.49680263 -0.1295651 -0.062389415 -0.64977527 0.92587876 0.73159724 0.72036684
24 -0.57359666 0.49226898 0.82699525 0.82290035 0.75979865 -0.7282353 -0.0051479256 0.30983967
30 0.63205296 0.2591562 0.7678488 1.4058572 0.9847413 -0.6298944 -0.33939597 -0.21420212
21 0.6498506 -0.33659768 0.1033337 1.5664567 -0.9828333 -0.27830425 0.24295361 0.84005606
38 -0.04675309 0.40466478 0.1869985 -0.6094961 -0.7051634 1.6518435 0.41547763 0.45453775
44 0.080387674 0.5724058 0.5321308 -0.12048133 1.062916 0.93751436 -0.035079833 -0.27992356
7 0.6763909 0.24969773 0.47825396 1.3268096 1.1062323 -0.84068805 -0.40062448 0.42023513
48 0.037195463 0.4594888 0.39571074 -0.334288 0.39666867 1.362087 0.3098327 -0.23905487
45 -0.40374246 0.42417446 0.2841906 -0.31494933 0.069483206 1.0305053 0.51535976 0.38641298
25 1.5844064 0.029417707 -0.3181684 0.48928306 -0.6666383 1.2426922 -0.22488697 0.5569621
29 0.37329397 0.43758225 0.036318325 -0.3011606 -0.100424014 1.3461434 0.25425372 0.33722118
17 -0.9205374 0.5129397 0.39326113 -0.2947465 0.5747285 0.4743178 0.53251034 0.65226537
15 0.40258926 -0.19394939 0.67540056 1.782923 0.01365134 -1.2373964 0.27076748 0.49879754
2 1.0359086 -0.028362451 0.7758496 1.6369516 0.12448355 -0.61960584 -0.41235843 0.057449155
10 -0.8494572 0.83483565 0.05956764 0.32422346 0.11468852 0.07335749 0.41738978 0.6678856
8 -0.3743159 0.78729284 0.57359797 0.29809454 1.4092535 0.43867904 -0.1396307 -0.3831917
12 0.95656776 0.37051618 0.6022616 1.3236138 0.8296444 -0.5036507 -0.560983 -0.037000477
34 0.17446266 0.17324808 0.29143813 -0.35299727 -0.9870931 1.2398403 0.44122684 0.67262626
4 -0.1824064 0.018936254 0.2137201 -0.24522126 -1.3891447 0.77660215 0.86648124 1.2167463
22 1.1216202 -0.44447863 0.08663216 1.2677426 -0.9564344 -0.25520104 0.09408798 1.297705
3 1.6094644 0.120434985 0.37614274 1.8382102 0.0536785 -0.6019063 -0.6708868 0.22979598
13 0.46441635 0.9139158 0.31602073 0.5524801 1.4131424 0.29119146 -0.48813057 -0.28694007
9 0.91580486 -0.22301985 -0.05951659 0.112728 -1.7855839 1.1684778 0.48232132 1.0980563
14 0.4085485 -0.06674046 -0.11211645 0.45044968 -1.8200135 0.9626646 0.45289817 0.9453567
33 1.2479202 -0.42307886 0.36029127 2.1417065 -0.4670871 -0.52542233 -0.1885528 0.26992223
11 0.34076956 -0.19631927 0.22517478 -0.06994234 -1.5596362 1.1858901 0.53907114 0.8809389
37 1.3808619 -0.94736224 0.40587953 1.6817199 -0.6587018 -0.7091511 0.113889106 1.2238106
32 1.6731985 -0.12359845 0.2030463 2.0407152 -0.69602376 -0.4066385 -0.16271672 0.13846865
35 1.1808345 -0.42291173 0.69143134 2.070441 -0.1411248 -0.9041596 -0.14692236 0.23873915
0 1.3034993 -0.27746493 0.23577721 2.4545994 0.035965666 -1.0581951 -0.35843125 0.5178212
47 -0.11017285 -0.6076851 0.8848144 1.1956656 -0.27359375 -0.54270035 0.5946204 0.41396356
