50 8
16 -0.44342366 0.8793839 0.4610164 -0.025723811 -0.23916373 -0.7825796 -0.24665809 -0.5198846
25 0.1767439 0.5264747 0.60499614 0.35871425 0.062158015 -0.15183842 -0.3749183 1.0474045
40 -0.72646487 -0.49982303 0.61034405 0.745289 0.119911805 -1.1625568 -0.0696672 0.24223351
41 0.44992548 1.1317782 0.45363522 1.0652449 0.024055516 0.41749963 -0.15025409 -0.46353403
20 -0.47108835 0.95745236 0.4585819 -0.103364564 -0.1561307 -0.53211194 -0.3696215 -0.37677988
27 -0.5827237 0.7591714 -0.12107864 0.63077956 -0.6779088 -0.266849 0.3452234 -0.779691
24 -0.7142405 0.5860775 0.8761507 -0.409137 0.4886615 -0.27934262 -0.5011012 0.43784812
39 -0.43727133 0.16466711 0.08653324 0.9651825 -0.1275589 -0.89455134 -0.03364007 -0.21013881
43 -0.73990804 0.513477 -0.039006792 0.64849126 -0.7676189 -0.4915771 0.65003306 -1.0683962
38 0.47147804 1.2891127 0.045334235 1.3114027 -0.18459433 0.5495843 0.041466936 -0.5096071
23 0.19092049 0.7814383 1.1004024 -0.12963088 0.18249534 0.052504588 -0.5260962 0.7558196
12 -0.5588534 -0.19188175 0.51697594 0.45784006 0.28607526 -0.73534256 0.12716612 0.8764797
4 0.5878024 1.6904317 0.18081148 0.7314993 -0.4199885 0.9042277 0.16158451 -0.34438545
1 -0.2119699 1.2917838 -0.09406707 0.30854845 -0.5545627 0.06916062 0.17686333 -0.38946298
44 -0.18806078 0.06334791 0.67960894 0.6723876 -0.0313563 -1.0912695 -0.6853748 0.19723864
10 -0.7009035 -0.027984016 0.49567854 0.061566673 -0.4690416 -0.0707181 0.7496641 0.5720583
42 -1.3242569 0.25118914 -0.012649575 0.27415547 0.07732048 -0.91648203 0.17188205 -0.4860756
18 -0.81743497 -0.7302196 1.0048112 0.32632878 0.3413769 -0.28846675 0.13195658 1.2675734
19 -1.0654658 -0.40281686 0.6302397 -0.1254677 -0.118050106 -0.3022414 0.53634495 1.1054492
28 -0.3660048 1.144055 -0.042373586 0.47875348 -0.92729986 -0.16914022 0.30698884 -1.1354537
34 0.22718412 1.4934931 0.05936264 0.90303934 -0.097040415 -0.0736343 -0.38856018 -0.928803
29 -1.1613309 -0.10751166 0.5539382 -0.25249207 0.40095234 -1.210671 -0.29749036 0.8359601
14 0.15523756 1.5294434 0.19919552 -0.093631975 -0.39729914 0.5390975 0.048374403 0.4171079
45 -0.68036187 0.6785509 0.21481586 0.57372886 -0.15279996 -0.88008696 -0.2508808 -1.1209594
26 -1.1104056 -0.7527535 0.5837779 0.8245591 0.0036863699 -0.99217635 0.20705631 -0.11150508
6 -1.18666 -0.4534983 0.28862467 0.6716107 -0.25034308 -0.90046 0.30730373 -0.18736966
15 -1.3262787 -0.05184075 0.25898257 -0.2533918 0.041081015 -0.6172301 0.5621878 0.6126317
35 0.72104716 1.3485422 0.4828635 0.09947098 -0.6115648 0.7932316 0.25502628 0.87866294
21 -0.18969777 0.6396789 0.5883894 -0.31513834 -0.13463618 0.7058509 0.54727805 1.4022832
9 -0.15865032 1.4257549 -0.20050219 0.38132155 -0.7575345 0.71687454 0.5602821 -0.42271304
36 -0.3179733 1.8633299 -0.2503257 0.037172366 -0.3196869 0.118150264 -0.022929627 -0.7099977
7 -1.5012113 -0.20534913 0.056515962 -0.115707256 -0.23540953 -0.820338 0.6017247 0.46552896
3 -0.8140252 0.3861844 0.49179465 -0.32754624 0.6469641 -0.1973347 0.05119387 1.1990222
8 -0.86159045 -0.6823801 0.89502907 0.30603462 0.17061147 -0.41535434 0.2908328 1.00899
2 -0.60714185 0.3568091 0.5753665 -0.3651013 0.35470003 0.05405199 0.08348762 1.4586632
22 0.62098265 0.53155214 0.8412077 0.6284971 -0.3204759 1.2310549 0.40213203 1.3075556
31 -1.1771119 -0.5180812 0.16399159 0.9286924 -0.11618613 -1.1629055 0.21192703 -0.27949232
46 -0.17804751 1.1618485 -0.18755803 0.6707943 -0.7790149 -0.59572095 -0.009955723 -0.97549117
11 0.34881076 1.7692443 -0.16274957 0.5963918 -0.61746734 0.49831474 0.15304536 -0.45535544
17 -1.5128362 0.37661222 0.22568758 0.018506587 -0.4216121 -0.26527703 0.3796984 -1.0374664
37 0.32642514 0.20819883 1.1135222 0.208953 0.118349046 0.35315537 -0.14429125 1.7166095
49 0.15079 1.6191094 0.16450362 0.6989545 -0.7062038 0.63931495 0.21901508 -1.224468
0 -1.0566761 -0.008348994 0.8608774 -0.5249946 0.93181056 -0.40382826 0.0137608545 1.4164417
33 0.4719471 0.36574796 1.0751746 -0.014530086 -0.04447117 0.44566023 0.027439784 2.0172284
47 0.3968941 0.66741264 0.08271172 1.9656419 -0.36174548 -0.26167658 -0.24235323 -1.0508374
13 -0.692642 -0.85048646 0.6783012 1.0691547 0.18533142 0.32444274 0.817954 0.9371547
32 0.93910986 0.15149823 0.91854703 1.3064733 -0.39980853 0.7861864 0.32109576 1.1334211
5 -0.43247318 1.6671084 -0.020249417 -0.32026824 -0.49369997 0.8828812 0.57483655 -0.24156745
30 -0.15635434 -0.7523284 0.7684216 1.1225048 0.12016444 -0.2827724 0.028789572 1.4372289
48 1.5943315 1.46529 -0.19641809 2.1624613 -1.1326768 0.32446274 0.50349224 -0.6668979
