50 8
43 -0.54639626 0.6484187 0.47954616 0.43288347 -0.1306267 -0.8117845 0.21041289 -0.38891387
23 -0.2918632 0.96067375 -0.10578533 0.5896864 0.45681697 -0.15820935 0.00880616 -0.099816024
24 -0.45424643 0.63098407 0.450441 0.29375133 0.14069633 -0.68897843 -0.08644983 0.07100247
19 -0.7302663 0.077163555 1.0524697 0.42600977 -0.34075588 -0.072571136 0.13479984 0.09114253
12 -0.5664924 0.6177694 -0.033316985 0.538638 0.67218244 -0.41516787 0.31522846 0.37707144
1 0.1614613 1.3639206 -0.1797422 0.6600149 -0.31243777 0.08951487 -0.01121401 -0.7899044
26 -0.4661929 0.4761292 0.7995116 0.23267002 -0.48817205 -0.70566183 0.07179817 -0.07096099
15 -0.5412307 -0.10025439 1.1720572 0.1551647 -0.10636604 -0.3461342 0.19042084 0.7747467
31 -0.11528821 1.1488923 -0.261547 0.6616057 -0.13729957 -0.7701771 0.089329444 -0.3463058
36 -0.6133615 0.79927284 0.23037656 0.77490723 -0.03659179 0.24863529 0.23213933 -0.8643368
42 -0.14402258 0.87539905 0.36164534 0.12459071 -0.73537165 -1.1099521 0.18861799 -0.0077963225
6 0.050013043 1.1059314 -0.10867008 0.554663 -0.41637596 -0.45854628 0.05841674 -0.16410398
17 -1.0135317 0.56451637 0.54414076 0.5773853 0.07786678 -0.253549 0.0030936818 -0.6784795
39 -0.4537043 1.1865759 -0.4925141 0.6239231 0.3975753 -0.52310705 0.17836677 -0.23620291
49 -0.3140442 0.9011487 0.21553011 0.8364733 -0.23496458 0.7250599 0.08838246 -0.8631545
2 -0.41927567 0.6525435 0.28427276 -0.08283409 1.020317 -0.6161849 0.33777228 0.5369855
27 -0.2185132 1.3604769 -0.44621292 0.7279073 0.4356549 -0.016469097 0.0025463547 -0.6835891
25 0.64459145 0.068107806 1.132165 0.0515688 -0.64255893 0.40711972 0.043043155 1.6435874
10 -0.21862125 0.0919324 0.95470834 0.29590958 -0.6299194 -0.20331314 0.14905614 0.8050244
16 -0.007901853 0.80678976 0.492572 0.33343196 -0.558205 0.50449884 0.24028338 -0.22501533
13 -0.1305777 -0.11852302 1.1396731 0.034764644 -0.20560992 -0.35332993 0.21006912 1.4204787
40 0.45943055 1.5561165 -0.7814038 0.14578365 0.8268831 -0.47615987 0.21473932 0.43781194
18 0.07248617 0.02822472 1.0871598 0.012821451 -0.53863806 -0.2875231 0.014145126 1.4284765
7 -0.34668458 0.87437665 0.06327769 0.19723885 0.80531186 -0.85086125 0.026238134 0.1894543
29 -0.43173528 0.3121989 0.69661075 0.5519647 -1.2581285 -0.48091954 0.28808844 0.21878374
20 -0.20221926 0.39150915 0.99978006 0.48516917 -1.2880185 -0.18375273 0.027050573 -0.2613442
41 -0.25165927 1.4719697 -0.55533266 0.76448566 0.95759326 0.51153505 0.10959963 -0.9514877
11 -0.25992835 -0.1444289 1.4187003 0.5986619 -0.5484383 1.5418191 -0.052258726 0.36328402
45 -0.2904883 0.33615774 1.1795902 0.40667054 -1.2794261 -0.319533 -0.06033826 -0.31077465
4 -0.05022755 0.8800405 0.35952705 0.7520288 0.16127221 1.1618968 0.0640864 -0.8143008
28 -0.07339685 1.2859982 -0.18627067 0.6210468 0.62542504 0.11126107 0.10730011 -0.85495174
30 0.11520761 0.24248348 0.9436979 -0.20110306 -0.033689655 -0.6462593 0.1305357 1.2129511
38 0.031936657 1.5832535 -0.5878022 0.4632988 0.8379371 0.1095047 -0.024505466 -0.52966243
3 0.053612202 0.18306068 0.860945 -0.34678945 0.9117029 -0.13029131 0.2932729 1.548461
0 -0.32717222 -0.2508199 1.4295229 -0.24666727 0.8769199 0.36308995 0.26229218 1.4820609
34 -0.20633519 1.5483686 -0.68888754 0.66510034 1.2728435 0.3252978 -0.027866889 -0.6384274
37 0.09667734 -0.36706504 1.8052375 -0.10091596 0.3422387 1.0675417 0.075439095 1.2338506
9 -0.47715136 1.246148 0.007874663 0.56839406 0.7907987 0.780247 0.14941987 -1.2140604
48 0.7573113 1.377624 -0.47554666 0.69754297 -0.55264765 -0.30176944 0.13507326 -0.08448597
22 0.09597892 -0.32399434 1.6512511 -0.25990477 0.813123 0.83793104 0.06420053 1.6326911
14 0.20853688 0.8266113 0.17661178 0.16138478 1.4809325 1.3292626 0.006060485 0.5503017
33 -0.0035534166 -0.34405565 1.715749 -0.41925323 0.6626999 0.73707134 0.13202477 1.7246524
5 -0.48847002 -0.08471749 1.220106 0.5656259 -0.17865749 1.4720026 0.2265734 0.28848612
8 0.3212704 0.770086 0.07472868 0.6255644 -1.363944 -1.1218623 0.18698801 0.54629636
21 0.1473717 0.8995733 -0.19626182 0.09210336 1.8055727 0.64241683 -0.018057259 1.0956607
32 0.49047306 0.07628466 0.9674113 -0.41016766 1.1184207 0.5091469 0.20693807 2.151091
35 -0.27734545 -0.27289557 1.3013386 -0.24247093 0.7498498 -0.1984886 0.14075756 1.7824728
44 0.7644684 1.1211079 -0.05196652 0.5185238 -1.227905 -0.8352555 -0.0625346 0.26604936
46 0.89644784 0.47654724 0.93093055 -0.16713218 0.49943143 1.716731 0.036561094 1.1419288
47 0.5548466 1.7821763 -1.1453993 0.9235786 1.8989601 1.709654 -0.014474992 -0.11879203
