50 8
40 -0.76344615 0.3819213 -0.25469667 0.6772443 0.5152882 0.58955115 -0.04684785 0.6104665
23 0.30500546 0.39897525 0.3302414 0.18990757 0.6241994 0.462448 -0.17623155 0.22136164
28 0.13932066 0.27121362 0.897111 -0.37014225 0.13053365 0.9651398 0.54630464 0.39342305
29 -0.6248865 0.2981948 0.16771029 0.10270194 0.8204249 0.80851495 -0.044700883 0.56365085
25 0.8235947 0.03836443 0.23708262 0.8426998 0.3497702 0.092671156 -0.34464198 -0.05656594
1 -0.18186167 0.1748147 0.4387473 -0.16041295 0.76398665 1.0122793 0.26874533 0.44657248
27 0.14223537 0.14483424 0.79489297 -0.23880689 -0.08304799 1.1194392 0.6733254 0.4675404
31 -0.5350355 0.32855764 0.089004554 0.018966796 0.88993347 0.8610477 0.0012488693 0.7317315
24 0.012729266 -0.104015045 0.11139384 1.1684003 0.73271114 -0.84371006 -0.9026164 0.29645404
18 -0.17899263 -0.117279574 0.03564963 1.2779795 0.7132704 -1.1232605 -1.0532013 0.5291436
34 0.3461089 0.08404252 0.93009853 -0.21481927 -0.1593905 1.4084104 0.7094136 0.13768674
16 -0.01693896 0.09153321 0.8871918 -0.297274 0.18774925 1.2436875 0.57472956 0.31100816
41 0.4688019 0.17482015 0.8679724 -0.021978186 -0.09540467 1.0029963 0.61037976 0.102763936
15 -0.95167786 0.47131446 0.031771522 0.44153953 0.5307586 -0.027238086 -0.32738325 0.8098963
43 0.18129791 0.3568419 0.88875073 0.046342406 -0.7361456 1.2050436 0.8578047 0.087400086
42 -0.50557476 0.10188447 0.441161 0.004303496 0.6856781 0.6927357 0.10190437 0.51041484
45 -0.019136976 -0.01005933 1.0607494 -0.21637337 -0.073925845 1.2262092 0.7302563 0.15974529
49 0.0698694 0.1426 0.67504525 0.10618495 -0.2405939 1.3643174 0.85162264 0.20411651
20 -0.34902507 0.09412702 0.65786797 -0.29099444 0.2949312 1.0680944 0.6583729 0.6842705
17 -0.49425384 -0.19903637 1.0569129 -0.36339086 0.13997848 0.7979408 0.7434286 0.7606244
19 -0.010783874 0.24998556 0.24953817 0.8617505 0.7090821 -1.0957125 -1.0548126 0.40027875
26 -1.1079156 -0.02232065 0.38355348 0.03688326 0.95256287 0.0025722021 -0.3214374 0.9979614
13 -0.21227999 0.2802128 -0.11076977 1.1604276 0.8560268 -1.1121892 -1.2144271 0.58642244
46 0.034061212 0.42500144 0.9058609 -0.25260034 -0.13342872 1.079275 0.5483396 0.2324062
6 -1.1463753 0.14662428 0.66034687 -0.11766241 0.6541621 0.3149366 -0.25038654 0.6289401
38 0.11850432 0.104009956 0.73939997 -0.25702712 0.37999243 1.5301703 0.80313057 0.16635063
11 1.0109123 0.80075186 0.65674555 0.2181194 -0.9271527 0.99093115 0.632018 -0.055549353
48 0.3073213 0.46718422 0.8901225 -0.30120736 -0.29077032 1.4491103 0.820453 0.15051635
36 0.293563 0.29762897 1.0105563 -0.25521782 -0.37338832 1.3443869 0.97257125 0.19469494
4 0.59900945 0.44285047 1.0624195 -0.39091125 -0.2885416 0.82835674 0.61181456 0.2846445
14 1.3806502 1.0017263 0.63785267 0.4099231 -1.1626126 0.5574818 0.50058115 -0.14198631
30 0.24949032 -0.0384698 0.04822207 1.4020945 0.87400395 -1.2231767 -1.2071102 0.16374683
44 -0.25749877 -0.15105753 0.51620543 0.04527044 1.0105087 0.41616088 -0.044591486 0.45287716
8 -1.3472521 -0.2415533 0.21095774 0.61625236 0.8811291 -0.37118047 -0.6160913 0.9499349
9 0.9919537 0.97773796 0.9233702 -0.03306206 -1.0630236 0.5469926 0.66995424 0.058113225
0 0.107589066 0.3275744 0.085325144 1.4560949 0.5343485 -1.5968399 -1.4166948 0.2593645
3 0.15250807 0.36196932 -0.104505144 1.4663378 0.41198307 -1.2515198 -1.2281436 0.33272564
21 0.67054015 0.43896636 0.38797224 1.8081194 -0.97229505 -1.415474 -1.0454583 -0.16101739
47 0.22130518 0.09155119 0.66883594 -0.012061546 -0.24474211 1.6659418 1.0296731 0.14190666
10 -1.0845155 0.63200116 0.15482178 0.83635104 -0.37108523 -0.78503036 -0.4673279 0.9037589
33 0.9549939 0.097879656 0.1335681 1.9403461 -0.5829827 -1.2343276 -0.6281789 -0.05871778
35 0.92247665 0.10479063 0.45838952 1.8173425 -0.6001311 -1.6237684 -0.71618074 -0.12124283
5 1.2620645 1.3200616 0.7117891 0.2845621 -1.2286435 -0.23189351 0.34986484 0.24257337
12 0.48330697 0.44447702 -0.023156824 1.5533735 0.46529382 -1.6021976 -1.3681456 0.14708461
22 0.6407439 0.12382812 0.49098384 1.6683024 -0.6500992 -1.5439957 -0.82810205 -0.058580495
39 0.28373677 0.1701189 0.14570327 0.6706175 0.55347973 0.7158142 -0.04043101 -0.12569542
7 -0.61801076 0.080299586 -0.13078389 1.2987971 0.81218594 -1.5702748 -1.1347868 0.86396176
37 0.9134639 -0.05255534 0.3201496 1.8502215 -0.24786755 -1.5178292 -0.94624376 -0.14118078
32 0.4932255 0.40144837 -0.368133 2.156399 0.12148914 -1.3867519 -1.320513 -0.0045179436
2 0.37611914 0.48410875 -0.031210685 1.9063034 0.12175318 -1.6447971 -1.5470011 -0.11663033
