50 8
12 0.051917005 0.6151268 0.44574124 1.2108607 0.42199934 -0.23014714 -0.3482584 0.07263972
33 0.54275376 -0.058819726 0.52415013 0.8760278 0.24871823 0.821142 -0.27395004 -0.314332
15 -0.32349342 0.27175528 0.4334256 0.98516774 0.37255448 -0.3565945 -0.026902746 0.7543898
18 0.14507674 0.16606401 0.58783 1.2847085 0.3874691 -0.28837305 -0.4921007 0.24409999
19 -0.010435284 -0.19346136 1.0011578 -0.20935482 0.8234665 0.3676946 -1.2188163 0.17852111
27 0.3252618 0.7983672 0.18016316 -0.29561046 0.20900819 1.1626894 1.0607961 0.13065358
11 -0.19574727 0.069839746 1.1164529 -0.6131946 0.5226787 0.8748332 -0.69644886 -0.11958254
36 -0.72020984 0.6099631 0.30538267 -0.2898227 0.4157043 0.5267176 0.32004365 0.826491
21 -0.3743145 -0.25572994 0.70430976 -0.11989689 0.4168998 0.7493981 -0.30857646 0.45313457
39 0.6689054 0.52141744 0.41957167 1.0076618 0.136496 0.46371707 0.7585592 -0.34425476
38 0.7679813 -0.10684552 1.0574663 0.35704747 0.16587818 1.0722893 -0.34479052 -0.82447016
34 0.4662864 0.3729158 0.76173025 -0.54590577 0.16334285 1.4752407 0.040076327 -0.34650302
49 -0.46519822 0.1091826 0.5512677 -0.8685167 0.40524736 1.052909 0.5894648 0.726903
29 0.7056966 0.37962222 0.78595835 -0.19508238 0.57555014 0.97278965 -0.68193895 -0.5177361
0 -0.37412274 -0.14527012 0.67717284 1.2978351 0.49659553 -0.50815016 -0.047444034 0.4587575
43 -0.47188795 0.4510803 0.23723243 -0.5459018 0.21220464 1.1875762 0.8818459 0.63702327
23 0.78275114 0.4450778 0.9094944 0.281571 0.66746366 0.4929147 -0.6013803 -0.7030913
42 -0.5712841 0.07281201 0.73974353 0.13828869 0.52263606 0.24995309 -0.8585874 0.50888896
25 0.52380055 0.46727234 0.61134017 0.35917556 0.7089849 0.48424846 -1.058262 -0.32288948
4 -0.10769824 0.15969351 0.74169236 -1.2253492 0.48337156 1.1916646 0.1479439 0.52780175
30 0.7300715 0.03546046 0.665315 1.3868233 0.45759845 -0.22931594 -0.58038145 -0.030126588
40 0.9086836 0.5251086 -0.025262669 1.8604056 0.08427542 0.23224026 0.55894625 -0.11559242
26 -0.52444077 0.153611 0.23238197 0.77551776 0.30610135 -0.46592456 0.6987471 1.4332825
6 -0.44129232 0.7987051 -0.17755984 0.72459006 -0.08320604 0.35216203 1.3103334 1.0285178
31 0.31386027 0.70742047 -0.11966405 0.51245004 0.18603605 0.5908319 0.450351 0.6549111
2 0.8566995 -0.08419469 0.75740486 1.0487193 0.257525 0.1957658 0.050677314 -0.21956821
8 -0.25788182 0.7065205 0.08557883 1.4609722 0.35473156 -0.6748204 -0.006596999 0.9288525
45 -1.0544661 0.16937731 0.7456435 0.096739195 0.6645822 -0.31842718 -0.6676581 1.0367993
3 0.7955564 -0.13106318 0.7818671 0.33314222 0.7476033 0.42624214 -0.94517934 -0.1276953
24 0.5692686 0.77113706 0.11708111 0.37730038 0.18183443 0.7560805 0.6777302 0.09202463
28 -1.2369034 0.48254144 0.2950228 -0.022097142 0.23757493 0.059561 0.38898864 1.444879
20 -0.35011816 0.8956369 -0.25740042 0.2430171 0.20576958 0.85467577 0.45897114 0.73664427
9 0.1279334 0.58061844 0.90918547 -0.8991496 0.19004613 1.3692137 -0.0013877522 -0.2243553
5 -0.82218266 0.105220236 0.31914487 -0.21160504 0.16116449 0.53592616 0.73233914 1.2833906
10 -0.8154262 0.44307336 0.0030446893 0.839432 -0.2598727 0.33401534 1.3657864 1.1270059
41 -0.3599715 0.32028243 0.101722784 0.3880483 0.14201888 0.56133115 1.1917242 0.78137046
35 0.88442326 -0.25156385 0.9285292 0.90157133 0.45460606 0.22709508 -0.13251151 -0.3697702
44 0.59685785 -0.43002853 0.9502785 1.1155359 0.6431217 -0.31263974 -0.97735816 0.0969954
48 1.0947243 0.60113364 0.1921163 0.05815057 0.04755318 1.2595851 0.9175468 -0.09185414
17 -1.1049247 -0.026083032 0.7279663 -0.84658813 0.45171732 0.18135685 0.21851696 1.6450919
1 0.86378485 1.0049028 0.16902874 -0.16577244 0.258215 1.4018278 0.91269183 -0.4102919
16 0.3069944 -0.19080755 0.72745305 -0.7774545 0.8356302 0.7482639 -0.81609225 0.57967293
37 0.13383797 -0.2708057 0.65789235 1.5112256 0.25524208 -0.6053146 0.022430623 0.6814385
13 0.3011633 0.7868004 0.18917923 1.0292919 0.7349713 -0.7893459 -0.4359841 0.8164047
32 0.53116393 -0.5375361 1.0713638 1.3145119 0.4548437 -0.3124299 -0.47186255 -0.08875509
22 0.25351667 -0.22511867 1.0086033 1.1509997 0.75418437 -0.67073864 -1.0846664 0.22874962
14 0.35652146 0.63647866 0.6901244 -0.85257834 0.016644493 1.7435741 -0.4749147 -0.2256527
7 -0.62237054 0.6150179 0.14126796 0.7078569 0.3822691 -0.55449885 0.5588024 1.4032443
46 -0.8058442 0.4438246 0.33909392 -0.33928597 -0.00084916025 0.9583715 1.4489766 0.7886437
47 -0.439178 -0.25877908 0.7029668 -0.71431965 0.12906085 1.5663062 0.6607628 0.30012056
