50 8
2 -0.06347178 -1.31756 -0.68933135 -0.9024079 1.7539241 1.0249947 -1.3140767 -1.37141
24 -0.39576727 -1.973928 -0.15427399 -1.4038115 2.0106065 0.060971934 -0.93883806 -1.3911891
34 -0.38600227 1.7316074 -0.033407774 -0.26851258 -0.5619031 -1.909201 1.0419917 0.2401961
0 -0.25697973 -1.2835444 -0.39687163 -0.8679436 1.7806534 0.9315863 -1.287382 -1.0521979
3 -0.47370446 -1.4126849 -0.33216608 -1.2875545 1.803956 0.7219725 -1.3416044 -1.2561772
36 -0.43428966 1.8387123 -0.23868738 -0.030244485 -0.6137894 -1.7010816 0.9888002 0.28739068
18 1.1692662 -0.8725688 0.11327734 -0.14748657 1.0145391 1.4627144 -1.3537766 -0.85911596
19 -0.1658361 -1.8976029 -0.31997192 -1.3669646 1.6511129 -0.35258448 -0.90173846 -1.3469708
27 -0.16227089 1.3072618 0.72770953 0.09747863 -0.5787401 -1.985159 0.8002577 0.7038559
21 -0.070431836 -0.5521944 -0.75312066 -0.9660903 1.4566569 1.6584189 -1.2905858 -1.4279481
11 -1.1465224 2.5172565 -0.8388125 0.28343534 -0.2966192 -1.241775 1.0385723 0.4094664
15 -0.60570407 -1.305911 -0.17373046 -1.16124 2.0551562 0.9058983 -1.1028858 -1.2720407
12 -0.028557949 -1.5396895 -0.30919614 -0.5109375 1.7674071 1.0145627 -1.6270369 -0.7870297
37 1.0434928 0.18396232 -1.2611029 0.24199189 0.83709997 2.12426 -0.85450065 -1.4805902
4 -0.6875616 2.2198777 -0.44459718 0.41441628 -0.581773 -0.721977 0.3332255 0.7172702
7 0.26928234 -1.347283 0.13325089 0.2440338 1.417815 0.9712293 -1.7434434 -0.040104106
38 -0.45802125 2.3917947 -0.62548256 0.2816805 -0.8003799 -1.0061421 0.75696945 -0.18613525
16 -0.66396123 2.0923605 0.07456668 0.47695985 -0.39768746 -1.4323186 0.8987672 0.71956515
23 -0.16729328 -1.7114922 0.10449266 -1.4992741 1.6667156 0.12224981 -0.92286557 -1.263303
14 -0.9443481 2.7068632 -0.896376 0.10618821 -0.117152244 -0.4700345 1.122871 0.4885299
28 -0.20476493 1.3299433 -0.30382445 0.90302074 -0.613583 -1.330153 -0.19422863 1.7581426
9 -0.9565697 2.2658138 -0.5066139 0.18803778 -0.15887238 -1.5729752 1.2927542 0.7221197
41 -0.72926056 2.1498995 -0.33547753 0.03803718 -0.5392902 -1.4911605 0.8549368 0.6090262
6 1.3534344 -0.9649117 1.4274483 0.4909316 0.02712895 -1.4959441 -0.30854574 0.81114167
32 1.0051355 1.000376 -1.6193806 0.13857646 0.47796166 2.5519826 -0.73006475 -1.7721053
20 0.057145935 0.7820734 0.7704746 0.7758704 -0.3294281 -1.7223722 0.25552237 1.31541
8 1.3559402 -1.1119106 1.0364423 0.36911198 0.44540408 0.37423354 -1.5223027 0.8286306
13 1.0565782 -0.29192293 -0.6050706 0.649056 1.0131913 2.072636 -1.3830869 -0.5378672
30 1.6729336 0.37803045 -0.8971273 0.08576905 0.44974834 2.6308062 -1.2219076 -1.4222571
26 0.9628521 -0.99083376 1.0281396 0.46102813 0.50446045 2.4514338e-06 -1.208618 0.9085757
33 0.9082814 1.639082 -1.4894385 0.33229172 0.18023008 2.4701617 -0.35485417 -1.5550299
25 0.21269123 2.2966032 -1.7562922 0.20547499 -0.7201609 0.6120321 0.20449388 -0.5528482
17 0.042011507 0.6478911 1.1242572 0.4874238 -0.007496873 -1.7701733 0.62214833 1.3535187
31 1.5593803 -1.2240027 1.3699359 -0.24967514 0.26692337 -0.6006236 -0.5585957 -0.06824731
35 1.1398741 1.0178957 -1.117081 0.24061017 0.46227467 2.5513403 -0.681245 -1.6578858
40 0.9228517 -1.2285247 0.6972581 -0.40035132 1.158065 0.49987713 -0.7171845 -0.6967791
10 -0.14724152 0.07062752 0.4277119 0.9640086 0.25556475 0.07619236 -1.4865637 1.8257732
1 -0.39165136 -0.6007571 1.3510983 -0.8483677 0.5910768 -1.7213067 0.24814889 -0.428881
5 -1.3959181 1.6031138 0.2847621 0.24948603 0.31430715 -1.2832515 0.67555934 1.2042837
45 0.5591173 0.75304025 1.1313622 0.2963188 -0.64780277 -1.9792728 0.54776233 0.7484754
22 1.4442853 1.3749697 -1.4206069 0.39255732 -0.023564404 2.6516469 -0.69517654 -1.5589687
29 0.36429486 0.6419014 1.0893836 0.08794423 -0.45862618 -2.1142192 0.857938 0.38053447
43 -0.93428457 1.6374315 -0.0066051274 0.6542774 -0.13789307 -1.1730319 0.20673712 1.521482
39 1.1401986 -0.016357254 1.1260527 -0.36006653 -0.42999333 -1.9039398 0.65128857 0.30983248
49 -0.5717511 1.7442322 -0.0693998 -0.0055974983 -0.50867426 -1.8206079 0.93407583 0.42118156
44 0.7814564 0.3842161 1.3381749 0.46348658 -0.6373603 -1.9389653 0.3093739 0.70884264
42 0.015833534 -0.14917515 1.1114308 0.16330959 0.3266695 -1.5166994 0.24419433 0.5982149
47 -0.6479599 1.6873915 0.63217354 -0.17865005 -0.18028176 -1.8616985 1.1958688 0.71995395
48 -1.1286403 0.58878213 -0.43173882 0.07590234 0.4741294 -1.0211915 -0.045622796 0.8317881
46 -0.57344896 0.34760708 0.59855276 -0.4340287 0.23887292 -1.3818098 0.34309068 0.37875175
