50 8
29 -0.45736888 0.31438494 0.24068218 0.60532594 0.04743485 0.20209605 -0.18887597 -0.38953736
1 -0.5932671 0.5095187 0.4955838 0.27385843 -0.3489694 -0.7722829 0.49139237 -0.7156385
43 -0.67265344 0.2602944 0.32770178 0.58265233 -0.62961876 -0.6202668 0.34267384 -0.78860307
42 -1.2598366 -0.5433467 0.3679864 0.37488335 0.09230012 -1.0198146 0.28728026 -0.6693805
45 -0.41108203 0.5702429 0.051341236 0.904207 -0.40047997 -0.49253055 0.19034739 -1.0158259
28 -0.6442469 0.25916424 0.31240284 0.6486844 -0.61772496 -0.7855784 0.37841803 -0.9711664
47 -0.9215367 -0.21714315 0.4166302 0.45963937 -0.38642287 -1.1236684 0.23949197 -0.7823186
39 -0.6796617 0.34916285 0.09746209 0.8174024 -0.5058336 -0.36830717 0.13237427 -1.109394
36 -0.6789086 0.48720807 0.41852266 0.4082953 -0.7814292 -0.26159018 0.17218737 -0.93284863
49 -0.6637905 0.17129685 0.6186574 0.28118244 -0.82379067 -0.45824227 0.15118054 -0.63946784
27 -0.39120808 0.6020631 0.16321503 0.7901603 -0.95223445 -0.3974279 -0.07508366 -0.87114567
31 -0.47839054 0.5176112 -0.11514061 0.9072534 -0.19469388 -0.37943107 -0.15527202 -0.9690857
26 -0.386185 0.42933092 0.20634517 0.78715444 0.18606842 -0.20417963 -0.094706416 -0.952532
40 -0.8368727 0.12026147 0.21241862 0.3916901 0.84976065 0.17146462 -0.14908738 -0.65685797
16 -0.619126 0.4493812 0.78682333 0.025464978 -1.155446 -0.8341761 0.29299903 -0.65503746
6 -0.9064034 -0.07846781 0.09764642 0.7825206 -0.30690867 -0.7345383 0.07101137 -1.0994649
44 -0.25879258 0.75219315 0.08667659 0.81835157 -0.33336297 -0.3586537 -0.17127451 -0.90025073
4 -0.14181218 0.8090021 0.35155264 0.34808218 -1.0122925 -0.13302663 -0.15762581 0.20892228
23 -1.1132679 -0.6271726 0.20057724 0.79208684 -0.07965948 -0.24305743 -0.076522335 -0.83448607
15 -1.1259798 -0.8019298 0.63639235 0.093676366 0.12280431 -1.1247455 0.3213498 0.23118909
41 -0.07930152 1.0319488 0.20411818 0.6742671 -0.6390496 0.3854273 -0.22070678 -0.6165511
25 0.37200293 1.3788663 0.19468333 0.50502163 -0.43062165 0.78479266 -0.59673303 0.51601076
13 0.11200095 0.6390104 0.029017812 0.85868186 0.66750854 1.2999331 -0.4794222 0.7947922
38 -0.0079058595 1.3627752 0.23189609 0.47308838 -1.0236332 -0.043739934 -0.19480838 -0.6597303
20 -0.42382655 0.23045021 0.4429684 0.52706504 -0.85561323 -1.1348348 -0.08547678 -0.5724966
34 -0.20822878 0.6882449 0.37656972 0.5761583 -0.6799738 0.13244921 -0.3051675 -0.60115707
17 -0.99132425 -0.2575705 0.7793204 -0.095174916 -0.14219475 -0.859616 0.15649538 -0.29885063
24 -0.98159266 -0.51555675 0.39342204 0.17960608 1.1535593 -0.14503022 -0.08866274 0.3538518
14 0.35696235 1.1652657 0.54017717 0.043435756 0.44264105 1.181794 -0.40870312 1.6630844
8 -0.6141958 -0.3313712 0.017903104 0.8508922 0.59051377 -0.80369556 -0.5115097 -0.4262751
19 -0.9050362 -1.0386196 0.6799292 0.11401921 0.9187784 -0.08570225 -0.20471475 1.4622532
9 0.18680516 1.2753452 0.65941703 -0.05388041 -0.7858536 0.528251 0.16670144 0.8771773
30 -0.48942518 -0.4896938 0.37974277 0.4466141 1.6767073 0.45465556 -0.32987255 1.3902415
48 0.13693613 1.0967972 -0.02297153 1.0126228 -0.7127479 0.4131855 -0.53715336 -0.6655449
0 -0.6789516 -0.7627467 0.5193829 0.27903697 1.7566754 0.16873582 -0.0012361229 1.5423079
10 -0.023170842 0.68601036 0.3516697 0.32915097 0.57339746 -1.0744342 0.080923 0.014977186
18 -0.5909179 -0.34548914 0.14866255 0.58774406 2.128704 0.6360511 -0.3320295 1.1065248
5 -0.5038495 0.00652985 1.0034866 -0.3019525 -0.68624103 -1.2818187 0.6178042 1.0274339
3 -0.2750566 -0.019839955 0.76864696 -0.03594575 1.5846466 0.6815699 -0.38577938 1.9309156
32 -0.25735798 -0.31428358 0.5469515 0.43275157 1.4669816 1.2004856 -0.44012272 1.9064267
33 0.2708029 0.86129457 0.68202156 -0.07957977 1.0776279 1.069279 -0.4403038 2.0722435
2 -0.48703164 -0.60622215 0.2417996 0.7340373 1.9273933 0.99738026 -0.4653909 1.5358763
22 0.008743756 0.36852762 0.73314196 -0.031301655 1.2414173 0.93190175 -0.47954628 2.1632214
21 -0.31550562 -0.11383282 0.61055136 0.15521994 1.263947 0.9344063 -0.53628665 2.063388
46 -0.81001395 -0.29707557 0.9985239 -0.21407078 -0.5084188 -1.4327 0.60864544 0.317029
11 -0.07247401 0.25943935 0.42441073 0.5490108 -1.0792137 0.54090625 -0.2558205 0.9568859
37 -0.29075336 -0.31475136 0.7031372 0.20429261 1.4622034 0.9950116 -0.43535691 2.0158541
35 0.44530916 0.6284001 0.556222 0.3335044 1.0682888 1.2602555 -0.6280478 2.1581328
7 -0.3133042 -0.025863465 0.46326008 0.18023601 1.8955219 0.73714256 -0.423242 1.8717114
12 -0.07670693 -0.20244613 0.29858255 0.66172945 1.8557984 0.86430174 -0.66743004 2.0878317
