50 8
19 -0.04892395 0.6396893 0.25012863 0.3094481 0.26207066 -0.94498944 -0.53181607 0.39780656
27 -0.27718452 0.120928556 -0.23984328 1.0737704 -0.5325699 0.002159996 0.37245458 -0.8810782
31 -0.2149203 0.38279262 -0.3014341 0.78953135 0.23070548 -0.7264725 -0.26699024 -0.2619046
43 -0.14963982 0.36794806 -0.54958034 0.93439513 -0.19745475 -0.6679091 0.3875657 -0.91645175
13 -0.033837024 0.8188142 -0.36234847 0.7462154 0.71449983 -0.34824413 0.1389399 0.09259771
1 0.013895157 0.3502429 -0.3457918 0.9165493 -0.4348192 -0.3564845 0.5115058 -0.79854184
24 0.032683488 0.46711284 -0.04204836 0.7442287 0.051054213 -0.24332759 0.092589 0.1646816
28 0.04446473 0.22910523 -0.042442672 0.7973633 -0.9803553 -0.38982716 0.4796751 -0.88330966
38 0.10472497 0.7034635 -0.5964008 0.95669645 0.12713322 -0.16028084 0.32738096 -0.7599304
41 0.17668614 0.7555007 -0.58724177 0.9419006 0.36633068 -0.33515412 0.53709245 -0.6833384
36 -0.04262557 0.01996614 -0.08401354 0.9577756 -0.83703727 -0.345689 0.62459767 -0.5091923
48 0.0039645247 0.53666943 -0.4837145 0.99030066 -0.10333971 -0.00071407505 0.32833344 -0.68962115
39 -0.014977187 0.56946945 -0.42924953 0.8712673 0.2846784 -0.48148903 0.20302227 -0.42166817
2 -0.03507366 0.8278677 0.27622652 0.37885293 0.71576405 -0.2933004 -0.70876986 1.185461
7 0.16176756 0.35662463 -0.15715155 0.840457 0.21245998 -0.83450204 -0.10481715 -0.21625932
6 -0.25543767 0.1706478 -0.16902238 0.6857522 -0.3889119 -1.1586838 -0.10983511 -0.6840906
23 0.29220802 0.48081714 -0.16254514 0.8986717 0.17453901 -0.33389178 0.3423412 -0.019920995
26 -0.29642037 0.24206881 -0.474297 0.8817902 0.005099748 -0.8544434 -0.16382457 -0.6132241
49 -0.20306343 0.13858554 0.0767824 0.7119763 -1.3200457 -0.20327742 0.5292864 -0.9578104
17 0.057536483 -0.05324165 0.45062593 0.73147625 -0.9435383 -0.755931 0.32213175 -0.6713829
40 0.09412493 0.7074232 -0.21075633 0.7779714 0.7142302 -0.59605235 0.3313942 -0.09596205
12 0.268088 0.5679257 -0.33178127 0.8561756 0.414831 -0.6319074 0.29160428 0.16113971
30 -0.21647583 0.84214115 0.63236195 0.20317708 0.7263229 -0.14957567 -0.80519533 1.5331167
15 -0.32309398 -0.080751196 0.6013065 0.43866652 -0.88412666 -0.99362063 -0.06375845 0.085227855
4 -0.21668723 0.059183888 0.37977803 0.7903256 -1.4244323 0.47221804 0.48701942 -0.7022355
10 0.091658756 0.2703376 -0.495185 1.035568 -0.2990113 -0.653453 0.5254469 -0.79266125
16 0.06924394 0.8190871 0.2202896 0.40176892 -0.1137491 -0.27638948 0.14291622 -0.3352433
29 -0.261885 1.0204941 0.24060656 0.3100412 0.3463904 0.45156094 0.09732456 1.0178802
14 -0.13522646 0.72207236 0.2087841 0.8203924 -0.4777539 1.6568341 -0.009514095 0.064716615
34 0.011996768 0.68835783 -0.46141726 1.1471993 0.2541781 0.6553964 0.21231388 -0.75487345
3 -0.23262893 0.83918315 0.5413603 0.35096896 0.8603626 0.064251885 -0.82837045 1.5781565
44 -0.4626503 0.6691035 -0.0055786464 0.40007094 -0.022090089 -0.4789917 -0.47967178 -0.4513966
20 -0.37632737 0.20305155 0.2662688 0.5556244 -0.51005846 -0.7160565 -0.14601411 -0.67059946
25 -0.46911266 1.0334101 0.37993604 0.31197056 0.38726678 1.0592346 -0.6565514 1.4996191
46 -0.7011512 0.38756663 1.4293746 -0.0695796 -0.7848975 0.26132515 -0.88358766 1.4312483
8 -0.19185896 0.51215315 0.15314765 0.34673852 0.5251592 -1.4677676 -0.41767102 0.32786703
21 -0.18800414 1.0088073 0.885968 0.3088045 0.96271837 0.6397536 -0.6783896 1.9353215
9 -0.27890918 0.21248536 0.24638872 0.8477147 -1.2104683 0.8673072 0.4428095 -0.49706703
18 -0.6688724 0.9526091 0.96027756 0.011604436 0.5462068 0.47412047 -1.191146 2.0248172
45 -0.2712814 0.29786602 0.25876337 0.3334046 -1.236495 -0.7774593 0.14245336 -0.62981945
42 -0.9566318 0.41885394 0.36892873 0.0015642868 -0.7285476 -0.5502649 -0.8240079 0.5877199
35 -0.19635801 0.82991487 1.6678476 0.05582271 -0.11998038 1.0571262 -0.62656766 2.0541697
11 -0.44272134 0.06954571 1.0936416 0.39567342 -1.8331044 1.1044726 -0.26865613 0.6133771
33 -0.24663106 1.1013863 1.6482239 -0.0788895 0.14703874 1.2129062 -0.8091609 2.2666833
5 -0.15010723 -0.075890504 0.3716489 0.6494965 -1.6221243 -0.2927798 0.52145934 -0.5061803
0 -0.22334853 1.0109918 1.5605073 -0.18097666 0.40354967 0.2832132 -1.0862957 2.3266227
47 -0.3426837 0.27481547 -0.18272445 0.84875077 -0.8571514 0.0038949437 0.13529897 -1.1322352
32 -0.33171475 1.0111179 1.732816 -0.04633211 -0.0012300458 1.252929 -0.33077857 2.6395342
22 -0.4107716 0.93830705 1.6004843 0.051041894 0.08743796 1.392283 -0.5579067 2.3807554
37 -0.43635106 1.0644398 1.7795395 -0.09218865 0.30404997 1.1708121 -0.8261781 2.6716065
