50 8
24 0.38113612 -0.04692546 0.77456987 -0.0652893 0.4832124 0.11151059 -0.54202014 0.5800867
18 0.40385768 -0.31907317 0.45457155 0.97453 0.9000614 -0.080064364 -0.8762477 0.16062644
1 -0.35075402 0.47811717 0.5524897 0.25532508 -0.6057186 1.2786821 0.3322544 0.4262691
43 -0.3684056 0.18560223 0.7490511 0.27092436 1.1600852 -0.27422526 1.4144862 -0.47649375
45 -0.21029212 0.104070224 1.3630917 -0.46784258 0.4218639 -0.063175686 0.0690967 -0.017416636
23 0.2935741 0.2532475 0.45449877 0.25216925 0.6549412 0.08806524 -0.6269603 0.6289978
46 -0.67731726 0.16419393 0.8663882 -0.6452501 0.025691113 0.5898924 0.45905215 0.59242314
15 0.055455796 -0.27591938 1.1937658 -0.2816486 0.9625054 -0.35022616 -0.5621 0.053165942
31 0.10975749 -0.4027783 0.4859754 0.88531315 1.0291482 -0.34251076 -0.3638606 0.10299264
19 0.3122442 -0.1492391 0.6128076 0.22338012 0.8931962 -0.29215384 -0.8910191 0.6260494
25 0.01769205 0.53890467 0.023050703 0.5789431 -0.41201282 1.0200964 -0.08252847 1.1215053
29 0.23770651 0.09252524 0.26836118 0.061643012 0.46418464 0.66166806 -0.49229112 0.7890875
2 0.24530856 -0.49975172 1.0644757 -0.16681685 0.82885975 -0.37097046 -0.50241405 0.35219613
12 0.03993671 -0.027741704 -0.13061598 1.2131528 0.41259578 0.42284867 -0.8555321 0.75767684
17 -0.3166829 0.32921922 0.9477516 -1.2715908 0.54536915 0.54327667 1.1938398 0.48405904
7 0.08651573 -0.10541754 0.094652206 0.21511312 1.0755364 -0.49232906 -0.6403526 1.307142
6 -0.70959806 -0.0032597673 0.56989884 -0.124245785 0.9571238 -0.77272135 -0.5194498 1.0088599
42 0.003627818 -0.49922243 1.2251438 -0.058415055 1.0787145 -0.7088935 -0.014349317 -0.06727764
40 0.13610724 -0.2803929 -0.08018294 0.8748009 0.53633034 0.30136773 -0.5251714 0.93951404
26 -0.5177474 -0.40244552 0.5413411 -0.46282557 0.942433 -0.32387942 -0.29016393 1.0607766
16 -0.10860572 -0.293814 0.78540134 -0.7719063 0.55325866 0.5239703 0.41466865 0.53740495
8 -0.72539455 0.25964618 0.032431014 0.68963444 0.7973945 -0.43733013 -0.5482763 1.0258582
34 -0.10024759 0.048559595 0.6448258 -0.27609262 -0.19919378 1.2818501 1.3071607 0.2748225
28 -1.0261081 0.56567836 0.521868 -0.48384145 -0.16028982 0.864537 0.7553454 0.8048908
3 0.7989218 0.16716143 0.7002588 0.27822953 -0.20414187 0.7632481 -0.90951544 0.6286215
0 0.6513289 -0.46911103 0.87912834 0.1916913 0.99271226 -0.22194205 -0.81045693 0.19473287
35 0.68451065 -0.45141634 0.72619706 1.0995591 0.8152041 -0.39409447 -0.8941624 0.061718185
27 -0.8363115 0.42088848 0.5208781 -0.83935934 0.6074152 0.3824777 0.8478006 0.7835305
44 -0.049816746 -0.3179252 1.0321908 0.7316127 0.8297554 -0.71549666 -0.3881878 -0.12968592
21 0.22676022 -0.0827815 0.30139756 0.67504483 -0.07248976 0.9307632 -1.0393407 0.65157676
39 -0.07936537 0.1030139 0.16829245 1.5090195 0.8258251 -0.23810111 0.20867486 -0.014221232
37 0.8550951 -0.31456822 1.0628331 0.9183539 -0.7246147 0.5427005 -0.71710163 0.30749524
14 0.06356121 0.514299 0.51629674 0.45590094 -0.8761073 1.6344264 0.78195 0.2839567
38 -0.9104505 0.5677573 0.37031096 -0.034530513 -0.2308684 0.90819204 0.8137108 0.67639667
20 -0.9119091 0.4468885 0.28862295 -0.52587116 0.41521567 -0.009547629 0.42440158 1.4180584
36 -0.44762206 0.2410976 0.98293465 0.09502459 -0.0689427 0.6286266 1.4979752 -0.27180493
13 -0.18285333 0.047048185 -0.19237125 1.9120007 1.2394478 -0.62827754 -0.3339769 0.24109218
11 0.008903057 0.6175251 0.7296631 -0.24922955 -0.6392433 1.8232268 0.9495137 0.13460359
4 -1.0792471 0.6888304 0.5003699 -0.5206018 -0.313619 1.2533373 1.368668 0.60082245
30 0.07066177 -0.20184344 0.45835897 1.5275887 1.2535785 -1.029786 -0.1658061 -0.05568288
49 -0.419751 0.28924477 0.96070987 -0.7864339 0.03093328 0.7728469 1.4487135 0.26060498
48 0.48520836 -0.14954989 0.45220223 1.6055795 0.024785163 0.66693974 0.24048471 -0.39364156
41 -0.10247393 0.4951154 -0.20644836 0.28716302 0.10703095 1.4548979 1.288295 0.6412168
9 -0.52299196 0.23715541 0.9499206 -0.3600835 -0.34792888 1.0046101 1.7850512 0.08669986
5 -0.39156654 0.60473555 0.9772723 -0.6211353 -0.10703271 0.9547244 1.6329628 0.05897559
33 0.7218937 0.014734252 0.5591382 1.9380518 0.64356375 0.45527694 0.5331589 -1.2796768
22 0.54406774 0.2575735 0.5364404 1.1760117 -0.93494135 1.0518712 -0.5750835 0.5282378
32 0.5404661 -0.039203614 0.87171644 1.568987 1.0658879 -0.442624 0.12371524 -1.0187291
10 -1.3789884 0.7466662 -0.5774133 0.4419291 0.16438778 0.45060483 0.21189733 1.702317
47 0.4213042 -0.07358124 0.056030728 0.28603557 0.631051 1.392639 1.4332033 -0.0814267
