50 8
42 -0.39527908 0.44176662 -0.09216491 0.7848061 -0.020214485 -0.20121509 0.35766444 -0.108603455
43 -0.5538311 0.108334206 0.21145138 0.53676057 -0.8016935 0.11758432 0.5593946 -0.8333894
25 0.11078361 0.66812795 0.6186959 0.22872154 -0.33121216 -0.15186156 -0.23513241 0.23108754
40 -0.4308692 0.32703054 0.4814771 0.26669744 0.41061762 -1.0014387 -0.31043696 1.0036913
26 -0.32563224 0.053973563 0.47521234 0.2553876 -0.49856308 -0.82368463 0.16305529 0.10834648
18 -0.644585 0.0065335426 0.49054146 0.12761469 -0.1216685 -1.0752133 -0.5448702 0.84537095
44 -0.13553196 0.34382975 0.6594912 0.27170548 0.38163418 -1.133368 -0.7317118 0.88739735
39 -0.100836165 0.48233497 0.65485024 0.34818536 0.38675797 -0.7269332 -0.5703748 0.7219177
28 -0.35423303 0.041919526 0.08421245 0.4281786 -1.091977 -0.44878975 0.6812369 -0.14576825
23 -1.2058531 -0.11721341 0.47322872 -0.12804377 -0.2902138 -0.6461084 -0.6437332 0.61259896
48 -0.20742826 0.62717617 0.21508195 0.49958387 -0.009732709 -0.23701258 -0.10348285 0.39325166
45 0.2594869 0.9769416 0.60436165 0.54533714 -0.030907579 0.57665014 0.37603515 -0.46536273
1 -0.28322533 0.73310524 0.5612617 0.42647997 -0.2631113 0.8409485 0.101817146 -0.39090765
31 -0.2574083 -0.11418481 0.6243152 0.3029877 -0.17683606 -1.2868966 -0.29318425 0.38188872
10 0.500967 0.32424897 0.3363695 1.0039427 0.23103409 -1.0437375 0.5343806 0.6760711
41 -0.8761332 0.392654 -0.11572115 0.65475374 -0.71485126 0.79819715 0.7823042 -0.7870301
35 0.17221984 0.8513275 0.91048235 0.14156038 0.5779438 -0.61855125 -0.6032578 0.6065237
21 -0.4380562 0.35808757 0.5653062 0.2965227 0.5298444 -0.8923305 -0.14538243 1.3618513
24 -1.3190997 -0.060846165 0.4313578 0.043857053 0.13052057 -0.38244656 -0.3523743 0.5406974
13 0.005222901 -0.22964065 0.18762141 0.93478924 -0.2609463 -1.108565 0.96497065 0.72211903
27 -0.9798978 0.19883 -0.09133025 0.72155994 -0.9446116 0.94270444 0.5954269 -0.8699935
19 -0.91432095 -0.3363412 0.6252987 0.22441332 -0.055333827 -0.8533529 -0.28225467 0.844048
36 -0.8265407 0.56594706 0.103342354 0.7008705 -0.64193213 1.4258908 0.4383808 -0.7578913
34 -1.2219076 0.4365315 -0.032086357 0.64907444 -0.63389313 1.5306181 0.43336868 -0.4454502
49 -1.3522646 0.44087216 0.25018147 0.4259865 -0.34865654 1.4438003 0.13117515 -0.67895633
0 -0.81153077 0.12544966 0.74263257 0.27062413 0.71421653 -0.4026723 0.048345458 1.5932145
12 -0.47968492 -0.11287319 0.58091104 0.17705204 -0.00047258846 -1.3527105 -0.063796625 1.27555
8 -0.25228703 -0.29222316 -0.102541745 0.84507245 -0.51773345 -1.297329 0.5470577 0.31633988
30 0.6098539 0.9118668 0.5457656 0.81573075 0.4689584 -0.31110448 -0.21375842 -0.042608295
15 -0.61457336 -0.10542774 0.59202015 0.30169958 0.12036247 -0.8997328 -0.09603217 0.8954944
38 0.10929487 0.7878556 -0.038852114 0.48189867 -0.9314959 -0.19487229 0.21682818 -0.8581346
37 0.32558736 0.67581564 1.1315951 0.24363631 0.5447649 -0.6136557 -0.60276115 0.1567101
20 -0.39817324 0.22512344 -0.39493558 0.9088678 -1.158407 -0.0147902565 0.16385928 -1.3892959
46 -0.61802715 0.6458359 0.13646658 0.5616225 -1.0630584 1.277516 0.4112082 -1.08845
5 -0.42396328 0.8359096 0.36696047 0.5799217 -0.68924737 1.4364527 0.21555619 -1.2339312
16 -0.5321029 0.75560355 0.2160253 0.58588845 -0.69714123 1.2379951 0.49485132 -1.1786387
7 -0.8974903 -0.23597094 -0.2114088 0.40678462 -0.5120936 -1.3499037 0.10226069 0.9145373
29 -0.98775196 -0.013316094 -0.30967 0.5627265 -1.1636283 0.10408162 0.48861557 -0.72157085
17 -0.46391338 0.6951213 0.73149073 0.34809643 -0.14269657 0.984222 -0.39943376 -1.0742075
2 -0.3040272 0.56352335 0.90590733 0.25630826 0.774238 -0.19223662 -0.16912693 1.3395817
32 0.6626044 0.8872085 0.6506914 0.4770996 0.41015702 -1.0248549 -0.14123665 0.43475035
33 0.6858013 1.2498136 1.1328422 -0.069147594 0.39626077 -0.6005284 -0.5822398 0.2854118
22 0.77033055 0.90937775 0.90855014 0.4600035 0.22115119 -0.56161314 -0.57657254 -0.5510859
4 -0.6859686 0.5595864 -0.07807266 0.75039065 -1.186743 1.2212191 0.5467529 -1.4951082
3 -0.87308025 0.25928378 0.50733334 -0.022208296 0.3908277 -0.7825077 -0.4811318 1.0594622
47 0.09357707 1.3345867 0.83964914 0.30532005 0.13975057 1.0805669 -0.35229963 -1.1325709
14 -0.9546484 0.83856523 -0.21645842 0.49171713 -1.106397 1.4124023 0.116254 -1.2599043
6 0.20124456 0.023180287 -0.025302969 0.82820356 -0.41015723 -1.5348155 0.5766756 -0.33144853
9 -0.7089277 0.81118023 0.31157982 0.5365137 -0.9497392 1.7565736 0.34953988 -1.4932392
11 -0.8279464 0.77428585 0.34062994 0.44987592 -1.1485499 2.0219078 0.16762222 -1.3584604
