50 8
1 0.10883292 0.74119073 0.3407727 0.52810824 -0.6697737 -0.60763264 0.32449904 -0.4506342
43 -0.37168804 0.6564153 -0.2187336 0.94804144 -0.46711996 -0.7849653 0.12565786 -0.7264049
4 -0.26740423 0.60232997 0.35498494 0.6815219 -0.6039092 -0.5000531 0.33790022 -0.59068614
20 -0.3729203 0.23421127 0.0005258913 0.9038157 -0.39289925 -1.1851492 -0.36514875 -0.7740516
14 -0.089682996 0.6247966 0.7690713 -0.31095758 -0.49922037 1.107218 -0.12886219 0.9926621
28 -0.44243792 0.59571064 0.07675944 0.8788072 -0.49708688 -0.7627557 0.11956846 -0.96933424
41 -0.3868772 0.7914416 0.16576482 0.7861961 -0.628267 -0.3139841 0.4806726 -0.76430774
34 -0.8387793 0.87059885 0.2548143 0.25699317 -0.6349442 0.8837383 0.14464632 -0.26991677
11 -0.18682374 0.3552854 0.85416234 -0.08851724 -0.70709974 0.8418194 -0.04437243 0.810315
38 -0.5621429 1.2195649 0.3200706 0.18419214 -0.7444304 0.7635558 0.5157584 -0.5108542
25 0.05462869 0.3767897 0.6235135 -0.19873732 -0.19586894 0.9032265 -0.49782315 1.1889265
39 -0.5541172 0.5742101 -0.5167246 0.9793407 -0.090774484 -0.8793003 -0.25206554 -0.66578037
49 -0.66450477 0.7692953 0.38199392 0.48384565 -0.82377803 0.4874668 0.28496927 -0.6052246
10 0.6452701 0.002222441 0.1645106 0.3765646 0.48143625 -1.1628186 -0.9033233 0.5950283
16 0.03678089 0.6891804 0.48673615 0.48101312 -0.87481415 -0.47471023 0.30398452 -0.62118804
33 -0.21562134 0.5637163 0.5531172 -0.22450453 0.3145161 1.3236078 -0.36411634 1.4190695
18 0.22572686 -0.1055544 0.3512618 0.11270516 0.8443319 0.120085865 -1.1941495 1.4754875
31 -0.3959618 0.7990516 -0.35186735 0.77608806 -0.4167868 -0.769864 -0.041024428 -0.74022204
36 -0.49607232 0.7544124 -0.018012589 1.0938164 -0.71946687 -0.4334751 0.47806 -1.0693531
5 0.5304701 0.7484466 0.6101577 0.08721393 -0.91939044 -0.81108034 0.104350105 -0.260215
17 -0.057172205 0.42752555 0.23762995 0.6656489 -0.53869027 -1.3889065 -0.26287475 -0.91065365
29 -0.8501086 0.9158387 0.21556805 0.4984444 -0.90286845 0.50028 0.4595302 -0.6621886
7 0.4424517 0.079756394 0.36645055 0.049715366 0.94928503 0.018361302 -1.0730988 1.3787545
26 0.052763596 0.06610749 -0.18981406 0.97796124 0.20565554 -1.4027982 -0.6925658 -0.41753188
21 -0.33683673 0.68006605 0.81967306 -0.22883248 0.2750746 1.5564042 0.060128678 1.2758538
40 -0.8983399 0.72296333 -0.3754487 0.8844931 0.045914896 -0.3685999 -0.11352379 -0.87097424
6 -0.17302531 0.23262616 -0.18696022 0.8801188 -0.08334138 -1.3874273 -0.6323376 -0.70763475
47 -0.64262915 0.9737398 0.010989118 0.9010729 -0.77140796 -0.1720452 0.58563644 -1.0953177
27 -0.8629376 0.6779727 0.019162698 1.0283473 -0.892828 -0.26920173 0.4071118 -1.1731868
46 -0.22594965 1.018121 0.34620377 0.5382401 -1.0288681 -0.24932799 0.790506 -0.54683954
19 0.502288 0.26717508 1.0871991 -0.44021842 0.13494766 0.64294183 -0.6230005 1.4519719
42 0.20778164 -0.08493947 -0.16602401 0.6944747 0.38109112 -1.563618 -1.1257129 -0.06433403
0 0.564994 0.10805967 0.766303 -0.153555 0.98764604 0.47212386 -0.9690652 1.5946506
24 0.32254556 0.33143842 0.8922335 -0.33773702 0.3602827 0.7214382 -0.57590514 1.4643462
9 -0.4564622 0.8714098 0.3605362 0.2927105 -1.1510489 0.17345321 0.27444446 -0.55943775
2 0.42184058 0.49564284 0.8622024 -0.35902184 0.6466634 0.8840405 -0.47544816 1.6384628
37 0.013377645 0.25239745 0.7891687 -0.14391665 0.36918867 1.2559673 -0.5539225 1.6287442
15 0.8683126 -0.32996035 0.77287143 0.12956002 0.033604566 -1.0552608 -0.9223053 1.0090442
23 0.042430077 0.2621654 0.9800604 -0.32446006 0.42226946 1.1755431 -0.5803151 1.6795548
30 0.3260949 -0.39918098 0.07010052 0.56151086 1.3145198 -0.4234867 -1.5182513 1.0129443
13 -0.19509666 -0.28358814 -0.17499663 0.91886836 1.3378426 -0.48974398 -1.1673825 0.578573
32 0.2778262 0.25449654 0.6131248 -0.16272338 0.91817683 0.76718163 -0.7608164 1.7782569
35 0.29279712 0.33604854 0.8449115 -0.26990655 0.4773657 1.0769309 -0.5134919 1.779565
12 0.38492298 0.24078915 0.5751053 -0.2146832 0.91243756 0.77190137 -0.9713215 1.7966205
45 0.3517812 0.20398638 0.024035791 0.690778 0.24893236 -1.6809679 -0.6531123 -0.33500746
22 0.20581561 0.31615588 0.7948956 -0.2620169 0.70872885 1.1930866 -0.7463389 1.6779153
8 0.20691769 -0.17844824 -0.27312228 1.1297151 1.0632552 -1.4364059 -1.0872469 -0.11625329
3 0.40771666 0.42757937 0.9039814 -0.47491923 0.5886513 1.0730451 -0.8508276 1.5833393
44 0.21283753 -0.26664934 -0.23634936 1.1685418 0.6670332 -1.5007201 -1.1201777 -0.20264503
48 -0.6396091 1.0177408 -0.5671822 0.8105392 -0.6366405 -0.16203797 0.008748496 -0.9480461
