50 8
1 -0.5205171 1.1754298 0.07391217 0.006601807 -0.48866966 0.3593461 0.51596445 -0.806655
43 -0.23786427 0.22767657 0.28123626 0.4807774 -1.048527 -0.0083656935 0.12803814 -1.2349788
18 -0.54817176 -0.12629241 0.3737946 0.80570495 0.60035557 -0.84682 -0.14060846 0.7790977
28 -0.10800723 -0.2692259 0.531356 0.75117815 -1.0593495 -0.12684931 0.18778178 -0.87808144
15 -0.8634241 -0.15114407 0.545874 0.22278942 0.034695685 -0.48477447 0.23681001 -0.16489965
27 -0.53080267 0.33420658 0.038606647 0.31873295 -0.88615316 0.023426063 -0.1486332 -1.230645
40 -0.14371844 -0.18615392 -0.09131347 0.9739867 -0.15455666 -1.4616652 0.09959749 -0.44126344
39 -0.6652326 0.08118274 0.16742194 0.2846556 -0.54020923 -0.37790608 -0.1417934 -1.0131847
19 -0.7912894 -0.4607838 0.6253861 0.68870944 0.7809053 -0.9730478 -0.14523444 0.88030326
24 -1.3193467 0.06316036 -0.105297856 0.25375146 0.7163463 -0.76503366 -0.15114544 0.0548796
29 -0.9576722 0.14897954 0.10433024 0.2671674 0.020438993 -0.438294 0.055542838 0.53307635
31 -0.40833816 -0.43194354 0.08912584 0.93342674 -0.15463617 -1.2017213 0.2415752 -0.42043468
26 -0.41633385 -0.34020698 0.65764767 0.5636125 0.13347375 -0.97503155 -0.0756382 0.007192699
49 -0.7363877 0.82085454 0.13316792 -0.09365874 -0.9215597 0.4975803 0.21811442 -1.1396166
46 -0.756655 0.7335929 -0.15653954 -0.096237086 -0.7003019 -0.23101155 -0.21865398 -0.8596834
16 -0.82523865 1.0166554 0.39919972 -0.45175248 -0.5064175 0.45754513 0.27201548 -0.1580656
0 -0.718322 -0.056531288 0.70213926 0.55612355 0.8531654 -0.5240679 -0.27246717 1.0294765
7 -0.2845476 -0.18175219 0.4829409 0.9096503 0.5455912 -1.0138426 -0.28351814 0.9850534
6 0.04291463 -0.4337212 0.47800177 1.0261521 -0.68217075 -0.6858496 0.266507 -0.6230714
42 -0.53533286 -0.5085423 0.62379825 0.47336537 -0.5750083 -0.5390328 0.102458715 -0.97293127
23 -1.1796362 0.39268225 -0.21200636 -0.054969788 0.14143714 -0.8351356 -0.06515671 -0.43967956
34 -0.32992 1.4145179 0.08763515 -0.030756034 -0.8470421 0.8101802 -0.0012316328 -1.1260186
17 -0.98242563 -0.00015344188 0.47259355 -0.15984143 -0.5353686 -0.29623973 0.06290953 -0.671762
45 -0.4218638 0.39303863 0.18949468 0.26521367 -0.90370625 -0.11574197 0.18279737 -0.9618136
8 0.6048525 0.15257785 0.33667505 1.2784091 -0.30427438 -0.80589694 -0.49942467 0.38650984
4 0.036329385 0.91292006 0.5973707 0.26671574 -1.0649099 0.8582257 0.17316505 -0.93338054
47 -0.313233 1.3655148 -0.015647495 0.104002684 -0.8549946 0.8157268 0.083828114 -1.0674381
14 -0.11380476 1.8399425 0.19285414 0.13793476 -0.12013241 1.1341414 -0.26260832 0.5056558
20 -0.02891624 1.1850092 0.39617312 0.0982938 -0.7672401 0.6255864 -0.107342854 -0.96850765
3 -1.0739231 0.38868546 0.3830177 0.17434515 0.87845534 -0.2587411 -0.28860924 0.97408134
5 -0.21285103 0.70211834 0.8032823 0.2580748 -0.5680676 0.9054829 0.15990871 0.63927656
12 -0.6758097 -0.28642014 0.6242305 0.73238385 0.7579734 -0.85419405 0.062055826 1.1261135
48 -0.008061984 0.6186472 -0.15697388 0.680157 -1.2975534 0.11237766 -0.11358481 -1.4702414
38 0.059303142 1.2242022 -0.13744414 0.5666525 -0.8805364 0.56004983 -0.0682736 -1.3256743
36 -0.11910901 1.443762 -0.23147316 0.26112378 -1.2183224 0.78162473 0.019313166 -1.2577411
41 -0.50413203 1.1484748 -0.11191252 0.08872658 -0.7039652 0.40618667 0.13284627 -1.2741822
2 -0.94358957 0.10727902 0.21654615 0.52850354 0.78414196 -0.6828782 0.19267626 0.6176262
10 0.6457048 0.24545473 0.47745785 1.3420423 -0.3409611 -0.44770625 -0.054952297 1.1484178
21 -0.4454264 0.39405084 0.80900025 0.47146106 0.9853694 -0.53139734 -0.19856144 1.7136775
25 -0.08356364 1.7331847 -0.0075549665 0.18517813 -0.34673244 0.9434178 -0.56539375 0.12382304
9 -0.24747387 2.0793414 0.038863104 -0.14112164 -0.7248024 1.3426248 0.25732675 -0.4169308
37 -0.29789555 0.70919645 0.97151506 0.29084736 0.6675132 0.13192837 -0.15129364 1.7372804
33 -0.16249205 0.7669264 0.80672085 0.55214876 0.9433605 -0.17503405 -0.42787197 2.0029695
35 0.391594 0.6962618 0.90672785 0.91789937 0.57863516 -0.20634529 -0.28109282 1.9199
11 -0.66102546 1.4419985 0.47936973 -0.39794376 -0.96440536 1.5816839 0.04472811 -0.18549623
32 -0.0034344895 0.5607638 0.7929429 0.903891 0.85419744 -0.19143039 -0.19261564 2.1247783
22 0.16468471 0.51510745 0.7905627 1.028847 0.5622438 0.041698582 -0.30111882 1.9041334
30 0.24649961 -0.25230613 0.4108547 1.6014575 0.44921586 -0.8231777 -0.5873469 1.3930864
13 0.15405864 -0.5351336 0.7943563 1.3840628 0.49826548 -0.96994853 -0.49304396 1.2909292
44 -0.094484694 0.5057437 -0.27450824 0.60035247 -1.2307386 -0.14031214 -0.64196616 -1.3546053
