50 8
1 -0.7366703 0.27413002 0.37113038 0.0058634756 1.0205153 0.45204943 0.5748661 0.24740747
43 -0.5620656 0.14326002 0.5174097 -0.18517345 0.47220302 0.65704006 0.7666242 0.34765893
28 -0.5409742 0.3056144 0.6029806 -0.57949823 0.44359913 0.8861392 0.48619246 0.47021577
17 -0.874129 0.3775226 0.39039478 -0.10886035 0.7966024 0.52792984 0.7431116 0.37835905
16 -0.41302264 0.064886466 0.6968498 -0.53300345 0.31727582 0.8161156 0.6887052 0.47415334
19 0.42100447 0.740952 0.49424842 0.80513954 0.31682643 -0.82832426 -0.99863183 0.06391035
36 -0.62212807 0.01824314 0.7908059 -0.5994316 0.39302137 0.7024991 0.8014674 0.4104575
4 -0.396288 -0.02798944 0.7178391 -0.36447403 0.29371968 0.68521893 0.7477357 0.3676433
6 -0.9887914 0.36032182 0.38468936 -0.029829692 0.54004425 0.20253897 0.575676 0.51564354
49 -0.6678401 -0.17040722 0.7998665 -0.57740337 0.16028105 1.0997324 0.70305765 0.33062115
10 -1.0761478 0.41741115 0.1334132 0.723781 0.2659685 -0.22001095 0.5162876 0.4833788
20 -0.71239305 0.18435457 0.48318762 -0.25144994 0.7602653 0.30476293 0.62192523 0.49264145
45 -0.7547193 0.31421727 0.6199539 -0.54276574 0.6834462 0.8504538 0.91392916 0.34835556
5 0.69551915 0.17706256 0.8371709 0.023519259 0.29800192 0.2726503 -0.11125463 -0.09885695
26 -1.0783796 0.24210581 0.4808929 -0.257568 0.37203407 0.24924985 0.7233749 0.61960244
40 -0.5647748 0.4215189 0.4254453 -0.015031588 0.28370124 0.68027264 1.0227271 0.39960858
29 0.44899416 -0.3343365 0.99746704 -0.7420351 0.18919562 0.7433868 0.055013403 0.33644772
23 0.15500286 0.8780903 0.41251466 0.8161331 0.7079325 -0.7108825 -0.6367334 -0.091571756
42 -1.0381197 0.44140863 0.4537139 -0.13946238 0.92335415 0.114880085 0.544559 0.38240153
39 -0.6660422 0.35169414 0.51507604 -0.10602445 0.20083775 0.42669317 0.9939495 0.4094239
31 -0.7567367 0.49599442 0.45461398 -0.29126674 0.57607716 0.66396374 1.0336086 0.511552
8 -1.1205146 0.73601973 -0.06193228 1.1067132 0.405188 -0.36800522 0.5468064 0.3692182
38 -0.61525214 0.49783054 0.640684 -0.5017082 0.55559695 0.7214262 1.0378197 0.3524129
44 -0.914964 0.023400951 0.5705715 -0.3870972 0.79037327 0.3793643 0.95188177 0.46926302
27 -0.75337946 -0.095179625 0.6711769 -0.43629205 0.14591268 0.78773344 1.0191405 0.58398426
15 0.49515507 0.7205967 0.39309892 1.3251312 -0.0045116777 -0.7964886 -0.98983556 -0.036443587
12 0.13078327 0.23911418 0.20884055 1.1873786 0.48010513 -0.9311863 -0.7563917 0.3116798
34 0.03325697 -0.5966048 1.0011663 -0.7713914 -0.106823206 1.013857 0.41051492 0.4038762
21 1.0615221 -0.527665 0.6888799 1.2354876 -0.62978786 -0.40845758 -1.3889437 0.19937272
25 0.9156218 -0.5451539 0.59362555 0.811501 -0.61042154 0.16751294 -0.69441104 0.3561649
24 0.80388653 0.2435819 0.47922137 1.2805374 -0.06767848 -0.89367485 -1.3703208 0.22738418
46 -0.777948 0.41152173 0.54494405 0.07593094 0.8149444 -0.1778081 -0.1094371 0.15594862
48 -0.75352407 -0.20070408 0.6020303 -0.4540577 0.13979578 0.8847798 1.004932 0.67414135
2 1.0419543 -0.4262736 0.71247613 1.2894518 -0.7341202 -0.34925616 -1.1447424 0.07727608
0 0.9667012 0.16409957 0.47461495 1.3801033 0.07059187 -0.7412159 -1.6122763 0.022863885
41 -0.32549727 -0.59627265 0.6869439 -0.18210982 -0.24081585 1.0161648 0.9991866 0.44548708
13 1.0896765 0.42862388 0.3894238 1.4103158 0.08685062 -0.9459946 -1.1652417 0.16741657
22 1.1751193 -0.5105013 0.79333425 1.2515645 -0.5635384 -0.61705106 -1.4399596 0.0769447
18 0.5174028 0.08919742 0.22107753 1.431161 -0.017052125 -0.81471395 -0.96992403 0.39300108
14 1.3661686 -0.5156956 0.86861974 0.7776957 -0.7548432 0.082636565 -1.1597885 0.09298168
3 1.024759 0.27890524 0.3664927 1.6567441 -0.34811103 -0.8732059 -1.339125 0.2851142
33 1.3551865 -0.6921334 0.717086 1.4683614 -0.77721703 -0.53660077 -1.2200626 0.116419554
7 0.6295235 0.48727253 0.35416844 1.2488995 0.07621315 -1.1573635 -1.2745486 0.3948754
37 1.3574123 -0.58443415 0.65083075 1.5632654 -0.6733222 -0.58020353 -1.1380223 0.17817347
47 -0.4037306 0.07922013 0.5241706 0.28763667 0.35355043 0.508073 0.1690049 -0.02535548
9 1.2901027 -0.65322214 1.0808684 -0.23084658 -0.5884795 0.84823513 -0.010343575 0.2156632
11 1.2307261 -0.64539385 1.0168948 -0.30644897 -0.78711975 0.853273 -0.85586977 0.4478305
32 1.218963 -0.029128958 0.50890803 1.8441554 -0.6539104 -0.81220835 -1.2621738 0.14570943
30 0.7530819 0.30550504 0.40494844 1.5648696 -0.05176774 -1.1528506 -1.3093876 0.17572264
35 1.6081288 -0.31652096 0.73141253 1.369432 -1.1153108 -0.47887024 -1.291473 0.28864732
