50 8
3 0.76679504 -0.28255942 -1.5564257 -0.53003246 -1.885062 1.3395212 -0.10085383 -0.75401884
0 1.2904673 -0.21008596 -0.9686866 -0.1536679 -1.5179147 1.6258416 0.3917686 -0.67101663
2 0.74744236 -0.20137836 -1.3379846 -0.12902784 -1.7699282 1.8956103 0.22068582 -0.63513887
37 0.28347847 0.7750246 -2.006159 -0.72817004 -1.8264706 0.87024534 -0.08283687 -0.12194979
28 -0.06182368 0.25769824 1.8161595 1.0478741 0.81528014 -1.9081066 0.36691487 -0.27089626
21 -0.16743335 0.5010035 -2.0042179 -0.28390855 -1.5662643 0.8963484 -0.34956577 -0.36637217
24 1.4888508 -0.07570212 -0.8657033 -0.1083804 -1.4898502 1.5688782 0.6706185 -0.45612058
27 -0.72508246 -0.33391756 1.2020121 1.4075925 0.38291463 -2.1095488 -0.14302668 0.38172492
18 -0.15458347 1.4139541 -1.3193771 -0.7546419 -1.1824617 1.4476111 0.33488327 -0.86113566
31 -1.5675853 -0.07093358 2.1957808 1.0899997 0.5063608 -1.2222103 0.61920947 -0.33167884
41 -1.9479612 -0.8487186 1.1152463 1.4477735 0.0571402 -1.8137853 0.059194617 -0.07398757
22 0.047407474 0.93424433 -1.9738673 -0.7584947 -1.9885467 1.1521349 0.27801242 0.009030334
1 -0.41996235 -0.16700931 2.0551012 1.3762842 0.42026764 -0.7917426 0.8449596 0.13559364
15 2.3454263 -0.5336691 0.4825826 0.4346044 -0.7761355 1.1504074 0.95963085 -0.3616629
36 -0.9876995 -0.502588 1.4288645 1.399487 0.20764211 -1.5465472 0.36442077 0.2356635
33 -0.01584944 1.2358757 -2.3860095 -0.5020945 -1.6699448 0.7100592 0.16020153 -0.23470171
38 -1.92472 -0.6086598 0.8047643 1.6613847 -0.06553721 -1.2965505 -0.1883211 0.79141587
6 -0.4428345 0.92174673 1.5381386 0.13273318 1.136019 -1.3891764 -0.7775096 -1.6358597
25 -0.5766855 0.33725324 -0.9097525 -0.068777606 -1.5975504 1.3987955 -1.3973252 1.430425
39 -1.7538306 -0.6588299 1.5427576 1.5254905 0.27890733 -1.2416954 0.42722422 -0.2265054
43 -0.2599762 0.17475078 2.125852 1.5273515 0.60636276 -0.70378494 1.2265292 0.17602822
14 0.960837 -0.32011968 -1.4139508 0.25225177 -1.6728022 -0.8572948 -1.7311814 2.353775
34 -1.8560976 -0.6248093 0.5149086 1.2345079 -0.71353316 -1.3179238 -0.32773834 1.7601933
4 0.14439055 -0.46842912 0.8925617 0.7117804 0.12242853 -2.871 -1.0484197 0.5328772
30 -0.888445 1.6559441 -2.0222483 -0.43564367 -1.3656263 1.0279697 0.6120976 -0.50423944
23 0.67926675 -0.49989825 -0.400273 -0.24074508 -1.5434976 1.8703219 0.60914874 -0.7932165
26 -1.1469746 0.6920466 1.9108744 0.3532825 0.7897228 -0.03304685 -0.45477405 -1.0879688
13 -0.83916885 1.937488 -2.042544 -0.4124666 -0.30130622 0.16015252 -0.6291066 -1.7124288
40 -1.6261368 0.15763599 1.0037862 0.8387851 0.5188002 -1.4547371 0.013734166 -1.0750048
42 1.2460095 -0.1574012 2.4175925 0.40498364 0.1527777 0.7301416 1.3063976 -0.95643526
19 1.8167342 -0.615501 -0.01677631 0.5992262 -0.59323126 1.5243657 0.73036355 -1.4709674
20 1.2187339 0.5389707 0.60695654 0.85622686 1.1407454 -2.0520885 -0.9641703 -1.0156412
10 0.60231096 1.2585992 0.044551983 -0.10012909 0.8420579 -2.508322 -1.0394833 -1.3096904
9 0.823053 0.2917456 -0.8049679 0.8849227 -0.6430425 -1.8428149 -1.4118258 2.4406633
32 -0.5871413 1.3938444 -2.2524717 -1.0327528 -1.7816865 0.8955647 0.037835065 -0.545991
12 -1.9042456 -0.08322508 -0.3239734 0.72797173 -0.27649873 -0.3161718 0.019048758 -0.9583034
45 0.9129401 0.103224814 2.4763324 0.66603845 0.52450883 0.41111544 0.9248999 -0.69997686
7 -0.1656689 0.7283498 -1.1463506 -0.56169754 -0.28020993 0.037658453 -0.8237627 -2.2559795
8 -1.0786992 1.8880038 -0.18065837 -0.62986916 0.41822323 -0.88913965 -0.4809602 -1.6419257
5 2.588455 0.2102407 0.20738092 0.49020094 -0.13997388 -1.1664425 -0.85447156 0.95276606
16 -0.21552332 -0.039642606 2.163437 -0.5190194 -0.57978535 0.7087415 -1.2520399 0.993268
35 -0.4774803 1.1379336 -2.4611847 -0.6153251 -1.7681601 0.50076205 -0.38338494 0.1425476
17 0.39996326 -0.25991634 2.6979837 0.31289205 0.28165257 0.90781355 -0.77762324 -0.18385214
11 1.7895784 0.28959426 -0.44913992 0.85549116 -0.72504234 -1.3068273 -1.3638813 2.752666
29 -1.1216178 -0.9873682 0.20451996 -0.41270298 -1.8043007 -0.24162886 -1.7786961 1.7522823
47 0.66842914 0.09454296 2.0544183 1.7198949 0.613848 -0.85853213 1.095614 0.7340465
44 0.40416566 0.53832537 0.16079603 -0.25477687 -0.7539101 1.5175304 1.1371061 -1.1183169
49 1.4728584 0.29624078 0.93346745 1.131447 0.42654976 -2.0574803 -0.09450574 1.0270638
46 1.824389 0.43920323 1.2258402 0.16073643 -0.021106835 1.111154 1.1501334 -1.0474093
48 -1.4555097 0.008926017 0.92244536 1.125583 0.121573284 -0.9639757 0.39327854 -0.0492861
