50 8
4 -0.77068985 0.46167195 0.9094446 0.7061893 0.1353798 0.30435988 0.4196613 0.12347244
2 -0.42210647 0.77579916 0.25618878 0.032021984 0.336724 -0.38479927 -0.366841 0.90213525
42 0.108149484 0.49547324 -0.10291538 -0.27145553 -1.2464099 -0.8950311 -0.7244421 -0.19560537
6 -0.40423092 0.16386756 -0.056670517 0.48845035 -0.39613178 -1.2819141 0.22683628 -0.83121425
23 -0.23722564 0.90957844 -0.085810676 -0.55305135 -0.1526077 -0.5253776 -1.101232 0.6099534
41 -0.050291356 0.77675563 0.5803747 0.72395647 -0.20440398 0.62466097 -0.0037290638 0.16481034
21 -0.657685 0.7487625 0.7227206 0.66481125 0.63418245 0.24777363 0.40874168 0.80193394
48 -0.19746695 0.74588025 0.29910213 0.2438548 0.00682784 -0.30338272 -0.045563284 0.15432087
34 -0.18757841 0.9509308 0.88930887 0.42780858 0.03290221 0.79742 -0.16312182 0.46508482
24 -0.31597707 0.6724117 -0.58167344 -0.23782581 -0.015659507 -1.2095431 -0.84819794 0.20257087
19 -0.10643826 0.73266375 -0.8485988 -0.05411502 -0.2705756 -0.73860925 -1.1907003 0.055280548
43 -0.20561637 0.44114155 0.6353556 0.41804305 -0.7135305 -0.15741844 0.16327944 -0.5786807
9 -0.76940656 0.6758372 1.3576413 0.7578023 0.20518403 0.89463156 0.6322658 0.19662958
38 -0.6434756 0.45330614 0.25011253 1.1507564 0.28288478 0.12503488 0.49662837 -0.34269762
37 -1.0832462 -0.006081406 0.37978345 1.1982222 0.571056 -0.5255916 0.53207064 -0.09197677
39 -0.53817195 0.8431753 -0.24638788 0.68868023 0.47487485 0.35677555 -0.26576328 0.820354
27 -0.7409259 0.20070529 0.77076644 0.86939543 -0.15422043 0.075850874 0.3078831 -0.82871115
29 0.30146092 1.0822455 -0.21141851 -0.3891299 -0.8283846 0.060890023 -1.1658928 0.75305724
36 -0.48671305 0.31654367 1.0822246 0.86374414 -0.40104166 0.11364465 0.736749 -0.71687466
12 -0.2894336 0.4554722 -0.9501006 0.32129335 -0.031803124 -1.4836477 -0.2956336 0.112606265
26 0.07010582 0.2169575 -0.105169624 0.04100514 -1.3099856 -1.2611605 -0.320413 -0.5041764
40 -0.05434496 0.81516755 -1.1242286 -0.18412639 -0.14989766 -1.1518884 -1.0457747 0.18581815
16 0.27994552 1.3169955 0.8432105 -0.47022352 -0.55385596 0.3138598 -0.31492558 0.13898055
1 -0.5360776 0.5338782 0.54056656 1.201598 0.36781287 0.09567788 0.9851146 0.21246949
25 0.39464065 1.0539235 -0.123710185 0.006939824 -0.58888394 0.25711328 -0.9805563 1.0162601
35 -0.7552678 0.25117698 0.46104002 1.3776867 0.25361657 0.34185252 0.50035346 0.20230912
5 -0.4695263 0.45143813 1.3974388 0.7597618 -0.5296053 0.6970239 0.57479584 -0.07314309
28 -0.056269344 0.22958943 0.8088375 0.37615824 -1.0227787 -0.82707673 0.57734025 -0.89900476
18 -0.22300455 0.67032266 -1.4003766 0.06506493 -0.2283254 -1.265463 -0.8584835 0.23906897
17 -0.904823 0.06844935 1.6369914 0.21949388 -0.26316294 -0.44159955 0.39850867 -0.46725518
46 0.21446519 0.8074677 1.0617237 0.055885438 -1.155893 0.4956816 -0.027923917 0.15185973
30 -0.104081064 0.5821962 -1.241337 0.33987993 -0.20201811 -1.2171042 -0.6839686 -0.07606506
20 -0.84560096 0.1589549 0.30223393 0.4842569 0.32093966 -1.1842768 0.22925016 -0.72748893
10 -0.83785427 -0.038349137 0.118901335 0.89940524 -0.011597519 -1.1219094 0.5725121 -0.9781118
49 -0.085760824 0.71598846 1.6193641 0.18658264 -0.7549579 0.6915522 -0.016996348 -0.43693504
11 -0.41476852 0.7861792 1.2452472 0.73911023 -0.25623187 1.350502 0.081612274 0.4326748
0 0.051403623 0.89283484 -0.7955756 -0.6718272 -0.52509195 -1.1286831 -1.4995085 0.5052178
33 -0.7253922 0.55088735 1.055123 1.1263654 0.49601743 0.6299925 0.59758794 0.119203895
8 -0.044475395 0.23136525 -1.0684253 0.24827525 -0.79908043 -1.7296448 -0.52731526 -0.027018437
44 0.12822384 0.99643636 -1.2659192 0.2898206 -0.010390709 -0.48456928 -1.0003468 0.7898231
15 -0.4500812 0.3419305 -0.7772571 0.19757447 -0.20861411 -1.5718316 -0.20668632 0.06655577
32 -0.73873323 0.72593033 -0.16120298 1.0304393 0.99808574 0.190919 0.04924521 0.6665122
7 0.038321666 0.30280682 -0.6371365 -0.06501267 -0.94794506 -1.7071265 -0.7061031 -0.68313724
31 0.538703 0.7755112 -1.1512343 0.053474285 -1.0398822 -0.94809765 -1.1158316 -0.03554793
13 -0.14989352 -0.05673422 -1.1071792 1.1396208 -0.99292576 -0.95016843 -0.18320036 -0.5801394
14 -0.03046734 1.1627829 1.3419248 0.13055207 -0.27915707 1.2121555 -0.23693174 0.2009731
3 -0.61808413 0.6849011 -1.0881366 0.17900935 0.7033064 -1.434468 -0.37057737 0.64172345
47 -0.5863442 0.4851524 0.738165 0.9893278 -0.09743606 0.7454889 0.19201481 -0.34495395
45 0.41374236 0.76166284 0.4867744 0.21733919 -1.4504384 0.76026547 -0.80636936 -0.6854726
22 -0.79446787 0.67370284 -0.05782793 1.6864306 1.222529 0.94352967 0.06545466 0.50217783
