50 8
17 -0.22184567 -0.33639142 0.33260128 0.7776688 0.8395444 -1.2119077 0.44218266 -0.3814568
1 -0.271548 0.33849943 0.31512225 0.29075453 -0.4045404 -0.46972585 0.26395795 -0.7543548
6 -0.45050824 0.34392303 0.121085934 0.30473217 -0.5218891 -0.6509461 0.23832351 -1.0962782
23 -0.0025732045 0.1956243 0.35994306 0.75023913 1.1982754 -0.39403066 0.5514131 0.28983122
34 -0.5822811 0.37654927 0.42632213 -0.12380645 -1.1434635 -0.32255062 -0.16118395 -1.082956
36 -0.45585006 0.5054533 0.11952496 0.2777044 -0.46363714 -0.5603913 0.16162533 -1.3322169
16 -0.50963646 0.4370284 0.48194185 -0.074035615 -1.0561173 -0.19033964 0.02648234 -1.2661567
12 -0.06610702 0.15749432 0.10897911 0.8910162 1.123793 -0.66619533 0.33996934 0.4546124
48 -0.33216035 0.27474838 0.12883833 0.3831752 -0.27693886 -0.89675575 0.22375171 -0.96572465
40 -0.40313336 0.060749736 0.00723134 0.6102678 0.35227966 -1.2146221 0.41699034 -0.8415843
4 -0.4933347 0.37218067 0.5263887 0.01481041 -0.9102688 -0.032234225 0.06919046 -0.89845216
42 -0.2775321 0.10123972 0.043185633 0.5606873 0.46190783 -1.2621182 0.5274775 -0.9307744
27 -0.6504839 0.23860559 0.19081374 0.34877658 -0.61389714 -0.5522141 0.0725251 -1.4767177
49 -0.4439696 0.15673131 0.47137526 0.26310578 -0.6044993 -0.39272654 0.0049111545 -1.2542435
43 -0.474608 0.14324857 0.17407878 0.42411968 -0.042576473 -0.92664415 0.24307922 -1.1914618
10 0.098590285 0.86588573 0.34346274 0.48897728 0.703119 0.35069555 -0.093980044 1.2363572
28 -0.38687882 0.29420447 0.35257694 0.15183306 -0.59080637 -0.65437686 0.060755327 -1.2450378
31 -0.38940847 0.17053965 0.17825672 0.4008174 -0.31923974 -0.8953616 -0.0062322863 -1.0715424
38 -0.504503 0.29365888 0.20886584 0.264152 -0.6305932 -0.7624928 0.10931825 -1.4475678
45 -0.550622 0.3114992 0.37662172 0.10125693 -0.7865949 -0.4864094 0.022617102 -1.5081978
46 -0.3625138 -0.04229616 0.19381593 0.49672955 -0.038602874 -1.0955613 0.33880016 -0.93818194
39 -0.601621 0.14477365 0.14542985 0.40867317 -0.41456273 -0.81111753 0.14495581 -1.2154094
29 -0.6611494 0.32358798 0.46114734 -0.09969532 -1.611231 -0.004092742 -0.189662 -0.5599664
14 -0.0634694 0.7938029 0.6483535 0.1258195 -0.24864766 0.78677154 -0.39575455 1.2469522
8 -0.27776995 0.35032234 0.20965576 0.21092346 -0.38956496 -0.6745581 -0.015204511 -0.41402042
41 -0.63879937 0.1710068 0.3348582 0.2146918 -0.5082167 -0.61732745 0.077111356 -1.5757711
26 -0.46053058 0.2950503 0.2808781 0.14751989 -0.5918728 -0.7466614 0.05563263 -1.4000499
9 -0.5254409 0.36647385 0.626629 -0.16145563 -1.1638745 0.19584529 -0.23948498 -0.115966074
24 0.03386788 0.50252444 0.41075683 0.71123934 1.235044 0.20758924 -0.07605698 1.2667542
19 0.04780208 0.6389587 0.6217152 0.5448289 0.8588284 0.5584198 -0.23678681 1.5546366
2 0.15573367 0.3555456 0.3911323 0.88664705 1.316507 -0.08669818 0.30117944 1.2263039
21 0.17027256 0.60639775 0.6079114 0.47707826 0.71707606 0.35329443 -0.32601646 1.5684919
30 0.39078194 0.55923176 0.25325212 0.9694272 1.5727112 -0.16800122 0.05112704 1.3289956
20 -0.53790087 0.34346637 0.6161376 -0.3438715 -1.5427281 -0.04684812 -0.58582056 -0.15231216
47 -0.4963301 0.0551119 0.14289545 0.54379684 -0.1516861 -0.9940142 0.3537492 -1.468903
33 0.09525269 0.6214361 0.9176015 0.20609067 0.2539931 0.6991202 -0.37511337 1.6094812
7 0.27645922 0.58269775 0.46625465 0.7039057 1.1539185 0.044452645 -0.084966 2.09018
0 0.12486135 0.45521107 0.62588173 0.6574646 1.0926152 0.32386246 -0.115985766 1.7706513
22 -0.0014732033 0.43078154 0.9821606 0.3616081 0.47193387 0.8679193 -0.47446898 1.7463454
44 -0.012707907 0.80129445 0.15751131 -0.19843349 -1.2022165 -0.6333374 -0.48342368 -0.22430323
37 -0.09310133 0.39600345 1.2162249 0.13333407 -0.019202365 1.1056032 -0.5324483 2.1389472
15 0.19529541 0.3071048 0.57780194 0.9592915 1.3745239 0.12929597 -0.016852802 1.7210995
5 -0.072197594 0.29243997 0.7031502 0.5726182 0.3128841 0.5410191 -0.39994973 1.4603908
32 0.25520495 0.6697112 0.7300503 0.4346462 0.7778756 0.46985352 -0.13913809 2.0217862
3 0.2554442 0.7622021 0.56714207 0.5371401 1.0768329 0.32802933 -0.24494267 1.9673005
13 -0.103502415 0.33798984 0.7435429 0.3590197 0.087714456 0.51423764 -0.27913204 1.9469987
35 0.08637591 0.32166672 0.6660121 0.7040399 1.0687548 0.14573021 -0.14587007 2.086833
18 -0.09507312 0.6772208 0.6872532 0.21173133 -0.08991258 0.68931246 -0.4604044 1.7051283
11 -0.3414736 0.6259265 0.75592774 -0.39394742 -1.8166173 0.70064825 -0.8612445 0.37802967
25 -0.24797793 1.0700591 0.7060732 -0.53612536 -1.4042882 1.0249939 -1.2507671 0.8288217
