50 8
23 -0.37670606 0.43759158 -0.37078834 0.92720824 0.11128981 -0.46969625 -0.0971673 -0.20193055
36 -0.46454462 0.5312588 0.22183295 0.71552765 -0.5436319 0.057856943 0.2669673 -0.6468627
43 -0.08282953 0.1471658 0.49259767 0.5389652 -0.77327585 -0.6901913 0.16310379 -0.5756504
45 -0.4474862 0.3950632 0.044893347 0.74149024 -0.62866443 -0.3259931 0.020777151 -0.88779646
46 -0.28595635 0.08540196 -0.18916243 0.9316779 -0.23981015 -0.7078481 0.13496636 0.025103647
24 -0.24782293 0.5819637 -0.2988005 0.8968568 0.12711048 -0.23251344 0.16058402 -0.029519081
31 -0.49852237 0.3627123 -0.36084035 0.641709 0.20983252 -0.84717095 -0.84901035 0.03296735
1 -0.29961327 0.511133 0.106665954 0.8777486 -0.55819523 0.0064065293 0.3947314 -0.8129876
15 -0.104535274 0.0781269 0.40341073 0.31458184 -0.6142548 -0.83146036 0.49418545 0.630037
42 -0.4702734 0.11340407 -0.07809818 0.46580946 -0.24007705 -1.145534 0.21508601 0.17479992
40 -0.33969656 0.8143256 -0.5342862 0.3894517 0.60729057 -0.7154054 -0.73314035 0.3711484
6 -0.64792764 0.11731522 -0.18393598 0.9024249 -0.2499769 -0.7087317 -0.34481728 -0.49496958
41 -0.8277917 0.45022383 -0.014165127 0.5574874 -0.5510652 -0.46985722 -0.1905113 -1.074675
34 -0.4275881 0.98949534 -0.117377825 0.8788503 -0.049318485 0.48617542 -0.031412285 -0.88286227
39 -0.85418457 0.40556756 -0.45837688 0.7495647 0.35168883 -0.75838614 -0.4651906 -0.18534003
19 0.2369877 0.7320694 0.52568364 0.36730665 0.31387714 0.0668546 -0.21193376 1.2648531
26 -0.34777325 0.07096394 0.16042815 0.48086685 -0.21578838 -1.1186717 -0.22026971 -0.11274177
28 -0.16956338 0.18664466 0.27425998 0.72254795 -1.0097502 -0.4097933 0.053395297 -0.8071251
49 -0.2868311 0.26718956 0.37189615 0.71779865 -1.0229249 -0.15483235 0.34930146 -0.8278362
17 -0.4741822 0.058749683 0.39298362 0.7387177 -0.7715581 -0.51954883 0.49206436 -0.59852666
48 -0.18585373 0.82321954 -0.6564122 0.6413937 -0.02268794 -0.4659601 -0.6157486 -0.58377373
10 0.36297378 0.7560137 0.58491474 0.081317194 -0.27107427 -0.28463 0.5104762 0.44481102
4 -0.3386508 0.5445761 0.6969898 0.3784073 -1.1534407 0.071925975 0.066114195 -1.0937471
27 -0.6041136 0.30845493 -0.015622713 0.9836963 -0.7114373 -0.08375878 0.013603985 -0.9789587
16 -0.3085401 0.43907493 0.62429833 0.2569695 -1.0083762 -0.4436797 0.45139682 -1.0961237
18 -0.057408873 0.63004434 0.32687986 0.09498666 0.79773337 -0.663962 -0.5450439 1.7965217
14 0.31185427 1.2574688 1.3069359 -0.32674816 -0.78149253 0.8933132 0.09854778 0.38548478
25 -0.16519488 1.1007624 0.72989666 -0.33797014 -0.27542692 0.26076326 -0.5033795 0.5220853
20 0.11565189 0.59364957 1.0784094 -0.29626867 -1.433378 -0.318662 0.2124915 -0.6101158
0 0.4276021 0.6206282 0.19310096 0.4627461 0.63794696 -0.46944585 -0.2530822 1.6745697
8 -0.20653275 0.15759675 -0.23686402 0.59960616 0.24676968 -1.1230748 -0.44968298 0.79218584
2 0.24483354 0.9135255 0.0074099167 0.5739822 0.7998124 -0.0064086705 -0.45758027 1.372583
35 0.4312297 1.0124701 0.71015424 0.1781047 0.63828135 0.078198306 0.10581487 1.4936157
30 -0.16850913 0.25454894 0.10555271 0.5273861 0.61606675 -0.90868586 -0.084286764 1.2458975
29 0.230745 0.9453197 0.14632295 6.497287e-05 0.11705732 -0.27801707 -0.15191835 1.1542631
38 -0.3652964 0.9109524 -0.22855332 0.57983226 -0.10911004 -0.09924974 -0.5194883 -0.894874
13 -0.19997062 0.23474438 0.19682713 0.20911796 0.24859424 -1.0403241 -0.3652661 1.3705518
12 0.6451942 0.7934854 -0.2160518 0.5924827 0.5854963 -0.36938593 0.019546688 1.6085728
9 -0.37729427 0.605513 0.80588174 0.08789171 -1.3144045 0.09075544 0.55253154 -0.74226767
32 0.19807006 1.075759 0.5846598 0.09048038 0.92924064 -0.013134628 0.095580384 1.6943332
22 0.21036322 0.9454234 0.9287637 0.06625521 0.68085045 0.0622891 -0.15716095 1.2810853
7 0.5926069 0.6569611 0.6891573 -0.14915708 0.05962647 -0.52090836 0.2620479 2.0228627
44 -0.67579085 0.04954935 -0.3012247 0.3287894 0.040854808 -1.5067952 -1.3415902 0.17835107
5 0.13544472 0.3388028 0.91143847 0.38298678 -1.557093 -0.047248922 1.1331544 -0.6270484
21 0.5268512 1.1912148 0.693761 -0.10549962 0.6836259 0.13623391 -0.28985545 1.9580877
3 0.80545443 1.361326 0.36453542 0.29270756 0.9219298 0.40901756 -0.25990352 1.7836132
33 0.4315501 1.1260397 0.8249171 -0.3026751 0.8429922 -0.2145117 -0.025558965 2.0779104
37 0.47133693 1.1558135 1.2673212 -0.49742725 0.20814855 0.20990229 0.11954225 1.9056005
11 -0.04246932 0.8686379 1.1497239 0.22117645 -1.5667076 0.7940973 0.45332792 -1.1896405
47 -0.6110137 0.6040181 -0.90511245 1.029955 0.22649243 -0.5078527 -0.63521403 -0.68797445
