50 8
26 -0.36291447 -0.6070408 0.4520365 0.6281884 -0.688312 -0.7304225 -0.2586306 -0.40318328
43 -0.78831416 -0.057415817 0.45802924 0.32265714 -0.8689786 0.6368897 0.7059653 -1.0275817
6 -0.3516552 -0.19635317 0.11867827 0.661268 -0.73848724 -0.5292989 -0.08696889 -0.6771675
19 0.16577403 0.24046189 0.24365328 0.88601166 0.35768536 -1.0755205 -0.06713863 0.5404213
28 -0.3848809 -0.13051653 0.3211655 0.46147907 -0.9391666 0.04937223 0.46418202 -1.1225849
18 -0.0851338 -0.10119761 0.6201236 0.430778 0.11471232 -1.3825593 -0.309501 0.7542883
25 -0.053799305 1.3288273 0.6685508 -0.3589891 -0.071179956 -0.6985759 -0.65306956 0.31885955
42 -0.5694205 -0.48516688 0.17579274 0.49915135 -1.08017 -0.51579475 0.035013586 -0.60849977
39 -0.6606654 0.44131315 0.5786296 -0.15884875 -0.93785846 0.04528994 -0.30217266 -0.9694831
15 -0.28743902 -0.59518915 0.15949054 0.7771765 -0.22491004 -1.1055468 0.6399441 0.4919941
4 -0.4166617 0.88089323 0.45169637 0.363275 -0.4969548 1.1201293 0.2551803 -0.8139927
41 -0.6753026 0.86768353 0.64809597 -0.051867887 -0.6272335 0.8770507 -0.0997827 -1.1282778
17 -0.9339357 -0.010144338 0.56717795 0.08962877 -1.024747 0.4603376 0.19096586 -1.2952303
27 -0.923999 0.105432175 0.42118403 0.36286765 -0.8562094 0.9131658 0.44981894 -1.0518705
45 -0.63684 -0.4632286 0.19636518 0.6840627 -0.69508034 -0.10959812 0.5205597 -0.8843311
29 -0.6662354 -0.16561513 0.94452417 -0.17957617 -0.82627445 -0.5752154 -0.5359109 -0.07909318
24 -0.009470425 0.6774288 0.062677465 0.6899879 0.45089078 -0.9740605 0.07402459 0.9237682
23 -0.17392677 0.48534426 0.7224702 0.15732396 0.15393224 -0.84779763 -0.18360442 1.1820688
40 -0.36664602 -0.17375313 1.0451286 0.2175504 0.25841635 -1.1415255 -0.66750246 0.5698118
7 0.33667773 0.15419023 -0.12893623 1.030234 0.017936373 -1.3530641 0.10486208 0.7301859
1 -0.6360727 0.48489496 0.30425838 -0.02724916 -1.181337 0.2916078 0.103739195 -0.95863605
16 -0.7216314 0.5035238 0.89331466 -0.4585656 -0.89717215 0.15199754 -0.25897577 -1.1764045
3 0.025357338 1.0790116 0.56992084 0.29458427 0.62063557 -0.43798295 0.24090101 1.1505148
35 0.062048484 1.3184422 0.79952276 0.27788517 0.8472395 0.068123154 0.1568142 0.9485666
33 0.05365021 1.4548507 0.678313 0.25793052 1.0845368 -0.07007999 0.3589763 0.7846156
46 0.05515782 -0.57152045 -0.32914692 1.4062446 -0.57416767 -0.74268746 0.71665627 0.031044034
49 -0.74721485 0.36821806 0.5220685 0.3237578 -0.6754856 1.0593076 0.59765255 -0.93194145
34 -0.5262699 1.3150338 0.63461554 0.17134444 -0.10448055 1.307433 0.09269645 -0.6694836
14 -0.30034018 1.5423148 0.3768345 0.33990833 0.21937177 1.1840729 0.69796306 0.2492444
31 -0.5167208 -0.23370557 0.5956896 0.19921294 -0.7290836 -0.7796548 -0.7483047 -0.66168
37 0.11970412 0.21076906 0.17149225 1.3023165 0.82853895 -0.40777034 0.9551035 1.1881125
21 -0.12218882 0.85068005 0.81730443 0.5353512 1.0328999 -0.1742507 0.33652735 1.489405
8 -0.22801161 0.10456753 0.3961084 0.20035805 -0.7460038 -1.024617 -0.70946634 -0.47280833
48 -0.0706067 1.6858494 0.17367701 0.4033753 -0.17173876 1.2202381 0.41100428 -0.5400842
38 -0.39392856 1.2267112 0.7063123 0.036129314 -0.33819348 1.0255584 -0.18684298 -0.96057105
13 0.22555399 0.26051357 -0.23640409 1.1908059 0.102201276 -0.9698273 0.18872772 0.7524576
0 0.049432028 0.45344946 0.34813893 0.7733307 0.8549185 -1.3216118 0.007787358 1.3813946
36 -0.916295 0.43802473 0.44893488 0.24384922 -0.7926565 1.1529876 0.5234719 -1.0787182
20 -0.6064966 0.21464509 0.26270515 0.4455389 -0.73256147 0.26744816 -0.13844734 -1.5245969
44 -0.39555302 -0.39145195 0.5667117 0.23808014 -0.8333897 -1.0960171 -0.65726596 -0.33048376
2 0.09645529 0.5602867 0.46196383 0.59037197 0.62436724 -1.3681048 -0.6175922 1.0437368
30 0.14903978 0.7708134 0.7269551 0.17169032 0.5125299 -1.3737637 -0.656054 1.0214067
22 0.22229268 0.77584237 0.5749961 0.8181391 1.2021495 -0.80798215 0.15035062 1.4071779
10 -0.18215728 -0.7511497 -0.4053233 1.4761173 -0.7490716 -0.34413376 0.9508175 -0.5378224
12 0.42791998 0.99363506 0.2579505 0.84781706 0.5519843 -0.2535892 0.7411831 1.439306
11 -0.5437627 1.222554 0.533532 0.24816482 -0.37234125 1.5937269 0.65927577 -0.52102196
32 0.4255647 1.168245 0.47571158 0.6420743 0.92469037 -0.7094202 0.16911325 1.4180086
9 -0.17664255 1.4827869 0.1937776 0.54290134 0.19637647 1.3642703 1.3061811 0.06492025
47 -0.87382835 0.04456689 0.20039657 0.79619163 -0.66760916 1.3297014 1.1136692 -1.0668913
5 -0.3281928 -0.010867316 -0.3724111 1.4123123 -0.581443 0.9089601 1.3692905 -0.80533725
