50 8
25 -0.13831851 0.31613353 0.5042985 0.47648418 -0.22960968 -0.2543277 0.0065839095 0.5882003
18 -0.0037944897 0.31974193 0.77294517 0.1350042 -0.07847487 -1.0653354 -0.4141504 0.32413447
20 -0.44140774 0.19122992 0.40595165 0.3094776 -0.16268131 -0.63227516 0.0563457 -0.49297863
16 -0.06015779 1.2696048 0.38385388 -0.11732783 -0.3308092 0.049258552 0.38526073 -0.051683903
23 -0.18162933 0.19895747 0.6003687 0.033108026 -0.38985643 -1.1743466 -0.15990025 0.16852564
24 -0.15022153 0.31778413 0.5400889 0.20639418 -0.11907684 -1.2675599 -0.341464 0.31786525
26 -0.07258127 0.014998301 0.61018413 0.28547788 -0.46896306 -1.2517397 -0.52463615 -0.4404929
19 -0.036263157 0.2609587 0.8763043 0.048276693 0.10591664 -1.1194888 -0.24087131 0.19903722
6 -0.390284 0.17555614 0.19145884 0.6057915 -0.35981774 -0.67518806 -0.18677112 -0.8027537
12 0.26823854 0.08574543 0.74695915 0.43904462 -0.0910523 -1.127173 -0.145797 0.66157585
44 -0.55217636 -0.11542411 0.26074466 0.4637067 -0.73522 -0.60968703 -0.048045278 -1.0654894
8 -0.37296548 0.24439569 0.22008075 0.26748323 -0.5927724 -1.0749276 -0.17977902 -0.98561716
3 0.30096668 0.19769216 0.84874606 0.20535648 -0.12158866 -1.5005581 -0.466807 0.2798944
27 -0.8771628 0.5287274 0.02857195 0.62168455 -0.3211496 0.8364511 0.6611871 -1.2647943
2 0.4708167 0.777641 1.1026233 0.18516554 0.12806025 -0.022625213 -0.20514935 1.1748295
21 0.21460913 0.5126178 1.0828818 0.2844578 0.3117915 -0.27283663 -0.33849052 1.4145318
36 -0.80222744 0.35500348 0.027824162 0.52391315 -0.5379184 0.3397597 0.5448964 -1.3982804
1 -0.73839575 0.014337009 -0.0069970856 0.785255 -0.5567238 0.25643724 0.7857789 -1.1884491
37 0.27638584 0.15651898 1.2658097 0.23820877 0.23731934 -0.48735312 -0.25094447 1.4047407
17 -0.31860277 0.48336697 0.7317493 -0.21982554 -0.49911323 -0.5095079 -0.27448317 -0.82339126
15 0.08576919 0.3891623 0.75318587 0.14765662 -0.22814564 -0.9325134 -0.1946547 0.86344296
42 -0.44925463 -0.25781196 0.48123723 0.29719153 -0.3513118 -1.134919 0.104241416 -1.0025136
34 -0.6899414 0.42161813 0.46348575 0.8101812 0.027941816 1.7367053 0.62612844 -0.1895486
49 -0.6570459 0.10373027 0.38322124 0.6952771 -0.25003463 0.9453614 0.60342675 -0.97573733
22 0.11186292 0.168416 1.0710179 0.44244778 0.3045294 -0.3545295 -0.23440687 1.5558234
29 -0.22715503 0.9596413 0.23760389 0.08779296 -0.72145945 -0.1211691 -0.07231582 -0.41094735
28 -0.8798451 -0.3606713 0.118778475 0.7051976 -0.74138445 0.13811778 0.58452076 -0.8790157
0 0.36775386 0.7520874 1.030658 -0.033951208 0.017184593 -0.87493783 -0.5185158 0.9954648
7 0.038712688 -0.03505833 0.88489455 0.2998788 -0.07915391 -1.2744188 -0.39057568 0.9391175
4 -0.9747735 -0.23642437 0.33377275 0.9774926 -0.15843813 1.2408656 0.80802345 -0.51716864
9 -0.61604565 0.6755663 0.27774286 0.5942887 -0.13419838 1.2001636 0.600508 1.050824
33 0.20653807 0.53281546 1.0690919 0.20476364 0.34556836 -0.4587386 -0.28451818 1.5260359
30 0.440382 1.1568487 0.6772022 0.12664628 0.16726188 -0.8391963 -0.3341151 0.71489483
5 -0.19071758 0.65506834 0.66073525 0.57513195 0.21993615 1.2095586 0.5740612 0.7541955
43 -1.1093894 0.20301212 0.0034233166 0.72749275 -0.42826346 1.0060153 0.94180995 -1.0758435
41 -0.9488636 0.44054887 0.12102959 0.81559265 -0.21696258 1.5594835 0.7847145 -1.0430896
40 -1.052691 0.26081777 -0.1895937 0.86812687 -0.05075213 0.18750441 0.467318 -1.1472067
45 -0.5090391 -0.13598466 0.27152246 0.48720556 -0.56554484 -0.76544183 0.026743172 -1.5919722
10 -0.046813108 -0.030268261 0.58713853 0.3274147 -0.19190075 -1.4672693 -0.16462615 0.029878534
35 0.088404335 0.16371144 1.0767081 0.35856453 0.19007424 -0.43442416 -0.19557749 1.4618337
13 -0.07632238 -0.32123744 0.450903 0.76903236 -0.20127343 -1.1651139 0.050042845 0.95271707
38 -0.9618736 0.23137525 0.046622265 0.94519985 -0.31988254 1.4114436 0.94668555 -0.60315275
11 -0.6265015 0.39382055 0.68313926 0.55150425 0.08575576 1.4964263 0.5808837 1.1214716
31 -0.73777795 0.33687672 -0.06245168 0.7781212 -0.43595228 0.29748988 0.40110523 -1.310185
39 -1.0814339 0.3020184 -0.23670106 0.7408371 -0.6161439 0.6290856 0.7763721 -1.5089158
32 0.30172315 0.6431777 0.8986174 0.43610996 0.28592318 -0.08000199 0.0056408504 1.8220618
14 -0.35108826 0.75800645 0.6720946 0.57450885 0.44291738 1.1420017 0.4162645 1.5663576
47 -1.0520719 0.25710842 -0.18389583 1.0280365 -0.4121944 1.3242916 1.0989448 -1.1544539
46 -0.9900242 -0.024639027 0.48884088 0.42492285 -0.4783893 1.1540002 0.71627915 -0.10219081
48 -0.3751838 0.73251164 -0.36982465 1.0273346 -0.7017178 0.42987236 0.19936849 -0.96861213
