50 8
43 -0.24640617 0.41898632 0.4819739 0.37009212 -0.3448256 -0.48935604 0.54138577 -0.47557884
1 -0.11578122 0.88448185 0.2715324 0.01863584 -0.6472596 0.4390703 0.43010485 -0.33918175
26 -0.34189326 0.5460739 0.41600317 0.01788137 -0.03993231 -0.8313779 -0.46990654 -0.45454797
19 -0.3834966 0.3584937 0.3942013 0.39579722 0.5693691 -1.0696561 -0.45608386 -0.18019557
39 -0.22333126 0.20913261 0.6064881 0.5137707 0.93428296 -0.8908492 -0.21228494 0.71524477
31 -0.14981128 0.5618817 0.3244666 0.25833428 0.37453616 -0.79320824 -0.5661499 0.01029245
18 -0.18308038 0.4139538 0.5994982 0.18376054 0.7978027 -0.8891472 -0.3839956 0.51610816
24 -0.4654961 0.5384819 0.3538339 0.034229998 0.61399275 -1.0247133 -0.3924205 -0.2632546
40 -0.23172258 0.48479402 0.38582236 0.26479805 0.8876087 -0.9197725 -0.5896852 0.44243425
8 0.020422671 0.5663094 0.5251368 0.044477414 0.24211219 -1.1358782 -0.40865204 0.20771083
28 -0.26100788 0.71451384 0.24123514 0.3765214 -0.999946 0.37947774 0.46748322 -0.97483
23 -0.30939022 0.2865137 0.6387505 0.2898149 0.65283304 -0.811199 -0.1197394 0.3497881
7 -0.22006078 0.4337368 0.32994717 0.44391623 0.33463606 -1.0573318 -0.14667408 -0.38127983
27 -0.11284274 0.7455376 0.25589532 0.4660181 -1.168926 0.7052833 0.4655405 -0.7677282
6 -0.65364224 0.7151234 -0.06261256 0.1884765 -0.22990976 -0.97305566 -0.02935221 -0.5270901
42 -0.39546812 0.8622138 0.29931635 -0.3560975 -0.19475603 -0.6606523 0.0730947 -0.55116004
30 -0.3975567 0.30604365 0.5149957 0.38251042 0.80081266 -1.057524 -0.16882217 0.10613635
16 -0.037908643 0.97646457 0.27692562 -0.08425998 -1.1677315 0.3941681 0.1344794 -0.81229115
38 0.3649531 1.1463605 0.022628915 0.116343364 -1.2170451 0.8513085 -0.13669266 -0.123114124
0 -0.2244528 0.41850492 0.7055538 0.06500705 1.2877959 -0.59336966 -0.45689273 1.143677
41 0.019896932 0.8857967 0.15934475 0.48874 -1.1074008 1.240018 0.77371377 -0.40575558
20 -0.15109292 0.7829794 0.23964803 0.23240122 -0.96054053 0.37463635 0.35719427 -0.95064384
17 -0.3659236 0.4542028 0.55045146 0.2825622 -0.54190105 0.12450186 0.20480134 -1.0508002
2 -0.31035453 0.10167943 0.8190526 0.51273966 1.3472799 -0.3815715 0.038939673 0.97009355
45 -0.20934807 0.9761665 0.076147094 0.08086101 -0.67764974 0.73361146 0.12401043 -0.7490432
15 -0.4577825 0.27696145 0.6302832 0.14499159 0.7950318 -1.0591449 -0.5064706 0.047207125
12 0.026101457 0.34189674 0.6371124 0.42956495 1.2310921 -0.51041025 -0.55035424 1.2179846
29 -0.8138741 0.867478 -0.32920825 0.14452638 -0.3721032 -0.7608842 -0.3792423 -0.6375667
21 -0.14555408 0.14363518 0.82614166 0.48229212 1.335898 -0.24684554 -0.50694984 1.227891
25 0.08532907 1.0597539 0.2631381 -0.21480517 -0.9889741 1.1138457 -0.6040708 0.025024151
44 -0.055321123 0.7286035 0.23003457 -0.011665436 0.2698208 -1.1892469 -0.72843856 0.09141849
36 -0.25222826 0.8033383 0.14996134 0.5517969 -1.3198756 1.1007603 0.7397121 -0.6463311
35 0.026429927 0.041154888 0.9519914 0.5992413 1.068471 0.21538047 -0.10185998 1.3370861
34 0.052004546 1.0752953 0.0667744 0.24277364 -1.1810218 1.3593411 0.16435723 -0.8789754
13 -0.3613709 0.08006836 0.40718034 0.9036655 0.64304626 -1.0055033 -0.011426553 0.60013103
14 0.11413713 0.9535779 0.51842284 -0.025789812 -0.5814326 2.369357 0.4532362 0.4013047
32 -0.25061014 -0.10912727 1.0008953 0.6582593 1.2108177 -0.71335465 -0.09602935 1.4490383
9 -0.030821744 0.9126949 0.3576318 0.28267372 -1.2798773 1.9825109 0.6668261 -0.34823382
48 0.27056098 0.45078453 0.023937847 1.0838448 -0.27669534 -0.015917027 -0.23184994 0.3272622
11 -0.078700595 0.86313516 0.55251646 0.04216027 -1.3423207 1.9675465 0.44999397 -0.055607826
5 0.16373199 0.58045113 0.7117527 0.41088316 -1.2859261 1.5278625 0.84387636 0.19083045
4 0.033482518 0.7969424 0.39423627 0.41595742 -1.3620567 1.4833729 0.7359987 -0.46211535
3 -0.2230748 0.07861661 0.9059721 0.45425326 1.5747504 -0.31692824 -0.6113122 1.0880531
49 -0.27283618 0.8393486 0.27579087 0.4060208 -1.3156734 1.5378115 0.5581641 -0.7605352
33 0.34233806 0.11239877 1.0816755 0.5297998 1.170107 0.7126329 -0.24297896 1.5897756
22 0.07019715 0.055690747 1.0355618 0.66421986 1.175058 1.3544757 -0.12727891 1.2472553
46 0.1357202 1.0195789 0.21161218 0.26726943 -1.4821227 1.5600898 0.49560952 -0.64493304
10 0.30727562 0.7157384 0.15628424 0.5511931 -0.7362167 -0.51508504 0.7369382 -0.37874934
37 -0.13098077 0.06323338 1.214157 0.0905785 1.0983427 -0.66902304 0.043401647 1.0483842
47 0.034664653 0.59177357 0.4073948 0.8466795 -0.8397656 1.9628748 0.5348527 0.008986357
