50 8
1 -0.20913896 0.84949595 0.06588367 0.423654 0.12124483 0.45949632 -0.31562546 -0.46589586
49 -0.5559195 0.45659867 -0.11023945 0.3644866 -0.12711065 0.106745526 -0.36214828 -1.1370469
34 -0.51322275 0.5247024 -0.6373198 0.47867095 -0.29133043 -0.25690433 -0.17671625 -1.2556429
6 -0.5208813 0.16445667 -0.43394834 0.62319 -0.382376 -0.9166657 0.1308749 -0.63962096
13 -0.06534244 0.16641435 -0.23385921 1.1448373 -0.49074897 -0.12458887 0.56378317 1.0253642
27 -0.99187493 0.07491811 -0.6607575 0.48881647 -0.27987292 -0.73742455 -0.1391587 -1.3271214
41 -0.8184319 0.31777334 -0.5226727 0.407544 -0.16000222 -0.34722733 -0.18026255 -1.4765667
43 -0.571217 -0.2722284 0.16468811 0.4960417 -0.41445783 -1.5149027 -0.1294916 -0.79262626
17 -0.53704256 0.28989688 0.73856556 0.013187652 0.26139188 -0.6696924 -0.98512846 -0.91842437
24 0.39270106 0.7580975 0.60733014 0.90895206 0.14472705 0.62888676 -0.20191647 1.4910336
25 0.113959745 0.93248147 0.016401308 0.65617234 -0.4359576 1.2689044 -0.2830138 0.626636
20 -0.37106532 0.58185154 -0.69666976 0.76281875 -0.6220435 0.29261315 0.5276712 -0.25826737
38 -0.53140295 0.6535849 -0.79129535 0.3927736 -0.5803041 -0.41484302 0.019019097 -1.3377292
19 0.43399623 0.80574423 0.59351563 0.90990716 -0.04092958 0.899259 -0.059574798 1.2981318
4 -0.63780326 0.734089 -0.2753463 0.27293724 -0.2121998 0.09306399 -0.03725392 -1.0706576
29 -0.37222365 0.80048305 -0.5289414 0.5632748 -0.58819276 0.28569698 0.35050836 0.10307902
36 -0.93380827 0.1685637 -0.60615844 0.42556325 -0.354486 -0.5014001 -0.13667975 -1.6024773
22 -0.28846693 0.19017291 1.4668878 0.62888116 0.42634746 1.1488838 -0.35738122 0.8092173
31 -0.47059345 -0.025268158 -0.7618188 0.7297743 -0.6047189 -1.2765489 -0.032106824 -0.8828509
9 -0.14932965 1.3911287 -0.33822423 0.37101927 -0.19558795 1.0797993 -0.028007705 -0.21483545
7 0.13281347 -0.056340452 0.47789323 1.1221484 -0.34216207 -0.20825365 0.112000145 1.6031402
16 -0.31108654 0.55845296 0.90045965 0.14324845 0.07845629 0.06573878 -0.36823547 -0.38437346
21 0.29025146 0.96923995 -0.0039277184 0.99146295 -0.14156246 0.8927573 0.21758644 1.3158275
14 -0.12725547 1.3012367 -0.16937302 0.40647817 -0.075745955 1.2863407 -0.23735707 -0.24144867
18 -0.31530628 -0.39881212 1.1871564 0.67820066 -0.16144799 -0.55496687 -0.1959908 1.0713745
37 -0.21622106 0.26669115 1.3771473 0.5680895 0.2582548 1.0053129 -0.2626427 0.5397484
40 -0.7691793 0.045684446 -0.43417794 0.44675684 -0.44732875 -0.90832657 -0.034374043 -1.3464844
47 -0.945397 0.33125317 -0.52435124 0.308801 -0.056826264 -0.31085294 -0.44656402 -1.6126267
11 -0.071487375 0.6552172 0.7694804 0.5088148 -0.02074631 1.4171033 -0.5332954 0.18986388
26 -0.49672574 -0.56062055 1.0982392 0.57418 0.050185867 -1.2759925 -0.13601038 0.5065073
23 0.2522334 1.0258917 0.23858348 0.8667099 -0.155644 1.0552677 0.22713359 1.0711087
42 -1.0728375 -0.1693709 -0.06386185 0.26216477 -0.143904 -1.1615095 -0.232649 -1.261823
35 -0.28345093 -0.06768937 1.6089659 0.6051574 0.64686483 0.043378722 -0.5515789 1.203996
45 -0.8647451 -0.027259683 -0.42522234 0.3955323 -0.23993874 -1.0902648 -0.3660029 -1.5523864
44 -0.5864577 -0.22983603 0.20408499 0.31259054 -0.28484616 -1.9206994 -0.32732505 -0.97460353
12 -0.03943639 -0.29109585 0.44759065 1.2004168 -0.3891098 -0.5161508 0.5399209 1.5634334
15 -0.1588465 0.49970686 1.6866078 0.5086749 0.79530483 1.0346718 -0.595152 0.9935404
3 0.33157414 0.60399497 0.68769425 0.8786877 -0.07810694 0.4334041 -0.04682934 1.4912022
28 -0.7647112 0.16157864 -0.41730824 0.36265695 -0.56791633 -0.6713429 -0.11764476 -1.5802232
0 0.018789386 0.05861609 1.6282572 0.6983129 0.37472475 0.23185407 -0.40600345 1.1652949
32 0.445715 0.61317444 1.3126458 0.75462365 0.1632697 0.1553413 -0.16781892 1.6451461
5 -0.0019874065 0.4620739 1.1041958 0.5919288 0.3649555 0.759688 -0.4895745 0.41195467
46 -0.69473225 0.112893976 -0.7578471 0.47707897 -0.6748699 -1.1573111 -0.07177181 -1.4692228
10 0.12593296 0.63114446 -0.5381424 1.0092735 -0.73880774 0.045383904 0.61490476 0.8648116
33 0.41387662 0.59013754 1.2332443 0.78564745 0.10328012 0.3458653 -0.23293854 1.6704805
39 -0.97978187 0.18836343 -0.62533236 0.35243854 -0.22669066 -0.7581622 -0.26202548 -1.503163
30 -0.28571388 -0.5089791 1.4408914 0.6286543 0.19052872 -0.8601868 -0.59227633 0.9250006
8 -0.5113839 -0.2696591 -0.31149283 0.8316737 -0.20781477 -1.7403426 0.34307742 0.10702042
48 0.07067345 0.95063776 -0.62121063 0.5668118 -0.6658608 0.1555151 -0.0077692727 -0.7554417
2 0.44539294 0.35685644 1.3663852 0.8757205 0.07040313 0.24516302 -0.11292893 1.7388937
