50 8
40 0.37221327 0.42102695 0.026488325 1.1808871 0.3824878 0.5815242 -0.0052121035 0.14117216
1 0.106236085 -0.26028818 1.1551648 -0.41617087 0.46854094 0.2919242 0.13454445 -0.3885675
43 -0.27623555 0.09600031 0.6146537 -0.05422866 0.5748438 0.8053482 0.635298 -0.54125375
24 0.39142817 0.4742178 0.22716019 1.116627 0.50631297 0.18010949 -0.4459904 -0.050851617
19 -0.40130568 0.5412592 0.30712363 0.2488375 0.8215989 0.3517623 -0.50782984 1.1442043
29 0.15506066 0.2730582 0.6426924 0.044303358 0.7499502 0.20955643 -0.36091742 0.22496656
23 0.5205309 0.3935943 0.21047603 1.083662 0.5268291 0.1781879 -0.28818804 0.1692797
25 0.38912645 0.12077716 0.5117657 0.5328898 0.56008893 0.19139545 -0.60268587 0.14571278
26 -0.19647402 0.41931707 0.29630205 0.5137061 0.41794273 0.48975268 -0.22260232 0.97877175
18 0.30380034 0.31946144 0.23640041 1.3902887 0.12302009 0.06516184 -0.4665312 0.8496668
49 0.028544765 -0.50615954 1.33348 -0.555452 0.3984909 0.21442841 0.14026695 -0.2736344
35 0.51110387 -0.26679596 0.90127134 0.70082873 -0.15817016 0.3540166 0.4263152 -1.026715
34 0.7176893 -0.31194076 0.9759231 0.2829475 0.33462092 0.29231843 0.2449433 -1.2914263
8 -0.39446408 0.6470588 0.02945704 0.6594644 0.58499837 0.63008344 -0.253184 1.2205309
27 -0.3644475 -0.2142994 1.1802423 -0.9972401 0.9545346 0.4752343 0.41303137 -0.22615008
39 0.96013045 0.21268559 0.4151929 1.1111016 0.10632532 0.40053922 0.34118673 -0.8452008
20 -0.44399667 0.11696299 0.66761446 -0.43253416 0.9349778 0.506611 -0.390198 0.46262264
4 -0.39473346 0.072548345 1.213653 -1.0281358 0.3852187 0.8780745 0.4555825 -0.8441298
12 -0.27080783 0.6336187 0.01762489 1.2426761 0.45886308 0.2175011 -0.63240737 1.0900425
6 -0.73647594 0.7406678 0.20434527 -0.3209245 0.9153786 1.028776 -0.24645875 0.8062497
38 0.18119366 0.06482076 0.6749459 0.050630964 0.6762785 0.65763855 0.40838298 -1.1486378
31 0.085039265 0.6318386 -0.06992803 1.1507702 0.42817944 0.5228425 -0.045347136 0.8278775
28 -0.63253385 0.53606194 0.38849884 -0.39213458 0.7331867 0.946178 0.14314401 0.8372011
36 -0.09395463 -0.21924938 1.2950242 -0.69363606 0.5451834 0.40716532 0.26062158 -0.89968336
30 0.18182957 0.44544613 0.17320873 1.4052682 -0.12358491 0.3236276 0.012539738 0.7161777
15 -0.36317852 0.20751362 0.83167535 0.50081605 -0.47628105 0.12041809 -0.40643632 1.5094889
37 0.45858663 -0.26924857 0.9245409 1.6084493 -0.870106 -0.36792758 0.124817535 0.25371924
41 0.09079015 0.5165952 -0.0507713 0.50455874 1.1908168 0.8723469 0.33690286 -0.6540721
48 0.42922115 0.27189386 0.20396876 0.81468934 0.82453126 0.23987922 -0.3061808 0.31128237
16 0.07369402 -0.49410212 1.2499835 -0.7842052 0.66925675 0.47360134 -0.025350865 -0.5399446
17 -0.57947654 -0.53941447 1.5032027 -0.7809659 0.18044847 0.14029063 -0.09836561 0.5211546
7 -0.06781115 0.49867672 0.057490062 1.1120732 0.7423388 0.13492791 -0.7540231 0.9971895
21 -0.33626348 0.5016861 0.105599776 1.1699121 -0.060614064 0.6137807 -0.19947705 0.6959684
44 0.6172028 -0.06626557 0.48849198 0.9139915 0.34867257 0.10081906 -0.33530167 0.10683849
2 0.75154346 0.2846535 0.42576602 1.739066 -0.46385416 -0.02763161 -0.15617156 0.026011655
33 0.15534154 -0.30995947 0.83315855 0.8744233 -0.65129286 0.6577418 1.1447741 -0.88764465
0 0.11939422 0.032856494 0.6227715 1.1574249 -0.5617231 0.114824295 -0.10934063 1.1269855
42 -0.44787246 -0.061697505 1.1883341 -0.6812786 0.3401028 0.19512205 -0.2600749 0.9529764
5 -0.43632147 -0.4328376 1.5042969 -0.67783034 -0.35258403 0.57446194 0.49962923 -0.14748967
47 -0.058418255 -0.35248914 1.4711374 -0.5859484 0.026345246 0.4087723 0.37571314 -0.83874524
10 -1.3524528 0.45689055 0.5270572 -0.16988349 0.1477514 0.83097327 -0.02154058 1.4092184
14 -0.14082953 -0.37418512 1.5255513 -0.5200851 -0.19569628 0.45782068 0.18630593 -0.9877169
3 0.57015854 0.28418845 0.5292379 1.2687134 0.026652295 -0.1995402 -0.7160964 0.36502823
45 -0.43029553 0.20221646 1.0442743 -0.086986326 -0.10381421 0.1813832 -0.11910147 0.8184506
13 -0.39080837 0.74096525 -0.1444501 0.75239795 0.2680087 1.0294479 0.08642446 1.1417577
11 -0.050973225 -0.8371045 2.0292013 -0.8695071 -0.4660125 0.2496744 0.06089477 -0.83095294
46 -0.33248 -0.45441836 1.5331566 -0.14715175 -0.23625804 -0.0787214 -0.047623605 -0.25404918
22 0.46428847 -0.5991374 1.3378203 0.83666885 -0.5679715 -0.36497653 0.1197657 -0.36535394
9 0.045434576 -0.6154441 1.79837 -0.871761 -0.21481882 0.46172187 0.67551696 -1.0823339
32 0.38214424 0.69048107 -0.10399054 2.0342813 -0.4966211 0.68926084 0.47152737 -0.3490417
