50 8
43 -0.049892128 0.12257088 0.5908787 -0.32526243 0.38638487 0.7229322 0.36981884 -0.30682075
1 0.26404977 -0.12214442 0.7265743 -0.14801322 0.0026333262 0.9375137 0.27385917 -0.52076906
40 0.2922349 0.12506957 0.27466124 0.7367874 0.86059624 -0.18979448 -0.3208446 0.7545255
18 0.2365496 0.31976596 0.3949835 1.0828849 0.52203673 -0.51263696 -0.54912275 0.63599503
19 -0.07586784 0.58288103 0.2587306 1.1443118 0.32261595 -0.53845304 -0.7799619 0.8827905
17 -0.12576775 0.43860143 0.7114947 -0.569418 -0.59476095 0.9819019 0.78146726 -0.41055545
24 0.055033956 0.45986387 0.2793777 0.9443159 0.40204906 -0.32922462 -0.7372016 0.699053
25 0.29036468 0.40404403 0.32024828 0.7115789 0.057439256 0.19072123 -0.44378132 -0.058431853
6 -0.05612229 -0.0955241 0.5436046 -0.11257598 1.0079696 0.23182331 -0.24955395 0.4728966
23 0.4118043 0.29871345 0.46251565 0.76365453 0.49788496 -0.31056738 -0.6317162 0.55755913
12 0.3642503 0.36367068 0.28719428 1.0073693 0.5928511 -0.37102586 -0.830307 0.68296546
29 0.3742781 0.20576742 0.25935632 0.61319125 0.8765387 -0.101315826 -0.48060519 0.53641
27 0.052284863 0.08433809 0.90284604 -1.0108583 0.3132703 0.9649771 0.7911269 -0.4950237
8 0.122433834 0.10083559 0.39666617 0.59505355 0.8015759 -0.25806466 -0.28886914 0.8181157
42 0.10297444 0.026450131 0.56268394 -0.5959905 0.7577844 0.6840624 0.1763613 0.07772782
41 -0.049601603 -0.11591345 0.783149 -0.5711057 0.25394952 1.1668446 0.9144236 -0.7768266
15 0.103508264 0.7810646 0.259505 1.2693826 -0.25734246 -0.41024122 -0.6259068 0.5145611
26 -0.18360443 -0.092821285 0.6466797 0.2651558 0.8728206 -0.27734953 0.47927302 0.6892512
39 -0.007863065 -0.49365893 0.812714 0.021242522 1.3175066 -0.104816414 0.6389808 0.49557638
10 -0.079803064 1.0739852 -0.09242209 0.8088211 -0.70902056 0.48096308 -0.70275176 0.10508647
48 0.51445764 -0.32435802 0.6531948 0.057195976 0.974389 0.16139852 0.22467384 0.38733026
21 -0.0016111733 0.79525405 0.17012024 1.4620337 -0.38908094 -0.41967732 -0.93835926 0.8302639
46 -0.48241597 0.50653654 0.6689651 -0.7007484 -0.60003316 1.2905444 0.64367944 -0.6841815
49 -0.45836994 0.18975651 0.7411126 -0.46268174 -0.23831014 0.9845085 0.89232564 -0.43709144
45 0.08902894 0.08790784 0.76528555 -0.75918394 0.15741038 1.1588818 0.66501415 -0.64598566
13 0.18588477 0.6003697 0.11064566 0.86284226 0.5384664 -0.27809963 -0.92192894 1.0248728
3 0.16307683 0.7299478 0.07326798 1.148311 0.05758113 -0.253186 -0.8639593 0.8176275
28 -0.48650712 0.56814647 0.44509 -0.648615 -0.6209885 1.4528729 0.76632947 -0.46169105
36 -0.3544638 0.2649313 0.76983756 -0.71993715 -0.4978293 1.3180052 0.9566889 -0.70290834
16 -0.05419712 0.0698547 0.8171172 -0.71643907 -0.4585459 1.4527532 0.71593434 -0.8015933
0 0.08943843 0.5666115 0.21249264 1.325062 0.40835342 -0.55506 -0.70868486 0.77564406
2 0.29799086 0.39395255 0.5600923 1.4415462 0.07968377 -0.73195446 -0.6153357 0.5141787
31 0.028623154 -0.3351277 0.7770251 -0.1118809 1.3226596 -0.16642486 0.0886139 0.67642313
34 -0.2283509 0.4058814 0.76513934 -0.7291772 -0.77372605 1.3418514 0.7080655 -0.711525
47 -0.029477822 -0.093094535 0.8685933 -0.73221016 -0.106998555 1.3150381 0.8081963 -0.6682476
20 -0.3529856 0.24073757 0.45219603 -0.4094713 -0.5303277 1.2843311 0.5977833 -0.21866511
14 0.1473128 0.98081315 0.35119447 0.018154753 -1.4036932 1.1981328 0.0053272163 -0.8172551
7 0.36155713 0.37148452 0.1947143 0.957331 0.8212366 -0.5935962 -0.5424351 1.3666646
33 0.05170944 0.88263273 0.10841318 1.9043204 -0.50011736 -0.5402885 -0.86584836 0.58503664
30 0.26691425 0.53081465 0.44028717 0.694674 0.7375795 -0.5641969 -0.6526753 0.57484066
4 -0.20756195 0.51860845 0.6374669 -0.68598074 -0.8635125 1.4402112 0.60636634 -0.5496599
5 -0.29859704 0.6638625 0.45379508 -0.5881976 -0.7477644 1.4389223 0.8222838 -0.5443524
38 -0.24382485 0.22123763 0.7517435 -0.68150467 -0.5345501 1.521716 1.0046827 -0.8133802
44 0.020835616 -0.37935355 0.83737713 -0.20372513 1.1716577 0.004855895 0.15031797 0.49879292
37 0.15529993 0.71517235 0.28153947 1.5878266 -0.51843894 -0.5420157 -0.64590675 0.65935284
9 -0.21935979 0.30165708 0.752433 -0.58404446 -0.73009014 1.5611101 0.9173449 -0.9991561
35 0.22618498 1.0632612 0.031756345 1.6662174 -0.5963499 -0.54238766 -0.79182774 0.7954587
32 -0.00799854 1.0204692 0.11535294 1.7377299 -0.5141983 -0.6305634 -0.7913662 0.83041465
22 0.39393714 0.98832893 0.13570626 1.6976782 -0.15996051 -0.6274082 -1.181449 0.5809791
11 -0.33014065 0.34838912 0.7392665 -0.7093498 -0.86232674 1.6350195 0.868249 -0.8471368
