50 8
43 -0.35994276 -0.1158012 0.42991182 -0.351427 0.85194254 0.6889569 0.29569912 0.40928206
29 -0.25537387 -0.23880625 0.344979 0.03106007 0.91107255 0.8492191 -0.09196563 0.012597218
28 -0.7690715 0.20597026 0.17484441 -0.16530134 0.53562355 0.8694086 0.4053278 0.58614475
40 -0.20845646 0.27224228 -0.070070446 1.51793 0.36026227 0.23248878 -0.14810188 0.27357644
19 -0.48649487 0.78119534 0.48705465 0.7489519 0.08399824 -0.61376727 -0.21423969 0.6861403
26 -1.0805279 -0.014830694 0.10358229 0.41990167 0.7063672 0.3236532 0.18362385 0.8212494
1 -0.8475729 -0.13558824 0.15035866 0.15461719 0.641173 0.9399894 0.31662294 0.46611634
24 -0.42806488 0.8329966 0.7189769 0.5819303 0.13719673 -1.064757 -0.27991828 0.84321254
20 -0.7163519 -0.23503967 0.27425057 -0.09842758 0.9296246 0.7882904 0.11860999 0.37083727
16 -0.1040601 -0.2034826 0.4757329 -0.4453348 0.6646805 1.1701058 0.10263508 0.28311223
41 0.046838425 -0.34408957 0.12187809 0.37834865 1.049229 1.0392256 0.06153391 -0.21529071
39 -0.5818053 -0.079139054 -0.28031197 0.8840476 0.73043907 1.1695023 0.0909909 0.21920016
31 -0.66544217 0.23228371 -0.16437536 0.9664678 0.48954973 0.62717897 -0.04111827 0.44677755
17 -0.8082708 0.22593288 0.8395595 -0.87723076 0.52237797 0.02767025 0.32678887 0.89524525
36 0.057313986 -0.13628541 0.6375789 -0.5191323 0.65440166 1.304616 0.0766675 -0.33257076
6 -1.2599517 -0.19452514 0.044349987 0.43729585 1.0753107 0.15352462 0.13208576 0.6552026
45 -0.8952119 -0.07977897 0.2052464 -0.089131914 0.5482791 1.2248827 0.49369395 0.36856776
27 -0.07546133 -0.19144747 0.5243521 -0.52453935 0.695918 1.2912151 0.39329585 0.0938057
25 0.5620819 0.330223 0.25667438 1.011264 0.39830613 0.4950686 -0.23390275 -0.3343697
8 -0.7597889 0.02879712 -0.19374874 1.2952975 0.7275074 0.17276435 0.17178658 0.68270195
38 0.04296193 -0.23078026 0.17840488 0.57134336 0.8205425 0.8930377 0.18198958 -0.10278362
12 0.43852732 0.8059956 0.39706203 1.5537878 0.1735497 -0.6796302 -0.40805164 0.03994779
23 0.47995684 0.77193 0.2263694 1.4260904 0.28550962 -0.48245183 -0.5303163 0.24313281
44 -0.33894432 -0.48331007 -0.23043314 0.8518141 1.0511653 1.2400596 -0.001955783 0.11807728
42 -1.1284095 -0.014601573 0.36566088 -0.191525 0.6059259 0.48282188 0.3166403 0.81865793
18 -0.022100883 0.71803993 0.12559831 1.795216 0.192313 -0.7321267 -0.31995353 0.5622068
49 -0.37808156 -0.21574838 0.75971705 -1.2702564 0.6422628 1.5012604 0.41866213 0.12406381
13 -0.35645035 0.4514167 0.28097776 1.1800864 0.37981015 -0.58024687 -0.1804155 0.61573315
4 0.93359447 0.038294118 1.110792 -0.38648677 0.30830795 0.8186355 -0.057336044 -0.58641624
21 0.94450456 0.8113601 1.440591 0.034321316 -0.3647032 -0.31313005 -0.32246402 -0.26001656
34 0.31849095 -0.3883024 0.61921775 -0.44453323 0.87816477 1.4023192 0.08414282 -0.4512368
46 -0.37379965 0.74149305 1.1835183 -0.8800273 0.048047822 -0.05859889 0.046806198 0.19354182
14 1.3923609 0.6542855 1.2088792 -0.4230452 -0.18331261 0.857612 0.0066485107 -0.72475135
0 0.24822427 1.1288747 1.2051014 0.5535311 -0.38854808 -1.1937736 -0.2930644 0.48544958
9 1.319163 0.55593807 1.4396076 -0.68501604 -0.14876619 0.57481575 0.27664346 -0.5112676
5 0.52715385 0.7323714 1.417555 -1.1287657 -0.07034237 0.2003267 0.2438474 -0.010747608
33 1.3338785 0.96806043 1.3071625 0.8534138 -0.28191894 -0.8165619 -0.3300376 -0.49798468
15 -0.73663586 0.652636 0.88161576 -0.51343817 -0.08366281 0.26850444 0.39712262 0.40332702
3 0.86183995 0.95426536 0.9860624 0.8757958 -0.10292108 -0.8487601 -0.52225345 0.045736846
47 -0.635658 -0.1238505 0.5631302 -0.9041785 0.54219687 1.4628973 0.45635882 0.27831444
48 0.08960217 -0.33957407 -0.18988408 0.44483712 0.98992395 1.6606696 0.13732575 -0.02809509
2 0.5205175 0.96561396 1.1460146 0.80007184 -0.3012567 -0.8903597 -0.47237945 0.027033163
10 -0.9342244 0.48880228 0.45494813 0.10611587 0.29387373 -0.011178333 0.39327157 0.64199835
35 1.1193368 1.0285108 1.4663825 0.5585926 -0.30285165 -1.0260268 -0.49516645 -0.24191783
22 0.7360673 0.828556 1.0938159 0.9169668 -0.041856956 -0.9837596 -0.57822 -0.073600344
7 -0.059052926 0.88516194 0.78093165 0.54911745 -0.004219877 -0.82521254 0.36526528 0.67958724
37 1.2949817 0.99049777 1.4797591 0.5945777 -0.43092734 -0.706191 -0.57804227 -0.4983099
32 1.0279299 0.967571 1.1042777 0.9120325 -0.037763435 -0.9956073 -0.47863337 -0.27013168
11 0.47392163 0.09655238 1.2534059 -1.2140741 0.27046567 1.1358924 0.049328625 -0.4328605
30 0.56738937 1.2292163 0.8407969 1.5805882 -0.12164445 -1.4755459 -0.5974136 0.07254256
