50 8
39 -0.36582446 0.14659311 0.309595 0.43083414 0.7814173 0.14471936 -0.28128743 0.48966345
40 -0.72623706 0.23914464 0.28548226 0.4465102 0.4742614 0.0647833 -0.023740524 1.1140513
23 0.33771238 0.22965904 0.42953336 0.3267215 0.65527403 0.59077054 -0.15961085 -0.26539212
43 -0.14324455 0.03819922 0.7372549 -0.06659155 0.68692887 0.8240697 0.065385096 -0.104808316
41 0.11527752 -0.105671816 0.44821492 0.25412974 0.7317509 0.96398073 0.015004608 -0.41555157
28 -0.73862755 0.24021176 0.9614591 -0.2831706 0.61045456 0.74768454 0.12410878 0.23640326
24 -0.3981954 0.28302252 0.34890178 0.35082266 0.67274004 0.010102598 -0.5497243 0.75433695
1 -0.388918 0.0020621498 0.62791336 0.0068433946 1.0074915 0.9893241 -0.092303514 -0.37007123
49 -0.25232542 -0.09278639 0.78666526 -0.08878066 0.69854736 1.0557852 0.15128806 -0.28952911
27 -0.25807494 0.06565638 0.8522716 -0.114918396 0.76879835 0.84976834 0.06908258 -0.22238263
16 -0.17233321 -0.28828993 0.8239956 -0.3005547 1.1420074 0.88792413 -0.3343248 -0.28305537
12 0.24226789 0.1898137 0.09291664 1.0111477 0.2840631 -0.45144525 -0.4672041 0.8680029
42 -0.60859215 0.0957811 0.86891025 -0.117847964 0.8495279 0.31773794 -0.16654816 0.34616825
34 0.27303132 -0.09539918 0.3400383 0.43996716 0.90161103 0.48547184 -0.47837874 -0.31128642
38 0.46431363 -0.18491535 0.5778724 0.24448024 0.8962875 0.8083098 -0.41785222 -0.7624951
18 0.3256656 0.34208676 -0.12532164 1.146027 -0.10526524 -0.5231044 -0.14344306 1.3979266
45 -0.6992363 0.1688204 0.97842175 -0.1371137 0.90135044 0.4135196 -0.3310245 0.076048955
48 0.78076166 -0.10017612 0.26813024 0.7011677 0.33669817 -0.039995447 -0.426312 0.38007355
19 -0.1360722 0.46570575 0.20023102 0.6405475 0.6586934 -0.5067819 -0.7415887 0.91546553
26 -0.8913393 -0.037615333 0.35055095 0.5383089 0.5387757 -0.08818414 0.31103414 1.209868
36 0.13751565 -0.04899382 0.804683 0.046832398 0.78440684 0.8814083 -0.11493652 -0.63091725
44 -0.35324207 -0.089908205 0.5045635 0.34491783 1.048252 0.032921396 -0.43078712 0.23333792
15 -0.66654015 0.77969176 0.58494824 0.2798573 -0.038940065 0.059463516 0.71507674 1.2763612
6 -0.78896934 0.098426655 0.9208331 -0.053148206 0.7592963 0.16979356 0.17066771 0.52285105
46 -0.8205369 -0.068185605 1.0834109 -0.25551447 0.917735 0.5296084 -0.13349284 0.15105121
2 0.56910276 0.39772692 -0.33394068 1.3700004 0.3662004 -0.652995 -0.7809818 0.82320297
31 -0.9528006 0.3856365 0.039147805 0.57727176 0.53112423 -0.04571592 0.0039150272 1.381013
8 -0.98029804 0.3972957 -0.1446929 0.78789425 0.47653338 -0.33986217 0.13674137 1.810442
20 -0.42157185 -0.12898041 1.0914979 -0.15233053 0.5159444 0.30298832 0.20220797 0.4752039
35 1.3762867 -0.16148 0.6118449 0.6461168 -0.09448379 0.42632344 -0.2625248 -0.33143356
13 1.0280415 0.4301117 -0.4368713 1.4707923 -0.2320331 -0.35428172 -0.005199252 0.97189116
4 0.43699697 0.13037136 1.3403398 -0.3899145 0.07086161 1.3011763 0.37205097 -0.67374086
25 1.1410164 -0.09631543 0.08176779 0.84781086 0.42964637 0.37954122 -0.6541385 -0.32710236
47 0.08676691 -0.17192145 0.9876175 -0.03582245 0.3176503 1.0239106 0.1372851 -0.3276404
21 0.7964714 0.37977982 -0.5530164 1.5470182 -0.2534174 -0.030529968 -0.24400471 0.79578453
29 0.8964638 -0.04103977 -0.50390434 1.3654416 0.5012185 -0.13834569 -0.7354023 0.35400012
14 1.5831922 0.16527034 0.82562023 0.1993972 -0.036112316 0.9357732 -0.4552142 -0.8742537
33 1.8281263 0.042066235 -0.73655224 1.7349653 -0.14449148 0.18083514 0.0036959248 0.15060146
7 0.08211929 1.0167266 0.026661478 0.89315975 -0.36640656 -0.56447923 0.2860471 1.7534401
9 1.3092127 -0.09228301 1.1963445 0.13747795 -0.41867962 0.9335637 0.3662997 -0.6327054
17 -0.64620775 0.20027597 1.2194586 -0.5703979 0.29475996 0.89988106 0.8806637 0.51670676
3 0.58233035 0.6406948 -0.49026456 1.6340827 0.0468336 -0.8187421 -0.4748594 1.2036049
0 0.38309395 0.78951705 -0.29086387 1.305293 -0.18240435 -0.729668 0.08695948 1.5438983
11 1.4121907 -0.12521578 0.8466289 0.10683884 -0.12598555 1.3799922 -0.11129094 -0.91036844
32 2.2498097 0.23732413 -0.7785432 1.8892465 -0.6272331 0.15387315 0.374099 0.3109509
10 -0.03508141 0.55950314 0.3820386 0.61315835 -0.80174565 0.5228534 1.7782365 1.2344567
30 0.63509136 0.8372626 0.05261328 1.4743522 -0.6753549 -0.80387974 0.14061345 1.3420986
37 1.2251534 0.6201297 0.04858568 1.4511068 -1.3798069 -0.37643126 1.097443 1.6103312
22 2.0438955 -0.041046556 0.34356755 0.9938085 -1.1238028 0.6440375 0.9431937 0.17679986
5 0.84453547 0.2234107 1.0201604 -0.033639368 -0.7323721 1.337098 1.8097647 0.004974895
