50 8
6 -0.22581893 0.33389017 0.102078296 0.9926841 -0.02572156 -0.7577408 -0.23284522 -0.676954
40 -0.34040335 0.3352437 0.16095416 0.6537171 0.41749853 -0.17592926 -0.19052505 -0.7817775
29 -0.027024124 0.7055565 0.2833669 0.43366268 -0.10572749 -0.4305384 -0.1565 0.17397988
39 -0.6128635 0.6417085 -0.0668809 0.545559 -0.39163825 -0.31786364 -0.45013866 -0.9999771
23 -0.121141724 0.27484825 0.29600343 0.65086776 0.4286233 0.026565442 -0.17544247 -0.6883683
26 -0.2691584 0.020343427 0.33789873 0.90481144 0.37243968 -0.59454894 -0.23745058 -1.067288
43 -0.2433017 0.8925655 0.08962208 0.48678717 -0.47687846 -0.43553984 -0.041953906 -0.6909144
31 -0.26904318 0.47363794 0.15023266 0.7416375 -0.1519319 -0.82888985 -0.34016237 -0.8069919
28 -0.16071568 0.8966083 0.1529395 0.46998382 -0.59519976 -0.5516291 -0.06931153 -0.44459695
1 -0.23984659 1.0569606 -0.15777613 0.40976095 -0.26941377 -0.08524642 -0.023112155 -0.76657355
34 -0.19714352 1.0878768 0.32454842 -0.029451761 -0.63070285 -0.42684063 -0.056435846 -0.30222934
19 0.015883751 -0.14831801 0.39432335 0.9124305 1.0788146 0.7202227 -0.4404625 0.43080744
12 0.079667784 -0.06902975 0.48998144 0.90717465 0.9787209 0.5711076 -0.22206528 0.8898214
16 -0.31454143 1.1914904 0.0811048 0.08872107 -0.5953497 -0.4339643 -0.050853107 -0.72009814
45 -0.33090577 1.0646104 -0.036143027 0.2666116 -0.41321003 -0.15323326 0.020781053 -0.95638925
24 -0.1302151 0.02281106 0.1531117 0.90701157 0.9810182 0.2521878 -0.340321 -0.28210598
7 0.13019352 -0.07087955 0.5138777 0.8788458 1.0203028 0.7629812 -0.20672156 0.9137705
30 -0.4882152 -0.070758596 0.40695554 0.69192666 0.5170098 0.13639033 -0.26684818 -0.95820946
42 -0.74836266 0.63982826 0.11236494 0.35967022 -0.3551871 -0.27828333 -0.16315007 -1.4175245
44 0.17696224 0.8627569 -0.014011421 0.78250086 -0.44390756 -1.1859559 -0.37349635 -0.48806134
18 -0.27192894 -0.20606546 0.4394755 0.8295276 0.9591322 0.7108865 -0.23711523 0.078410946
17 -0.92024076 0.55604875 -0.040150814 0.42659825 -0.33652946 -0.029042501 -0.37648508 -1.4849899
27 -0.45365974 0.7852481 0.30174357 0.29175937 -0.71243215 -0.38548148 -0.063951395 -0.564424
38 -0.0735087 1.1497748 -0.013968293 0.28308353 -0.58327425 -0.605636 -0.20095089 -0.5411053
36 -0.3973492 1.0197042 -0.040746085 0.38746792 -0.5416399 -0.3444086 -0.031989217 -0.9674745
41 0.35187444 1.2834802 0.52523905 -0.015602737 -0.65024364 -0.75100994 0.1880405 0.33767718
13 0.27970532 0.2738215 0.622135 0.7574083 0.32319465 -0.057103492 0.05121471 1.0095345
48 -0.32258812 1.0607744 -0.028898539 0.21579982 -0.49658075 -0.2638 -0.26169288 -0.7261729
15 -0.5621792 -0.18113296 0.6367572 0.28971073 0.94248635 0.6029834 -0.5020928 -0.18110533
4 -0.14757307 1.3925987 0.50780314 -0.30780038 -0.9210595 -0.5619404 0.1754737 -0.2863447
20 0.25049093 0.848267 0.67286325 0.2506941 -0.48827773 -1.1125706 -0.04086648 0.52619666
49 -0.81249917 0.6499814 1.0532123 -0.64788526 -0.5411732 0.47687522 0.2548562 -0.5790715
21 0.027166862 0.45140004 0.8179702 -0.028226845 0.6213263 0.7786423 -0.32670167 1.7523994
47 -0.64832264 0.71979827 0.11110929 0.26491112 -0.36414608 -0.27233925 -0.23018177 -1.2657455
8 0.030394047 0.22290856 0.24263875 1.0988675 0.23756212 -0.73576283 -0.08589904 -0.25094762
25 -0.100674294 1.0759462 0.71649235 -0.43206972 -0.6508995 -0.3757962 -0.20599167 0.23590305
35 -0.08984627 0.06591421 1.2777163 -0.1136933 0.78704864 0.9614608 -0.11011054 1.4446825
2 -0.46945658 -0.4970646 0.92674357 0.5958043 1.2072612 1.1026324 -0.08980982 0.41037953
3 -0.26388204 -0.00991694 1.2608002 -0.21386354 0.9732265 1.0201517 -0.19815852 0.95119417
10 0.32669646 0.22481458 0.75539917 0.44310594 0.7999615 0.8756323 -0.05365267 1.2622305
22 -0.11985903 -0.24377318 1.3522304 0.15713647 1.2256029 1.2881911 -0.070295006 1.5925151
14 0.20423593 1.3739147 0.46644425 -0.552839 -0.21184963 0.82828504 -0.2641978 2.1285238
33 0.12676598 -0.06841197 1.4545466 -0.0636308 1.140457 0.90733325 -0.08792277 1.8757067
37 0.09948252 0.01453258 1.3890954 -0.02848498 0.91640246 1.0443331 -0.10724121 1.7890071
0 -0.29773358 -0.43192917 0.8471538 0.49637607 1.4923795 1.3315564 -0.48078418 0.869008
9 0.039673533 1.0895978 0.81541 -0.37689483 -0.2871755 0.3736161 0.0759992 2.1608827
32 -0.11489712 -0.11304898 1.3392167 0.09187539 0.9861863 1.143381 -0.09729736 1.6897157
11 0.006132751 1.3945944 0.42354456 -0.718961 -0.54506457 1.1226218 -0.611918 2.1304462
46 -0.7776098 0.32816255 0.109621085 0.6787993 -0.18261537 0.18428577 -0.0759394 -1.392975
5 -0.11910573 0.26830742 1.1336954 -0.19487488 0.48892623 1.8888363 -0.041744426 1.8494753
