50 8
39 -0.6137008 0.28417444 -0.12451636 0.5140734 0.1476603 -0.5685879 -0.3428766 0.42617702
23 -0.5533088 0.3105405 0.9453809 0.12458715 -0.34433898 0.18311107 0.40970755 -0.34756702
38 -0.41585225 0.5056179 0.57431924 0.32745025 -0.79994035 -0.26877514 0.11772657 -0.6130282
17 -0.7614291 -0.10472198 1.0916876 -0.15715328 -0.3722497 -0.31855217 0.02840783 -0.7744875
34 -0.4207281 0.8815002 0.21229768 0.48020566 -1.062056 -0.18141593 -0.15381466 -0.5283799
43 -0.59685457 0.5607582 0.4045987 0.39966112 -1.1754539 -0.1071863 0.27359208 -0.34826946
45 -0.5680588 0.27174973 0.3184371 0.44497982 -0.2774626 -0.8278602 -0.62761176 -1.0748476
40 -0.24627614 0.7106562 -0.30534625 0.60548306 0.9116161 -0.3354849 -0.17671347 1.1801792
42 -0.5770612 0.46277925 -0.043416463 0.45045972 -0.46822295 -1.0305262 -0.8248318 -0.99031216
20 -0.37369063 0.6357808 1.0247597 -0.029314566 -0.80193084 0.021932585 0.00065900665 -0.82535934
28 -0.7207496 -0.26708785 1.0101805 0.061553605 -0.35819283 -0.6755061 -0.29381248 -1.1509573
10 -0.7443673 -0.23088041 1.000118 -0.11424879 0.5917506 -0.36580732 -0.1449003 -0.51035106
24 -1.0271633 -0.4402269 0.5987279 0.02024136 0.76891595 -0.61861974 -0.08735867 -0.28558853
16 -0.40645635 0.72935605 0.36299092 0.1419626 -0.88946646 -0.5600832 -0.22735706 -0.8441936
27 -0.6581131 0.33436313 0.3382809 0.37916586 -0.5446597 -0.6471876 -0.50805634 -1.2056843
49 -0.4837832 0.41978213 1.0436455 0.20015275 -0.948597 0.19637331 0.14980216 -0.6862956
15 -0.9384838 -0.67861676 0.8612134 0.13676934 0.9696805 -0.52755105 0.12881401 -0.16614752
19 -0.82450306 -0.10579469 0.8462645 -0.10092853 0.84721625 0.07438023 0.24990152 0.3911717
31 -0.39682832 -0.10073862 0.06920493 0.647311 0.81890255 -1.3269521 -0.7998473 -0.37448522
1 -0.3621995 0.7010013 0.6698153 0.22988547 -0.943692 -0.15881817 0.089875 -0.7140234
46 -0.5865494 0.5295179 0.5414203 0.21241756 -1.4540168 -0.28527036 0.22968753 -0.5109263
4 -0.42681792 1.1132275 0.5118436 -0.24456105 -1.1283861 0.22601861 0.8472174 0.33139506
22 -0.3196187 0.34842256 0.6594366 0.16290024 1.2115601 0.20185126 0.6504023 1.173853
48 -0.0047807805 0.8355178 -0.0594914 0.9096995 -0.9798944 -0.8697225 -0.64121914 -0.5937485
18 -0.4703153 -0.05728858 -0.059127003 0.5869621 1.63361 -0.94404054 -0.7288277 0.67493886
6 -0.5191872 -0.07424614 0.25508273 0.5784313 0.027884744 -1.3333682 -1.0179795 -1.160073
35 0.012118636 1.047982 0.44049177 0.2756122 0.23151778 0.56793743 0.82399416 1.7530564
36 -0.62716335 0.4854994 0.6926059 0.23191443 -1.2867843 -0.040116176 0.39909962 -0.6003167
14 -0.5404282 1.2168342 1.0511898 -0.43202862 -0.8082124 1.1588279 1.1464865 0.40794754
25 -0.2520801 1.2851976 -0.21911477 0.39875448 -1.0288917 0.013210623 0.29100218 0.94813836
5 -0.7077223 0.21415673 1.3666378 -0.31764713 -0.3766346 0.4198417 0.5141693 -0.35781556
9 -0.9339066 0.57665825 0.6886185 -0.16891126 -0.91939056 0.58019066 0.8720124 0.26319134
30 -0.443505 -0.0025516467 -0.077986024 0.6639486 1.3503264 -0.865799 -0.60087055 0.611931
3 -0.36386842 0.4485976 0.47278383 0.06361166 1.7553875 0.019157248 0.05628937 1.0075358
13 -0.16826421 0.38116282 0.4662511 0.47617874 0.8414484 0.22458342 0.7626392 1.6539575
33 -0.18387488 0.5924403 1.02155 -0.053266417 0.57138014 0.68008804 1.1339184 1.5439309
29 -0.3813144 0.20774928 -0.6391472 1.1309055 -0.060437698 -1.3428094 -0.7214942 0.18679723
26 -0.30093524 -0.15052152 0.18066154 0.73952615 0.6558178 -1.3539734 -1.0958257 -0.52025247
2 -0.3816003 0.21937293 0.517724 0.19472037 1.5996549 -0.08427798 0.2504356 1.1659402
0 -0.5403433 -0.45348346 0.671146 0.32592872 1.6454194 -0.6633566 -0.30077782 0.4245032
41 0.01101563 1.5593824 0.21931696 0.1706304 -1.0047159 0.27903593 0.643547 0.68815506
11 -0.44733557 1.059439 0.61871856 0.07952373 -1.5893745 0.47093198 0.7081711 0.16047123
12 -0.4433139 0.1341643 0.8060044 -0.073678955 1.4258503 0.03294941 0.41542667 1.2181339
37 -0.497358 0.06438659 -0.11600008 0.49590802 1.5203123 -0.63340545 -0.016872656 1.4150064
7 -0.5834072 -0.2885786 0.7278594 -0.26849315 0.99349886 -0.9089631 0.040997054 0.28716525
21 -0.28841966 0.24561128 0.8902776 -0.014229971 1.6526843 0.34060204 0.6109728 1.7659577
44 0.12922181 0.51107603 -0.49136725 1.1314439 -0.037182942 -1.4666775 -0.8403003 0.32192698
32 -0.060358256 0.9380733 0.3477079 0.38181302 0.36764497 0.527318 0.9760351 1.8364807
8 0.028716175 0.24290459 -0.29620352 0.80791533 0.6633634 -1.6777838 -0.8977571 0.091707125
47 -0.2067956 1.53291 -0.43824393 0.8263764 -1.2434936 0.0572422 -0.028033363 0.26650205
