50 8
1 -0.6014714 0.40901735 0.6041888 -0.13746966 0.6407292 0.32361636 0.56217456 -0.06618951
40 0.009259339 0.8073639 -0.011699389 1.3639342 0.26856387 -0.06261888 0.12915559 0.36822066
18 0.054335956 0.6306463 0.03693125 1.4774109 0.22362879 -0.45271483 -0.37160745 0.45986983
23 -0.16531646 0.95736676 0.091752894 0.9457739 0.38958547 -0.25172698 0.06810553 0.49655858
26 -0.8170685 0.7511821 0.24943101 0.43715027 0.19391046 -0.47140193 0.6247976 0.6636345
42 -0.75374806 0.40596604 0.61798954 -0.473601 0.72181535 -0.256065 0.3859859 0.33078507
44 -0.104397826 0.13883302 0.3207905 0.131707 0.9165183 -0.09245433 0.15256834 0.2709725
24 -0.4294524 0.75263697 0.09344332 0.9564999 0.17062719 -0.64571166 -0.13054204 0.8915808
41 0.06088678 -0.100914724 0.61265486 0.44058996 0.6482358 0.6204299 0.09364016 -0.5434921
39 0.3060757 0.14092566 0.25655052 0.74482477 0.87930936 0.29692823 -0.18414536 -0.14720188
43 0.009310809 -0.6625277 0.9912851 -0.6038854 0.89133143 0.503756 0.22508039 -0.2684609
10 -0.90075177 0.7651973 0.45881733 0.5096839 -0.38202366 -0.50141346 0.2889499 0.8305648
31 0.14902423 0.6204819 0.05750279 0.88175017 0.6047686 0.3017049 0.19319125 0.24243106
20 -0.3874511 -0.4991869 1.1416477 -0.9130296 0.44513506 0.15521717 0.51868504 0.15286739
28 -0.7465151 0.2803368 0.6119203 -0.67865956 1.029276 0.19829325 0.51055676 0.16373044
0 -0.24278878 0.8590806 0.10231745 1.3554807 -0.026660752 -0.63776857 -0.3030055 0.6947869
36 -0.08965059 -0.6541203 1.1128547 -0.5607687 0.70136374 0.74621767 0.21824685 -0.42065927
25 1.0725126 -0.8224223 0.7944452 0.5052011 0.60078895 0.5910142 -0.665881 -0.41236016
46 -1.1779995 0.6689515 0.8080985 -0.43740326 0.15351532 -0.26034373 0.40471125 0.37883902
47 -0.09627203 -0.8516398 1.1438146 -0.66434145 0.7279947 0.8977041 0.49382913 -0.458861
8 -0.6989382 1.0119992 -0.088065006 0.576065 0.92324984 -0.16338027 0.36646786 0.45529145
19 -0.17380789 0.97857356 0.13729334 1.0931045 0.13604818 -0.79237723 -0.3331128 0.83998895
22 0.79042953 -0.6817519 0.7008114 1.2369164 -0.67301446 -0.30843467 -0.65223306 0.6213029
13 0.45840406 0.18358937 0.27199647 1.587397 -0.35047376 -0.15445451 -0.46543822 0.52589124
30 0.52874047 0.36873755 0.09142177 1.8054157 -0.04532457 -0.22438174 -0.27377337 0.3563516
16 -0.10373764 -0.63249654 1.1573541 -0.9106871 0.6405255 0.62951535 0.36534557 -0.070632115
17 -0.90125024 0.060457584 0.999927 -0.99572134 0.4963661 -0.109104455 0.5065248 0.4471685
35 1.0521039 -0.27722582 0.36777857 1.8738846 -0.66882604 -0.084733315 -0.45879406 0.58130395
3 0.32042608 0.30964813 0.2609997 1.4032608 -0.26662785 -0.7902413 -0.48599055 0.8142786
45 -0.27270144 -0.17932571 1.1122922 -0.74289864 0.5437641 0.5494927 0.2269037 -0.15172489
15 -0.51562345 0.7888535 0.335163 0.98941743 -0.47732958 -0.42983094 0.06670327 0.8151214
9 0.5563849 -1.0438768 1.3839068 -0.30302 -0.14441678 0.120710865 -0.25181916 -0.042897034
49 -0.4074836 -0.654091 1.2936093 -0.9162284 0.3776426 0.4919688 0.19778511 -0.033412218
27 -0.5617974 -0.24743108 1.0502151 -0.82017565 0.46252453 0.33947605 0.6380708 0.09736328
12 0.590063 0.26996312 0.0392596 1.9567704 0.1025321 -0.45834863 -0.7436048 0.33390883
38 -0.011441845 -0.46437225 1.0998363 -0.6481855 0.4155312 0.91672844 0.520038 -0.11585198
7 0.2499418 0.86157787 -0.09426396 1.8379025 -0.043269098 -0.70886123 -0.47528878 0.8621926
4 -0.22369528 -0.7493931 1.201705 -0.93040884 0.48539937 0.81349176 0.46712872 -0.02283829
32 0.65493 0.08276578 0.33701646 1.9097102 -0.7451698 -0.302628 -0.42581075 0.65396374
21 0.2343985 0.5469996 0.16608176 1.6842358 -0.23990194 -0.6785725 -0.82058716 0.8033712
5 -0.56706077 -0.0026251592 1.1046611 -0.68274873 -0.26780376 -0.18860896 0.2711238 0.72640556
34 0.47270924 -1.0569308 1.2047416 -0.38840297 0.37440264 0.6758426 -0.27652904 -0.13187887
2 0.37086725 0.5586998 0.36384234 1.7679836 -0.77001894 -0.5889208 -0.45432502 0.72064036
33 0.5824123 0.007749216 0.18256527 2.016158 -0.57568014 -0.0041003497 -0.34416446 0.5474183
11 0.09848157 -1.0690173 1.6252866 -0.90239507 -0.16214518 0.6696383 -0.19431484 -0.0312519
29 0.07558664 -0.7918283 1.107747 -0.63402337 0.65882355 0.81365585 0.09110296 -0.20819539
14 0.5697844 -1.1588228 1.5434291 -0.54363483 -0.27645183 0.5584281 -0.43741915 0.05131372
6 -1.0473781 0.70774734 0.6177282 -0.28472292 0.46233264 -0.34258714 0.5475675 0.27838004
37 0.1127912 0.33316183 0.40859166 1.6164334 -0.7112006 -0.9517422 -0.52982247 0.8157148
48 1.1502471 -0.18483797 0.29381678 0.5471007 0.98183817 0.7924828 0.01486707 -0.06388426
