50 8
43 -0.2113108 0.27302712 0.66108185 0.34991932 0.10665011 -0.41257662 -0.042176224 0.10502271
19 -0.61020374 0.22304563 0.43522605 0.4322156 0.3304769 -0.37284613 -0.4237298 -0.32107633
1 -0.011685192 0.66229534 0.41581842 0.36238348 0.22225296 -0.104015276 0.011122917 0.25700486
24 -0.43299615 0.40156475 0.4825269 0.5157682 0.9937468 -0.60408163 -0.18829876 -0.007331822
15 -0.29496807 0.31258595 0.5335526 0.44407505 0.45830423 -0.5832657 -0.05988228 0.19942223
23 -0.1570473 0.49694028 0.5340682 0.40304545 0.59121907 -0.46718234 -0.24697419 0.5186802
30 -0.56926805 0.29630834 0.74469954 0.44647712 1.1626819 -0.5867713 -0.41122994 0.09677656
21 -0.09976052 0.7579249 0.3694349 0.35181528 0.49406937 -0.2311431 0.115797706 0.90035665
13 -0.47681555 0.07488894 0.701779 0.5197464 0.5553406 -0.84461915 0.04814797 -0.039611585
31 -0.5011571 0.15834865 0.72594076 0.4581729 0.8641512 -0.7961697 -0.31103554 -0.070032895
39 -0.44441137 0.21923085 0.74140733 0.43148562 0.94372386 -0.8905469 -0.2781827 0.090003036
18 -0.6404886 0.13978222 0.9269438 0.41832513 1.0635781 -0.7535624 -0.20423402 0.22871523
12 -0.6527645 0.060068663 0.67340404 0.6061763 0.9712205 -0.96849304 -0.1468551 0.28264076
8 -0.61667305 0.073281065 0.36162016 0.35164797 0.14843588 -0.8238393 -0.47138086 -0.50887454
40 -0.6689076 0.3651069 0.58100224 0.4088228 1.0834274 -0.67088246 -0.22304761 0.20091791
42 -0.61966336 0.11860444 0.36362353 0.37612832 0.045600574 -0.76408476 0.013751341 -0.24697347
37 -0.5561898 0.2512502 0.8610295 0.37153473 0.97010267 -0.5149223 -0.3831366 0.20734416
33 0.18210128 0.86346966 0.5435956 0.2403275 0.9405032 -0.6194092 -0.16138984 0.46517453
49 0.1488434 0.7147904 0.1340436 0.019509971 -1.5196315 0.40722707 -0.04045854 -0.5990602
35 0.020772826 0.72325766 0.46582136 0.40326416 0.8831218 -0.6404037 -0.13004099 0.87699395
0 -0.3373036 0.42094973 0.79157335 0.3945195 1.226042 -0.6683803 -0.4507606 0.03476964
7 -0.34602323 0.14238095 0.20580809 0.28158638 -0.15841323 -0.9996523 -0.4346767 -1.0599481
45 -0.45677215 0.12827918 0.2279092 0.4424426 -0.16892466 -0.7125158 -0.1425904 -0.8618525
44 -0.11840569 0.5134399 0.74412394 0.41529465 1.0394889 -0.63921124 -0.29095474 0.59033585
2 -0.64659905 0.27665845 0.58750194 0.642052 1.1183213 -0.53562754 -0.29202825 0.31073704
6 -0.7883219 -0.06855466 0.07174567 0.31272793 -0.66673994 -0.615264 -0.4103445 -1.2372955
32 0.08737252 0.79592264 0.52355254 0.5368635 1.0145031 -0.3633603 -0.080214426 0.9809043
28 0.20453405 0.57301515 0.09247824 0.124862194 -2.0808508 0.42356068 0.22659157 -0.47880772
36 0.01567795 0.8115764 -0.21838702 0.23856696 -1.7602727 0.57502925 0.29033092 -0.030479474
29 -0.08144646 0.7643393 -0.2661352 0.22807191 -1.9030606 0.64756185 0.26176015 -0.107178256
3 -0.33222228 0.50486815 0.63129747 0.58182466 1.1938039 -0.511317 -0.12762827 0.3020232
22 -0.0048482744 0.7211227 0.6448899 0.60847706 1.2407793 -0.28780425 -0.27940166 0.61667067
26 -0.5171631 -0.019017912 0.45607576 0.096969336 -0.42575663 -0.739916 -0.6119414 -0.99318534
17 -0.8323456 -0.18135609 0.2573049 0.2247486 -1.5524384 0.08143107 -0.39054087 -1.1277217
14 -0.05801867 0.90709645 0.012065736 0.35627753 -1.3186694 1.192573 0.21212085 0.7010192
46 0.13267185 1.0159596 -0.2798664 0.15174538 -1.7077628 0.69031674 0.3276762 -0.071821935
4 0.13606915 0.88689435 -0.29534435 0.26545578 -1.9169712 0.605971 0.45640442 -0.06529147
20 -0.38587397 0.24584065 0.09394242 0.118147984 -1.6431452 0.27338505 -0.27757332 -1.4246564
10 0.10367893 0.3843173 0.33565888 0.20727319 -1.0170718 -0.26626134 0.15874386 -1.1002759
5 -0.030811178 0.39815676 0.13951634 0.12594451 -1.9512413 0.30852622 0.14494705 -0.5548302
27 -0.604656 0.27369294 -0.17356108 0.23988862 -2.058087 0.50681806 0.050564785 -0.89670277
16 0.18318658 0.9416792 -0.10934306 6.4582826e-05 -1.9867016 0.63859755 0.35504872 -0.4730863
41 0.40939885 1.2542553 -0.09300625 0.12332593 -1.432313 1.0154084 0.27557006 0.18216899
11 -0.034140237 0.97540027 -0.20039167 0.32126603 -1.8186488 1.3708553 0.02948326 1.003198
25 0.21260685 1.2086508 0.1327651 0.063157886 -1.0989354 1.2418243 -0.062430706 1.3505775
48 -0.027637966 0.65381736 0.29444432 0.5202899 0.5067825 -0.40971416 -0.02719895 0.44217315
34 0.06020163 1.0340537 -0.15864584 0.22315276 -1.8098314 1.3148007 -0.01801703 0.5560044
38 0.1296137 1.060118 -0.40945786 0.09487648 -2.178016 0.8774696 0.11629395 -0.1488889
9 0.02600162 0.8359134 -0.27434424 0.013157786 -2.3841314 0.75437194 0.27005282 -0.41045544
47 0.4887449 1.3961493 0.00694499 0.115353234 -0.8692522 0.9233661 0.29035485 1.2049865
