50 8
23 -0.671472 -0.2947772 0.21272705 0.61693513 0.21707678 -0.50789565 -0.36801672 -0.24853417
24 -0.36489552 -0.7151006 0.56346637 -0.09601669 0.12978338 -0.34326354 0.66277874 -0.06535128
40 -0.19279175 -0.8067647 -0.42644006 -0.2011251 1.2567698 0.18336037 1.0652647 0.062338788
22 -0.9824506 -0.78423244 -0.5224361 -0.31875587 0.78594095 -0.81226844 -0.09634735 0.5041345
16 -0.8727169 -0.2269949 0.012269901 0.69443697 -0.28537855 -0.37641454 -0.35200563 -0.4397225
39 -0.2550556 -0.72402924 -0.04950287 0.27893257 1.2887553 -0.17452845 0.46835014 0.41783607
43 -0.37025315 -0.38430816 0.049595773 0.39609292 -0.1446128 1.1504366 0.6881033 -0.84448254
1 -0.96174157 -0.60415715 -0.77427673 0.23107284 0.47831142 -0.5696593 -0.32241744 0.24624623
34 -0.6922135 -0.34543625 -0.13543032 0.7547614 0.39928547 -0.9051041 -0.7317301 -0.1859243
27 -0.41651577 -0.05400101 0.20906629 0.78667724 -0.07328603 0.34317654 -0.0110419 -1.1452359
41 -0.6225523 -0.3294144 -0.7686412 0.6025337 0.95571125 -0.35111097 -0.20745347 -0.21845606
19 -0.012166937 -0.57686305 1.0268168 -0.07023053 -0.13433988 0.4805255 0.4327841 -1.1395125
18 0.022543369 -1.5360048 0.37044987 -0.6323444 0.022912322 0.27909672 1.104455 0.33761236
28 -0.7556349 -0.06250765 0.68692905 0.7902196 -0.78350616 -0.2586537 -0.42615548 -0.92373115
29 -0.6449637 -0.47100034 -0.0020151294 -0.10423658 0.5615935 -1.0527242 0.7981348 0.06681598
25 -0.7278909 -0.56954944 0.047650274 0.41361654 -0.3466778 -0.7451284 -0.31126338 -0.15001288
20 -0.5149013 -0.038066804 0.36827576 0.87079203 -0.6463831 0.12332534 0.115405925 -1.1515982
49 -0.93104774 -0.21099871 0.08626567 0.75149006 -0.39079234 0.1339446 -1.2142944 -0.81457615
35 -0.8563424 -0.890847 -0.961651 -0.40220028 0.51749873 -0.17420287 0.5675311 0.31038058
21 -0.72691137 -0.5921402 0.09859176 -0.124560386 1.0273807 -0.9758964 0.28379017 0.47819948
44 0.22078496 -1.1565224 0.49734455 -0.19559239 0.07568338 0.15604746 1.1634873 -0.21706828
12 0.10989176 -0.7823888 0.8377103 -0.14836992 0.25674054 0.31323028 1.0975173 -0.5672897
6 0.18034315 -0.68542564 0.9447781 0.010172047 -0.2496059 0.7581362 1.0870497 -1.0864888
11 -1.2109072 -0.1921417 -0.20677383 0.99720824 -0.33717445 -0.63762826 -0.977567 -0.06373325
9 -1.0110165 0.22236143 0.09999746 0.95502406 0.08492654 0.071444266 -0.9151296 -1.0015308
45 -0.1653363 -0.88178235 1.0534673 0.40422308 -0.7121961 -0.051985893 -0.39147708 -0.41815975
26 -0.0013217748 -0.96165174 0.8757354 -0.21225986 -0.2173843 1.3359816 1.113529 -0.5216733
42 0.24981715 -1.404547 0.47033244 -0.09606438 -0.41060716 0.60685515 1.0392935 -0.10429071
15 -0.081295736 -0.74303705 1.2396461 0.18752521 -0.55825675 0.6905542 0.36728054 -0.72875583
0 0.14824373 -1.1858264 1.3234581 -0.59902835 -0.078381635 0.3081225 1.0933216 -0.2663026
36 -0.8817671 0.038298488 -0.40122563 1.1160365 0.29709876 -0.5160576 -0.87462443 -0.63249445
3 -0.030815763 -0.7901426 1.089016 0.1197687 0.53188443 -0.8890027 -0.03888624 -0.021180728
38 -0.5768817 -0.09125411 -0.30019733 0.790974 0.563047 -0.6342179 -0.8627365 -0.9173081
14 -1.0053989 -0.35258007 -0.58848846 0.97333807 -0.20637096 -0.78873116 -0.65646845 0.027957903
4 -0.82368004 0.064815916 -0.37549728 0.98864263 0.06054991 -0.19620535 -1.076975 -1.2021664
37 -0.635402 -1.281593 -0.056311496 -0.4416012 0.26510528 -0.060699496 0.23374832 0.81152165
30 0.19908284 -1.248611 0.104398675 -0.054636274 0.22281492 0.94728225 1.6014266 0.14366378
46 -1.0366626 -0.06933567 -0.70578045 0.91120195 0.4938566 -0.5524208 -0.06528838 0.056634866
31 0.0323771 -0.95554274 -0.028158695 0.11946523 0.20011099 1.2509184 1.4971718 -0.17958264
7 0.2566848 -0.89993453 1.4032234 -0.13616289 -0.536487 0.68661153 1.080217 -0.88473815
2 0.19641715 -1.0648975 1.1954442 0.20917694 0.06310245 -0.6832479 0.10973156 0.011438823
33 -0.31491062 -1.0650097 -0.63958824 -0.090916224 0.81686616 0.80825436 0.85640574 0.34704122
5 -0.7157368 -0.030575082 0.3635131 1.1321061 -0.43756157 0.7160279 -0.7394769 -1.0277343
10 -0.114962704 -0.08294294 0.64485466 1.3989899 -1.0519094 1.1244591 0.27038786 -1.528993
8 0.01595136 -0.9334927 0.4999787 -0.0035405846 -0.6032787 0.8749478 1.023729 -0.69003654
13 0.11676626 -0.9175278 0.55369586 -0.21461077 -0.050897744 1.4469059 1.4287673 -0.74772304
17 -0.40508458 -0.74274087 1.2166957 0.13165246 -0.28078195 0.058074486 -0.12284741 -0.11481061
32 -0.29465315 -0.91585815 -1.215152 0.11825746 1.4314003 1.074402 0.8698174 0.27923682
48 -0.8571695 0.09660822 -0.999324 1.1878093 1.1776267 0.23362358 -0.122196585 -0.23021783
47 -1.1430335 -0.3313491 -1.6060075 0.44263348 1.1989181 0.47217697 -0.8360919 -0.23764189
