50 8
43 -0.47826397 0.49743405 -0.36207634 0.43043718 0.5460612 0.49876878 0.08928735 0.791705
23 0.30191165 -0.14830951 0.30242005 0.84384197 0.77647 0.0377379 -1.0345241 -0.16736424
40 0.072555065 0.41647786 -0.3522838 0.5268611 0.6326172 0.5335145 -0.092579976 0.46891165
1 0.5163202 -0.2549932 0.7769379 0.21723889 0.1672299 1.018678 -0.11584016 -0.43047127
39 0.39380702 0.11395235 -0.15187794 0.88485837 1.021056 0.091748685 -0.82084966 -0.023793021
2 0.47233075 -0.79111725 1.3701123 0.6110603 0.2692359 -0.096393675 -0.37378287 -0.1484926
44 -0.16308257 -0.016766055 -0.21809733 0.6049152 1.0412714 0.45487466 -0.9984317 0.01810801
8 -0.28212774 0.34201196 -0.54104686 0.7710483 0.7816565 0.5618575 -0.7029361 0.21526058
25 0.41832188 0.30018398 -0.00145143 0.17189027 0.5497293 1.4287145 -0.28103617 -0.553418
19 -0.1357245 0.21201354 0.14670748 0.9563342 0.5657118 -0.60345864 -0.54434276 0.9805966
29 0.02972752 0.51813704 0.2743244 -0.03359543 0.590234 1.2254331 0.27603844 -0.4952149
42 -0.5371443 0.7545126 0.07873976 -0.19117485 0.70446444 0.7594086 0.12947293 0.55027
26 -0.6758694 0.44137138 -0.36737707 0.59343296 0.62992406 0.21247834 -0.24655043 0.95749557
41 0.65534705 0.21197128 0.53002423 0.13887757 0.39774632 1.208732 0.433377 -0.7023756
20 -0.61272496 0.6291807 0.19394943 -0.010559801 0.07621589 1.1469135 0.72493607 0.3353936
49 -0.28821144 -0.2533554 1.0160149 -0.025154203 -0.27049544 0.99466443 0.98521316 0.2740424
36 0.08660134 0.39931163 0.535196 -0.11760315 0.33692148 1.3100505 0.75953424 -0.39709914
27 -0.25703993 0.29014283 0.76896095 -0.27956477 0.081374206 1.1179527 0.8842442 0.20389469
17 -0.043085855 0.060365826 0.81441545 -0.17115961 -0.14910258 0.7467908 0.83311117 0.8334887
45 -0.44761053 0.56318486 0.44158474 -0.15826207 0.36668977 1.1746182 0.31799966 -0.16468282
30 0.23679714 0.003589093 0.3567091 1.3814833 0.5240701 -0.5811949 -0.7928534 0.06048059
28 -0.740107 0.72574097 -0.32286987 0.12288396 0.14150518 1.0247421 0.34014872 0.9622285
38 0.34043974 0.33793953 0.32561895 0.2654526 0.4698501 1.1911948 0.25966534 -0.80976266
14 0.79738736 -0.26888132 1.3359257 -0.04371441 -0.30378583 1.0717783 0.56431633 -0.23056754
4 0.3945107 0.08234783 0.94216746 -0.34392557 -0.059392158 1.3890818 0.68844676 -0.080777645
31 -0.57040673 0.71535873 -0.710944 0.75791085 0.7345707 0.20536192 -0.3086407 0.9497648
18 -0.05394128 0.032423 0.09111348 1.3975587 0.8131183 -0.78068554 -1.0328125 0.39940435
16 0.43557787 -0.27250296 0.80811864 -0.2596752 0.20016731 1.5250007 0.1632984 -0.3820985
34 0.32617912 -0.27241835 1.023415 -0.46411517 0.06074573 1.5823826 0.6130489 -0.2371741
33 0.75957054 -0.83277464 1.1727527 1.2419491 -0.11079732 -0.29441038 -0.21764323 -0.12735325
24 -0.11252497 -0.0054859137 0.29642406 1.1010796 0.5782684 -0.88831234 -0.9974574 1.1102867
3 1.0606201 -0.29582882 0.6878669 1.3743724 0.59591407 -0.8374061 -1.116737 -0.0015386761
13 -0.0748956 0.5346596 -0.3103162 1.209993 0.733801 -0.38971752 -0.6636089 0.5275687
9 0.19546987 -0.4163012 1.8193585 0.039526496 -0.5513175 0.65041125 0.6256719 -0.110877514
0 -0.2290459 -0.22873549 0.22281775 1.2954769 0.59009516 -0.9536302 -0.8681327 1.0633807
12 -0.42660853 0.70169157 -0.33106536 0.9380791 1.1067244 -0.594577 -0.7583258 0.79228467
48 0.24778306 0.51671416 0.58910656 -0.060878888 0.49449328 1.1114618 0.51728237 -0.55660135
46 -0.90692025 0.43226376 1.0060536 -0.40061548 -0.06759307 0.8842984 0.7548498 0.45404553
11 0.43424493 -0.22027557 1.533768 -0.19297169 -0.51721114 1.2862595 0.5782766 -0.3495216
32 0.38354632 -0.32471222 0.69117266 1.1651471 0.62947553 -0.92015517 -0.6961837 0.5229697
6 -0.53454494 0.8491422 -0.25082383 0.36187962 0.58671397 1.0616857 0.17270789 -0.28609595
10 -1.0201732 0.96984255 -0.5596201 0.6999578 -0.17222132 0.47184965 0.62477386 1.3597901
21 0.38596418 -0.68401337 0.6915078 1.5600278 0.30923456 -0.76925373 -1.0623738 0.22288823
7 -0.7501433 1.0157274 -0.38311455 0.98623 0.2664871 -0.55704296 0.49368137 1.6496919
37 1.2030611 -0.99956274 1.4486458 1.0101892 0.17504443 -0.63695717 -0.47685966 0.09747122
15 -0.7516845 0.8493766 0.27377528 0.56779575 -0.2435493 -0.22723618 0.5253384 1.5319519
35 1.3072467 -0.57772213 1.239343 1.4125242 0.33369315 -1.1076969 -0.6741324 0.11935787
5 -0.6283874 0.48553026 0.7205573 -0.0012197491 -0.826827 0.7647143 1.6568794 1.3430424
47 0.30914032 -0.5908794 1.5220464 -0.1908096 -0.7231532 0.82233924 1.3137565 0.8194304
22 0.9827022 -0.6347543 0.9291688 1.3110181 0.6105373 -0.8541238 -1.1082 0.10949476
