50 8
14 0.7742148 0.39342463 0.59392774 -0.15350905 0.3522307 -0.34144837 -1.1256326 -0.020934684
27 -0.5007421 0.030856444 0.9274671 -1.2834389 0.48898447 0.6236296 0.37989342 0.21239814
39 -0.5778247 0.2895272 0.69366944 -0.42155936 -0.017524041 0.6729258 0.8607869 0.7241799
28 -0.5139624 -0.07724098 0.9508817 -0.8146669 0.13678864 0.8180854 0.598084 0.23065282
46 -0.9138945 0.2552966 0.8547237 -0.8154949 0.19382565 0.7056509 0.6737336 0.44291347
1 -0.0046219095 0.17077853 0.49580553 0.19911364 0.5670359 0.5306344 -0.33287853 -0.26378256
41 -0.21694861 -0.36069462 0.95412606 -1.0286499 0.46476805 0.6600784 0.27961895 0.0054835803
31 -0.6959164 0.39225888 0.49948546 -0.3231901 0.20024158 0.5685198 0.61500007 0.73868173
13 0.5306034 0.23742957 0.08994314 1.5775911 0.3749326 -0.28798243 -0.41786006 0.3898499
17 -0.3212525 -0.35586682 0.9053431 -1.1640445 0.65352577 0.5367122 0.25754115 0.044632655
18 -0.08622339 0.13960108 0.13927285 1.6100736 0.09152131 -0.027505 0.14904284 0.60443634
38 -0.50280344 -0.27479982 1.0961016 -0.9597054 0.22348347 0.91163373 0.59370303 -0.0057580657
6 -0.7502887 -0.015149797 0.5341064 0.20163481 -0.054405693 0.78234214 0.9142248 0.75384074
43 -0.6223344 -0.12738971 0.9518969 -0.7939777 0.3198191 0.6970472 1.0362844 0.23977871
45 -0.83149654 0.34124932 0.837121 -0.88316095 0.22925462 0.7990158 0.9435276 0.50891864
25 0.8314259 0.10394181 0.45281085 0.60158217 0.24413922 -0.36306927 -0.6328006 0.17507455
36 -0.5836276 -0.16581845 0.989626 -1.1207811 0.37343824 0.6998911 0.43842697 0.1637297
20 -0.0980066 -0.6932304 1.0034806 -0.8647397 0.2336993 0.32497716 -0.018169707 0.1031782
10 0.5097721 0.48410037 0.40249348 1.0400668 -0.07811041 -0.29155213 -0.4996065 0.3845755
21 0.89917505 -0.11323105 0.44414616 1.1200745 0.022103345 -0.47622958 -1.4152169 0.1947926
7 0.70956373 0.36701307 0.034164906 1.7605414 0.29423183 -0.5316999 -0.43313608 0.600696
44 -0.80666393 -0.06819692 0.6733082 0.137727 0.012202657 0.7307101 1.1465229 0.6067082
29 0.43227744 0.5860006 0.420405 0.19978154 0.65270203 -0.45706475 -0.70491904 0.006051216
26 -0.43020874 -0.29112273 0.4159376 0.2445686 0.34271985 0.44104362 0.8015631 0.62092996
40 -0.73991203 0.24640696 0.37000468 0.2515221 -0.06678547 0.694396 1.0313232 1.0055754
49 -0.2996604 -0.03288555 1.006902 -1.3688079 0.56571203 0.6205846 0.04810317 -0.09205818
37 0.9199474 -0.08176661 0.22340022 1.5353371 0.38942677 -0.588402 -0.8859624 0.21224938
42 -1.0808951 0.17230569 0.54845536 -0.446303 0.3382576 0.56440496 1.1036625 0.88353974
35 0.3246078 0.51971287 0.036837272 1.7975521 0.27721295 -0.4009525 -0.07570342 0.581215
34 0.015361285 -0.5586732 1.1960298 -1.4994661 0.2322916 0.5546182 0.04570081 0.04712693
12 0.7426616 0.29056007 0.20486076 1.3304347 0.3616402 -0.64112866 -1.186185 0.28507587
0 1.0818701 -0.026718348 0.1892406 1.7251605 0.30062565 -0.49116448 -1.2260073 0.20912606
19 0.8297136 0.22160548 0.10845069 1.7393028 0.4257793 -0.6167299 -1.2703807 0.2147755
15 0.90398806 0.2998565 0.2397321 1.492548 0.23287773 -0.52885115 -1.2168767 0.18752193
22 0.838878 0.07867788 0.1651324 1.6067166 0.2744786 -0.5801738 -0.87393886 0.4233085
48 -0.6624269 -0.06670884 0.8110548 -0.51419693 0.06542286 0.8238952 1.1904098 0.6058021
33 0.7989817 0.20793386 0.12605983 1.6367608 0.41706285 -0.3953666 -0.7421225 0.23386216
4 0.22258252 -0.4037435 1.1861264 -0.9206556 0.18618366 0.3998609 -0.19516446 -0.3657429
5 0.6740253 0.23003915 0.8706534 -1.1112155 0.55691004 -0.1338728 -0.70550984 -0.13949575
47 -0.6365921 -0.27196497 0.9409891 -1.0195574 0.5963945 0.8539284 0.9146879 0.07401342
3 0.65447414 0.6104247 0.104729414 1.3953353 0.41469434 -0.68923837 -1.0967383 0.40673593
24 0.6496043 0.14396238 0.072224006 1.6079592 0.3128321 -0.45634258 -1.0512987 0.4398599
30 -0.6157164 0.25803804 0.26464272 1.3598127 -0.10476698 0.41142616 1.0276998 0.8256317
9 0.8435037 -0.27525058 1.1511774 -0.77941954 0.14727554 -0.18304653 -0.672493 -0.29658845
23 0.2978506 0.5056796 0.008557609 1.3521526 0.7138016 -0.25164902 -0.5786328 0.2158968
11 0.4585437 -0.428441 1.1764566 -1.6016532 0.45060465 0.17455307 -0.86721617 -0.2756437
32 0.95216256 0.3279179 0.1483063 1.474863 0.51815873 -0.622033 -0.6338212 0.2426615
8 -1.0244527 0.030552125 0.2772257 1.090424 -0.04094866 0.76008075 1.4599801 0.94281316
2 0.84490836 0.66304594 0.17622668 1.5226195 0.24590257 -0.5932585 -0.9174492 0.30028558
16 0.3211853 -0.55599046 1.0409873 -1.3433715 0.62304056 0.39570355 -0.15973815 -0.17884813
