50 8
16 0.100352444 -0.4619593 0.7280042 -0.42769006 0.9414085 0.62473637 0.21492478 0.0857814
18 0.20383689 0.008847304 0.39903882 0.6336546 0.75044125 -0.97382146 -0.8233437 0.49395898
1 -0.53175557 -0.11949159 1.1322275 -0.51586294 0.8287138 0.3634186 0.043638814 -0.098873846
46 -0.19321875 -0.051034994 0.9967482 -0.36390087 0.94388527 0.1735341 -0.26682535 -0.13112864
19 -0.3626209 0.6295252 1.210236 0.027653273 0.22338507 -0.36074615 -1.072438 0.3954187
28 -0.8184297 -0.055389773 0.54169804 0.0758653 0.21115762 1.1397914 0.7469962 0.2760606
43 -0.68315655 -0.09108689 0.27966365 0.026566291 0.58049965 1.0721631 0.9536606 0.393477
24 0.35253075 0.21473761 1.2022301 0.18798682 0.42656302 -0.06590368 -1.2081938 -0.32548472
20 -0.6716119 -0.19735833 0.33902982 0.3867167 0.11456543 1.2395357 0.7373692 0.11977419
49 -0.84137636 -0.17661348 1.28703 -0.19693989 0.015934164 1.0431074 0.055159427 -0.32983705
29 -0.23906012 -0.2905653 -0.2087967 -0.011267678 1.4482048 -0.022075953 0.6974805 0.87956077
17 -0.6809381 0.20763151 0.9761789 -0.3186277 0.55834126 0.7578364 0.27385727 0.0023697724
42 -0.4160657 -0.08860042 0.67482275 -0.39371014 1.007716 0.4163624 0.45530543 0.30993
15 -0.27769214 0.5057665 1.3385981 -0.19319892 0.4333279 -0.2858471 -0.8845674 0.17830443
25 0.53173476 -0.4788056 0.2167874 1.2879859 -0.24058002 0.2636771 -0.61321336 0.032746967
36 -0.7346015 -0.30209205 0.084343836 0.36393005 0.38060594 1.0621686 1.0150558 0.3682058
27 -0.5682359 0.15171644 0.0049314015 0.16998231 0.685803 0.86931324 0.8777461 0.7201184
6 -0.5901869 0.0993379 -0.035470076 0.06995262 1.1324018 -0.36325005 0.509279 1.1587386
23 0.5326026 -0.11375079 0.973173 0.5382027 0.31108743 -0.21665297 -1.2249789 -0.29032153
45 -0.22217332 -0.05486162 0.98072135 -0.4932796 1.0522655 0.24696194 0.29100212 0.07527765
0 0.14214048 0.359447 0.90102065 0.72016513 -0.020293357 -0.36447823 -1.2237537 0.12372484
11 -0.31418073 -0.43273258 0.81260526 0.025934558 0.18509094 1.6100643 0.15614124 -0.61373705
10 -0.7199708 0.47633827 0.37901294 0.72062975 -0.22597711 -0.23245914 -0.32395884 1.0492022
4 -0.49562407 0.03148313 0.62086225 0.67947626 -0.39886224 1.4637576 0.3845559 -0.21342099
40 -0.24508318 -0.059549756 -0.43097016 0.683362 0.4848048 -0.049468737 0.90493506 1.5952418
44 0.33298135 -0.19519502 -0.05359625 0.21324427 1.563559 -0.7420642 -0.25445902 0.582912
5 -0.78284603 -0.14619151 1.2758496 -0.3037678 -0.013849963 1.225111 0.14104147 -0.21031258
13 0.565637 -0.028860558 -0.48753595 1.799698 -0.19010887 -0.01316606 -0.4916014 0.6836495
38 -0.137323 -0.4422391 -0.29245114 1.115803 0.09939661 1.1801819 1.1091102 0.17836791
12 -0.16013065 0.36721823 0.37637746 0.26882893 0.63814795 -0.5815124 -0.38802117 0.98854333
34 -0.35909027 -0.62877405 0.3223698 0.29334664 0.21566042 1.4507531 0.8708329 0.018545724
14 0.24673663 -0.07041458 0.21242023 1.6227142 -0.89528054 1.34885 -0.05481979 -0.23171383
9 -0.12634395 -0.22175038 0.3577381 1.1334027 -0.76933604 1.2580078 0.46586236 0.1894205
3 0.73607963 -0.020707535 0.52962476 1.1889955 0.08638368 -0.97930497 -1.3857666 0.42872337
33 0.7062937 -0.17357998 0.64975053 1.3741344 -0.4163479 -0.42290813 -1.6291353 0.017670289
26 -0.14444488 -0.23391029 -0.25584462 0.359307 1.1224802 -0.4439318 0.70380896 1.1939061
2 0.5240037 -0.032215178 0.7780878 1.099557 -0.30880073 -0.37444237 -1.4806095 0.08477366
21 0.4127165 -0.3340751 0.47752878 1.334648 -0.43781012 -0.46818343 -1.4704286 0.25880745
8 -0.11386614 -0.26788402 -0.60381824 0.6497828 1.0276484 -0.09974528 0.85958207 1.218468
22 0.8773467 -0.44027933 0.5184361 1.0629995 0.15387373 -0.6705368 -1.5491191 0.15935424
31 -0.11732043 0.016766423 -0.94183195 0.9738238 0.7930781 0.029743101 1.1177789 1.6051116
35 0.72262275 -0.33925748 0.41216052 1.6279552 -0.7979366 0.33230793 -1.046047 -0.05295572
30 0.6691385 -0.2030253 -0.65952814 1.4554465 0.71298945 -0.7281528 -0.1605241 0.9889401
32 1.0907446 -0.57491744 0.32309622 1.416234 -0.044778 -0.46569803 -1.320246 0.013757181
7 0.15073998 0.40433586 -0.18593384 1.056732 0.5824836 -1.1747459 -0.24795547 1.4416137
39 0.25528947 -0.12189856 -0.64601797 0.7621652 1.3048873 0.042841237 0.99578977 0.76810825
37 0.93582416 -0.5521445 0.7334547 1.0774564 -0.01757581 -0.65830725 -1.4258735 -0.032155547
41 -0.08696095 -0.80218214 -0.21312782 1.2248964 -0.26798096 1.3151423 0.6148107 0.0028030893
47 -0.99933374 0.00720549 1.0085535 -0.43651274 0.47412398 1.4450275 0.7487829 -0.22227009
48 0.005488354 0.22061568 1.7621844 -0.7739192 0.95265967 -0.1561264 -1.1334717 -0.41492325
