50 8
1 -0.43698087 0.4704904 0.21385258 0.4289193 -0.4564864 -0.31162137 0.30862525 -0.6209809
23 -0.43545258 -0.009700815 0.20289046 0.4801519 0.28314367 -0.46081167 -0.14197367 0.4717538
36 -0.3002902 0.8199084 0.48823383 0.16524887 -0.59292907 -0.40927383 0.49421942 -1.3577299
20 -0.25070608 0.521776 0.50271565 0.32576746 -0.6123863 -0.33632606 0.23619545 -0.8043059
42 -0.8989784 0.08411193 0.16795217 0.4041655 -0.24315706 -1.1216623 -0.06900602 -1.04024
17 -0.34309232 0.39083034 0.5056677 0.32871312 -0.6294267 -0.6100037 0.053595923 -0.9370931
49 -0.64216363 0.55374986 0.49572316 0.24352781 -0.63163394 -0.13961388 0.3302239 -0.9873532
6 -0.93774796 0.22825073 0.14351858 0.49535784 -0.51953346 -0.60751885 0.28134257 -1.0237949
31 -0.70975906 0.14015472 0.13245793 0.5950578 -0.3637691 -0.84003335 0.30927357 -0.86211586
45 -0.6907481 0.33730075 0.1054575 0.46266568 -0.40876073 -0.89273876 0.19452317 -1.1153947
9 0.46087036 1.2551725 0.17489135 0.13251433 -0.599778 0.46885785 0.13268678 0.70075566
46 -0.43529466 0.4230462 0.25365072 0.4158943 -0.80780303 -0.823023 0.13770482 -0.951097
16 0.03127757 0.8471246 0.552122 0.1486447 -0.53430825 -0.3347419 0.4106259 -0.9463133
27 -0.6645513 0.6056794 0.4382782 0.26815987 -0.6871608 -0.28794467 0.19879648 -1.3558239
28 -0.7264183 0.40015474 0.3281829 0.28722534 -0.6784945 -0.80081654 0.31821752 -1.1860688
15 -0.37721723 -0.015010578 0.26994708 0.42020398 0.5547373 -0.48075432 -0.31038004 0.71882474
41 -0.5479764 0.593856 0.3962138 0.34141353 -0.92986745 -0.4261373 0.27554324 -1.2130023
38 -0.251147 1.0262122 0.37034407 0.163596 -1.0240539 -0.15721582 0.2721303 -1.1461585
40 -0.9472244 0.074274346 0.31386113 0.30101454 0.06936922 -0.7571312 0.3065091 -0.78192574
19 0.17704833 0.5110194 0.711526 0.19607322 0.9988764 0.72649974 -0.4230576 1.6762488
14 0.62109494 1.1194545 0.53449184 0.13347422 0.39913294 0.8400873 0.13864265 1.150825
43 -0.7719445 0.38370577 0.23832525 0.35585254 -0.79285675 -1.0161695 0.5392732 -1.3798815
18 -0.73041236 -0.36629564 0.2602131 0.5510843 1.0481993 -0.28794572 -0.23604997 1.1352594
34 -0.45717862 0.8085102 0.2935048 0.22854947 -0.5007954 -0.048243314 0.28403986 -0.8845017
44 -0.70377845 -0.1672518 0.040331025 0.6657373 0.0665303 -1.0683146 -0.10245401 -0.31076363
26 -1.0019122 -0.22140989 0.27121994 0.36823007 -0.12981401 -1.1420648 -0.3454954 -0.6525822
25 0.018496767 0.77238417 0.41010964 0.09202043 -0.3254598 0.46170378 -0.44397628 0.93383235
4 0.10501808 1.017725 0.62115943 0.15311417 -1.0699626 0.06322327 0.36382794 -0.9250932
11 0.2866504 1.0144876 0.41000462 0.22878094 -0.8187096 0.3472971 0.07691364 0.04472039
30 -0.18452924 -0.04654429 0.19050717 0.5908653 1.3422735 -0.22898023 -0.004595808 1.3512474
29 -0.104070716 0.49540135 0.19557203 0.4172326 -0.009434385 0.3344743 -0.04519079 0.95680976
24 -0.08882896 0.30660123 0.33989558 0.37244248 0.9714423 0.33743945 -0.4881975 1.7803986
8 -1.1339808 -0.38488322 0.1392845 0.48836035 0.4691397 -1.030301 -0.3521937 -0.22359449
5 0.42559248 0.9938965 0.27362046 0.30151755 -0.28608748 0.49590436 0.0070912284 0.9415979
13 0.04093484 0.2669174 0.27744314 0.5925039 0.877603 0.48428386 -0.21372008 2.0360823
48 -0.13945137 0.72744435 0.25686848 0.43866366 -0.80715317 -0.60963255 0.3658298 -1.1090674
22 0.4695867 0.6413223 0.485847 0.45212713 1.098622 0.65824383 -0.34484658 1.9302944
37 0.29362422 0.5000641 0.5156599 0.3398661 1.0184298 0.5996138 -0.33029705 2.0475993
7 -0.16556339 0.15126084 0.2142316 0.46827313 1.0050567 0.20624074 -0.6662717 2.1731565
21 0.10036631 0.3290681 0.5193226 0.3594735 1.1256402 0.604425 -0.3166174 2.1980639
10 0.029170796 0.41801775 0.17583375 0.49281162 0.32801428 -0.19506063 0.37392187 0.5516026
12 -0.23257795 -0.032443646 0.121266484 0.5508392 1.1103148 -0.13148408 -0.5207547 1.986638
3 0.07444274 0.4497799 0.32631657 0.43314895 0.9367415 0.6477059 -0.3783376 2.0699527
39 -0.86928326 0.21944581 0.26005274 0.38621682 -0.32692564 -0.8261738 0.22444934 -1.1488018
0 0.12088278 0.44329858 0.5261666 0.2320487 1.456766 0.49176303 -0.33191976 2.063364
32 0.2532772 0.47857854 0.47119883 0.40835422 1.1675749 0.7071042 -0.3341506 2.3717735
33 0.5309295 0.9094173 0.63610744 0.056605797 0.81165403 0.839575 -0.1652553 1.9269031
2 0.027536936 0.3756838 0.5363691 0.2354596 1.1393131 0.4757792 -0.26416954 1.9365678
35 0.46151564 0.6531301 0.4018284 0.34480983 1.0356289 0.48388675 -0.4362402 2.2175114
47 -0.6752738 0.7408532 0.12959962 0.29162237 -0.7562682 -0.52706283 0.38878167 -1.4324595
