50 8
27 -0.29085827 0.16225559 0.29589504 -0.38679114 -0.20962335 1.1337808 0.6265579 -0.16325611
43 0.22074299 0.23046555 0.81036806 0.041324414 0.45971408 0.27789173 0.7555679 -0.6657374
28 -0.51753956 0.4382419 0.47715512 -0.61531806 -0.092857756 1.2248619 0.54631966 -0.21377307
40 0.12773897 0.107362494 0.33502164 1.1952401 0.4253313 0.3897611 -0.43409163 0.41330016
24 -0.41359907 0.69405484 0.7733872 0.40462476 0.42737338 0.4954148 0.23594886 -0.4736794
26 -0.38972798 -0.5022727 0.4811288 0.4425768 1.1168778 0.5018409 0.12916407 -0.22801585
12 -0.17191666 0.85037357 0.51586354 0.9252047 -0.05891857 0.43525094 -0.021967063 0.17514919
1 -0.41016704 0.29785153 0.5716659 -0.61076266 -0.2559158 1.1540118 0.69239414 -0.4158633
48 -0.004598071 -0.65028566 0.346268 -0.58194005 0.06434509 0.996437 0.4826358 0.23286292
23 -0.47109243 0.6665699 0.6112881 0.27483773 0.027009036 0.909232 0.19389062 -0.5259805
14 0.00073111587 0.35969937 -0.30800483 0.7442833 -1.2464869 0.9837422 0.26509574 1.1837224
36 -0.71176505 0.25139117 0.4742472 -0.47201785 -0.09223819 1.1721985 0.69892883 -0.42107913
34 -0.32300457 -0.03482967 0.42020357 -0.20892392 -0.28410307 1.1773874 0.40152022 -0.3109684
41 -0.58299613 -0.5599538 -0.15472029 0.38914138 -0.08516612 1.0776393 0.5322517 0.13568057
17 0.47303578 -0.27149445 0.98166674 -0.5149367 0.56407815 0.3662532 0.7170301 -0.60155326
4 -0.45796975 -0.41523626 0.47481292 -0.9010944 -0.28924096 1.1310328 0.7739584 0.18369107
39 -0.46634722 -0.6492767 0.70580924 -0.3177781 0.73315465 1.0593168 0.18723938 -0.73837256
2 0.0012622159 1.0319462 0.7125933 1.1010932 0.60450995 0.108203545 -0.34131587 0.19848372
45 -0.07053502 -0.5441765 0.615714 -0.8175822 0.48857462 1.142428 0.25261384 -0.27631053
8 -0.40087095 -0.7813749 -0.11368754 0.5103563 0.9656446 0.82519794 0.026067607 0.43647966
5 1.0378009 0.7849032 0.62288946 -0.04606143 -0.81439257 -0.001347304 0.75951594 0.90973604
6 -0.1802746 -0.433981 0.5990313 -0.5525305 0.38262412 1.0822673 0.3154015 -0.38404295
31 -0.44830427 -0.4828885 0.5651079 -0.25028217 0.5897019 1.0687389 0.10709523 -0.38924167
38 -0.53419036 0.12866618 0.38915944 -0.17818257 -0.43876904 1.17005 0.55925214 -0.24459267
47 -0.040126625 -0.06319039 0.87496597 -0.67080945 -0.18220402 0.7352395 1.0177885 -0.58352154
7 0.7159228 1.077005 0.3419527 1.4255328 0.49343255 -0.09806701 -0.19738491 0.6069414
49 0.19417521 0.7234311 0.79045415 -0.37783974 -0.6496779 0.53186333 0.9504166 -0.16914798
21 0.5968789 0.4639486 -0.03491675 1.2499241 -0.28458858 0.19723178 0.13949013 0.9895855
10 -0.18701714 0.7288195 0.27681333 0.63884264 -0.7808407 0.44708955 0.6145676 0.5962938
19 0.3639474 1.4594755 0.8004856 1.0182397 -0.11635929 -0.19042966 0.43683937 0.04353666
13 0.26313192 0.260241 -0.3348718 1.5620009 0.2750315 0.3529598 -0.42940426 1.5800905
46 1.4086164 0.34375244 1.0075871 0.5593266 0.80043525 -0.8099892 0.37353712 0.6015119
3 0.47595727 0.90271336 0.26215047 1.6365478 0.5380052 -0.02414061 -0.39216635 0.8276349
15 0.49549854 0.7670391 1.1330919 0.23778418 0.86347014 -0.17057061 0.6482595 -0.7904356
0 1.1298963 0.466615 0.6836713 0.99153566 1.0350097 -0.4967228 0.032761253 0.479802
30 0.8605507 -0.11936327 0.31172302 1.460221 0.82688415 -0.33178023 -0.18018353 0.9476497
18 1.1792622 -0.51021564 0.38296086 1.3238313 0.9977071 -0.28030425 -0.46259502 1.1175854
33 0.99252784 0.69055444 -0.0058253333 1.5915802 -0.10923614 -0.36305344 0.48087054 1.2061017
44 -0.36443537 -1.2361702 0.5515967 -0.36251178 0.5728434 0.95390433 0.44089818 -0.41948768
20 -0.59587413 -0.9832576 -0.076955326 -0.35389823 -0.67511445 1.249706 0.87135595 0.55385816
42 0.36638564 -0.71723807 0.91776466 -0.2711151 1.4776618 0.15085784 0.40206876 -0.4458626
29 -0.20909035 -1.1942682 -0.28175718 0.2149218 0.11769221 1.2288178 -0.12624809 0.9324138
16 0.66237503 -1.2070886 0.56412315 -0.4110083 1.2793545 0.26876545 0.40568656 0.16694055
35 0.9900147 0.5165265 0.049729455 1.6813725 -0.022762563 -0.34217334 0.17040995 1.3694596
32 0.95065093 0.42057407 -0.21836688 1.8306588 -0.059951328 -0.29985896 0.18369636 1.607537
37 1.0051559 -0.3403868 -0.051680356 1.3847973 -0.059965886 -0.30305192 0.15283753 1.8542271
25 0.9764126 -1.1896199 -0.29554316 0.5710487 0.28145963 0.5344795 -0.25370875 1.5818802
9 0.0017970023 -0.2203847 0.46971473 -0.8421691 -1.3193418 1.1452453 1.1340271 0.04978803
11 0.27032956 0.053113624 0.26404598 -0.55090636 -1.4523462 1.1452066 0.7238996 0.5284405
22 1.2197657 0.062439002 0.16344514 1.6005231 -0.062696315 -0.45817578 0.020240204 1.762924
