50 8
2 0.120969385 -0.49575916 -0.010084368 -0.32012993 -0.78045505 0.2003023 0.82167053 0.1254441
42 -0.5449201 -0.43674383 0.2660256 -0.38312948 -0.9778886 -0.40389797 0.3865649 0.32025805
24 -0.5577208 -0.22462103 -0.8572607 -0.18789667 -0.28624704 0.009678802 0.46056092 -0.008818669
23 -0.5720849 -0.18629156 -0.16727531 0.0057564634 -0.50835365 0.18649524 0.64291537 0.09372797
27 -0.8208823 0.08911386 -1.0555503 -0.0077862525 -0.11624007 -0.6885831 0.43637994 0.2576604
36 -0.7151177 -0.069122165 -0.8074598 -0.19867879 0.06776334 -0.41737 0.5088386 0.26232657
28 -0.75124705 -0.18007238 -0.80704397 -0.13061322 -0.7583965 -0.07589237 0.26244143 0.07326904
19 -0.2746334 -0.31578442 0.017729172 -0.25703773 -0.5823421 0.24239583 0.81223536 -0.23476706
12 -0.0629008 -0.23100442 -0.5958921 -0.2009769 -0.47555393 -0.09732152 0.7741999 0.12326387
1 -0.49448323 -0.5125878 -0.65153843 0.020217039 0.4601352 0.22240202 0.5899388 0.091144025
31 -0.5127125 -0.3489133 0.16124992 -0.24711144 -0.843814 -0.48023868 0.46442518 0.4962889
26 -0.28628036 -0.19998965 0.064301535 -0.31473058 -0.674669 -0.501059 0.68600535 0.47070235
39 0.008557205 -0.41781735 -0.032465376 -0.5129427 -0.8985724 -0.08474361 0.6955353 0.15409388
17 -0.984192 -0.3199377 -0.66472876 -0.02521626 -0.053350933 0.3847708 0.2755381 -0.00896864
38 -0.61594486 -0.005069544 -1.0419588 -0.0691269 0.16699412 -0.19817168 0.6946407 -0.19752485
30 0.13729171 -0.7102458 0.85314476 -0.21103796 -0.81434214 0.5949122 0.93901277 0.4540112
7 -0.06477399 -0.49510112 -0.40990573 -0.31683874 -1.1241001 -0.07228975 0.49166092 0.11445475
43 -0.4694183 -0.57117254 0.004966056 -0.32622093 -0.76172596 -0.3606188 0.31752482 0.3798418
40 0.18232352 -0.79775435 0.27947485 -0.2752814 -1.0162442 0.8520154 0.80521184 -0.13591555
44 0.045537625 -0.09807432 0.47465092 -0.31211957 -0.4823738 -0.3202886 1.1305208 0.5632073
6 -0.24353729 -0.20221572 -0.18415844 -0.2905342 -1.2979586 -0.5492698 0.51987326 0.40099663
34 -0.6534954 -0.48401582 -1.0862117 0.11410911 0.51627326 0.055099122 0.4146181 0.14505109
41 -0.6136959 -0.08096909 -0.9274919 -0.25062492 0.22755614 -0.45180362 0.5795228 0.09949898
21 -0.47943056 -0.88810146 -1.1486183 -0.006526516 0.94320405 0.27564463 0.43446946 -0.25235975
10 -0.49237683 -0.20591198 -0.44688827 -0.15533754 -1.0711594 -0.64276814 0.38293388 0.25375718
49 -1.2728535 -0.1433138 -0.85623634 -0.080769286 0.578901 -0.15754354 0.3391351 -0.082911246
4 -0.91342956 -0.28185534 -1.0315294 -0.15587339 0.86997324 -0.31742215 0.418196 0.1420564
45 -1.2965962 0.05238806 -0.59411275 -0.5032051 0.46706212 -0.82456183 0.24733908 0.43500122
46 -0.04686061 -0.13253444 -1.2213097 -0.21041471 0.1225148 -0.2984071 0.901849 -0.26978981
0 0.05770437 -0.7614489 1.0854522 -0.47388828 -1.0379536 0.8624388 0.8972999 0.059690543
18 0.055415265 -0.4594797 1.0925019 -0.21573628 -0.9774803 0.35400322 1.092676 0.4221818
25 -0.28993803 -1.1586341 1.2081542 0.3283029 0.2551371 0.26797062 0.7964924 0.7321448
35 0.51618475 -0.6954248 -0.07154852 -0.0062308675 0.64615875 -0.3038242 1.3826958 0.12734486
13 0.43562487 -0.43366683 0.14336851 -0.4101609 -0.82191455 -0.3329833 1.0040963 0.49316144
5 -1.5049415 -0.12248928 -0.91464853 0.23198742 0.95782024 -0.5436783 0.2570654 0.28317633
3 -0.34229425 -1.0294156 -0.24491334 -0.16921608 0.004789193 1.0165659 0.45121437 -0.34559652
15 -0.28992942 -0.44804174 0.28640535 -0.7116462 -1.3526059 0.16326095 0.3955748 0.25645655
14 -1.2463458 -0.5281475 -1.1885905 -0.010730003 1.2246654 -0.07896157 0.2287906 -0.22513889
29 -1.1822562 -0.31653205 -0.4489047 -0.25792518 0.47142562 0.49705553 0.33113182 -0.19623238
20 -1.1986948 -0.28869346 -0.39504823 -0.18717714 -0.5750959 -0.051197693 0.10351644 -0.10315707
8 -0.30850935 -0.23020084 1.0684046 -0.5895696 -1.5490673 -0.2999726 0.8006588 0.27400208
9 -0.8501053 -0.6565514 -0.98665017 0.4657942 1.6140859 0.12341306 0.5971389 0.15239355
16 -0.96355903 -0.40494698 -0.8065125 0.10734849 0.9073783 0.35111862 0.41397214 0.21501867
48 -0.16127911 -0.58399844 1.2887884 0.03317801 -0.27825016 -0.31974292 0.9573221 1.1635001
11 -1.3633299 -0.5246935 -1.2214832 0.47283873 1.4862664 -0.03183812 0.29188636 -0.044991255
33 0.98213416 -1.2916492 0.56045204 -0.009486619 -0.0973491 1.1534003 1.4715366 -0.27139634
32 0.87985164 -1.4433218 1.005476 0.010936567 0.9534606 0.7729802 1.7354757 -0.2750464
22 0.7067383 -1.2314415 1.5918816 0.15454353 0.17701322 0.5519765 1.6419518 0.30891925
37 0.93753666 -1.509572 0.9603537 0.013449223 -0.11650228 1.2660557 1.3190897 0.25745836
47 -1.6357651 -0.71164834 0.8818572 0.6050085 1.515261 0.66799635 0.48853415 0.84126633
