50 8
19 0.34139055 0.16657892 1.0491637 0.5017365 -0.4768082 0.10993993 -0.5767123 0.19417563
16 -0.23686756 0.70848805 0.95409054 0.006539188 -0.8950875 0.3177452 0.21019672 -0.58179045
1 -1.0206416 0.5468817 0.42330548 0.15155102 -0.114588074 0.34349683 0.6769695 -0.72099364
21 0.22672473 0.12561114 1.182371 0.4506347 -0.20127411 0.3100162 -0.7034974 0.35768333
23 0.20029198 -0.06726857 1.0313712 0.41091594 -0.18235435 -0.39366361 -0.5568163 0.22134745
18 0.21966612 -0.11161084 0.3448818 0.98604476 0.45155698 -0.5397731 -0.49264595 1.0466154
15 0.21504723 -0.30778053 1.115347 0.59985584 0.20855023 -0.0587879 -0.94540644 0.25790069
0 0.26039737 -0.14501595 0.89613986 0.75353366 0.13877988 0.014034319 -1.068068 0.13804765
24 0.21075478 -0.12141076 0.8325601 0.6009932 0.06880598 -0.43168116 -0.65347743 0.2790351
46 0.42690775 0.019384714 1.3798461 0.43595633 -0.46666634 0.13913828 -0.876006 0.1557314
2 0.6799729 0.10166039 1.1298834 0.6201091 -0.2093288 -0.09374502 -0.96505654 0.37721503
5 -0.089836515 -0.044727415 1.3015691 0.36306834 -0.40809113 0.6821685 -0.55639535 -0.5337587
45 0.0010002527 0.19974104 1.0287354 0.4137154 -0.39744756 0.45038366 -0.3678826 -0.68602943
28 -1.303938 0.4459813 -0.105603985 0.29129356 -0.030131858 -0.31215173 0.9643388 -0.7824804
26 -0.5887939 0.17115493 -0.40532863 0.91844004 0.76158875 -0.75003475 0.0788266 0.43366766
29 -0.8531777 0.5883592 -0.29472804 0.46754104 -0.2451763 -0.7004098 1.0946432 -0.025044756
13 -0.6426082 0.15651768 -0.41878378 1.0363055 0.62649864 -0.4752586 0.64952844 0.55573285
3 -0.059300117 -0.38466796 0.710465 0.70974046 0.42276046 -0.33951655 -0.8937655 0.2409079
6 -1.1804398 0.33498013 -0.5719123 0.8335573 0.5889063 -0.32284242 0.65609306 -0.25821546
25 0.07919821 0.79145503 0.5730235 0.32842916 -0.65230167 0.01367084 -0.15204312 0.57675207
11 -0.11029036 0.33107 1.3794783 -0.013532573 -1.0608468 0.49990922 0.054157075 -0.26246837
17 -0.93743485 -0.30260628 0.77714753 0.19300671 0.21381292 -0.1286755 -0.12928364 -0.86648434
14 -0.45254678 1.0245274 0.9273618 -0.033263423 -0.8793973 0.92672944 0.17734246 -0.3002349
7 -0.16134046 -0.13190937 -0.077192865 1.0303577 0.88604486 -0.8536904 -0.43441772 0.5298327
20 -1.3034217 0.8404015 -0.35668504 0.32722354 0.072474495 -0.28923076 0.9653861 -0.51965886
44 0.08193532 0.40167937 -0.24112077 1.045601 0.18254632 -0.6269712 -0.30223602 0.6365814
49 -0.56544614 0.39701933 1.0459691 0.11092909 -0.5566448 0.7999739 -0.38288292 -1.2051286
22 0.43951908 0.00045933807 1.1458455 0.71767324 -0.13860174 0.44160593 -1.0492741 0.27307066
31 -1.3056917 0.57431 -0.8887189 0.80121785 0.24134716 -0.47377324 0.8376371 -0.3695036
30 0.72578895 -0.16730417 0.6072616 1.0012476 0.18680663 -0.71587795 -0.838201 0.9936613
9 -1.1260482 0.986763 0.293526 -0.072565086 -0.86762583 0.18970661 1.2354195 -0.7195002
10 -0.84746605 -0.13374776 -0.13421647 0.82224107 0.8768285 -0.5135168 0.5932051 -0.2042712
36 -1.3945706 0.8401908 -0.04012369 0.15635385 -0.41876876 0.12288399 1.4105238 -0.5296733
41 -1.4075108 0.85239536 -0.42765108 0.32316807 -0.04011447 -0.27781662 1.4456733 -0.4141594
32 0.73456615 -0.26596212 0.6644756 1.0512054 0.31681582 -0.7364477 -0.6442553 1.3295037
12 -0.028634863 -0.25569233 -0.12339167 1.1211221 0.87725717 -1.0397528 -0.2925017 0.87692916
38 -1.4223845 0.93149143 -0.45606628 0.22302167 -0.056280855 -0.5629461 1.3472211 -0.33930713
43 -1.1527766 0.7255848 -0.43072072 0.5148982 0.076830976 -0.39686185 1.1082621 -0.40867934
42 -0.1410824 -0.26800814 1.0021275 0.45500967 -0.063208394 -0.12691084 -0.62704664 -0.3142804
33 0.73599946 0.17456695 1.4599017 0.31731915 -0.28121227 -0.3064711 -0.7364918 0.65598816
34 -1.1569588 1.2792935 0.008795456 0.14363079 -0.6018261 0.53497714 1.457045 -0.6747476
40 -1.1823081 0.5488305 -0.94587094 0.88179845 0.5833752 -0.8406429 1.1860766 0.45683813
8 -0.92882204 0.63576764 -0.9847498 0.97907144 0.6936466 -1.0348684 0.8613694 0.5848164
27 -1.6950986 0.5832961 -0.814042 0.62070835 0.4715432 -0.35584396 1.2920028 -0.46587023
39 -1.3434854 1.249112 -0.8776688 0.5882686 -0.09649389 -0.10700552 1.1854858 -0.22229883
4 -1.3580431 0.93167025 -0.30051336 0.22914495 -0.3668975 -0.29956952 1.5984292 -0.28259787
37 0.8601539 -0.078419745 1.6441524 0.35240945 -0.50243694 -0.36881557 -0.70255077 0.70803773
47 -0.15813625 0.64286315 1.0257114 0.16232288 -0.93755215 0.6056652 -0.5158067 -1.2299871
35 0.8044124 -0.084233634 1.5113331 0.41741216 -0.4302095 -0.3697999 -1.0749792 0.6504219
48 0.31540707 0.84105814 0.8915242 0.20180249 -1.4882988 0.08826225 -0.46988532 -0.46491233
