50 8
19 0.19773114 0.20912728 0.26749042 0.58303607 0.90981996 -0.08954015 -0.42914617 0.39040744
15 -0.15296744 0.19201355 0.20361961 0.10886529 0.4623993 0.919775 0.39409807 0.26985502
43 -0.36837006 0.09650186 0.49296772 -0.19827203 0.41938257 0.90392154 0.43358773 0.10182954
28 -0.25201008 0.23946346 0.399148 -0.033480503 0.49508047 0.79584855 0.43297398 0.07901656
27 0.022289712 0.7058394 0.70343757 -0.53026223 0.09267244 0.66567075 0.71478343 0.13355672
31 0.22950463 -0.27506927 0.14404948 1.1864356 0.92064995 0.6943824 -0.030262824 0.08271183
42 -0.36192605 -0.3262163 -0.1389733 0.20482023 1.0592847 -0.074515216 -0.2638314 1.0607074
49 -0.26576525 0.6499822 0.77669996 -0.5308116 0.035154473 0.8703885 0.43132696 -0.014107251
29 -0.54450196 -0.42027193 0.033738274 -0.046040613 0.9146705 0.88970864 0.1481902 0.49607387
45 -0.25495064 0.44789127 0.40921777 -0.34461755 0.36063185 1.1313165 0.33181396 0.069776446
26 -0.24745016 -0.72632414 0.045650788 0.7990456 1.0576386 0.43255776 -0.06050948 0.51262707
40 0.5187866 0.35073864 0.8392513 1.3416961 0.098759934 -0.12470458 -0.3247709 0.028926559
10 -0.7694302 -0.31808224 0.057107028 0.3375783 0.43075916 -0.33784077 -0.47366285 1.3752558
12 0.29906508 -0.107989535 0.35422486 0.90770435 0.95747507 -0.8267254 -0.4685319 0.74276507
23 0.3440143 0.40872288 0.75179386 0.58658856 0.55760103 0.7409595 -0.003868268 -0.5114396
17 -0.32835087 0.23646009 0.45568475 -0.50699204 0.21099189 0.99366695 0.60184544 0.33056295
39 0.3760699 0.4332753 0.473049 0.8800879 0.56571764 0.86228275 0.24647374 -0.37010154
34 0.27612758 1.0979688 1.144366 -0.734748 -0.23643406 0.5804175 0.5771678 -0.11709905
1 0.2527179 0.53315634 0.78955525 0.36235455 0.31925163 0.93293554 0.34697896 -0.4855972
36 -0.42581767 0.75962603 1.0029442 -0.43697888 -0.22350346 0.97446036 0.63739306 -0.24357158
20 -0.976212 -0.10014703 -0.0873721 -0.86951774 0.367047 1.0740907 0.41699815 1.0084258
24 0.40236938 0.7414401 0.7875429 0.92980486 -0.055857595 0.40734208 -0.04609409 -0.16652766
41 0.23905264 0.90110356 1.0128415 -0.12507667 0.045668345 1.0529134 0.5873055 -0.59760445
7 0.3033138 -0.2809191 0.31739232 1.3210676 1.0515863 -0.6593395 -0.43506896 0.5723094
0 0.025326457 -0.09928766 0.44342703 0.89660484 0.720589 -1.0922812 -0.66735625 0.9667019
9 0.00019353486 0.73457956 0.7154436 -0.93163484 -0.32290816 0.47623363 0.7596835 0.6355529
6 -0.44716978 -0.472145 0.27342427 0.18910345 0.85385114 0.5852586 -0.17168325 0.4059485
4 -0.46406996 0.6443922 0.40040466 -1.0992954 -0.2066936 0.8726991 0.7581549 0.7697377
2 0.5860322 0.31004575 0.9503619 1.3508651 0.18332832 -0.58449304 -0.1593636 0.12992218
38 0.18299255 0.95525604 0.9240852 -0.3551178 -0.20059605 1.113786 0.88067776 -0.31509826
16 -0.70844835 0.3259292 0.46665588 -0.6517491 0.0123274205 0.955531 0.53559494 0.45128462
44 -0.2032517 -0.43653926 0.20098196 0.6972618 0.84344614 0.76814634 -0.18872699 0.2787849
18 -0.188028 -0.5264969 0.16518475 0.97159135 1.014847 -0.80971515 -0.6933201 1.1236717
14 0.012610104 0.924867 0.6948307 -0.75808257 -0.35643658 1.0412027 0.61280775 0.29338935
13 -0.1558568 -0.17378698 0.34875718 0.7516903 0.7511997 -1.1128975 -0.7285466 1.2064675
46 -0.775027 0.47480342 0.8654387 -0.85565484 -0.4315692 -0.63149977 -0.12525004 1.2578887
25 -0.46896824 -0.20067035 -0.105817854 -0.39253634 0.9494135 0.3049339 -0.037988022 1.0155631
8 -0.2841409 -0.6998253 0.12215496 0.9969574 0.97269994 -0.0906574 -0.38884947 0.7639065
5 -0.18695919 0.79107845 0.43777046 -1.4587264 0.00019124498 0.2505778 0.71073025 0.9993179
30 0.021576574 -0.08188453 0.5418477 1.1489582 0.6215897 -1.245046 -0.84337205 0.9950672
47 -0.27660254 0.612306 0.8458388 -0.565572 -0.03424661 1.3035153 0.53803724 -0.23527986
21 -0.32544768 0.17207837 0.8854558 0.6682919 -0.12987657 -1.3849187 -0.5869536 1.1861995
3 0.34137732 0.30175602 0.8289983 1.1963452 0.48464075 -1.4721661 -0.7905336 0.6962425
11 -0.3726396 0.97467023 0.81931156 -1.0911877 -0.5208274 1.0230641 0.60893196 0.3289942
33 -0.35271192 0.07928588 0.60381335 0.49698654 0.14566112 -1.634323 -0.62694144 1.6055864
35 0.24725094 0.08002843 0.6465913 0.901577 0.5713752 -1.8747149 -0.67330605 1.3336183
22 -0.58749217 -0.14781323 0.47951958 0.20983823 0.097121134 -1.4545683 -0.6385818 1.8678926
32 -0.13376899 -0.09682315 0.58953726 0.70940334 0.29916134 -1.6319469 -0.5112847 1.5549281
48 0.3506323 1.3983468 1.0910299 -0.48324805 -0.77079 1.0276625 0.9096812 -0.15284505
37 -0.2644866 -0.3371895 0.32333207 0.45111948 0.25147918 -1.7958449 -0.66147715 2.259434
