50 8
23 0.36270007 0.54895914 0.2513528 0.1433977 0.56766236 0.3906553 -0.09206555 0.2612076
43 0.36525977 0.6358178 -0.091871046 0.26606005 0.5491296 0.99608445 0.11028342 0.33865368
24 0.06872509 0.60873073 0.04204992 0.5762476 0.29597223 0.08934439 -0.5819213 0.650679
21 0.75837106 0.27620423 -0.20675512 1.0625625 0.2701688 0.5767615 -0.40902185 0.11178597
2 0.676126 0.21793577 0.58513683 0.387726 0.25508052 0.66005903 0.0071013775 -0.105320565
27 0.28999183 0.45979047 0.34690422 -0.049423963 0.5408147 0.98381555 0.3195682 0.29911622
26 -0.7018882 -0.061993364 0.3836645 -0.19688682 0.38274294 -0.110820755 -0.49875912 1.4888431
25 0.12491936 -0.13824162 0.23139226 0.10204503 0.66300243 -0.27124554 -0.5716726 0.65335363
46 -0.42046127 0.0960201 0.778467 -0.76020765 0.5015649 0.0016751052 -0.44992223 0.9764559
39 0.85780376 0.24245745 0.30974153 1.2318418 0.32565612 -0.17821246 -0.22473353 -0.22370498
16 0.22202682 -0.2550727 1.2757319 -1.1647923 0.63570684 0.5927009 0.274044 0.2096423
1 0.58431405 0.16466244 0.66997945 0.0382375 0.38893232 1.490379 0.6198611 -0.12641145
10 -0.55579406 0.47489628 0.069380514 -0.101761945 0.5723831 0.07505601 -0.45096236 1.2725985
3 0.4951995 0.42334664 -0.17132968 0.8643711 0.33817443 -0.19106005 -0.72331655 0.48765752
38 1.0152972 0.09092655 0.5338487 0.68465066 0.33745736 1.306929 0.3607299 -0.6060546
35 1.2585173 0.04425891 0.13939454 1.1118028 0.285035 0.33907843 -0.21141735 -0.32651514
4 0.4178436 0.21694453 1.0338126 -0.11088233 0.31720066 1.2517357 0.5157063 -0.25014204
5 0.6394006 0.019132854 1.3253292 -1.0877403 0.2691132 0.7852376 0.30389217 0.13385664
29 -0.43637946 0.32502586 -0.37676078 0.60698307 0.6814018 -0.440795 -0.7549853 1.2879671
36 1.0241785 0.17008048 0.605744 0.647851 0.39622128 1.3507316 0.47411844 -0.7161037
19 -0.60754675 0.44092038 -0.14422934 0.51436955 0.53966045 -0.4527857 -0.9835467 1.2246387
41 0.61278164 0.12560423 0.92761624 0.2974623 0.49941796 1.4943109 0.4725668 -0.8232619
18 -0.18446377 -0.26574984 0.36241558 0.29241005 0.45205945 -1.0007676 -1.1868287 0.93902844
48 0.9169195 -0.083109125 0.029725352 0.5666181 0.47989926 0.91358304 0.14225355 0.024416933
7 -0.22089472 0.50600296 -0.33620933 0.5621437 0.36874813 -0.41447085 -0.57859844 1.5377643
17 0.16799591 -0.072582185 1.0394037 -1.2470093 0.55071807 0.9891426 0.32183698 0.4534594
6 -0.5649704 0.1433907 -0.3442691 0.7047849 0.63521034 -0.5429018 -1.0282559 1.3059992
8 -0.36728725 0.1612315 -0.45265502 0.5944346 0.42538244 -0.36336827 -0.92799103 1.6019776
30 0.16822799 -0.28635743 0.81126595 0.24953394 0.30131653 -1.1392263 -0.7484265 0.6994041
28 0.22344895 1.0091292 0.5677639 -0.6096913 0.50597924 1.3905598 0.61566824 0.3430198
40 0.093191124 0.15693815 -0.6438225 1.4377314 0.38634256 -0.15625848 -0.71591085 0.9813148
34 1.4004759 -0.11290399 0.96738863 0.18356079 0.17818941 1.2899787 0.47586176 -0.72874254
20 -0.7757502 0.26983193 0.51110023 -0.47929353 0.5773011 0.7643046 0.037259478 1.062515
11 0.757968 -0.37862462 1.625057 -0.8915364 0.40320054 0.98688084 0.46944457 -0.40714347
31 -0.064262174 0.5207522 -0.64563465 1.1961706 0.446825 -0.19430238 -0.6709013 1.1558527
32 1.259781 -0.11886484 0.32662413 1.2913969 0.3222819 -0.61615336 -0.5324289 -0.3685287
14 1.0778323 0.054367743 1.2449111 0.14784047 0.19123973 1.3410573 0.6732085 -0.7866346
49 0.6787288 0.15780814 1.0953745 -0.2420567 0.3387533 1.4446945 0.58526003 -0.45283052
15 -0.40963417 -0.07667898 1.0839711 -0.8579377 0.43422034 0.16610481 -0.0061066267 0.9555508
33 1.398446 -0.4066936 0.7583136 0.8144214 0.39587462 0.8064977 0.10400258 -1.0308489
13 -0.30291888 0.28255433 -0.51259285 0.96110564 0.576996 -0.46846414 -0.99380946 1.1438835
42 -0.5206139 -0.018452765 0.71129656 -0.5095401 0.54454434 -0.33738783 -0.37000665 1.1862879
12 -0.09495215 0.36970294 -0.32153407 1.210641 0.4315426 -0.56251556 -1.1654197 0.7055855
44 0.044263437 -0.53468084 0.16718134 0.45562378 0.5557144 -1.2689294 -1.1091388 1.0856676
9 0.8484729 0.21975097 1.3435502 -0.26965356 0.25189295 1.4594866 0.9383931 -0.50491714
0 -0.42097843 -0.5378857 0.6995354 0.019838022 0.70020837 -0.4931307 -0.7667202 0.59364766
47 1.245935 -0.008447498 0.81337106 0.6489207 0.2891268 1.3525659 0.4876092 -0.9411591
45 -0.65057427 -0.17268059 1.4188974 -0.92064 0.43225813 -0.6489053 -0.5706179 0.94289756
37 0.04026905 -0.8388317 1.7582525 -0.44838065 0.3641765 -1.0995394 -0.42021197 0.38226908
22 1.0321275 -0.8061881 1.454825 0.2939462 0.47447392 0.14639062 -0.31924388 -1.168828
