50 8
23 -0.23833694 -0.11026468 0.017176092 -0.47554496 0.35509643 0.12721455 0.3664227 -0.73124516
1 -0.6679866 0.47508296 -0.29057777 -0.41956407 -0.25631177 0.41053185 -0.3315086 -0.76486
25 -0.4834099 0.012127524 0.20320414 -1.285635 0.48312953 -0.064911015 0.45363438 0.14036945
8 -0.41091558 -0.7790216 0.63033265 -0.069168 0.013779848 0.26991174 0.6098501 -0.6098727
28 -0.35641456 -0.0471808 0.33435825 0.34671918 -0.33390176 0.7606768 0.13154384 -1.0256773
39 -0.28073013 -0.38990647 0.5909201 -0.26301426 0.21293071 0.45106182 0.60205 -0.33174583
24 -0.16257189 -0.14877282 0.041303787 -1.0607295 0.79744387 0.0859813 0.75682074 0.09897508
13 -0.12113272 -0.13108562 0.3546729 -0.9486415 0.6147317 -0.25724027 0.9106467 -0.5172158
19 -0.21623278 0.4096813 -0.013511376 -0.7514292 0.68825406 0.08210118 0.78920406 -0.256701
36 -0.55062634 -0.013739882 -0.6379235 0.3727644 -0.48983952 0.97932976 -0.45135388 -1.0288491
18 -0.023954486 -0.98900366 0.7503969 -0.971944 0.6005314 0.08229685 1.2273715 0.18799476
40 -0.44748354 -0.47541276 1.0457819 -0.5267623 -0.0932006 0.089589454 0.76889527 -0.3762921
44 -0.05398448 -0.3779448 0.80436504 -1.0124211 0.24934393 0.018706838 0.967934 -0.29050848
21 -0.3086122 -0.0882183 0.11473472 -1.3195941 0.6880059 -0.018566024 0.7336039 0.31989652
31 -0.10693612 -0.66351694 0.6867217 -0.269751 0.5249929 0.4398041 0.77186155 -0.25272408
38 -0.3302294 0.2320835 -0.5053067 0.28137305 -0.11507197 0.9944126 -0.30424935 -0.9556765
29 -0.38245353 0.66732186 -0.46522596 -0.85765433 0.2872572 0.21506667 -0.03164348 -0.5762114
20 -0.51488006 -0.13617672 -0.17991912 0.46373865 -0.7261656 0.8796918 -0.124359325 -1.1606869
42 -0.5266497 0.23206723 0.36390257 -0.737357 -0.11605931 -0.121610895 0.39358592 -0.7524478
16 -0.9215803 0.49853194 -0.9729642 0.55939084 -0.6038053 1.2718209 -0.6748411 -0.67064625
34 -0.59640485 0.48097953 -0.65192693 -0.023681207 -0.21961881 0.9255934 -0.65151066 -0.80800307
49 -0.83485055 0.28296524 -0.45830503 0.035247855 -0.5756423 0.93621695 -0.74729055 -0.71444356
45 -0.3196858 -0.118802644 0.050781034 -0.05748718 -0.39619473 0.7723958 -0.21531877 -0.97404695
14 -0.4952883 1.0103883 -0.9385328 -0.37882343 0.26427832 0.8159476 -0.45636833 -0.48098168
26 -0.54080397 -0.77078205 0.43286267 0.46065366 -0.22995281 0.43095064 0.30182543 -0.9648111
48 -0.7137614 -0.036553826 0.47531575 0.43836644 -0.20939364 0.4702401 0.34068015 -0.7726821
32 -0.19119106 -0.08759245 0.2985501 -1.185977 1.0146015 0.072070174 0.8916893 0.39008215
43 -1.0978748 -0.021925993 -0.07319249 0.6897697 -0.7501415 0.9660993 -0.29452544 -0.5761262
17 -1.3866487 0.13861692 -0.23579071 0.72271144 -0.7463623 1.152046 -0.63682854 -0.27103212
30 -0.18578896 -0.079793 0.5757443 -1.0740446 0.57028425 -0.004483397 0.97308964 0.054234553
35 -0.24768028 0.45634204 -0.8127287 -1.5183122 1.1520456 -0.29788464 0.57127166 0.06972632
27 -0.9123447 -0.03461719 -0.7247977 0.6778051 -0.2979817 1.0534319 -0.7532576 -0.85451794
12 -0.66430587 -0.80352503 1.0579863 -0.5550053 0.8143989 0.080868065 0.7993923 0.48507726
41 -0.53879493 -0.3618287 -0.120475836 0.48270026 -0.6177692 1.0781975 -0.57183725 -1.1093118
10 -0.30476338 -0.13819869 0.14738387 -0.32549834 -0.1207551 0.046682794 1.0895737 -0.5717132
22 -0.1502805 0.55959463 -0.7449716 -1.6954751 1.0582919 -0.15752164 0.3461127 0.03216286
6 -0.41551504 0.09738321 -0.49640337 0.36660284 -0.6425381 0.832747 0.11422213 -1.0531608
3 -0.40128744 -0.31750858 0.7339553 -1.0096883 0.9775656 0.010463854 1.0641212 0.56111085
4 -0.9242719 -0.04271572 -0.902375 0.80876595 -0.28181872 1.1983514 -0.91400164 -0.880459
37 -0.014427124 -0.1358006 -0.27338934 -1.0785633 1.3286333 -0.09278529 0.94988817 0.07525519
11 -0.76703775 1.1019593 -1.2932546 -0.5669235 -0.13418175 0.71802276 -0.4546003 -0.29325515
2 -0.53274304 -1.0160383 1.0152293 0.058583736 0.5756692 0.6037976 0.84485734 0.39535335
7 -0.34295258 -1.119359 0.4890056 0.51409185 0.73033816 0.7359121 1.1013745 0.23360194
46 -1.066065 -0.18971215 -0.18281965 0.69749075 -1.0743852 1.0430592 -0.40080425 -0.7487102
0 -0.27579933 -1.0426637 0.9502262 -0.19943435 1.0381345 0.34709284 1.3357302 0.47828022
9 -0.9074931 0.900969 -1.1689444 -0.6433972 0.16655804 0.63057756 -0.8402299 -0.2118319
5 -1.1915265 0.35754344 -0.7932347 1.0877221 0.18605448 1.3150781 -0.52724093 -0.11984552
47 -0.59089327 -0.00035173583 -1.0808558 0.41397205 0.2133936 1.6410772 -0.7394859 0.0228971
33 -0.031206518 0.63844234 -0.9925224 -2.1590555 1.3755046 -0.06927349 0.05839594 0.28316498
15 -1.3980817 -0.7248631 0.98202634 -0.53538954 0.13341634 0.32074475 0.98432887 1.5744284
