50 8
25 0.49529266 0.8433362 0.34383076 0.17717914 -0.79369885 -0.038022067 -0.85853285 0.04349768
44 0.2769289 0.9554241 0.37609586 0.6176113 0.53706646 -0.7954659 -0.044544104 0.5783162
18 0.030694878 0.89600885 0.49972466 0.49546656 0.6419266 -0.4823314 0.3122138 0.790193
13 -0.51277673 0.125214 0.2793351 0.83593124 0.5583541 -0.7650436 0.6220062 0.5564248
19 -0.19666013 0.20108056 0.3127955 0.9838536 0.5604394 -0.7188017 0.35646176 0.42491496
6 -0.6132359 -0.19389412 -0.08428774 1.0975087 0.118616626 -0.76796174 0.8299363 0.1532709
8 -0.3243883 0.19618483 0.17140344 0.8348684 0.3080507 -0.6591844 0.42762545 0.37786326
23 -0.089261465 0.99289024 0.16874485 0.7094578 0.7528006 -0.36729822 0.03188435 0.64713806
1 0.43997 1.0817028 0.42995745 0.08256926 -0.34221822 0.22564447 -0.32335088 0.652893
31 -0.46444508 0.17526528 0.24648234 0.9137282 0.6390417 -0.8193472 0.48244405 0.50855726
39 -0.34999767 0.6364502 0.46570337 0.47603163 0.73038536 -0.40524146 0.18646811 0.99310416
40 -0.3456778 0.24720606 0.46547288 0.68626493 0.4442517 -0.4904094 0.43760353 0.5298465
12 -0.102541864 0.5893162 0.51611376 0.39829725 0.41775182 -0.58754236 0.5408113 0.9277267
2 -0.10010902 0.4605259 0.3035023 0.9927472 0.75978726 -0.75566316 0.6859372 0.51201135
24 -0.0039298018 0.61002517 0.21954584 0.8666544 0.51272714 -0.7261115 0.115124755 0.36792472
3 0.10552369 0.90630865 0.3866954 0.77042615 0.8325482 -0.54564553 0.38859543 0.66903275
0 -0.18859752 0.29208422 0.4197978 0.775854 0.6064957 -0.70567393 0.42321384 0.7263184
35 0.07175563 0.9398424 0.66172624 -0.24290465 -0.29198146 0.23940924 -0.27618504 0.9520834
30 -0.39315185 0.6647576 0.40222898 0.6001205 0.69744396 -0.6436729 0.47840774 0.6014266
21 -0.25457248 0.6298823 0.476212 0.5096597 0.59296757 -0.59545314 0.42565036 0.692987
10 -0.5346308 -0.31896436 0.13280918 0.8693461 -0.4958179 0.31852317 0.835389 -0.020494971
20 0.1580157 0.26369986 0.179599 0.64491886 -0.60395616 -0.08141315 -0.9525827 -0.19253016
38 0.051985137 0.6468807 0.5953716 -0.114554234 -0.96570736 0.70695746 -0.8657818 0.2333134
7 -0.7870193 -0.49520478 -0.20834263 1.1261206 -0.25582772 -0.39407086 0.64468277 -0.041506983
15 -0.5344709 -0.1582576 0.1669768 0.9939628 0.3071917 -1.0037835 0.83730066 0.29978797
33 0.1841338 1.2681978 0.6459749 -0.39958742 -0.24108973 -0.33584714 -0.3482576 0.8553796
4 -0.2265367 0.08127695 0.36078924 0.09478232 -1.7216281 0.90510005 -0.7455625 -0.3559889
16 0.069500245 0.20024572 0.23224229 0.12275133 -1.6942247 0.24791521 -1.0123212 -0.44720915
22 0.33374658 0.843 0.68950295 0.5003322 0.5829662 -0.24605137 0.3320058 0.9047634
14 0.1088342 0.5224109 0.27604926 0.047004066 -1.6206127 1.1103284 -1.1577853 -0.11651598
36 -0.43294775 -0.37421706 0.29155725 0.40412396 -1.5269089 0.5467736 -0.5448321 -0.5044076
43 -1.0587168 -0.71322733 0.41318142 0.48711565 -1.0625318 0.1050042 0.72042084 -0.5135029
34 -0.2082181 0.1446341 0.43058366 0.08993958 -1.8236991 1.3744172 -1.0895932 -0.37642545
49 -0.10058118 0.22225036 0.33989277 0.07635888 -1.625273 1.016544 -1.3556439 -0.27421358
41 -0.5278508 -0.24922049 0.4093908 0.08516114 -1.8824847 0.8760987 -0.40655103 -0.51882136
27 -0.94925 -0.6255862 -0.015321883 0.525342 -1.6097764 0.30077156 -0.81468076 -0.7060959
32 0.51815224 1.2366544 0.7339072 0.22791278 0.5310811 -0.43020755 0.311705 1.0729008
45 -0.12665896 0.11600106 0.22897491 0.59561217 -1.1191657 0.63449526 -0.70519507 -0.6117796
37 0.12763035 0.89933914 0.71493715 0.44613978 0.7087875 -0.59481835 0.5407701 0.8778742
29 -0.3710214 -0.0066966265 0.118953586 0.4095631 -1.0152751 -0.09422897 -0.7798592 -0.27564713
26 -1.1010569 -0.8768126 0.029027557 1.0024472 -0.7865028 0.017339649 0.24252495 -0.59783643
28 -0.4123393 -0.6592884 0.30987108 0.4593286 -1.8026282 0.6703685 -0.34251553 -0.55923957
9 -0.6897453 -0.19843817 -0.022728464 0.24083869 -2.080197 1.0350223 -0.6382515 -0.62566787
11 -0.16162065 0.03010906 0.27155146 0.06606694 -2.0505164 1.0230675 -1.1748298 -0.36215585
17 -1.2738668 -0.7802136 0.16731648 0.4970917 -1.5454843 0.6131934 -0.3517762 -0.8764527
5 -0.89871395 -0.5037302 0.48313802 -0.16012982 -2.169977 0.9308867 -0.2706408 -0.3513823
42 -0.62045884 0.7279974 0.26790726 0.36644742 0.24219409 -0.49405962 0.43330175 0.30318624
46 0.19163975 1.0334121 0.59422743 -0.48287436 -1.615198 1.1677482 -1.1226276 -0.018155178
48 -0.013126469 0.61829036 0.22978443 0.74336904 0.3196611 -0.88437074 0.15577924 0.21915178
47 -0.8015678 0.53762585 0.14733006 -0.38076743 -1.6100104 0.9716693 -0.9271217 -0.08906643
