50 8
19 -0.058001425 0.468477 0.49924287 0.36332 0.88477474 0.8480847 -0.1806666 0.9635988
49 -0.5543855 0.43274796 0.52519274 0.3042369 -0.63988894 -0.40228978 -0.0008060247 -0.56661355
46 -0.45669097 0.2864911 0.1136329 1.0074408 0.51109886 -0.3475718 -0.14763722 -0.6845921
17 -0.6309093 0.21001042 0.6538474 0.2709404 -0.7638619 -0.704459 -0.24045087 -0.55901265
15 -0.27114248 -0.044618778 0.91251546 0.10701717 -0.031901605 -0.25136688 -0.27806908 0.81311905
23 -0.4393153 0.4877435 0.10204178 0.8213517 0.28474215 -0.40619263 -0.035341844 -0.7683823
12 -0.08631194 0.2744055 0.092987604 0.8002809 0.8187265 -0.009541934 0.12735252 0.52633286
31 -0.48406884 0.3993065 0.066034935 0.95732915 0.49065152 -0.43097916 -0.110832416 -0.8593552
1 -0.7265704 0.38848668 0.31641188 0.38872886 -0.7157743 -0.5202022 0.08348493 -0.58633727
26 -0.61450833 0.25078183 0.4340254 0.6273356 -0.15802108 -0.78530115 -0.49020404 -0.8879353
43 -0.70528144 0.4341061 0.29796067 0.5007349 -0.46012282 -0.74273276 0.1314102 -0.8959959
24 -0.29352576 0.41536406 0.33873168 0.36833763 0.75410986 0.493962 0.037502617 0.7402452
42 -0.59639776 0.38842654 0.055790834 0.8273966 -0.107541464 -0.8266248 -0.035620417 -0.9858854
39 -0.6597691 0.5201532 0.017562652 0.86790603 0.349048 -0.28582135 -0.09081663 -0.96798843
27 -0.6814291 0.34861967 0.19110428 0.55247986 -1.0882366 -0.5751619 -0.0796637 -0.79607177
45 -0.6209228 0.4430136 0.37689856 0.6166663 0.42110592 -0.35457295 -0.1351476 -0.9925469
6 -0.7301364 0.110574424 0.39523807 0.6029232 -0.8818655 -0.7438351 -0.30448428 -0.7259524
34 -0.49117738 0.40572855 0.29098397 0.7776274 -0.049209308 -0.35605642 -0.19979292 -0.90139246
28 -0.45454937 0.41590467 0.18833525 0.7858909 -0.36679798 -0.86775017 -0.15467285 -1.0308988
44 -0.3990949 0.33083984 0.047810946 1.0397536 0.037897795 -0.71513814 -0.33703798 -0.96359336
40 -0.5724578 0.5107994 0.04217607 0.88076454 0.2320204 -0.6284257 -0.04999563 -1.1349617
47 -0.63487166 0.42202863 0.2581754 0.5836167 -0.9119438 -0.6445935 -0.17857975 -1.0501982
2 0.03886245 0.26092476 0.27744 0.8133866 1.4717269 0.7917387 -0.12902714 1.1293685
8 -0.16179289 -0.13006683 0.512908 0.80874425 0.2754723 -0.35833392 -0.37134442 0.22925451
4 -0.47750026 0.32278904 0.34521684 0.24457443 -1.5841115 -0.90737945 0.30408078 -0.27913508
30 0.0970785 0.3072935 0.21017413 0.9541859 1.2891308 0.5707513 -0.2850898 0.6565537
38 -0.5593407 0.6067473 0.056620575 0.6712664 -0.4624531 -0.69599646 -0.03981514 -1.0531229
5 -0.06370166 0.2622524 0.92215556 -0.29739645 -0.46925858 0.3195736 0.1147806 1.5975376
21 -0.008904529 0.37601086 0.54415566 0.27956113 1.0367037 0.81703943 -0.13204993 1.5797174
36 -0.5071042 0.5356095 0.00454048 0.99936163 -0.04293064 -0.48497498 -0.09830047 -1.2778511
0 0.019487878 0.5167247 0.5144863 0.13264482 0.9262079 0.62615246 0.19472954 1.5864254
32 0.28184375 0.60189277 0.40956932 0.3012534 0.6998667 0.9973727 0.30706042 1.9063876
10 0.36824375 0.8553752 0.36905646 -0.18874873 -0.58518296 0.41562954 0.56853515 1.8909839
41 -0.52111256 0.5234913 -0.019672332 0.9346464 -0.6559677 -0.7774817 -0.02229459 -1.284506
48 -0.37138903 0.5255092 -0.11087751 0.7988027 -1.0837864 -0.7846033 0.08594906 -0.8083691
33 0.23032022 0.46941602 0.7329233 0.00985812 0.5696238 0.81860083 0.22972111 2.049363
37 0.25061795 0.3426527 0.7022282 0.04016376 0.2274801 0.7771358 0.41892168 2.1576428
18 0.05809876 0.1979454 0.39715105 0.5733653 1.0954787 0.67203426 0.098337725 1.5193074
14 0.3171931 0.6275484 0.56412584 -0.023768803 0.044118386 0.9379077 0.34048775 2.09749
29 0.20568104 0.5130108 0.4914687 -0.23532133 -0.5624466 0.2479299 0.51989526 2.2064576
3 0.089454606 0.40130922 0.569111 0.20396478 0.99571437 0.90632945 0.06822895 1.888394
22 -0.058355365 0.34479085 0.5911547 0.3229153 1.1867822 0.5517292 -0.038434334 1.2384185
9 -0.19343264 0.9840067 0.20610087 -0.45181653 -1.8115112 0.25037 0.8919506 1.1094874
20 -0.45143527 0.27106956 0.6894985 -0.11305626 -1.6956359 -0.43161428 -0.030267194 0.2984874
7 0.12104105 0.44398212 0.38524008 0.31399643 0.8811493 0.7795247 -0.1977612 1.7469383
13 0.21065114 0.34060678 0.2790676 0.5586729 1.1517577 0.9853462 0.15184632 2.0238807
35 0.25179726 0.50238526 0.40737152 0.18851885 0.59780514 0.7031486 0.21354438 2.1188989
16 -0.16548955 0.92689925 0.576933 -0.3530034 -1.9380388 -0.49798763 0.73899835 0.043356165
11 -0.3168191 0.6247266 0.8101064 -0.69368863 -1.9491705 0.17336878 0.26350823 1.0721701
25 0.3189755 0.6130436 0.57162845 -0.32529762 -1.3138268 0.40191433 0.23046705 2.0552282
