50 8
1 -0.30333337 0.16967724 1.069827 -0.5064275 0.43137783 0.34039378 0.71547884 0.03978288
29 -0.10032995 -0.48347235 0.44229558 0.24387383 0.7231346 1.0434486 0.73899865 0.026949605
26 -0.5619415 0.6086209 0.019400477 0.17183192 0.19553475 0.46340615 1.0756944 0.590786
38 -0.5648437 0.32955742 0.7287047 -0.16861477 0.6179115 0.785723 1.1071954 -0.16234277
43 -0.48554513 0.31534278 0.5741678 -0.23009537 0.75717586 0.78279465 1.2599797 0.032529816
6 -0.426927 0.7594555 -0.031161455 0.34738818 0.43388432 0.96515954 1.0277233 0.1873908
4 0.029721072 -0.56036997 0.8864705 -0.3270911 0.3548672 1.0773683 0.67986566 0.14454299
41 0.12637421 -0.5384348 0.42161277 0.2614495 0.5295514 1.381353 1.0644149 -0.0039671115
28 -0.75161475 0.530834 0.7871354 -0.53045654 0.41888732 0.46890494 0.9371557 0.29959965
36 -0.2729241 -0.31394997 1.2110609 -0.4947792 0.39275074 0.7406083 0.82222325 -0.063059136
16 -0.06769808 -0.28661987 0.8589965 -0.32992172 0.15581234 0.8967088 0.6366896 0.21655482
27 -0.4033073 0.24677154 0.4793574 -0.03128926 0.7528301 0.9881802 1.142626 -0.030383332
18 0.4326845 0.7241428 -0.36015716 1.4944178 -0.035080966 -0.41315657 -0.7114666 0.5445203
49 -0.28514335 -0.48830855 0.9496714 -0.3759364 0.382226 0.77827764 0.738156 0.21840963
39 -0.4342766 0.17720452 0.4721608 0.19667572 0.74731594 1.1338063 1.2874533 -0.22151999
10 0.050169837 0.8091217 0.24155253 0.77373654 -0.18365794 -0.9024241 -0.7115829 0.67161244
44 -0.2788156 0.08544593 0.3633642 0.11501256 0.75984335 1.1047299 1.2997288 -0.018686885
34 -0.046930864 -0.56297684 0.827695 -0.120445415 0.42267308 1.2267121 0.83744437 -0.0375388
25 1.2369189 -0.5832052 0.1490458 1.2757518 -0.16591552 0.62655735 -0.5605266 0.075166486
42 -0.92330354 0.51251614 0.49127486 -0.58429784 0.3892997 -0.08522135 0.66885555 0.91672546
47 -0.1055842 -0.75661844 1.1614586 -0.3839625 0.4753566 0.9300779 0.6222377 -0.011404257
9 0.4667966 -1.034866 1.0132082 -0.36988825 0.12597029 0.9681121 0.62829864 0.30575538
20 -0.0151372 -0.41838613 0.32241428 0.35403815 0.4122698 1.2016124 0.7832397 0.08712693
45 -0.64460814 0.085724935 1.2666203 -0.6040402 0.50668746 0.59190017 1.043805 -0.13385534
7 0.362013 0.8747996 -0.11684229 1.1214715 -0.097294904 -0.96311265 -0.83946717 0.7948354
46 -0.5095785 -0.039810177 0.65132517 -0.12826493 0.79220843 1.167075 1.004943 -0.12703083
23 -0.35532475 0.85788286 1.0312383 -0.043396313 0.42850885 -1.1592361 -0.61646557 0.22112583
37 0.88251764 -0.27249986 0.44540367 1.0143652 -0.32033908 -0.73509675 -1.2963772 0.66228265
30 0.325958 0.91784805 -0.4559624 1.7634842 -0.004366598 -0.74946576 -0.91379714 0.5769345
22 0.73948276 -0.19482294 0.33003634 1.1316034 -0.47956523 -1.0200062 -1.5029844 0.93064964
13 0.4573322 0.75350463 -0.4140269 1.5974761 -0.09101506 -0.7915846 -1.0378774 0.8030014
0 0.2636592 0.73823184 0.4217771 0.8533062 -0.30613008 -1.3061198 -1.1975676 0.82306
21 0.7365723 -0.19139406 0.32801935 1.07418 -0.56146914 -0.4939724 -1.393796 0.754962
19 -0.0075210873 0.9503017 0.552282 0.67022294 -0.2566062 -1.429204 -1.1508209 0.6977056
15 0.044451624 0.58452827 0.7446024 0.22650866 -0.543802 -1.3337386 -1.145976 1.0786544
33 0.78359264 -0.22861576 0.40483534 1.0157254 -0.67001826 -0.76331794 -1.4683214 0.8959027
5 0.47595894 0.07113 1.1136742 -0.0934229 -0.21098575 -0.5645563 -0.5603751 0.3956374
17 -0.61066014 0.19654804 1.3258903 -1.0127115 0.34491697 -0.5915516 0.49288216 0.5913262
12 0.43785673 0.7237592 -0.46747884 1.8568457 0.018394237 -0.7571632 -1.1809776 0.6533257
40 -0.07945259 1.0557173 -0.44844186 0.89259887 0.09378643 0.8253534 1.1699471 0.2705783
24 0.42492154 0.48341358 0.25256196 0.87719506 -0.62636435 -1.2369977 -1.546406 1.2903155
3 0.72820604 0.16372485 0.49102858 0.7590484 -0.35511956 -1.2899073 -1.4724388 0.9843389
31 -0.50993997 0.28248575 -0.14654912 0.3944902 0.5184392 1.2771358 1.0102808 0.34474754
11 0.5357138 -1.0118339 1.5130223 -0.3023555 0.055772997 0.4004962 -0.567897 0.009542739
2 0.46272025 0.62347066 0.20920551 1.3404034 -0.5974806 -1.1376098 -1.4801276 0.76342034
14 0.9820165 -1.2437834 0.96159005 0.26187384 -0.15954328 0.8954079 -0.5848978 0.16159907
32 0.77174973 0.4396184 0.0958524 1.4711914 -0.48415762 -1.0637991 -1.7787292 0.8377505
8 -0.20054172 0.79993683 -0.8330079 1.0853536 -0.22472186 0.9021638 0.5813339 0.8189419
35 0.54638934 0.28831333 0.1275087 1.304843 -0.732198 -1.0093454 -1.543079 1.0606407
48 0.037216168 -0.095885806 0.28193676 0.07012735 0.36583194 1.5143441 1.0542822 0.19658792
