50 8
39 0.12754284 0.05705727 0.5155861 0.75959086 0.59496886 0.111805916 -0.16429238 -0.10032913
43 0.1476686 0.326714 0.3607246 0.049806416 0.32011396 0.68824977 0.1949324 0.34831092
40 0.05669196 0.1245465 0.10074008 1.2211747 0.8298695 -0.22588338 -0.19445214 0.47758815
15 -0.4104091 0.719765 0.46654823 0.12997042 0.07466912 0.5725169 0.3957706 0.5394044
23 0.15587181 0.2254642 0.8333136 0.59307283 0.12795533 0.1296909 -0.3899867 -0.18272576
48 0.4335242 0.12099748 0.63521665 0.47979644 -0.017284567 0.50800854 -0.49724033 -0.2859653
41 0.51522994 -0.09205427 0.40343565 0.47482383 0.15934104 0.7726232 -0.12278786 -0.48014143
19 0.07462224 0.25636086 0.3404053 0.9478157 0.84582 -0.42988658 -0.52009076 0.7919192
14 0.39074463 0.4859448 0.7574738 0.39093792 -0.77913624 0.73753273 -0.89071923 -0.32221326
36 -0.049425207 0.11985985 0.44481403 -0.49877858 0.3041423 1.4860011 0.6015505 -0.263072
49 -0.018909294 0.34366643 0.7268491 -0.35455507 -0.10360787 1.1304139 0.2632329 -0.12741491
29 -0.25773185 0.05631416 0.37117094 -0.102613606 0.9498591 0.84902203 0.80818796 0.009308584
38 0.11779984 -0.0038661002 0.54872906 -0.19537574 0.0072067375 1.3906232 0.6892641 -0.43701896
27 -0.051525865 0.28455248 0.8323297 -0.92084324 0.049923796 1.3529456 0.25462365 0.11044892
34 0.50435317 -0.119349614 0.74851257 0.0014806659 -0.18130046 1.1957707 0.028275043 -0.75845903
16 0.21799807 0.058097083 0.8284071 -0.51412827 0.18008822 1.0957687 -0.15729265 -0.17165387
24 0.47544786 0.19913106 0.8830538 0.8242946 0.07260083 -0.19874355 -1.2333229 -0.032097463
18 -0.0013118513 0.2684121 0.008106916 1.5930347 0.64880973 -0.51384294 -0.497868 0.834134
31 -0.41866338 0.18843932 -0.17791846 0.65162784 0.98893726 0.28519252 0.93294704 1.0419468
12 0.1554665 0.4018181 0.39715478 1.2367007 0.26219738 -0.41805273 -0.88398015 0.5959703
2 0.33956337 0.059680216 0.57984215 1.4328004 0.29408544 -0.59618163 -1.0104421 0.50252223
7 -0.14979129 0.80105 0.12795937 0.48661414 0.23127958 0.16533658 -0.10322832 1.0511785
46 0.16959095 0.66083443 0.6325933 0.6653442 -0.14776844 -0.12023 -0.79103106 0.6519283
42 -0.13379046 0.33676597 0.22857605 0.024985163 0.6354552 0.5716997 0.30081904 0.70222926
17 -0.064676054 -0.06393542 0.905763 -0.6346776 0.7397495 0.90830785 0.71166754 0.05144897
28 -0.11747313 0.5731773 0.1022989 -0.3572311 0.027226673 1.4224187 0.67494035 0.3033144
21 0.49642098 -0.12113188 0.5715847 1.4512911 -0.1389158 -0.2515211 -1.342369 0.2456135
6 -0.3282899 0.19588606 0.44577864 -0.25749996 1.0177811 0.7830144 0.8193784 0.21367542
26 -0.39661995 0.21218997 0.098143995 0.5028919 0.67667454 0.4258716 1.134825 0.8627473
20 -0.02365831 0.7072615 0.28921324 -0.5732088 -0.33276293 1.5407106 0.24026527 0.23815341
25 0.2793965 0.2512947 -0.20012604 0.18085271 0.23454453 1.1062976 0.40594184 0.39022893
8 -0.3829887 0.2614474 -0.27663553 0.32144368 1.0150176 0.59672326 0.68514943 1.0340474
33 0.60943156 -0.1085164 0.535438 1.6220192 0.043009594 -0.4597084 -1.2240709 0.18364811
13 0.22699527 0.25776315 0.44202793 1.0564998 0.54043525 -0.38454348 -0.9112305 0.51499844
10 -0.2534121 0.96339947 -0.2262931 0.38059708 -0.21120334 0.7329396 0.1192752 1.1738659
1 0.06538665 -0.4063033 0.6704043 -0.012008246 0.67061806 1.0053715 0.71216774 -0.60001874
0 0.06592425 0.44964847 0.30260766 1.3284458 0.67664534 -0.66686916 -0.7717486 0.7905911
3 0.526242 0.08478011 0.6655294 1.397455 0.14270784 -0.48828137 -1.0064464 0.1923438
30 -0.03072055 0.3100222 0.30901405 1.3107009 0.80348766 -0.5882022 -0.33638635 0.68230504
11 0.20879273 0.28282842 0.7549057 -0.9082703 -0.12546863 1.6104789 0.075099416 -0.29148865
35 0.59102446 -0.116992325 0.5343604 1.794026 0.24243617 -0.7168532 -0.8059404 0.45553106
9 0.66719955 -0.01818128 1.5161046 -0.26798213 -0.81137407 1.0458498 -0.2037344 -0.92810655
45 -0.41000608 0.34308878 0.07810358 -0.4690836 0.9477171 1.4346529 1.6269044 -0.026254067
4 0.42988756 0.3842245 0.76858836 -0.52125716 -0.6486669 1.560552 -0.20674348 -0.573927
37 0.7034926 -0.15293618 0.66295624 1.8210179 -0.11722931 -0.6647201 -1.2359201 0.3469253
32 0.6297131 0.046547834 0.4395731 1.8453584 0.077300474 -0.6012785 -1.0578121 0.21695931
47 0.040050413 -0.11037352 0.89924735 -0.35274538 -0.065708086 1.4186472 0.5427556 -0.69534457
22 0.6255456 0.005381501 0.57840186 1.5372063 -0.07015897 -0.449719 -1.4394466 0.27054322
44 0.054649718 -0.46865457 0.067927316 0.5193511 1.351512 0.40200248 0.77600145 0.42413387
5 0.101420596 0.70682013 0.6653333 -0.8133376 -0.74013174 1.7213827 0.12354548 -0.09400621
