50 8
17 -0.43420866 0.48251018 0.13508582 0.468873 0.1701694 -0.42971292 0.039093263 -0.5671864
1 -0.49783707 0.644795 0.248242 0.43126228 -0.058458783 -0.674951 0.03641884 -1.027801
49 -0.5517218 0.7198528 0.26617682 0.39376968 -0.18936831 -0.53406847 0.062752664 -0.90369284
31 -0.5696806 0.6639562 0.10748306 0.4616666 -0.15260828 -0.8291408 -0.00958533 -1.0067898
36 -0.5741829 0.6478312 0.35839993 0.4597975 -0.4445879 -0.588384 0.18527801 -1.0284765
28 -0.4867174 0.5947135 0.44808817 0.37161934 -0.30734688 -0.96150446 0.081453115 -1.1054324
41 -0.5976133 0.8407623 0.42799684 0.3464173 -0.7396777 -0.6314619 -0.00039994303 -0.93072677
38 -0.696887 0.77927774 0.39031145 0.35519078 -0.61501044 -0.6879473 -0.047834165 -1.029993
4 -0.41262254 0.6844792 0.71430606 0.23513022 -1.2311316 -0.43163753 0.032317206 -0.37805662
6 -0.6132434 0.59634954 0.22709064 0.40252003 0.04344143 -0.70749205 -0.0055905394 -0.9743261
29 -0.15775768 0.7868696 0.48714367 -0.04774871 -0.9134457 -0.39276624 -0.11310468 0.20093721
42 -0.5393475 0.5692753 -0.085295394 0.43973753 0.38839355 -0.79123753 0.17134368 -0.97818804
34 -0.5262051 0.69022405 0.7301664 0.23267192 -0.8712107 -0.37722313 -0.047022704 -0.53957236
27 -0.7130258 0.6766575 0.5495744 0.4112348 -0.72344726 -0.581664 -0.070975825 -0.933901
8 -0.14532031 0.6519829 0.054941915 0.32490012 -0.3081131 -0.8854063 -0.11164965 -0.39060417
39 -0.76111686 0.69317126 0.27285442 0.4094774 -0.27326515 -0.8083547 -0.13791205 -1.0306598
47 -0.5931759 0.80547976 0.14272717 0.37453038 -0.20752831 -0.6433041 -0.1422736 -0.9494826
45 -0.51222795 0.59980285 0.011741936 0.532815 0.34388807 -0.8444083 0.044803765 -1.1597595
43 -0.7168106 0.6745348 0.4113473 0.4498001 -0.41597667 -0.98522615 -0.047499437 -1.2630467
16 -0.42305395 0.70722836 0.6172352 0.21199483 -0.96516967 -0.520019 0.12648644 -0.5774972
20 -0.6716032 0.6595504 0.6324145 0.3135532 -0.8214636 -0.73342437 -0.1793854 -0.79350495
26 -0.5046178 0.772236 0.116790466 0.30887637 0.08222039 -0.87893134 -0.15227157 -0.9938939
44 -0.32351416 0.7262398 0.17995428 0.047103267 0.021194426 -0.7991388 -0.19353789 -0.48397642
40 -0.676816 0.61876124 0.38075018 0.26589406 0.009021182 -1.0549043 -0.057190936 -1.24058
23 -0.015037872 0.14257075 -0.079595625 0.4416158 1.1766675 -0.98245066 0.2823711 -0.4510545
10 0.47357944 0.46067137 -0.23316588 0.24027506 0.82389945 0.80599093 0.12552486 1.8484102
46 -0.49569854 0.60516465 0.4816946 0.4389581 -0.6777029 -0.97939825 -0.12456938 -0.8914997
19 0.5402176 -0.03929436 -0.35357687 0.51315683 1.96747 0.41592064 0.6804657 1.2728908
25 -0.4693203 0.8771675 0.6828608 0.1224479 -1.1823522 -0.7287493 -0.22053258 -0.64031124
24 0.2998141 0.09615967 -0.42583227 0.54052556 1.464223 -0.11464142 0.43958378 0.66659814
15 0.31270102 -0.07706369 -0.23858131 0.56008077 1.3803151 -0.24744128 0.39030156 0.68019164
37 0.72417736 0.10792873 0.22905916 0.22645405 0.90606934 0.89518267 0.5258334 2.3100877
9 -0.32802567 0.6476008 0.66457415 0.061319727 -1.0659488 1.0098206 0.017967122 1.2103219
13 0.6121233 0.0038810945 0.22462107 0.3142151 0.71185875 0.94077 0.5953299 2.3954024
14 0.22219363 0.6175771 0.30788374 0.09610225 -0.48584896 1.2836505 0.08460718 2.1624312
0 0.61207056 -0.025034735 0.12213237 0.3350266 1.3688784 0.8841141 0.5009266 2.1232862
30 0.5964117 0.13129444 -0.22758886 0.4290811 1.4511093 0.7393391 0.60022384 1.5614657
22 0.6806864 -0.023070784 0.059573844 0.42420027 1.3281261 0.8432864 0.5232193 2.3424082
21 0.56399554 0.10108676 0.26069734 0.2240134 0.92596155 1.073256 0.36747566 2.5054693
2 0.8251896 0.019113418 -0.23669323 0.33496305 1.4469033 0.6956923 0.61173975 2.238574
33 0.8700972 0.0782781 0.18409702 0.21469966 0.881537 1.057235 0.58475107 2.6971064
12 0.68827766 0.121120945 -0.53831893 0.3579897 1.6100003 0.5210077 0.7326572 1.7434493
18 0.47181997 0.14541572 -0.20969933 0.22152057 1.3793803 0.47176003 0.52419746 1.6536157
3 0.7336151 0.1912833 -0.3523382 0.26843175 1.6367594 0.62647504 0.62173533 1.9892349
35 0.70889795 0.06988963 0.15498146 0.27838376 0.935203 0.8939849 0.45452332 2.436473
5 0.14251965 0.4297561 0.3173473 0.3038087 -0.43543568 1.1772461 0.19744685 1.8017949
7 0.6937264 0.37556046 -0.31230944 0.20692357 1.0871278 0.83026767 0.24220738 2.3004034
32 0.87445545 0.061351106 0.22827765 0.23746112 0.7377982 0.93438226 0.60305536 2.5467477
48 -0.14560705 0.5712574 0.088564105 0.5597819 -0.010849539 -1.5372396 -0.073987775 -1.1893066
11 -0.5657969 0.4376005 1.0725428 0.3335612 -1.4905721 0.12397646 -0.016574852 0.32539943
