50 8
19 -0.8271552 0.21692975 0.56252813 0.35419083 0.14193554 -0.35425976 -0.31290168 0.85233533
24 -0.9550855 0.060378287 0.76163363 -0.64082134 0.46358737 -0.036448058 0.0674258 0.23596133
43 0.120957136 0.11138895 0.7083493 -0.634476 0.6401601 0.92735386 0.348622 -0.43365237
28 -0.5547409 0.25113103 0.6622749 -0.79360366 0.41596627 0.5261727 0.359148 -0.059545483
6 -0.11441418 -0.46235856 0.43932307 0.5851589 0.7210947 1.1730092 0.2323688 -0.08601272
16 0.3022419 0.27015826 0.8204907 -0.83545274 0.25180215 0.6134685 0.2764935 -0.04298651
1 -0.043243054 0.096128725 0.8372065 -0.77723396 0.44333246 0.97237176 0.42085853 -0.63729775
20 0.018655866 -0.0026184693 0.67257905 -0.28213757 0.416257 0.61967504 0.26497713 0.20803316
26 -0.6022127 -0.35505402 0.5693495 0.7629573 0.6827152 0.29215202 0.12132143 0.17808165
10 -0.9309362 0.073282994 0.60947645 0.65824425 0.17996344 -0.16233593 0.052290216 0.4940268
4 0.2615765 0.4320256 0.79532284 -1.0358237 0.19897096 0.8379233 0.04407843 -0.39136776
27 0.08057542 -0.07727795 0.66718847 -0.5862732 0.50139207 1.1967458 0.29096574 -0.32855198
39 0.13554816 -0.19215298 0.5461396 -0.044492442 0.7111109 1.2047861 0.47384277 -0.22125763
42 -0.98656 -0.16642858 0.8367945 -0.87825406 0.71699584 0.17445652 0.35414612 -0.01623402
31 -0.18600895 -0.18790673 0.46956405 0.46748438 0.52853054 0.9876215 0.24474809 -0.014944208
45 -0.7959792 -0.18512858 0.82346666 -0.8520573 0.49257958 0.61900306 0.35185525 -0.2232987
34 0.42056996 0.29306576 0.73755264 -0.6872467 0.2733162 0.8193105 -0.029400997 -0.2238843
23 0.8448178 0.0147234155 0.67378825 0.14765047 0.45564058 1.2306609 0.42968076 -0.47701728
18 -0.17715293 0.33361316 0.50782573 1.2697012 0.29789475 -0.6402354 -0.60237944 0.9311284
13 0.38000682 0.41000536 0.27236974 1.6878124 0.346157 -0.038318317 -0.49805972 0.8075966
36 0.15589276 0.2798729 0.8505214 -1.1517198 0.17682703 1.0961859 0.2588453 -0.5428977
44 0.35468543 -0.40065354 0.4287381 0.94337505 0.79039437 0.96350765 0.13705409 0.12047616
49 -0.14115164 0.46495375 0.88843566 -1.1613147 -0.0867926 0.7423997 0.15792635 -0.36299583
12 -0.39858016 0.11974304 0.43841362 1.1260815 0.50896233 0.1401965 0.09360431 0.2435562
17 -0.6065918 -0.36492822 0.8351402 -0.98989725 0.46157998 0.6229077 0.32289848 0.22015794
38 0.6308371 0.29552037 0.48096156 0.11721634 0.28543717 1.1857152 0.31678537 -0.16080777
41 0.90322465 0.27697536 0.4726403 0.69838005 0.23674914 1.1716762 0.18259302 -0.16601706
29 0.651831 0.12939322 0.44628534 0.5853 0.82796663 0.6362347 -0.0827792 -0.036249258
5 -0.63762385 0.5888944 0.99846834 -1.4740198 -0.14082102 -0.10004514 -0.054526903 0.15766057
40 0.024041867 -0.3013435 0.35038915 0.7333647 0.71042883 1.154318 0.5421637 0.115976445
15 -1.3471998 0.5579793 0.7772894 -0.17005166 0.05162045 -1.0498713 -0.5732655 0.73405296
2 -0.26749974 0.52956814 0.58246714 1.4459199 -0.08265404 -0.88474745 -0.6788203 1.154864
14 0.6115229 1.4993365 0.8801893 -0.0040276973 -1.2835399 -0.20528704 -0.8039401 0.24463975
8 -0.07760239 -0.28624785 0.28555906 0.6956684 0.6854393 1.1715702 0.18793987 0.1552761
25 0.8499936 0.95282084 0.47790736 1.3182167 -0.46311468 0.118207626 -0.7384376 0.30209595
9 0.7357424 0.91524136 0.95387983 -0.9329087 -0.7179811 0.87270904 0.033519518 -0.4629503
46 -1.15941 0.5115044 0.8676206 -0.97874224 0.05478995 -0.33848745 -0.15864743 0.14938048
11 0.38159287 0.789329 1.0454397 -1.4973377 -0.48114792 0.31545022 -0.20820755 -0.03318553
21 -0.582614 0.73410565 0.67801315 1.3124691 -0.42694536 -1.1141298 -0.931154 1.1157124
30 0.1552894 0.5143133 0.41242632 2.234268 0.27709976 -0.57026684 -0.6181613 0.6690047
7 -0.59940875 -0.30562425 0.51136917 1.4351807 0.67160356 -0.46233 0.08235461 0.9492267
0 -0.8692976 0.60478634 0.63879406 1.1387222 -0.16569108 -1.175695 -0.9392023 1.2161317
22 0.19624369 1.5422859 0.84453416 0.93121403 -0.92938226 -1.3839723 -1.0721971 0.9904971
48 0.8824857 0.4601258 0.5484946 -0.34256756 0.36170292 1.52538 0.4925218 -0.57878006
35 -0.34376597 1.0809747 0.8138988 1.111881 -0.5357624 -1.6424063 -0.94236666 1.4746221
3 -0.56887776 1.1803216 0.8377896 0.65125656 -0.6047306 -1.370305 -1.0580916 0.91860825
33 0.0013509945 1.433808 0.8340439 0.80793375 -0.7216995 -1.481162 -0.83392495 1.1743313
32 -0.13870272 1.3300089 0.5772683 1.3535576 -0.38450423 -1.3343111 -0.8892245 1.1735376
37 0.03175358 1.0540602 0.71229887 1.503613 -0.42868668 -1.5152675 -0.7705258 1.5013516
47 0.13418886 0.5590721 0.87626284 -1.4266205 -0.08579694 1.1098121 0.29827198 -0.5005054
