50 8
23 -0.79639286 0.11007005 0.39832273 0.27179444 0.1642389 -0.64754575 0.4023385 -0.49947512
40 -0.7533741 -0.1246789 0.3644387 0.46384102 0.34141988 -1.0427617 0.34942228 -0.59756404
46 -0.46547413 -0.030431246 1.0836171 -0.17643511 -0.40730953 0.25605038 -0.26733077 0.031954937
6 -0.48297507 -0.07973308 0.03851055 0.94555354 -0.13610022 -0.9740742 0.49755192 -0.46240592
28 -0.4270772 0.032500904 0.48089924 0.30864748 -1.0409256 -0.4092537 -0.24700533 -0.90314555
49 -0.6612845 0.49555403 0.23449077 0.18719669 -1.0745066 0.008644326 -0.69240445 -0.7643335
43 -0.6831766 0.09833959 0.31054443 0.2135952 -1.0981395 -0.3998719 0.1744958 -0.9642294
1 -0.50248086 0.5080126 0.20954439 0.21140344 -1.0515227 -0.39200118 -0.3219304 -0.93728125
18 -0.7913503 -0.39547554 0.38729602 0.8239943 0.8838655 -0.34749186 0.8988926 0.8601518
26 -0.6651117 0.01539973 0.39072117 0.34066576 -0.262953 -0.7366395 0.26129 -0.7886463
29 -0.45209122 0.53110474 0.070138134 0.3343061 -0.7541476 -0.739558 0.25651905 -0.73907965
30 -0.6320438 -0.37986624 0.71854687 0.4735123 0.39163217 -0.32637486 0.9832615 0.11892957
24 -0.8861983 -0.049074553 0.25656104 0.5721228 0.65506345 -0.7910915 0.6963827 -0.2754979
39 -0.92776936 0.0022491934 0.016974643 0.47335848 -0.1678631 -1.0835991 0.01628582 -0.70986533
45 -0.7126724 0.13051428 0.42360434 0.27639726 -0.12994382 -0.6296453 0.11071372 -0.8633537
31 -0.62456244 0.10254389 0.05560611 0.62047243 -0.02630831 -1.1335261 0.43725905 -0.59107846
41 -0.3965059 1.1805394 -0.063117795 0.28034237 -1.0381233 -0.16050893 -0.7948296 -0.7552683
44 -0.17440397 0.82476264 -0.3816291 0.8594081 -0.5894045 -1.1034162 -0.21335363 -0.43112907
16 -0.3343793 0.65063536 0.6466619 -0.12825432 -1.0835787 -0.12197008 -0.31571192 -1.1991117
19 -0.547149 -0.3171475 0.9290918 0.4357825 0.8025065 0.12995188 0.8227814 1.0798811
17 -0.6241346 -0.05805846 0.709315 0.06359791 -0.74704885 -0.27878323 -0.41629604 -1.0777375
20 0.19306199 0.8757258 0.4810162 0.40148112 -1.1212903 0.23414837 -0.7295727 -0.24228887
27 -0.6944635 0.65942156 0.09548272 0.25283575 -1.0494643 -0.1511529 -0.76704556 -1.0215977
42 -0.68534505 -0.06732062 0.5377878 0.22915885 -0.04296094 -0.86394954 0.6379863 -0.8477882
48 -0.5517019 0.06811904 0.20911555 0.49949032 -0.41960403 -1.0706857 -0.12161088 -0.8863945
36 -0.50692856 0.81154174 0.17190672 0.21575059 -1.2259994 0.09773395 -0.79503536 -0.8256237
34 0.030638805 1.1992834 0.37331268 0.25338104 -0.87699443 0.16293351 -1.2046602 -0.3487811
47 -0.7543606 0.20518349 0.724277 -0.027785923 -0.74049914 0.2602833 -0.45471776 -1.1694881
22 0.08419129 0.5667552 1.1495022 0.28703445 0.61897707 0.8117353 -0.20311359 1.6067096
8 -0.33701423 0.15280695 -0.11769153 1.0192965 -0.120281614 -1.0765676 0.23807283 -0.14023058
35 -0.12972954 0.18541925 1.1694824 0.33412415 0.90190655 0.64334327 0.20856865 1.8814771
9 -0.217423 0.6327467 1.025224 -0.3382388 -0.9973127 1.1427622 -0.73037213 0.7219509
2 -0.5401903 0.2573052 0.74243236 0.29137257 1.0465381 0.14848965 0.62750834 1.2915006
12 -0.46197617 -0.00368892 0.6239851 0.686249 1.0367125 -0.22722664 0.43245202 1.165841
21 -0.18614149 0.15658213 1.0713061 0.42430407 0.85845935 0.5886125 0.15570876 1.9252014
25 -0.27370328 0.6394816 0.24213687 0.41972694 -0.3437056 0.29225898 -0.8489341 1.2407362
4 0.32574585 1.0525559 0.6120505 0.22336337 -1.2746793 0.71714765 -0.7477075 0.3867742
0 -0.43820226 -0.50173545 1.2968875 0.23037946 0.7665102 0.18779075 0.80750537 1.213282
15 -0.21655999 -0.4003526 1.3153468 0.27944052 0.5909881 0.15864733 1.2268962 1.0634376
7 -0.27826175 0.026867647 0.3209471 0.97284806 0.82516086 -0.65967995 0.5090722 0.87055373
3 -0.45769444 0.11873533 0.7305532 0.5083221 1.1150546 -0.17219293 0.6147876 1.0800701
32 0.14881745 0.38299894 1.0985156 0.5067285 0.7721208 0.64707917 0.5480724 2.0376387
38 -0.023560753 1.4019096 0.097581655 0.22564505 -1.4175428 0.09769629 -1.2390575 -0.44425142
14 0.32823357 1.1272261 0.65363914 0.2650488 -0.55777293 0.8260331 -0.71784776 1.390022
5 0.23564772 0.30169594 1.350753 0.04831799 -0.6475764 1.272377 0.27626443 1.1737517
13 -0.2379005 -0.022036366 0.45864502 0.85325086 0.6812102 -0.27058282 0.5921405 1.4058301
10 0.04042055 -0.052204426 0.951273 0.68532705 0.5511726 0.2924436 0.8729464 1.5820372
11 -0.007569958 1.1382947 0.71003735 -0.27827057 -1.7210662 0.9399492 -1.158429 -0.115413524
33 0.13601193 0.8837463 1.0081218 0.25747836 0.49651295 0.860613 -0.31099877 1.9247048
37 0.22853065 0.28356162 1.4686629 0.18246512 0.34666327 0.98403734 0.41985622 1.5856824
