50 8
43 -0.11962989 0.008228989 -0.12965855 0.12940037 0.88511163 0.58733773 -0.10840386 0.26530412
1 0.015082767 -0.11744507 0.15440086 -0.4256259 1.0486108 0.943381 -0.018171653 -0.09031129
42 -0.1150283 0.096500434 0.6818203 -0.05567253 0.81639796 0.035346538 -0.5435913 0.5498424
23 0.08890271 0.55752945 0.19745797 0.5085702 1.0728683 -0.29111898 -0.5166836 0.5057439
24 0.061991546 0.2949022 0.91867954 1.0407724 -0.018401582 -0.5838864 -0.20432171 0.8421753
20 -0.35895777 0.08981888 -0.003952628 -0.6479197 1.137412 1.2444538 0.13667877 -0.09945878
8 -0.23350267 0.43714678 0.35089672 0.8778134 1.0387454 -0.70069575 -0.49098548 0.7176518
26 -0.19085479 0.47723335 0.9114103 0.7941394 0.5409851 -0.5551716 -0.16784365 0.27087304
6 0.17262112 0.39511827 0.41003606 0.15585677 1.1025599 -0.13875657 -0.4960374 0.44536376
41 -0.1816315 0.33083734 -0.21651396 0.090172686 0.9856721 0.79526734 0.07202019 -0.26850292
39 -0.15095276 0.07410093 0.8494095 1.0201203 0.36236772 -0.61503136 -0.3062679 0.483808
27 0.28259918 -0.12092698 0.025812984 -0.6655214 1.1313978 1.0372036 -0.09288806 0.16032304
16 0.14262605 -0.21243386 0.11745275 -0.7178078 1.1582632 0.9222288 -0.2459926 0.37943324
36 -0.30670926 -0.057272382 0.11170619 -0.5169489 0.5984519 1.6659919 0.22536658 -0.76867014
19 0.077701986 0.85295594 0.72005177 0.79844505 0.6097287 -0.7544243 -0.45893514 0.7881437
25 0.48335668 -0.25518408 0.059093688 0.17933461 0.73015213 0.7264454 -0.20375039 -0.38475695
13 0.36802182 0.27771112 0.12563255 1.0529574 0.36663458 -0.27116773 -0.16105202 0.7674268
28 -0.39347515 0.26492637 -0.2783181 -0.3715392 0.8952768 1.3205757 0.24012741 -0.10301076
29 -0.66685736 0.40252408 0.6580301 0.26910686 1.2085652 -0.41705957 -0.78709674 0.4282477
31 0.22421138 0.12769905 0.48787382 0.9661271 0.48510495 -0.74709255 -0.43424696 1.4067628
49 -0.22130601 -0.16007407 0.09612725 -0.5148198 0.8940096 1.0782807 -0.1039888 0.15630959
4 -0.17823213 0.26493934 -0.14198016 -0.40648913 0.5587147 1.688713 0.39156917 -0.49768466
7 0.2923852 0.4769341 0.38129973 1.354016 0.40342745 -0.8957297 -0.16285838 1.2536132
44 0.39255628 -0.19275701 0.6024913 1.2591728 0.27781415 -0.59779716 -0.38606277 0.5453499
10 0.23365405 0.2963222 -0.6277598 0.5825655 0.16558468 0.9770457 0.39895377 0.49759874
17 0.18790255 -0.28359848 0.076400645 -0.8082928 1.0555154 1.1690367 -0.09142779 0.27561605
38 -0.06094175 -0.0995518 0.4347534 -1.1102926 1.1299353 1.2283673 -0.0710841 -0.02186273
9 0.015690083 -0.2986723 0.34702972 -0.5730802 0.019204738 1.786493 0.4831373 -0.2971906
40 0.3064928 0.3496191 0.5639911 1.6514105 0.04804497 -0.8422522 -0.3903442 0.82955664
15 0.48426726 0.31202284 0.6665285 1.0323981 0.049601827 -0.59723216 -0.2593857 1.131049
34 -0.14589176 -0.4044459 0.8556637 -0.84551334 0.38083184 1.3615055 0.12619716 -0.3022295
18 0.36166483 0.07031879 0.8292328 1.8323239 -0.09127327 -1.0450976 -0.5336473 0.7647294
45 -0.34408912 0.2307153 -0.23707405 -0.1962802 1.1795906 0.9133259 0.014229354 -0.16179036
46 -0.202179 0.074556924 1.0305907 -0.3182918 0.46528026 0.6592844 -0.078232735 -0.4786612
5 0.058997758 -0.10470668 -0.06332196 -0.38396096 0.32771334 1.8674145 0.3803911 -0.86368394
14 -0.10337422 -0.21129143 -0.054393224 -0.122260764 -0.265643 2.0231094 0.60974413 -0.59482753
12 0.30301 0.44118527 0.34405723 2.1679058 -0.12906837 -0.9391426 -0.27651674 0.75330746
30 0.2732466 -0.21476361 1.4247342 1.5750576 -0.7989711 -0.40728384 0.17637107 -0.16930829
3 0.39412874 0.43422535 0.7553444 1.6168361 0.14002544 -1.1134706 -0.58083475 1.0449585
2 0.34159192 -0.28675997 1.2381133 1.7715377 -1.1688257 -0.38392517 0.08757741 0.5297328
35 0.25158057 -0.047992624 0.03190002 0.565771 -0.72843313 1.7423962 1.1051062 -0.99081236
11 -0.34742475 -0.32129923 0.21373136 -0.4134101 -0.17993519 2.130467 0.41437548 -0.79314476
37 0.37516487 -0.05617128 0.8877474 1.803753 -1.0697913 -0.20661162 0.3081314 0.47339082
48 -0.28769916 -0.09595029 0.63552994 -0.9231448 0.9507009 0.7724544 -0.1109915 0.65303415
22 0.118061334 -0.45421743 0.13571478 0.74158657 -0.8957394 1.5737846 0.8187634 -0.52405685
21 0.16164373 0.045738745 0.32811183 2.2231147 -1.0263158 -0.05584122 0.08903784 0.13498761
32 0.33406702 0.07309481 0.7733732 1.5517647 -1.5259802 0.7177409 0.7210591 -0.42394447
0 0.34295934 0.2614976 0.72362804 1.8072169 -0.14596765 -0.9204809 -0.35259783 0.8359866
33 0.6159146 -0.6451964 -0.11150832 1.2964985 -1.2922093 1.705623 1.187857 -0.9738616
47 0.49202555 -0.8534942 0.73291117 1.1605948 -1.3983388 1.1559422 0.6501915 -0.69561785
