50 8
41 -0.5764116 0.32324958 0.6405611 -0.14823008 0.4857618 0.78094655 0.6029954 0.26531324
1 -0.21575855 -0.08528009 0.6577484 -0.21440732 0.75844395 1.0141678 0.8182039 0.21251422
49 -0.37193736 -0.0066272453 0.5745281 -0.28063312 0.4967002 0.96880704 0.8210399 0.52987504
23 0.20890298 0.10910843 0.6692943 0.5208803 0.42405093 0.56162065 -0.06401909 -0.46968523
28 -0.53002226 0.28226992 0.4929495 -0.3442819 0.5135383 0.88321483 0.7558778 0.5970001
27 -0.30053648 0.03357493 0.57544255 -0.1832884 0.49945536 0.8742666 0.71074826 0.40345287
4 -0.22889651 0.040766884 0.5127009 -0.32501572 0.45243746 0.7852795 0.65029395 0.6429301
29 -0.08971852 0.2928475 0.20818187 -0.009233893 0.34983638 0.11318614 0.2454354 0.72091854
16 0.04399353 -0.2627005 0.42132694 -0.3269767 0.54834986 0.98196274 0.45544133 0.7372164
17 -0.4014282 0.11160756 0.57218564 -0.2454864 0.65961826 0.76261413 0.6910157 0.39896512
8 -0.8629602 0.48321235 0.6004114 0.17946374 0.0801763 0.3840978 0.52771765 0.20717213
43 -0.27217746 0.16899422 0.5458948 -0.14952567 0.5698683 1.0221533 0.6771272 0.28490895
36 -0.36035562 -0.14335836 0.64421684 -0.27120394 0.5684121 1.0999547 0.8244712 0.4712625
6 -0.6752862 0.44948673 0.74181145 -0.18671718 0.33544996 0.62648934 0.68393546 0.12659685
38 -0.14140943 0.09279813 0.5755428 -0.21216486 0.41610456 0.8828457 0.553969 0.40954146
26 -0.7352663 0.4266035 0.49018055 0.072920024 0.15136018 0.5885811 0.7545718 0.3782293
34 -0.33468673 0.09562603 0.7611796 -0.47579753 0.5095618 0.9184875 0.7906484 0.41175535
39 -0.7006091 0.54028636 0.6731875 -0.27014136 0.43202 0.865861 0.71775806 0.21520995
45 -0.731452 0.30906948 0.8219523 -0.32616907 0.39264023 1.0847387 0.89715356 0.20844054
40 -0.47358987 0.43850443 0.62328136 0.08945594 0.12919863 0.39551115 0.7074182 0.2409394
31 -0.67302763 0.5507288 0.5845161 -0.27798787 0.4636536 0.88096356 0.67419875 0.18721777
25 1.0479515 0.31148896 0.2602459 0.75389934 -0.29481724 -0.49139246 -0.98729527 0.34069943
48 -0.35953927 0.13089812 0.6696612 -0.027382199 0.35757557 0.6140674 0.6097028 0.19693467
44 -0.41478372 0.12515068 0.77760774 -0.044723365 0.52961254 0.6507693 0.65219593 -0.011003966
9 0.54179436 -0.32568416 0.5501297 0.10058525 0.02685224 0.79723 0.43690428 0.48869
20 -0.26720473 -0.21886215 0.6966905 -0.06241095 0.4829018 0.9638604 0.57574797 0.30595297
47 -0.46392813 0.03424806 0.38578543 -0.15029052 0.54690015 0.77549225 0.78809583 0.6279924
14 1.1885247 -0.063120216 0.04381409 1.0449471 -0.23251727 -0.24581681 -0.91924727 0.4350824
12 -0.24563433 1.3134465 0.5426272 0.76579493 -0.13952965 -0.90577674 -0.44244653 -0.37637463
18 0.44839486 0.5023251 0.2754247 1.3418182 -0.3208278 -1.2145576 -1.1166896 0.1654325
7 1.0479436 0.40296987 0.16905124 1.2805088 -0.16891462 -1.0826488 -1.2473724 0.24353963
13 0.34459126 0.55445427 0.31685084 1.1548492 -0.16762996 -1.2267345 -1.0510046 0.090261795
24 0.83252203 0.48092276 0.21012805 1.3323705 -0.44033843 -1.2532037 -1.5011148 0.1934537
42 -0.1805237 -0.23687287 0.2941638 -0.44588834 0.791188 0.4730838 0.65478903 1.04778
5 0.51951516 -0.46317145 0.016827246 0.0025629406 0.35893977 0.34520674 0.11964507 1.2000757
35 1.0208768 0.23036176 0.15210135 1.1853849 -0.12500982 -1.5463225 -1.2366006 0.5580941
10 -0.7968794 0.5383098 0.5435308 0.026634157 0.22849089 0.29463565 0.72908103 0.29321808
33 1.1465931 0.30739778 0.015504125 1.3749058 -0.24135368 -1.3762645 -1.4425399 0.49464756
30 0.3999268 0.6715154 0.15624978 1.410259 -0.3029228 -1.5568116 -1.1974015 0.28558594
21 1.0344665 0.18328257 0.2279386 1.5256189 -0.30751145 -1.0866818 -1.6008203 0.16288653
22 1.0338607 0.45086685 0.085506484 1.4924283 -0.32452458 -1.6557024 -1.5671507 0.43191114
15 1.0700489 0.31842452 0.19978136 1.2202209 -0.34400398 -1.2170092 -1.2550243 0.39424077
19 1.1528834 0.57105887 0.14773299 1.5022022 -0.47167766 -1.5721326 -1.7532736 0.37061188
2 1.0856792 0.4888838 0.2298904 1.3677942 -0.49502027 -1.5696801 -1.587516 0.4325329
11 0.6798625 -1.2482704 0.45026484 -0.027901534 0.71987236 1.2231557 0.30377716 0.68655276
46 -0.080622755 0.7864279 0.4710764 0.10425571 -0.21707463 -0.49341786 -0.16880627 0.5135356
3 1.0217448 0.57303303 0.17221859 1.4800857 -0.4056511 -1.550111 -1.552061 0.30797225
37 1.2737533 0.18363957 0.30969095 1.5738769 -0.39781 -1.5773509 -1.4520326 0.27995458
32 1.0305331 0.5975827 0.08910748 1.5480593 -0.46705574 -1.6451778 -1.4996103 0.3860338
0 1.2636226 -0.022635752 0.13491395 1.5939262 -0.020585952 -1.3292844 -1.6890868 0.24368227
