50 8
16 -0.35663775 0.14516832 0.45212856 -0.27721187 0.39333534 0.72319144 0.31503633 0.46637568
41 -0.17811896 -0.4596844 0.41966492 -0.4067416 0.5836138 1.1531214 0.6875997 -0.24965581
20 -0.4755125 -0.095526055 0.4848765 -0.35012388 0.3242171 0.8246169 0.38671523 0.3289681
1 -0.49655592 -0.25797763 0.49328217 -0.15598784 0.66206026 0.66834325 0.539422 -0.06431133
49 -0.5034754 -0.17996418 0.70854557 -0.5360101 0.48784065 0.93282586 0.42541558 -0.016076522
26 0.55696493 -0.62785804 0.1104414 0.94253284 0.045333225 -0.17835641 0.5723232 0.67754054
42 -1.0038654 0.12684064 0.42589048 -0.3059252 0.6160195 0.75763166 0.4688094 0.2991201
36 -0.24765256 0.019335251 0.6653045 -0.41609442 0.46772653 0.86747223 0.43365967 -0.010423955
34 -0.23992145 -0.19636668 0.43640536 -0.7597486 0.67117095 1.1835692 0.62609273 0.05485094
46 -0.24955943 0.5428937 0.856808 -0.08458008 0.23017418 0.5296121 -0.1419043 0.21292028
23 -0.55448467 0.9049927 0.73855793 0.50212646 0.82852876 -0.112142496 -0.49841157 0.20749538
28 -0.315884 -0.2952314 0.19661108 -0.45378694 1.1864294 0.8629886 0.7067159 0.07249599
45 -0.7249548 -0.13677473 0.43039834 -0.20109348 0.47414225 0.75384545 0.5907686 0.1757505
27 -0.17690277 -0.29344723 0.40523353 -0.6661191 0.7806694 1.1072354 0.6500807 0.011649516
19 0.4292385 0.79272807 0.9678479 0.6571834 -0.11557019 -0.18672232 -0.70210785 0.6791255
8 -0.664746 -0.5332519 -0.69866157 0.6969913 1.0396336 0.58760256 0.54530704 0.22453026
38 0.05697086 -0.24363393 0.7088564 -0.54667085 0.2488482 1.1915569 0.44112834 -0.19206333
48 -0.77770334 0.01348292 0.4881586 -0.43822733 0.83585197 0.8499972 0.40127024 0.0468011
17 -1.0953871 0.05592563 0.37370488 -0.29917628 0.718766 0.7279428 0.41608492 0.2636084
14 0.726404 -0.1097573 1.1964465 0.44693625 -0.9374094 0.5270409 -0.4100912 -0.0018664487
43 -0.73443186 -0.4136853 -0.09805375 -0.13555938 1.1699423 0.79641205 0.7675764 0.06823503
15 -0.2448061 0.9658619 0.64604974 0.6136438 0.22576538 -0.024104938 -0.30787888 0.5427649
6 -0.4663934 -0.3006057 -0.13100082 -0.16496314 1.1208463 0.7859099 0.64787614 0.27328822
4 -0.02767365 -0.43259898 0.41386876 -0.6215397 0.5084213 1.1206768 0.7389414 0.09263947
24 0.043349452 0.92862964 1.1938965 0.6033008 -0.18776363 -0.27730602 -0.602705 0.57586783
47 -0.6978296 -0.12581946 0.6726272 -0.3833433 0.43492582 0.7877831 0.5185298 0.07412022
31 -0.7654787 -0.3961355 0.0291768 -0.27706793 0.87536883 0.9268088 0.7779037 0.17632426
29 0.20682134 -0.38831753 0.2930306 -0.1717395 0.63553333 0.8714396 0.30998668 0.015503938
7 0.50856036 0.010065146 0.06465475 1.6785953 0.26144776 -0.7203183 -0.3356683 0.88389313
11 0.4042907 0.1080706 1.213744 -0.06066133 -0.5891524 0.895008 -0.42546242 -0.14962283
40 -0.4707917 -0.281582 -0.46394724 1.4942069 0.23871306 0.11052844 -0.08968846 0.39294806
2 0.7496827 0.21821237 0.36312628 1.7119447 -0.6321487 -0.25997335 -0.9068716 0.69832695
21 0.742183 0.015865214 0.54948395 1.7692662 -0.69862354 -0.34724224 -0.8545717 0.48861256
25 1.6386287 -0.8280495 0.036404043 0.87001824 0.117149465 0.25008398 0.028222578 0.3278086
5 0.18062454 0.18815647 0.87140256 -0.49529 0.18427204 0.99816084 0.054720644 -0.0083968155
9 1.3275428 -0.47093847 1.1476117 0.14723873 -0.6250065 0.33738762 0.18490133 0.123293735
0 0.49243632 0.035855256 0.012886276 2.186123 -0.18549667 -0.62191415 -0.96367675 0.78183717
30 0.08337602 -0.044723414 0.02849641 2.230888 -0.3831663 -0.65918267 -0.7946888 0.7851095
22 1.2014052 -0.16607864 0.36443165 1.7687136 -0.6202413 -0.32680714 -0.87915605 0.6802874
35 1.1723486 0.076282494 0.6455811 1.642821 -0.55290973 -0.43548876 -0.90545166 0.5982779
13 0.9818267 -0.3330883 -0.34904093 2.0434003 0.22492193 -0.56061536 -0.51746696 0.8080907
3 0.32335544 0.4087375 0.584493 1.6367328 -0.33290386 -0.6556575 -0.77246886 0.790048
39 -0.6933306 -0.60110873 -0.23162986 -0.18757764 1.242858 0.98889446 1.0188172 -0.02524628
10 -0.85261834 0.21728691 0.3932931 0.24738231 -0.35409328 0.3854192 0.3417222 0.8692852
44 0.18903771 -1.4700822 -0.26765838 0.25317934 0.86675125 0.5084503 1.0528907 0.10263051
32 1.2278172 -0.42067704 -0.38059422 2.5224068 -0.35447782 -0.49939328 -0.72785604 0.77146316
12 0.4489149 0.19307539 0.14139915 2.0833495 0.04145103 -0.8788013 -0.9070945 0.84597826
33 1.161585 -0.20402524 0.038282506 2.0025432 -0.49381942 -0.36438656 -0.6440663 0.7653805
18 0.60559696 -0.59928507 -0.46637836 2.3668752 -0.10955466 -0.5148506 -0.6436829 0.67735916
37 1.1851188 -0.59289443 0.6769272 1.5160664 -0.5375342 -0.40804258 -0.34184402 0.28411064
