50 8
28 -0.57186615 0.6701783 0.11459819 0.6133713 -0.67413616 -0.47433937 -0.5201304 -0.9046926
1 -0.30123135 0.66502845 0.01074544 0.8319188 -0.6162019 -0.23058197 -0.3013594 -0.7901858
26 -0.1235928 0.14119604 0.29157552 0.85531515 0.96921986 -0.43502876 0.15030149 0.15359299
27 -0.23703057 0.30922464 -0.13226935 0.874206 -0.40392697 -1.0947443 -0.23135662 -0.658882
43 -0.3506308 0.15139405 0.0015945326 0.7768489 0.69944286 -0.78609127 -0.37220928 -0.1070595
23 -0.71857154 0.084199995 0.032570463 1.213287 0.33949074 -0.38756627 -0.118682146 -0.65023386
17 -0.5076402 0.2678139 0.52222484 0.2240561 0.70015645 -0.56366295 -0.93231565 0.18063565
12 -0.1628483 -0.018633356 -0.19618705 1.4966122 0.502138 -0.22230795 0.7173202 0.18507828
6 -0.43455988 0.25916877 0.03830439 0.925915 -0.3931222 -0.8754155 -0.20377463 -0.76197934
31 -0.34363642 0.14481293 0.29693732 0.7654557 -0.10340324 -1.0588458 0.086520426 -0.37404147
4 -0.17213117 0.850896 -0.047828104 0.56504875 -0.8043684 -0.60582227 -0.1649445 -0.79522353
39 0.005642346 0.6680913 -0.085509576 0.8011857 -0.3473029 -0.6778373 0.12670216 -0.72966397
36 -0.60833514 0.41695932 -0.058390804 0.6815896 0.85600096 -0.07124397 -0.8245085 -0.10631469
10 -0.28131667 0.22665511 -0.15843458 1.0245148 0.4281383 -0.6563745 -0.36989304 -0.5257977
19 -0.23418008 0.33734792 -0.046670325 0.7329189 1.3196893 -0.20861252 -0.6216142 0.14146829
16 -0.19630389 0.5044355 0.025214301 0.37378788 -0.4426281 -1.113383 -0.44208017 -0.2945477
41 -0.0028543265 1.1686934 0.07154726 0.6765599 -0.6342372 -0.13352288 0.6203229 -1.0148983
24 -0.6004896 0.22742902 -0.033994235 0.4307701 1.3436704 -0.58633447 -1.0017468 0.39260697
20 -0.34627455 0.2787498 0.32403338 0.5553445 -0.5397199 -0.9753723 -0.6704979 -0.5493137
40 -0.21155936 0.75742346 0.13553414 0.9216373 -0.4429382 -0.1305115 1.0281932 -0.56298923
29 -0.26911458 1.003135 -0.056541454 0.09938226 -1.0142676 -0.52832144 -0.47308105 -0.13351782
25 0.6139326 1.2835785 0.80184513 -0.35608405 -1.0281395 0.43207675 0.004071296 1.1112796
35 0.013790947 0.4657404 0.018160537 0.6581174 0.99807686 0.7767767 -0.4403388 1.499815
38 -0.08902784 1.0720656 0.24721326 0.50986916 -0.96369076 -0.33773527 0.26028445 -1.0222425
14 -0.15113866 1.146604 -0.2894008 0.40240437 -0.73120606 0.28261566 -0.52922547 -0.15402947
46 -0.32500088 0.42569906 0.7289637 -0.26871517 0.55634445 -0.24789347 -1.0678355 1.3712888
34 0.01755508 1.2473388 -0.090289965 0.7187426 -0.99066067 0.23541446 0.342272 -0.8277104
0 0.083252124 0.26306617 0.7800889 0.21123269 1.2015676 0.18080457 -0.16304424 1.818934
5 -0.1869659 0.5354081 0.21728133 0.25174066 0.48349282 0.5378685 -1.1028972 1.2557952
48 0.18391769 0.6416669 -0.29387477 1.3026313 -0.7530122 -0.40675712 0.66270167 -0.863978
8 0.27845544 0.66212904 0.71366155 0.09735101 -0.7510906 -0.97377247 0.11871817 -0.09928873
45 0.16913417 1.2783188 0.845723 -0.9094608 0.1131599 -0.20957783 -1.0007112 0.84141403
13 0.3835123 0.18675238 0.73352164 1.0503336 -0.21688105 -0.11535113 1.7822093 0.68532234
42 -0.4337564 0.6679342 0.943925 -0.6306411 0.29140246 -0.5270961 -0.63431245 1.128891
15 -0.0271664 0.1511151 0.52981424 0.115069404 0.94405663 0.07473262 -0.9841807 2.0416586
2 0.5129778 -0.10853909 0.369604 1.0557326 1.4673865 0.13605435 0.5278308 1.60214
21 -0.2158833 0.64373326 0.25449556 0.5286079 1.0855337 0.84935766 -0.3088636 1.037559
9 -0.52210736 1.1890275 -0.29251295 0.46201912 -0.99635535 -0.06599087 -0.47242618 -0.81406933
30 0.68881476 0.18117744 0.36711168 0.7714517 1.1088641 -0.09838742 0.23978248 1.1942863
44 0.51150674 0.5789505 0.7547426 0.4337699 -1.2671887 -0.694828 0.64221483 -0.025438387
18 0.29419708 0.30876094 1.2974608 -0.0032928505 0.31580517 0.25267285 0.5629468 2.2796252
47 -0.5034776 1.0884266 -0.47918037 0.8526361 -0.6529386 0.029619528 -0.21486615 -1.0961343
3 0.21279798 0.5176745 0.54203624 0.23665075 1.036459 0.36560243 -0.01950377 1.6644957
37 -0.07397378 1.3229637 1.0297945 -0.6173295 0.07106472 1.155961 -0.5173449 1.6769038
11 -0.21335782 1.0750353 -0.2318563 0.1823786 -0.92428017 0.64866453 -1.0069555 0.79550385
7 -0.24640247 -0.27717853 0.3897214 1.1153495 1.4701674 0.11926169 -0.08246703 1.023112
49 -0.5948201 1.1667873 0.23334132 0.629833 -1.3336686 0.3295685 -0.054098286 -1.1273671
33 0.1029566 0.67251533 1.0171579 0.18456388 0.91089845 1.0789051 0.45248574 1.9740925
22 -0.27004337 0.80113304 1.0285786 -0.33985436 0.5502618 0.96057916 -0.90805036 1.7654814
32 0.5086639 0.28492016 0.7893463 0.88097686 0.08560102 0.6951971 1.2947223 1.5128033
