50 8
1 -0.19839436 0.6128048 0.2434465 0.3211481 -0.44396 -0.546737 -0.14208357 -0.9876249
26 -0.28336033 -0.16698116 0.56766295 0.50225127 -0.102486305 -0.58104914 -0.6031626 -0.7710823
23 -0.42267358 0.046111748 0.020650197 0.80808157 0.04864658 -0.76131403 -0.47204193 -0.5530299
6 -0.56053704 0.19011562 0.06069075 0.5899204 -0.7418117 -0.6077718 -0.15051466 -1.0333604
36 -0.5203165 0.89329743 0.3568384 0.37466025 -0.7526112 0.032203943 0.73063827 -0.75445503
46 0.07848406 0.71939594 1.1411902 -0.37589782 -0.7527431 0.42143244 -0.19329801 0.6923084
42 -0.4725398 0.26957735 0.27015817 0.2915254 -0.7968402 -0.5704777 -0.27698094 -1.131555
28 -0.4725361 0.37143442 0.13069215 0.78014064 -0.770229 -0.37313873 0.56830555 -0.60170007
19 -0.19444558 -0.43639538 1.2782989 0.08942527 -0.161939 0.04402762 -0.79800415 0.84926945
8 -0.29259747 0.20815013 -0.3723214 1.0217535 -0.040358186 -0.95151323 -0.33635628 -0.18855554
12 0.0264642 0.025063884 0.1667435 1.095836 0.739595 -0.36431238 -0.64782387 1.4190161
20 -0.49143767 0.56545544 1.1236773 -0.4324812 -0.62939227 -0.052600805 0.23810776 -0.5383222
24 -0.24305555 -0.34999037 0.5742221 0.49104202 0.1989194 -0.4012123 -1.2608413 0.12523183
31 -0.43067876 0.14604157 -0.44668335 1.2049947 -0.09167838 -0.87899995 -0.2737277 -0.39183295
43 -0.78833914 0.13511498 0.031879794 0.7707351 -0.39022297 -0.7651018 0.31503087 -1.0765271
3 -0.15939546 -0.06516895 1.0352608 0.11095817 0.24362072 0.057249125 -1.0102702 0.8646821
17 -0.4796874 0.12823987 1.2818018 -0.42894548 -0.7787115 -0.12016615 -0.19813596 -0.95608264
16 -0.12932095 0.9120658 0.9773336 -0.4447732 -0.6845721 0.027230134 0.18645614 -0.36347553
25 0.19084087 0.48241454 0.84668356 -0.08211875 0.13566704 -0.068580285 -0.7725631 1.2197481
38 -0.31742013 1.2829324 -0.21544993 0.49149227 -0.5202287 -0.3705387 0.50972277 -0.49801636
18 -0.3394096 -0.5461981 0.5718339 0.9230686 0.61884457 -0.13338709 -1.2104503 0.79338276
39 -0.62542236 0.45542336 -0.7142495 1.2700924 -0.07283594 -0.7902375 -0.009941737 -0.4694709
29 -0.35154048 0.5799662 0.2294167 0.3122028 -0.22632521 -0.36952582 -0.10842595 0.029541016
49 -0.42604467 0.5099446 0.9473507 -0.31845346 -1.2265866 0.014614611 0.10513068 -0.9295303
40 -0.73718655 0.2915329 -0.53221214 1.24861 0.47245347 -1.0133622 0.060163345 -0.25661936
15 -0.2546396 0.12403156 0.7666087 -0.028178377 -0.4138475 -0.5620486 -0.3975626 -0.77169216
0 -0.0006569958 -0.30456674 1.5564477 -0.060679097 0.18433689 0.1400538 -0.91667205 1.0115609
14 0.06899123 1.2659806 0.74934906 0.042992424 -0.08176515 0.51350677 0.37159574 1.4961612
37 0.16326022 0.48490217 1.3401526 -0.32369617 0.34045395 0.009983923 -0.39887658 1.2192487
27 -0.6613465 0.56775624 -0.027617175 0.64996463 -1.1583327 -0.2209947 0.44579825 -0.9621642
44 -0.13955805 -0.062412124 0.07755772 0.7860552 -0.3957187 -0.55420065 -1.0172884 -0.8380896
7 0.15463656 0.044214465 -0.06260914 1.2162511 0.82402486 -0.72419614 -0.90737313 0.6459897
4 -0.24630351 1.3811879 0.26652274 -0.18956111 -0.92518526 -0.34891415 0.7895172 -0.362477
13 -0.21058187 0.11585214 -0.38538325 1.6511273 0.63190585 -0.43955714 -0.38223413 0.65413326
41 -0.52859074 1.1236345 -0.5141733 0.94081366 0.06328264 -0.6991539 0.7619017 -0.33488116
30 -0.11037878 -0.4054975 0.52592474 1.0065473 0.7944221 -0.23688003 -1.1344409 0.9611833
45 -0.12836963 0.15511131 1.0470089 -0.43621716 -0.73029804 -0.26633748 -0.8752801 -0.78104156
2 -0.0389618 -0.35158992 0.9838849 0.5079687 0.7255771 -0.31381097 -0.88227576 1.3487388
22 -0.08763179 0.21285224 1.0171723 0.44265953 1.2355851 0.005774558 -0.5112406 1.637891
9 0.022592017 1.3898302 0.91007864 -0.38278368 -1.007943 0.27197844 1.1431686 0.81659806
48 -0.27050072 0.7898235 -0.53828776 1.0243933 -0.41804576 -0.8210952 0.43081522 -0.4865272
11 0.07967611 0.68008626 1.3534863 -0.39457065 -1.0818175 0.8216291 -0.066961676 0.922559
35 -0.038535465 0.28223625 1.0112706 0.22243637 1.0216434 -0.23987353 -0.36389825 1.7690396
5 -0.041976877 0.28495675 1.8560858 -0.5760457 -0.6355416 0.44194898 0.15100887 0.689008
33 0.36829838 0.9072259 1.2598443 -0.27642095 0.29672855 0.27187604 -0.19224942 1.9908522
10 0.14655736 -0.022912469 0.39738423 0.9665666 0.18565531 -0.2839992 -0.41356093 0.8122774
21 -0.16630547 0.5127708 1.392279 -0.10785728 0.8934891 0.28126958 -0.25778505 1.5896566
34 -0.30039176 1.5778162 -0.3329267 0.52337515 -0.71179575 -0.21361983 0.8632962 -0.5692906
32 0.032868378 0.72170484 1.2938561 -0.06800389 1.0127053 0.18532886 -0.08698845 1.7359984
47 -0.52430415 0.73265845 -0.65484357 1.2718021 -0.43928 -0.70158577 0.30790508 -1.1903428
