50 8
48 -0.17008558 0.50150883 0.8026999 0.06295837 0.40767053 0.27235773 -0.07551628 0.2886113
19 0.038895596 0.19243369 0.6920157 -0.005314667 0.32773566 0.38857526 0.050476853 0.24856062
43 -0.1475621 0.14616142 0.9558868 -0.27859303 0.7543316 0.46047744 0.33537263 -0.21599504
28 -0.085380346 -0.15090863 0.72841877 -0.4715342 0.6410902 0.8413134 0.41550747 -0.07612871
23 -0.03171463 0.4434667 0.92504543 0.07308552 0.66649467 0.0482109 0.08931221 0.1091113
39 0.11630424 0.28922337 0.82523817 0.12512642 0.22383794 0.19368054 0.36475137 0.061962035
40 0.23338321 0.8577694 0.20238574 1.5618919 -0.537232 -0.11320032 -0.12778671 0.58564395
42 -0.16693121 0.38400412 1.0501884 -0.28274637 0.7491562 0.26227283 0.20983677 -0.017683228
17 -0.057490304 -0.26961222 0.90681094 -0.815718 0.8286281 0.8854127 0.500632 -0.099808484
45 0.12001729 -0.18099295 0.9551905 -0.5556649 0.63616043 0.72150886 0.34771037 -0.21704409
49 0.25121415 -0.7609142 0.73554116 -0.63498765 0.7293967 0.97431797 0.4624405 -0.29202706
20 0.06291993 -1.1370262 0.41781613 -0.23550236 0.2730357 0.88575816 0.19552776 0.066906646
44 -0.19085649 0.65306836 0.8937511 0.45004788 0.2192872 -0.1314235 -0.36679295 0.3845033
36 0.2502492 -0.9141255 0.46101207 -0.49370304 0.59729 1.0120136 0.6475018 -0.099473804
16 0.2760019 -0.77789485 0.52931726 -0.6292363 0.5414838 1.1045352 0.506237 -0.04521309
46 -0.03971266 0.4302311 0.41422656 1.1866755 -0.5092246 -0.14848748 -0.39407334 0.70022386
18 -0.28288502 0.7590883 0.2883656 1.3851328 -0.49205145 -0.2753057 -0.26972532 0.914946
8 -0.12666334 0.45752764 0.14086168 1.1189656 -0.3064797 0.03961702 -0.031640984 0.72999173
4 0.29427212 -1.1116906 0.54680604 -0.50227666 0.39370888 1.0927355 0.57587665 -0.20523693
25 0.7084263 -1.0814373 -0.4111159 1.1219063 0.038846694 0.4180715 -0.3704602 0.5101871
31 -0.14895852 0.90618396 0.789718 0.26611784 0.3514653 0.06419093 0.27511182 0.31563494
27 0.4922848 -0.43674543 0.8818145 -0.8306158 0.85030895 1.0947688 0.81170714 -0.5104493
1 0.3912962 -0.43287954 0.89332116 -0.62079716 1.0289305 0.9460476 0.46841115 -0.58661145
26 -0.28885955 0.65584797 0.85490793 0.025709303 0.5486673 0.14974038 0.47671986 0.16088077
24 -0.34437034 0.30872023 0.7572424 0.16082987 0.28304124 0.21025221 -0.1595729 0.41208324
7 -0.18857606 0.9298484 0.3070524 1.346953 -0.51049924 -0.38610357 0.026173526 0.9859355
2 -0.50941163 0.7471873 0.50351137 1.264522 -0.62417984 -0.29885864 -0.42466757 0.9313497
6 0.022393191 0.1716843 0.904348 -0.20051374 0.56117433 0.4480206 0.4538139 -0.15350756
41 0.30512685 -0.41090378 0.71643037 -0.3396685 0.89198613 0.7355856 0.75877964 -0.4629221
38 0.5158549 -1.1444103 0.5215771 -0.2686595 0.5877351 0.778941 0.45419955 -0.2566407
3 -0.20823422 0.5096372 0.21224459 1.7318211 -0.33276698 -0.50194687 -0.73575604 0.97599304
34 0.5360523 -1.3374585 0.6046405 -0.87920624 0.6299032 1.2916484 0.6783297 -0.25958812
15 -0.6554853 1.1740682 1.047703 0.2245673 -0.092741586 -0.039289154 0.010926849 0.59095585
47 0.24202995 -0.35916093 0.8187757 -0.5231327 0.8623838 0.8470565 0.5491745 -0.4058181
0 -0.69154656 1.1781343 0.7198429 0.9866711 -0.49248573 -0.26521093 -0.15405463 0.7898611
10 -0.49499422 -0.2032792 -0.1379994 0.7549516 -0.48560768 0.62666726 0.15075068 0.88892496
12 -0.6139274 0.90961087 0.43457887 1.2859355 -0.18620905 -0.33092198 -0.6615103 0.9143201
21 -0.20838164 -0.07463195 -0.16398539 1.6947501 -0.8241888 -0.15191002 -0.6925072 1.274257
14 0.9591844 -1.7076136 -0.51173437 1.0628914 -0.3186802 0.91448295 -0.23705603 0.16137041
30 0.39274204 0.2892703 -0.05523051 2.0869586 -0.41505104 -0.51420236 -0.6096389 0.764956
11 0.54261386 -1.622559 0.30619448 -0.5692577 0.61103153 1.2887748 0.47710612 -0.17325236
35 0.08389092 -0.33113688 -0.4685047 1.9859873 -0.94652885 -0.2223441 -0.36780024 1.4292697
5 0.5869129 -1.265365 0.41993785 -0.6487578 0.7762153 1.0462509 0.69918424 -0.09368944
32 0.24052308 -0.4555739 -0.525471 2.1471133 -0.97760576 -0.17192744 -0.5265312 1.2695163
29 0.68486834 -1.3289233 0.35091034 -0.20688994 1.0611035 0.65770996 0.082319714 -0.0636102
9 0.68817014 -1.6154766 0.5384782 -0.6794747 0.7122634 1.1740468 0.6579992 -0.39659962
33 0.35164288 -0.524528 -0.71289283 2.3885314 -0.8087465 -0.22367193 -0.5849981 1.2114452
37 0.14491409 -0.6827619 -0.62482554 2.27685 -0.8686795 -0.31867802 -0.709757 1.4295447
13 0.24884269 -0.63984376 -0.811027 2.0857015 -0.92277664 0.03824767 -0.320217 1.3544594
22 0.4826103 -1.0064714 -0.72700137 2.4952884 -1.0953147 -0.16903995 -0.6575968 1.1497852
