50 8
45 0.2915163 0.58976936 0.58448994 0.43531144 0.14407398 -0.18865623 -0.033436522 -0.46176878
16 -0.23261862 0.26632938 0.1656647 0.27486056 -0.6296357 -0.5100061 -0.2102364 -0.9519712
23 -0.17431672 0.12094031 0.88406336 0.2641791 0.46147722 -0.49391228 0.10931459 -0.91117436
1 -0.064033635 0.24652763 0.24475396 0.34926155 -0.8605417 -0.5521226 0.06018954 -1.203313
34 -0.7019602 0.5456023 0.29070684 -0.06889375 -0.67296445 -0.3164836 0.13284628 -0.8194199
36 -0.5702674 0.34049046 0.14367224 0.060054734 -0.46974057 -0.6602535 0.05796225 -1.2724433
24 0.041784916 0.39155263 0.73426133 0.73315066 0.80348796 0.14926259 -0.36043775 0.5438924
19 -0.014586302 0.35355902 0.56850845 1.0216687 0.64882433 0.39943948 -0.3734379 0.8592118
40 -0.10675769 -0.009711716 0.575525 0.29715678 0.24103235 -0.62555486 -0.21715458 -1.2012994
43 -0.36023894 -0.016073912 0.83968383 0.1682023 -0.025480457 -0.72683364 0.22558875 -0.9011604
41 -0.51342416 0.3770875 -0.25314355 0.19080687 -0.8082984 -0.5549203 -0.37093595 -1.065762
44 0.23581766 0.1456296 0.8162197 0.25849786 0.023729136 -0.3444376 -0.47727054 -0.94642
6 -0.52538204 -0.31149536 0.24046889 0.36090228 -0.47041935 -0.76025534 -0.35781327 -1.2855141
28 -0.19706441 0.069124125 0.2921118 0.3380367 -0.76397294 -0.8016099 0.11343087 -0.9939493
27 -0.52042687 0.24254279 0.122495584 0.111032754 -0.8737873 -0.7005098 -0.016996762 -1.0335442
17 -0.65824527 0.013691766 0.41075793 -0.010174332 -0.5648747 -0.61053336 -0.3654225 -1.0844946
20 -0.6866099 0.38222778 0.2383558 0.07739347 -0.57784605 -0.40931302 0.0046268445 -0.6252161
49 -0.41914594 0.80109805 0.6272301 0.11560585 -0.10747358 0.49116814 0.017544542 -0.585819
26 0.0027918583 -0.25818846 0.45922637 0.4401005 0.5161664 -0.93306464 -0.7137396 -0.65857095
30 0.43664005 0.17202511 0.6550702 1.0676068 0.80729717 -0.046928566 -0.16544394 0.1415922
15 0.11808786 0.5753655 0.7006355 0.9651456 0.5461617 0.28595236 -0.07301832 1.1887796
12 0.056013346 0.4466752 0.02551817 1.0485691 0.5757731 -0.48068354 0.1560355 0.72433156
10 -0.03345316 0.69025713 0.31524384 0.80237156 0.63650346 -0.12684801 0.04821463 0.8409311
5 -0.3515698 1.3594474 0.48339856 0.2349396 0.05953849 0.46688917 0.117548764 1.025328
29 -0.61539173 0.1308583 0.05523407 0.55985415 -0.6987604 0.022837453 -0.4293299 -0.013740474
18 0.15363273 0.04774457 0.85908264 0.98923284 0.72426575 0.1764965 -0.53166217 0.8059305
42 -0.16109581 -0.20622915 0.75416905 0.13574412 -0.072593026 -0.99204373 -0.07701656 -1.5800507
46 -0.3522378 -0.3615776 0.42609796 0.39984262 -0.7705022 -0.95340896 0.059805598 -1.2436714
3 -0.21586475 0.6153207 0.47632703 0.8734497 0.93006504 0.33327818 -0.47575969 1.2951757
13 0.1060397 0.44162157 0.3472453 1.1373874 0.70465124 -0.024174448 -0.21648759 1.1796976
21 -0.29909796 1.1843014 -0.02212428 0.6546102 0.3256348 0.3738389 -0.42589408 1.3655373
8 0.056396063 -0.34671986 0.4640044 0.5209552 0.45865172 -1.0117042 -0.5561462 -1.0056432
4 -0.9165691 0.63753444 -0.167666 0.10512446 -1.2412561 -0.37037084 0.11523177 -0.028769024
0 -0.20384029 0.8384778 0.7298091 0.66581845 1.0399837 0.5087689 -0.34419376 1.1604571
37 -0.16674337 0.36702707 0.47371447 1.143471 0.78715 0.33045277 -0.4584403 1.4131552
33 -0.486339 0.9371822 0.14602692 0.8468687 0.6827797 0.55549526 -0.36628512 1.5865103
7 -0.06988462 0.49845636 0.42967588 1.1473545 0.91744214 0.16721188 -0.2599841 1.3585855
14 -0.31712696 1.6282275 -0.2967383 0.43712443 -0.6230099 0.26146504 0.15913883 1.2827389
32 -0.32985523 1.0124929 0.22136717 0.98198897 0.8034428 0.518237 -0.24631585 1.8466759
25 -0.2299283 0.93241996 -0.09310768 0.37180182 -0.9064616 0.23417409 -0.6641381 0.7527566
38 -1.0018525 0.5518246 -0.41163656 -0.11995747 -1.0022457 -0.32663852 -0.65440065 -0.8779386
11 -0.7930561 0.67351234 -0.12975146 0.24356551 -1.1203631 0.03216813 -0.0110251475 -0.13883597
22 -0.2911248 0.6794588 0.5653721 1.0970359 1.0464915 0.60042757 -0.3402834 1.8026804
31 -0.1182507 -0.15845051 -0.08497296 0.5106122 -0.8513311 -1.1350536 -0.12889743 -1.4701287
35 -0.26658696 0.76566535 0.32035255 1.073289 0.70284665 0.58643633 -0.49113125 1.9445109
47 -0.8587415 0.48955616 -0.426651 -0.14180908 -1.3155295 -0.70955694 -0.35804486 -1.4536773
2 0.276168 0.5453285 0.5518455 1.2291565 1.0450284 0.012462833 -0.03129683 1.4023931
39 -0.58121574 0.008107747 -0.13112123 0.18464246 -1.0697141 -1.0775534 -0.14065076 -1.2328336
9 -1.1001289 1.0688711 -0.52799064 0.17242488 -1.4524454 -0.15830185 0.31727272 0.6456566
48 0.14314692 -0.0045014117 -0.3584737 0.77873284 -1.2958813 -0.8616181 -0.24961899 -1.1695902
