50 8
1 -0.3199911 0.703005 0.5551477 0.3079759 -0.69935894 0.041180152 0.40228367 -0.28256142
19 -0.46738404 0.32295477 0.20741819 0.27131078 0.11292145 -0.9554193 -0.59846145 0.09364668
43 -0.46797577 0.45082784 0.47338122 0.28909418 -0.61041903 -0.57437736 0.24193937 -0.55329835
29 -0.5780106 0.7865284 0.03091975 -0.34147224 -0.37220505 -1.0283517 -0.39463857 -0.05613737
39 -0.38930503 0.53327084 0.020746892 0.43374383 0.32185507 -0.85160524 -0.68506813 0.019142076
25 -0.37377498 0.61963505 0.19270267 -0.0494531 0.20016536 -0.7660639 -0.7485304 0.37912366
38 -0.06702946 1.0630563 0.31614158 0.9092873 -0.43173805 0.6560256 0.4396757 -0.39452353
23 -0.4473467 0.75606877 0.32269403 -0.16264717 -0.58359236 -0.66660076 0.047440957 -0.3402868
40 -0.33883968 0.58640534 0.2600411 0.134539 0.72904396 -0.5648131 -0.63010675 0.75000185
28 -0.34680775 0.593058 0.3407096 0.86027575 -0.79404783 -0.1017903 0.39833257 -0.984378
6 -0.47301835 0.28075135 0.11784604 0.92253083 0.019637313 -0.55669767 -0.7790162 -0.42389497
13 -0.33725914 0.5760477 0.43965012 0.1542829 0.18619421 -0.09281048 0.05963744 0.82846546
7 -0.55194134 0.24222758 0.09233164 0.042666353 0.4745995 -1.343752 -1.0708934 0.4555192
31 -0.33656266 0.38116637 0.017482905 0.33015415 0.31823218 -1.2993875 -0.83196473 0.09715143
44 -0.1424626 0.103465036 0.46650496 0.8957013 0.4179886 -0.6929932 -0.9578306 -0.067806534
27 -0.6163034 0.7251238 0.12694147 0.48893806 -0.8005283 -0.37203845 0.21699461 -0.95674145
41 -0.46015024 0.9140501 0.05821016 0.11494317 -0.4875435 -0.67433894 0.024170682 -0.6169494
48 0.00449318 0.81319475 0.24376449 0.8304493 -0.58214784 -0.2228708 0.22282936 -0.65373844
2 -0.35942143 0.68919647 0.3811759 -0.39591694 0.6862776 -0.6704196 -0.70810974 0.95522356
10 -0.16207807 0.51156574 0.2824708 1.2976062 0.38360104 0.10180518 -0.71242756 -0.400822
26 -0.46705803 0.4777866 0.10694794 0.27189556 0.24785592 -0.9344984 -0.92701113 0.008070271
49 -0.35251683 0.49946383 0.8945992 0.54486287 -1.0580086 0.35977647 0.8647973 -0.5893779
42 -0.9518579 0.16502334 0.121582076 0.13426055 -0.4252299 -0.85763407 -0.5038468 -0.039993618
15 -0.61294043 0.1194292 0.25257468 -0.08301082 0.29600483 -1.2016803 -0.8450557 0.7586253
4 -0.16475849 0.80315584 0.602046 0.641658 -0.75975746 0.55297893 0.889086 -0.11977525
24 -0.69209105 0.5102493 0.12721951 -0.4567914 0.21893243 -1.1982553 -0.7935406 0.5741507
18 -0.32494986 0.23229069 0.58377385 0.17993799 0.97385657 -0.35487664 -0.89396316 1.3633461
0 -0.45368063 0.25657105 0.41853797 -0.15591858 0.7909212 -0.8950115 -0.8141779 1.3003838
12 -0.33599886 0.33279648 0.18684976 0.012991895 0.6578016 -1.1546179 -0.8331574 0.881434
21 -0.28945443 0.2368052 0.6848573 -0.11758378 0.85257834 -0.5254761 -0.7049864 1.4497712
14 -0.18814677 0.93489283 0.6900243 0.3971757 -0.6020941 0.88990283 1.1789397 0.42064598
16 -0.34112227 0.6749505 0.5767088 -0.10566021 -0.9859209 -0.58695483 0.41121015 -0.6247118
34 -0.25050372 0.88548195 0.45560873 0.14041817 -0.9002598 -0.2653978 0.847763 -0.542096
8 -0.3096802 0.2176091 0.26423723 0.36135784 0.66238785 -1.1886173 -1.1532698 0.24410336
36 -0.1730782 0.6335857 0.48605296 1.1369712 -0.6892783 0.5980388 0.952371 -0.24987508
20 -0.51073503 0.4492031 0.264001 0.8811069 -0.34236774 -0.23279479 -0.33653328 -0.7957774
9 -0.3732642 0.6816343 0.69854236 0.8255144 -1.1073132 1.0642025 1.3987538 0.04683144
17 -0.52091295 0.4303565 0.81976646 0.18778993 -1.5955914 -0.09087527 0.92933583 -0.72207737
46 -0.7394412 0.094961464 0.6223343 -0.74972135 -0.6200457 -1.2484204 -0.044822093 0.63711786
22 0.22821559 0.4698852 1.0711962 0.81607884 0.53638655 0.91073245 0.60462785 1.2553234
30 0.10315062 0.59019953 0.53387624 0.03404983 0.9298673 -0.43631348 -0.65789163 1.3889325
33 0.2940675 0.28116304 1.1009295 0.6628859 0.49271312 0.6120042 0.49637958 1.6392336
11 -0.3474717 0.74508405 0.70358485 0.63931376 -0.996846 1.1467692 1.2151557 0.3740185
3 -0.547907 0.3609806 0.3716595 -0.41664523 0.3528003 -1.2004333 -0.9308656 0.56195533
45 -0.23965171 0.44009584 0.4989847 1.3327799 -0.617703 0.2005336 0.42649475 -0.9923114
5 -0.20976926 0.6053164 0.9760782 0.68253124 -0.8313979 1.1646875 1.2664897 0.4251244
32 0.19905002 0.4403326 0.98070717 1.1250247 0.5232956 1.2130779 0.91027373 1.4886988
35 0.17271736 0.41224557 0.8789289 1.4336964 0.06980598 1.3248051 1.254473 1.1909465
37 -0.13381156 -0.048851207 0.98690647 0.74877095 0.5896025 0.4755715 0.2796693 1.7044295
47 -0.5387045 0.48903215 0.6005996 0.5491945 -1.0181804 0.42145857 0.6777935 -0.22046418
