50 8
26 0.92489856 -0.9847907 0.68216276 -0.0067344415 0.3699439 -1.0544401 -0.6861594 0.046627354
19 -0.61781496 -0.5035062 0.16260155 -1.1077862 0.874063 -0.026647566 -1.1941127 -1.085947
18 1.3728869 -1.4755914 0.7387416 1.0790085 0.6034739 0.7751774 -0.77250904 -0.15082715
12 -0.25356355 -0.7932168 -0.8919615 -1.1722758 1.7015855 1.0514969 -1.5645552 -0.84438694
7 0.2928727 -1.3398579 -0.16705142 -0.44981006 1.1916715 0.9632214 -1.5800674 -0.2604118
14 -0.62809724 2.6671448 -0.71753246 0.8398856 0.42598248 0.6045018 0.5585493 -0.13564457
15 -0.6737968 -0.6974088 0.7815468 -1.516803 1.5088441 1.1014128 -0.5632384 -1.3382614
6 1.2110206 -0.6940054 0.640773 -0.04123761 0.001740077 -1.4153233 -0.46865785 -0.42848346
27 -0.76718533 1.3946354 0.6594141 0.08290364 -0.179729 -1.012363 -0.04824296 0.43371126
34 -0.6471236 2.590252 -0.29818344 -0.029175872 -0.22040968 -0.023798976 0.15992098 0.97961384
1 -0.96080166 1.0950004 0.544533 -0.899802 -0.20399708 -0.80877024 -0.5664025 0.5870402
43 0.012635904 0.121767454 0.5272012 -0.1192287 0.12154732 -0.8946828 -0.8191354 2.218773
9 -0.58412516 2.750932 -0.42979023 0.29405686 0.33847356 0.20791925 0.8354927 0.13366437
23 -0.6297357 0.5804514 -0.24425046 -1.2213956 0.38927796 -0.26005173 -0.88057005 -0.04769247
41 -0.7099557 1.9229895 0.04790392 0.052680753 -0.34985527 -0.20688273 -0.36308897 1.4836938
4 -0.23047242 2.5206559 -0.057655126 0.881197 -0.19488008 -0.34485078 0.75377524 -0.27802598
20 0.45006397 -0.09856873 1.4863057 0.535052 -0.3320996 -1.5209349 0.044112734 -1.3539746
8 1.5159472 -1.4829468 0.6169724 0.5195524 0.35982198 -0.53790236 -0.87975335 0.016868554
3 -0.20740761 -0.73238945 -0.82844204 -1.2377677 2.1156397 1.8663971 -1.0921149 -1.8381225
21 -0.029074742 0.5754404 -1.104466 -0.46971092 0.88460785 2.4179943 -0.9946706 -0.88358665
36 -0.58859503 2.03439 -0.022106549 -0.32294902 -0.11651238 -0.56316245 0.038245097 1.0457895
24 -0.47602472 -0.28881273 0.05873348 -1.3170689 0.5186434 -0.5027958 -1.260851 -0.71227163
38 -0.034231212 2.0349407 -0.8689343 0.24204412 -0.16259582 -0.13469161 -0.30790678 1.6075214
28 -0.15947494 0.5110807 0.6050738 -0.72279906 0.076582074 -1.1962306 -0.23302154 0.19700935
17 -0.5611333 0.31502625 1.4897602 -0.5236898 0.26985517 -0.9194828 0.17107095 -0.6381533
0 0.34457144 -0.9265818 -0.7083081 -1.0760044 2.0030057 1.8284193 -0.9655303 -1.2716783
11 -0.36444816 2.7683177 -0.21656308 0.79530025 0.3343916 0.8428273 1.1875455 -0.9147043
10 1.2224832 -1.0252719 0.36097315 -0.10280325 0.45936748 -0.277855 -0.6804575 -0.6560863
2 -0.6396761 -0.4831148 -0.53446674 -1.3951925 1.8615296 1.9404563 -1.1276513 -1.544158
29 1.2273425 -0.4057295 0.81658745 0.8096669 -0.054682806 -1.5798975 0.055560134 -1.4621221
16 0.3452945 0.49165365 1.3385422 0.7283393 -0.45137742 -1.5052598 0.33699855 -1.8339967
35 0.6947398 1.4669222 -0.8859283 1.0368936 -0.22646023 1.3383336 -0.58621305 1.4873933
5 -0.46347013 2.1547046 0.20542829 0.41758984 0.4730992 0.7507971 0.9794128 -0.57840353
31 0.79246026 -0.7478172 0.4449781 -0.14908996 0.24914475 -1.043038 -0.9470055 1.4319159
42 0.002377319 -0.39965272 2.5044022 0.07854809 0.15355027 -1.0063218 0.45376563 -0.34419268
30 2.582058 -0.64140326 -0.25401536 1.3613328 0.04235047 1.0339862 -0.53438324 1.0426241
13 1.4127027 -0.43604684 -1.0268835 0.40123892 0.34358802 0.90845805 -1.3223852 -0.0048821443
39 0.9916881 -0.4545257 0.35181612 0.079714485 0.11239294 -0.39767396 -0.8078045 1.7571548
33 0.37787554 1.4221282 -1.39192 0.94484395 0.4150061 1.909373 -0.5273521 -0.076553136
32 1.163833 0.91731113 -0.7300136 1.843241 -0.26019678 1.653949 -0.72934073 1.0654111
37 1.495204 -0.80005205 -0.13878807 1.4156382 1.1824726 1.8579271 -0.2974972 -0.97865015
45 0.7466208 -0.6189899 2.2424119 -0.15560298 0.23255551 -0.23276033 0.59963125 -1.0987363
40 1.5018454 -0.49285483 0.22759923 0.42823958 -0.022076927 -0.8734308 -0.66665125 1.9768056
25 1.4076495 0.87382364 0.5561244 1.7902286 -0.65441895 -0.9610403 0.5847831 -1.3687547
49 -0.50467736 1.226743 1.333128 -0.327645 -0.107850246 -0.86168194 0.5546147 0.010082903
44 1.4520798 -1.4268904 2.0805619 0.88335395 0.2500337 -0.45900074 0.086817235 -0.4644238
46 -0.53419 0.4322708 1.9308168 -0.6527021 0.026753357 -1.295646 0.31060505 -0.10723166
22 1.9045517 -0.21776943 -0.23980781 2.0598629 0.10112043 1.6282185 -0.5043433 0.041657068
47 -0.46582326 1.494783 0.7335761 -0.60210013 -0.287812 -0.7780707 0.14811221 0.72841024
48 -0.2276931 1.1943034 -0.3045046 -0.35063982 0.17702651 -1.1187818 -0.40739936 1.938046
