50 8
36 -0.39020658 0.63705146 -0.08317131 0.3598374 -0.7262247 -0.1892602 -0.47072396 -0.8321381
40 -0.56297874 0.19659923 0.2924957 0.09049617 0.4883087 -0.68157536 -0.33609822 -0.55732375
29 -0.15157424 0.48485056 0.04629812 0.3576095 -0.19708675 -0.45809287 -0.25249943 -0.01799023
1 -0.2576781 0.42513567 0.12234834 0.17067133 -0.4079514 -0.8051925 -0.108835295 -0.88595986
45 -0.16574417 0.7317166 -0.17433526 0.3266775 -0.64909536 -0.46051747 -0.40747195 -0.9748413
27 -0.48601574 0.514809 0.02391256 0.45419586 -0.93198484 0.15078168 -0.47651753 -0.7632447
28 -0.39312273 0.2752919 0.48233765 0.23121773 -0.784915 -0.23834339 -0.43437672 -1.0081488
42 -0.533694 0.04403053 0.39676982 0.091366276 0.03507143 -0.84371877 -0.18252572 -0.86538845
48 -0.20011398 0.65978986 -0.024921501 0.36461726 -1.0374583 -0.3125367 -0.41629493 -0.8108841
41 -0.28269234 0.74974954 -0.15173855 0.39126095 -1.0709952 -0.16417551 -0.43152386 -0.8835745
20 -0.20508145 0.6700495 0.21565582 0.41190156 -0.79203403 0.1710193 -0.709157 -0.49464342
38 -0.2594078 0.82270473 -0.03632462 0.15835945 -0.4950889 -0.4030039 -0.81799984 -1.0157061
43 -0.44977975 0.16794568 0.43583614 0.13973646 -0.54488355 -0.72459114 -0.26304045 -1.1555588
16 -0.1931659 0.6927899 0.12940432 0.4897579 -1.2665942 0.31728783 -0.43142685 -0.74493515
47 -0.37325972 0.54320496 0.27702096 0.433108 -0.6403068 0.1837825 -0.6200338 -1.1026856
4 -0.12429052 0.7711792 0.014164933 0.4953418 -1.2703058 0.2578864 -0.561874 0.017555581
49 -0.38267896 0.62094474 0.11403497 0.40744084 -0.83982855 0.07764487 -0.5986337 -1.0664357
18 -0.20427725 0.07128517 0.34509397 0.5158211 1.1694553 -0.70371187 0.66183496 1.1515032
6 -0.18138859 0.17678338 0.21914782 0.29702723 -0.20576629 -0.8824081 -0.11695636 -0.372219
44 -0.019854356 0.9056342 -0.037935875 0.23649439 -1.0671655 -0.39649925 -0.5386632 -0.5023536
34 -0.26695237 0.9691333 -0.15219927 0.46709892 -0.9558819 0.25059 -0.6756034 -0.8087671
9 -0.04594173 1.0172431 -0.1722104 0.5339802 -1.09744 0.46848753 -0.42241704 0.52869594
25 0.03206692 1.0299337 -0.2637525 0.46439436 -0.53279364 0.15690798 -0.67846924 0.769112
8 -0.28466693 -0.19701183 0.45499972 0.39876726 0.9459855 -1.086662 0.6718084 0.16886848
31 -0.36594307 0.09524534 0.22258887 0.19670811 -0.2558797 -0.98333764 -0.44061697 -0.78823155
10 0.11427312 0.14935522 0.6360385 0.6827005 0.64369744 -0.17142452 0.58784693 1.2946423
15 -0.5808864 -0.5647014 0.9502504 0.39091146 0.5620567 -0.5952548 0.720411 0.061979093
24 -0.42630965 -0.28058457 0.64274925 0.6507805 1.559167 -0.35301548 0.5410743 1.0089786
19 -0.5156898 -0.55564135 0.8033679 0.66558146 1.3786999 -0.45459235 0.5338173 0.9262015
39 -0.29553038 0.49065733 -0.04740521 0.13721992 -0.19227378 -0.8183353 -0.6566667 -0.65123004
5 -0.2418115 0.47965285 0.39327356 0.5221161 -0.96855545 0.445922 -0.18670921 -0.41905195
46 -0.47518903 0.38278776 0.36177993 0.406621 -0.49180776 0.15648466 -0.06520154 -0.87953085
26 -0.2712325 -0.16397408 0.729003 0.13339014 0.14403427 -0.9743686 -0.33913022 -0.5292492
17 -0.7095902 -0.13896084 0.6527218 0.2969191 -0.73535544 -0.31605217 -0.17257556 -1.3461025
12 -0.07814814 -0.0011054232 0.559166 0.68305296 1.2369759 -0.5981449 0.76969135 1.6718308
11 -0.23669949 0.92541426 -0.04661875 0.59011173 -1.2274091 0.6108319 -0.77582 -0.49641168
23 -0.36905906 -0.16491424 0.61825967 0.41131917 1.4641685 -0.8254919 0.4178898 1.0842278
21 -0.19638833 -0.020292526 0.73969454 0.708366 1.3682259 -0.19549495 0.6591697 1.7155558
33 -0.07170293 0.42771325 0.40064242 0.93557465 1.1970787 0.42989033 0.79641473 1.8612347
22 -0.113729656 0.3621224 0.33770362 0.95957345 1.2768748 0.3699157 0.7224525 1.8654687
7 -0.30549586 -0.29280776 0.7473654 0.8161245 1.0938588 -0.2587801 0.8953536 1.6238452
35 -0.056045007 0.3982047 0.3233584 0.9225392 1.036065 0.28282568 0.69111836 2.165693
14 -0.1711287 0.8224633 -0.077060364 0.822586 -0.41481322 0.9081765 0.045256726 1.196027
30 -0.3025402 -0.0659575 0.5764807 0.7282946 1.7822803 -0.40657234 0.73580307 1.4968623
13 -0.21264696 0.10040572 0.49786994 0.851934 1.2082353 -0.034164604 0.7203727 1.8438008
37 -0.25137946 -0.11296364 0.9350014 0.76603705 1.0051357 0.124877535 0.57576895 1.7326953
0 -0.38407996 -0.26966226 0.8355841 0.83790255 1.5042933 -0.20509921 1.0470523 1.5933934
2 -0.23684022 -0.13722855 0.62778634 0.64998585 1.5402642 -0.66709733 0.90296096 1.7673897
3 -0.18286276 0.045816947 0.5425832 0.78961605 1.3960752 -0.19593097 0.70780724 1.8229256
32 -0.21330008 0.3154166 0.34192345 0.97912323 1.1199745 0.39920992 0.92881715 1.9570897
