50 8
1 -0.085768595 0.7803726 -0.00050636084 0.48935443 0.1863651 -0.21289462 0.029534327 -0.623913
36 -0.42371544 0.36832184 0.25158304 0.5500607 -0.34854907 -0.49825367 -0.26391837 -0.71612436
41 -0.16230018 0.8672075 -0.4164912 0.65607864 -0.39066342 -0.054299667 -0.42762893 -0.7873415
46 -0.55660295 0.21313082 1.0255026 0.23765309 -0.75918555 -0.28327373 0.016373424 -0.1747925
34 -0.35012123 0.97044486 -0.36740667 0.43797114 -0.541463 0.022303358 -0.27779916 -0.8364836
12 0.3171822 0.61244583 0.10919856 0.58463544 0.9946787 -0.37907118 0.21597697 1.0849348
17 -0.32088575 0.086743586 0.7661196 0.4347865 -0.6688128 -0.8132546 -0.13158567 -0.54326963
42 -0.8833346 0.6889526 -0.01718028 0.21002096 0.23186076 -0.19021398 -0.41619492 -0.89783746
14 -0.020289931 0.64330804 0.39730877 0.386328 -1.0205781 -0.019696344 -0.34637278 -0.13459834
28 -0.16976883 0.7357549 -0.5740844 0.7270985 -0.4301681 -0.54101795 -0.5009842 -1.1641896
38 0.17531864 1.1073742 -1.120017 0.735666 -0.17422885 -0.3938439 -0.46607003 -0.48697677
43 -0.46715686 0.46115437 -0.2798073 0.6561214 -0.2800873 -0.7309377 -0.40166408 -1.1498649
19 -0.30905715 -0.004763016 1.8187124 0.25799403 0.30888894 -0.14687416 0.24516168 1.027036
9 -0.5584855 0.5258917 0.7094659 -0.07321767 -1.0598656 -0.49539235 0.0442436 -0.6856518
16 0.051599145 0.6711139 0.6480748 0.044733185 -1.2089658 -0.41214758 0.036229953 -0.34122452
23 -0.8851936 0.6509303 0.609545 0.015621988 1.3064531 0.058343656 0.38580817 0.011882237
6 0.24238934 0.67996186 -0.8524539 1.0702795 -0.048512515 -0.50935787 -0.41067326 0.35157362
48 -0.10532553 1.222893 -0.7034316 0.2758281 -0.081678994 -0.060797743 -0.39809546 -0.56915915
40 -0.0924268 1.3606014 -1.0269717 0.3364692 1.0314627 0.17139652 -0.58165026 0.28310442
4 0.33658978 0.40151268 0.25470895 0.6962942 -1.1590683 -0.6350337 0.014265399 -0.13529442
21 -0.5470178 0.40948704 1.6535417 -0.28158188 0.61294556 0.06142793 0.29315192 0.9189142
27 -0.28272063 0.7260979 -0.74236053 0.8895945 -0.28265336 -0.38817796 -0.5181371 -1.0130109
11 -1.0816063 0.64639366 0.85452694 -0.15429123 -0.26624346 0.29126784 -0.20324494 -0.52139086
26 0.28192446 -0.060083766 0.9558423 0.6398826 -0.2531295 -0.9433604 0.11066879 0.6403439
33 -0.30435237 0.75196654 1.2906712 -0.24251279 0.21829358 0.3324127 0.35961238 1.0744586
15 -0.60795945 0.22149825 1.7527401 -0.31112134 1.015514 -0.39218384 0.5599002 0.9033878
20 0.5530664 0.43999842 -0.079615474 1.1186327 -1.0947678 -0.37020758 -0.46277094 -0.06847358
13 0.35342288 1.1566796 -0.42502633 0.5385561 0.18077263 0.37732464 -0.040668152 1.1772081
5 -0.2693171 0.23392065 1.3361646 0.16458799 -1.0662853 -0.32667443 0.1978178 -0.12865561
49 -0.7398753 0.63448244 0.09408524 0.3315496 -0.75707334 -0.2470704 -0.3941453 -1.3194777
31 -0.30774513 1.0126917 -1.0481828 0.5070039 0.7696648 -0.5752446 -0.2948883 -0.8244217
24 -0.6421839 0.03424889 1.3237729 0.2640202 0.8813791 -0.34804597 0.38658392 0.6540241
22 -0.70826083 0.5432469 1.6310095 -0.36034155 0.52003044 0.4336117 -0.06631838 0.8174746
29 0.33405727 1.0346599 -0.36841255 0.46622747 -1.2180583 -0.17811733 0.09645529 0.06396041
25 0.15155749 1.1097072 0.25779194 -0.061271075 -0.34998915 0.24438648 -0.12592739 0.91708744
45 -0.2533919 0.98700583 -0.6960001 0.41901562 0.72993517 -0.553439 -0.18770187 -1.1299092
30 0.07017838 0.48727104 0.9017214 0.37444445 0.82632405 0.0021416226 0.31363493 1.9735078
39 -0.55940074 1.1068307 -1.0134279 0.3613204 0.79994214 -0.35989773 -0.30426815 -0.9325911
10 0.70552295 0.36054784 0.15439169 0.99502647 -0.31679794 -0.7330523 0.3287891 0.44059896
0 -0.23813686 0.519897 1.4747543 -0.117449775 0.5516111 0.17165036 0.26733264 1.7456347
7 0.48409823 0.3975973 0.6485255 0.56043595 0.38768768 -0.38171038 0.07873386 1.9527549
37 0.007995656 0.32544622 1.6540197 0.06277137 -0.037914697 0.0569479 0.16737941 1.7456397
8 0.4240473 0.58537924 -1.0715333 1.2875677 0.6095779 -0.68502694 -0.5092406 0.55251324
18 0.3954563 0.6771975 0.55426264 0.49319795 0.58685124 0.13232216 0.19602442 1.9672549
47 -0.7778137 1.0826582 -0.7198361 0.2962489 0.275029 -0.21170433 -0.36198092 -1.629325
44 -0.49008682 1.0141509 -1.129494 0.56922567 0.43128738 -0.587409 -0.5579569 -1.3153523
2 -0.2918787 0.33542258 1.5331095 -0.07204964 1.0147775 -0.18678704 0.59293145 1.7899553
3 -0.043834493 0.394434 1.0707628 0.24288768 1.1981761 -0.1161621 0.19135064 1.8799675
35 -0.43577954 0.34803346 1.6782645 -0.16098408 0.60243183 0.046123914 0.22190958 1.4183903
32 0.051767405 0.9242543 1.0372313 0.038131993 0.42373255 0.66693574 0.4873278 1.9726267
