50 8
48 0.12938847 0.60603744 0.91511077 -0.4657917 -0.07096085 0.54983497 0.22148193 0.26915798
19 -0.14787549 0.6417481 0.59725624 0.28350252 0.5369261 -0.0051483787 0.35056707 0.83943635
42 0.020165093 0.12563774 1.0864044 -0.597363 0.62124133 0.06366801 -0.116129495 0.33748668
23 0.42039296 -0.47150326 0.41035613 0.47765884 0.8259115 -0.121290654 -1.0644245 0.019527586
2 0.57283604 -0.36025828 0.32076037 0.69251686 0.41116726 0.28759176 -0.8568388 -0.3571685
40 0.57654357 -0.4370262 -0.040386084 1.2952653 0.8754436 0.02395289 -0.51332545 0.2337348
24 0.08415284 0.004845727 -0.15616672 1.5713496 0.5842395 0.20767611 -0.18776841 0.44403374
17 -0.1267098 0.4507514 1.1232932 -0.70646405 0.26565355 0.4988523 0.39725918 0.45193815
43 0.0403745 0.85122013 0.6855122 0.047851708 0.15848763 0.55249393 0.5455717 0.3465059
30 0.40488032 -0.4708269 -0.038926557 1.3495492 0.6518979 0.10141874 -0.917707 -0.030246492
12 0.4255257 -0.19772144 -0.14626272 1.3805509 0.29485935 0.4780726 -0.35765547 0.19514847
31 0.42580083 -0.30392894 0.8060131 -0.06698832 1.106831 -0.33590186 -0.34157217 0.39637718
8 0.28905806 -0.5080246 0.49361503 0.7311816 0.90335155 0.058367226 -0.123244 0.2380567
34 0.109599546 0.39691073 1.4831812 -1.12856 -0.2155409 0.59467715 0.07501435 -0.074681
6 -0.3949362 0.62930155 0.9075278 -0.3533244 0.36986873 0.37002528 0.48218262 0.7436033
18 0.6818417 -0.93839264 0.15246862 1.0286775 1.2206352 -0.23190716 -0.96932155 0.10054543
26 0.24315247 -0.30393562 0.5563485 0.33848777 1.1477045 -0.1815026 0.32474774 0.907386
25 0.58793557 -0.6841003 0.37503722 0.39306384 0.08299648 0.295481 -1.5038279 -0.3527778
16 0.21272641 0.0034439897 1.1186658 -1.067197 -0.110722 0.87769747 0.34363228 0.47187153
45 -0.20643306 0.87613904 1.1317785 -0.28185856 0.14459622 0.46305022 0.8152843 0.36217514
27 -0.22571117 1.102258 1.1187091 -0.59745216 -0.12033517 0.6180439 0.8397246 0.6045672
20 -0.3923852 0.8819824 0.9205179 -0.4305236 -0.6381415 0.7959614 0.38647234 0.7531957
15 0.060215425 0.6681182 0.30332533 1.1385036 -0.0864181 0.48478115 0.3698326 0.14785747
10 -0.37249663 1.0511892 0.32828718 0.29577872 -0.23765671 0.62442815 0.39726543 0.99977696
36 -0.2345945 1.1800176 1.0923518 -0.41923553 -0.39443377 0.7439028 0.83429545 0.43904397
21 0.55119044 -0.5486124 -0.12670805 0.7796056 -0.22847714 0.6685658 -1.2127181 0.1865977
1 -0.03213264 0.2654368 1.0736147 -0.36221948 0.8853218 0.24859096 0.5896582 0.29888156
11 -0.11822544 0.80177236 0.49395543 -0.2645014 -1.2755896 1.2667388 -0.6184626 0.041847404
39 0.5320838 -0.38544637 0.9881121 0.06770038 0.9995831 -0.21561906 -0.13377252 -0.045947984
28 -0.42920986 1.2294137 1.1490408 -0.616943 -0.508023 0.7711587 0.56608886 0.44195658
3 0.53379595 -0.4570508 -0.23804286 1.4804667 0.38375092 -0.07666804 -1.2373912 0.33378634
13 0.24259208 -0.27019155 -0.38149577 1.4485931 0.74105877 0.15314016 -0.70931464 0.6780198
38 -0.23586245 1.0552415 1.0018166 -0.5247899 -0.79202574 1.0335373 0.6595294 0.4881939
4 -0.2172915 0.98604953 1.1617801 -0.8197004 -0.78685415 0.864211 0.37322396 0.45536384
7 0.572236 0.045301486 -0.3990947 1.588131 0.5943251 0.2207653 0.21491657 0.9298653
14 0.18054673 0.7296643 0.31940028 0.027308336 -1.3173224 1.2122048 -0.3839267 0.24047442
0 0.27878287 -0.3769269 -0.46965843 1.8916278 0.4438434 0.2668207 -0.9494216 0.31224108
32 0.44982076 -0.32957098 -0.5382805 1.7735128 -0.17910013 0.5015817 -1.4065974 0.10918273
41 0.8731514 -0.7986324 1.1386698 -0.6506485 0.8925459 -0.0746088 -0.7371405 -0.32996058
29 0.7281851 -0.79557925 0.6335379 0.040827565 1.0161247 0.07262442 -0.880942 -0.27584338
37 0.45380735 -0.23015232 -0.39564145 1.7232184 -0.35836336 0.43150347 -1.2757818 0.12920731
49 -0.21195562 1.3517609 1.0044829 -0.35993123 -0.6997755 0.82838076 0.62920076 0.37914556
35 0.60292447 -0.55809605 -0.51682043 1.8370751 -0.11170376 0.34110394 -1.352568 0.21213284
9 -0.16708028 1.2119156 1.0754975 -0.7409169 -1.2109421 1.079468 0.40993294 0.51208174
33 0.49162555 -0.5251637 -0.47503927 1.6231899 -0.15271412 0.57944757 -1.4080212 0.009434458
5 -0.2373856 1.3196822 0.51676667 -0.15629388 -0.83304363 1.1215384 0.49614254 0.64271986
22 0.42020404 -0.6206684 -0.20228902 1.2131934 -0.3558366 0.37689063 -1.7557722 0.085629135
47 0.54807776 -0.7414602 0.8434486 0.25860646 0.6640169 0.0094090495 -0.9536027 -0.641216
44 0.5179568 -0.6063256 1.363371 -0.5325255 1.5362642 -0.57964814 -0.31612802 -0.013793422
46 -0.07430613 0.7428071 1.1826911 -1.0854163 -0.8075761 0.6538737 -0.8104811 -0.083435
