50 8
19 0.2030446 0.4451329 0.39963022 0.36219862 0.35217783 -0.39159653 -0.17263831 1.2250029
1 -0.26552233 0.3827309 0.5671061 -0.54737425 0.35506424 0.6256189 0.9756959 -0.004304269
2 0.381133 0.24073398 0.5532714 0.80984217 0.30772945 -0.13582005 -0.45939392 0.81998587
46 -0.8172131 0.50681376 0.6100784 0.08506823 0.70620465 -0.15222217 -0.05803713 0.34284037
23 -0.033704113 0.34621793 0.7454573 0.629511 0.8068797 0.40869197 -0.25739425 -0.5293143
28 -0.34244102 0.5191646 0.35175037 -0.52879196 -0.11139378 0.8731878 1.200969 0.12292473
14 0.989441 0.26260808 0.5021272 0.39602405 -0.44695076 0.753751 0.15728912 0.5862155
25 1.2557827 -0.053173963 0.59741944 0.8192682 -0.0050732833 0.4713911 -0.3181409 0.67808247
40 -0.17294976 0.6224213 0.01137766 1.1207238 0.40240875 0.49556857 0.3679622 -0.45038086
12 0.023773901 0.1149573 0.16841237 1.6416445 0.75176764 -0.030768298 -0.24799816 0.011470962
18 0.005123447 -0.028528301 -0.017789045 1.5263845 0.78295606 -0.23860566 -0.56472874 0.8559413
38 0.03947128 0.02082108 0.6448043 0.0056879567 0.17707263 1.5322808 0.65380424 -0.79799783
30 -0.18840575 0.2942069 0.12439337 1.4667737 0.9420368 -0.48129025 -0.49499828 0.5253016
27 -0.65281004 0.19657362 0.17467232 -0.5443088 0.3673599 0.7057958 1.264927 0.28502545
43 -0.30604634 0.47707865 0.34785086 -0.3908254 0.11760445 1.1359415 1.08641 -0.29201004
24 -0.38659996 0.046418097 0.74804276 0.24048424 0.89739436 -0.072737165 -0.5376945 0.50099766
31 -0.96112996 0.45986974 0.051645648 0.48846018 0.71331984 1.1437255 0.59187496 -0.9568042
3 0.042388756 0.35096145 0.34380686 1.2103794 0.5292305 -0.5131091 -0.63591176 0.9594515
41 -0.11407901 0.0070389006 0.3808642 0.0638623 0.26396188 1.2980837 0.8816878 -0.4933877
34 0.4040116 0.1168359 0.86965525 -0.19565636 -0.042991407 1.1800053 0.6313995 -0.37683606
45 -0.057521645 0.49082577 0.79069364 -0.53980523 -0.027881157 1.2078754 0.81532246 -0.46765217
17 -0.8425238 0.44767812 0.57712626 -0.79566306 0.51124775 -0.1017017 0.7010241 0.79732937
42 -1.1269126 0.5202774 0.5779674 -0.26304927 0.8043128 0.15403987 0.5739251 -0.117476515
22 0.82161474 -0.06998854 0.9044311 0.27994683 -0.033498302 -0.5381379 -0.17414652 1.6663277
10 -0.66167206 0.5315509 -0.11437784 0.48707214 0.25158346 -0.39891836 0.3297095 1.306285
36 -0.27204463 0.43266177 0.3985535 -0.5277563 0.30777255 1.0449736 1.040416 -0.20601468
0 0.055730753 0.4878362 0.29293287 0.696538 0.4073999 -0.71836257 -0.32259622 1.4321622
48 -0.42760155 0.56569797 0.55730426 -0.5472753 0.31586725 1.2323117 0.7062625 -0.5043095
8 -0.7917427 0.23554863 -0.0804252 1.3959838 1.308135 -0.0152133275 -0.31464267 -0.10549734
29 0.36764508 -0.030114269 0.23726505 1.4542034 0.57630473 0.42603987 -0.3525926 0.007893559
21 0.043747436 0.006424074 0.14854433 1.659169 0.62270397 -0.011923106 -0.91261333 0.71349555
20 -0.42680302 -0.13479567 0.09080082 -0.07567964 0.30060264 0.11631579 0.43700242 1.381566
9 0.73457944 0.24540466 0.5946488 -0.36391032 -0.8806872 0.95299035 0.79001707 0.86442935
16 0.6996053 0.21451698 0.61219186 -0.4700775 -0.10782249 0.56689465 0.21896654 1.0837696
4 0.8041119 0.25503114 0.78271055 -0.45796221 -0.8593505 0.6186739 0.4861532 1.2114934
37 0.54146165 -0.3015989 0.3620529 1.0768949 0.2817 -0.34269732 -0.16806962 1.3524859
49 -0.19788525 0.50403684 0.6216023 -0.7235033 -0.32273483 1.137235 1.3374715 -0.14843278
39 -0.42384318 0.6109438 0.55463177 0.23075704 0.49054775 1.468648 0.4541465 -1.4019965
15 -0.5490493 1.1792964 0.6705336 -0.6608839 0.24915206 -0.6959575 0.32843345 1.1425408
13 0.50182384 -0.023161473 0.00125795 1.8798902 0.18990158 0.19051908 -0.6790024 0.7834752
26 -1.1422408 0.3243081 0.028812215 0.54361653 0.4690921 -0.47915116 0.6865287 0.81651586
5 -0.29858926 0.60166466 0.7463498 -1.0373586 -0.15744871 0.23616831 0.97314703 0.8480433
44 0.06829265 0.16955113 0.43137437 0.5754117 0.3405656 1.4644183 0.5121516 -1.0650663
33 1.1326549 -0.31159717 0.30270192 1.3358871 0.045403656 -0.06014063 -0.58641124 1.5358815
6 -1.4390979 0.23074059 -0.19679002 0.6713697 1.1173503 0.1332536 -0.013353945 0.32316712
47 -0.40098962 0.75990295 0.96675664 -0.86754805 0.09432763 0.72943884 0.93434197 -0.36003563
11 0.013587495 0.33431017 1.0255245 -0.92124784 -0.49624035 0.628551 0.7901227 0.6740573
7 -0.6486869 0.08363583 0.18539384 1.4100965 1.0503596 -0.67737746 0.021466197 0.3709054
35 1.3228961 -0.30963176 0.6672041 1.2187676 -0.20217949 -0.16805246 -0.54055536 1.4804417
32 1.2879275 0.057805903 0.5811479 1.8159709 -0.17486547 -0.4425199 -0.9068354 1.374
