50 8
1 -0.24170907 0.16226514 0.9928488 0.7237561 -0.09294955 0.16618365 0.6655048 -0.25594416
20 -0.6141976 0.22093712 0.5184268 0.77929574 -0.1501086 -0.1495886 0.11990901 -0.26831993
28 -0.6320818 0.079071395 1.2372118 0.5497305 -0.073232636 0.039408486 0.3732979 -0.6237409
49 -0.2886611 0.15318145 1.1290253 0.5946057 -0.13812472 0.4187051 0.5924551 -0.24542707
19 0.35319483 -0.20781057 0.60342544 0.37097108 0.24939303 -0.108281985 -0.24443148 1.263878
24 0.31437212 0.039690576 0.48539802 0.27458304 0.32544234 0.12289805 -0.2822851 1.2659111
36 -0.6077688 0.55847937 0.8547083 0.5608297 -0.28807312 0.45352286 0.15518452 -0.70774627
46 -0.58643687 -0.3264805 1.3169051 -0.034293797 0.16309777 0.8913351 -0.3538103 0.33660007
14 0.28504142 0.8038044 0.22016284 0.30014265 -0.011824011 0.7030284 -0.195438 0.7047665
34 -0.15432948 0.89862543 0.6175422 0.3065329 -0.31303388 1.2636305 0.12810043 -0.056558367
15 0.02636399 -0.6481829 0.9642103 0.35148007 0.599205 -0.7253231 -0.2269498 1.0529499
6 -0.9580777 0.5120454 0.4253278 0.8733232 -0.4741863 -0.19554776 0.2496679 -0.72787786
13 0.07350322 0.62379587 -0.6871456 1.0124514 -0.47272697 -0.68771744 -0.36754617 0.8975938
21 0.50475806 0.578101 -0.037671547 0.20885645 0.41139495 -0.04805555 -0.6178939 1.3489604
9 -0.24755803 0.67775 0.5949076 0.2648204 -0.409245 1.158182 0.18297632 0.29186097
29 -0.37423342 1.0549902 -0.24150269 0.78911006 -0.55490595 -0.31161523 -0.39645132 -0.3185035
4 -0.33063892 0.60092425 0.8393783 0.3100605 -0.06014978 0.94596475 0.1808005 -0.21139406
23 0.07287586 -0.0694457 0.9697543 0.055600774 0.21110262 0.20276184 0.0023532785 1.0130389
27 -1.0571436 0.6257982 0.62248033 0.8070734 -0.46510643 -0.08202887 0.24707787 -1.0902151
33 0.6517431 0.51190734 0.19311257 0.06550759 0.6053498 0.09148234 -0.53260344 1.5412594
25 0.066140726 1.1018338 -0.2836323 0.0078033004 0.072233915 0.35985196 -1.0467508 0.83462465
11 -0.20930354 0.5486993 0.62754196 -0.11392552 0.14398259 1.280787 -0.5965082 0.515177
45 -0.4762972 -0.41633326 1.2655365 0.3433556 0.75299346 -0.31686866 0.18975614 0.056022707
38 -0.41701335 1.1295117 0.4644663 0.40655643 -0.44531333 0.7946423 0.0015998756 -0.4981523
18 -0.1743752 0.22205417 -0.54123235 0.6782037 0.38991094 -1.2201385 -1.0575058 0.9629112
17 -0.37001163 -0.8056517 1.5651606 0.28642765 0.66187936 -0.5103084 -0.023738666 0.1094224
26 -0.31100067 0.3194002 -0.0329099 0.7852698 0.42056638 -1.3736442 -0.48944 0.0069505735
43 -0.6156146 1.0346131 0.12318804 0.86837375 -0.7528855 -0.16079621 0.11880569 -0.7118717
16 -0.2815977 1.0012786 0.95396566 -0.2728712 0.081022926 0.47753355 -0.34733224 -0.31760755
5 -0.08446114 -0.13403232 1.0299481 -0.048673466 0.33316728 0.054935664 -0.12911433 0.9638789
47 -0.7276307 1.0661314 0.59437627 0.50332975 -0.27405128 0.9154957 -0.09130414 -0.97148144
0 0.23029993 -0.12849566 0.4186057 0.13341062 0.82115436 -0.7371063 -0.5736309 1.4783437
37 0.05266149 -0.071968645 0.6082759 -0.06372135 0.86808705 0.091765165 -0.8231432 1.1432098
41 -0.72725827 1.2805539 0.25186148 0.56323004 -0.44383755 0.5630557 -0.170643 -0.9418546
35 0.66080827 0.105300136 0.3135469 0.044515707 0.8609318 -0.021797936 -0.66454846 1.8187935
31 -0.757548 0.67055035 0.08663794 1.1658953 -0.36008584 -0.5557607 0.107078396 -0.90230554
2 0.41403538 -0.0155426245 0.29180717 0.10212831 0.7208658 -0.31429163 -0.6514951 1.7626776
10 0.1677158 0.014884925 0.13840282 1.3186444 -0.26175535 -1.1270152 0.8129449 0.58023
7 0.6105102 0.37508005 -0.6285708 0.80926174 0.0743527 -0.93503976 -0.52773917 1.7938573
44 -0.55522525 0.58174247 0.19204383 1.0690141 -0.40846336 -0.7943452 -0.09107273 -0.7773295
3 0.16477114 -0.31985778 0.4507773 0.46102923 0.38452515 -0.58365923 0.004139399 1.4781166
22 0.30487487 0.01790908 0.47600543 0.0046224706 1.0693771 0.11029675 -1.1861843 1.0476096
48 -0.49747837 1.1867151 0.24164148 0.7972649 -0.89994025 0.39718068 0.06945097 -0.77427286
42 -1.0758113 0.05775028 0.977115 0.16968442 0.8455244 -0.40604323 -0.021098513 -0.4135656
39 -1.1962981 0.9731947 0.15316613 0.9885716 -0.59659886 0.1829072 0.0975486 -1.17443
40 -0.8772485 1.2257075 -0.17195867 1.2218401 -0.71750045 -0.48160726 0.39073792 -1.0099188
12 0.54010856 -0.0994203 -0.031495634 0.6927778 0.44845992 -1.0567238 -0.53417814 1.5477182
32 0.5562994 0.6044333 -0.06006817 -0.07565313 0.96614045 0.15085293 -1.0045714 1.6322337
30 0.15117857 0.4673229 -0.5813678 0.3368685 0.6742659 -0.57941264 -1.4811876 1.3416307
8 -0.021824138 0.8809708 -0.8482576 1.5080125 -0.5679478 -1.9721134 -0.35115725 -0.13432412
