50 8
1 0.21632442 -0.19746968 0.51292914 -0.44401443 0.42069417 0.84449565 0.033297542 -0.64669
25 0.584083 0.3903195 0.30717325 0.62532634 0.13528754 -0.25209895 0.00260308 0.4161872
16 -0.12486131 -0.5453462 0.22211288 -0.54565144 0.8507376 1.336729 0.2970837 -0.3278832
38 -0.17517626 -0.29286763 0.3078175 -0.5360783 0.7796299 1.156462 0.27022204 -0.41387287
6 -0.40031564 -0.39585388 0.30608755 -0.47964424 1.0118328 0.87720394 0.41031873 0.27043638
44 -0.41358247 -0.42109114 0.21540658 -0.4154126 0.9408146 1.0694861 0.47900775 0.14673632
14 1.3473243 0.37174124 0.9929209 0.3983431 -0.81251395 -0.3126262 -0.57359225 -0.88403684
43 -0.38776472 -0.3722922 0.2826757 -0.5685731 0.956436 1.0523746 0.48166507 0.053779628
36 -0.08302588 -0.30494 0.62855244 -0.93955725 0.5854754 0.9785489 0.3267891 -0.49893233
41 -0.40558246 -0.374989 0.31166315 -0.59333885 0.80161494 1.338793 0.48263967 -0.34747177
48 -0.42778245 -0.2732485 0.1428477 -0.33835453 0.86441725 1.1822278 0.6539775 0.19204916
46 -0.04408469 -0.29131252 0.28550035 -0.8239322 1.0138597 1.1265861 0.34465864 -0.22037774
8 -0.6591391 -0.2403956 0.049366 0.028205147 0.97899 0.8510887 0.7597367 0.70463526
10 0.7047401 0.6924259 0.760733 0.7926315 -0.36021608 -0.7718327 0.1095812 0.18833368
31 -0.6345846 -0.32017058 0.0307589 -0.09827618 0.9330068 1.1591467 0.722271 0.60164475
45 -0.50729173 -0.20130356 0.260037 -0.6718211 1.0173049 1.2099106 0.61957943 0.07223283
28 -0.46139732 -0.19700383 0.24789934 -0.624707 0.96680564 1.1544598 0.5988106 0.20437351
27 -0.13930783 -0.43555337 0.23992921 -0.8844572 1.0622933 1.1034566 0.47574922 -0.13012756
4 0.06593404 -0.3387854 0.66685265 -0.62629026 0.19739212 1.1765345 0.057733636 -0.6498751
49 0.048281208 -0.5270203 0.60494214 -0.68585575 0.40374973 1.0878885 0.21040897 -0.5631008
42 -0.5115004 -0.50430965 0.16242172 -0.47631916 1.1763222 1.000302 0.5816099 0.5878383
40 -0.46938583 0.08123199 -0.1544157 0.68233526 0.6525424 0.6544193 0.7485196 0.8088877
26 -0.8080972 -0.34131834 0.13766243 0.21120638 0.837577 0.7658884 0.7598841 0.9160331
20 -0.22291344 -0.5552247 0.19335315 -0.23103207 0.73413473 1.030651 0.3809185 0.1126176
13 1.330058 0.6666652 0.78750145 0.87295955 -0.21167399 -1.1867061 -0.5113388 -0.10522074
37 1.2623656 0.51466787 0.97544074 1.3174506 -0.80865765 -1.0942503 -0.3576355 -0.006378366
7 0.9614167 0.598948 0.5918602 1.050445 -0.39505637 -1.024518 0.27586123 0.6143078
17 -0.54490924 -0.45023325 0.4071771 -0.61449367 0.80608267 1.0401298 0.5635585 0.14624639
9 0.94692254 -0.0964023 1.2002535 -0.38603163 -0.7288502 -0.013771718 -0.19066818 -0.9706721
19 1.0703013 0.42358744 0.8562414 1.1620213 -0.51081556 -0.99241227 -0.37915745 0.031617302
30 0.15114172 0.72539693 0.35571706 1.3341413 0.022915253 -0.61955386 0.40479568 0.86485213
39 -0.5993502 -0.32028475 0.07357177 -0.18260834 1.0672424 1.0257951 0.6498199 0.31448728
47 -0.50886536 -0.3684729 0.13423257 -0.4999966 0.9782884 1.4114975 0.5754263 -0.018707858
23 0.96042746 0.32472515 0.79005975 0.9052871 -0.40348262 -0.71048814 -0.27922115 0.019685734
24 1.0229175 0.5568553 0.8738349 1.0887002 -0.5061225 -1.1057423 -0.2206393 0.20744167
18 -0.15813875 0.4710128 0.15623944 1.3331662 0.19527157 -0.20658657 0.43024227 0.8454077
21 1.1018066 0.46755737 0.94569844 1.4105096 -0.86113226 -1.0094807 -0.35923034 0.13584664
0 0.85733014 0.6718976 0.79044884 1.3686849 -0.6765264 -1.0200689 0.046201132 0.29136
15 0.87023956 0.51367736 0.9170236 1.4514276 -0.95690215 -0.9750189 0.025153773 0.46424052
34 0.5356326 -0.632662 0.7238695 -0.5635924 0.06868473 0.68672746 -0.19122581 -0.7022252
22 1.20442 0.721139 0.7614807 1.3516606 -0.44370136 -1.0519644 -0.37657496 0.035139937
29 0.7311088 0.3067297 0.32350498 0.2176708 0.40404624 -0.30476364 0.13566636 -0.22547998
35 1.0713018 0.75631654 0.76266384 1.2515993 -0.44746011 -1.2748652 -0.09160684 0.38325882
2 1.0037366 0.84898484 0.76070476 1.4426495 -0.47308278 -1.2788074 -0.03258817 0.45151103
32 1.26621 0.63245106 0.78694034 1.2052554 -0.56929624 -1.1488543 -0.23205581 0.04102186
12 0.6561961 0.91986984 0.7202015 1.5177953 -0.33867064 -1.2641854 0.04898231 0.6462354
33 1.2592223 0.7569365 0.73486894 1.4426557 -0.6615273 -1.0024782 -0.2377987 -0.16923754
3 1.1242154 0.7576451 0.7418444 1.3612953 -0.46806931 -1.2374971 -0.25549853 0.30323005
5 1.3203436 0.20332627 0.5045521 -0.17915013 0.16512121 -0.46183303 -0.048620995 -0.5091218
11 0.59653115 -1.0236108 1.0352638 -1.1509941 0.07185012 0.9635563 -0.35901114 -1.1660748
