50 8
1 0.17736924 0.7164571 0.47826886 0.51127094 -0.76528573 0.2596689 0.13687272 -0.8264597
39 -0.051569317 0.82196504 -0.37993664 0.35916886 0.13754009 -0.6757755 -0.34149164 -0.6259607
41 0.056788553 0.75652635 0.59910077 0.3005262 -0.7151722 0.1704241 0.1058879 -0.52795833
18 -0.57578325 0.4173276 -0.2877074 0.51365864 1.1216108 -1.0909255 -0.19763944 0.5179687
28 -0.8550474 0.1659765 0.4226247 0.7779887 -1.0892915 0.48733324 0.30658317 -0.5346677
6 -0.6703024 0.37209538 -0.06740775 0.54594445 -0.0049942425 -0.49054912 0.6958908 -0.7963517
16 0.22037028 0.8801811 0.70721906 0.13883524 -0.9499774 0.010837244 0.21928062 -0.2780894
46 -0.8819786 -0.1593705 0.93719494 0.7284257 -0.54407465 0.028898278 -0.019884903 1.1132504
27 -0.62648946 0.33692628 0.42736235 0.44616637 -0.82032037 -0.07190094 0.7725648 -0.6267562
36 -0.57741344 0.31602064 0.37558877 0.798371 -0.9919736 0.25756034 0.99540836 -0.4260112
29 0.57910204 1.190434 0.25871685 0.049042985 -0.10267659 -0.5139598 0.30097884 -0.27765378
31 0.09981078 0.7993313 -0.30238655 0.39464623 0.15611893 -0.6662749 -0.07571905 -1.2975688
40 -0.05335732 0.84028465 -0.4893445 0.16132522 0.80334777 -1.3253671 0.16075799 -0.7402298
19 -1.2082834 -0.29245445 -0.0066007 1.0579122 0.123330794 -0.039775178 -1.1190416 -0.34555382
25 0.7001372 1.2378082 0.83994675 -0.31083488 0.60490113 -0.5813351 -0.35450476 0.14163096
14 0.28493735 1.1812754 1.0079826 0.069566615 -0.5473962 0.6689354 -0.06859566 0.5234603
4 -0.2301611 0.37474975 1.1643072 0.4001109 -0.3341732 0.13671176 0.44301713 0.57379913
49 -0.27572545 0.54290986 0.9240698 0.41796252 -1.0332587 0.7122788 -0.029864894 -0.70804465
26 -0.4053646 0.57910746 -0.422075 0.5816623 -0.24610849 -0.617473 0.835978 -0.8532218
9 -0.25431758 0.7438962 1.2798445 0.13187604 -0.86134064 0.7321132 0.17622028 0.72303194
43 -0.67858595 0.5960559 -0.5073492 0.61525446 -0.3245379 -0.26491386 0.7616935 -0.9597626
42 -0.8476949 0.4026465 -0.168048 0.552522 -0.5690211 -0.11102001 0.11123345 -0.6415289
17 -0.34516132 0.56247294 0.52624035 0.46861613 -1.1414092 0.4556689 0.21758609 -1.1026932
48 0.7245981 1.1559628 0.40092647 0.20175159 -0.48919845 0.008614495 -0.1089692 -1.0732996
21 -0.51693785 0.25370303 0.8332285 0.4435352 1.0819287 -0.30688244 -1.2518051 1.3699133
23 -0.38352597 0.15387942 1.174832 0.2671806 0.8372618 -0.38591617 -1.3908951 0.86354035
20 -0.103141256 0.54145676 0.15158813 0.4995862 -0.096593395 -0.5625848 0.8695322 -0.6055831
38 0.55552983 1.2004207 1.3790752 -0.21464811 0.21685222 0.42845595 -0.74599797 0.38156646
8 -0.6521842 0.42213562 -0.6880501 0.7457918 0.18923874 -0.9345846 1.0038798 -0.32803643
22 -0.25159663 0.5139504 0.8981761 0.2814985 0.9908024 -0.45685932 -0.8998728 1.7550902
15 -1.4113301 -0.36559072 -0.280947 1.1317234 -0.06671179 -0.17986326 -0.9750953 -0.5525196
2 -0.33761245 0.18291889 0.50031036 0.45142642 1.1943551 -0.9888223 -1.0577825 0.8874469
45 -0.69067705 0.4774461 -0.1352838 0.6403967 -0.96874094 -0.053740453 0.7842396 -1.1433555
44 0.16928379 1.0178546 -0.52145386 0.19941352 -0.077216715 -1.0016636 0.3053434 -1.0670956
11 -0.06954074 0.7837986 1.2997893 0.16083796 -0.8560775 0.8313009 -0.10344958 0.31391817
47 -0.008564387 0.94651026 0.25854394 0.29917294 -0.82959855 0.39026672 -0.06082565 -1.0582911
13 -0.95051587 0.2267363 -0.6936166 0.80290097 1.4434552 -1.2367263 0.026462795 0.69023293
30 0.3185717 1.1684179 -0.23858605 0.1560654 1.545995 -1.0957471 0.20322551 0.24420483
12 -1.2287914 -0.48876348 -0.5015153 1.1484171 0.52590364 -1.2389737 -0.918159 0.16452748
5 -0.8701906 0.2615235 0.25906166 0.84132767 -1.1668055 0.50282425 0.6825156 -0.30030057
35 0.3229181 0.88626647 1.3452084 -0.02463787 0.8618126 -0.28232148 -0.4958276 1.7449874
34 0.24301419 0.97316766 1.0894543 0.15335828 -1.0057858 0.83644736 0.08128106 -0.65411776
10 -1.2524402 0.06631886 -0.5176265 1.0196205 -0.23228572 -0.3579395 1.011025 -0.120784946
7 -1.5225497 -0.17472886 -1.1057578 1.0864613 0.26712784 -1.1334453 -0.6731717 0.40325165
33 0.2569817 1.1195492 1.0884128 -0.1649696 0.89000356 -0.33858418 -0.6164753 1.8010837
37 0.52926356 0.9574853 0.8999145 0.077105485 0.75958097 -0.5966135 -0.29483977 1.2779591
24 -1.4314063 -0.5218301 0.004584166 1.0146548 1.4002097 -0.820966 -2.039692 0.883744
3 -1.2129953 -0.3350697 -0.45898458 1.1868016 1.470163 -0.8547021 -1.8622904 0.26295704
0 -1.2183954 -0.33052588 -0.013428782 0.8667123 1.4672004 -1.0563173 -1.7815369 0.9839142
32 0.466825 1.2257041 0.43875185 -0.13220657 1.5429289 -1.1154875 0.04858024 1.5481267
