50 8
23 0.19957797 0.83273584 0.27082995 0.6221962 0.36481473 0.107815705 -0.05451515 -0.11472039
12 -0.8058952 0.08819403 0.6664713 0.71423143 0.5615578 -0.20353518 0.18428892 0.00858319
36 -0.39999014 0.84614855 0.0139515 0.75936097 -0.24778062 0.28183308 0.40229255 -0.535168
19 -0.5807404 0.14972945 0.71881247 0.6233718 0.23506427 -0.28767055 -0.14520156 -0.13921592
2 -0.4767612 0.96055 0.49826974 -0.04448225 0.87497956 0.40110794 -0.14086795 0.6361659
43 -0.50299734 0.6151963 -0.05456232 0.91190547 -0.41617182 -0.18615125 0.28523117 -0.8127389
4 0.024662005 0.6732945 0.693895 0.57414454 -0.7796778 0.32094687 0.37921473 0.072391026
40 -0.36660802 0.90035385 -0.123623155 0.45419523 1.037158 -0.31233636 -0.25983024 -0.16961229
6 -0.72719294 0.40784883 0.3098234 0.30721745 0.015932322 -0.89323 -0.20604886 -0.86668533
24 -0.7573268 0.23840877 0.889186 -0.004717051 0.83262414 -0.57428974 -0.5016101 0.1650862
28 -0.36164036 0.5636586 0.060619272 0.8726386 -0.8638012 -0.52053005 0.22910859 -1.0699635
17 -1.2801657 0.7201253 0.47006637 0.052263856 -0.6128284 0.27921736 0.3015219 -0.2832311
31 0.053773694 1.0629879 -0.48144087 0.69209087 0.8724343 -0.5106902 -0.5333513 -0.56800836
27 -0.9038159 0.8940854 -0.122130655 0.6985001 -0.75868446 0.23313 0.5290826 -0.44188267
30 0.15552789 0.37131968 1.2407889 -0.20709552 0.7603629 -0.7270795 -0.5676595 0.28898078
38 -0.11957618 1.2077578 -0.2460946 0.97134995 -0.108683914 0.8319626 0.47529274 -0.031177092
34 0.58960545 1.5454117 -0.26166818 0.7716452 0.11633612 0.80303943 -0.1323222 0.5934904
14 0.098132476 1.1113931 0.80941033 0.048053715 -0.63235533 0.7265145 0.51274294 0.79557097
15 -0.69595987 0.07981511 1.2391318 0.18944724 -0.7936969 -0.3968937 0.5765485 -0.22701524
42 -0.15741624 0.5363368 0.23829058 0.5302076 -0.32902575 -0.84211147 -0.051684286 -0.6310193
26 -0.6298442 0.1369754 0.5177766 0.50903326 -0.7156281 -1.2245572 0.0760203 -0.9473963
41 0.4183927 1.7743648 -0.59174025 0.70422566 0.052549113 0.81608695 0.039110355 -0.030746378
25 0.8531691 0.71892905 1.1016848 -0.042633865 0.44560608 -0.2413002 -0.59357744 0.7005286
39 0.72088605 1.2484018 -0.39385328 0.83136874 0.69199866 -0.14710872 -0.6430027 -0.056953482
35 -0.54023075 -0.051814184 1.1678846 0.3988149 0.7372116 -0.37632826 0.03436875 0.4727152
20 0.18772651 0.6755175 0.43921462 0.4293616 -1.3228506 -0.72975975 -0.16264386 -0.512821
46 -0.10385893 0.6074704 1.1850026 -0.19357127 -0.7990174 -0.11864569 0.19630252 0.48725468
10 -0.46245307 -0.30188388 0.84130245 1.0448499 -0.61510617 -1.0250319 0.31709188 -0.59137857
29 0.14074638 1.2772743 0.07072431 -0.028777204 0.5221135 -0.12880799 -0.4567521 0.09923338
21 -1.0795946 0.7098932 1.0334523 -0.3044059 0.35449463 0.7419094 0.33834103 0.81314105
45 0.6756404 1.0636035 0.2764414 0.70671666 -0.9512219 0.23760794 0.21412241 -0.36124015
18 0.57045084 0.41267246 0.87291366 -0.040637065 0.7674857 -1.3839444 -1.0337452 -0.052389983
0 -1.0107478 -0.13344455 1.5277916 -0.26644045 0.9283434 -0.62307507 -0.1988164 0.41044468
49 0.252099 1.1713536 0.07710756 0.7734252 -0.93460464 0.64735246 0.54269195 -0.31779194
8 0.035023928 0.3832293 -0.15840906 0.88142824 0.45225325 -1.539711 -0.59027815 -1.0407073
16 0.029964164 1.2193363 0.3866464 -0.42091522 -0.3743356 -0.32649586 -0.26816556 -0.1179647
13 -0.22797938 -0.37930298 0.99688643 0.8873675 0.18027902 -1.2643584 -0.152896 -0.18355298
11 0.13598318 1.5196124 0.11471057 0.40315542 -0.90130115 0.93672186 0.42472652 0.5872327
1 0.39448145 1.4010543 -0.4089885 0.78669375 0.68564147 0.3873782 0.12245845 -0.002741179
48 0.2056612 1.6487876 -1.1228648 1.0891542 0.39599696 0.22202279 -0.21173446 -0.4199114
7 -1.5076884 -0.01872186 0.5234865 0.4372933 0.073263034 -0.80015564 0.053715345 -0.70525604
3 -0.1716392 0.6276618 1.3277191 -0.5411985 0.9623011 0.08274104 -0.21772055 0.4624105
9 -0.2316631 1.477539 0.22502527 0.049262956 -0.4756228 0.89899623 0.3161966 0.9545691
5 -0.98707277 0.39351016 0.663933 0.76761645 -1.0984445 0.51543325 1.0104569 -0.08964262
32 -0.09116167 0.104426175 1.8088782 -0.42549515 1.1182641 -0.48381338 -0.07785863 0.7998086
33 -0.051872943 -0.058619976 1.8502685 -0.35762617 0.77910715 -0.86305976 -0.06407878 0.84124136
37 -0.30595684 -0.25454733 1.1797361 0.27191606 0.8439511 -1.3874967 -0.46184263 -0.33416998
22 0.31507778 -0.05244097 1.4409509 0.104266204 1.101567 -0.97615963 -0.7388648 0.14218953
44 1.0867751 0.43006858 0.8168164 0.37366247 0.5467235 -1.2889895 -0.9499898 0.27671912
47 0.43092084 1.8149552 -0.6278886 0.76446253 0.12537643 1.0247908 -0.04920416 -0.1197118
