50 8
19 -0.12429829 -0.05425774 1.1977574 0.091639526 0.046449132 -0.094799526 -0.46972096 0.77759725
25 0.33647045 0.18189722 0.5190715 0.2566711 0.23188952 0.59180176 0.15761718 0.14157584
4 -0.33706912 0.45214948 1.185912 -0.20379126 -0.1659099 0.2287834 0.024255835 -0.023827001
18 0.3805 0.076811574 0.33777043 0.9065149 0.64192736 -0.041948717 -0.69276077 1.069311
24 -0.3780003 0.111466564 1.6114461 -0.2167526 -0.2523923 -0.087156616 -0.38593578 0.3208653
1 0.019153515 -0.49643508 0.5196396 0.09335072 0.5157374 0.3224097 0.76808417 0.86461496
11 -0.32283583 0.04988957 1.5751532 -0.4550658 -0.044012014 0.3488438 0.14002275 -0.3675819
33 0.29183945 0.4644747 0.91197383 1.1157154 0.11091449 0.27949765 -0.6117663 -0.33454007
2 -0.4102149 0.49376008 1.3740811 0.41250086 -0.17696875 -0.087844536 -0.9017235 0.13878442
43 0.7307812 0.5147307 -0.6318251 0.46361232 0.36873487 1.2770965 0.83301306 0.31654358
37 -0.15245943 -0.33896574 1.7127832 0.16716872 0.37481654 -0.45456123 -0.27397627 0.43802565
16 -0.31280693 -0.42925242 1.0336748 -0.49633306 0.5499699 -0.0728011 0.4925251 0.98523253
42 -0.43713382 -0.36250106 1.3410121 0.07911933 0.4103551 -0.23680039 -0.30097327 0.7799675
34 0.6621513 0.7998631 -0.40789002 0.2147475 -0.025231685 1.492689 0.54127467 -0.1197261
17 -0.4426382 -0.5008204 0.91873235 -0.5031741 0.56410825 0.028889786 0.40693918 1.1285352
32 0.5652075 0.81256545 0.37778336 0.72849786 0.40758494 0.5744528 -0.03023868 -0.5022531
15 -0.5119138 -0.3948407 1.7059952 -0.112204365 0.290851 -0.38372338 -0.3269106 0.6623502
22 -0.14741082 -0.025088508 1.5990043 0.5254539 -0.022377618 -0.07349707 -0.8748305 0.050180696
46 -0.05451449 1.1663979 0.61621225 -0.22451165 -0.2846087 0.6993073 0.25967014 -0.42292547
28 -0.0023432502 1.1227807 -0.066858605 0.039022185 -0.27637297 1.0136818 0.54274577 0.00034046438
45 -0.50535125 -0.4367542 1.200986 -0.11683018 0.48164958 -0.27777028 0.105814636 1.0482194
12 -0.17985886 0.97281575 0.5898201 0.35740295 0.036687132 0.3572681 -0.43350947 -0.0010487095
0 -0.5603924 0.22141325 1.5010046 0.27519614 -0.018281326 -0.006301519 -0.99580497 0.15223269
10 -0.6844509 -0.38698825 0.9742358 -0.17721228 0.22416414 -0.27143958 -0.065444924 1.6212995
3 -0.16091447 0.57946837 1.2267555 0.08564 0.003981949 0.035443485 -0.6402585 0.07091809
20 -0.60529566 -0.096342124 1.0770874 -1.0441194 -0.1663315 0.38074958 0.7946762 0.6771004
5 -0.46041 -0.032846063 1.2584547 -0.9464336 0.051398378 0.022861449 0.59901106 0.59160626
23 -0.088869385 1.0546297 1.1577053 0.040861227 -0.22979191 0.2908685 -0.39918414 -0.5088847
27 0.13087238 0.72295994 -0.4462005 -0.83587396 -0.106365316 1.1713024 1.3935605 0.7355472
26 -0.55817693 -0.42996168 0.28592312 -0.08636001 0.6062192 0.24120317 0.3626713 1.5382932
48 0.73141164 1.2247757 -0.6254268 0.22399871 -0.0019091361 1.5047408 0.69522864 -0.2168499
6 -0.5100309 -0.7357679 0.5366363 -0.4420183 0.55126834 0.20682944 0.3367186 1.730985
14 0.22896472 1.344271 0.2602631 -0.29996464 -0.45462564 1.137657 0.5374856 -0.56610763
36 -0.26029736 0.6473367 0.9005819 -0.23881991 0.113805085 0.53429234 0.27596295 -0.39183515
49 -0.08658002 0.20604417 0.15363526 -0.88532925 -0.1925672 1.1090181 1.4659619 0.42981264
41 0.69586164 1.0796714 -0.76284564 0.46616596 -0.0018087333 1.5845275 0.7474092 -0.10376929
35 0.285931 0.16821392 1.341898 1.2636418 0.485752 -0.2747309 -1.0706123 -0.12906963
29 0.6686574 0.4605141 -0.8547304 0.22417447 0.8455848 0.8852416 0.7991757 1.0355318
30 0.71671736 -0.5094824 0.08645741 1.0978123 0.9232539 0.2301219 0.28823534 0.9683497
13 0.94565654 0.18031037 -0.4799117 1.2365049 0.93615615 0.5051079 -0.10568378 0.9317144
21 -0.17912006 1.2861931 0.8099466 0.53262216 -0.2845989 0.61129975 -0.8867171 -0.6224552
9 0.20674329 0.891542 0.26719707 -0.6519519 -0.433816 1.1330748 1.059996 -0.2415094
40 0.6176449 1.2052542 -0.6482309 0.5284734 0.06991167 1.3954302 0.51172173 -0.100060895
8 -0.12506771 -0.56543666 -0.04273591 0.27065265 0.7057097 0.23346764 0.07617434 1.9905876
38 -0.019938575 1.330817 0.26948476 -0.6228302 -0.59559846 1.1035888 0.87870806 -0.37829474
44 0.26741263 -0.52036583 1.0850561 0.90924704 0.83018255 -0.045245055 -0.24236712 0.27005002
39 1.09872 0.34278214 -0.7097707 1.5421206 0.8716407 1.2463789 0.46759683 -0.11539512
7 0.34079412 0.5690812 -0.85118246 0.4260025 0.47693703 0.6815873 0.48034722 1.45231
31 0.9912925 0.24094713 -1.2938759 1.2667632 0.8461381 1.1812708 0.5702431 1.0406672
47 0.8798808 0.5961234 -0.9164879 0.5776078 0.51709074 1.6529499 1.4683073 -0.1282314
