50 8
43 -0.66965556 0.48158073 0.3911385 0.52680063 -0.3031137 -0.3412764 0.011609295 -0.7761068
16 -0.17738782 0.73956376 0.34935528 0.20582655 -0.8857886 0.31542245 -0.46093854 -0.44444612
48 0.44152486 0.5151295 0.48263508 0.13419294 0.15773186 -0.034362346 -0.38890934 1.0115857
15 0.04189066 0.38283777 0.85640246 0.39861843 1.250265 0.3935727 0.26794124 0.7737003
1 -0.043076955 0.6993382 0.2817554 0.71547276 0.088560835 0.7097953 0.45654398 0.15192977
26 -0.69170016 0.2440894 0.30672687 0.18132246 -0.26433843 -1.0021267 -0.76809525 -0.21420014
45 -0.48969418 0.8802801 -0.17504576 0.653939 -0.84743583 -0.002070909 -0.30390146 -0.8799051
28 -0.45698988 0.8608337 -0.010708675 0.7269851 -0.9411098 0.11525419 -0.06471582 -1.0517873
20 -0.5412494 0.5392028 0.4042962 0.4313591 -0.66964847 -0.015152827 -0.15307088 -0.79864675
36 -0.8072384 0.6209327 0.036456175 0.81786436 -0.89173424 0.3015571 -0.062157527 -1.070676
14 0.5754 0.83888865 0.21040441 0.48558292 0.5068363 1.1036457 -0.19346546 1.0733566
27 -0.69057924 0.4700905 0.53647435 0.73615307 -0.6298433 0.8202573 -0.17011344 -1.0001459
10 -0.7965221 0.4026208 0.1755136 0.911514 0.32993338 -0.48187333 0.4827726 -0.54986465
7 0.102859154 0.4076564 0.022902481 0.46453702 0.8761934 -0.87561125 -0.4119487 1.2310795
18 0.13610967 0.45242876 -0.08339628 0.21237952 0.031222092 -1.1507497 -0.40323612 1.1912655
31 -0.41522896 0.6820351 -0.12354453 0.5614937 -1.2452071 -0.28195834 -0.48970556 -0.6766772
19 0.13349959 0.24296702 0.68063486 -0.026225248 0.97200155 -0.57454365 -0.43201244 1.593446
39 -0.6145999 0.6945375 -0.5632096 0.67056316 -1.2036173 -1.0833254 -0.3859784 -0.6868164
25 0.2839637 0.79714525 -0.15439014 0.066269025 -0.7231636 -0.23242345 -0.55774933 0.786075
4 -0.50400585 0.677177 0.46154794 0.5494526 -0.98298156 0.54987335 0.14527632 -0.8905415
6 -0.6935063 0.6034642 -0.24187058 0.61068004 -0.7882607 -1.1777819 -0.116263635 -0.7396132
9 -0.060822442 0.6986682 0.6769064 0.3951286 -0.36338687 1.6936339 -0.02224065 0.021002797
44 -0.39383435 0.6371239 -0.23866166 0.51507986 -1.2657396 -0.7162257 -0.46272197 -0.45100603
42 -0.8718262 0.583203 0.1823976 0.560134 -0.5151794 -0.13294972 -0.15413499 -0.99259186
46 -0.38519004 0.48865464 0.5448079 0.4371799 0.030627925 0.65218246 0.05248103 -0.08018883
24 0.042106446 0.14438975 0.88710827 -0.005918438 1.2749131 -0.566444 -0.023842923 1.5978769
23 0.053148694 0.0027234547 1.256951 -0.2239911 0.9752777 -0.27093738 0.039652947 1.717311
30 0.3702806 0.6830273 -0.37376738 0.40691218 0.32898295 -0.890148 -0.49032497 1.3498603
29 -0.18470098 0.5903051 -0.1313093 0.0034207166 -0.7789059 -0.9816061 -0.13486272 0.7637908
8 -0.7001362 0.43190593 0.019085273 0.25604817 -0.67454547 -1.5313059 -0.10004203 -0.32566744
2 0.46531942 0.3401372 0.67964464 0.12158999 0.7365444 0.14343283 -0.1502342 1.7916895
33 0.4313387 0.4388521 0.78363484 -0.14730936 1.0022641 -0.1257793 0.04820669 1.8202758
35 0.27756655 0.2401087 0.85384786 -0.0040440345 1.1472421 -0.34080487 0.1300274 1.773831
21 0.45559606 0.3811586 0.6202185 -0.051824912 0.7880052 -0.31151745 -0.22780144 1.8172169
5 -0.58903855 0.2764731 1.0723469 0.4449861 -0.25550237 0.8707469 0.048642505 -0.7031336
40 -0.7149858 0.5069484 -0.07528393 0.29715252 -0.79869586 -1.6366695 -0.10144114 -0.53957516
12 -0.08935141 0.20905006 0.20365685 0.46623024 1.211238 -0.9035899 -0.10289318 1.4936371
32 0.48587385 0.3778365 0.74497217 0.02385324 0.9971337 -0.27085534 0.08017291 1.8868266
22 0.34407204 0.25475335 0.7567364 0.022584436 1.1112267 -0.34915945 0.044404335 1.9143611
0 0.38382217 0.3664965 0.6160843 -0.020995967 1.0592933 -0.34140855 -0.40195972 1.8237274
49 -0.60960966 0.4336432 0.82350975 0.567299 -0.5848551 1.4414473 0.044796918 -0.7824861
11 -0.30650407 0.65342504 0.690879 0.5861511 -0.7753157 1.8639255 0.016918061 -0.5516057
38 -0.29369122 0.93032616 0.16207753 0.3408436 -1.2310284 0.48632067 -0.20360698 -0.7670989
13 -0.2758664 0.16110836 0.12873888 0.6205069 0.6829798 -1.1158793 0.31033644 1.0717186
34 -0.21117973 0.6535192 0.84892917 0.30664894 -0.66885406 1.5145733 -0.1643324 -0.5396893
3 0.10099256 0.17982684 0.9854405 -0.0081144795 1.4968466 -0.42242002 0.15888652 1.748031
37 0.36163485 0.2664677 0.9123022 -0.07618079 0.84462726 0.21339086 0.050415896 1.9676489
17 -1.0315882 0.3266888 0.54442805 0.48730817 -0.57959044 -0.10326295 -0.5003849 -1.3019129
41 -0.29063258 0.8389807 0.28212735 0.41696638 -0.8089198 0.2487946 -0.008876914 -0.7943401
47 -0.37591064 0.84128034 0.25678673 0.5472658 -0.74022466 0.7525627 -0.3532404 -0.9375415
