50 8
34 -0.41499543 0.8218029 -0.36641943 0.56492746 -0.2966946 0.37719336 0.6337249 -0.22885953
27 -0.53506744 0.41276103 -0.12129205 0.5515256 -0.40667653 -0.28217918 0.14930071 -1.097388
21 -0.36659193 0.63068503 0.08370022 0.72510606 0.045295905 0.1345291 0.72943956 0.96328795
4 -0.20793593 0.75294644 0.17099698 0.55618274 -0.38942814 0.5083956 0.8650833 0.057919197
9 -0.4075538 0.6466928 0.076120116 0.65241325 -0.32771316 0.45521817 0.8908755 0.23803674
16 -0.19827066 0.90161264 0.15138999 -0.32965916 -0.66666234 -0.5108802 -0.1559355 -1.1307184
25 0.084882595 1.0104184 0.44538292 0.18463095 0.21548568 0.5093306 -0.84300566 0.7018716
38 -0.43746772 0.86940086 -0.31056258 0.20627625 -0.6289124 0.061954003 0.68701977 -1.0382545
24 -0.04688842 0.69217443 0.7910205 0.6283765 0.27489161 0.49634516 0.059836343 1.4964205
28 -0.44715673 0.3122427 0.31847942 0.268947 -0.8127989 -0.562667 0.33414242 -1.3071955
1 0.042862736 0.8581223 0.53280056 0.49779683 0.014089293 1.1248822 -0.37664038 0.44594702
40 -0.79666525 0.63644683 -0.35333112 0.04658861 -0.22257002 -0.838522 0.16613463 -1.0300679
41 -0.44105756 0.9016583 -0.8910896 0.6313931 -0.39109683 -0.007916543 0.9303919 -0.83159775
12 -0.21118213 0.018572614 0.7113156 0.7270736 0.018273544 -1.041197 -0.48412058 0.76184714
19 0.15331325 0.6851676 0.7996831 0.5192783 0.3154026 0.041259218 -0.6844479 1.3847188
43 -0.9712335 0.38288876 -0.39947888 0.39919406 -0.33018506 -0.72140914 0.5236042 -0.8718411
13 -0.58704084 0.40095478 0.15123734 0.91353333 0.06565337 0.3960281 0.6645426 0.89654917
23 0.15507297 0.70746595 0.8017603 0.43852037 0.1682197 -0.026912991 -0.29307377 1.3822861
26 -0.32320076 0.281635 0.85855794 0.069779664 0.0010780832 -0.8792532 -1.0558084 -0.3964378
39 -0.8247372 0.6263445 -0.66580266 0.4588646 -0.2729575 -0.31932652 0.4632468 -1.2820724
36 -0.42005655 0.6926022 0.1194001 0.19604725 -0.7548385 0.19388366 0.6005192 -0.95934033
37 0.14126769 0.47359166 1.238961 0.46881372 0.23797703 0.13148504 -0.91819566 1.036659
42 -0.42920366 0.5105437 0.23446962 -0.1096672 -0.50877154 -0.79424566 -0.7118853 -1.2565418
48 -0.4637628 0.8660194 -0.62193507 0.35260898 -0.62915796 -0.03136792 0.5563791 -0.93279153
7 -0.30814004 0.3244612 0.26034057 0.5647451 0.2701961 -1.0547004 -0.6169089 0.42653954
10 0.07530043 0.38448906 0.80479884 0.50732297 0.1819233 -0.75573623 -0.39235038 0.63784796
33 0.22674051 0.81834275 1.0944932 0.35362443 0.07721621 0.44489652 0.08083213 1.6548795
14 -0.2913879 1.0474745 -0.22168514 0.62549114 -0.0022345276 1.1250466 0.56625223 0.5348817
6 -0.59838897 0.26572877 0.08378335 0.39573905 -0.56084776 -0.7190992 0.25668812 -1.2158672
20 -0.071059234 0.8645574 0.0716511 0.44740608 -0.101209156 0.22673438 0.37609375 -0.17892803
5 0.3404001 0.5624752 1.0912336 0.3818498 -0.6104514 0.3309881 -0.092918746 0.36571062
31 -0.7452995 0.5586521 -0.6464668 0.3954053 -0.33127707 -0.81925464 0.10706444 -1.5938219
15 -0.010310939 0.42233047 1.1683214 0.63030183 0.3774576 -0.067350134 -0.3507011 1.5931861
46 -0.7373416 0.58560306 -0.10732878 0.22206843 -0.8379461 -0.17240313 1.0086322 -0.8386971
2 -0.02049494 0.42553267 1.0546293 0.39139938 0.15303396 -0.4188732 -0.6190575 1.0161271
22 -0.024230419 0.3874431 1.1804738 0.43266985 0.25701866 0.19644569 -1.3408107 0.48329622
45 -0.5226705 0.6705704 -0.15194471 0.20911816 -0.3873077 -0.108522795 -0.03441883 -1.3026663
8 -0.5259027 0.28667486 -0.07285172 0.45143524 -0.097577475 -1.2737241 -0.17013514 -0.5127671
17 -0.30144858 0.3364217 0.6880931 0.07340225 0.14804855 -0.901822 -1.3932607 -0.4485423
35 -0.2007525 0.29271355 1.1813195 0.29406816 0.40618473 -0.5290568 -1.250671 0.9242616
29 -0.8725832 0.82745725 -0.67363787 0.2523649 -0.18900642 0.096540175 0.27421546 -0.45671514
3 -0.23948969 0.42361534 0.37663114 0.90787184 0.31634352 -0.14347543 0.2049511 1.3289535
32 0.1348533 0.8226866 0.930533 0.37596014 0.21050133 0.41386905 -0.3793604 1.4535067
0 0.05499637 0.3339026 1.2264506 0.51084626 0.42511067 -0.5458239 -1.1000335 1.4260355
47 -0.8152243 0.6403644 -0.68355364 0.55085105 -0.41141298 0.027603608 0.5791639 -1.4186511
18 -0.3726317 0.23940381 1.0338819 0.17137542 0.28121525 -0.55087936 -1.7157964 0.32007337
44 -0.26030105 0.5542212 0.13352434 -0.13690828 -0.25127485 -1.3458462 -1.267727 -1.1071498
49 -0.63803536 0.65596074 -0.13065916 0.4142062 -0.8357219 0.4465611 0.9710186 -0.886407
11 0.06286218 1.0357441 0.47428185 0.38945094 -0.26955542 1.161704 0.33300635 1.0860504
30 -0.13209033 0.4210111 0.8618898 0.16936243 0.51029336 -0.7469974 -1.7905587 0.17368843
