50 8
23 -0.13606124 1.1290063 -0.41303402 0.175637 -0.1927083 -0.6452122 -0.83063227 0.257823
38 0.15589939 1.2921396 -0.5244155 0.54569477 -0.38033077 0.42581254 -0.2018457 -0.25693202
16 0.055069737 0.6560463 -0.3969285 0.37933734 -0.71444386 -0.38163075 -0.19261168 -0.5625792
24 -0.44067663 1.1026797 0.3068796 0.09888445 0.5268829 -0.59531343 -0.71158534 0.55741304
6 -0.35724744 -0.0059912074 -0.00754772 0.43435255 -0.48243955 -1.0997995 -0.77177405 0.07260132
29 0.05122516 0.7927321 -0.6839785 0.3059019 -0.90852034 -0.5104836 -0.9964921 -0.08599795
0 -0.43410328 0.8376987 0.2894898 0.15079208 0.24640724 -0.9618795 -0.6751704 0.79841954
26 -0.4872544 -0.21556741 0.3972334 0.3558112 -0.48467478 -0.9036297 -0.5721258 -0.18817356
19 -0.18061028 1.4068558 -0.09437267 0.18015127 0.2711174 -0.39841297 -0.64467365 0.5120051
43 -0.73916197 -0.48896277 0.38104168 0.4697798 -0.7280766 -0.29430303 0.51200914 -0.90929633
25 0.09443595 1.299931 -0.39291224 0.37144172 -0.4627459 0.09175129 -0.48051974 0.18954264
2 -0.28560734 1.1719806 0.07232066 0.2647838 0.23645112 -0.5347917 -0.4051529 0.84503955
12 -0.1905698 1.4557565 0.09902911 0.08390514 0.288196 -0.6337076 -0.4015384 0.88839555
30 -0.11350822 1.1812167 -0.06085325 0.2628873 0.06583138 -0.64900124 -0.9590281 0.65948135
18 -0.19334337 1.019102 0.022468051 0.282811 0.10535887 -0.81395674 -1.1149156 0.76197267
15 -0.6814126 0.14821428 0.8271171 0.2743484 0.15237418 -0.6294968 0.30499506 0.19197147
13 -0.2154227 0.7565366 -0.03947501 0.3144235 -0.079470366 -0.94291735 -1.0673996 0.65350974
35 -0.3403016 1.1716805 0.6538242 0.59830445 0.4953314 0.5242408 1.0981147 0.5523604
40 -0.0069072004 0.9034677 -0.21443667 0.54514927 -0.17286487 -0.51936275 -1.009727 0.44673508
21 -0.30926147 1.4910452 0.05431753 0.07215076 0.48265398 -0.5163134 -0.48539692 0.7545072
20 -0.6538364 -0.49125212 0.19600925 0.6764194 -0.5290311 -0.089499906 -0.16074222 -1.1142215
8 -0.26362163 0.21588467 0.014774523 0.45233488 -0.27531165 -1.3349582 -0.88788223 0.5746301
7 -0.2524206 0.1595577 0.07516203 0.48262614 -0.44300872 -1.094624 -0.9140896 0.45073354
42 -0.71743715 0.17690296 0.124177516 0.04985275 -0.1785707 -1.0815716 -0.84840137 0.10242074
27 -0.9930583 -0.72701967 0.38558573 0.4952218 -0.75453025 -0.094627894 0.30247775 -0.9901988
3 0.017656423 1.9784323 0.0076926337 0.3584758 0.6279045 0.337402 0.41537228 0.59864587
34 -0.17059839 0.60867286 -0.25815478 0.76459545 -0.6021655 0.79981625 0.21107239 -0.7023913
1 -0.51351845 0.5005242 0.518471 0.51732266 -0.15938467 0.7661016 0.97054994 -0.8753843
31 0.004354301 1.0212147 -0.42227295 0.49108577 -0.08527174 -0.553232 -0.8727908 0.23622678
39 -0.74426943 -0.26270616 -0.04311181 0.7000041 -0.6387299 0.2295845 0.18441066 -0.7922241
17 -0.6840179 -0.36615753 0.66351444 0.32641006 -0.5333994 -0.30162498 0.25606984 -0.97284263
41 -0.61805516 -0.08995195 0.371072 0.83682656 -0.68056965 0.7703258 1.1277751 -0.9909989
36 -0.49746332 -0.05235174 0.22310677 0.7364279 -0.71606165 0.6313615 0.85900664 -1.0747417
33 -0.40059894 1.2307385 0.88999695 0.27479306 0.6218644 0.26184767 0.9849591 0.35620034
4 -0.47542533 -0.01809997 0.5557762 0.72637737 -0.4901065 0.52284724 1.3052933 -1.088378
49 -0.8518288 -0.5655498 0.5369507 0.5629314 -0.70696926 0.31967992 0.5058914 -1.3241792
11 -0.80536216 0.30182916 0.5874332 0.64799327 -0.00221677 1.0248208 0.9875061 -0.74878824
9 -0.752218 0.09282301 0.4056447 0.32360843 -0.5622471 0.5173616 0.9025971 -1.1873481
10 -1.0249745 -0.40728626 1.1097972 0.29269955 0.012855032 -0.85433865 0.5963697 0.28448567
5 -0.8982866 -0.32929003 0.9558041 0.6700406 -0.21893081 0.41016948 1.3003478 -0.6498928
44 -0.11777406 0.4467618 -0.12363548 0.31488064 -0.6115471 -0.87189233 -1.1216534 0.067574985
32 0.016764933 1.7767317 0.05090394 0.46569526 0.5624458 0.06519837 0.052957963 0.93130505
45 -0.7939812 -1.0794202 0.5974032 1.0270458 -0.5596359 -0.21626714 0.4492394 -1.0323565
28 -0.95612085 -0.73364544 1.2451408 0.5285181 -0.26888007 -0.20343442 0.6362655 -0.6863397
22 -0.27357525 1.2718737 0.42956004 0.47020966 0.8550078 -0.3960455 -0.092730075 0.96476644
37 -0.3591943 1.5234381 0.5349551 0.285777 0.8394635 -0.25319517 0.36936525 1.2271658
47 -0.739861 -0.2647658 0.31607634 0.8167596 -0.6220157 0.66692317 1.1448313 -1.1054589
14 -0.41677886 0.87681913 0.21878272 0.7163327 0.09092555 1.0947307 1.2080011 -0.60333824
46 -0.46354532 -0.24487226 -0.21741961 0.57289493 -1.3563726 -0.012193566 0.29211518 -0.7726891
48 0.17634282 0.44591567 -0.7300087 0.84166837 -0.91299045 0.038220678 -0.44632933 -0.9411796
