50 8
43 0.028145738 0.51494944 -0.09568032 0.8167657 -0.60253614 -0.03694071 0.48650542 -0.09253438
1 0.1810409 0.54456824 0.6905191 0.12666395 -1.2463135 0.3637624 -0.31281513 -0.449526
44 -0.40629852 0.24218981 -0.17477116 0.96816194 0.30810526 -0.93654525 0.5593639 -0.037726067
24 -1.0698926 0.018177245 0.32221934 0.16059269 0.30998072 -0.9101678 -0.0005706648 0.1314793
31 -0.7976503 0.50826424 -0.26252487 1.2683202 0.9903095 -0.23104124 0.2836312 0.4532957
19 -0.97924626 0.03208385 0.1969195 0.62182015 0.39582536 -0.561936 -0.059131574 0.20504284
20 -0.3709232 -0.07281402 0.95695394 -0.33347416 -0.9055602 -0.8048641 -0.72234756 -0.33657283
40 -0.6292061 0.84054095 -0.11347134 0.90893936 0.7554584 0.18139438 0.3371514 0.27270165
18 -0.8354993 0.2688039 0.0030496153 0.9081398 0.67761767 -0.4107729 0.57198066 0.24869722
25 -0.072874874 0.356165 0.5996987 -0.09884193 -1.3738639 0.08183048 -0.32607976 -0.19034503
42 -0.1459071 0.17507875 0.04251655 0.53516454 -0.3676262 -1.0075816 0.7823052 -0.2980451
37 -0.6345663 0.28097022 0.049963966 0.8997032 0.7636954 -0.87968314 0.71153283 0.25463647
26 -0.90317184 0.19054575 -0.08451302 0.84542465 0.75285554 -0.89111555 0.21539584 0.25592718
39 -0.38762215 0.82479244 -0.2916218 1.1307402 0.2389161 0.39863223 0.36313465 0.025275137
46 -0.19930026 -0.068987824 0.83150864 -0.3048991 -1.1023681 -0.9185017 -0.38785028 -0.0209411
22 -0.55827945 0.029091278 0.22787939 0.7620801 -0.19285733 -0.15262961 -0.25978643 -0.27496186
6 -0.65983254 -0.06080288 -0.22686808 0.94242805 -0.113232315 -0.71035075 0.639709 -0.12214237
36 -0.1330328 0.36398917 0.71420634 -0.18849204 -1.4544907 0.17829078 -0.7769391 -0.16967124
10 -0.5365402 -0.1717927 0.6653511 0.007065883 -0.4285196 -1.0683137 -0.303499 0.43071666
45 -0.6173888 -0.30290118 0.2947122 0.17876413 -0.56856734 -1.3577799 0.07888246 -0.4427932
49 -0.07288764 0.09915107 1.0939882 -0.49944976 -1.6670868 -0.13643578 -0.60848594 -0.4281412
29 -0.44561204 0.67990273 0.8714237 -0.46219993 -0.65389544 0.3172747 -0.82646257 0.4272902
23 -0.5851922 1.15839 0.53023314 0.07396308 -0.09945391 1.3004088 -0.62940955 0.020452868
4 0.34148893 0.35319918 0.9459541 -0.20254223 -1.8766966 0.19267471 -0.26977077 -0.31956536
30 -0.1972143 0.58956724 -0.4174575 1.4064486 0.27769557 -0.16081002 1.1225146 -0.19336933
8 -0.76092243 -0.3526348 -0.15036595 0.8833867 0.12749246 -1.5608788 0.7101592 -0.053204086
15 -1.1325173 -0.00309381 0.5695582 0.05576512 0.7766285 -1.1942669 0.0649194 0.68891466
27 -0.20708154 0.58535534 0.65245575 0.1663893 -1.347009 1.1481729 -0.82695353 -0.5713819
33 0.16581063 1.0574092 0.06014113 0.7701233 0.0632373 0.25474125 1.000417 0.048317213
41 0.49741262 0.9975659 0.6781987 0.057188235 -1.568649 1.0348002 -0.42598456 -0.4408524
12 -1.0998187 0.3874898 -0.17392467 1.0388069 1.1838351 -0.54879797 -0.04706769 0.5100958
14 0.12645571 0.7741876 1.2081714 -0.69212776 -1.3418947 0.26022246 -0.9416774 0.029901288
0 -1.1103157 0.2047554 0.22173257 0.4860853 1.1319528 -1.0354294 0.46103376 0.53473055
48 -0.033734005 0.8448578 -0.4688784 1.2488586 -0.3204848 0.5398133 0.07326142 -0.11117837
16 -0.009337436 0.4988936 1.1663826 -0.8011098 -1.6203557 0.03640871 -0.5895837 -0.20222223
7 -1.1233697 0.30584925 -0.09927723 0.9671144 1.0235056 -0.48480883 -0.008501791 0.32574382
28 -0.09281497 0.28877142 0.825734 -0.10502076 -1.6677877 0.4387142 -0.9381619 -0.42403737
34 0.6553627 1.2074845 0.9257523 -0.005261647 -1.3965402 1.1742599 -0.27910113 -0.19644019
38 0.22582743 1.0704665 0.54829323 0.15855877 -1.2659963 1.1640462 -0.55965835 -0.35025883
21 -0.8928301 0.85747534 0.57219505 0.27966714 1.4488103 -0.18297295 -0.07782148 0.73632777
5 -0.03366029 0.54336774 1.3734739 -0.69429874 -0.7818065 -0.11120153 -0.6087817 0.2738025
17 -0.4382018 -0.2208678 1.356521 -0.62262934 -0.79753524 -0.9989426 -0.84068644 -0.17399894
9 -0.05608902 0.59999245 1.1156065 -0.7150476 -1.4458175 0.1859539 -0.9445042 -0.092341274
13 -0.52883285 0.4424166 -0.36521307 1.2804598 0.6510097 -0.44875708 1.090894 0.0988231
2 -1.2193141 0.37221792 0.5652954 0.2539023 1.1859602 -0.31577614 0.11305544 0.8669032
11 0.09690749 0.4167224 1.2244487 -0.73335457 -1.8959067 0.17536391 -0.90859246 -0.24085332
35 0.71300817 1.1591676 -0.38465062 0.8069492 -0.8907682 -0.1740538 0.6544557 -0.57490134
32 0.21509716 1.1563225 -0.08696308 0.9585447 0.19352959 0.2760093 1.3365616 -0.050206255
3 -1.4187763 0.7270817 0.43689036 0.16823913 1.677494 -0.29922554 -0.2959325 0.806426
47 0.20595197 1.1163523 0.021376224 0.66979176 -0.9467661 1.1399766 0.1939461 -0.5927026
