50 8
43 -0.49319422 0.22644612 -0.15822195 0.47593644 -0.86348444 -0.4734784 0.52699816 -0.53419113
1 -0.090493605 0.6793558 -0.29888964 0.3659181 -0.7534988 -0.032828376 0.41268727 -0.80782896
17 -0.63924116 0.110069245 0.36352792 0.15921625 -0.2643128 -0.6095697 -0.20699742 -0.5966527
39 -0.8670676 -0.013772175 0.34137255 0.6130315 0.64502436 -0.71879464 -0.38198408 0.14836705
24 -0.63291305 0.23557428 0.2725213 0.4105985 0.6362237 -0.51089203 -0.48824203 -0.17374603
29 -0.6894843 0.20348957 0.15319367 0.090042286 -0.13188766 -1.032284 -0.32138604 -0.5405844
16 0.0021198017 0.7284506 0.103393376 0.016533295 -0.44288284 0.04603712 -0.09064638 -1.1089035
18 -1.0002303 0.12804593 0.62430704 0.5657806 1.0554429 -0.44935083 -0.119983934 0.5898777
23 -0.6293817 0.24571708 0.69355136 0.1375366 0.45792136 -0.32238457 -0.27197766 -0.23873466
42 -0.44522244 0.45449328 -0.07170528 0.035545062 -0.70454943 -0.82655084 0.06531843 -0.8110324
19 -0.8446673 -0.18988207 0.32834736 0.47045416 0.48048744 -0.64875567 -0.32152998 -0.44094852
40 -1.1601349 -0.07403837 0.3246848 0.60109496 1.046728 -0.8708957 -0.16042401 0.35106325
6 -0.58888716 -0.20850219 -0.19556345 0.5951669 -0.70987374 -0.64217246 0.20954512 -0.96075886
20 0.084793106 0.61955 -0.105286404 0.37715 -0.61202 0.012059258 0.023941152 -0.9417382
26 -0.83297235 -0.41816497 -0.15521453 0.755889 -0.78558344 -0.71021134 0.27111986 -0.5876444
28 0.25663444 0.7371781 -0.08369839 0.3597514 -1.1567512 0.3545307 0.28651682 -1.139307
36 0.22016118 0.7525265 -0.041024152 0.40398088 -0.81165755 0.7853481 0.25194103 -1.2111776
49 0.07680167 0.6647366 0.088853195 0.24749179 -0.80704516 0.56426287 0.34226042 -1.0721544
45 0.28218177 0.7723979 -0.41521326 0.59582883 -1.0179946 0.076594815 0.106090285 -0.94984484
2 -0.95212567 0.5645053 1.1481427 -0.10781723 1.1520767 -0.12407192 -0.350059 0.5174442
25 -0.33204618 1.1294678 0.6797521 0.09436339 1.0052267 0.50770926 -0.25273398 0.46806735
46 0.30215287 0.5275956 -0.054516807 0.85495585 -1.2589216 0.26921082 0.52216953 -0.6092712
34 0.52258295 1.3047669 0.14304714 0.24318014 -0.40933764 0.66975886 0.0642881 -0.6112432
27 0.178243 0.72395575 -0.40616086 0.63630915 -1.1261665 0.41684866 0.33233586 -1.032558
31 -0.86162055 -0.09392696 -0.075905815 0.39932752 0.06706308 -1.5714626 -0.13507138 -0.40728202
38 0.48110828 1.161481 -0.16725545 0.3987613 -1.1165764 0.8285389 0.39322445 -0.9772491
30 -0.98244417 -0.24221113 0.41275665 0.90946317 1.1902127 -0.62870806 -0.34960073 0.29689708
12 -0.7947356 0.08127226 0.32076064 0.57590425 0.84599084 -1.0305912 -0.37534294 0.1648648
0 -1.0626974 0.13479088 0.904944 0.30341834 1.1887047 -0.4069362 -0.14051469 0.47707155
41 0.51712406 1.1988592 0.063415535 0.2196242 -0.8921772 0.7331305 0.20248277 -0.9652423
8 -0.53385526 -0.27809477 -0.2841583 1.1005623 -0.87378424 -0.8526845 0.33186972 -0.2660076
44 -0.2546577 0.34270346 0.027557245 0.4059429 -0.64242524 -0.76047325 -0.34694654 -0.492265
21 -0.6961918 0.63289744 1.3202398 0.2588737 1.1785125 0.14897521 -0.2059658 0.9916002
4 0.4217609 1.0179564 0.28841949 0.49463275 -1.1242415 1.3015099 0.6280833 -0.6370134
13 -1.0400647 -0.2689938 0.42174214 1.1809528 0.405355 -0.23654267 0.44220755 0.9147244
3 -0.8592378 0.3270331 1.0178409 0.10868938 1.2879755 0.07859135 -0.26492077 0.12710257
9 0.2160867 1.1146483 0.19992773 0.5694219 -0.68193364 1.5847942 0.73538375 -0.1860289
10 0.18450975 0.4377791 -0.33289972 0.9092264 -1.2615014 -0.073546655 0.6155061 -0.620133
7 -0.93749166 -0.14953232 -0.031575605 0.9650986 0.061368965 -0.9053791 -0.017253714 0.4004805
14 0.2757545 1.5737405 0.76871777 0.34308288 1.0155791 1.5812109 0.041043594 0.53936505
35 -0.7458215 0.6557487 1.2374462 0.43251276 1.344195 0.34953693 -0.08119977 1.1449988
11 0.5549439 1.3991215 0.34586763 0.2931863 -0.80086553 1.5304155 0.30002093 -0.46554053
32 -0.9429501 0.38869098 1.2781287 0.36873162 1.463906 -0.088443846 -0.16632277 1.0597639
15 -0.537006 0.40150097 0.14729355 0.028779203 0.41579083 -1.2312473 -0.51430553 -0.5830867
33 -0.46918768 0.8611213 1.3023269 0.3821005 1.0839641 0.52657586 -0.014877982 1.1854836
5 0.29331833 1.0728272 0.3934121 0.5584833 -0.70802134 1.3938187 0.56509423 -0.12166074
37 -0.6857173 0.53896666 1.4779164 0.6144541 1.3346881 0.60014653 0.10310571 1.3557152
48 0.49314713 0.67935777 -0.10579621 0.8843082 -1.2431179 0.061898146 0.12648539 -0.52560794
22 -0.9860416 0.2764833 1.2074869 0.57261395 1.6205585 0.1679116 -0.15343976 1.105633
47 0.46380278 1.2205807 -0.2352871 0.2835733 -0.9242659 1.1000725 0.16566676 -1.3003992
