50 8
23 0.10244596 0.7966564 0.3727004 0.49355403 0.51453954 0.07867391 0.24739422 0.14860637
28 -0.5092597 -0.1684008 0.6168974 -0.6373949 0.6603778 0.85182095 0.521824 0.12402856
43 -0.29030484 -0.38182753 0.47059685 -0.42707098 1.134101 0.36830804 0.034397893 -0.098810844
29 -0.17489715 -0.6481542 0.98341864 -0.55374163 0.09218031 0.979078 0.13054952 0.007470051
27 -0.3842658 -0.28606525 0.76936567 -1.0419769 0.88592714 0.73198056 0.30165917 -0.085299134
39 -0.50281733 0.20340072 0.31759346 -0.404665 1.2199244 0.6942246 0.22783057 -0.64094585
41 -0.05095235 -0.23177217 0.2370582 -0.2367369 1.3106633 0.6116668 -0.058908936 -0.7825775
25 0.80497855 -1.1603465 0.6186084 0.4575059 -0.0073410757 0.5828335 -0.67647547 0.07787758
26 -0.51273125 0.92160296 -0.063399 -0.16372854 1.1356461 0.7141488 0.36232498 -0.028541982
18 0.86868435 0.65886444 -0.051565927 1.2136619 0.5480485 -0.03772486 -0.8705386 0.12296217
12 0.87751675 0.5787936 0.30607036 1.43163 0.21573375 -0.38493294 -0.77589995 0.25280377
30 0.8414718 0.8882708 -0.08725942 1.0336881 0.86456025 -0.21158756 -0.7903914 -0.060370445
40 0.5826655 0.82739246 -0.3078778 0.54187137 0.82166606 0.5261376 -0.12289006 0.21751387
31 -0.59301406 0.97726434 0.12505424 -0.42348418 1.3189312 0.59015155 0.45113423 -0.3026629
17 -0.6664013 -0.59431154 0.61071736 -0.84727174 1.1030955 0.59589225 0.55844915 0.088042155
9 0.23124473 -0.7942627 1.0831089 0.5384336 -0.51995575 0.24646643 0.31184343 0.76663554
24 0.70984966 0.5986079 0.18229619 1.2831844 0.642319 -0.5830584 -0.7777529 0.22151934
19 0.92500603 0.64695275 0.3553309 1.5557 0.024043554 -0.30165052 -0.87754834 0.29330692
36 -0.34321645 -0.60584956 1.1040846 -0.77687865 0.38417011 0.8957372 0.2587145 -0.4068811
0 0.7429983 0.6556208 0.2920262 1.5503885 -0.13173947 -0.33096024 -0.42493922 0.8857874
38 -0.5938877 -0.90414995 0.9144001 -0.8506558 0.5729314 1.0771841 0.27619743 -0.258309
13 0.80213696 0.43321714 0.16422686 1.2720339 0.07445366 -0.03797557 -0.6320986 0.7219455
49 -0.7210001 -0.6657786 1.069506 -0.61437917 0.3581052 0.5687675 0.89174753 0.42089838
6 -0.37252238 0.35200992 0.4641814 -0.4797639 0.88766897 0.574785 0.02346765 -0.1587391
21 0.66850185 0.27117723 0.46910518 1.7010449 -0.28212076 -0.22214238 -0.6508027 0.50643367
1 -0.45101947 -0.71809167 0.65301687 -0.92448413 1.1582241 0.94023174 0.3071433 -0.5779544
2 0.6260718 0.47978762 0.49257115 1.566939 -0.09478801 -0.4946022 -0.74883723 0.6798144
42 -0.71571136 0.36601114 0.48915714 -1.0096812 1.1279213 0.66324776 0.60061026 0.19232026
14 0.5764775 -0.826761 0.89305544 0.68498164 -0.5739897 0.25339773 -0.10860735 0.9506318
3 0.61001307 0.84213036 0.06823771 0.9764464 0.7533161 -0.47581866 -0.59834236 0.4983191
37 0.88988274 0.32533884 0.45094815 1.7440648 -0.17606747 -0.36608192 -0.69871145 0.5046352
20 -0.6621052 -1.5935409 1.3215066 -0.17787549 -0.24140318 0.63414633 0.5542242 0.5955412
4 -0.54069096 -1.0565605 1.3387797 -0.41547346 -0.5021237 0.9957795 0.31800094 0.4319988
32 1.0661507 0.28242484 0.5585896 1.4548788 -0.17621179 -0.10804561 -0.85839164 -0.052559286
16 -0.43304545 -0.72340715 0.98711884 -1.0584804 0.64280313 0.93723774 0.37549275 -0.17578702
45 -0.5324865 -0.7044759 0.90974444 -0.8989095 0.64144814 1.0088032 0.37283513 -0.3673594
44 0.1286388 -0.67217624 0.20755722 -0.083013244 1.2027255 0.53918123 -0.35555238 -0.4783541
10 0.3673045 0.016518936 0.3726652 1.0787069 -0.27098528 0.10715092 -0.27375215 1.2091162
15 0.024541186 0.9106757 0.9060651 0.6460035 -0.76657647 0.36116675 0.5975971 0.892189
33 0.8543349 -0.22092482 0.65391165 1.4088677 -0.21806245 -0.08097356 -0.66128576 0.09724676
7 0.3047088 1.3848891 0.00020580535 0.9838108 0.3156834 0.053589553 0.4273578 0.72735333
34 -0.29648408 -0.97261864 1.3071327 -0.85287863 0.21369721 0.9716086 0.054828815 -0.49488294
35 0.8495361 0.33999333 0.49922463 1.6334896 -0.32174328 -0.20570762 -0.6147579 0.5240765
22 1.0801558 0.02352373 0.49558893 1.6469278 -0.4368438 -0.09466943 -0.7170883 0.5857187
8 -0.5213468 0.76726305 -0.28808933 0.47803116 0.8706872 0.7068692 0.011003422 0.3383937
47 -0.8601529 0.16839993 0.45291713 -0.5231926 0.9136567 0.7915411 0.5745325 -0.03328161
11 -0.56802136 -1.194366 1.5467249 -0.8555556 -0.27003786 0.96950465 0.5430194 0.29604748
5 -0.636043 0.35365844 1.2706715 -0.32322434 -0.6680014 0.59486145 0.9154374 1.0646019
48 1.3133395 -0.017653998 0.24708088 1.0406218 0.57636154 -0.30050072 -0.8951041 -0.10375961
46 -0.039853185 0.9911791 0.39419052 -0.13509852 0.903925 0.1755067 0.5238883 -0.102845006
