50 8
43 -0.5674189 0.028644131 0.89599246 -0.411681 -0.034384903 -0.5810671 0.0035803101 -0.40917054
23 -0.27224818 0.47425133 0.31396687 0.4649591 -0.16858278 -0.5578189 -0.44410506 -0.3920765
28 -0.3287221 0.3067224 0.71114314 -0.06441271 -0.5535095 -0.5164504 -0.20828708 -0.84449667
17 -0.4316138 0.16436553 0.72304684 -0.11421762 -0.51558083 -0.72321975 0.18740268 -0.61952394
29 -0.4524022 0.30466628 0.18356298 0.8598502 -0.4419281 -0.5718477 -0.11189485 -0.3646098
36 -0.4648209 0.32321957 0.39442727 0.49021947 -0.7475915 -0.4196459 0.08003771 -0.65450734
1 -0.12056217 0.679833 0.25809345 0.44791734 -0.27858758 -0.8156539 -0.49950245 -0.78645194
40 -0.6208801 0.40496624 0.5166536 -0.092621 0.7437851 -0.5460028 -0.094497755 -0.13604744
49 -0.30527487 0.38453564 0.5872791 0.09076653 -0.7173605 -0.39701653 -0.24914724 -0.79011184
26 -0.67957336 0.23369159 0.43353188 0.023558794 0.20660159 -0.9493985 -0.09091817 -0.45740524
12 -0.48740017 0.27995247 0.5974702 0.018897349 0.834138 -0.46063378 0.032219607 0.5483974
24 -0.787033 0.09320349 0.6148729 -0.1867834 0.73850936 -0.7748835 0.116436996 0.10571143
8 -0.4505614 0.4415017 0.4251543 0.04667735 0.19337595 -0.7331033 -0.25505018 -0.26010013
41 -0.2686251 0.48095927 0.2642492 0.57965916 -0.2856929 -0.77090645 -0.4194233 -0.71105516
6 -0.42034876 0.515949 0.26146755 0.29616317 -0.1512636 -0.8118402 -0.20425873 -0.6425477
34 -0.23218429 0.58933216 0.058967948 0.91476095 -0.34656304 -0.79784584 -0.54051375 -0.8054712
19 -0.45063165 0.30931163 0.92199486 -0.08050304 0.5374847 0.7192578 0.1152843 1.3538519
27 -0.4803675 0.30548418 0.25466716 0.6170162 -0.17480427 -0.8582603 -0.3725047 -0.8776578
31 -0.26794654 0.63957244 0.09763814 0.5967792 0.4613229 -0.9616454 -0.8395543 -0.62267566
20 -0.33361554 0.31643006 0.519543 0.28821015 -0.7002042 -0.6244957 -0.068283364 -0.76617754
38 -0.22271751 0.65387666 0.0702625 0.8774533 -0.32327896 -0.5396512 -0.40209445 -0.6675058
16 -0.18487374 0.40234134 0.72983587 -0.10212835 -1.0986902 -0.5099331 0.31239402 -0.82716364
44 -0.22925249 0.69456816 0.071105875 0.5834612 -0.1646654 -1.1810455 -0.5298427 -0.9440179
7 -0.6936092 0.38486683 0.5859386 -0.0286913 1.0429629 0.10336411 0.14002986 0.92910844
45 -0.2887176 0.522429 0.24608885 0.5773713 -0.7785513 -0.7623043 -0.028026175 -0.78777856
42 -0.7306128 0.17435612 0.9431215 -0.62852424 -0.675787 -0.22068335 0.75370544 -0.4941282
15 -0.79576445 0.061642822 1.1019118 -0.8503858 0.028173566 -0.07607175 0.8257692 0.18517338
39 -0.20250154 0.77091557 -0.041031096 0.8998021 -0.3616324 -0.7921582 -0.5815484 -0.68971956
4 -0.20575206 0.37953478 0.35121608 0.9171468 -1.0533148 -0.20087801 -0.17132495 -0.758371
10 -0.46289054 0.27171752 0.78728604 -0.32449758 0.22117856 -0.53322035 0.5145878 0.4185797
0 -0.51909935 -0.011068708 1.3468931 -0.71549296 0.5978593 0.46731737 0.40659776 1.3018681
2 -0.33208537 0.50393015 0.5931865 0.4457067 1.0631514 0.54529613 0.062281046 1.6341771
25 0.3190086 0.9059061 0.6272264 0.1976609 -0.63808733 0.8143983 -0.74767905 0.69293565
13 -0.29969743 0.44736588 0.51809555 0.7136253 0.9708772 0.6669371 -0.45787165 1.4451766
21 -0.2500833 0.69567466 0.6718967 0.30257598 1.0330573 1.0590852 -0.26821998 1.4773325
47 -0.295439 0.57334125 0.33126765 0.34675324 -0.9699432 -0.79207635 -0.26379392 -1.3021069
9 0.27697146 1.0574231 0.41278562 0.5220352 -0.27020553 0.6291471 -0.4751286 0.5578494
14 0.43713567 1.2240943 0.3340214 0.8267358 -0.013451166 1.009584 -0.94661367 0.8980054
30 -0.47813243 0.29001218 0.88644415 -0.0064994353 0.70837927 0.547755 0.47953266 1.6983491
18 -0.6785764 0.027883777 1.0833261 -0.31926212 0.8005951 0.5600626 0.4004939 1.6606771
3 -0.37308556 0.28589964 1.5380021 -0.9329249 1.0353942 1.1367798 0.16120361 1.7879679
11 -0.23907864 0.03431156 0.9738652 0.11285074 -1.645812 0.29192206 0.19052093 -0.41922694
33 -0.06099248 0.6596828 1.0568587 -0.13557215 1.0517775 1.0231789 -0.33703405 1.7638173
5 -0.38561967 0.17102505 0.9282447 0.3206302 -0.29470173 0.8531182 0.7249889 0.88697463
37 -0.12277014 0.44130835 1.0997783 0.37354034 0.27445012 1.7685803 0.23075028 1.9148867
35 -0.14118768 0.5268892 0.95243466 0.0853285 0.7995669 1.2136862 -0.19743167 1.9023986
22 -0.25627142 0.38726646 1.230596 0.10405225 0.41499645 1.8005474 0.38268384 1.804079
46 -0.3111965 -0.0087600285 1.0279778 0.04514314 -1.0771996 0.20338167 0.99686605 0.50833637
32 -0.18222159 0.52935183 0.78203404 0.7013236 0.71277845 1.4131335 -0.08936204 2.088514
48 -0.19440944 0.6706239 -0.18862574 1.5483202 -0.25308147 -0.45047203 -0.7218282 -0.67442805
