50 8
28 -0.5047789 0.67160124 0.46401417 -0.26802492 -0.18511647 0.5036336 0.15648189 0.5857532
23 0.1533355 0.9579048 0.22021666 0.9678924 0.7344734 -0.07580004 0.14199552 0.407406
2 0.20923853 0.7322331 0.30454385 0.83876514 0.7917111 0.09716162 0.5790988 0.2815645
31 -0.05919449 0.7930609 -0.1489902 0.7525223 0.92645144 -0.07831842 0.14684324 0.93713206
43 -0.581056 0.2753795 0.26012242 0.15906034 0.91694576 -0.14724998 -0.15931448 0.88420177
24 0.26444826 0.77971417 0.19499147 1.2483654 0.14397402 0.011059421 0.0049625915 0.570438
26 -0.18073653 0.2287379 0.17408183 0.6534068 1.0527316 -0.13512944 0.02583949 0.7318733
1 -0.3639023 0.70556885 0.4052851 0.18549243 0.39750385 0.2824675 0.03799742 0.34552777
40 0.15246741 0.34616843 0.25886092 1.586095 0.37867564 -0.097402215 -0.14651865 0.4101548
6 -0.166273 0.092164256 0.4828117 0.7771005 1.0977166 -0.2533974 -0.2902389 0.40870532
29 -0.3297505 -0.51795214 0.75874704 -0.12325567 1.2010214 0.24660724 -0.32019103 0.22839183
16 -0.4487249 0.03231168 0.6593512 -1.2290797 0.49839318 0.97559214 -0.09902089 0.3697963
38 -0.16638869 1.4303957 0.20491126 -0.104207195 0.20300178 0.60451347 0.54636455 0.3850312
36 -0.1146295 1.3040656 0.3885665 -0.26243934 -0.15324907 0.80584866 0.7688058 0.23485744
8 0.08218647 0.19133885 0.20728241 1.570786 0.816545 -0.34364116 -0.31194383 0.60437477
20 -0.929773 0.6783776 0.4440074 -0.62530404 0.57220834 0.37178957 0.1732697 0.42510232
15 -0.31928352 -0.75004995 1.0011779 0.09454788 0.8656503 0.17569639 -0.4904294 0.10417072
10 -0.692107 0.7611446 0.21259807 0.41473973 0.002876204 0.014481303 0.1565452 0.8263429
25 -0.034583718 0.47383684 0.37140843 -0.4039356 0.39064863 0.8984724 0.0040239473 0.32979876
13 -0.012645407 0.84660745 -0.038621563 1.6125004 0.0822334 -0.19952036 -0.13732702 0.8342917
19 -0.13182734 0.56486 0.28022265 1.3007283 1.0888062 -0.57531846 -0.37430143 0.5448291
12 0.12185054 1.0723542 0.13847671 1.4970272 -0.022048926 -0.071266584 0.09941878 0.51445097
18 0.13648735 -0.7944197 0.5765322 1.5497942 0.2761778 0.04224222 -0.42594162 0.38900772
39 0.23929903 -0.076533966 0.41000944 1.6655655 0.9692805 -0.18381563 -0.09430236 0.1910017
21 0.02507907 0.6430001 0.023200978 1.2235216 -1.0991411 0.87047184 -0.1288974 0.52446026
17 -0.1384893 -0.954721 0.91939974 -0.12823786 0.8216504 0.30577108 -0.13806188 0.40857616
44 -0.35108656 -0.38259906 0.946303 0.3014568 0.9329494 -0.17547691 -0.28968295 0.23826665
7 0.25690055 0.46108502 0.18584216 1.3676059 0.53263545 -0.1969133 0.11176541 0.6862549
41 0.10141661 1.0844682 0.36404294 -0.5634014 0.419468 1.0959129 0.6793613 0.022332683
34 0.031052606 1.0244507 0.518957 -0.7115595 -0.28734782 1.251046 0.5114891 0.13548969
11 -0.54270303 -0.32827717 0.8739989 -1.0033356 -0.7425234 1.4613026 -0.2535685 0.24321407
30 0.3100271 -1.0343765 0.8826942 1.3328168 -0.123069376 0.40675175 -0.38081726 0.11320158
35 0.022702156 0.76907605 0.13745184 0.69507563 -1.274675 0.95315987 -0.082272574 0.67222965
27 -0.33331135 0.88929135 0.45559052 -0.78672653 0.31762516 0.84233797 0.48500258 0.28655812
42 -0.59958667 -1.0240906 0.9374124 0.06098087 1.0948563 -0.17849518 -0.47007185 0.5098569
14 -0.040129416 0.5042354 0.6644031 -0.8225002 -1.130727 1.4283509 0.009975269 0.48195338
5 -0.47155973 -0.5028302 1.0119247 -0.8940519 -0.9284383 1.3402643 -0.064771734 0.32191828
4 -0.364782 0.8548584 0.68255997 -1.1800697 -0.51072633 0.98850524 0.3565242 0.5964788
9 -0.2741943 -0.34321007 1.0209463 -1.1670192 -1.0220324 1.4965081 0.070760064 0.4041076
46 -0.71354437 -0.38430446 1.2968581 -0.77648574 -0.27062556 0.86883616 -0.26875222 -0.16496167
0 0.68354696 -0.8517715 0.7233639 1.6697148 -0.09391524 0.43514994 -0.38895962 0.11570921
49 -0.8435796 -0.81588894 1.2866075 -1.4927092 0.6496888 0.9939414 -0.3520141 -0.12995832
45 -0.9079184 -0.79386145 1.1933225 -1.132508 0.5776296 0.75263125 -0.40302765 -0.0024949063
3 0.33577576 0.7055956 0.3262297 1.6971732 0.10007252 -0.3213499 -0.3216768 0.55576617
22 -0.04961679 0.13778485 0.6497778 0.4142847 -2.0093334 1.2732602 -0.3229235 0.4480236
47 0.124262944 -1.8258137 1.5168222 -0.37399372 0.22682194 1.0256385 -0.3337306 -0.2208168
32 0.369956 0.06327858 0.44097263 2.1444678 -1.4194865 0.4662202 -0.012201181 0.4788423
48 0.3528758 0.074891105 0.24047366 0.46181378 0.60680264 0.94298327 0.17464745 0.058297895
37 0.49133623 -0.9484146 1.0938168 0.59176314 -2.0629845 1.2350767 -0.015436786 0.5652584
33 0.58918536 -0.5929438 0.8985185 1.135633 -2.0387135 1.2217926 0.15523423 0.3492522
