50 8
43 -0.4354792 0.43778884 0.5236192 0.646319 -0.51462007 -0.5686199 0.35590947 -0.58650005
36 -0.69853497 0.49577138 0.12678273 0.6083343 -0.6741591 -0.43230578 0.5597848 -0.46018365
45 0.024438687 0.72850233 0.38564032 0.7365796 -0.47978306 -0.4398332 -0.08812925 -0.62634486
27 -0.75254464 0.5464585 0.08027115 0.5908365 -0.7360235 -0.18419972 0.3964327 -0.3382484
42 -0.32750213 0.59535605 0.20053905 0.48435098 -0.24147579 -0.8846832 0.71720874 -0.34968707
1 -0.6807913 1.0846174 -0.4973552 0.55009156 -0.9069203 0.58009034 0.2986247 0.11847576
28 -0.5454276 0.20827645 0.3099737 0.7712678 -0.16422953 -0.7713375 0.76431787 -0.35516196
34 0.10271643 1.4252375 -0.3292837 0.43810067 -0.5935643 -0.018060654 -0.45476887 -0.21514782
4 -0.4919898 0.43138874 0.23407711 0.80209786 -1.2102077 0.4020646 0.3326023 -0.12750606
26 -0.19329312 -0.63473827 1.528393 0.2562492 0.49224168 -0.8644075 -0.05941497 0.48747876
49 -0.5382203 0.6422158 0.29908133 0.5781216 -1.1147692 0.033687852 0.019679507 -0.47226298
41 -0.06549662 0.5533354 0.7014554 0.7017743 -0.3108873 -0.66839933 0.370786 -0.72115856
46 0.030297032 0.5580786 0.2885593 0.806027 -0.57978064 -0.57660043 0.20574063 -0.4946016
29 0.2599088 1.098819 0.05785796 0.11249336 -0.3287071 -0.29255798 -0.33506066 0.179202
38 0.23011823 1.2317512 -0.07827806 0.4993186 -0.70897996 -0.4582471 -0.2710388 -0.5508503
31 0.20719422 0.40793875 0.3829447 0.6110835 0.68810344 -1.5113465 -0.2054271 -0.34265062
39 -0.2112242 0.7940864 0.32728764 0.57315373 -0.31817046 -0.7736424 -0.21273372 -0.77239126
20 -0.24718773 0.39365977 0.7465015 0.51196384 -1.0452718 -0.23775157 0.23021387 -0.43227777
44 0.70350826 0.8235476 0.42896748 0.5662762 0.32513806 -1.0364699 -0.3823872 -0.3066901
10 -1.0965326 0.12298481 -0.016733311 0.4168793 -0.19136257 -0.23608004 0.8668505 0.37436572
6 -0.2657525 0.08735798 0.92795664 0.867082 -0.12814257 -0.85226864 0.34619075 -0.7455902
25 0.5772667 0.42875168 0.67021585 -0.5293811 -0.47947827 -0.16999952 -1.0874903 1.4271739
8 0.44814193 0.13276055 0.96325815 0.66351396 0.3363454 -1.1775097 -0.17295107 -0.27867252
40 0.124145955 0.9854891 -0.04666376 0.20415157 1.2969928 -1.1731588 -0.38635188 0.14210685
9 -0.37016279 0.93416196 0.016912946 0.45107523 -1.3962266 0.21855868 0.12709808 -0.2615079
48 0.27590463 0.83009696 0.3658775 0.72475255 -0.7410143 -0.83028567 -0.0010107287 -0.8131288
2 -0.5131837 0.40084213 -0.30685437 0.298256 0.98662984 -0.018301923 0.55823845 1.3425891
5 -0.35806856 -0.47613898 0.91217977 0.67514133 -1.2422125 1.0552849 0.21227129 1.0255437
17 -0.7621246 -0.12750888 0.92681015 0.5497722 -1.0093423 -0.29473913 0.017660156 -0.4065654
14 0.085038655 1.552894 -0.52471375 0.22312191 -1.0091962 0.63032997 -0.70561975 0.32806724
7 -0.5844993 0.29673803 -0.6030445 0.26681426 1.4522939 -0.63224113 0.016968021 1.3296132
47 -0.3827278 0.712213 0.24154553 0.7620882 -0.3382171 -0.85382223 -0.08949387 -0.9852141
23 -1.2284558 0.48461193 -0.7876431 -0.0421553 0.37622803 -0.18255572 0.07387643 1.14962
16 0.08418019 0.9819466 0.59283566 0.3214759 -1.4232028 0.040410236 -0.17665684 -0.47624385
18 0.9312185 -0.13985854 1.0902753 0.14672397 1.215429 0.059059832 -0.43919936 2.141474
19 -1.0801963 0.47833836 -0.79124075 -0.012791753 0.3677696 0.28260767 -0.5874491 1.4625211
21 0.5506675 0.7085259 -0.011609011 -0.15409148 0.9926269 0.25098798 -0.5782386 2.1121929
13 0.8510519 -0.18731683 0.6778468 0.47361967 1.0701395 -0.6228461 0.18059763 1.5235384
30 0.55485964 -0.6736237 1.3790768 0.21070059 1.2849708 -0.62910914 -0.62781656 1.7659695
12 -0.51073563 -0.39387146 -0.15999661 0.20127842 1.2489338 -0.12918648 -0.031236244 2.366012
15 -1.8953621 0.1619404 -0.6873957 0.22398761 0.15541935 0.0013057463 0.24536106 0.7950042
24 -1.3375368 0.7338939 -0.9608056 0.025609136 0.3079497 0.4621233 -0.5445993 1.2722726
11 0.3290057 0.4376956 0.5174809 0.20155343 -1.8542022 1.1269287 -0.51307124 1.0945586
0 -0.44569203 -0.09455438 0.23526023 -0.0033655902 1.1005954 0.29227203 0.19204873 2.2777667
3 -0.9018555 0.9820421 -1.4774648 -0.32006764 0.8564927 -0.130165 -0.50612044 1.8608294
33 0.10124835 -1.05639 1.5713886 -0.100823276 0.8144395 0.13248803 -0.7832193 2.532463
37 0.5844848 -1.1093836 1.843567 0.24391766 0.50544935 0.47795793 -0.7622926 2.4442275
22 0.61115634 -1.3919655 2.0898006 0.51977265 0.099219464 0.8151788 -1.1707566 2.3214507
35 0.18638636 -0.99611926 1.5676112 0.021282446 0.59752804 0.67949945 -1.0054367 2.727258
32 1.3285896 -0.9517188 2.2372303 0.21326752 0.89939797 0.21359593 -0.43383953 2.6119504
