50 8
1 -0.5209982 0.537234 0.2624747 0.34565184 -0.6267775 -0.2975773 0.17342114 -1.1725175
14 0.07900339 1.2954009 0.5331644 -0.039949946 -0.26669562 0.0029520257 0.45777723 0.88650143
34 -0.21326321 0.9277069 0.5770156 0.12854199 -0.8984429 -0.1374639 0.60978746 0.16402446
49 -0.43094382 0.50868446 0.6776101 0.09422875 -0.98445904 -0.21824248 0.30754098 -0.69106364
29 -0.18114185 0.94461465 0.21695013 0.5402244 -0.5170163 -0.37974524 0.5932928 0.66965353
28 -0.29008 0.4217231 1.0093619 -0.37661043 -1.1867414 -0.37929413 -0.190193 -0.77523154
33 0.39804918 0.8705851 0.81577224 0.10287294 0.77961516 -0.04904984 0.07084875 1.50172
23 -0.23997156 0.01914822 1.1127651 -0.3062244 0.6517997 -0.18943699 -0.6730944 -0.149852
20 -0.41255635 0.53006047 1.0186076 -0.42343143 -1.1005208 -0.23028804 0.00045853006 -0.41674948
24 -0.1433689 0.42159614 1.0411019 -0.54797107 0.74615693 -0.13108553 -0.8126653 0.36431417
35 0.24824546 0.99259126 0.060964487 0.8544086 0.6628429 -0.12552795 0.34857544 1.2978252
36 -0.38249993 0.9095516 0.5760274 -0.07871478 -1.0004873 -0.24780011 0.44161907 -0.34193984
41 0.010260419 1.0627816 0.14391333 0.5731836 -1.1771759 -0.53428274 0.536925 0.079039335
27 -0.50420535 0.84942704 0.29796436 0.20225836 -1.2845367 -0.38446936 0.35555837 -0.5519825
4 -0.06484275 1.1234708 0.63359994 -0.28630424 -1.0502887 -0.47158268 0.20646934 0.21247473
45 -0.6244148 -0.21006998 1.1150821 -0.21910018 0.2931955 0.14348742 -0.47224864 -1.2816707
13 -0.17806795 0.084834 0.23136236 1.3010906 1.5480475 0.26856545 0.04056034 0.66850936
18 -0.5251651 -0.11133661 -0.13124585 1.4165864 1.6236001 0.025847815 -0.5587004 0.013504645
10 -0.255548 0.0810376 0.8817416 0.1317035 0.9687499 0.13847768 -0.34370658 0.14870359
6 -0.8625234 0.2515366 0.002293616 0.44424167 -0.057638574 -0.2856334 -0.47454 -1.4534651
9 -0.030529682 1.3633833 0.70287424 -0.35022366 -0.96143395 -0.03274589 0.50163156 0.4162309
38 -0.27902293 0.90996355 0.058104523 0.44938755 -1.230596 -0.83254284 0.4579878 -0.6945439
0 -0.2221242 -0.20404354 1.0650514 0.23055296 1.7134385 0.62755823 -1.0858064 0.5823063
43 -0.28427505 0.8394535 0.29192752 0.38250104 -1.1017095 -0.5704983 0.7447981 -0.53609645
46 -0.31279185 0.4294603 0.4538847 0.43052208 -1.1923918 -0.55590326 0.38175076 -0.6321012
37 0.2307012 0.13789013 0.5740951 0.9815043 1.3706979 0.1597065 -0.23703966 0.99598527
11 -0.21545324 0.32106557 1.219843 -0.1072298 -1.2685387 0.070474565 0.16620982 -0.14690867
25 0.13516037 1.1562017 -0.31008 1.0363849 -0.22306918 -0.21145016 0.034380622 0.8168914
47 -0.76140946 0.3285984 0.33893216 0.25437632 -0.24542056 0.16144797 -0.32960394 -1.3771765
40 -0.35435605 0.9278352 -0.6478661 1.3164086 -0.40761802 -0.5441329 0.59131646 -0.58047944
42 -1.0564423 -0.31321242 0.4793882 0.31609926 0.45938298 0.13848245 -0.7304048 -1.6134361
39 -0.7023827 0.5056962 -0.02014247 0.6398383 -0.82443047 -0.49033052 0.27078834 -1.2657367
7 0.049321767 0.27549314 0.4798507 0.42935613 1.7546811 0.003599907 -1.0244415 0.70107555
8 -0.6973472 0.1673664 -0.41271803 1.0139521 0.31647974 -0.65344954 -0.5816829 -0.92494124
19 -0.016970433 0.06293484 0.8635507 0.043474276 1.7768782 0.047262825 -1.1344129 0.47590512
32 0.34295395 0.282284 0.7477061 0.645322 1.3283948 -0.12532578 -0.19299735 1.452366
48 0.05358666 0.95775074 -0.17447063 1.1309592 -1.0569105 -0.51130205 0.7160449 -0.21721223
16 -0.34779948 0.16875495 1.1394696 -0.15661581 -0.92969096 -0.1568072 0.09043091 -0.8280287
21 0.37341443 0.4054788 0.896802 0.31282684 1.5741184 0.26702493 -0.7432242 1.4619162
26 -0.7557419 -0.7452384 0.48556712 0.8835081 0.83622044 -0.03558408 -0.91622216 -1.0604738
44 -0.5687268 -0.34178254 -0.27447274 1.7137266 0.5845158 -0.29907238 -0.3895595 -0.8318839
17 -0.6738765 -0.22648673 1.0319337 -0.37609932 -0.41965994 -0.6025114 -0.6781091 -1.356593
5 -0.2765936 0.41729066 1.3440077 -0.59545374 -0.78572327 0.048671756 -0.1696734 0.017104344
15 -0.74345565 -0.17968534 1.2758121 -0.62891024 1.2149245 0.13918915 -0.88958037 -0.34164548
30 -0.08885707 -0.27469763 -0.2656964 2.0183465 1.548314 -0.09611637 -0.4076043 0.05355473
31 -0.74683833 -0.08741057 -0.52916604 1.4473435 -0.050465006 -0.8966349 -0.29156065 -1.5703663
3 0.0509758 0.13224936 1.0862783 -0.049108557 1.6287506 0.3159575 -0.9599119 0.8995643
2 0.28436488 0.20900914 1.0666233 0.44917244 1.6229998 0.45395663 -0.32658422 1.4469129
22 0.17387259 0.41409016 0.4317495 0.7964777 1.5663865 0.24944347 -0.45325962 1.0422701
12 0.37668696 0.40455735 1.0465518 -0.033693705 1.5657543 0.0056867227 -0.6686536 1.3146302
