50 8
24 -0.57278603 0.6145718 0.2125251 0.24174614 0.25931978 0.0059457966 0.10308201 0.92494243
43 -0.34764016 0.40568474 0.49159652 -0.4878495 0.8558476 0.31940472 -0.23767726 0.21676606
29 0.11660854 -0.09996754 0.7728141 -0.2966027 0.7563929 0.10365474 -0.5648348 0.14006029
1 -0.06501819 -0.05419964 1.0590364 -0.91618294 0.7133021 0.5187998 -0.26036486 -0.37378198
23 0.06700508 -0.2993932 0.557843 0.3151269 0.9692608 -0.02656025 -0.6303753 0.35244742
19 -1.0311623 0.4584071 0.16334596 -0.20812415 0.73576206 0.11898059 -0.4486291 0.81997746
20 -0.46972033 0.105381794 0.6181798 -0.7612149 0.74068147 0.3679936 -0.3061679 0.22873527
49 -0.20505296 0.13090768 1.3024505 -0.836917 0.06633388 0.6704641 0.082445025 -0.43252593
28 -0.73785746 0.22311907 0.33992815 -0.5742021 0.55383253 0.46528402 -0.072776444 0.579999
36 -0.31663918 0.13282548 1.3589741 -1.142783 0.013268598 0.7314004 0.2589507 -0.48020697
17 -0.72413963 0.30786008 0.69606864 -1.0427513 0.49302647 0.40842524 -0.0632768 0.19988982
26 -0.8224838 0.0013162893 0.07823153 0.34488425 0.99186397 -0.20226008 -0.6615344 1.012738
9 0.847002 0.228608 1.3245572 -0.18228158 -0.52896225 0.43597782 0.8946126 -0.13001958
6 -0.98906964 0.35886607 0.19325684 -0.054697607 0.89133286 -0.018358288 -0.5088801 0.7204674
27 -0.08523943 0.249 1.0400784 -1.0604082 0.4983376 0.5174066 -0.12168767 -0.3081561
41 0.5284157 0.32498404 1.1537691 -0.67318386 0.17190185 0.45838022 0.34643006 -0.32337523
18 0.075957865 0.066165164 0.17910436 1.3058146 0.6143803 -0.53050375 -0.39685428 1.1268507
42 -0.048679505 -0.4436516 0.6107511 -0.3566064 1.0739295 -0.049740955 -0.83187896 0.3563102
10 -0.36827728 0.48817983 -0.03513203 0.4705635 0.25498778 0.10968372 0.28149474 1.2892059
39 -1.0463537 0.6160036 0.44144812 -0.1428605 0.42464378 0.19674958 -0.017031489 0.46878073
16 0.6738149 -0.5220412 1.2559756 -1.0472293 0.6018484 0.59213924 -0.36495006 -0.41606835
40 -0.6394149 0.10228732 0.026683332 0.5188125 0.7634017 -0.21680574 -0.4815419 1.1783175
31 -0.63670087 0.079803996 0.070446916 0.21565992 0.80421954 -0.19144596 -0.71964204 1.127241
4 0.9887822 0.15184498 1.2994927 -0.6519404 -0.15229689 0.60566217 0.5931247 -0.3033597
12 -0.5349244 0.7994632 0.20788957 1.2856057 0.044473134 -0.269844 0.59359145 1.0448098
7 -0.728245 0.5625754 -0.11578735 0.6672337 0.4915438 -0.18013166 0.262519 1.3176715
13 0.31997794 0.47376302 -0.047521982 1.3921027 0.54798865 -0.486085 -0.06370817 1.3810291
14 0.94927484 0.12839238 1.493853 -0.19251367 -0.6618809 0.69086 0.9078201 -0.34174785
0 -0.33462676 0.71789086 0.15162392 1.4482236 -0.13917981 -0.26311716 0.6403077 1.2615387
45 0.4356031 -0.47177294 0.9600974 -0.51958656 1.1314628 0.09479284 -1.0742327 -0.14484836
2 -0.8849684 1.0507103 0.11980571 0.93947464 0.08378595 -0.16083135 0.2903952 1.0801778
25 1.7159493 -0.60608584 1.5123516 0.08803854 -0.030892728 0.2635153 -0.029740049 -0.30838627
5 0.8049263 0.78454846 0.7889864 -0.34195694 -0.45900872 0.5514821 0.9789882 0.36427677
35 1.0338002 -0.42716622 0.5299303 0.78051275 -0.43203837 0.21318768 0.783684 1.1535288
46 0.014984631 0.013204635 1.0473922 -1.0751485 0.6714903 0.38201046 -0.68786055 -0.22909962
38 0.65705293 -0.61535364 1.5316612 -0.63898003 0.047269396 0.63948137 0.004427241 -0.5029706
21 0.21145438 0.4951704 0.5411751 1.1950085 -1.0123253 0.34293702 1.444121 1.0849293
34 0.2794402 -0.08241699 1.4205282 -1.3750225 -0.04453341 0.8375318 0.23328243 -0.48753205
8 -0.92535067 -9.5438954e-05 -0.041965052 0.4441577 1.0542295 -0.19479097 -0.7460258 1.1366445
30 0.6369192 -0.24219507 0.35491982 1.5473382 0.5872105 -0.628154 -0.4358819 1.033742
33 1.0797638 -0.28808042 0.52119094 1.4939607 -0.5423595 -0.021003757 0.9486816 1.2052764
32 0.8075324 -0.20164473 0.6216302 1.462363 -0.49896967 -0.013612766 0.77934843 1.0127827
11 0.40443403 -0.22481112 1.7116559 -1.0358043 -0.07689411 0.8315982 0.041950263 -0.81352305
22 1.1181469 -0.41815412 0.71153826 1.4299138 -0.34422493 -0.1573904 0.68130416 0.9673926
44 0.6584919 -1.1886398 0.46223432 1.1699151 1.0638674 -0.44869447 -0.6069438 0.79194367
15 -0.98844063 1.0788836 0.5678274 -0.0057323147 -0.5289944 0.52214724 0.74049807 0.57559127
37 0.051644407 0.3393338 0.45106795 1.5582618 -0.7974272 -0.19666718 1.474745 1.3335453
3 -0.33109048 1.2553239 0.8106018 0.26642394 -0.7214177 0.011380194 0.8063005 0.5222742
47 0.45293808 -0.2596416 1.6582558 -1.4595394 0.17282268 0.8336303 -0.062411413 -0.7709406
48 1.2985187 -0.048757378 0.91385096 1.1436839 -0.70475876 0.14306496 1.2218132 0.62002504
