50 8
1 0.057300642 1.3133688 -0.15686738 0.5343744 -0.4113256 -0.15539923 -0.1253594 -0.80414754
23 -0.5766803 0.25788218 0.3401218 0.22264636 0.08774987 -0.27277544 -0.6904907 1.0060215
25 -0.07749277 0.64779997 0.6055113 0.30515906 0.0662337 0.1948027 -0.7679955 0.37039945
46 -0.14608788 -0.15167093 0.6981042 0.46461225 -0.8121072 -0.66449875 0.52299505 -0.11081944
19 -0.54143435 0.18388878 0.48121822 0.3727571 0.631515 -0.34365472 -0.47759292 1.091309
18 -1.0617136 0.46319497 -0.0030135105 0.32192725 0.5731241 -0.16831811 -0.37818632 0.93183637
42 -0.52454615 1.1460689 -0.47148815 0.20978771 -0.41437727 -0.60509205 -0.09494655 -0.39574003
15 -0.13936564 0.1128401 0.6320682 0.70180714 0.48329476 -0.14060898 0.070962965 0.8597064
40 -0.8308603 0.63757265 -0.10081581 0.09793372 0.32647836 -0.7344578 -0.3949646 0.37534124
43 -0.28549302 0.52366275 0.22981502 0.4343494 -0.9738098 -0.39094988 0.6378441 -0.6670156
24 -0.4204106 0.2004498 0.4687689 0.44757983 0.6957406 -0.33159202 -0.7820549 1.1135914
39 -0.3673315 0.7043934 -0.05700635 0.4542885 0.40375632 -0.33345303 -1.1074361 0.6553646
45 -0.31388444 1.010314 -0.53212994 0.44642732 -0.8456127 -0.86377263 -0.5069039 -0.8080948
14 0.61998785 0.06129946 1.6190288 0.47938183 -0.1817064 0.61776894 0.39302114 0.7301316
0 -0.3391355 0.21056145 0.8199915 0.3646865 0.76651484 0.04671762 -0.17922214 1.2510331
27 -0.6510077 0.65339196 -0.28261244 0.6327713 -1.1871448 -0.6066024 0.5928558 -1.2718216
22 0.20844527 -0.17167273 1.7468479 0.56341785 0.56367 0.6045389 0.29392377 1.0251452
26 -0.64788204 1.362047 -0.423503 -0.00591841 -0.044874784 -0.42058134 -1.0169398 -0.29688627
38 0.0055286363 0.8584539 0.74785507 -0.16905598 -0.58996445 -0.21143043 -0.048995886 -0.6385884
13 -1.0602313 -0.17728981 0.15365063 0.4919109 -0.20920645 -0.26904058 0.8297737 1.143202
31 -0.40163326 0.5622792 0.0894198 0.321857 0.42295375 -0.75307024 -1.1951928 0.27495047
30 -0.16489182 0.23827577 0.41879869 0.6138362 0.79819417 -0.45389593 -0.7269544 1.0876889
16 0.1312969 1.1207464 0.40461543 -0.040029947 -0.8174112 -0.34291843 -0.20999451 -0.91710263
12 -0.67458165 -0.06412944 0.39432558 0.5455601 0.62848216 -0.3478118 -0.10346919 1.4677236
6 -1.2215251 0.9764527 -0.5896382 0.2636 -0.10666414 -0.66262805 -0.045139525 -0.70991457
41 0.29718295 0.95775574 0.59304863 0.47045907 -0.9379956 0.13114007 0.31157747 -1.1966882
33 -0.45060158 -0.425793 1.2376977 0.5216063 0.50232154 0.059837446 0.525127 1.2146863
49 0.14516938 0.6813466 0.95084083 0.2735523 -1.2545557 0.23595005 0.35184813 -1.2514559
29 -0.67565507 1.0562333 -0.73154116 0.41296268 -0.5588407 -0.77081 -0.18399352 -0.53112125
7 -0.93672216 -0.32093328 0.15160026 0.5406232 -0.13485588 -1.0446666 1.0351018 0.5267013
44 -0.5224275 1.1177932 -0.6336201 0.28766486 -0.39587775 -0.7792762 -1.1130887 -0.3004478
5 0.036400184 -0.05687622 1.5106844 0.49809834 -0.56396985 0.8291587 1.3680182 0.3787693
2 -0.50393397 0.16269097 0.6391825 0.43653828 0.96792984 0.011883988 0.028853333 1.633002
4 0.36647803 0.31786683 1.0744123 0.7408874 -0.92244494 0.6690093 1.4799957 -0.15428273
21 -0.24886496 0.03737506 1.339335 0.31011078 0.9539522 0.3394176 0.1100543 1.3974257
28 -0.4664576 0.03684636 0.7123527 0.108365536 -0.9658403 -0.7005788 0.80167437 -0.62653655
36 0.2404181 0.6826647 0.6139785 0.63440895 -1.1583596 0.25291282 0.93250525 -0.91433483
35 -0.0055035 -0.19655235 1.4751275 0.46836016 0.62247854 0.26272926 -0.032751523 1.3617857
9 -0.13740359 0.5728919 1.1729065 0.07987954 -0.79823613 0.7024846 0.877088 -0.42875475
8 -0.84708446 0.7029222 -0.5780475 0.4340438 -0.57018715 -0.9101438 0.40292323 -0.40118796
34 -0.09199017 0.9259894 0.570425 0.17442636 -1.0278335 0.1409126 0.531372 -1.1500351
47 0.3495233 0.7479983 0.9768383 0.3719117 0.36985046 0.428507 -0.45520398 0.41165903
3 -0.39463803 0.12413815 0.5582723 0.5306428 0.65504444 -0.054727703 -0.17401318 1.4588864
17 -0.02491629 0.57046205 0.80383676 0.29550767 -1.1558614 -0.014496745 0.16831394 -1.2231758
20 -0.34025535 0.22949995 0.4333049 0.40583497 -1.0015671 -0.7653593 0.9674098 -0.90393573
37 -0.16300073 -0.25273898 1.300096 0.38173166 0.6727406 0.057238996 -0.5324543 1.4457049
32 -0.06486714 -0.32172975 1.3978956 0.5238881 0.6731582 0.16031697 -0.19218123 1.4716743
10 -0.7354535 0.114129744 0.58169943 0.38833022 -0.2705067 -0.395809 1.5941945 -0.39567354
48 0.23992866 1.211947 -0.15300581 0.5142764 -0.39994815 -0.51817524 -1.0737561 -0.8044227
11 1.0614485 0.53932524 1.3656659 0.42497075 -1.4420087 0.45878354 -0.12435883 -0.66422516
