50 8
46 -0.095277734 0.20744722 1.2545456 -0.8308713 0.062077273 0.13209443 -0.45527074 0.47314736
15 -0.19916221 0.29104987 0.79747385 -0.45390272 -0.0734711 0.1357373 -0.07345256 0.90676326
1 -0.28237155 0.26507 0.02727887 -0.42736036 1.1909513 0.48404014 0.19064157 0.39700204
28 -0.7818837 0.69264656 0.25095418 -0.53538454 0.55931216 0.36789232 0.31617552 0.6465692
17 -0.57073706 0.096309304 0.77151453 -0.759401 0.27759787 0.42114672 0.32905912 0.7711566
24 0.092341825 0.6832086 0.046314783 0.1552962 0.6712592 -0.14338116 -0.9175571 0.73011714
10 -0.20234695 0.7674429 0.7023031 -0.15892301 -0.15417248 0.26740956 -0.2044058 0.5423247
18 0.65665686 0.64734626 0.2835296 1.1121266 0.29854995 -0.61787444 -0.8234026 0.6308973
6 -0.320638 0.9298361 0.25651622 -0.40511948 -0.0929125 0.21916021 0.08023402 1.0376542
23 0.67353183 0.48808897 0.6577347 0.2928526 0.49681875 -0.5626973 -1.2538843 0.40020195
3 0.6957944 0.40459958 0.20348315 1.0666469 0.69379133 -0.25074798 -0.37699875 0.24089593
19 0.20144795 0.9116948 0.15147865 0.059671056 0.21770874 -0.44892153 -0.7348801 1.0239158
48 -0.26668993 0.5955837 0.5542144 -0.5485754 -0.19310619 0.2248212 -0.034848418 1.1089891
40 0.34507164 0.90482825 -0.48462877 0.946273 0.25507408 -0.3635296 -0.3706117 1.3040928
26 -0.010239273 0.7172446 0.0058078165 -0.025466109 0.15961769 -0.34154344 -0.35066834 1.4052764
43 -1.0691087 0.18696566 0.052987233 -0.73221004 1.0711379 0.86213654 0.7034147 0.6407739
8 -0.17305486 0.8542471 0.10065384 0.27844393 0.07328682 -0.026102398 0.14729123 1.0039827
31 0.38167006 0.8369765 -0.77953655 0.9773238 0.8346874 0.106289655 -0.17438802 0.85831463
45 -0.48961237 0.3782671 0.4075651 -0.6973256 0.6467554 0.6851594 0.30014563 0.41139
12 0.6457644 0.85446674 0.13116114 0.69136536 0.7058163 -0.28658086 -0.7191237 0.20676498
29 0.47978753 0.057240378 1.3299562 -0.072531 0.3949306 0.39992052 -0.11478183 -0.47733063
0 0.64450186 0.33090138 0.7791006 0.58210313 -0.14622784 -0.6388143 -0.8200103 0.93275684
25 0.55954885 -0.12291684 0.42304876 0.32259217 1.2060015 0.4937513 -0.12662478 -0.33148858
16 -0.18177502 -0.01649619 1.0728954 -0.8982455 -0.07309733 0.30920732 -0.16656265 0.8929501
20 -0.7038733 -0.036447365 1.3434601 -1.0513097 -0.41906953 0.9669202 0.7464658 0.7035474
42 -0.3665469 0.87317055 -0.14217338 -0.44116795 0.57955235 -0.28659567 -0.26129785 1.3015308
14 -0.1070085 -0.32278398 1.4377384 -0.37511486 0.19199619 1.2629331 0.6853719 -0.41031682
39 0.047865544 0.5506124 -0.5526504 0.9857223 0.81830436 0.71855855 0.77110666 0.41465867
36 -0.6694965 0.2138783 0.48138532 -0.37234876 0.8214536 1.3230239 1.3446028 -0.19651376
41 -0.50430995 -0.18197742 0.6231028 -0.27647358 0.89515847 1.31705 1.274446 -0.22798955
44 0.10258076 0.26226428 -0.5106036 0.79747313 1.2181659 0.35390848 0.26167166 0.5336884
2 0.3407647 0.79200506 0.13773951 0.47943076 0.21575119 -0.5130532 -0.8242646 0.97419935
38 0.46247897 -0.35111505 0.704843 0.773744 0.7747304 1.2754858 1.1032901 -0.7258357
27 -0.7602256 0.24812268 0.83091265 -0.90175676 0.47399423 1.0000634 0.95626396 0.11287532
11 0.16280665 -0.7194654 1.3779118 -0.020281903 0.60174805 1.4765261 0.40171704 -0.76186454
13 0.9734922 0.67142636 -0.11135803 1.5296375 0.7768092 -0.2860323 -0.58012056 0.1187968
4 -0.8667773 -0.09772853 1.3831967 -0.86826015 0.11716412 1.144034 1.1303874 0.010384293
37 1.0632448 -0.39278662 1.3524143 0.472535 0.3041679 -0.15532406 -0.58016735 -0.06465614
34 -0.5173102 -0.32211894 0.93941253 -0.35000408 0.6011684 1.2754139 1.1164304 -0.17020382
32 1.2287049 0.0423072 0.48619753 1.5239689 0.8929947 -0.036026977 -0.30100748 -0.47688016
5 -0.42289582 -0.0947755 1.1874734 -0.66652995 0.01942493 1.3250709 1.455411 0.050564148
21 0.59522426 -0.057649173 0.75893056 1.5627211 -0.12713286 0.5363285 0.44787428 -0.036665432
22 1.6089467 0.0024476196 1.0597271 1.3653423 0.24783684 -0.05452288 -0.64408016 -0.45160666
33 1.2584639 -0.37515858 1.077741 1.6429218 0.41961172 0.19153638 -0.19746813 -0.57034785
7 0.61132944 1.2167357 0.083467156 0.4217693 0.106082894 -0.5015451 -0.6964017 0.8195534
30 0.6852799 0.089557976 0.3511311 1.033201 0.6264189 -0.7859994 -0.49530995 0.7293446
49 -0.7357722 -0.22031127 1.5654761 -0.92924106 0.08203772 1.1914474 1.2947854 -0.13620442
9 0.52566415 -0.52673167 1.5915545 0.55109197 0.15786831 1.3295736 0.8686072 -0.97157484
47 -0.6518196 -0.123967834 -0.07873441 -0.08039262 1.2557946 1.21437 1.1397827 0.18270832
35 1.4274583 -0.30613744 0.5792722 1.7319808 0.940133 -0.23612651 -0.49321505 -0.31247067
