50 8
6 0.09555439 0.25479114 0.5483076 0.56306344 0.218136 -0.8563162 -0.24547812 1.0824319
18 0.6913249 -0.023656648 0.33463922 1.3284056 0.29871914 -0.34308377 -0.6744668 0.3394838
43 -0.5398129 0.15990682 0.5845034 -0.19136308 0.46886235 0.4820416 0.35489982 -0.04968406
30 0.42854154 0.42835826 0.23657699 1.5513811 -0.051566955 -0.33455378 -0.5889167 0.47489655
23 1.177571 0.009116447 0.78430367 0.7850238 0.5286019 -0.8106184 -0.53955585 -0.03041633
29 0.68656003 -0.1642909 0.67064846 0.14651836 0.7844003 0.04535058 -0.090394825 -0.18867671
2 0.998918 0.033344556 0.46642974 1.2634246 0.28560692 -0.4501259 -0.6613504 0.27127454
26 -0.09213993 0.068967834 0.30586332 0.5134302 0.3812003 -0.25523773 0.2124892 1.1213996
17 -0.15725657 -0.53519636 0.9403625 -0.5521166 0.5928002 -0.024431556 0.39891037 0.3142684
25 -0.01824905 -0.053518124 0.73535955 0.07184071 0.06271152 1.014281 0.061756153 -0.5876662
8 -0.014931844 0.6066475 0.12433912 1.2337251 0.22094713 -0.9749513 -0.39761993 1.4900031
12 0.151507 0.5436312 0.047265686 1.5481716 0.17450063 -0.16856545 -0.56909484 0.41322365
24 0.88294417 -0.06690753 0.6901432 0.8691374 0.36501706 -0.90835416 -0.6116769 0.48441032
42 -0.4319424 0.21912841 0.64374375 0.38173902 -0.09723293 -0.5444321 0.015172846 0.780664
44 0.39020616 0.12245644 0.44834876 1.3738753 -0.12345245 -0.13399033 -0.5960782 -0.052902974
28 -1.178968 0.2681173 0.42925066 -0.49920535 0.43655163 0.70297056 0.7317907 0.75255233
39 0.78159714 0.3585665 0.4038368 1.6879232 -0.2639397 -0.19954899 -0.5758069 -0.11605746
41 -0.685577 0.056612536 0.9051635 -0.7143635 0.42808357 1.0361702 0.548194 -0.616953
40 1.0492325 0.061267097 0.41232288 1.4441389 0.14791933 -0.83869356 -0.6844488 0.84664243
19 0.7354421 -0.26253873 0.7230906 0.7629147 0.51555556 -1.1098946 -0.66760725 0.5410844
31 0.43605587 0.34174544 0.3344282 1.3132352 0.009609867 -0.6690809 -0.58051354 0.906592
4 -0.53415775 0.18067192 1.0991853 -0.9280356 0.16767325 1.0362781 0.74330133 -0.5160712
27 -0.6265619 -0.032717165 0.83924943 -1.0329803 0.7836148 0.5988248 0.8181909 0.24306808
35 0.21511953 0.29575977 0.5053614 1.1391628 -0.34363273 0.6757819 -0.37968877 -0.7919985
37 0.59436905 0.052946933 0.47521862 1.567705 -0.10862401 -0.37305313 -0.5966487 -0.08698806
33 -0.5048248 0.01011691 0.40036017 0.5152303 -0.15351205 1.7677902 0.13564678 -0.91014415
9 -0.34027177 -0.018900806 1.1091175 -0.9002998 0.23213118 1.355685 0.58424175 -0.82996875
16 -0.1426782 -0.31532934 0.93367076 -0.8939301 0.76932496 0.34648147 0.5289573 0.21193416
36 -1.0429902 0.09173914 1.0840839 -1.0711057 0.315819 0.79561585 0.7105171 -0.30512166
34 -0.23045023 -0.08321779 1.2173265 -1.1100653 0.39659274 1.2716712 0.5995944 -0.8623122
0 1.1793768 -0.16806597 0.47553954 1.1020083 0.72259086 -0.70319456 -0.58894634 0.34851858
5 -1.0374485 0.32772988 0.7623126 -0.75166774 0.20180151 1.3214777 0.813134 -0.1593551
14 -0.605753 -0.12643796 0.9794782 -1.0276735 0.34537858 1.038247 0.9118174 0.05630574
49 -0.33684263 -0.05033008 1.2495447 -1.0506616 0.29190102 1.1419809 0.61840737 -0.78707665
7 0.040508732 0.55104643 0.15638085 0.8598984 0.28348956 -0.6932354 0.018947918 1.5195189
21 -0.06099068 0.11400718 0.39498594 0.8274667 -0.12487231 1.0870051 -0.31306702 -0.6034221
11 -0.6540223 -0.29811502 0.98028487 -0.796089 0.28913546 1.3480177 0.5311126 -0.6289281
32 0.41108948 0.5694676 0.13648298 1.7754027 -0.24281353 0.42668772 -0.58336586 -0.23244108
13 -0.42187622 1.0063071 -0.0501997 1.3224009 -0.0591968 -0.07322716 -0.41814908 0.6916415
38 -1.1586668 0.10418226 0.69330305 -0.69612634 0.35022 1.0146768 0.81871265 0.06916157
45 -0.61872876 -0.05441041 1.3000964 -1.2260288 0.46561292 0.5898698 0.723182 -0.47600427
3 1.1339018 -0.079095244 0.31649235 1.5110748 0.5266049 -0.5012849 -0.8103949 0.38522092
22 -0.8771721 0.41368106 0.29723206 0.62181836 -0.09133494 0.95169586 -0.1272684 -0.2823673
1 1.2912453 -0.3291989 0.7280446 1.0024086 0.4150398 -0.35368082 -0.33997318 -0.2307408
15 0.81845194 0.022749715 0.5770305 1.2379112 0.2641665 -1.0305493 -0.60919005 0.5247647
46 -0.857453 0.21269691 1.2525134 -1.210434 0.28667644 0.9389797 0.45521015 -0.754219
20 -1.6352946 0.34710923 0.31225002 -0.38489836 0.37024906 0.6066546 0.49309036 1.0066651
47 -0.7082469 -0.32801372 1.1542406 -1.1977466 0.35272953 0.8666781 0.79660326 0.02131905
10 -1.7430006 0.9037238 0.022094809 0.395114 0.17728955 -0.111696474 0.19907025 1.3104663
48 -0.02074879 -0.13827977 0.8704301 -0.87475777 0.55531085 1.4225954 0.88491344 -0.38695216
