50 8
16 0.1424447 -0.14281112 0.67991763 -0.53021115 0.40139377 -0.4256824 -0.6351885 0.68710065
43 -0.47948718 0.48012978 0.41979927 0.41608188 0.5224592 0.44210857 0.6836811 0.3692367
1 0.081778735 0.47932708 0.67045325 -0.108099245 0.55649966 0.8817828 0.20632747 0.055555593
4 0.04061542 0.7134315 0.97914267 -0.64113814 0.52597624 0.9719734 0.008262173 -0.03053133
29 0.16083997 0.40041113 0.38838273 0.6496187 0.63358647 0.99537027 0.29595083 -0.24556227
28 -0.26357844 0.55837756 0.5600763 -0.16238347 0.92825097 0.97917426 0.39513084 0.071365416
42 -0.4495662 0.12742284 0.8384434 -0.19818078 0.6762255 0.26107666 0.52806556 0.5281976
31 -0.50353146 0.42095533 0.5893424 0.2663679 0.6243709 0.80521756 0.97114766 0.44217503
36 -0.11280821 0.39103407 0.9081243 -0.41731143 0.8645054 0.8835491 0.26610366 0.026752014
34 0.32519808 0.41131943 0.79103917 -0.24584013 0.76803803 1.0935416 0.09697177 -0.19760616
6 -0.38677755 0.4058752 0.50518894 0.5290639 0.5042045 0.86935514 0.7457601 0.23477265
19 0.21094415 0.25810727 0.30459306 0.1631474 -0.37640214 -1.0631111 -1.2920488 0.6718337
27 -0.35108662 0.5211556 0.89840573 -0.41889974 0.94613916 0.8842544 0.81173074 0.29284185
20 0.0022741482 -0.13234201 0.6376933 0.21281974 0.7996543 0.91078204 0.35533753 0.12269293
47 0.20747541 -0.050910383 0.7771017 -0.7279784 1.0854495 0.39558232 -0.17244644 0.19382949
49 -0.07246227 0.24293847 0.9148236 -0.5672996 1.1693615 0.9223847 0.32404733 -0.0044228975
40 0.24608034 0.054301232 0.23375748 0.65499914 0.92322636 0.90766597 0.42021587 -0.042860508
45 -0.33683977 0.21379976 1.0914712 -0.06901138 0.7031404 0.8445521 1.0020179 0.20871277
39 -0.18780519 0.2729601 0.46125823 0.62806845 0.855037 0.9858445 1.0754408 0.14626014
9 0.2539062 0.42235157 0.8169059 -0.22749372 0.7669638 1.0026803 0.27895156 -0.10254914
10 -0.5574916 0.31849083 0.22535084 0.31931153 0.5880102 -0.026600946 0.60216564 0.748382
24 0.43753487 0.0036852825 0.25417566 0.12733503 -0.1973957 -1.1005722 -1.4869457 0.6590958
38 -0.2540282 0.45125544 0.66333824 0.16042554 0.89199865 1.137725 0.75146437 -0.0068869167
15 0.16317528 0.6012612 0.3986551 0.025693044 -0.75450194 -1.0296686 -1.248567 0.8619689
14 0.77376986 0.51171994 0.6458086 -0.059595708 0.50044996 1.055024 -0.39947447 -0.46198946
5 -0.24645245 0.3790438 0.58675766 -0.81554407 0.63212967 -0.3212543 -0.26657072 0.76186264
41 0.061754163 0.25000444 0.49954638 0.30704015 1.1522174 1.216274 0.6242082 -0.2150565
48 -0.21936527 0.40453687 0.75362676 0.042972475 0.7137721 1.1596749 0.8741236 0.22331667
46 -0.18604589 0.59872615 0.66860634 -0.48150998 0.8268761 0.6764819 -0.013785229 0.05234249
21 0.62336105 -0.029042358 -0.35840082 1.3582613 -0.39342377 -0.31862178 -1.5810809 0.21349777
26 -0.77163744 0.062513284 -0.07748483 0.6969047 -0.19603772 -0.9467713 -0.030876167 1.4885405
0 0.30687237 0.24118727 0.1525664 0.26712084 -0.56717396 -1.3411174 -1.6254191 0.8320348
13 -0.3864375 -0.15340503 0.0983777 1.8230199 -0.44983864 -0.22105089 0.6002629 0.87348664
23 1.1088883 -0.010879327 0.24258347 0.656028 0.33176517 -0.14940903 -1.1787978 -0.46067804
44 -0.2433289 0.11008085 0.6062212 0.74448454 0.82928216 1.2541813 1.185264 0.054936524
3 0.6240275 0.3337228 -0.19519024 0.8875985 -0.1504202 -0.7223719 -1.5594147 0.11556077
25 0.89580405 -0.12831071 0.07932557 0.24039473 0.095529936 -0.6468142 -1.8760642 0.18980576
11 0.3701063 0.49972028 0.5414429 -0.9198258 0.5143115 0.08718823 -1.1578891 0.19456398
7 -0.058556393 -0.19728512 -0.122861415 1.4420587 -0.3213995 -0.65981525 0.060159024 1.0755416
30 0.2536581 -0.1368743 -0.1098465 1.0488433 -0.51916385 -1.5183657 -1.1970803 1.0247209
17 -0.35973093 0.056672465 0.92039543 -0.8054921 0.7250402 -0.27302235 0.364638 0.9211636
12 0.25838825 -0.002910959 -0.32947317 1.4780056 -0.38691255 -1.1994581 -1.0027856 0.7170054
2 0.6860162 0.2733225 -0.0650269 0.71090764 -0.6821998 -0.9861837 -1.9071211 0.53221047
18 0.21867941 -0.25058538 -0.19287938 1.2292949 -0.47222453 -1.4089199 -1.094909 1.039511
37 0.4865627 -0.0779692 0.25849462 0.5895894 -0.5646418 -1.6757183 -1.5106862 0.87974507
33 0.50126535 0.049601424 -0.27716866 1.0692382 -0.5746144 -1.145745 -1.6381897 0.7638203
35 0.6356385 -0.1396235 -0.11920266 0.9935569 -0.5896254 -1.4411983 -1.7483016 0.83691
8 -0.7291169 0.2894052 -0.04435959 1.6423378 -0.2509685 0.29161915 0.9506467 0.81962615
32 0.6098787 -0.09766253 -0.14701538 1.4034247 -0.8708343 -1.5270019 -1.5216306 0.89474696
22 0.51706624 -0.22056644 -0.22178952 1.0967591 -0.5877429 -1.3488358 -1.7494309 0.9189757
