50 8
42 -0.67663383 -0.4576769 0.83172405 -0.058854695 0.9040197 -0.031091737 -0.2798036 -0.26324454
24 0.3203454 0.52835447 0.9180814 0.60374826 -0.0067630718 0.08004213 -0.6175181 -0.4033961
23 -0.1257033 -0.09274289 0.8954516 0.45991355 0.6062363 -0.19838607 -0.40946272 -0.53800833
25 0.8161748 0.03751111 0.043516435 0.90241057 0.26660806 0.32365534 0.025254102 0.9704208
19 0.11896789 1.0038943 0.6093679 0.5241528 -0.42598185 -0.15488192 -0.33699965 0.8744365
39 -0.084360085 -0.52212197 0.727856 0.56657654 0.89834535 -0.15445913 -0.36777902 -0.5568847
1 -0.42651507 0.0449368 0.90267664 -0.37339777 0.45122677 1.2580377 0.29638028 -0.5229362
28 -0.44055703 -0.033510424 0.67268133 -0.6443165 1.0608028 0.65478516 0.54220206 0.1105672
43 -0.6176466 -0.44190818 0.6418459 -0.28403944 1.3634677 0.5034009 -0.018173214 -0.47908473
46 -0.085819796 0.5475822 0.9141471 -0.41632795 0.21328758 0.90594155 0.16383655 -0.046738423
40 -0.017229613 -0.7248541 0.630257 1.213545 0.22034736 -0.7323231 -0.35471565 0.39311132
49 -0.30272818 0.2387869 1.2054203 -0.5615124 0.2541376 1.1692952 0.02399137 -0.6876744
36 -0.09150746 0.0049383934 0.9450732 -0.58457243 0.6686506 1.3535252 0.43254063 -0.5116376
27 -0.18700229 0.088592894 0.5827579 -0.64745134 0.75252163 0.9917918 0.5663776 0.470931
45 -0.7480229 -0.062124446 1.0917633 -0.37970284 0.82479924 0.11003661 -0.09927595 -0.5515231
38 -0.075462 0.03338771 0.72552407 -0.19802938 0.21197954 1.5989084 0.4441627 -0.19338626
34 0.21984096 -0.18788151 1.0793587 -0.35609192 0.14462994 1.3362284 0.19720466 -0.36901125
31 -1.3572955 -0.64395773 0.3675197 0.27323893 1.0066208 -0.39194494 -0.16647905 0.38672528
12 0.08948716 0.28482658 0.3975874 1.3630785 0.061992217 -1.1278937 -0.75222516 0.88649094
26 -0.69690764 -0.48349348 -0.11138081 0.27630344 1.1167983 -0.35759273 0.60260904 1.4781314
10 0.060569417 0.93043995 0.20777036 0.82420194 -0.4132192 0.35360685 0.03894349 0.9968795
16 -0.15693149 0.23972014 0.39386463 -0.45056888 0.6131111 1.1582091 0.53789884 0.5616897
47 0.3682337 -0.032725032 0.8327602 0.113223 0.5422599 0.97192705 0.25026214 -0.6844162
17 -0.7696237 -0.13217863 0.88103616 -0.647909 0.90757865 0.5753457 0.17464332 -0.15938954
18 0.012340777 -0.27220947 0.13161416 1.4510176 0.5149833 -0.8967308 -0.69163907 0.66708297
9 1.2258531 0.80585057 1.0059905 0.22125249 -0.616162 1.0249113 0.5116553 0.20378874
41 -0.06712613 -0.5564694 0.37305582 -0.34721056 1.484396 0.7940422 0.5382412 0.043253593
11 0.06650224 0.21292888 1.2254508 -0.33584028 0.14526474 1.0693594 -0.03902285 -0.6520554
35 0.17312947 -0.05574969 0.87961304 1.1110147 -0.0517989 -0.7810746 -0.9154264 -0.04235065
21 0.56836444 0.88737416 0.44317588 1.6058176 -0.86388874 -0.3302317 -0.72789526 0.847997
48 0.21189484 0.15996838 0.3232199 -0.32120186 0.5892601 1.3457088 0.93794644 0.62937444
5 0.019266978 0.6730022 0.9131233 -0.4347771 0.28319985 0.9430545 0.08952854 -0.24453965
4 0.07020454 0.81637144 0.48328328 -0.55262107 0.3622479 1.6666715 0.92179763 0.34351853
30 -0.29906395 -0.36476552 0.22296998 1.3682349 0.5636128 -1.0954926 -0.34175915 0.7119779
33 0.537639 0.51323277 0.5065761 1.7372348 -0.66221 -0.34388885 -0.5948781 0.4050832
44 -0.28060812 -0.96614003 0.64314264 0.13342991 1.1586844 0.39950508 0.002028896 -0.42528757
15 -1.1423442 0.48804724 1.145634 0.024175808 0.26356483 -0.44893715 -0.59305817 -0.47370833
20 0.21753514 0.38354492 0.078074954 -0.1823061 0.26116294 1.1381627 1.013839 1.4886092
8 -0.85013604 -0.5374367 -0.0069426894 0.32556173 0.8961373 -0.14618222 0.48988056 1.22097
0 -0.6595949 -0.13887042 0.33372205 1.1465828 0.6500021 -1.1434613 -0.77572507 0.40185297
22 0.08463698 -0.012346215 0.4873566 1.7189374 -0.26960456 -0.9567231 -0.7766387 0.5620537
14 0.9354776 0.40801194 0.91955096 0.37397552 -0.53058785 1.288298 0.2084267 -0.12907709
13 0.4725623 0.5213765 -0.33777404 1.3812095 0.091282375 -0.3348674 -0.045895156 1.7469677
37 -0.08092512 0.55750185 0.5858525 1.1824708 -0.37000123 -1.0026599 -0.3758292 0.97690827
3 0.13348529 0.3891759 0.38762283 1.7874662 -0.106826656 -1.2469538 -1.0537349 0.6229693
2 -0.4986597 0.38463914 0.8099096 1.2432384 -0.3884671 -0.9075701 -1.0244021 0.26540124
6 -0.40231207 0.1463933 0.08485885 -0.58838934 0.9938588 0.5432589 0.9770538 1.5071183
32 0.5344096 0.46678722 0.71425605 1.775743 -0.8143406 -0.5969327 -0.59127724 0.355696
29 0.70714283 0.9065358 -0.014600417 0.54000336 -0.24090676 1.1412408 0.98900795 1.2982208
7 -0.15395229 0.7309653 -0.02325225 0.8961692 0.04204083 -0.9544287 -0.12567925 2.103909
