50 8
23 0.91113806 0.008618925 0.6550287 0.57915974 0.52415293 -0.13279426 -0.41310358 0.11824052
46 0.34373176 0.5191503 1.3195474 -0.23090169 -0.10163041 0.45513955 -0.4590292 -0.35701227
43 0.043789614 0.045810327 0.49430084 -0.27443 0.8813971 0.5298484 0.7830517 0.21822862
7 -0.68620497 0.53111404 0.5803789 0.97460335 0.041090515 -0.38536358 0.06536587 0.7272329
17 -0.49865243 0.27587238 0.7806644 -0.16506875 0.6270429 0.2277226 0.39542094 0.32255942
42 -0.1560487 0.18054293 0.54388946 0.04328329 1.0703999 -0.20311992 0.007202309 0.7073697
45 -0.13240664 0.25265735 0.77526987 -0.41334775 0.682142 0.7929747 0.36542526 -0.048916325
44 0.7846719 -0.48455763 0.21483007 -0.11467703 1.0083643 0.6039852 0.4039824 0.6324891
19 -0.5375967 0.7092774 1.0784856 0.32472426 0.26884073 -0.37310362 -0.11066382 0.1313554
40 0.66637945 -0.15201668 -0.24646439 1.0458292 0.27327016 0.19580996 0.54205185 1.0356033
28 -0.31096444 0.367837 0.0318355 -0.0017560752 0.40530878 1.18029 0.5940994 0.71057045
26 -0.34689072 -0.33188608 0.07487069 0.29904285 0.93183 0.2877028 1.1510812 0.8776247
24 -0.086128846 0.5573609 0.9553572 0.9844532 0.18504639 -0.83988607 -0.662898 0.31371933
18 -0.46075645 0.38600957 0.2587809 1.2734455 0.33832154 -0.41661763 -0.21719936 0.9807154
31 0.520682 -0.17852071 -0.14935064 0.32334894 0.7512388 0.6264196 0.73915565 0.8439366
41 0.89810866 -0.43481928 -0.17499408 0.30353197 0.5907935 1.06863 0.6999226 0.6789953
27 0.3469933 -0.22401156 0.26513833 -0.46945426 0.68266046 1.4036835 0.70807034 0.3771163
16 0.28101233 -0.30313718 0.5241439 -0.53739506 0.68305874 1.1161528 0.6312046 0.2958948
30 -0.07043658 0.3520435 0.3998727 1.0441909 0.7927894 -0.9942896 -0.03134898 0.8062863
3 0.565402 0.6054336 0.9825291 0.99101686 -0.173047 -0.71576357 -0.6981445 0.12712213
39 0.8044876 -0.0093303425 0.21943773 -0.08158705 0.9052018 0.46751586 0.49225873 0.40414858
1 0.36892536 -0.24919726 0.7127853 -0.16666119 -0.29614133 1.5344625 0.74102265 -0.09552225
14 0.64858174 0.654939 1.2007269 -0.114274345 -0.75958216 1.0440573 -0.27142292 -0.56264305
25 1.195453 -0.2897562 0.6766398 0.09527436 0.1383574 0.9458769 -0.20241302 -0.12729406
0 -0.42120385 0.7315488 1.1747926 0.7338279 0.14373316 -0.9942605 -0.28281227 0.2405819
6 -0.15584056 -0.47037515 -0.09875426 0.4982643 0.91822505 0.08889534 1.026974 1.2739435
12 -0.17653713 0.53418666 0.50174224 1.2448276 0.45637655 -1.0099363 -0.34010273 0.79051656
15 -0.6612102 0.85458755 1.2544675 0.35305437 -0.30259362 0.02951156 -0.11374952 -0.14917769
21 0.11413556 0.4540216 0.9586697 1.0105482 -0.15431376 -0.56548893 -0.4660143 0.18842429
36 0.7106196 -0.38066408 0.7502936 -0.5684431 0.6717394 1.2717447 0.26715147 -0.19682233
22 0.22152548 0.44870126 1.1935453 0.8281309 -0.67424786 -0.18541537 -0.80684125 0.08145939
29 1.3703544 -0.04215956 0.18140775 0.17174327 0.17904589 1.0333071 0.38373867 0.105197266
34 1.2128339 -0.46664473 0.65686244 -0.54308176 0.333167 1.4912395 0.48413992 -0.1979627
49 -0.54311025 0.5340213 1.1315978 -0.06929913 -0.04168554 0.5401495 0.46841672 -0.3221288
38 1.7050728 -0.20471714 0.5923088 0.18249094 -0.24909616 1.1003003 0.16188166 -0.30611855
33 -0.7071529 0.92021954 1.3644481 0.89517915 -0.25502366 -0.76281154 -0.47590932 -0.016952436
9 0.39675364 0.19056518 1.1682538 -0.23285088 -0.58725834 0.8873162 0.29554653 -0.27330285
32 -0.41357443 0.71159303 0.8759335 0.9240572 0.2561913 -0.9568666 -0.050393373 0.38147175
37 -0.3988978 0.4390288 0.8095097 1.2581846 -0.2013753 -0.81388813 -0.27690223 0.69391793
2 0.24235456 0.6211105 0.9165065 0.9260849 0.0689588 -1.0470527 -0.43465015 0.4312971
4 0.96845645 -0.05639839 0.5445665 -0.18954906 -0.2916814 1.4925997 0.12088301 0.07433372
10 -0.7471332 0.28526512 -0.18718067 0.96623135 0.047242723 0.51029235 0.5206128 1.3348687
5 -0.2733431 0.945465 1.3578596 -0.15342064 -0.2474097 0.15331939 0.14838356 -0.37824583
20 0.07000102 -0.16450076 0.2193325 -0.3615196 0.34487548 1.6994011 0.6805155 0.48643598
35 -0.42562208 0.92788845 0.92844886 1.0710254 0.19356774 -1.4254724 -0.34270462 0.65565777
11 0.7596361 0.5038809 1.156555 -0.1305011 -0.9003092 1.5885944 -0.25331968 -0.7541867
48 1.452032 -0.5805823 -0.2504529 -0.030469624 0.6717625 1.4408911 0.9586642 0.5409638
13 -0.9234864 0.70001656 0.17499836 1.1936908 0.10721954 -0.27923653 -0.074696906 1.2393067
8 -0.6832744 -0.07465394 -0.47670043 1.1337827 0.59658676 0.13486935 0.75184757 1.7048881
47 1.1125315 0.011164277 0.8635191 -0.16394962 0.15458241 1.0185612 0.68789274 -0.8274089
