50 8
43 -0.4524205 -0.037136916 0.706184 0.54566765 0.1665727 -0.44773224 0.7567684 -0.55242044
1 -0.1730281 0.6945655 0.02439636 0.5553895 -0.40253705 -0.37365672 0.52389216 -0.9318518
23 -0.3157058 0.017149271 0.823885 0.43579993 0.23811708 -0.39164105 0.6687853 -0.24805309
12 0.114754654 0.4045422 0.2411292 0.40638763 0.1810099 -0.6728383 0.72888744 0.033766665
10 -0.06381635 0.85740256 0.23301621 0.7830442 0.2839158 0.18795165 0.88087535 0.5875352
17 -0.7139632 0.15215874 0.25296906 0.6562868 -0.094384745 -0.54860145 0.39113176 -0.9910285
27 -0.19151615 0.77869743 -0.26612806 0.87372154 -0.5566914 -0.31917608 0.232727 -0.98186827
36 0.0005792581 0.9444721 -0.32418188 0.6498059 -0.48509836 -0.47595888 0.66030675 -1.0623418
14 -0.31401923 0.79139894 -0.006927508 0.7307258 0.36651725 -0.059307855 0.7923539 0.6639796
28 0.27397183 0.5045793 0.20137236 0.27591246 -0.5578452 -0.77518576 0.5087147 -1.1039455
39 0.44024572 0.3911671 0.36304757 -0.16912903 -0.25348747 -1.1745727 -0.3697062 -0.44300997
16 0.13473588 0.53648573 0.37551984 -0.41556174 -0.7640399 -0.9361788 -0.5149804 -0.7019055
30 0.14993857 -0.16099298 1.0718296 0.09651921 0.28227213 -0.74524 -0.43774977 0.5678209
26 0.32919142 0.29877913 0.4311735 -0.09966093 -0.46774736 -1.0579277 -0.22796981 -0.8302905
34 0.5922661 1.0447081 -0.119802274 0.27905425 -0.34212285 -0.6582655 0.08529119 -1.1342328
40 0.14294218 0.2678018 0.46676445 0.27508482 -0.23084165 -0.81607336 0.4091086 -1.275598
6 0.2868429 0.699532 0.025285585 0.5712832 -0.48891252 -0.50667185 0.2381805 -1.058039
4 0.06661281 1.2426459 -0.4216441 0.45354342 -0.63435847 -0.33477414 0.16438314 -0.7932971
29 0.019147743 0.064518735 0.8350943 -0.1399105 -0.1648043 -0.76190114 -0.09425113 0.57590413
45 0.47108626 0.6110389 0.047879975 0.35074142 -0.5621489 -0.8630212 0.05795776 -1.1323414
13 -0.11182726 0.063433126 1.2358577 -0.23107015 0.3717696 -0.45985252 -0.02193328 1.36753
19 -0.46700877 -0.11733162 1.126867 0.5474948 0.6394638 -0.12645677 0.08334097 1.0900195
35 -0.64938027 0.6082379 0.6574282 -0.05281189 0.25644428 -0.1383699 -0.4778195 1.6198081
8 0.74910265 0.23662858 0.4729443 -0.03921741 -0.4047982 -1.1982576 -0.22474165 -0.70450175
38 0.047835495 1.2064853 -0.30845457 0.14176089 -0.69118196 -0.45523182 0.36902782 -0.88579684
46 -0.736273 -0.50798464 0.94742304 0.5543924 0.16647135 -0.5788028 -0.04629385 0.019116942
24 -0.47763366 0.061894327 0.75431055 1.1009585 0.83182037 0.03776392 0.56586725 0.67836636
44 0.1773566 0.096184865 0.2995255 0.26948363 -0.8340793 -1.0662876 -0.1691645 -1.2679142
49 -0.50312865 -0.094292894 0.63887006 0.7621551 -0.33213872 -0.37888163 -0.0014026852 -0.89670867
41 0.16355106 1.1681913 -0.30178928 0.29106557 -0.791625 -0.5073235 -0.27424383 -1.32821
33 -0.7644335 0.23410301 0.98380643 -0.102321796 0.3793354 -0.23035577 -0.33108303 1.7463104
21 -0.5583808 0.2780183 1.0845578 0.5379325 1.0074005 0.24302232 0.4673483 1.4439608
42 0.21866387 0.49937165 -0.052001446 0.61975724 -0.5410932 -0.73645735 0.14746626 -1.1461731
20 0.2236695 0.660573 0.30506942 0.09692668 -0.31774223 -0.46661186 -0.7915498 0.2073504
48 0.34727445 1.3249475 -0.2841132 0.37188548 -0.49998087 -0.36987212 -0.05333184 -1.3520908
7 -0.5244237 0.28514287 1.0399004 0.43008676 0.865249 0.11556415 0.095113575 1.3929691
32 -0.362483 0.35856834 1.0588193 0.07015843 0.6292442 -0.033741165 0.08043423 1.4130261
31 0.2826932 0.58172566 -0.042279888 0.45822126 -0.49938658 -0.84047735 0.37639585 -1.4503437
9 -0.7430784 1.6065559 -0.427787 0.3402971 -0.14228459 0.35561925 -0.0001760829 0.8579239
3 -0.21858302 -0.10359656 1.3755149 0.15950258 0.9297985 -0.309233 0.3095521 1.3201182
22 -0.59698904 0.32902014 0.933316 0.12807548 0.4237544 -0.06104196 -0.6253205 1.7804683
2 -0.390782 -0.116693914 1.1791016 0.47784436 0.8254041 -0.26941144 0.39695773 0.96249324
18 0.063074425 -0.065682694 1.3815641 -0.43714267 0.316442 -0.7331354 -0.63024867 1.5138072
15 -0.49705213 -0.33015338 1.2581499 0.42435327 0.5639318 -0.34574232 -0.073844545 1.3903263
37 -0.5543018 0.07096688 1.182212 -0.09022787 0.27115583 -0.3038153 -0.4144277 1.9017005
25 0.3718045 0.4255699 1.1504267 -0.93845254 -0.10970128 -0.816433 -1.3194873 1.3296154
0 -0.43036446 -0.3176147 1.5814538 -0.006082031 0.76879126 -0.43371812 -0.15282653 1.6979815
5 -0.7821986 0.60008675 0.26508206 1.1823093 0.029837001 0.6006739 -0.07079154 0.82825464
11 -0.7584021 1.5265349 -0.46135148 1.0188367 -0.48660702 0.8345948 -0.7296816 0.6273851
47 -0.06277886 1.6199789 -0.58507115 -0.29575002 -0.9967352 -0.4404351 -1.4794377 -0.015259442
