50 8
43 -0.4266242 0.18233809 0.3493779 0.19374578 -0.48217395 -0.7603037 -0.03690305 -0.27633873
24 -0.65755826 0.49311045 -0.26503605 0.30351263 0.72912055 -1.1192253 -0.49073187 0.19165486
2 -0.5498513 0.5463362 -0.18543543 0.439018 0.77684486 -0.9557524 -0.08643727 0.39176777
26 -0.62281644 -0.053233508 0.03862717 0.32085574 -0.21064731 -1.073176 -0.65712786 -0.5390789
39 -0.6025142 0.29047602 -0.31445822 0.43733355 0.1683768 -1.2461144 -0.7378118 -0.15160774
8 -0.44565788 0.31487504 -0.20398417 0.3918967 -0.16080381 -1.1915601 -0.5232661 0.08766885
19 -0.63319796 0.55527157 -0.35659817 0.37415338 0.8117507 -1.320021 -0.28140354 0.23426186
29 -0.37993783 0.7333028 -0.1399601 0.22698548 -0.62897146 -1.0394329 0.10159208 0.27396607
42 -0.58766156 0.2902515 0.14328182 0.09789212 -0.49335515 -1.0390381 0.26571277 -0.23021267
34 0.221258 0.45548943 1.2170324 0.39925268 -0.69600564 0.7444267 -0.21220963 0.3120863
23 -0.4261301 0.7376228 0.029429836 0.2560713 1.0572847 -1.033676 -0.10115957 0.4512989
6 -0.7832236 0.05266765 -0.34890988 0.38723812 -0.1500795 -1.4921703 -0.17087813 -0.38363105
31 -0.8220994 0.021632366 -0.3115846 0.4502939 0.29754785 -1.3752472 -0.44404536 -0.3949718
15 -0.92328393 0.10502485 -0.20109971 -0.03439904 0.050140265 -1.537245 0.56834996 0.35808623
25 -0.09093549 0.16307817 0.8127774 0.64441216 -0.68014544 0.90896237 -0.5109417 0.5043351
0 -0.7491843 0.40070572 -0.26312602 0.2288449 0.6562306 -1.3438995 0.14697658 0.3232596
13 -0.8539215 0.1968636 -0.35789174 0.2612597 0.49300578 -1.5824445 -0.045934 0.006599334
12 -0.7249466 0.23273928 -0.14269862 0.24037032 0.6252312 -1.1952039 -0.060655445 0.2522764
41 -0.24537711 0.20625462 1.1069622 0.5610177 -0.33612704 1.0427358 0.47777444 0.32774246
36 -0.5018733 -0.43151528 1.1144238 0.5620002 -0.831879 0.85059166 0.13516459 -0.31153983
40 -0.65529656 0.3775132 -0.38785988 0.2997769 0.37941492 -1.5651287 -0.4445096 -0.014822815
18 -0.724892 0.21335122 -0.3417349 0.16781339 0.36940584 -1.6035655 -0.44631666 0.22175564
17 -0.5532932 -0.80408764 1.020712 0.21542808 -1.0215453 0.0050118333 -0.11041203 -0.5235364
1 -0.14840361 0.99161726 0.1735096 0.60124505 0.55802554 -0.07227685 -0.0012650279 0.77124965
48 -0.41580242 0.453436 -0.09134328 0.45457628 -0.22607842 -1.0380732 -0.16551118 -0.13507783
21 -0.3800869 0.6716863 0.44659835 0.009137777 1.0992231 -0.07433867 -0.21885382 1.1587194
14 -0.20460176 -0.14808244 1.5427004 0.40856048 -0.4653313 1.4488539 0.2002914 0.55672306
35 -0.23576383 0.3372371 0.93144876 0.017038386 0.9459523 0.52912813 -0.35953203 1.3420511
30 -0.22585027 1.0552964 -0.11990452 0.6920352 0.55149096 -0.35062635 -0.53001887 0.3199383
46 -0.2706237 -0.37301892 1.0270305 0.7511715 -1.6203107 0.67440647 0.28910464 -0.49103135
27 -0.43706125 -0.19303484 0.7881041 0.6521438 -1.5066241 0.2851281 0.32152483 -0.89240754
33 -0.20139678 0.5112662 1.0324137 -0.0659096 0.96598905 0.6515275 -0.30974305 1.3530143
4 -0.30489066 -0.31809804 1.4136921 0.43303433 -0.89485186 1.1891758 0.36645076 0.2763127
9 -0.21312585 -0.08374885 1.5096221 0.29814366 -0.8866295 1.2883338 0.3748796 0.5854015
10 -0.9031491 -0.6030331 0.72654086 0.0055279303 -0.4523776 -0.39687464 0.67494965 -0.24506795
5 -0.24926193 -0.44105482 1.2656972 0.6074407 -0.71307445 1.1341513 0.17510323 0.42503077
49 -0.38659889 -0.22364376 1.4754274 0.41407368 0.006773655 1.3891045 0.2565219 0.5158228
16 0.027666792 0.17852086 1.3618896 0.2532744 -1.1287798 0.5519253 0.31880358 -0.12228399
20 -0.45998982 -0.7781316 1.1925428 0.22327565 -1.2093759 0.1202679 0.034655165 -0.6354072
38 -0.14400688 0.20424503 1.2283866 0.77875835 -0.6044989 1.597196 -0.15233506 0.30794165
44 0.030159565 1.0369247 -0.12218674 0.6309909 -0.90562975 -1.1141206 -0.3143941 -0.58246464
7 -0.68259454 0.28172407 -0.15946066 0.12841603 0.35018507 -1.5474505 -0.06508929 0.062132798
11 0.14050418 0.26369923 1.4541545 0.5857265 -0.49501678 1.5683932 -0.12805226 0.73366743
32 0.0032132803 0.54228497 1.2844442 0.26155347 0.80076575 1.2016951 -0.39356208 1.1665384
3 -0.7728932 0.5197694 -0.121646464 0.035412718 0.899847 -1.2286754 -0.04640769 0.35765377
28 -0.38396046 -0.8017155 1.5503255 0.24208981 -1.2549388 0.7560942 0.38452235 -0.25420314
45 -0.4651483 0.09989732 0.045716353 0.6368795 -0.7412344 -1.0842414 0.053997714 -0.87207764
37 0.08761703 0.7596816 1.280696 0.23960522 1.0512849 1.025548 -0.4201695 1.0217563
22 0.22584179 0.3479393 1.7215137 0.26423454 0.20376733 1.3081127 -0.12280511 0.91927946
47 -0.38539988 -0.21034703 1.3843104 0.5408536 -0.794447 1.5104942 0.111732155 0.17128892
