50 8
23 -0.44984683 0.06942393 0.9998995 -0.3390535 0.35766572 0.23677103 -0.16372763 0.16080113
49 -0.46114072 -0.022297503 1.0672103 -0.5467007 0.098000705 0.80312496 0.29031137 -0.088601254
1 -0.51124007 -0.062470503 1.0100741 -0.48104367 0.8471918 0.88072973 0.15606876 -0.1671978
28 -0.3495508 0.03542767 0.6474599 -0.34700233 0.9562128 0.97289443 0.42376134 0.045233354
45 -0.2743956 -0.0587168 0.7045028 -0.0100973835 0.97361416 0.9798818 0.30600646 -0.27989376
42 -0.43506408 -0.25185555 0.9601716 -0.3438556 0.8469647 0.7266385 0.11470054 -0.0016188528
16 -0.2070652 0.15224248 0.6869229 -0.30664226 0.29657143 1.1826324 0.3147137 -0.12564051
43 -0.2379302 -0.15004903 0.8273845 -0.30151853 1.1755801 1.0494447 0.17864583 -0.19332576
29 0.38098437 0.1753238 0.4804175 0.36066172 -0.033654336 1.0649567 0.30279192 -0.30682847
34 0.1567996 -0.20023607 0.89033264 -0.03421704 0.22140545 1.3281244 0.3633779 -0.52101624
46 -0.67805475 1.0800927 0.5793906 -0.15540978 -0.82652587 -0.4714729 -0.47943336 0.70116574
38 -0.0328026 -0.064602196 0.79202765 -0.095357165 0.731189 1.1763047 0.4494341 -0.3769318
6 0.0116816675 0.16951747 0.76857877 -0.19030565 0.9143218 1.0587463 0.4717515 -0.3109238
27 -0.2344384 0.057787213 0.94667435 -0.55986464 0.61065406 1.4285576 0.5524049 -0.40663064
36 -0.33838004 0.079612106 0.9112028 -0.36888167 0.5113571 1.240767 0.4637893 -0.43005306
20 -0.46159175 0.35962847 0.79413897 -0.41001445 -0.54310876 0.8257393 0.25096986 0.011306945
25 1.059887 0.2892407 -0.13677849 1.47021 -0.23236659 0.031532932 -0.10640276 0.36036462
17 -1.0807881 0.12173265 0.9384084 -0.76380223 0.57069135 0.053685233 0.01259843 0.66203403
41 0.34436688 -0.2284033 0.9058254 0.095599204 0.4126522 1.3098847 0.2545316 -0.6418351
7 -0.035922714 0.510887 -0.087477304 1.0064672 -0.22267665 -1.0901595 -0.3993485 1.4660187
31 -0.010701046 -0.571721 0.5003462 0.314287 1.4985077 1.0856853 0.5962683 -0.113603756
47 -0.24974017 -0.04127494 0.79092413 -0.20892562 0.72503376 1.2627037 0.46149537 -0.39830366
40 0.35357141 -0.46355852 0.37238652 0.6038242 1.0153875 1.0833955 0.7479864 -0.15000555
26 0.021504369 -0.50582737 0.011936107 0.9712655 0.9125512 0.27123305 0.5206952 0.45983288
3 -0.18985572 0.60572386 0.0377947 1.1986829 -0.6936135 -1.2993017 -0.5612841 1.2834984
19 -0.056887556 0.67565686 0.24580497 0.6965782 -0.5187846 -1.1305879 -0.7620679 1.2767484
4 -0.22566415 0.35074332 0.9265884 -0.4221087 -0.57257855 1.2244585 0.41491124 -0.36829025
11 -0.40118834 0.2818109 1.0893755 -0.6282489 -0.74446476 1.0051217 -0.031088157 -0.15486075
44 0.33096245 -0.6722082 0.7284521 0.3547359 1.1718005 1.0509362 0.45786953 -0.30490786
8 0.14455707 -0.38066944 0.12302922 0.9044509 0.8910182 0.7198674 0.33685035 0.04552921
5 -0.62825024 1.1035792 0.53538275 -0.07751805 -0.9277649 -0.56066084 -0.3736151 0.7776921
12 0.12549116 0.81722254 -0.20891678 1.608002 -0.42687327 -1.2021856 -0.70078087 0.9896883
39 0.019235374 -0.36084068 0.6945939 0.0712856 1.4944513 1.19504 0.53124523 -0.32728302
2 -0.071609385 0.31036657 0.19903575 1.1789525 -0.6395378 -1.3101686 -0.42912292 1.2667103
32 0.16764854 0.56421757 -0.2517737 1.7621788 -1.0951818 -0.97096884 -0.18239808 0.9840999
21 0.29578838 0.45025766 -0.029561834 1.6137133 -1.0857221 -0.91635555 -0.488941 0.8526754
0 -0.48722926 0.5802115 0.0106231235 0.7656493 0.22702037 -1.2852528 -0.66022325 1.5278118
15 -1.1979105 0.7273787 0.68418103 -0.4691758 -0.07052974 -0.6211693 -0.17562711 0.9321869
18 0.813283 0.16644089 -0.52534175 1.9999033 0.50202316 -0.5864251 -0.3196146 0.8693605
14 0.41247717 1.2528313 0.16578792 0.65414226 -1.4299626 0.022270568 -0.24355337 0.3168026
33 0.15816042 0.57543397 -0.12380449 1.6753228 -1.1766965 -1.0111879 -0.42590022 0.9436891
48 0.1626436 -0.44606462 1.0253162 -0.15134698 0.63595325 1.5186135 0.4824683 -0.5675993
10 -0.4189986 0.78043085 -0.13396055 0.6476066 -0.74013877 -0.1458365 0.019914268 0.9455064
9 0.49956337 0.5481353 0.9293406 -0.20291936 -1.1832033 0.6554297 0.00057986064 -0.055595677
13 0.7780999 0.5860483 -0.5568105 1.9761218 -0.091494225 -0.5062417 -0.103388034 0.78661597
37 0.2586143 0.4168209 -0.18123066 1.8097472 -1.0479589 -1.0940773 -0.30156243 1.0870907
24 -0.99973196 0.5008251 0.74864864 -0.63303405 0.108639866 -0.5633928 -0.4433786 1.1494291
30 0.8546572 0.16163896 -0.50703615 2.2895591 0.22925058 -1.1151117 -0.45250818 1.1439966
35 0.46236068 0.28835192 -0.13096502 1.8546032 -0.73049116 -1.2872099 -0.49205652 1.1939852
22 0.39511243 0.35471842 -0.33997682 2.0622962 -0.27758026 -1.4066852 -0.5890147 1.2748979
