50 8
24 0.30373195 0.63940746 0.5026814 -0.34139526 0.41270638 0.1552079 -0.33429578 0.41906127
23 -0.029566957 -0.28485978 0.20720059 0.7822424 0.661549 -0.5280953 -0.8802616 0.5207958
48 0.14040379 0.018201431 0.087428324 0.19451378 0.790042 0.22319141 -0.68039393 0.2533695
28 -0.41738448 0.70096374 0.08114854 -0.32251903 0.9355656 0.34840837 0.34516507 1.117289
18 0.051492427 0.37180015 -0.19107215 1.3310027 0.35847387 -0.6609368 -0.9822835 0.9028035
19 -0.048798002 -0.02087937 0.14577644 -0.63912475 1.0398705 0.10421354 -0.33232674 0.9964221
25 0.07832751 -0.5890379 0.524635 0.2489687 0.86226606 0.32982406 -0.52018 -0.23290122
46 0.37728894 0.76992446 0.9510377 0.18273795 -0.10751063 -0.41513962 -1.0393709 -0.37484735
43 -0.2358365 0.6230324 0.4514219 -0.5186781 0.8904165 0.5934184 0.6476086 0.58337444
17 0.36186498 0.40475348 0.11067883 -0.33955434 0.6709553 -0.23544751 -0.29133996 1.1862252
15 0.24385917 1.0446438 -0.04350883 -0.3273686 0.53666496 -0.32275933 -0.18987805 1.4730123
16 0.07804529 -0.48794368 0.39791328 -0.6141101 1.1186335 0.47104862 -0.3540102 0.2974114
26 -0.4163019 0.16493823 -0.008116913 0.5530803 0.73876464 -0.1932926 -0.21573752 1.2915708
27 0.14696164 0.41602495 0.2508815 -0.9941678 1.1191992 1.0692861 0.08659348 0.13711897
12 0.43889213 0.564223 -0.014124233 1.7241946 0.15324707 -0.33691028 0.069665894 0.7179222
40 0.56328565 0.90377337 -0.17364252 1.270215 0.10789714 -0.51759875 -0.39461342 0.99022615
29 0.35502714 -0.032295138 0.08257712 0.4865904 0.5385419 -0.15297356 -1.058991 0.3503478
13 0.09426809 0.73734945 -0.07572056 1.1312243 0.36249217 -0.41449317 -0.26595262 0.8705907
8 -0.16187921 -0.04978779 -0.24821503 0.8846927 0.710062 -0.33349484 -0.8065132 1.1529957
41 0.25823143 -0.06454232 0.06853228 -0.31817895 1.292852 0.77974457 0.052014448 -0.059976842
42 -0.08953843 -0.3019363 0.7819754 -0.64730465 0.8290353 -0.28194764 -0.26983574 0.7130436
39 0.031918216 0.11684626 0.6847909 0.9836949 0.380068 0.45569977 -0.047437392 -0.65490097
6 0.1845268 0.33723313 -0.37275368 0.17056176 0.9309596 -0.36717167 -0.17234504 1.5906854
36 -0.33199212 0.35858703 0.78463453 -1.204776 1.1030699 1.1544185 0.4817423 -0.019144904
1 -0.16129097 0.12581857 1.0354172 -0.86093724 0.818462 1.1045178 0.084785074 -0.5772592
20 0.099830374 -0.31391943 0.025368895 -0.5814944 1.232657 0.33398506 -0.109270215 1.0256665
44 -0.18989442 -0.43851975 0.6955927 0.1539839 0.7395591 -0.043822497 -0.15330724 0.42853853
47 -0.08093651 0.03395088 1.0255839 -0.42813784 0.7064068 1.0296142 0.69084275 -0.19152431
4 0.03125539 0.05012871 0.8238407 -1.1237657 0.87600577 0.9545978 0.048842516 0.011933371
38 0.30532295 -0.09113935 1.0993546 -0.08757118 0.47863644 0.8257098 -0.17499422 -0.9988773
35 0.3950337 0.31582707 1.4342607 0.7911447 -0.1884847 0.4034362 -0.008898122 -1.1620384
21 0.6900336 0.3458664 0.8639152 1.4455621 -0.28856078 0.14889103 -0.2934804 -0.5345531
31 -0.5704967 0.37509012 -0.19069363 1.0914271 0.68786174 -0.39416838 -0.3185569 1.2501864
14 0.8946849 0.114682525 1.2403098 -0.38333857 0.18149337 0.68420994 -0.48321036 -1.1076092
45 -0.34023544 0.21814127 0.468384 -1.3528161 1.3007517 0.6765342 0.18195674 0.5785906
2 0.64706665 0.40632093 0.63339937 1.3866867 -0.23190299 -0.9305093 -0.5974703 0.40521452
10 -0.24615134 0.9798866 -0.1282738 -0.2536935 0.8912 0.4449867 0.5581112 1.3953168
7 0.79651666 0.45951357 -0.48236245 0.7783627 0.61356294 -0.40608945 -0.06359515 1.49595
11 0.42272338 0.016161738 1.2974575 -0.5696512 0.36226267 1.0226043 0.031471774 -0.82712835
0 0.37077102 0.45586285 -0.15898006 1.2224381 0.28217632 -0.7269029 -0.76778024 1.0323023
49 0.19663374 0.16640532 0.9061514 -1.0584171 0.8354413 0.94603103 0.39012942 -0.030306026
34 0.43034065 -0.41372684 1.1148692 -0.5510651 0.7494084 0.77968013 -0.441669 -1.0653661
30 0.015045452 0.40284798 0.7886664 1.9993925 -0.13739 -0.94178444 -0.24954511 0.01599917
9 0.9412097 -0.17250498 1.4094872 -0.56516397 0.38444507 0.87980604 0.32704434 -0.922278
37 0.5365428 0.2619579 0.77887714 2.2157598 -0.36513147 -0.76650566 -0.15487327 0.074401096
22 -0.073828936 -0.24493678 1.2021824 1.3628186 -0.18086669 -0.6938761 -0.8775751 -0.26996273
5 0.5046752 0.56629896 1.1567785 -1.1655248 0.45904925 0.7633962 0.7673635 0.114948966
32 0.29512772 0.27896765 0.9868292 1.7697706 -0.25275102 0.13064677 -0.40018746 -0.9283201
3 0.92633563 0.47139257 0.43944773 1.1907125 -0.29457876 -0.9409417 -1.0194458 0.527855
33 0.5395648 0.6941228 1.3429589 1.50614 -0.4694989 0.5009076 0.21428734 -1.2954988
