50 8
18 1.53581 -0.6531793 0.44836763 0.47123012 0.862864 0.6082246 -0.76385456 0.28216204
36 -1.5651921 1.4454684 0.093610056 0.21657147 -0.8656831 -1.0433356 0.72381765 1.2707472
6 1.0463773 -0.18292381 1.0861988 -0.90611297 0.40998343 -1.5874013 -0.20063795 -0.032305405
12 0.8436208 -0.57953477 -0.42656374 -0.36737016 0.86045057 -0.27739903 -2.098386 -0.040957946
4 -1.8518217 1.456273 0.15058988 0.026375335 -0.9418176 -1.0540403 0.27762422 1.1175183
31 1.0533618 -0.63919383 0.7337623 0.20621035 0.701166 0.15925728 -1.062547 0.2605363
27 0.18794727 0.5516942 1.104051 -1.1153154 -0.0944844 -1.4254943 0.51598144 0.3489755
20 0.29210463 -0.3540969 0.35989985 0.18031488 -0.32862243 -1.515516 -0.7102088 1.1745777
7 1.478121 -0.85744864 0.067329496 -0.46902785 0.04910559 -0.5595392 -1.1922617 1.1107357
19 0.40225658 0.15395914 0.13586256 -0.62510085 1.5317707 -0.6476577 -0.9878626 -1.100272
8 1.5483692 -0.9850708 0.25172743 0.07411391 0.001507716 -0.6093552 -1.4826064 0.8770914
0 1.0761971 0.24513112 0.64752275 -0.33311763 1.6998512 0.27377513 -0.4039262 -1.3981888
29 0.73581904 -0.32021743 -0.15538633 -0.2614086 0.71010995 -0.8225919 -0.8814202 0.28811514
14 -1.3232108 2.170855 -0.71934533 0.13847898 -1.2201445 0.403387 0.83157456 0.9789673
11 -0.8957159 2.5945804 -1.2737157 0.20898041 -1.1063147 0.55204767 1.543294 0.8126113
13 1.8066477 -0.7884774 -0.084171414 0.23522775 -0.3017094 -0.119240776 -1.3313679 0.9918407
10 0.26817605 -0.33776605 0.9411452 -0.12400333 -0.6723395 -1.5367873 -0.6791457 1.2035637
26 1.1980586 -0.5383943 1.0663027 -0.027388884 0.8319441 -0.9678529 -0.052420013 0.2376949
16 -0.8182264 1.5838631 0.22948319 -0.8757172 -0.337998 -1.136499 0.7754342 0.13127036
38 -0.9215635 0.9216005 0.5900566 0.20297824 -1.0435227 -1.5696713 0.15647162 0.9192409
9 -1.3096623 2.0093017 -0.5236408 -0.3995869 -0.4482412 -0.8720156 1.6094459 0.882068
28 -0.75024784 0.506263 0.7838369 0.50904864 -1.111145 -1.3422374 0.030015737 1.4036664
3 0.64130193 0.04301605 -0.56360626 -0.6027558 1.7150462 0.33167037 -2.1143007 -1.4444636
2 0.4379802 0.077307455 0.70693296 -0.79457027 1.9759827 -0.35193592 -0.56639427 -1.1373043
34 -1.4426533 2.2330282 -0.6086165 -0.55842036 -0.5230905 -0.31021598 1.0670627 0.44092813
39 1.0416282 -0.5950601 0.8084276 0.68117124 1.2736822 0.5110613 -0.60306674 0.010637541
40 1.4654769 -0.5613271 -0.13399401 0.0074402997 0.9510989 0.48859876 -1.0930898 0.18094254
41 -1.7688802 1.8528763 -0.5197089 -0.17553876 -0.73393774 -0.63136715 0.660013 0.98013544
15 0.28348958 0.025474317 0.7583126 -0.05903324 2.0062006 0.16551158 -0.71929055 -1.1887575
5 -1.44986 2.0971975 0.54905164 -5.6966488e-05 -1.068077 0.6172548 1.22371 0.82086134
23 0.09959739 0.24434574 -0.52601826 -0.6553635 1.5315078 -0.6100087 -1.4054817 -1.0201175
21 1.390165 -0.30669683 -0.93980116 -0.5931041 0.33366364 0.24838138 -2.0988948 -0.039562527
17 1.0907469 0.16556299 0.50757235 -0.64330834 1.2192032 -0.75926703 0.7581779 -0.14694512
30 2.1854694 0.10724042 -0.06759941 0.5737724 -0.103796065 1.950182 0.146543 0.5464524
24 -0.08377542 0.370819 -0.7884825 -0.344794 1.1475549 -0.1833966 -1.5453196 -0.85838544
25 -0.52722526 0.9393137 -0.3340757 0.0598699 0.31025913 -0.5317431 -0.10579329 -0.12720476
1 -1.4584149 1.8612188 -0.44270092 0.25282022 -0.83612645 0.46047315 -0.20034105 0.22962485
33 0.51879674 2.4641232 -1.4444858 0.89555335 -1.5839401 2.6409009 1.0574739 0.36363232
35 0.9282599 2.3679123 -1.5169929 0.7799468 -1.2032576 2.7218456 1.6520965 0.52790034
43 -0.7619686 0.5791571 0.51074904 0.58081037 -0.644419 -0.27456152 0.23984188 1.3709476
45 -0.7481096 -0.029091122 0.80267245 1.0314573 0.6174296 -0.020917993 -0.73883504 0.34304
44 0.93376225 -0.50803596 1.128073 1.4395937 1.146364 0.90088445 -0.5700796 -0.12598695
32 1.4009843 1.4533951 -0.95145446 1.1430448 -1.0884593 3.4191191 0.80553585 0.79030734
22 0.7879489 0.49550742 0.6241635 1.5881016 0.76071936 2.5699418 0.62553614 0.034599848
42 0.45517957 -0.66006863 1.5705892 1.2415704 0.96894693 0.17435962 -0.51557523 0.28271827
37 1.321075 1.118053 -1.2199055 0.27606332 0.40839174 2.1942413 0.33333778 -0.31867248
49 -1.5665214 1.9968657 -0.40587753 -0.007084714 -0.69346994 -0.15431269 0.9196246 0.8434147
47 -0.5271449 2.2525856 -0.21270739 0.82500255 -0.8556455 1.9152597 1.5024997 0.44292605
48 -0.73608583 0.8957345 0.4630593 -0.1817555 -0.18943875 -1.3467299 0.32314107 0.45377395
46 -0.8204631 0.9115135 0.49728385 -0.29421496 0.35910812 -0.5281721 0.118847534 0.029256359
