50 8
19 -0.20493406 -0.29919273 0.113426454 -0.6676935 -0.191675 -0.050218645 0.46390727 0.4176723
1 -0.6421315 0.012697578 0.40209386 -0.33298922 0.73244226 -0.12033547 0.6742859 0.54825217
25 -0.08284098 -0.54867005 0.42796314 0.14936784 0.33961484 -0.5484577 0.73308176 0.1549289
39 0.49181634 -0.5282588 0.04630934 -0.94258904 -0.46171862 0.32367203 0.49785578 0.970012
6 -0.30986223 0.018547803 0.08507658 -0.8472592 -0.25018993 -0.26369864 0.46396208 0.86544496
23 -0.005521458 -0.79010457 -0.3903701 0.52762276 0.368123 0.4548264 1.007949 -0.3088121
8 0.56429857 -0.52142763 0.16131909 -0.56554604 -1.1886591 -0.107230954 0.81521523 0.0718652
29 -1.067832 -0.018861363 -0.39596313 -0.11640182 0.5249074 0.8546882 0.57553136 0.24135554
12 0.7652694 -0.6068664 -0.42326164 -0.7490688 -0.36421406 0.34296927 0.94099414 0.7134346
31 0.39736047 -0.4243588 -0.04944689 -0.8543286 -0.82741743 0.1330724 0.5615149 0.79504216
26 -0.2444266 -0.21713603 0.18000524 -0.8724364 -1.5271583 -0.21039285 0.19089268 0.2818671
36 -1.4021568 -0.0398641 1.1080021 0.29208177 0.7948075 -0.49373254 0.32917598 -0.14406683
18 0.58524483 -0.557166 -0.403171 -0.8170277 -0.9191154 0.35491148 0.9019074 0.16094257
48 -0.21730214 -0.059593067 0.5423961 -0.2623213 0.7627545 0.22388974 0.7071845 1.2076495
40 0.82817286 -0.5559963 -0.20157336 -0.49876902 -0.51722807 0.38282782 1.1758376 0.36352506
16 -1.4279553 -0.22127551 0.8588236 0.1310571 1.060736 0.18507613 -0.1259741 0.8184516
42 -0.42913297 0.017080119 0.7700948 -1.0848554 -0.47516635 -0.6524641 0.14115407 0.717863
10 0.48435545 -0.93252784 0.13397391 -0.12578684 -0.58897907 -0.34947154 0.7063925 -0.2023425
17 -1.8429615 -0.35669065 0.57919157 0.012445489 -0.0971592 0.034943353 -0.710167 0.19554934
13 0.65870684 -0.5466853 0.037320565 -0.413754 -0.9416769 -0.42839092 0.9617632 0.20965673
28 -1.4377553 -0.081977405 1.5037923 0.29520473 0.133405 -0.77197754 -0.0128194615 -0.060011975
2 -0.14453518 -0.75802517 -0.8512444 -0.3526108 -0.982781 0.81616884 0.15943281 0.5007728
4 -1.5987744 -0.16841774 0.6661976 0.45558897 1.304476 -0.5962889 0.45757043 -0.44349653
30 0.48106855 -0.9591542 -0.1641128 -0.19564642 -1.3881882 -0.011165179 0.4783904 0.123061344
7 0.8899571 -0.8911536 -0.5790521 -0.212944 -1.0740368 0.45438206 0.9559152 0.29879406
44 0.48412457 -0.21809968 0.9058371 -0.3154887 -0.74793434 -0.39062947 1.0263864 0.18257903
21 0.53390765 -1.3955944 -0.9981916 -0.27636427 -1.2839826 0.47614488 0.3094952 -0.1786936
38 -1.3906443 -0.2016479 0.32872245 0.11058157 1.5829461 -0.48896912 0.4638487 -0.0053014285
33 -0.6911662 -0.83085096 -0.28123337 0.7799259 -0.24360307 0.56176937 0.75017124 -1.4906896
20 0.40876502 -0.5022438 0.50519216 -0.2990761 0.21585739 -0.41997293 0.92575383 0.36516356
35 0.7006527 -0.7353053 -0.6484853 -0.26318756 -0.3801289 -0.46875185 1.3521762 -0.3126518
24 0.62242 -0.19889931 -0.1500739 -0.5201064 -0.7043412 0.6171672 1.1428311 0.8777705
43 -1.5851605 -0.21932027 1.3980619 0.1903493 0.25054106 -0.1462341 -0.46536693 0.5113874
27 -1.8587022 -0.13259439 1.039614 0.36462015 1.0056274 0.14959791 -0.23199388 0.58823127
34 -1.9739044 -0.089149445 0.35593674 0.13522838 1.4967248 0.23042081 -0.07094239 0.5195917
0 0.24144167 -1.198327 -1.0437844 -0.29850486 -1.1670086 0.34734184 0.21656749 0.09218382
32 0.3414331 -0.97999316 -1.0847515 -0.096087195 -1.1720273 0.07502754 1.0039848 -1.0057925
41 -1.7980958 -0.13440943 0.6115283 0.25986248 1.2819518 0.15019247 0.044309285 0.2720031
15 -0.120047264 -0.86469537 -0.98583686 -0.5549794 -1.1992847 0.64212716 0.12845413 0.10413981
14 -2.0946732 -0.38873956 0.31465283 0.5620878 1.366543 -0.07991333 -0.099646725 -0.1910309
9 -2.188823 -0.42411157 0.46955878 1.0102372 1.3851544 -0.42324373 0.019665334 -0.613338
46 -0.8865994 0.010102324 0.6499148 0.048282728 1.4344172 0.29487345 0.64647096 0.94153965
22 -0.5354335 -0.99858564 0.99709284 0.80814445 -0.7808642 -0.6976712 0.15120837 -1.1587827
3 0.3591257 -1.0160123 -0.91374516 -0.251351 -1.0853417 0.67673546 0.5511925 -0.0053983736
49 -2.2208316 0.03727156 1.18785 0.34951416 0.8595627 -0.047000267 -0.3869669 0.3723159
11 -2.1819243 -0.3444207 0.3071662 0.8314365 1.0992777 -0.22720636 -0.10836045 -0.18178564
45 -0.49041533 -0.20106488 0.76662576 -0.9727501 -0.61691505 -1.0902547 -0.05183697 0.41230685
5 -2.5395722 -0.5927378 0.45860216 0.9130738 0.72724676 -0.7623948 -0.5522616 -0.84906083
37 -0.44150603 -1.3286749 -0.8960933 0.41169766 -1.4021621 0.7551009 -0.1647207 -0.5032657
47 -1.5945756 0.2258034 0.71361053 -0.053781357 1.0024734 0.22966878 0.14212075 0.80965513
