50 8
1 0.040164135 0.97962284 0.20730191 0.5273476 -0.25758374 0.69511217 0.6911147 -0.36351565
28 -0.4649265 -0.004695411 0.6574523 0.63445765 -0.72750616 0.6901202 -0.4135907 -0.09607176
39 -0.78806484 0.6695239 0.12376661 0.4041475 0.5210656 -0.5266177 -0.21216908 -0.14048003
36 0.049914706 1.0861659 -0.16747953 0.7956049 0.13640034 0.18744436 0.74559546 -0.5811063
43 -0.88393515 0.24569014 0.29233208 0.545849 -0.5598271 -0.10101428 0.10962162 -0.43079343
23 0.1446868 0.70751387 0.20121382 0.65231216 0.16884643 0.73127824 0.011366707 0.80431074
49 -0.37564605 0.11187126 0.6735968 0.484725 -0.7294253 1.4513083 -0.20791978 -0.32780576
45 -0.9704414 0.28144443 0.21768974 0.603614 -0.658818 -0.25007737 0.0201953 -1.0519638
9 0.02412397 0.79232144 0.2946549 0.43997175 0.06454323 0.78666145 0.09218521 0.5911225
37 -0.2389408 0.6455331 0.431036 0.50460714 0.056026597 0.16692697 0.59255224 0.137566
46 -0.54263484 0.26330528 0.34653223 0.47382486 -0.245196 0.9081202 0.15514983 0.1646169
4 0.378635 0.97944516 0.19725367 0.5586906 -0.18100436 1.2695174 0.37592173 0.37888664
18 -1.1801728 -0.0067889392 0.6864551 0.44009158 -0.31002057 -1.4159598 -0.2961292 0.6552638
19 -0.5699045 -0.39780852 0.6149566 0.80958986 -0.48943624 0.76295716 -0.30573046 0.71576667
6 -0.86464155 -0.10091723 0.15730844 0.91842496 -1.074947 -0.10971298 0.20524113 -0.598405
42 -1.1269566 0.29105207 0.485292 0.2959117 -0.5054485 -0.5686746 0.5041085 -0.2292836
34 0.20596069 1.1966408 0.09323911 0.5286416 0.8322593 0.6714799 -0.27992785 -0.2871761
14 0.03928867 0.80145484 0.22347672 0.3785973 0.09072773 1.2658974 0.06514401 0.75546485
16 -0.2341689 1.0503416 0.3451607 0.2811597 -0.47431058 0.40412512 0.2220554 -0.8417712
20 -0.045695696 0.38581258 0.3745671 0.6971126 -0.81940347 1.3052312 0.26656115 -0.19943589
38 0.36975983 1.443628 0.15925804 0.3057785 0.61716634 0.7527772 -0.22799915 0.21942706
29 -0.5082422 0.7523306 -0.28170884 0.7726602 -0.020387148 -0.29951155 -0.17018282 -0.68363494
27 -0.06325518 0.7278634 0.024837865 0.6931221 0.31214064 0.8047697 -0.22220342 -0.38534206
41 0.16939868 1.6187077 0.29497167 0.108469024 0.9880697 0.17333966 0.08318518 0.08682215
40 -0.7156453 0.67058533 0.22474337 0.3441053 1.174759 -0.6328475 -0.8516647 0.5401638
32 0.19525841 1.67839 -0.028476382 0.4367186 1.0413669 -0.67355996 0.60201347 0.28201747
2 -0.4001646 -0.0010319806 0.59163415 0.58660626 0.45311296 0.7734955 -0.6693406 0.8731886
11 0.13055806 0.7010096 0.14386669 0.597795 -0.15998934 1.788631 0.23579115 -0.07231539
44 -0.70847315 0.89617276 0.43245614 0.2071474 0.42134663 -1.1207747 -0.073327854 0.04911256
31 -0.8634363 0.43296376 -0.11800838 0.74850917 0.03427951 -0.87323743 -0.47431388 -0.42161062
24 -0.64921457 -0.4294857 0.8350292 0.54946697 -0.35964385 1.2811782 -0.76167506 0.86965746
5 -0.5431903 -0.51972175 0.6570179 0.9666282 -1.574684 0.83286536 0.10605475 0.24471864
22 -0.025190001 1.3515592 -0.07061246 0.6319502 0.6974324 -0.71222806 0.9588235 -0.23700611
47 -0.27418974 0.85787356 0.22443451 0.43850213 0.13144785 0.33664975 0.4076271 -0.423792
17 -1.3463876 -0.43088946 0.7110142 0.5231463 -0.7017072 0.021977432 -0.758088 -0.61382926
21 -0.54315907 -0.12200697 0.68925637 0.61879027 0.69429994 -0.17809987 -0.6333959 1.7040423
30 -0.65293044 0.95452994 -0.132683 0.75417995 0.5773524 -1.6147741 0.40671638 -0.60323507
33 0.19936414 1.2927898 0.21695785 0.52631027 0.5183431 -0.84925324 0.4933737 0.9050117
26 -1.1531777 -0.029188558 0.28711116 0.68259674 -0.29034543 -0.7058907 -0.5485554 -0.41916466
25 0.5522523 1.5537977 0.08873622 0.44577163 0.4698963 0.79110676 0.11162097 -0.23588297
35 0.21672542 1.3655363 0.08169373 0.52776366 0.59634113 -0.38437852 0.87124306 0.5482866
15 -1.1916337 -0.77699804 0.58561194 0.7772881 -0.47535956 0.15573972 -0.61836267 1.0035853
13 -1.2268252 0.18427151 0.2282361 0.71895033 -0.034670718 -1.8054621 0.1641761 0.032659713
7 -1.4349545 -0.7155325 0.5054148 0.7612834 -0.5399831 -0.9309833 -1.3080008 1.0530361
8 -0.7468441 0.615924 0.4578773 0.40108863 -1.009474 -0.770984 0.5276997 -0.4268088
10 -0.77003926 -0.5703757 0.4396213 1.0993762 -0.74141735 -0.21997596 0.17172696 0.765498
12 -1.1397767 -0.46403584 0.57821953 0.61827695 0.55229455 -0.587192 -1.2348598 1.5734695
48 0.1812088 0.72930104 -0.11865079 0.8594851 0.92309755 0.37379122 -0.66296154 0.8315056
3 -0.5897129 -0.18859419 0.6900709 0.5289863 0.64730865 0.48868102 -1.0839064 1.4192666
0 -1.2841924 -1.1323483 0.8011863 0.73758584 -0.32579923 0.6013806 -1.1246135 1.5549798
