50 8
1 -0.1357197 -0.095868036 0.5629489 0.15076554 0.42766154 0.7986818 0.57152206 0.13557221
36 0.44262707 -0.34136453 0.71101266 -0.10794193 0.22688784 1.5682667 0.5373458 -0.3402408
42 -0.76154685 0.23730049 0.7069635 -0.010073868 0.6192555 0.30995783 0.67959964 0.7351651
4 0.23743634 -0.12208201 0.87345946 -0.287659 0.34293428 1.1574368 0.6123103 0.037661254
29 0.34742248 -0.21317881 0.3343008 0.24495754 0.29244977 1.1911025 0.17398109 -0.2305433
27 0.14480683 -0.14815772 0.82123214 -0.12894996 0.5048941 1.1721452 0.92458516 0.03893847
45 -0.3087752 -0.06392458 0.6922843 -0.02592998 0.5134245 1.1620234 0.90210444 0.14007717
20 0.11191294 -0.4025362 0.2983965 0.41759694 0.5632005 0.8299944 0.49207887 0.23360194
43 -0.060220014 -0.27165037 0.66213316 -0.18395397 0.7845763 1.2705253 0.7716918 0.465082
17 -0.45359567 0.14803587 0.89720863 -0.41097873 0.59245956 0.8235762 0.7702348 0.71121025
47 0.0006781289 -0.1622821 0.73794043 -0.002144158 0.28690585 1.1199844 0.72454387 0.08633597
44 0.14370452 -0.36997083 0.47799355 0.07739038 0.68442416 1.4308594 0.731318 0.109817415
28 -0.25447652 0.0012178848 0.4910842 -0.12160237 0.5079817 1.1740899 0.6274838 0.47011462
41 0.24704777 -0.46294674 0.44279027 0.12359559 0.67208195 1.5589399 0.6810824 -0.15524693
38 -0.2885789 0.022897203 0.6372214 0.083531655 0.45795473 1.2016892 0.87955236 0.05113781
16 0.29955813 -0.4436423 0.4213209 0.022204943 0.48325714 1.5314413 0.38663402 0.010158164
25 0.82241416 -0.18541518 -0.040013183 0.6395813 -0.08031157 0.2223003 -0.8092802 0.18791848
26 -0.68195474 0.07294819 0.55180377 0.04012654 0.52142024 0.8044267 0.6344737 0.56240284
39 -0.08671393 -0.12199451 0.4570806 0.0449164 0.5260924 1.5168121 0.88384944 0.1972699
13 -0.2059623 0.60573685 0.08592445 1.0865219 -0.14717594 -1.0680366 -1.0028926 0.32197183
34 0.8945492 -0.5962023 0.6613964 -0.13362563 0.24515773 1.4759636 0.13947201 -0.22278117
6 -0.71853423 -0.12970005 0.3551857 0.05705596 0.66569644 1.2064512 0.6787602 0.79146296
14 1.2228588 0.047014646 -0.017200435 0.8692056 -0.39621696 -0.023582235 -1.1035533 -0.35883975
31 -0.33220437 -0.13171346 0.38178563 -0.023844043 0.3650879 1.5480546 0.65322715 0.57372516
49 0.4360656 -0.30467632 0.58212864 0.060607195 0.001669472 1.4408189 0.51689833 -0.15723707
18 -0.4403863 0.7362221 0.08453538 1.1159447 -0.32183644 -1.309926 -1.0598769 0.6372916
24 -0.095534354 0.8857859 0.31884822 0.9105495 -0.3147436 -1.4592121 -1.2036512 0.3920741
48 0.30823353 -0.4172738 0.48750046 -0.12403264 0.37099028 1.5877872 0.40813836 0.22190498
19 -0.05259789 0.8579849 0.34930974 0.9315351 -0.2528419 -1.5146528 -1.056558 0.4334381
23 -0.059913266 0.6870502 0.4826471 0.9122674 -0.24907017 -1.2314732 -0.9903802 -0.116384216
10 -0.7167256 0.47542676 0.43427753 0.5057676 0.12654895 -0.1373754 0.35698423 0.46861753
7 -0.30933458 0.982013 0.1239329 1.0959607 -0.30184752 -1.3888834 -1.1031134 0.47830665
12 0.1930205 0.4862062 0.025941897 1.3667332 0.011224475 -1.4590491 -1.3186936 0.13341717
0 -0.13909976 0.7766053 0.4227978 1.034366 -0.48330978 -1.4403453 -0.9186204 0.26153138
40 0.23871675 -0.17639464 0.13167135 0.38726217 0.17920269 1.0940343 0.038506914 0.00181627
8 -1.4007106 0.23213802 -0.036655113 0.53632575 0.45580107 0.62177277 0.23129462 0.90739983
33 0.13130906 0.6565378 0.14545883 1.360237 -0.49751416 -1.3821452 -1.3092244 -0.04888705
22 0.22474486 0.62267554 0.2609807 1.1820439 -0.56794184 -1.4151787 -1.6389087 0.112787336
46 -0.23238513 1.058618 0.49170667 0.91282904 -0.6050029 -1.5187423 -1.2709429 0.22106126
9 1.5765866 -0.31685206 0.8306756 0.084924124 -0.2105339 0.3661067 -0.20929173 -0.43030852
30 0.38703793 0.46581152 0.049157113 1.244332 -0.41641098 -1.2649131 -1.4877317 0.13333902
2 0.29540405 0.7446702 0.41307533 1.1360999 -0.5870361 -1.649189 -1.5066557 0.039949156
32 0.48923653 0.61336654 0.23492275 1.2873468 -0.65352243 -1.3475094 -1.4163004 -0.17815585
3 -0.18485658 0.97155076 0.23875932 1.1045675 -0.37493604 -1.689232 -1.2997906 0.5499813
15 -0.9077426 0.87795186 0.6810879 0.5699536 -0.48441437 -0.9246434 0.092018336 0.60534805
5 0.4454518 0.35868403 1.0353792 -0.39631075 0.21742277 0.5703676 0.6385603 0.06585199
35 0.31700987 0.57650626 0.24202716 1.1681397 -0.53866327 -1.4150909 -1.5562369 0.08589196
21 0.2726244 0.7654224 0.22640818 1.291123 -0.73890954 -1.3455725 -1.5560684 -0.12092613
37 0.7627378 0.45805353 0.49070284 1.1711866 -0.6541483 -1.6388013 -1.3860762 -0.14101595
11 1.1100261 -0.35015112 0.6818346 -0.12726234 -0.087473854 1.5768489 0.08196137 -0.53976315
