50 8
23 -0.068989895 0.1602461 0.61594534 0.37436557 0.1561695 -0.34180257 -0.5060561 0.40997428
8 0.13460588 0.508537 0.68031895 0.34575155 1.0164233 -0.46212488 -0.8592789 0.5620125
28 -0.5071668 0.502147 0.44065 0.25338036 -0.9178184 -0.064684354 0.015056122 -0.94520825
1 -0.28239992 0.6042036 0.3367198 0.4856147 -0.44878256 -0.09948239 -0.075953156 -0.62734205
40 -0.16506784 0.34227356 0.5531195 0.4027534 0.22644442 -0.56695825 -0.65288967 -0.10567412
43 -0.6153445 0.49460962 0.44050294 0.35069975 -0.9585674 -0.13443525 0.13336562 -1.0645027
26 -0.17846492 0.20353404 0.62328494 0.41009435 0.09895575 -0.5805357 -0.5959628 -0.06294193
36 -0.59098554 0.6144562 0.32987902 0.37765265 -0.9290546 -0.14712057 0.17737141 -1.1063938
29 0.14757308 0.47883728 0.4881464 0.16173698 0.58177996 0.05927012 -0.20008837 1.3829697
41 -0.5135381 0.6942428 0.37858215 0.320186 -0.91526693 -0.2039586 0.17361043 -1.0659481
27 -0.71219236 0.3380976 0.47156098 0.42176533 -1.028681 -0.24521168 -0.119983524 -1.304571
39 -0.49976492 0.37464538 0.30124786 0.53929526 -0.30913067 -0.37747428 -0.5513497 -0.63840353
34 -0.38379467 0.7754125 0.21101145 0.4156453 -0.9033011 0.0032795197 0.2048027 -0.98465097
13 0.13539433 0.3097491 0.5727987 0.24899353 0.7550981 -0.058842998 -0.4266698 1.4557854
24 0.10069398 0.18476655 0.63391787 0.32594842 0.7345168 -0.10803357 -0.7319585 1.237288
45 -0.5420168 0.38953406 0.52963954 0.51230484 -0.41928694 -0.45587456 -0.32138568 -1.08085
38 -0.5564933 0.7371192 0.1919778 0.49025553 -0.8406246 -0.2739405 -0.11267857 -1.2406641
42 -0.6481701 0.4845953 0.36304483 0.55123395 -0.4474833 -0.6025076 -0.30539808 -1.1726094
14 -0.15523885 0.95189816 -0.1449152 -0.10993093 -0.5965665 0.929298 0.64055383 1.0936602
10 0.28236824 0.6020972 0.4206311 0.2270206 0.5531062 0.047461253 -0.21670601 1.2241699
31 -0.17776924 0.3901535 0.41135892 0.5462191 0.02879428 -0.7452716 -0.88683903 -0.51747704
16 -0.32570744 0.73456424 0.2518113 0.20414403 -1.0680709 -0.118207216 0.18124509 -0.8272479
12 0.24129905 0.056513403 0.7180492 0.3887454 0.66040474 -0.49775591 -0.3855854 1.4619644
6 -0.36668402 0.68538064 0.41027817 0.4469389 -0.16087545 -0.5266508 -0.45994714 -0.9981888
49 -0.69100034 0.17812198 0.40023112 0.5135206 -1.0671917 0.08896474 -0.12320186 -1.0087752
18 0.15218523 0.542827 0.64240307 0.172783 1.2507184 -0.08510805 -0.70668954 1.4261489
19 0.2626076 0.2583758 0.71262556 0.18725054 0.76072806 0.37500697 -0.37265518 1.6618359
3 0.18937871 0.11497166 0.521814 0.30479875 0.3813315 0.14350693 -0.42474774 1.5882916
17 -0.8220317 -0.012902836 0.28474078 0.2956624 -1.6155598 0.2937495 0.25535336 -0.51329935
25 0.3773211 0.96813786 0.17412642 0.06181547 0.45410272 0.027013354 -0.46102548 1.103208
48 -0.4843453 0.5808338 0.2988011 0.5208595 -0.9782715 -0.3677978 -0.08988662 -1.2214631
15 -0.19008163 -0.066489495 0.46040282 0.57445997 -0.042745072 -0.07653074 -0.3075219 0.6960993
46 -0.63901687 0.41021323 0.14256121 0.3817845 -1.7092432 0.22526455 0.5800693 -0.80110687
4 -0.7013048 0.47197756 0.1997315 0.124261394 -1.4741067 0.68286544 0.8531405 -0.35308105
2 0.05754221 0.13764368 0.5111192 0.2135409 0.53142065 0.11974408 -0.28262797 1.8265842
33 0.10498122 0.39218232 0.44356 -0.029403176 0.21206278 0.6060988 0.25145403 2.0636759
21 -0.0566072 0.48223332 0.17067198 0.050589606 0.04348211 0.8799325 0.18492866 1.7953998
44 -0.17202085 0.44171223 0.6601508 0.36137193 -0.1578609 -0.91194254 -0.76728857 -0.94932127
0 -0.18360035 0.07982553 0.37428916 0.21189988 0.22646111 0.63134855 -0.06695292 1.891566
30 0.32839772 0.5573651 0.35740915 0.3175085 0.9744559 -0.0791288 -0.6263874 1.7928092
37 -0.03627817 0.07682239 0.7529527 0.013906582 0.3274953 0.54644877 0.12282688 1.8675294
7 0.14273818 0.15762727 0.4751194 0.23843786 0.5274488 0.27747017 -0.3942776 1.8988006
20 -0.4658517 0.7038337 0.39024046 0.19587798 -0.3234555 -0.20022336 -0.0074300086 -0.62371826
32 0.20389691 0.13127483 0.62270164 0.27338922 0.75965196 0.2895007 -0.22532533 2.0521686
11 -0.61784494 0.5094592 -0.11069692 0.2883606 -1.7954111 0.72422194 0.6003435 -0.43342894
5 -0.5107298 0.22323003 -0.069045596 0.27444118 -1.6627493 1.0150756 0.9564993 0.5631853
47 -0.8527397 0.56535125 -0.12399537 0.42684123 -1.9224589 0.33798888 0.504797 -1.0725352
22 0.16802146 0.2275721 0.5799484 0.14918403 0.6708323 0.32790133 -0.10775253 2.1896455
9 -0.7622326 0.50992024 0.094057985 0.24520935 -1.667819 0.39789876 0.7397164 -0.6628644
35 0.17902796 0.26328218 0.5270281 -0.03278713 0.35721782 0.54627556 -0.012367573 2.1106434
