50 8
28 -0.85829186 0.19294333 0.47522452 -0.70197874 0.30650076 0.86734164 0.5981755 0.13932139
42 -0.56654716 0.31973168 0.6908169 -0.54015565 0.6542427 0.87486595 0.42999706 -0.31237465
27 -0.7980622 0.17919157 0.59779507 -0.8669315 0.022387974 0.9590949 0.8327672 0.3314185
41 -0.7643741 0.17184068 0.6616905 -0.55676687 0.7256412 0.942358 0.5978184 -0.35893318
24 -0.013836894 0.23124258 0.6274913 0.5020433 0.9913556 0.22155446 -0.068436414 -0.40747306
36 -0.70211715 0.3164114 0.661626 -0.32212862 0.2676074 0.68015254 0.42607746 -0.08146822
43 -0.665959 -0.16792801 0.340784 -0.35118958 0.6639597 0.7138382 0.55450606 0.08067508
19 0.49419785 0.0060760323 0.67301357 0.8373228 1.1368473 -0.3473728 -0.6837313 -0.096763425
40 -0.2848423 0.14240101 0.36402535 0.25241008 1.205404 0.38269672 0.16283944 -0.31442755
1 -0.8362657 0.09378412 0.641092 -0.50373465 0.63970894 0.924729 0.65233237 -0.331916
26 -0.64269257 -0.1475223 0.2585844 -0.07987383 0.8822837 0.38175678 0.21145461 0.1162961
6 -0.77798504 -0.16227753 0.23169497 -0.3620794 0.9817364 1.0480145 0.2870784 -0.24867633
23 -0.3122198 0.15503047 0.61165035 0.21556742 0.98842347 0.5399884 0.10691085 -0.5385084
34 -0.349756 0.21695057 0.6712348 -0.2677658 -0.14045541 0.55418104 0.18084507 0.37592316
45 -0.9891496 -0.063733086 0.5204523 -0.50716203 0.3199362 0.81462556 0.57044506 0.0676246
46 -0.556609 0.5239109 0.979049 -0.31882632 -0.28228363 0.5346985 0.33199376 0.07984292
20 -1.0597384 -0.08570852 0.34991267 -0.5629699 -0.05908611 0.64656174 0.7344537 0.5605247
38 -0.58835626 0.39199302 0.603169 -0.32561392 0.10491134 1.0860381 0.5891354 -0.12976842
29 -0.7147517 -0.23418844 0.1774326 0.007566221 0.98824537 0.17879535 0.27383927 0.20485227
31 -0.6551388 0.32883602 0.44025603 0.16544521 1.2588543 0.38795325 0.29090464 -0.560674
17 -0.39992964 0.11051139 0.58868194 -0.8379797 0.10628891 0.83714366 0.47387767 0.46529347
14 0.41584614 0.37921306 0.5218202 0.7720001 -1.0475688 -0.30874503 -0.4329733 1.4477838
49 -0.98506826 0.16352691 0.4754103 -0.56202155 -0.16719067 1.0639306 0.6297838 0.24370985
39 -0.7209447 0.53150994 0.69301444 -0.10656155 0.87420744 0.6402851 0.57403964 -0.6090186
12 0.9007543 0.09130955 0.95542294 0.9664034 0.11227363 -0.21346894 -0.6962373 0.3070195
7 0.7249859 0.070761584 -0.1487812 1.3538016 0.6077279 -0.29991132 -0.8294516 0.89661354
48 -0.5187978 0.010010255 0.7829804 -0.52970904 1.1108088 0.8821447 0.45890936 -0.6145522
15 0.4952198 0.3433121 0.34402698 1.212724 -0.13233308 -0.35688305 -0.74357224 0.8434275
16 -0.7218979 0.120722204 0.4338065 -0.55717593 -0.30199912 0.88575065 0.6051138 0.6263684
8 -0.5910096 -0.44721457 0.15849088 0.12585346 1.5842612 0.3232327 0.15196866 -0.24521272
10 -0.19305551 -0.13742974 -0.34353307 0.31993905 -0.2928504 -0.023889795 -0.15821639 1.7237238
44 -0.9238191 -0.2597728 0.5029196 -0.6324871 0.9838025 0.69086856 0.5931313 -0.16139948
4 -0.96060133 -0.027399598 0.637331 -0.7878573 -0.98636496 0.73046094 0.5140497 0.99545574
18 0.68802875 -0.10795298 0.12309474 1.5746163 1.1369767 -0.8803599 -0.94680756 0.61080617
30 0.7994605 0.21491951 0.4692149 1.4153728 1.0182992 -0.7567969 -0.90925395 0.27278724
11 -0.7054731 0.16636895 0.6476252 -0.82153046 -1.2797014 1.230584 0.3520669 0.92516583
2 1.098266 0.59322065 0.8102076 1.4883901 -0.012020827 -0.6040208 -1.0012217 0.5306113
21 0.96171755 0.17432234 0.14650297 1.6846263 -0.5644246 -0.42865723 -1.1563448 1.4597523
47 -0.8478477 0.17565247 0.90686667 -0.5943513 0.3017168 1.0303363 0.87007254 -0.40918693
3 0.8413413 0.13469929 0.3599974 1.3986527 0.36567298 -0.986463 -1.020334 1.0805571
33 0.7257283 -0.047937047 -0.05627579 1.5597683 -0.41192052 -0.5448702 -1.1049622 1.689708
22 0.7560957 -0.06668137 0.16138299 1.5370101 -0.5854793 -0.7415729 -1.2549527 1.7361823
0 0.9522139 0.0423536 0.087379016 1.7521349 0.15893765 -0.88625073 -1.2305374 1.3593444
13 0.69333595 0.020752544 -0.1741749 1.6418549 0.65597314 -0.68688947 -1.1069181 1.0724953
9 -0.33025065 0.01076537 0.6339786 -0.53745747 -1.4119054 0.8281267 0.544375 1.3606056
5 -0.09170121 0.29947442 -0.12564328 -0.2579513 -1.0504942 0.72141147 0.023393663 1.7738678
37 0.86247903 -0.17977972 0.11136279 1.6030498 -0.34896022 -0.8244148 -1.0619563 1.7893698
35 1.0340751 0.20318826 0.3953584 1.6542565 0.22339733 -1.0493432 -1.0770612 1.2028794
32 1.0929353 0.15316212 0.31846002 1.7040968 0.14852019 -0.8971193 -1.1981746 1.2341175
25 0.75367004 -0.28078806 -0.19783211 1.146316 -0.011215895 0.014350923 -0.99173635 1.3685316
