50 8
27 -0.004637969 0.60881686 1.0821958 0.04525015 -0.012885912 -1.9368275 -0.08370822 1.0460677
41 -0.37554932 1.3287458 0.49209797 -0.07605634 -0.6236322 -1.6834826 -0.59291995 1.4567628
34 -0.6797941 1.7378372 0.23299702 -0.3838031 -0.37972343 -1.6983168 -0.2737552 1.5755177
1 -0.8905346 0.79727393 1.9231017 -0.7714716 -0.21938306 -0.78758264 -0.080787495 0.698993
0 0.30070642 -0.0748206 -1.0148664 -0.64017886 0.9210763 1.9362564 -0.7415729 -1.8401047
18 1.5157682 -0.24331382 -0.85561717 -0.269865 0.1838776 1.9889852 -0.8214097 -0.6706393
3 -0.424533 -0.057557482 -0.9857453 -0.52072793 1.1769189 2.0513732 -1.1981436 -1.2702633
38 -0.348809 1.6538354 0.16221082 -0.050721318 -0.48792863 -1.658076 -0.3280339 1.5614665
28 -0.31436148 0.9441032 0.80654824 -0.26673043 -0.4686509 -1.243179 -0.5404881 1.6675332
39 -0.58506626 0.8458123 1.0361048 -0.6922718 -0.39424926 -1.7002426 -0.5835014 1.0794728
36 -0.7770427 1.256974 0.8354836 -0.58927155 -0.03650006 -1.5234734 -0.011773383 1.1774598
43 -0.5742404 0.931877 1.2664337 -0.48350748 -0.20355307 -1.2480067 -0.28069526 1.6096419
37 1.070204 0.4819421 -1.8895495 -0.15308823 0.8362095 2.04521 -0.43087128 -0.6040051
31 0.09423466 -0.41216806 1.637281 -0.58683765 -0.33836573 -0.530267 -0.84628683 0.23711026
30 1.5378193 -0.091529705 -1.514833 -0.3066712 0.33045432 2.1998498 -0.9736134 -0.85479146
13 0.9368427 -1.0529618 -0.72092044 0.9309725 1.2588491 1.3532921 -1.2717363 -0.084577486
15 -0.08075051 -0.2727753 -0.22021635 -0.62582886 1.0011814 1.4194509 -0.5070705 -1.9630598
32 0.9981094 0.66383564 -1.7511244 0.5548313 0.6047696 2.0803268 -0.41398415 -0.5478027
17 -0.251869 0.51304674 1.5705928 -0.44836095 -0.41256472 -0.7406875 -0.13026541 0.1721269
24 -0.85189146 -0.3976297 0.4104017 -1.1025577 1.251667 1.3018792 -0.59374446 -1.8267049
6 1.987176 -0.690087 0.79550415 0.85162 0.045647662 -1.228196 -0.10780348 0.41592726
33 0.57288766 0.75506365 -1.8888988 0.28256157 1.092408 1.7925819 -0.227234 -0.16017187
20 1.9298314 -0.22846001 0.5776516 1.3776951 0.374571 -1.4178829 0.47589895 0.47207275
19 -0.6742422 -0.81737566 0.50730264 -0.47560474 1.3639666 1.4720253 -0.91269857 -1.7448795
23 -1.1020316 -0.75067896 1.1081672 -1.5441786 1.1144638 0.87828946 -0.8149013 -1.035825
21 -0.5231298 -0.10026465 -0.9254296 0.1522116 1.3993832 1.610849 -1.0361491 -1.1370695
2 -0.7648477 -0.24777399 -0.25832832 -0.86098677 1.0201057 1.5992035 -1.0803564 -1.3460777
26 1.0715843 -1.1054032 0.7752279 0.2435061 -0.2583884 -0.43154404 -1.4885794 0.06822317
14 -0.7085038 2.5382547 -0.84421426 0.62903756 0.5354091 -0.60477453 1.0086895 0.8055257
9 0.4186618 2.241242 -0.41881335 1.0660455 0.4213725 -0.95110196 1.628299 0.67874855
10 1.8920434 -0.83893263 0.2157376 2.0925245 0.80684495 0.75726616 -0.11163292 0.4189016
16 1.5725119 0.4727802 0.5051868 0.4649123 -0.8903483 -2.1698837 -0.11679932 -0.01619311
7 0.4769606 -1.410767 0.44407535 0.61903876 0.7968891 1.9934136 -1.7107086 0.15730785
22 1.6512152 0.56529045 -2.3143425 0.022631751 0.27295858 2.0275578 -0.80323917 -0.7630877
12 -0.8691722 -0.7109608 0.110447794 0.54883367 1.3049269 1.7564821 -1.5181142 -0.6849402
40 -0.4567195 -0.27715555 1.289336 -0.40938836 -0.078531 -0.19744788 -1.0794809 0.6912929
4 0.59415185 0.90983886 0.24985504 1.2825966 0.48518363 -1.2121305 0.6598599 1.1926327
47 -0.5839528 1.6856405 0.9845889 -0.7230037 -0.36544016 -1.452896 0.47025555 0.64187026
8 1.6694663 -1.2296661 0.2083839 1.2233537 0.5585395 0.78570783 -0.95636255 0.3984839
29 1.4707179 0.41450274 0.35437152 1.1485541 -0.8404163 -2.094178 -0.43079627 0.34924367
11 -0.5889615 2.9606054 -1.5813029 0.8471726 0.97758466 -0.41973704 1.6455477 0.12837474
42 -0.15660816 0.05531077 2.436781 -0.973026 0.015009914 -0.674973 0.6864527 -1.3601321
35 0.92299706 0.90014124 -2.0571918 0.07780567 0.9050913 2.120977 -0.03970295 -0.8084044
25 2.0857668 0.22525764 -0.7141468 1.1590612 -0.4474806 -1.3943787 -0.2899447 -0.170511
5 -0.4045481 2.8993027 -0.80964106 0.41277692 0.73820686 0.2132448 1.9757499 0.3107405
49 -0.96303374 2.3344767 0.3476836 -0.1526632 -0.10614609 -1.4589101 0.77363646 0.8593057
44 1.1736088 -0.5133865 1.6397381 0.10237959 -0.36032724 -0.68450296 0.0116498 -1.0030015
48 -0.24133058 1.1430044 0.643873 -0.5140062 -0.7123058 -2.0109215 -0.65763175 1.3414233
45 0.867832 0.12411813 1.6050584 -0.7652914 0.097057685 -0.42399338 1.0870869 -1.5870795
46 -0.23783268 1.021882 1.1317049 -0.66697377 0.5509699 0.11047874 1.492129 -1.4968961
