50 8
1 0.080631256 0.22352691 0.94313425 -0.52667135 0.11730974 0.3559077 0.07485223 -0.14265415
28 -0.5153371 0.28568533 0.43952212 -0.99215865 0.62245876 0.59698194 0.16804715 0.15340796
36 -0.3538123 0.41111317 0.59161955 -0.93343955 0.37026387 0.4311758 0.13542937 0.21231689
29 -0.28177375 0.010489645 0.15445954 -0.27430812 1.0061105 0.71493286 0.53573245 0.2470034
43 -0.4011308 -0.13779962 0.30576807 -0.9606046 1.1399565 0.19920528 0.4732394 0.42264438
20 -0.058405314 -0.07661191 1.1094787 -0.39243984 0.2179247 -0.33114046 -0.2866131 0.045436706
18 -0.030254304 -0.04198596 0.28806627 1.1493589 0.691306 -0.7290055 -0.18808848 1.040384
49 -0.4277064 0.12509978 0.6206542 -0.9275707 0.45764294 0.6305925 0.3152376 0.10848757
16 -0.296978 0.2025391 0.744347 -1.0005336 0.31501412 0.5765417 0.122200154 -0.021662302
21 0.64301956 0.38202855 0.96090204 1.3096827 -0.609158 0.64642596 -0.7030874 -0.019376041
6 -0.43511134 0.020860381 0.14675653 -0.70259196 1.2050797 0.4206918 0.49003696 0.38900447
34 -0.036863647 0.38852933 0.52425176 -0.6133071 0.052572254 1.7222954 0.53328884 -0.24020185
23 0.6645774 0.36916587 0.7549743 1.137572 -0.08535747 -0.21396244 -0.7367992 0.36350462
27 -0.567282 0.029014226 0.5849144 -1.4202791 0.6893558 0.72224617 0.3193103 0.12171719
31 -0.5912976 -0.05776018 -0.14400277 -0.69201034 1.4501204 0.5358046 0.6217494 0.630325
25 0.72760344 0.5043108 0.99938595 1.05648 -0.381118 -0.03451401 -0.81731415 0.09481107
17 -0.7152933 -0.21082264 0.43023324 -0.9834616 0.77644914 0.39427552 0.6619418 0.5796292
10 0.35936892 0.3793121 0.45204362 0.316521 0.54424244 -0.55628884 -0.543604 0.59589607
14 0.6003903 0.4271543 0.9517437 -0.11714396 -0.34027728 0.76570857 -0.29910743 -0.23538902
3 0.7192284 0.48815233 0.9004688 1.1417239 -0.3339338 -0.3954267 -0.9553557 0.46032342
24 0.5201819 0.42645782 0.9580953 1.1785188 -0.36715907 -0.5650802 -1.1015561 0.50791615
5 0.2099336 0.46422377 0.99269164 -0.14863692 0.011564655 -0.29318485 -0.5225591 0.08345567
39 -0.7075115 -0.216321 0.07331576 -0.55501074 1.4039097 0.4771597 0.793497 0.47592983
19 0.56825894 0.38277113 0.6503882 1.3884919 -0.08304813 -0.71104264 -0.8441555 0.92511374
41 -0.2603316 0.11746823 0.1144799 -0.46163002 0.9628752 1.3121005 0.6803759 -0.053429764
15 0.30782372 0.31277987 0.9956667 1.0616778 -0.35470656 -0.68422884 -0.77228665 0.66570693
30 0.08077763 0.06312527 0.08267766 1.4410937 0.9350214 -0.53403944 -0.15797149 0.9791753
11 0.59278184 0.5439533 1.1124843 -0.39266726 -0.2034283 0.41324553 -0.7964998 -0.5322238
47 -0.4843542 0.17186525 0.8590769 -1.1085358 0.20146024 1.0145547 0.4583468 -0.24027182
9 0.5620521 0.40325046 1.2504264 -0.42702726 -0.4123515 0.49930638 -0.06718569 -0.36404058
26 -0.8267769 -0.3356565 -0.08187968 -0.083049275 1.2892731 0.3332953 0.87585425 0.9070337
4 0.045559783 0.27030522 1.1193132 -0.6498718 -0.27696428 0.4771607 -0.052126 -0.16626552
42 -0.5608698 -0.33307573 0.65467054 -0.94927466 1.2642432 -0.9677095 0.0015267812 0.54119694
48 -0.2978716 0.18752505 0.18034923 -0.5053875 0.61184365 1.3779215 0.4570232 0.13685896
45 -0.6293707 -0.117651775 0.863216 -1.2759748 0.744746 -0.4184436 0.1924704 0.31799182
12 0.24914376 0.1995549 -0.16932005 1.420246 0.749704 0.49159536 0.26173633 0.7856827
44 -0.5833915 -0.44895244 0.3098683 -0.9020454 1.4724144 0.06498965 0.66691303 0.39415604
33 0.7625619 0.41638765 0.77904546 1.7915884 -0.3315993 0.14864373 -0.64187056 0.2941697
7 0.16919133 -0.10607305 0.18071216 1.0522579 0.581625 -0.1253204 0.2616258 1.0358993
38 0.11073068 0.28656453 0.41068462 -0.15702109 0.22438952 1.7072529 0.5410391 -0.26186103
46 -0.34103212 0.2618759 0.9627299 -1.1561608 0.14849348 0.6822173 0.036348145 -0.27325636
40 -0.18025275 0.34275872 -0.3973905 0.7407603 0.7922719 1.1822792 0.6808144 0.7934887
13 0.8019967 0.5048943 0.27950317 2.0096416 0.11592052 0.11793193 -0.522306 0.66294414
22 0.8063869 0.33863682 1.1461717 1.3870271 -0.43665713 -0.6980648 -1.0360587 0.45612547
0 0.7788324 0.2770139 0.751756 1.8116642 -0.26255104 -0.55688405 -0.8767364 0.86651564
2 0.7177955 0.5359037 0.725617 1.9931599 -0.3785086 -0.22425717 -0.8207738 0.606557
37 0.59834117 0.19295505 1.250763 1.0686122 -0.34435007 -1.1702241 -0.9423121 0.58974814
8 -0.8578077 -0.18805371 -0.31701928 0.33741727 1.1528704 0.27719855 0.4612196 1.3726913
32 0.78367287 0.28811648 0.6614307 2.055353 0.03291383 -0.37156343 -0.53795385 0.5937489
35 0.9097586 0.32978854 1.1967816 1.4493681 -0.3758221 -1.0600872 -0.9751233 0.5487448
