50 8
1 -0.04176875 0.5192402 0.92545015 -0.5317177 0.37173522 0.9581241 0.28825974 -0.12062816
43 -0.18768631 0.76190585 0.67990685 -0.36828563 0.62571704 0.77071965 0.20329838 0.10562713
42 -0.3251385 0.59025466 0.31509992 -0.100231975 0.7069695 0.55533206 -0.2196684 0.45016456
49 -0.17808469 0.3685642 1.0109996 -0.64399135 0.31641603 1.0321469 0.45030144 0.012879484
20 -0.26304418 0.63537806 0.93971765 -0.48102534 0.22746961 0.71053636 0.45265383 0.19212046
28 -0.15191436 0.8562401 0.19994673 -0.17996675 0.69565314 0.74184775 -0.18679494 0.4621975
4 -0.04506052 0.6142957 1.09357 -0.48683697 0.18055786 0.8222967 0.55641764 -0.06837743
47 -0.16863026 0.25189945 1.0259029 -0.37041488 0.20681848 0.9852518 0.63482845 -0.22803889
8 -0.50446695 0.71308494 -0.18845879 0.74916583 -0.07800001 0.02902713 -0.3756626 0.87112796
38 0.2442843 0.02897683 0.5959167 -0.26465827 0.6874859 1.1818179 0.5247436 -0.030340768
39 -0.028856926 -0.053961605 -0.03893025 0.29149964 0.8474183 0.8644628 0.39950117 0.40954176
41 0.06115377 0.12072286 0.46074212 -0.21205229 0.70328647 1.201748 0.4756193 0.062283315
23 -0.48106137 1.0102055 -0.022157796 0.84545225 0.045714527 -0.39555138 -0.7817935 0.7924807
36 -0.07212787 0.12567982 1.0402514 -0.5510059 0.34902564 1.2761433 0.8668288 -0.2813861
25 0.4377648 -0.70214504 -0.12511322 1.0473564 0.41843852 0.2935065 -0.5313562 0.34614587
16 0.03779419 0.12417976 0.9093988 -0.33351472 0.08024935 1.0782567 0.38917133 -0.17043273
40 0.11993165 -0.09935092 -0.61267316 1.3866541 0.22101961 0.110577144 -0.597074 0.81198984
0 0.023985498 -0.38155606 0.09119999 1.7508295 -0.5607376 -0.7163602 -0.91828847 0.5422748
45 -0.1409001 0.54360896 0.5327376 -0.40319785 0.40554655 1.2120861 0.62696075 0.16478392
26 -0.6243707 0.37719542 0.0240795 0.5724952 0.0030805506 0.09924198 0.14536096 0.9656124
15 -0.2407594 0.9692826 0.78334963 0.5668729 -0.7872821 -0.45348108 -0.5202925 0.21428086
44 0.22415891 -0.002030613 0.15650745 -0.0026677216 0.84704584 1.1218035 0.38327202 0.2892859
12 0.16159672 -0.11381447 -0.004053725 1.7264674 0.09145354 -0.85951996 -1.2367914 0.49612302
31 -0.023669437 0.30930924 -0.62457764 0.48275903 0.54294926 0.8039138 0.037186913 1.147254
24 -0.36904353 0.65724474 0.17604363 0.83848107 -0.32711083 -0.30009848 -0.5560339 0.5911776
27 0.072555184 0.13180636 1.0150709 -0.8161544 0.44107333 1.3689896 1.0249828 0.08028684
46 -0.18746799 0.11941534 1.2500223 -0.027180938 -0.38892698 0.47564912 0.08945616 -0.46301815
19 -0.2896917 1.2403798 0.6346771 0.7170399 -0.8343281 -0.587927 -0.5778836 0.41574138
6 -0.490737 1.3373114 0.72558284 -0.4818263 0.61656344 0.80979085 0.18235666 -0.062552705
17 -0.36493275 0.9389579 0.7681209 -0.4204726 0.27652812 0.86128134 0.117724694 -0.028051792
30 0.16273518 -0.5253984 -0.21174197 2.0581276 -0.15690205 -0.8014872 -1.0497006 0.63959235
2 0.08642133 -0.47988075 0.145995 1.941566 -0.5268803 -1.0847535 -1.2526197 0.6552338
34 0.45089337 -0.95832306 1.1676043 -0.35875884 0.16986486 1.1290426 0.56898165 -0.2507344
3 0.1171254 -0.16041507 0.38217148 1.6286995 -0.48396695 -1.2062434 -1.3027378 0.59881806
11 -0.12305203 0.0799656 1.4747659 -0.76858693 -0.25431952 1.198092 0.8329854 -0.27863652
48 0.20568444 -0.5494021 0.30794385 0.009449117 0.7584987 1.3047423 0.83791775 0.17336033
18 0.4070421 -0.8632786 -0.38154557 2.0420754 0.11572444 -0.5689454 -1.0201949 0.6708348
13 0.1479353 -0.46648294 -0.0964434 2.0182953 -0.110856384 -0.91599965 -1.2340001 0.55364186
21 -0.034391288 -0.2922877 0.21909156 1.7972234 -0.74501365 -0.9458002 -1.4092115 0.4659488
10 -0.7610231 1.4068574 0.2277369 0.60661125 -0.3836845 -0.21952578 -0.10472644 0.62014264
9 0.20287539 -0.16196933 1.5923604 -0.3762512 -0.15903756 0.70097136 0.8602898 -0.45341012
7 0.3609796 -0.050028294 0.1462757 1.8768538 -0.34139156 -1.1451688 -1.5325418 0.48391968
5 -0.35127535 1.1270028 1.0472407 -0.49267283 0.12645932 0.7574239 0.20595588 -0.2766503
14 -0.015937513 0.0029688247 1.3580939 -0.39049378 -0.19062953 0.80937904 0.7905618 -0.26004824
29 0.13073847 -0.21682796 1.5425377 -0.5102156 -0.19679926 0.8327565 0.8680238 -0.31500003
37 0.19780357 -1.2040703 0.14467129 2.326646 -0.86545634 -1.2753726 -0.8183988 0.8624909
35 0.33141437 -1.3624282 0.35414505 2.3554058 -0.9704037 -1.0781024 -0.62888795 0.34435833
33 0.28127667 -1.4041106 0.22644106 2.3676176 -0.9545055 -0.8405224 -0.7297241 0.2398786
32 0.28080043 -1.190406 -0.015682876 2.5257897 -0.8581204 -1.1714356 -0.946049 0.78115904
22 0.8901394 -1.993148 0.0048726243 2.1743898 -0.24556537 -0.70207995 -1.1152685 0.6543234
