50 8
43 -0.9506264 0.21459533 -0.07341851 0.7471543 0.17301157 -0.548434 0.3369392 -0.2639214
39 -0.60357803 0.08178061 0.44807407 0.18420863 0.44509134 0.2030521 -0.45625296 0.8178086
27 -1.1103449 0.45845392 0.1045689 0.5913425 -0.20509975 0.02870959 -0.25475645 -0.84141964
6 -0.11362189 -0.037790243 0.30200535 0.42162317 0.5948308 -0.8014915 0.19676755 1.0843636
17 -1.0360593 0.28300896 0.29113346 0.6049802 -0.7101241 -0.4540044 -0.1932894 -1.1577125
40 0.15880819 0.29386562 0.4824613 0.12781711 0.6977118 -0.19853894 0.20340471 1.5809168
20 -0.6695939 0.520883 0.41720444 0.47681382 -0.40613195 -0.1899452 -0.2741932 -0.9190622
49 -1.3608751 0.39916 -0.03600644 0.6671516 -0.21730733 0.22884926 -0.2531607 -0.7033974
18 0.48389333 0.07404735 0.95612687 -0.09600171 0.5277503 -0.39124182 0.0819958 1.7539225
23 -1.2835387 0.29197073 0.036000904 0.24750021 0.5274158 0.0466537 -0.2680304 0.021298056
28 -0.9690323 0.7293111 0.14936422 0.47168928 -0.5405253 -0.04202582 -0.20541993 -1.1093706
34 -1.0335462 0.91482776 -0.07042726 0.5660966 -0.42722157 0.4437965 -0.24421939 -0.91891587
1 -1.1123178 0.77543545 -0.24172768 0.73896474 -0.16756502 0.2865644 -0.0846032 -0.75795084
41 -1.0621206 0.889986 -0.03751004 0.48674622 -0.2758006 0.2758047 -0.20523705 -0.9205829
4 -0.37332892 0.96639836 0.4484815 0.49250957 -0.9892993 0.16006532 -0.3940397 -1.2496611
31 -0.7970372 -0.51497495 0.25492546 0.52879083 0.6921061 -1.0368615 0.15130875 0.830334
19 -1.1527218 -0.15298665 -0.115250744 0.7594446 0.54157186 -0.53611 -0.0144753875 0.19206373
36 -0.95395184 0.9276489 -0.009873164 0.56646574 -0.47174838 0.35518947 -0.1437285 -0.9367089
24 -1.1349087 0.07625622 -0.36487636 0.55391955 0.9278861 -0.4071244 -0.08276902 0.7145191
48 -0.8222457 0.8663102 0.055834435 0.26835674 0.05265884 0.59062415 -0.61605567 -0.21563153
16 -0.40387893 0.78827685 0.29325935 0.36723185 -0.8075961 -0.8278238 0.006442568 -1.1806453
42 -0.5261421 0.5912415 0.30297202 0.23775825 -0.4059123 -0.714065 0.02665672 -0.6600542
26 -0.17926185 -0.094293594 0.6335569 0.2235009 0.13609579 -0.97371334 0.3691734 0.6175826
14 -0.5107034 1.6012607 -0.08668292 0.35424182 -0.5493179 0.63222235 -0.45238736 -1.0075877
25 0.60653734 1.1586852 0.7221935 -0.044368863 -0.73014474 0.6521483 -0.8293819 0.3370979
38 -1.0455549 1.0613611 -0.40989435 0.7433347 -0.46160242 0.13914979 -0.18097094 -1.0337031
10 0.7552814 0.7661629 0.7933565 0.5056516 -0.66890526 -0.2522108 0.50136626 0.007285275
21 0.94639623 0.34070966 0.9758416 -0.053861726 0.45615026 -0.13502547 -0.041988626 2.0438163
15 -1.0815483 -0.266444 0.15918534 0.49689582 0.31236342 -0.5239783 0.2735664 0.47634003
5 -0.58586407 0.99097735 0.21995145 0.41674417 -0.91061074 -0.2650464 -0.1954175 -1.4134792
0 -0.7277716 -0.4602678 0.22160003 0.3464746 1.1414198 -0.9646134 0.34684762 1.4370718
29 0.1210137 0.11293959 0.52417433 0.1799232 -0.08778815 -0.5327801 0.53783727 1.3564721
45 1.1618271 1.0182918 1.0205957 0.3161466 -0.77421284 -0.18436387 -0.23111865 -0.27995613
9 -0.9492403 0.6725246 0.34135497 0.4306329 -0.99718565 -0.2630427 -0.4040338 -1.5531857
13 0.3164635 -0.5547397 1.1733872 0.19495694 0.55113906 -0.6685931 0.18482609 1.8788223
11 -0.49597913 1.2676841 0.34057972 0.22446221 -0.8623456 0.4121158 -0.4733057 -1.0774903
8 0.8897017 0.15468413 0.88598496 0.2916351 0.036950737 -0.41840005 0.36040342 1.6841255
2 -0.2173034 0.0996013 0.24607569 0.33347598 0.9439853 0.22384433 0.0775853 1.893909
47 -1.085977 1.1533577 -0.027710464 0.6994978 -0.47714305 0.54633814 -0.44476834 -1.5516398
37 1.2712386 0.32212022 1.5817235 -0.33636367 -0.003684016 -0.28705895 -0.14377265 1.6591727
33 1.380193 0.7515906 1.4367846 -0.42680135 0.10767551 0.06652253 -0.30740032 1.5210711
46 -0.42851302 1.2290126 0.23944554 0.6098872 -1.1437087 0.5855533 -0.6674669 -1.3466375
7 -0.43808612 -0.6503646 0.47175205 0.33625028 0.9820651 -1.2845051 0.41145018 1.566059
3 -0.580348 -0.053798676 0.05001447 0.4053233 1.0789983 -0.09384835 0.08848063 1.7105863
22 1.4590601 0.5569401 1.8972281 -0.25525144 -0.9374945 0.12153156 -0.48383427 0.67424
12 -0.9322564 -0.2434167 -0.20164545 0.5179031 1.2739019 -0.58416176 0.18861905 1.4816989
30 1.056071 0.15962896 0.96200275 0.13939233 0.4833929 -0.41930827 0.36842233 2.2483175
35 1.4183234 0.60267 1.3990477 -0.3376187 -0.050974358 0.014371938 -0.11778994 1.965915
32 1.414143 0.66810775 1.3974562 -0.3396707 0.2160003 0.2522219 -0.09518834 2.0440605
44 1.4196042 0.58861613 1.4232246 0.047768295 -0.8560581 0.2355828 -0.29296777 1.1946944
