50 8
1 0.06480069 0.5564628 0.9013996 0.08835175 -0.37530032 0.4631106 0.1478511 0.07965637
28 -0.30500686 0.9581311 0.11966852 0.47023684 -0.7880015 -0.38601905 -0.07586448 -0.74713045
20 -0.17550533 0.92953515 0.6128423 0.13737431 -0.6791267 -0.06509543 0.07078362 -0.5713125
43 -0.6231215 0.73233336 0.196085 0.41843408 -0.6020329 -0.42476803 -0.001718968 -0.6003884
36 -0.35211313 1.2458465 0.10026462 0.33004713 -0.84965175 -0.28898913 0.124052286 -0.8024114
29 -0.6045946 1.1451172 0.11199514 0.40276664 -0.8457604 -0.40860093 0.23370183 -0.9292241
14 0.3119991 0.13788338 0.9875539 -0.11181312 0.004141735 0.908216 -0.19725315 1.3240778
17 -0.29621574 0.32266608 0.54508245 0.32901073 0.16154099 -0.15580203 -0.29595852 -0.36415732
16 -0.19277272 0.80427074 0.881804 -0.051358864 -0.95792955 0.059005465 0.16874836 -0.24477856
6 -0.5754669 0.6658022 -0.0864824 0.65943927 -0.40083694 -0.3451204 -0.1184462 -0.6722119
5 -0.068882875 -0.019095812 0.474752 0.46210977 -0.17345105 0.33057037 0.25131974 1.272976
47 -0.39377192 1.0317993 0.28707927 0.2904858 -0.8674963 -0.38657346 -0.19347975 -0.9828053
40 -0.45118695 1.157342 -0.24613884 0.35307902 -0.08192368 -0.4789251 -0.22647268 -0.92806244
38 -0.16326766 0.9121523 0.7604484 -0.078600034 -1.0278574 -0.05261898 -0.23574883 -0.585477
46 -0.16892396 1.1708055 0.38364083 0.13051036 -1.1072018 -0.355593 -0.20962499 -0.91477853
27 -0.40419668 1.010996 0.4686747 0.12853122 -1.1639348 -0.1981578 -0.12576345 -0.73385894
49 -0.3026178 0.88879436 0.79077876 0.17718881 -1.0587623 0.03692623 0.10350507 -0.7089553
10 -0.19067165 0.336645 -0.3048392 0.75648546 0.76188534 -0.06367563 0.04148701 0.59868795
48 0.14670905 1.0014608 0.74748 -0.12849772 -0.8745957 0.0011707841 -0.5143872 -0.7498113
39 -0.45149064 1.1223682 -0.08039823 0.35948008 -0.60488933 -0.39639312 -0.03388427 -0.70578897
34 -0.025845153 1.0365946 0.72074926 0.008858596 -0.9364179 0.07100804 -0.11741391 -0.636784
23 -0.202869 0.19674161 0.55415606 0.059900574 0.31447926 0.2791472 -0.111692645 0.864495
4 -0.34456167 0.6849245 1.1151394 -0.034924116 -1.0869803 0.0016103785 0.02773292 -0.562579
19 -0.04768506 -0.6783652 0.70523125 0.61823326 1.0193163 0.81020933 -0.306354 1.6580656
18 0.07657466 0.17516182 -0.51078135 0.832356 1.5676155 0.14430353 -0.24551168 1.1557336
15 -0.06904427 -0.6373954 0.8584082 0.39795592 1.1352046 0.65607756 -0.3004533 1.8527604
30 0.2787755 0.08676892 -0.5086588 1.090919 1.6168658 0.1072255 -0.2810936 0.84458345
42 -0.6464557 0.95376074 -0.4753933 0.55520904 0.19693518 -0.83769023 -0.29856417 -0.9633868
45 -0.3471655 0.9556877 -0.369508 0.5365712 0.16661204 -0.82476735 -0.5125543 -1.0151252
41 -0.16962564 1.3275214 0.53337383 -0.119070575 -1.149507 -0.2553905 -0.08038001 -0.84142655
31 -0.43563113 0.8830034 -0.45826888 0.7097073 -0.20737377 -0.64418674 -0.088090956 -0.5466213
25 0.43005913 0.2356263 0.8339966 -0.059081417 -0.64733624 0.8906757 -0.08083739 1.5625144
3 -0.051846765 -0.5025007 0.45339045 0.51855075 1.215508 0.5169779 -0.29697555 1.7691677
24 0.14328071 -0.655342 0.5820715 0.48150504 1.2776607 0.4337613 -0.5708276 1.8988339
9 -0.3258797 0.7443023 0.94284636 -0.091202416 -1.5774897 0.03259494 0.02937022 -0.15189101
26 -0.7175202 0.2998614 -0.21668929 0.7257463 0.23769955 -0.9771329 -0.6383445 -0.80856615
0 0.036317214 -0.55992746 0.45433488 0.61419636 1.3205007 0.4111102 -0.36432666 1.6794621
13 0.03572539 -0.58226675 0.2393085 0.8394631 1.5644364 0.27152812 -0.3209133 1.6825203
11 -0.45862064 0.7126559 1.1298356 -0.1975839 -1.4566623 0.012854771 -0.0027256708 -0.4261615
44 -0.028918937 1.1001229 -0.012835523 0.3401412 -0.54001117 -0.5907952 -0.3677928 -0.78225076
37 0.15858717 -0.5743551 0.4718882 0.6110562 1.4553895 0.42517912 -0.40693024 1.882781
12 0.1412668 -0.6191656 0.52126044 0.6070382 1.1272504 0.52147734 -0.2941649 2.0217123
7 -0.1285 -0.18865138 -0.34417143 0.62272406 1.4534105 -0.4838637 -0.86837435 0.8666187
2 0.03454907 -0.5479568 0.3223427 0.75833666 1.492508 0.57198876 -0.24313107 1.9059104
21 0.3366069 -0.41977704 0.87652725 0.47946057 0.9626748 1.009381 0.018252201 2.1081846
33 0.15243553 -0.83210546 0.7505219 0.38359934 1.6143614 0.31833136 -0.81527656 1.8000392
22 0.114433266 -0.8891283 0.7444309 0.6129556 1.3588737 0.46825325 -0.60463554 1.8236825
35 0.3729477 -0.74378246 0.83402264 0.38111746 1.5003266 0.5553738 -0.69725156 2.065379
32 0.26780918 -0.6871666 0.8881178 0.31455302 1.3283927 0.6407127 -0.41128144 2.2676477
8 -0.37602797 0.7596561 -1.0006629 0.7059728 0.6265196 -1.1365662 -0.7300698 -0.39240268
