50 8
43 -0.11832139 0.1729239 -0.28788295 0.63997567 0.3647538 0.44861624 0.74819756 0.43400866
20 -0.029709425 -0.28490394 -0.4314044 -0.16792162 0.13410303 1.0820215 0.512592 1.1043986
19 0.14652239 0.23338571 0.46939948 1.1259596 0.6583466 -0.43175453 -0.7156971 0.62488526
18 0.21906006 0.11660075 0.6706612 1.3899915 0.7085887 -0.13169561 -0.75860363 0.056387402
1 0.25508597 -0.30126894 0.81037015 -0.25123465 0.54812866 0.44905853 0.22539388 0.45469192
41 -0.28101206 0.030340351 -0.6022058 0.16992034 0.082506016 1.0741894 0.89546317 0.7744613
42 -0.6701243 0.6180835 0.176582 0.92757654 0.6088318 -0.18653056 0.26489875 0.31629217
35 0.60465026 -0.41656736 1.0541002 -0.28063536 -0.016328758 0.6993021 0.2254758 0.45366648
28 -0.38580436 0.16888732 -0.55840415 0.088335656 -0.1045992 0.70573986 0.7841421 1.2362193
29 0.077236585 0.23876932 0.3417374 0.6383917 0.66298467 -0.014289764 -0.5153922 0.6920702
25 0.457023 -0.46443316 0.25974673 -0.3343229 0.37358195 0.9719139 -0.043592885 0.8200505
45 -0.09361691 -0.005475343 0.6531314 0.30908775 0.37636784 0.3570987 -0.06425395 0.39482725
40 0.21625711 0.08297086 0.51211935 1.584672 0.6141014 -0.008403919 -0.42396474 -0.1756437
46 -0.067587994 0.0013696996 -0.015667764 -0.45967942 0.1894862 1.1921552 0.48506746 0.84832627
33 0.44317064 -0.20531389 1.375286 0.55359024 0.12978551 0.42851445 0.46171626 -0.5297976
12 -0.06610707 0.3822825 0.04057176 0.89498407 0.5991661 -0.40126362 -0.84276515 1.2617463
39 0.07847939 0.15388462 1.362713 1.1054641 0.52792835 -0.26752537 0.20861283 -0.5712739
2 0.3386895 -0.18220516 1.0310161 -0.22596636 0.37871143 0.24236263 0.66470516 0.30079234
44 0.35798332 -0.3421439 0.42928138 1.1576365 0.755988 0.24208471 -0.5521262 0.040284663
27 -0.037890576 -0.2420103 -0.47151452 -0.67263746 0.3070538 1.0016044 0.9349268 1.2789015
6 -0.8917427 0.59399486 -0.20267636 0.8044813 0.27582484 0.040496357 0.12303838 0.8964071
31 -0.34155747 0.28220397 0.009546638 1.5230439 0.62123054 -0.31029704 -0.50572586 0.54106414
21 0.6434366 -0.63540804 0.8978461 -0.11089806 0.4265391 0.25536135 -0.37471023 0.828478
38 0.39365855 -0.2971844 0.4013218 -0.78194296 -0.22454956 1.1903398 1.0097562 0.83774245
11 0.12615141 -0.24034825 0.4417928 -0.8980586 0.12943621 1.043547 1.1525631 0.71813244
26 -0.80766034 0.7341341 -0.30939478 1.2690418 0.27330053 -0.22052722 0.02079601 0.85889536
23 0.60982156 -0.36661234 1.323101 0.7743442 0.58095455 0.14147703 -0.59660625 -0.1598442
5 -0.19837391 0.4439105 0.23755701 -0.4397713 -0.23225246 0.61044186 1.340305 0.8610266
15 -0.50504005 0.6030702 0.0073794154 0.98128736 -0.0029155149 -0.16827723 0.08797862 0.9142963
3 0.7752319 -0.4205777 1.377319 0.052960917 0.5845766 -0.1426934 -0.34113914 0.45591688
36 -0.016427595 -0.14357206 0.13917176 -0.74981874 -0.17916365 1.259762 1.0609114 0.90506446
14 0.33928376 -0.46771562 0.5016028 -0.9976282 0.09930468 1.1831324 1.0583289 0.7221638
22 0.47270146 -0.485143 1.1144184 0.9093623 0.45112008 -0.20373704 -0.14714672 0.049201816
8 -0.62746316 0.7357191 -0.50847006 1.7454687 0.39667985 -0.14508641 -0.42130017 0.7330335
16 -0.01826533 -0.18417743 -0.19229463 -0.27550545 0.2880069 1.0112541 0.6717252 0.8506658
4 0.042353865 -0.048810523 0.10771485 -0.69088924 -0.25559896 1.4293861 1.081316 0.7407101
49 0.24070638 -0.583445 0.7970478 -0.69766045 -0.08695382 1.140619 1.1756622 0.3509851
30 0.06452047 0.28070924 0.9102394 1.4293451 0.5269165 0.11605671 0.19260518 -0.7452627
9 -0.24717209 0.1685167 0.2631637 -0.7415047 -0.31118524 1.0170729 1.5176697 0.80680597
24 0.58797663 -0.2930055 1.2895763 0.88241225 0.6233412 -0.12466829 -0.63780975 -0.036848504
13 -0.378331 0.50981134 -0.09345221 1.9568254 0.080235824 0.111935966 -0.1646668 0.12077422
34 0.066001266 -0.15028992 0.02159404 -0.7838501 0.21521929 1.0842029 0.6676033 1.078225
10 -0.57795155 0.69825625 -0.7473152 0.97361994 -0.23450051 0.5345517 0.41599953 1.0015099
0 -0.36784682 0.49556696 0.46176332 1.0201849 0.5226338 -0.30187732 -0.13329981 0.39365736
7 -0.63833123 0.8470025 -0.38810265 0.9087111 0.3401397 -0.13339794 -0.06816057 1.1428236
48 -0.09474038 0.4961459 0.90079135 0.5872707 0.36159468 0.37137517 0.3609375 -0.2977235
32 0.4298421 0.140325 1.5984566 1.4075032 0.5518161 0.017941188 0.055208772 -1.1371311
17 -0.47103235 0.32365543 0.51360005 -0.18013409 0.6116209 0.14244717 1.2786964 0.23619606
37 0.61764556 -0.5889122 1.8445238 0.9580947 0.4739615 -0.33600387 -0.46223578 -0.33491787
47 0.48997277 -0.6663526 0.77148294 0.05186288 0.47681475 1.0840962 1.1329594 -0.6270605
