50 8
43 -0.12629771 -0.10906794 0.71369356 0.048983973 0.7030712 0.43175298 0.36820766 0.40461186
17 0.33190635 -0.17994796 0.56947404 -0.1301182 0.8078141 0.22188975 0.04360507 0.24371523
24 -0.23759283 0.29943198 0.36169168 0.5691148 -0.017967362 -0.018607028 -0.2021087 0.7995866
29 -0.07758972 0.15247157 0.10564185 0.5210164 0.554829 0.40665367 -0.055594545 0.6221324
28 -0.015083182 0.0127399955 1.0677058 -0.26154032 0.32052314 0.23278975 0.4950544 0.53404963
1 0.32708663 -0.18370265 0.8661886 -0.41085052 0.80863655 0.43190134 0.5582076 0.32782376
16 0.38478145 -0.29248846 0.7785043 -0.510556 0.74786013 0.6554712 0.4101949 0.4533681
36 0.33268243 -0.348415 1.0047174 -0.40109256 0.50690466 0.15361355 0.561974 0.35894856
27 0.18462148 -0.07745611 1.0039456 -0.48229137 0.56655353 0.46935633 0.8219341 0.5494761
23 -0.25965527 0.26683658 0.50058645 0.062915355 0.9066588 0.47358185 -0.3308056 0.5034618
39 -0.12268207 0.14440213 0.35380062 0.21544877 0.62457937 0.33719 -0.103907 0.60909617
19 -0.09292654 0.2877814 0.43654546 0.59833324 -0.14106356 -0.26389897 -0.20755298 0.70205635
8 -0.4120422 0.42891413 0.0872628 0.64952135 0.352574 0.38536185 -0.1523729 0.88003206
26 -0.58312863 0.37479755 0.12237017 0.8038355 -0.01563179 0.11880804 -0.021396084 1.0916294
45 0.3703506 -0.047522955 1.0637738 -0.4569401 0.5676906 0.339619 0.38239416 0.29138985
41 0.15477125 -0.0136523405 0.53135175 -0.16387688 0.9457717 0.6278431 -0.11742013 0.3583367
44 0.072989054 -0.043662902 0.8650776 -0.46751875 0.9344734 0.48271814 -0.0060420632 0.4058315
38 0.16697149 0.013848569 1.0004102 -0.40565822 0.92603713 0.60869426 0.4308419 0.22440328
6 -0.50038755 0.030486817 0.6455225 -0.01389839 0.58897656 0.6246595 0.1133225 0.88414925
31 -0.33808404 0.44670928 0.47225815 -0.039826002 0.6250625 0.8064868 -0.1177408 0.91133136
34 0.7031833 -0.25677872 0.94931567 -0.6564336 0.8420113 0.37762326 0.24667053 0.12722088
13 0.5660876 0.14420635 -0.52197915 1.6002471 -0.18045168 -0.62259835 -0.75105715 0.35325232
4 0.6375147 -0.16923675 1.1239098 -0.47672865 0.46138316 0.30108342 0.71693397 0.18550663
20 0.16970989 -0.17713194 0.7449065 -0.050259322 0.47986567 0.40083274 0.3329148 0.3596523
40 -0.04421638 0.57947946 -0.33207655 1.0489082 0.21184583 0.10604544 -0.624375 0.7434919
7 -0.019064464 0.23311275 -0.5031509 1.4118549 0.032398656 -0.5219139 -0.7226316 0.7211128
42 -0.31265238 -0.31411785 0.93049634 -0.5001207 0.61144733 0.39970437 0.46851236 0.91649127
12 -0.4421133 0.56300217 -0.52231175 1.6292088 0.098793864 -0.26774862 -0.9972518 0.81046647
18 0.6683371 0.01879729 -0.7493618 1.920384 -0.24266058 -0.76685244 -0.7757018 0.31436527
2 0.76979744 0.24291824 -0.52899796 1.8457248 -0.6717644 -0.9396985 -0.8001953 0.39536965
15 0.33170104 0.15018971 0.11912959 1.312364 -0.75111705 -0.8207722 0.16934939 0.53321445
25 1.6490352 0.09751817 -0.19601285 0.97809565 0.11491773 -0.671891 -0.70235854 -0.49284294
3 1.0932859 0.30689833 -0.560079 1.8409114 -0.54848826 -0.9596889 -0.9299607 0.09546526
47 0.5135807 -0.23913124 1.0787816 -0.44898024 0.4297851 0.46639028 0.9241803 0.29261217
49 0.80623734 -0.45569286 1.3262186 -0.87330574 0.60105443 0.22320586 0.7707403 0.11910083
21 0.3375128 0.08769916 -0.6325601 1.8225147 -0.23180568 -0.8394105 -1.1699113 0.43806866
9 0.78931904 -0.46023384 1.3422158 -0.95100766 0.54960054 0.23280297 0.671826 0.16759467
10 -0.26001438 -0.23492278 0.22019793 0.6779616 -0.08474673 -0.39967158 0.0640484 0.91841054
30 0.7503525 0.21041326 -0.57510066 2.052112 -0.5785919 -1.1117774 -0.9239371 0.22664581
48 0.14307521 -0.097488135 0.83639073 -0.45331356 0.71857166 0.6458347 0.1705782 0.5342241
5 1.2225072 -0.81111515 1.0342901 -0.45114312 -0.111796394 -0.57898164 0.83279246 0.15292566
14 1.8176396 -0.22948909 0.8781134 -0.5299151 0.08568109 -0.31713372 -0.09206991 -0.3652372
33 1.1485922 -0.24853848 -0.75267684 2.1241992 -0.39767835 -1.1320677 -0.7146899 -0.08673647
0 0.9228609 0.0017380315 -0.80443436 2.129447 -0.56853664 -0.9549356 -0.91104525 0.2652748
11 1.1715285 -1.1090343 0.93717194 -0.56871104 0.46456683 -0.16861998 0.44595015 -0.06114115
46 -0.26144862 0.13621163 1.0415126 -0.57475734 1.2141546 0.55858636 -0.4052757 0.35288212
22 1.4398733 -0.19522251 -0.46621007 1.9257826 -0.87175465 -1.6493546 -0.8900562 -0.04263735
32 1.0977119 0.18696357 -0.7507932 2.2746062 -0.74839455 -1.1633998 -0.9165504 0.09863298
35 1.6312261 0.049149945 -0.557044 1.9969821 -0.9245608 -1.6830485 -0.77977836 -0.12556176
37 1.7282239 -0.3118175 -0.63553864 1.9597454 -0.6031638 -1.6265892 -0.8660672 -0.30272034
