50 8
40 -0.86074185 0.22853403 -0.15881144 0.42591268 0.6788391 -0.8387814 0.27438286 0.025634449
1 -0.37412894 0.33619282 0.018717619 0.46045318 -0.56807286 -0.66996163 -0.54182595 -0.6092029
41 -0.5163072 0.7413914 0.03215572 0.42033705 -0.91530275 -0.26360458 -0.34051862 -0.825825
49 -0.3154128 0.58088654 0.21246395 0.40516078 -0.92373556 -0.33980495 -0.5199293 -0.8064183
24 -0.51560736 -0.29258904 0.9860478 -0.06712823 1.1810538 -0.38157812 -0.12876253 0.7283217
6 -0.7204632 0.30014238 0.056799214 0.42934006 0.07658124 -1.0764078 -0.26163566 -1.1304549
38 -0.56849 0.740361 -0.11684203 0.3586065 -1.08436 -0.53506625 -0.1867869 -0.7760438
43 -0.6924306 0.24496156 0.08366079 0.1845525 -0.37749037 -0.97952163 -0.44622073 -0.95934653
17 -0.39689168 -0.011114892 0.6076386 0.1536111 0.07196468 -0.8451882 -0.67570233 -0.78132474
36 -0.44365335 0.6436387 0.048794024 0.48819888 -0.49006742 -0.4377204 -0.5261238 -0.9153864
31 -0.7346109 0.2858176 -0.0965156 0.49601328 0.14640751 -0.9523566 -0.26375118 -0.96549124
46 -0.3943601 0.6821238 -0.042943694 0.41880742 -1.2032847 -0.29840842 -0.14858437 -0.35890174
20 -0.088673405 0.4302847 0.5823713 0.38806373 -0.30795974 -0.4157197 -0.5951555 -0.7618898
29 -0.41285762 0.39366463 0.20043416 0.29946697 -0.8620706 -0.27820086 -0.13030834 -0.073851965
39 -0.7926246 0.75411886 -0.4569197 0.594623 -0.8250488 0.061316203 0.008144602 -0.013173555
45 -0.5984918 0.46006787 -0.21958454 0.5419098 -0.39209858 -0.8704893 -0.2762936 -0.86651534
28 -0.42262086 0.39472786 -0.12101666 0.47562903 -0.91815686 -0.92764133 -0.5819563 -0.90788555
48 -0.33900082 0.76803154 -0.35398838 0.7960752 -0.6821986 -0.51097167 -0.20831077 -0.6211281
34 -0.033290576 0.8443568 0.36121476 0.42358834 -1.2425599 -0.14196332 -0.37045467 -0.78842014
44 -0.694015 0.4009968 -0.066814184 0.35647798 -0.5968615 -1.0853024 -0.4002499 -1.253323
42 -0.84509134 0.13012627 0.18288927 0.29998547 0.06916117 -1.0541065 -0.1327402 -1.0745829
26 -0.7450864 -0.32536235 0.7288328 -0.041981954 0.5314454 -1.3240683 -0.09496933 -0.7751713
27 -0.43597093 0.81460816 0.040349558 0.483121 -0.80416435 -0.50951165 -0.6390312 -1.4070541
16 -0.12736216 1.041682 0.07295232 0.61579204 -0.9883242 -0.43286732 -0.3302915 -1.2141879
8 -0.63912797 0.10972004 0.29443488 0.47169366 1.1005332 -1.0351201 -0.06865223 -0.66051346
14 0.13551325 0.7715512 -0.112986095 0.59747034 -1.0029501 0.54908186 -0.12167504 1.5303724
21 0.058711417 0.25337547 0.7555431 0.2706874 0.13074711 0.71484035 0.055029444 2.0455222
23 -0.35626236 -0.024273168 0.648282 0.13444653 0.8720573 0.027185194 0.24784383 1.787572
10 -0.23826328 0.17876007 0.78144884 0.23324949 1.3057082 -0.13470976 0.0030786034 0.74516577
19 -0.41064632 -0.2120419 0.9400285 0.16117239 1.0369178 0.35117492 0.2380661 1.8154113
18 -0.3757055 -0.38090888 1.0481939 0.10189109 1.2783823 0.18489756 -0.16717671 1.6519932
30 -0.3251839 -0.19464284 0.9043467 0.14314343 1.6696066 -0.46312234 -0.3140203 0.5565064
32 -0.07418731 0.06447971 0.9848737 0.23473465 0.85861933 0.42539722 0.3232805 2.0416682
5 0.23857437 -0.018955648 1.4287177 0.035395484 0.44464898 0.1093161 -0.42697495 0.677603
4 0.017166197 0.923552 0.13845454 0.5181238 -1.6477104 -0.1567437 -0.2787017 -0.53374743
11 0.26221672 0.82252556 0.5538121 0.34195894 -0.99803215 0.91497535 -0.543266 0.7197231
13 -0.61484 -0.40333632 0.46183705 0.40697026 0.14688285 -0.11295733 0.7109722 1.7021344
9 -0.04329916 0.8397591 0.37164706 0.28409988 -1.5540936 0.78915685 -0.25918803 0.61510295
37 -0.21744831 -0.17489424 1.3203336 0.046461593 0.6871605 0.5977192 0.4649242 2.1454072
33 -0.19255818 -0.19840696 1.3997608 -0.17320682 0.8355413 0.36145675 0.13938083 1.8956281
22 0.16686353 0.08403317 1.2179854 0.2196405 0.77867806 0.8943902 -0.16037165 2.04381
12 -0.59517485 -0.075100616 -0.33665988 0.6852558 0.83079386 -0.66171825 0.26717785 1.3628811
2 -0.30280828 0.112169355 0.5781666 0.34855494 0.40123317 0.42821923 0.31303078 1.805237
15 -0.33619806 -0.48054704 1.4167876 -0.11864456 1.1744779 0.04849191 0.13167773 1.6708179
0 -0.3602995 -0.49508604 1.2437319 0.055424377 1.2187778 0.12060089 -0.038790215 1.6435986
25 0.14047381 0.66693765 0.49076948 0.21446916 -0.8963431 0.49458605 -0.22813469 0.98620754
7 -0.27204865 -0.078307025 0.7387685 0.21200913 1.5593795 0.09774882 -0.26011014 1.7079391
3 -0.3756007 -0.114423744 1.040943 0.06214192 1.0509373 0.65058637 0.1325209 2.128185
47 -0.23659742 1.1153141 -0.2536772 0.73204416 -1.6638798 0.37629575 -0.30119163 -0.40283334
35 0.068511024 -0.10884397 1.4466861 -0.040165056 0.75649107 0.4873154 0.14173724 2.046364
