50 8
20 -0.4254173 0.42032403 0.28109828 0.42767587 -0.35336408 -0.22517896 -0.14145298 -0.6657768
1 -0.36189735 0.5447717 0.32734275 0.4974316 -0.38443592 0.050830543 0.13772921 -1.368373
16 -0.40982127 0.54132545 0.0899988 0.4175669 -0.4296831 -0.55775744 0.38151065 -1.2539345
36 -0.1954513 0.5209249 -0.080999196 0.7036567 -0.8565022 -0.060398813 0.17957084 -1.1108379
49 -0.22864826 0.4554747 0.28991592 0.5808755 -0.91464794 0.5154018 -0.39217526 -0.748934
17 -0.68364006 0.35032895 0.33856028 0.4530473 -0.30717626 -0.4524488 0.20641628 -1.2942194
34 -0.21161501 0.62718594 0.032526746 0.6564873 -0.5489167 0.28819516 -0.23557003 -0.79141283
19 0.56345534 0.6605599 0.5001033 0.22918466 -0.13025318 0.514053 -0.4050846 1.6204807
41 -0.8175546 0.427325 0.08998368 0.4394556 -0.10457072 -0.6179517 0.49128425 -1.0892015
14 0.5960485 0.8858101 0.23630306 0.34187675 -0.32568967 1.0477016 -0.6168374 1.4436029
11 0.06587495 0.5787468 -0.030103443 0.6064876 -0.696457 0.5752484 -0.52265865 0.4362948
38 -0.28739002 0.70777583 -0.0960916 0.5550811 -0.7043265 -0.2947159 0.28111008 -1.6836177
27 -0.94890606 0.4902961 0.18954527 0.44523677 -0.26205713 -0.5778583 0.36674878 -1.7713481
31 -0.9384913 0.3007037 0.18475635 0.39633888 0.1675117 -1.106416 0.57732487 -1.0273727
12 0.16016144 0.5244832 0.075810194 0.36801866 -0.254296 -0.16770743 -0.126043 0.959259
28 -0.57013166 0.49359933 0.15321295 0.38196805 -0.27025557 -0.8572239 0.5316663 -1.44971
2 0.400429 0.61755115 0.60426486 0.22832434 -0.08607082 0.7177898 -0.2255322 1.649547
33 0.19932696 0.5115088 0.7693266 0.12458401 0.40092123 0.24042104 -0.17538364 1.8444065
23 0.32230085 0.7300341 0.38975805 0.23236461 -0.6809014 0.66842276 -0.5588553 0.60181856
4 -0.48656037 0.5601189 -0.0033159927 0.5561931 -0.4471273 -0.5282337 0.5638981 -1.4577963
7 0.3138892 0.5969097 0.7764894 0.1158521 0.3894609 0.33046174 -0.38275293 2.0974245
42 -0.6159125 0.46450302 -0.098258875 0.46900877 -0.41450518 -0.91434145 0.45789897 -1.1474853
45 -0.530525 0.5120578 0.00928596 0.5223432 -0.2240839 -0.8532865 0.554713 -1.3683276
39 -0.8999739 0.44560397 0.10217438 0.40474054 -0.02244171 -0.8941529 0.4573984 -1.3267765
44 -0.8914168 0.30705816 0.2538434 0.41541 -0.1861523 -0.8873142 0.43029892 -1.3275638
25 0.042514034 0.6498925 0.1949531 0.23746766 0.19157131 0.23691002 -0.18734787 1.6282432
9 -0.116151586 0.6427425 -0.060818754 0.44440967 -0.7772216 0.46107507 -0.46131992 -0.0035781243
13 -0.15841419 0.40525335 0.62665445 0.089642905 0.57609075 -0.35308203 0.1690539 1.5183424
37 0.14914495 0.42524213 0.8674128 0.13628219 0.37825269 0.4088158 -0.22050998 2.1609826
43 -0.816578 0.41454658 0.16982226 0.4743385 -0.35240227 -0.6871398 0.60247755 -1.6082705
15 0.55762166 0.6783655 0.53144825 0.32248312 -0.1845703 0.7873937 -0.38645265 1.3255686
8 -0.7047378 0.21221346 0.266149 0.2884182 0.2363765 -1.4451987 0.76574993 -0.5637772
47 -0.54309344 0.52841496 -0.018617304 0.6284624 -0.57132065 -0.33810964 0.27637213 -1.5659441
6 -0.99220437 0.2809409 0.2962503 0.40623316 -0.14512582 -0.90312016 0.45520616 -1.386376
40 -0.7799286 0.5256875 0.22912161 0.101096146 0.1514524 -1.0226765 0.72789985 -1.0431741
48 0.6394091 0.88978344 -0.17110176 0.43671823 -0.50531197 0.11828713 -0.3492087 0.7356913
21 0.3952308 0.65231776 0.69301873 0.22183257 0.1834839 0.8362608 -0.51946557 2.061587
29 0.1956771 0.5942479 0.12618297 0.35648972 -0.24037144 0.22971426 -0.16478255 1.4217662
26 -0.5694578 0.45172632 0.58192474 0.03316321 0.46693897 -0.9064903 0.48732808 -0.45429337
24 0.2889637 0.8564349 0.26587793 0.22518753 0.026011491 0.5327351 -0.5672615 1.2051381
46 -0.39608812 0.51552784 -0.16239668 0.78382015 -0.861245 -0.3816594 0.25861838 -1.6101923
18 -0.53236884 0.27841762 0.8677405 0.009209527 0.96180034 -0.2459451 0.13296431 1.5579451
3 0.53667533 0.7210671 0.52320385 0.23566884 0.12084257 0.5606887 -0.47145012 1.813792
10 0.114929944 0.47880453 0.5678971 0.14812742 -0.016504444 -0.24836937 0.2890778 0.35083848
5 0.649703 0.6718499 0.27801764 0.38827187 -0.53737015 0.47785342 -0.43899506 1.0974525
0 0.49118945 0.7608313 0.64058846 0.071928136 0.43242055 0.56216383 -0.43628952 2.1903286
32 0.306864 0.5460143 0.68876874 0.15181725 0.4518354 0.23044848 -0.080254875 2.3364184
22 0.0046325414 0.35239792 0.79078686 0.27184835 0.76749265 0.047527757 -0.17821862 2.6030679
35 0.103317186 0.42177716 0.6558634 0.14919755 0.6703688 -0.08096821 -0.10047906 2.7368834
30 -0.4700576 0.20615399 0.5384338 0.19413735 1.1315806 -1.0958253 0.7827603 0.9200745
