50 8
19 0.19042471 0.019516844 0.53917706 -0.21698703 0.9996213 -0.18412276 0.00848775 0.3747967
24 0.27126634 0.16710758 0.7245887 0.8485846 0.29054478 0.100497 -0.43216917 0.11377423
43 -0.2732493 0.10700441 0.82323325 -0.7003221 0.92101914 0.38505057 0.21119352 -0.16134262
6 0.27731603 -0.18729556 0.54558617 -0.7358089 0.94928724 0.43142006 -0.012810565 0.31084746
28 -0.6234302 0.43498176 0.80916387 -0.7687533 0.55318695 0.82205117 0.6864921 -0.17477176
23 0.76258916 0.12120415 0.7875531 0.107503444 0.86054283 0.6933177 -0.20005955 -0.26940772
49 -0.8039004 0.00701843 0.6526342 -0.73008496 0.10178485 1.0434675 0.6276679 0.18355185
1 -0.37409315 0.18858081 0.8025692 -0.5055305 0.46176034 1.3358781 0.5665882 -0.419514
34 0.5880022 -0.081770286 1.0401068 -0.122595444 0.39705017 1.1006037 0.38435543 -0.24938786
26 0.28856173 -0.19025292 0.46244487 0.34371793 1.12416 -0.4966193 -0.5126564 0.31308854
17 -0.5019489 0.3036858 0.9219319 -0.6050497 0.99636495 0.25102904 0.041059263 -0.4369745
30 0.074428454 0.6649581 0.22149174 1.0527658 0.82817805 -0.45300242 -0.884266 0.25583482
44 0.30742064 0.021550747 0.8758387 -0.5948814 1.052315 0.54130083 0.019694362 -0.25989872
27 -0.08640219 -0.081205696 0.77828145 -0.77058655 0.519732 1.2050674 0.48920876 -0.101582736
31 0.46250558 0.55027634 1.0740249 -0.25684643 0.8662377 0.43170756 -0.3709311 -0.48379508
42 -0.2724516 0.6422069 1.2395008 -0.5789447 1.2555691 0.23423068 -0.028396528 -0.9226994
40 0.032492444 0.53549683 0.788943 -0.07943317 0.9467672 0.4963394 -0.17181504 -0.46061787
36 -0.38763526 0.092195585 0.9273931 -0.40210402 0.39410353 1.4211442 0.87903017 -0.4807373
39 0.17273423 0.5158093 1.2346021 -0.47687677 0.97754735 0.66967165 0.23943925 -0.7658222
14 -0.35139748 0.3345636 0.39266106 0.2573882 -0.8345644 0.94827497 0.060867608 0.9806675
18 0.1198296 -0.19633913 -0.16684076 1.2453601 0.59311676 -0.6514882 -1.4943331 1.0562476
15 -0.16364332 0.550683 0.15513662 0.7933779 0.5419111 -0.8870935 -0.49581206 0.98629034
25 0.14326186 0.043547407 -0.333015 0.56909305 0.49876338 0.13110702 -0.8583905 1.1138163
45 -0.09584567 0.53910273 1.1947505 -0.28422567 0.9007001 0.78636736 0.20012572 -0.93903524
13 0.46619496 -0.10778031 0.005901636 1.4463917 0.4721113 -0.60497534 -0.7690052 1.1259295
2 0.4373501 -0.11678614 0.4009659 1.6693465 0.34601247 -0.48997927 -1.0364408 0.56535953
12 0.3610678 -0.41848606 0.029358594 1.3815433 0.54621404 -0.7467032 -0.6914526 1.1255361
41 -0.14119685 0.0624865 0.99726045 -0.40144536 0.44726533 1.7769834 0.768887 -0.7018551
29 -0.076814674 -0.5643014 0.0439976 -0.50574803 0.98265624 -0.06898044 0.3500636 0.9797976
9 -0.6293434 -0.1599987 0.6451896 -0.6615742 -0.7393099 0.9882479 0.64065677 1.030347
8 0.4419046 -0.20922145 0.23549102 -0.16907856 1.529034 -0.39671084 -0.17493671 0.45323828
37 -0.7250238 -0.3591738 0.073619284 1.3149258 -0.42538154 -0.7444364 -0.5308885 1.5896852
35 -0.29599613 0.10312221 0.35735 1.7018583 -0.34034172 -0.72824204 -0.5858053 1.1666834
38 0.17842975 -0.07047611 0.82912016 -0.19327126 0.30979538 1.7112635 0.32097504 -0.42042682
10 -0.28567836 0.016676407 -0.4335325 0.24817744 0.3641611 -0.28448564 0.13037524 1.7084004
3 0.35845783 0.044216502 0.28217417 1.5446787 -0.08339193 -0.39443377 -0.94086456 1.0498511
7 0.4654774 -0.04582577 0.09682607 1.0852637 0.35889274 -0.8374337 -0.7098775 1.3924053
33 -0.5128932 -0.3960204 -0.43070313 1.5690868 -0.4026211 -0.1042405 -0.4397522 1.6699947
5 -1.1857208 0.37691185 -0.20596118 0.1453471 -0.5103584 0.6370724 0.26203504 1.219268
0 -0.22003937 0.22648361 0.037553456 1.8983961 0.20393904 -1.0832118 -1.0524703 1.172362
16 -0.9683096 0.2348613 -0.18273696 -0.8674119 0.5652859 0.06267031 0.17513098 1.1624036
4 -0.59696156 -0.39627275 0.48869002 -0.69991493 -0.56560975 1.1300281 0.6975227 1.0472957
20 -0.69549835 -0.61535496 -0.13960463 -0.90282404 0.23123859 0.21320944 0.86585516 1.6868991
11 -1.2263018 0.013226578 -0.04552702 -0.53808874 -0.7105459 0.80546254 0.046172123 1.4898901
22 -0.9993138 0.03545857 -0.030087093 0.80420107 0.09119444 -0.97614574 -0.74031746 1.4163965
46 -1.5985936 0.9529115 0.4236114 -0.13497499 0.20778172 -0.122226514 -0.9301535 0.11410346
32 -0.07434057 0.06733945 0.097341724 1.9276121 -0.059975 -0.5972676 -1.0936245 1.0334044
48 -0.024837092 0.11681109 1.2411494 -0.5871794 0.010177695 1.3346008 0.6157919 -0.28204462
47 -1.5287143 0.22052613 0.6830251 -0.48473424 0.284695 0.7022026 0.58761686 -0.18628782
21 0.17583434 -0.2038978 -0.104005024 2.1061587 -0.20604116 0.16437511 -0.9231501 0.8621339
