50 8
23 -0.6547647 0.9062579 0.3111989 0.3636388 0.06329373 0.46546468 0.6711459 0.50686544
20 0.20126276 0.055754792 0.8949832 0.50988656 -1.1030405 -0.4172869 -0.32104278 0.10839932
28 0.23877668 0.2888534 0.260442 0.7912421 -1.1708375 -0.7758355 -0.19922148 -0.37120163
29 -0.082570314 0.9812816 -0.040273923 0.13621637 -0.62845063 -0.2502368 0.42342135 0.7071523
27 -0.13558638 0.44877166 -0.009917151 1.0368977 -1.2526072 -0.09609622 0.2751606 -0.23426682
16 0.13998915 0.9527205 0.15540044 0.1596801 -0.8224373 -0.8565947 0.07736187 -0.42799205
24 -0.61144316 0.51850003 0.833339 0.39445183 0.33554187 0.5627688 0.19506074 0.58042467
40 0.17575714 0.95777214 0.15313432 0.18981239 1.1753575 -0.52280784 -0.11781005 0.36603084
25 -0.09205222 0.87963474 0.22559784 -0.09499964 -0.4170535 -0.65708876 -0.28136784 0.3415328
19 -0.45331487 0.08356887 1.1924628 0.31220838 0.48730692 0.30770496 -0.6820155 0.7486585
43 0.30191228 0.64165443 0.39109677 0.42030135 -0.7342271 -0.5986101 -0.282601 -0.3768286
36 0.19474974 0.64690715 0.025437385 0.66187346 -1.2830052 -0.5552963 0.106999494 -0.24732538
26 -0.1286904 0.2604336 0.30499235 0.5046276 -0.19968006 -1.223792 -0.9531685 -0.57753724
34 -0.16594571 1.4375719 -0.14336686 0.34259745 -0.6260188 0.081151076 0.643593 -0.32695517
1 0.222713 0.69010097 0.053115472 0.59393835 -1.5271811 -0.37704748 0.122531176 -0.077086404
18 0.021922586 0.5547849 0.90712345 0.1367737 1.1550784 0.23632622 -0.44115505 0.86819166
12 -0.5497651 0.28322676 0.06042331 0.90578526 1.239695 -0.09096547 0.43400222 0.90386957
45 0.29754573 0.067617595 0.96426666 0.5273309 -0.899139 -0.6136867 -0.8357206 -0.48564094
39 0.07543577 0.9147947 -0.4777732 0.56005186 0.31414607 -1.0625699 -0.22627468 -0.28097865
13 -0.23792063 0.72661877 -0.3678567 0.68547124 0.8587533 -0.153375 0.52207845 1.0591905
49 -0.5653487 -0.2396528 1.3758336 0.5344834 -1.1571321 0.2598628 -0.1880172 0.30500695
6 0.34604093 0.512299 -0.2107373 0.71436566 -0.4921599 -1.1399277 -0.58246773 -0.29104
37 -0.7497835 0.41665077 1.1346598 0.32931274 0.7209311 0.82746845 0.45414346 0.88374174
9 -0.5312186 0.9523849 -0.050674934 0.665214 -1.1057848 0.4701295 1.0385774 0.22459145
31 0.18507096 1.2841094 -0.99154806 0.6054149 0.100753956 -1.110903 0.09807854 -0.33535972
2 -0.18508509 0.45512614 0.9057225 0.4160865 1.3283603 0.47066468 -0.050910935 0.9325183
38 0.22606057 1.0607928 -0.8884203 0.9765458 -0.31169063 -0.7932511 0.3103409 -0.4271827
14 -0.37191552 0.93744856 0.36880994 0.50327414 -0.5610849 1.0209877 0.91046196 0.8039709
41 -0.110811286 1.2583413 -0.6271935 0.5305829 -0.035167925 -0.28356054 0.3187842 0.08235482
21 -0.5267696 0.46966836 0.66923803 0.36792868 1.09865 0.49686947 0.07888228 1.2149394
4 -0.41090795 0.33621272 -0.40900606 1.2412423 -0.9673923 -0.5512454 0.48818153 -0.25697196
7 -0.27017167 -0.19783755 0.77320904 0.9240146 0.5505709 0.3527381 -0.42356613 0.9231499
8 0.6770542 0.5166733 -0.2512557 0.78415734 0.55748844 -0.73625284 -0.25349784 0.5208032
32 -0.63581824 0.8322682 0.5769882 0.25502643 1.2636889 0.6094144 0.573631 1.073002
30 -0.21058282 0.6542905 0.8540046 0.2521489 1.3907168 0.1222653 -0.21303666 0.30977142
3 -0.22208 0.29030818 1.2239585 0.40136597 1.222285 0.7594557 -0.264972 1.0285072
11 -0.45056972 0.37972116 0.8501409 0.49941543 -1.5574338 0.42603898 0.17848617 0.014762195
33 -0.7301597 0.29982072 0.9479672 0.4409977 1.476778 0.63291967 0.3494281 1.3052967
10 0.17693038 -0.06607374 0.660545 1.0068853 -0.09326514 0.2507723 -0.03182421 0.6332574
15 -0.38525268 -0.59472346 1.8408943 0.29415613 0.2482683 -0.24199413 -0.71025294 0.6786234
42 -0.098297395 0.3247156 0.95879054 -0.011345121 -0.39352986 -1.2710701 -0.9713451 -0.6745766
17 -0.3886977 -0.1470711 1.5282897 0.10952737 -0.51768136 -0.8826161 -1.0172137 -0.6131471
0 -0.3891275 -0.084466696 1.8409636 0.016108798 1.1441258 0.22311385 -0.6470782 0.8929402
46 0.2235992 0.011431185 0.7220042 0.8534975 -1.6216692 -0.5231081 -0.25211576 -0.45405322
5 -0.6728584 -0.3942879 1.3147478 0.74131787 -1.6897461 0.2272712 0.017445987 0.23682103
48 0.29550824 1.326741 -1.0711709 1.0756925 0.15830772 -0.6132558 0.32127234 -0.6339032
22 -0.86541516 -0.178771 1.3292482 0.43609154 1.2097309 0.18087195 -0.408747 0.83786726
44 0.7672571 0.8613555 0.07011089 0.110967964 -0.31859398 -1.2725614 -1.0675962 -0.32389376
47 0.09102338 1.0375277 -0.73919606 0.5896122 -0.06870389 -1.6543989 -0.44718555 -1.0351794
35 -1.0732505 0.042186745 1.3461524 0.30482844 1.1689215 0.36640602 -0.19767061 0.7167661
