50 8
1 -0.3954066 -0.1507936 0.44808614 0.09742583 0.5682099 0.20622414 0.54849637 0.18887714
6 -0.9686623 -0.12588145 0.45523673 -0.35763222 0.51686245 0.96727633 0.84304744 -0.06187873
41 -0.7130993 -0.35999212 0.11086202 -0.029028976 0.51235735 1.396384 0.9355148 -0.0916908
8 -1.0786756 0.25893536 0.59397393 -0.45992014 0.60240275 0.5928427 0.5803561 0.2035254
49 -0.7018667 -0.16400692 0.4322629 -0.37441537 0.2739737 1.1783602 0.75351197 0.0780444
16 -0.75009555 -0.014859263 0.59779507 -0.5730294 0.40060452 0.78417796 1.1356369 -0.051429253
28 -1.0400324 0.1112525 0.7684526 -0.7235296 0.7103079 0.73791814 0.5788137 0.051794782
31 -0.9871423 0.05767494 0.37430623 -0.3215589 0.3973484 0.9656347 0.89841413 0.07334397
4 -0.267945 -0.18117854 0.2800763 0.13954851 -0.24627943 1.2308426 0.3493291 -0.2836294
14 1.2342398 -0.14143832 0.25871944 1.5193292 -0.50076777 -0.1188609 -0.4731067 0.17905685
17 -0.38978305 0.44700208 1.1513134 -0.6216914 0.35135457 -0.5539282 0.37444058 0.14797024
34 -0.43769595 -0.4479832 0.27704057 -0.070192575 0.47429776 1.1203948 0.6344907 0.14740452
29 -0.20252058 -0.08956077 0.013305875 0.6672702 0.25445017 0.7409256 0.12118157 0.3655447
26 -1.1574608 0.215049 0.5690358 -0.3628439 0.7794082 0.37682864 0.60721767 0.45377457
36 -1.1843839 -0.10883942 0.5619069 -0.5793419 0.6028047 1.0794497 1.0121375 -0.075294934
27 -0.8851783 -0.1180893 0.5893781 -0.61808926 0.57351047 1.0995215 0.92081255 -0.17767316
24 1.1544906 0.60999125 1.0135812 0.97154784 -0.49785239 -1.107756 -1.0364314 0.326801
19 1.1328207 0.39144826 0.8196433 1.1307448 -0.38132972 -0.9485483 -0.8345507 0.23101534
23 0.95791614 0.6254981 0.9963494 0.73310786 -0.3003021 -1.0156 -0.74235076 0.22874904
43 -1.1540562 0.076487556 0.72516656 -0.9387239 0.75277483 0.90096164 1.2115701 -0.12992968
3 1.0593817 0.32728878 0.67829466 1.2608092 -0.24862081 -0.79073024 -1.0099967 0.4239983
18 -0.070383616 0.52469736 1.0349507 0.34477022 0.48927206 -1.1015142 -0.57605577 0.21583292
21 1.1244274 0.042632412 0.43580917 1.6425166 -0.29645538 -0.6116683 -0.8920351 0.39256772
44 -1.0360165 -0.35926765 0.39910293 -0.41092223 0.6420848 1.3185891 1.1104535 -0.1278636
39 -1.1561189 -0.064095095 0.40901276 -0.59071904 0.5076644 1.2995075 1.1332321 -0.05068782
47 -1.1257411 -0.04158654 0.5879963 -0.66462487 0.608164 1.0494567 1.1278319 -0.17140396
9 1.1822499 -0.46951655 0.024920832 1.4803494 -0.608679 0.5760664 -0.2000445 -0.24953265
38 -1.0318706 0.09470558 0.5496545 -0.58791864 0.28211686 1.0665901 1.2486959 -0.20087186
25 1.1445955 -0.15299237 0.20311521 1.3962555 -0.5131138 -0.0674459 -0.22995795 0.10249712
40 -0.9886805 -0.09631407 0.51643807 -0.656853 0.5689008 1.0018042 1.3074384 0.014652648
20 -0.22470237 -0.34678796 0.03825947 0.46742967 0.25396827 0.88311154 0.5520799 0.12089159
32 1.3184795 0.36111966 0.6991485 1.1203557 -0.5282198 -0.80949116 -0.45699382 0.35666922
46 -1.0889434 0.09351716 0.6927891 -0.79870456 0.52692544 0.90185076 1.2004437 -0.22038683
42 -1.1406776 0.20138475 0.95195055 -1.0208635 0.58641326 0.5260613 0.75064623 0.16308375
48 -1.0729373 0.019936547 0.35212478 -0.43903634 0.52675676 1.2000123 0.94016594 0.1151205
5 0.9623289 0.37654755 0.7109705 1.0272726 -0.13914327 -0.82261384 -0.57054335 0.13225222
15 0.8913571 0.6682372 0.9833891 0.93478024 -0.40644506 -1.050024 -0.8386061 0.22605383
11 0.9377822 -0.38882497 0.07885345 1.4429004 -0.5858507 0.66468954 -0.5507715 -0.15369244
37 1.3056412 0.21295202 0.70241416 1.3943826 -0.59145457 -0.7505789 -0.9669422 0.2529587
10 0.32051215 0.26241004 0.22012664 1.2079431 0.072089 -0.3666718 -0.42694402 0.43322954
2 1.153108 0.5331705 0.9527742 1.0422823 -0.5164101 -0.996998 -0.94371736 0.2292683
22 1.474105 0.20594046 0.80922407 1.1714714 -0.6528468 -0.74393797 -0.6957554 0.09098371
33 1.4924502 0.10322863 0.4361422 1.5528598 -0.46361023 -0.53967714 -0.5650597 0.03320625
45 -1.154692 0.16760541 0.64446205 -0.71526176 0.5260989 0.868814 1.0779357 -0.061726596
35 1.496208 0.10450116 0.7588366 1.1794559 -0.7074683 -0.8032925 -0.47949135 0.059288267
13 -0.08663998 -0.16947699 -0.19693248 1.2734387 0.5831992 0.69104785 -0.6968705 0.44781357
0 1.276588 0.5703918 1.0712314 1.0318953 -0.5601835 -1.2659409 -0.8306416 0.13455251
30 0.99127024 0.7481687 1.2151582 0.6129699 -0.5156287 -1.4409586 -0.4732304 -0.04150702
12 0.5035303 0.5261731 0.565837 1.1690886 0.12459765 -0.82748026 -0.7354254 0.47419736
7 0.77780116 0.3597083 0.51767755 1.1780571 0.07690409 -1.0731045 -0.332085 0.5543858
