50 8
24 -0.015693564 0.2555286 0.8925451 0.09163123 0.47999763 0.4078272 -0.10206122 -0.026448254
19 -0.1186967 0.2537498 0.50177544 -0.3070228 0.94060844 -0.62074363 -0.21191613 0.6561608
15 -0.05387058 0.27829164 0.6469962 -0.3073902 0.7357101 -0.43933067 0.11652725 0.59860265
43 -0.20756721 0.33385706 0.3330683 -0.29428375 0.9765424 -0.29601666 0.44490567 0.62949663
42 -0.24826401 -0.19308838 0.80220395 -0.7500304 0.7931094 -0.45956126 -0.3713414 0.64761585
1 -0.32953933 0.5258336 0.64426196 0.19347629 0.09864989 1.211908 0.15929222 -0.14354241
17 -0.6625113 0.09141889 0.8099696 -0.8320157 0.75014275 -0.027786769 0.2890405 0.22089913
29 -0.16130717 -0.21367261 0.5556923 0.18944041 0.7621548 0.3415912 -0.6340406 0.27227226
23 0.20606287 -0.06982176 0.9064688 0.035837546 0.95482033 0.2742994 -0.22095284 -0.12676974
6 -0.56719625 0.6588152 0.2025773 -0.4677143 0.66069365 -0.6988326 0.28207785 0.9977102
16 -0.11221975 -0.2942317 0.9377811 -0.4751339 0.8288846 0.79768854 -0.14276041 -0.16802809
18 0.1203358 0.16411462 0.2833543 0.7758013 0.55094814 -0.5931718 -0.60181415 1.0018995
26 -0.37132242 0.4120681 0.25037986 -0.2322481 0.61068654 -0.46636432 0.30720896 0.99036884
44 -0.0436302 -0.07931248 0.81106794 -0.6376567 0.9730384 -0.7151999 -0.21077587 0.6319003
41 -0.31775373 0.5391505 0.75746137 -0.20636186 0.79308265 0.9656917 0.59075713 -0.5373048
31 -0.09696296 0.51959 0.2750639 -0.25349855 0.43026897 -0.68314856 0.044707965 1.3011304
49 -0.58645326 -0.036099162 0.9718713 -0.48491 0.33971825 0.99683183 0.17246816 -0.2208725
28 -1.0544862 0.051164623 0.49873903 -1.1313245 0.9900522 0.21687499 -0.013802484 0.14203025
10 -1.3407993 0.78940266 -0.19710787 -0.5873814 0.5240843 -0.30439958 0.3054365 0.92904806
0 0.17371748 0.23690356 0.18033727 0.15117782 1.040128 -0.7891153 -0.6888093 1.0276998
40 0.35481462 0.72488916 0.14817232 1.0775751 0.23317643 -0.60043144 -0.037824113 1.2324144
45 -0.7556395 -0.07283082 0.84358245 -0.85686666 0.54861784 -0.10855154 -0.006782244 0.377169
35 -0.5784644 0.09082727 0.7207174 0.71040404 -0.422968 0.98590684 0.01199237 0.24275438
27 -0.46323672 0.27162865 0.34157276 -0.6438719 1.1735202 0.1125066 0.36819035 0.28960165
36 -0.6288525 0.324627 0.861657 -0.5831975 0.839909 0.7522959 0.3731238 -0.54328096
25 0.27536127 0.05010725 0.8952109 0.69360644 0.10932584 1.1466699 -0.44559285 -0.12135427
22 0.17565283 0.099684075 0.518349 0.37114936 0.52896523 -0.23280464 -0.60578865 0.7223823
12 -0.11615155 0.8778913 -0.045561913 0.84526 0.3247009 -0.22953108 0.35430127 0.98564595
4 -0.5812952 -0.037387 1.0234715 -0.4782365 0.23477004 1.4603717 0.6689947 -0.3743457
8 -0.39723086 0.5418466 0.018869154 -0.08702526 0.3303049 -0.95537436 0.05721763 1.6167611
46 -0.70608425 0.23048262 1.0174482 -0.72450435 0.075559005 0.11055359 -0.39096832 0.21898918
20 -0.74057555 -0.1857243 0.7331217 -0.9811449 0.9354136 0.25763342 0.042273197 0.10726022
37 -0.08862002 -0.24216926 0.5430657 0.8941959 -0.17308326 0.054655276 -0.18403022 1.0744864
39 0.23471661 1.020098 0.03243849 0.95883644 0.331465 -0.29498133 0.40923846 0.96874565
3 0.056133036 0.68744457 0.13476929 1.2336582 -0.045236956 -0.02647272 -0.061828732 1.0007173
21 -0.1478718 1.1218717e-06 0.23163787 1.0000488 -0.20962545 0.6702235 -0.7206737 0.9159583
2 0.43462408 0.40722302 0.6479775 0.9399379 0.17809485 0.38953477 -0.36579943 0.36602628
11 -0.49860317 -0.34039322 1.2923743 -0.16891095 0.09468355 1.812822 -0.1589662 -0.65792435
30 0.03934732 0.88913333 0.04539099 0.7253704 0.34802082 -0.96231073 -0.26842904 1.3239731
5 -0.7016914 0.21042362 0.8782049 -0.7418815 0.2752723 1.2160797 0.5776929 -0.20236331
38 -0.41157103 0.0666496 1.107786 0.4956053 -0.16105774 2.035145 0.41292822 -0.7071988
13 -0.07487872 0.7163702 -0.16950174 1.216636 -0.070694745 -0.038018063 -0.008216585 1.3114156
7 -0.107633084 0.6623169 -0.040402297 0.30923632 0.4890189 -0.8364524 0.33799034 1.4475055
14 -0.39196795 -0.18327737 1.3091253 0.42831612 -0.44782817 2.0462525 -0.21886761 -0.6061404
48 0.19065501 0.6741431 0.41731748 1.2132446 -0.50324404 0.25498754 0.18973184 0.99206936
34 -0.21130677 -0.2844808 1.3649709 0.22974882 -0.30709553 1.8544695 0.09087677 -0.48822984
9 -0.4732646 -0.11892744 1.1509861 0.13217616 -0.32870963 1.5155902 0.067051806 -0.24111047
32 0.083654895 0.50375116 0.3871453 1.6802372 -0.3546641 1.2877833 -0.0069942377 0.2915003
33 -0.8737968 0.34419793 0.63953775 1.2673934 -0.7722161 2.2041886 0.4647619 -0.28856102
47 0.17374572 0.6000481 0.6720532 1.2176257 0.09201475 1.7216393 0.37034035 -0.5006967
