50 8
18 1.7432169 -1.5054231 1.1299261 0.7081693 0.4378285 1.3310688 -0.1560532 -0.6667172
15 -0.36989963 0.19399826 1.1099575 -0.98979783 1.3866268 0.31486377 -0.56449527 -0.68948424
4 0.0522581 1.6380332 -0.2118726 0.2958435 -0.39461175 -1.2873083 0.55486137 1.6228338
20 -0.24601007 0.6217715 0.3064029 -0.498909 0.37584203 -1.3076155 -0.040245954 1.5628339
24 -0.61684835 0.11008671 0.072550744 -1.3659878 1.769469 -0.831234 -1.0213194 -0.2873524
19 -0.52789474 -0.10009598 0.5862665 -1.2758713 1.664584 -0.1447613 -0.9882613 -0.33044568
36 -0.07490059 1.6954278 -0.8147865 0.053478174 -0.22819017 -1.392877 -0.00789578 0.9149537
0 0.29855496 -1.0173484 1.1919724 0.09566475 0.92841697 1.4285648 -1.0488136 -0.7306252
11 0.094035424 2.6177921 -0.6239381 0.27471524 0.16859744 -0.7099669 1.1760869 0.45268163
14 0.023259183 2.4699087 -0.6905186 1.3655468 -0.19054408 -0.6165747 0.78721905 0.051408898
3 -0.14900668 -0.99232584 0.23050624 0.035816424 1.3289503 1.2901204 -1.809321 -1.0505297
34 0.38577214 2.4097083 -1.240043 0.37295535 -0.114539735 -1.1659482 0.3940035 -0.67595035
8 1.0628927 -1.445164 1.5172745 0.54715943 -0.36997628 0.8800298 -0.5091208 0.8051743
27 0.2045543 0.9319272 0.05845728 -0.56046885 -0.46060738 -1.7854013 -0.25232193 0.9154647
16 0.106922515 1.7883353 0.39755905 0.37143642 0.5726837 -1.2421676 0.8888724 -0.35361168
2 0.017337758 -0.79524165 1.3091012 -0.16457364 0.8445074 1.4358085 -1.4592073 -1.2731196
23 0.03021559 -0.214494 -0.23144707 -1.2823843 1.0999926 -0.8080321 -1.1887645 -0.40804425
12 -0.5709416 -0.6247404 0.018827591 0.3066387 0.6365374 1.552261 -2.3861635 -0.88483536
28 0.06874629 -0.05995824 0.62168086 -0.61225843 -0.09523632 -1.3819388 -0.3412031 1.9048085
10 -0.16799761 -0.0044166925 0.625652 0.6692152 -0.46884066 0.62614 -0.23412392 2.5953863
9 0.06346485 2.7086027 -0.72490335 0.20226522 -0.11192348 -0.64721423 1.0098528 0.5874234
26 1.6074647 -1.1399173 1.0380068 0.1273583 -0.08484738 -0.672474 0.06788923 0.14843869
21 0.13615854 -0.13507536 -0.5810776 0.66109955 -0.5065369 2.3997214 -1.5820415 0.44543654
30 2.1721911 -1.626432 0.86743003 1.0043353 0.0075763664 1.7817587 -0.1160096 -0.44960997
1 -0.22396424 0.63270336 -0.30295035 -1.0354595 0.915773 -1.0136887 -0.7200906 -0.0066524204
6 0.68446606 -0.6876599 0.7768823 -0.38545734 0.008240615 -1.4161544 -0.122813255 1.636475
37 1.297329 -0.8752952 0.19224264 0.81239766 0.04535944 2.6380453 -0.43472084 0.01994043
13 0.152496 -0.7047043 -0.30356467 1.4164597 -0.65200245 2.3391645 -1.5662409 1.3044738
40 1.4635979 -1.5355768 0.21876001 0.5347877 0.32212728 1.34594 -1.0337167 -0.78983724
38 0.43054968 2.2220807 -1.5085996 1.0221702 -0.235321 -1.207974 0.20090471 -0.57370925
29 0.031328414 1.4342314 -0.11530679 0.38518178 0.5970787 -1.2648603 0.27945068 -0.6134906
33 0.6352078 0.48340252 -0.97097915 1.4586003 -0.9856439 2.0454695 -0.47747838 1.1938151
17 0.0075631943 0.70317775 1.0019011 -0.48928913 0.84849983 -0.44768947 0.1352494 -0.45467705
32 0.73236 -0.36957726 -0.22005185 1.4073702 -0.48742923 2.8677359 -0.75613457 0.66797644
5 -0.64598256 2.1602178 0.44965312 0.37983796 -0.24029723 0.14795358 0.7263893 1.4711107
43 0.018275546 0.56837004 0.27623296 -0.50646365 0.46483997 -1.3480023 -0.17879987 0.5494338
7 -0.31429103 -0.6803303 0.8068748 1.3110166 0.0834627 1.6909543 -1.0722933 1.2837799
39 1.332784 -0.99979895 0.33195812 -0.06909356 0.38612854 1.1275663 -0.9778611 -1.3881625
25 0.920975 1.9254106 -0.90525275 0.42716113 -0.09294298 -0.9642536 0.9140847 -0.34255764
42 0.26489103 -0.32155287 1.3202626 -0.78037053 1.5152948 -0.38610914 0.039131727 -0.35953107
22 1.0950365 0.13800809 -0.9172709 1.4880319 -0.66709316 2.6902266 -0.32685453 0.7746764
41 0.34844005 1.0203768 -1.0902972 0.09242165 -0.86164254 -1.4218107 -0.87731403 0.43949422
45 0.15259375 0.5609393 0.98876524 -0.63084555 1.0914731 -0.60993576 0.4188673 -0.16375159
49 -0.22749433 1.8242223 0.16813157 -0.09504136 0.7185249 -0.6355938 0.6197095 -0.07767688
35 1.1739273 0.23453842 -0.9222759 1.3098562 -0.695863 2.949105 -0.3990677 0.41569033
31 1.9285618 -1.7221758 1.3474417 0.54339576 0.2743817 0.8828773 -0.5323381 -1.1859698
44 1.8737346 -1.4702964 0.54133093 -0.05289357 0.6762982 -0.13348013 -0.25098112 -1.0627049
48 0.78897285 0.55016035 -1.1865426 -0.1333129 -0.43015322 -0.820965 -0.9381176 -0.44650665
47 0.54116476 1.9036218 -0.6189489 0.09547449 -0.6790852 -0.6149517 -0.110227734 -0.7785556
46 0.011107524 2.703007 -1.2028179 0.41498408 -0.9678044 0.118313424 -0.016729584 0.19230413
