50 8
1 -0.33835012 0.6532735 0.09169054 0.8196053 -0.14736702 0.37683243 0.4289671 -0.45821118
28 -0.38324553 0.5658106 0.5048873 0.7260324 -0.5956474 -0.31651315 0.28282973 -0.74613655
27 -0.41526833 0.6855903 0.58494896 0.6887864 -0.49761447 -0.06954465 0.02162695 -1.0418981
20 -0.4994695 0.7048006 -0.11097707 0.86528134 -0.31811824 0.1864489 0.08161685 -0.5988687
6 -0.43637803 0.7347939 -0.12442775 0.7413983 -0.13618432 -0.75457233 0.12912112 -0.9044677
40 -0.54923546 0.8041067 -0.28904706 0.6537467 -0.055670347 -0.86293405 0.4387685 -0.7043839
39 -0.5407115 0.88034046 -0.5131079 0.9382278 -0.45767128 -0.20848873 0.13788919 -0.70314866
36 -0.64939684 0.88885593 -0.052506246 0.9827062 -0.64968276 0.3834667 0.5286268 -0.85874045
45 -0.39385018 0.8541264 0.36555576 0.63154185 -0.54232806 -0.35940847 0.26092663 -0.9464661
41 -0.48007405 0.8714623 -0.11190018 0.9922122 -0.6038502 -0.0791586 0.3393892 -0.95914996
49 -0.3734075 0.5595659 0.7769163 0.67807454 -0.5381529 -0.0130539825 0.072394624 -1.0700711
8 -0.3361869 0.31723833 -0.46413144 0.8338192 -0.094977856 -1.0578868 -0.19653377 -0.07071535
48 -0.25481772 0.84846556 0.07965984 0.86590976 -0.8099005 -0.10091956 0.0252835 -0.73026466
4 -0.6175492 0.4936656 0.19907206 1.0146952 -0.585274 0.05345609 0.3843103 -0.67676044
34 -0.26392964 1.1050386 -0.023769284 0.8680279 -0.7962602 0.45572504 0.25409865 -0.7426244
46 -0.43386498 0.7026517 0.6769171 0.7549525 -0.8104372 0.051355533 0.25421286 -1.0044979
14 -0.22635117 0.96349066 -0.076189235 0.7064895 -0.5665601 0.6557794 0.18086563 -0.13196358
16 -0.02571132 0.83962727 1.3164504 0.03659135 -0.609641 0.5598208 -0.25706115 -0.5858698
38 -0.42472282 0.936569 -0.12534688 1.0300436 -0.9391416 0.0948997 0.12877844 -0.7696235
31 -0.52443266 0.8753619 -0.42730457 1.0269555 -0.34067723 -0.2972638 0.28815 -0.8684131
12 0.010134098 -0.02987785 0.115877785 0.027323665 1.17429 -1.0000759 -0.06588044 1.3421228
9 -0.2608832 0.93463427 0.23934709 0.63998395 -0.71853095 0.8811536 0.118481375 -0.3136565
29 -0.5184175 0.6609526 0.4071648 0.6361657 -0.8085391 0.5492724 0.28690603 -0.28025314
5 0.06779559 0.5148979 1.2790499 -0.32488233 0.77070737 0.8354729 -0.14015439 0.12265855
43 -0.44072878 0.77993554 0.17905112 0.8064944 -0.5247853 -0.6985739 0.33476794 -1.0851898
47 -0.52362585 0.6832918 0.7912532 0.6462681 -0.6106185 -0.053766556 -0.031771637 -1.2843568
13 -0.19723314 -0.034843445 -0.7796314 0.84086096 0.5081367 0.014984931 -0.075927526 1.5903
19 0.096672736 -0.055773187 0.44165918 -0.11326312 1.0434698 0.6394632 -0.69662964 2.124743
10 -0.09665769 -0.19310762 0.35458204 0.10239653 1.4127661 -0.491324 0.01235102 1.1177467
15 0.087141424 -0.22737378 1.2488484 -0.49549726 1.3607855 -0.16146037 -0.40606755 1.4271451
23 -0.1877095 0.45430276 -0.8120753 0.7279629 0.26194194 -0.111514375 0.3539753 0.9900827
26 -0.39879662 -0.18878262 0.6709378 0.2755386 0.50660425 -1.4994061 -0.4141122 -0.2744492
37 0.2589017 0.030495567 1.0399987 -0.31762785 0.4689462 0.67915297 -0.55061835 1.9244789
21 0.12134242 -0.019491393 0.26116204 -0.07005362 1.225984 0.35861436 -0.706571 1.8465112
18 0.15414661 0.066825785 0.16825874 -0.31313947 1.0770422 -0.71397763 -0.2690045 1.9953002
11 -0.20745838 0.8300387 0.66791403 0.3737099 -0.5763363 1.1609838 -0.05313938 -0.10743069
25 0.20568423 0.7729522 0.14217496 0.23917429 -0.31240174 0.9027702 -0.14191732 1.0561949
7 0.16083483 -0.14224726 0.18273398 -0.08022025 1.3348093 -0.5746695 -0.45155656 1.9682232
0 0.27044728 -0.19937992 1.1235099 -0.60878766 1.5528595 -0.5586736 -0.73938036 1.7187989
2 0.11890205 0.035527032 0.36929712 -0.37362018 1.6910249 -0.09277699 -0.3677805 1.8866898
44 -0.31538156 0.69845706 -0.8197313 1.2326766 -0.6871469 -1.04291 0.06290361 -0.39498597
17 -0.48254338 0.0769334 1.5521015 -0.23347943 0.32587403 -0.6791192 -0.6289749 -0.7191698
3 0.051371936 -0.030977475 -0.31135124 -0.006779473 1.7380581 -0.11409604 -0.2647989 2.1158993
22 0.13315882 -0.24323551 0.8222913 -0.06831241 0.7678387 0.68054813 -0.8015234 1.9935148
24 0.09204551 -0.014372648 -0.15149768 0.08222965 1.3627408 0.20160812 -0.6551341 2.0485518
33 0.2662675 0.15390548 0.07722955 -0.3726286 1.262567 -0.0245695 -0.7297282 2.4294884
42 -0.42162725 0.12575029 0.8674545 -0.24231961 1.0367568 -1.2485601 -0.3260007 -0.38213494
32 0.25709295 -0.1323028 0.24459943 -0.24057987 1.3782644 -0.32354647 -0.4951466 2.4373891
30 0.3687879 0.037865043 0.1584718 -0.3231896 1.1549217 -0.6071207 -0.7369968 2.2469583
35 0.24556783 -0.30696046 1.2684463 -0.46918866 0.8422141 -0.31813285 -0.8411559 1.9350561
