50 8
23 -0.29192084 0.17818207 0.25898972 0.8592613 -0.6687793 0.31129318 0.024184927 -0.24749205
24 -0.33165726 -0.0706025 0.22349049 1.3131465 -0.23481297 0.51479954 0.3715808 0.32788578
28 -0.38602528 0.1222429 0.67758214 0.5391309 -0.6379962 -0.2098137 0.025846204 -0.6244055
49 -0.39610782 0.6512576 -0.19374813 0.71165264 -0.5141751 0.684285 -0.38519478 -0.5268228
34 -0.17730905 0.9389312 -0.20126559 0.5442983 -0.58255404 0.42548943 -0.43261692 -0.91686857
20 -0.26726368 0.2990619 0.12696928 1.0004461 -0.71642095 0.4737772 0.024425311 -0.67513764
36 -0.35359323 0.16655082 0.14999235 0.89086276 -0.74725753 -0.020104777 -0.031604208 -1.0578886
16 -0.38737983 0.46482384 0.42726776 0.42190272 -0.8382324 -0.11520143 0.09577108 -1.1101677
19 -0.15750241 0.116683796 0.2552345 1.25344 -0.5373701 0.90781236 0.20863098 0.311177
9 -0.3762424 0.8240437 -0.23487352 0.72470844 -0.5896619 0.8536749 -0.12184165 -0.40771425
4 -0.5736354 0.4273212 0.4214788 0.93684757 -0.72741157 1.0084245 0.11816872 -0.8560358
27 -0.6652736 0.47142088 0.15137285 0.6550184 -0.6675454 0.7081936 -0.33655778 -0.82984704
45 -0.33926368 0.52766556 0.46087325 0.14475234 -0.60921067 -0.6814166 -0.12833428 -1.1679857
1 -0.3326799 0.25671354 0.2792483 0.9709467 -0.91300315 0.631013 -0.13356768 -1.1018362
17 -0.55988324 -0.04073613 0.74665666 0.5831081 -0.44007856 -0.08063693 -0.08831197 -0.35499638
42 -0.24995264 0.8147134 0.008345327 -0.3743973 -0.52175885 -1.0639814 -0.61224914 -0.4487911
43 -0.18351781 0.6855316 0.35274324 -0.23785165 -0.08644833 -1.0396988 -0.7201447 -0.09101098
15 -0.30057558 -0.27197257 0.26601824 1.360116 0.23710327 -0.0008814039 0.67348903 1.1929396
38 -0.08782868 1.0551376 -0.3346613 0.45982045 -0.5632887 0.42720056 -0.6102432 -0.8148813
14 -0.1548258 0.9802662 -0.6407744 0.9776311 -0.4966758 1.1064674 -0.2179712 -0.25163242
22 -0.042044144 0.577162 -0.49696285 0.7771449 0.62486243 -0.1383258 -0.3948213 1.223147
13 -0.28273112 -0.1968344 0.49046114 0.753719 0.34157282 -0.9806701 0.5604192 1.5627654
18 -0.22468777 0.30221167 0.29201484 0.073279284 0.6218582 -1.4653467 -0.37704316 1.3206633
11 -0.30255714 1.1029536 -0.5986742 0.57084423 -0.65682876 1.0046043 -0.7009901 -0.6279715
46 -0.40310025 0.51404756 -0.2891139 0.917153 -0.66340435 0.7555395 -0.16895553 -0.35833737
44 -0.41069618 0.2784332 0.76300925 -0.35694873 -0.10713791 -1.4571246 -0.5055026 0.17030616
25 -0.02967019 1.1695884 -0.65915614 -0.08302456 -0.3233267 0.06885882 -1.3236523 0.44546503
6 -0.40938774 0.1257879 1.074923 0.32345366 -0.8367071 -0.52778715 0.21043552 -1.1548948
39 -0.2013263 0.9054857 -0.4244051 -0.24942307 0.5437378 -1.4477051 -0.6951797 1.1091079
10 -0.45149046 -0.09494007 0.75734496 0.9577121 -0.42548937 -0.035928596 0.83646923 -0.064238705
30 -0.08058488 0.40003088 0.57608944 0.11590335 0.8228505 -1.5636952 0.062875256 1.4452478
40 -0.53179646 0.71359426 0.9364785 -0.6380199 0.31127077 -1.2908291 -0.14503612 0.8161288
8 -0.413244 -0.043892175 1.20784 -0.03408438 -0.24019386 -1.344253 0.29801926 0.45976308
5 -0.1161326 0.44112164 0.11921616 1.2336962 -0.7696048 0.99593806 0.1601086 -0.69068307
26 -0.2490054 0.03935394 1.3735865 -0.16658543 -0.46599323 -1.339437 -0.12095452 -0.32613784
31 -0.2712962 0.122333825 0.82566404 -0.035342272 0.16537346 -1.6698712 -0.20023708 0.2144261
29 -0.4262072 0.2544872 0.784286 0.19449809 -0.48739538 -0.56359184 0.09283829 -0.4249076
7 -0.32569623 -0.21368161 0.8543872 0.40144145 0.2428229 -1.5480521 0.42180678 0.96457535
3 -0.08160138 0.605582 -0.23078081 0.81298286 0.5720544 0.09074116 0.15679628 1.49643
0 -0.19953434 0.22108744 0.8220409 0.19720046 0.66822404 -1.0300297 0.21925308 1.916885
41 -0.37663528 1.0791867 -0.37405795 0.810196 -0.54753333 1.1270431 -0.22923549 -0.85560364
12 -0.14101633 -0.122405134 0.712988 0.640449 0.34408697 -0.9985615 0.51974195 1.6216627
21 -0.25839964 -0.20014177 0.89970595 0.6002573 0.5887612 -1.0373216 0.42953342 1.971388
2 0.090553135 0.4841874 0.28670052 0.4743615 0.62758136 -0.7765408 0.17373957 1.7203168
33 -0.061846625 0.4319316 -0.20992671 0.71042275 0.7249416 -0.5162271 0.05519464 2.0054324
48 0.20101187 1.3266206 -1.6079229 0.5551654 0.08100416 0.20277356 -1.3489801 0.31202444
37 -0.07627478 0.1277279 0.09557578 0.5927929 0.94218296 -1.0655593 -0.1462201 2.4349053
47 0.088575296 1.5189971 -1.0406497 0.050859384 -0.28848055 0.043831084 -1.586071 -0.80389434
32 0.03952303 1.216772 -0.4145976 -0.00466879 1.1911683 -0.86722255 -0.4285092 2.1210487
35 0.14840649 1.0031879 -0.7567933 0.082909 0.95882845 -1.1038474 -0.8413051 1.914938
