50 8
1 0.2608142 0.84846544 0.3447481 0.48901844 -0.8608899 0.46547517 0.45922238 -0.042991813
23 0.15911286 0.6335874 0.85109866 -0.17856924 0.12418809 -0.45765388 -0.14298826 0.18362905
25 0.15568918 0.6541103 -0.11874025 0.31503 -0.5041354 -0.34897113 -0.33894247 0.4360098
43 -0.52633667 0.2871123 0.5749448 0.6100452 -0.37183303 -0.3324971 0.2353358 -0.41988817
39 -0.10254817 0.62146944 0.7626483 -0.3073336 0.8020474 0.08822958 -0.53967 1.1841345
45 -0.10422073 0.8032689 0.91764003 0.2787829 -0.8057472 0.58833796 0.38417956 -0.58640474
40 -0.5845146 0.26355192 -0.05657306 0.330397 0.8997771 -0.66540724 -0.35022855 1.4699342
31 -0.37448692 0.1718727 0.20069325 0.25760502 0.56109256 -1.1372517 -0.8649551 0.6818307
42 -0.51821387 0.23585683 -0.35857227 1.0681291 -0.62667346 -0.6931369 0.09025687 -0.1040886
24 -0.69339013 0.23217162 0.26335564 0.33231634 0.33151698 -0.7881152 -0.6055042 0.39950204
13 -0.35941955 0.16726656 -0.7888427 1.0732733 -0.00047810326 -0.76763636 0.025035335 1.1200801
26 -0.71049374 0.021039631 -0.17347567 0.9258622 -0.06589541 -0.8184825 -0.38093135 0.304713
34 0.29219803 0.8839441 1.3462209 -0.04181078 -0.6180942 0.42444956 0.24706447 -0.7022609
28 -0.62029594 0.2506874 0.1578096 0.6939929 -1.2865049 -0.42085677 0.2612527 -0.5001862
36 -0.41933644 0.5607915 0.2589156 0.62146133 -1.2703199 -0.061069913 0.5726014 -0.6400919
35 1.1470457 1.0372281 0.30100745 0.2457367 0.52244425 0.0149028255 -0.13478415 0.790956
4 -0.079515524 0.68293357 0.45458713 0.45600012 -1.3663195 0.044966627 0.79139966 -0.5999267
18 -0.28783098 0.37386927 -0.09314478 0.1689121 0.8746882 -0.66982454 -0.44703883 1.7092345
41 0.3581523 0.9827741 1.0326364 0.228159 -0.61979914 0.39287794 0.4441445 -0.79557127
19 -0.9318987 -0.0646058 0.20624554 0.26376078 0.6762138 -1.156486 -0.43765888 0.9848574
48 0.25770646 0.7830717 0.30364582 0.5989588 -1.2337227 -0.04795025 0.41188276 -0.7183364
8 -0.6196898 0.05765031 -0.5183954 0.4735586 0.07729719 -1.2942046 -0.42284057 1.2074059
38 0.39297807 1.037063 1.001191 -0.24574676 -0.71596146 -0.23191036 0.09275467 -0.82075584
29 -0.91586417 0.009786124 -0.5086344 0.7104818 -0.66584116 -1.137581 -0.23439285 0.3835376
49 -0.12928139 0.87881565 1.3279603 0.25155896 -0.7321632 0.7827455 0.3512785 -0.9792642
44 0.32959425 0.62422544 -0.65737206 0.7677191 0.22239591 -0.6374184 -0.42068493 1.0344759
5 -0.24656296 0.6347799 1.3398063 0.25851655 -0.6695186 0.3842927 0.47582018 -0.99401194
2 -0.31828192 0.45826402 0.954545 -0.38176352 1.0525361 0.038599093 -0.52291894 1.4546854
6 -1.0156239 -0.14717625 -0.39973035 1.0538465 -0.8697782 -1.0069984 -0.059561167 0.018721923
27 -0.9817862 0.28947997 0.42268306 0.55587965 -1.5365546 0.1809848 0.41101846 -0.58376056
46 -0.34171405 0.5353929 0.9084606 0.36851242 -1.3989084 0.17357336 0.43272802 -0.98431426
20 -0.8697096 0.17453033 -0.08508545 0.57829684 -0.9905807 -0.70601135 -0.050908588 -0.1625347
30 0.4265271 0.5594919 -0.34707707 0.81816286 1.0360553 -0.50718915 -0.5308158 1.3547676
14 0.393082 1.0843029 1.0254921 0.283887 -0.8564146 0.8372123 0.44463348 -0.71693575
9 0.15071198 1.0131714 1.1316155 0.11426478 -1.1087025 0.7642238 0.7520087 -0.7839643
12 0.18955444 0.5434518 0.52058196 -0.10774325 1.2660439 -0.48884195 -0.5195788 1.5239704
33 0.4755691 0.9777892 0.4761001 0.16780946 0.31243995 0.36105344 0.16777655 0.5839741
32 0.5277015 0.61939853 0.0052632303 0.34220037 1.3452512 -0.5662776 -0.29182965 1.7655884
16 0.047637817 0.86236084 0.74016947 -0.11190004 -1.1260221 -0.06775511 0.2653768 -0.5968035
10 -1.3048273 -0.21626845 -0.20159163 0.97583514 -0.51698774 -0.87681407 0.14409362 0.26829237
17 0.14314067 1.0133702 2.2146559 -0.8290026 -0.033449486 0.24211228 -0.1721286 -1.0459379
11 0.70149064 1.212621 1.0438197 0.32017592 -0.89827466 1.3016094 0.5551248 -0.5116337
7 -1.0543013 -0.040114656 0.4914818 -0.087128736 0.97430605 -1.2548667 -0.8932931 1.0513946
21 0.04936423 0.5447233 0.22974178 -0.012033174 1.2258118 -0.7551398 -0.61946726 1.4206536
0 -0.31924716 0.26615238 0.71644557 -0.12962806 1.56306 -0.516074 -1.0409735 1.6214018
22 1.0017422 0.8308538 -0.3516097 1.1514796 0.16858226 -0.17518109 -0.0017747137 0.4373779
3 -0.34941438 0.5452039 1.1589832 -0.6904446 0.9337235 -0.18992047 -0.758746 1.0193379
15 -0.58271277 0.058194164 1.3933134 -0.35604176 1.0505499 -0.35522464 -0.7566347 0.95330197
47 0.5834901 1.1366303 1.0609006 0.28074783 -0.44156083 0.9224763 0.2038107 -0.5523135
37 0.6627402 0.81991976 0.5720757 0.07346397 1.4540346 -0.14526576 -0.38044858 1.3214679
