50 8
1 -0.17897323 -0.14807288 0.063290365 0.015309793 0.6335544 1.0950068 0.61330086 0.4939054
20 0.2021661 0.077232964 -0.29517713 0.37886903 0.11828133 1.2645235 0.2888925 0.8433824
11 0.8692459 -0.2716356 0.99225694 -0.035899673 0.0008111643 0.47783253 -0.050109334 -0.22904848
27 -0.009847704 0.2597847 -0.31263074 -0.118194915 0.4880156 1.3616399 0.8365637 1.0038856
36 0.014621046 0.3993098 -0.48563495 0.36439112 0.1419267 1.4230564 0.6498424 0.8901209
18 -0.35521206 -0.120765224 1.2911028 0.5520501 0.2177197 -0.8903629 -0.9011185 -0.0044771377
15 -0.31163988 -0.08041091 1.6753073 -0.09070229 0.7365391 -0.90830445 -0.43816134 -0.38380483
47 -0.014907859 -0.5151443 0.8114788 -0.6588895 0.8954391 0.87858075 0.86998636 -0.026926542
26 -0.5914907 0.4183691 1.0325638 0.45882124 0.43625194 -1.2197902 -0.43663293 0.3730422
29 0.4297641 0.21648996 -0.38029587 0.76297927 -0.31628054 1.5269392 0.25485706 0.42995378
6 0.0009979985 0.41267854 -0.35757706 0.24698581 0.010711111 1.3851426 0.59061205 0.88075024
46 0.08863491 0.08971922 1.6574057 -0.21886683 0.4826606 -0.61549133 -0.3528894 -0.5678501
4 0.43520188 0.42540616 -0.37758052 0.6090359 -0.22559829 1.5415043 0.50061935 0.34869358
17 -0.4170686 0.025234185 0.07917726 -0.21277115 0.68540317 0.617128 0.47747687 1.2083253
28 -0.04040441 0.34165487 -0.5424089 0.30532777 0.29816744 1.2831488 0.6809767 1.1389227
19 -0.19717294 0.17772801 1.3608953 -0.14287719 0.95747113 -0.9218267 -0.34131268 -0.089248106
34 0.6610467 0.20169075 -0.064791664 0.20283076 -0.1992514 1.5649817 0.48979735 0.18782234
0 0.024268938 -0.06475113 1.5891178 0.13163057 0.39657974 -0.7553594 -0.6151423 -0.49760863
41 0.17111109 0.540925 -0.4839917 0.5262495 0.14310086 1.3370881 0.72511625 0.5107737
43 0.21535255 0.42542303 -0.42887613 0.11551961 0.47360834 1.2510622 0.73325723 0.9326435
8 -0.6438914 0.5060856 -0.6272618 0.85003495 0.105981074 0.74774694 0.110820144 1.3159608
5 -0.012861788 0.043111052 1.1879938 0.081146516 0.7252455 -0.62117654 -0.47106424 -0.19411741
21 0.2979663 -0.23307332 1.4474124 0.46164927 -0.05915727 -0.49995366 -0.6159708 -0.5531225
10 -1.1214592 0.21634825 0.16241212 0.5044406 0.5138911 -0.04403231 0.1778049 0.83882755
39 0.123728745 0.479921 -0.4348147 0.31592232 0.19848385 1.3160685 0.8028163 0.75846696
9 0.5771174 0.07041144 0.058348715 0.2274497 -0.20242888 1.3384583 0.74722016 0.2525771
31 -0.25584063 0.46069703 -0.6249891 0.82947564 -0.22297603 1.097054 0.31203392 1.2290806
42 -0.445073 -0.52452105 0.78641564 -0.32071763 0.72586614 0.30998394 0.1479048 0.5168067
38 0.3541285 0.36101106 -0.55687755 0.8627874 -0.50143886 1.6146419 0.42455533 0.6480471
3 -0.040378034 0.14309864 1.3169477 0.31783724 0.5961681 -1.0046139 -0.6297384 -0.27016142
23 -0.14138766 0.052387368 1.3217295 -0.20550466 1.1468575 -0.81422496 -0.31695145 -0.17123537
48 0.56470716 0.1842436 -0.3012107 0.005450915 0.2122012 1.6267799 0.77224195 0.64308333
14 0.5644737 0.28885734 -0.17519195 0.3838031 -0.47143123 1.5909089 0.40770113 0.3755119
44 0.019448485 0.19164698 -0.5100385 0.65036494 -0.08714869 1.3630259 0.58214915 1.0035002
16 0.8236393 0.012479773 0.38160822 0.44730356 -0.772159 0.91221267 0.076496094 0.24594934
35 0.20152354 -0.08430733 1.742865 0.0040411204 0.4717841 -0.9348321 -0.51895005 -0.43991843
24 -0.05463579 0.3733261 1.3078899 -0.40798903 1.0011469 -0.8604358 -0.21615934 -0.0056226454
49 0.0689181 -0.3930922 1.1384909 -0.5999552 0.91190773 0.38489673 0.66071314 -0.4132124
2 -0.11927145 0.07274129 1.7212433 0.92764443 -0.3444099 -1.2161257 -1.0480813 -0.6758979
25 1.1665653 0.234036 1.046009 0.9822364 -0.8689649 -0.21686882 -0.6318461 -0.6774625
40 0.46524885 0.60111713 -0.6329929 0.6366652 -0.08927184 1.4637569 0.7436648 0.67547727
13 0.15477069 0.7893999 0.10852564 1.3177584 -0.0665033 -0.3578131 -0.9077572 0.16775538
22 -0.101113155 -0.19394927 1.633544 0.63648 0.04522804 -1.1091754 -0.67876655 -0.46638682
12 -0.62954473 0.320153 1.1512573 0.8280791 0.45944127 -1.2913326 -0.8329692 -0.09804869
45 -0.2746194 0.67755866 -0.20166714 0.0899669 0.3852141 0.7522016 0.6414433 0.88545716
30 0.37757802 0.40002403 1.520858 0.7177502 -0.2659597 -1.0994604 -1.037017 -0.5387742
33 0.23710789 -0.023026206 1.6339267 0.80409336 -0.25875044 -0.8574115 -0.534574 -0.91314185
7 -0.49642894 0.13724133 1.1173484 0.6750528 0.19900697 -1.2277006 -0.36851677 0.27155527
37 0.52719706 0.08789216 1.5233408 0.67021066 -0.33885822 -0.8718631 -0.5433232 -0.67328477
32 0.29831266 0.4449287 1.5464691 0.8909246 -0.37014732 -1.145124 -0.7679947 -0.80694866
