50 8
27 -0.10941383 1.2396342 0.3462127 0.4692451 -0.21051815 -1.5521243 -0.05173543 1.8770672
18 0.674218 -0.9839048 0.2802063 0.5032305 0.15843189 2.4436727 -0.7374171 -1.1884247
4 -0.2261716 1.6417668 -0.18750213 0.49341717 -0.40685114 -1.3292053 0.023411404 1.918159
3 -1.0620358 0.24110292 -1.3336316 -1.6004506 1.3618257 1.8162369 -1.684424 -1.7143285
34 -0.074715406 2.0396326 -0.6473711 0.21892549 -0.3733359 -1.4613186 0.19948669 2.0597868
9 -0.507701 2.4160874 -0.2796585 0.30132672 -0.34755287 -1.0028768 0.8282301 1.9288508
0 -0.33556587 0.06598088 -0.96099854 -0.8742805 0.98731965 2.2538772 -1.0599622 -1.9849112
36 0.014858451 1.6845624 0.122264326 0.16552833 -0.10895259 -1.611217 0.3731132 1.7377454
28 -0.64036345 1.351267 0.47380787 -0.15704754 0.13369586 -1.3685993 0.13321349 1.7648247
12 -0.6103095 -0.36057216 -1.0659158 -1.2649704 1.0431197 2.2019296 -1.7247877 -1.318318
21 -0.2835235 0.28740963 -1.2885592 -0.5348949 0.46423426 2.6871598 -1.1141047 -1.4733067
7 -0.6092889 -1.1628486 0.29228336 -0.85136914 1.1638467 1.7866446 -1.5881728 -0.7975748
1 0.08165708 0.9557115 0.38482705 -0.85181916 0.3402825 -1.7694613 -0.1390418 0.4414322
15 -0.8782804 0.18501161 -0.3877015 -1.4329708 1.2041978 1.8787007 -0.9403472 -1.9211923
14 -0.6995289 2.3834598 -0.7347752 0.79040784 -0.41175678 -0.21431752 0.80643433 1.1721113
11 -0.58206356 2.1454513 -0.13549715 0.056669477 0.099777676 -1.3087208 0.56671494 1.7252387
16 0.5037056 1.1426893 1.1631283 -0.21309353 -0.50653076 -1.8855233 0.32286406 0.33504683
2 -0.75811785 0.36889684 -1.1180302 -0.9247294 0.9291908 2.4141386 -1.0575205 -1.7162365
38 0.7366722 1.3765237 -0.68492997 0.69016904 -0.5254973 -1.4803818 -0.25729775 1.76636
33 0.46059975 1.4401779 -0.94955975 2.41869 -0.71589327 3.1164255 1.0310684 -1.21993
20 -0.7647421 0.84979355 0.9893419 0.15724725 0.16055527 -1.4800395 -0.13978113 1.2557163
19 -1.2148509 0.608261 -1.0082258 -1.8702857 1.2390591 1.2554373 -1.3179715 -1.7652754
6 0.6844071 -0.7403154 1.5529119 0.43835658 0.0616304 -0.9269998 -0.48433974 0.9395866
32 0.010956952 0.764802 -0.1073735 2.3348403 -0.73887455 3.6897478 0.71515715 -0.8399885
30 1.6206492 -0.45083457 -0.39699104 2.0715792 -0.32434592 2.7250402 -0.026183559 -0.9713261
8 1.4376588 -1.8700181 1.727434 0.39431223 -0.005439427 0.6282349 -0.8912962 -0.26514825
17 0.08086151 0.5384887 1.8234656 -0.31382623 0.2081001 -1.5704439 0.45644486 0.45671186
31 2.2622912 -2.1364512 1.3991061 0.31786883 0.29707146 -0.07811626 -1.1613888 -0.23811866
5 -1.1171725 1.6719818 0.7749098 -0.1960253 0.3547088 -1.0826133 0.7361531 1.7118883
41 0.95246917 0.43413323 -0.7086579 0.57049936 -0.37054577 -1.3327081 -1.000515 2.6119018
43 0.38506052 0.7607988 0.9849867 0.22497468 0.14725544 -1.4487512 0.38454258 1.1162646
24 -1.1991793 0.61617607 -1.4077134 -2.0057144 1.2937572 0.98371524 -1.6370418 -1.6777674
13 0.55076987 -0.29129973 -0.14956295 1.7511548 0.081632376 2.7902617 -0.15286662 -0.865237
22 0.41739032 0.8925623 -0.9403033 1.8606697 -0.2954089 3.0274045 0.3939951 -1.626725
35 0.16342369 1.1450597 -0.61050975 2.594078 -0.6770734 3.386066 0.83857197 -0.95872396
29 0.79161096 -0.19894476 1.6171767 -0.07844053 -0.06488449 -1.4829241 -0.3601946 -0.5714139
42 0.27733564 -0.34284166 1.911538 -0.47386166 0.66473925 -1.266343 -0.15393376 -0.9047491
23 -0.74404514 0.5985743 -0.076169945 -2.2652962 0.9815375 -0.64850456 -0.9675261 -1.187077
26 1.5973622 -1.2148045 1.484274 0.5934704 0.010592287 -0.657879 -0.6235092 0.09750607
10 -1.147387 -0.12045921 0.9127998 -0.47056174 0.3366656 0.9088535 -0.64514226 0.25493807
45 0.8688674 -0.26117268 2.1560135 -0.26285025 0.04397174 -1.6816735 0.09572535 0.1387283
37 0.13726622 0.45772818 -0.29602954 1.5901031 0.011980968 3.169494 0.30372036 -1.6225287
25 0.4454464 1.5280013 -0.28280944 1.1064143 -0.8587996 -0.5810878 0.3486794 0.50282484
39 2.0722475 -1.1563885 0.027154682 0.6976139 0.06827706 -0.54743385 -1.105627 1.4574045
49 -0.42015153 1.6665963 0.8398633 -0.015339864 0.118303984 -1.7233882 0.6818898 1.2784324
40 2.2272782 -1.8372068 0.004674285 0.038036842 0.10590499 0.6834234 -1.479824 0.6255948
44 1.2304598 -0.6797265 2.2088177 -0.15685774 0.07698305 -1.6155093 -0.13240862 -0.5688859
47 1.1793923 0.066397525 0.37209755 -0.24646473 0.1607598 -1.3613778 -0.39934373 1.3334213
46 -0.07369103 0.34713253 0.66700596 -0.46036968 0.2366404 0.3146056 0.009128452 -1.1574259
48 2.2124 -0.9611426 -0.13198133 0.9511529 -0.14674044 -0.66250855 -0.9533907 1.8257605
