50 8
39 0.25005183 0.16513415 0.5922292 1.0895014 0.044467326 0.1924152 -0.48261276 -0.21209992
26 -0.47148252 -0.07062506 0.813327 0.19115704 0.4088722 -0.19727737 -0.09797436 1.0950873
2 0.2459053 -0.1761538 1.0098507 1.0861137 0.3684326 -0.32696858 -0.70773774 0.16631813
24 -0.1306206 0.07349055 0.6533736 1.1795642 0.2199933 -0.3320187 -0.20783797 0.56012577
43 -0.3467062 0.47177115 0.48949757 -0.73294306 -0.08539834 1.0013108 0.7573719 0.0031424644
19 -0.10476411 -0.019531658 0.71626514 0.77050024 0.56412494 -0.20710996 -0.5565381 1.0511749
1 0.15730116 0.23208661 0.45940724 -0.1607629 0.04819951 1.0950134 0.650457 -0.6244163
13 -0.063195616 0.19784164 0.4823988 1.0484205 0.30730212 -0.16688846 0.06281599 0.5835153
23 0.4918152 0.006876322 0.76758415 0.93069065 0.32796764 0.10457345 -0.7326792 -0.011759499
40 0.3273943 0.18739928 0.33617282 1.521562 0.118726335 -0.016684018 -0.4362228 0.53047854
28 -0.47766173 0.54057664 0.3980083 -1.1612842 -0.084265426 1.2345706 0.68225455 0.37789926
25 0.9073775 -0.07389455 0.5480488 0.19242619 0.7521591 0.9498189 -0.56778467 -0.026411377
35 0.29383323 0.5341376 0.4744713 0.79551345 -0.37259322 0.60062337 0.10197361 -1.0147816
31 0.14043152 -0.0507944 0.67076635 0.79908085 0.36203632 -0.06967973 -0.8395406 1.0451822
27 -0.667635 0.3148318 0.4511088 -0.74593645 -0.022074178 0.72764117 0.728855 0.737631
16 0.22843169 0.041571133 0.383379 -0.9219938 0.44842386 1.2953439 0.25489464 0.7331865
44 0.1535034 -0.2738019 0.89382243 0.54647887 0.5489276 -0.010969632 -0.7738797 0.7098091
30 0.5318992 0.0720575 0.6627766 1.6021378 0.40358236 -0.14009942 -0.7449197 -0.11010423
4 -0.29328173 0.64781237 0.5095728 -0.6673022 -0.46149275 1.0019548 1.0186936 -0.37451795
32 0.58462286 0.3976431 0.57360524 1.3409262 -0.17383362 0.2631671 -0.34451622 -0.90621513
6 -0.7402138 0.062288627 0.6206229 -0.47180027 0.14419273 0.37667882 0.260673 1.0900649
12 0.12252866 0.12954502 0.59472686 1.6548277 0.37539962 -0.48487422 -0.34443706 0.49231842
41 0.7772111 0.1647329 0.40169007 -0.16972615 0.25239736 1.2851918 0.30101982 -0.46377724
21 0.16933921 0.33586615 0.7415969 1.5212513 -0.02488266 -0.19981784 -0.5401899 -0.5720703
18 0.0718498 -0.08689268 0.74607337 1.4714024 0.5195001 -0.3001263 -0.80808383 0.378505
34 0.54653 0.35397196 0.42620024 -0.025028786 -0.32945156 1.2844536 0.23604532 -0.83555764
37 0.020549852 0.25576326 0.6745593 1.602912 0.06698369 -0.5345073 -0.13393813 0.194511
9 -0.1420799 0.6044619 0.6541465 -0.68394196 -0.4274763 0.97651124 0.96755755 -0.67686415
42 -0.506207 -0.08863954 0.7966797 0.16101415 0.31780857 -0.023691636 -0.22647771 0.86507696
0 0.008639455 -0.04472544 0.6569005 1.4545201 0.47909412 -0.31863037 -0.79768896 0.7477149
22 0.03610453 0.08823258 0.7222294 1.4643965 -0.034383014 -0.30066457 -0.44632187 0.065236405
38 0.884916 0.33146194 0.22865531 -0.14506906 -0.1902142 1.6151955 0.5418581 -0.7695844
29 0.27168903 -0.20539427 0.76189834 -0.7200928 0.93426496 0.79693115 -0.3730754 0.8378366
8 -0.15495776 -0.17886627 0.47420043 0.8364764 0.7765319 -0.13473292 -0.5066713 1.5640546
14 0.32454628 0.7868885 0.47101778 -0.30684882 -0.84027284 1.3742718 0.5743278 -1.3582299
17 -0.67100066 0.58953524 0.38438946 -1.0822265 -0.36494908 0.95883566 1.1469467 0.6993692
49 -0.48438677 0.67370266 0.53700095 -0.8427378 -0.27562 1.0402801 1.2399714 -0.5284076
33 0.33367652 0.36570844 0.4626068 0.8924556 -0.46058083 0.8305011 0.29447782 -1.4847606
20 -0.6235761 0.12855712 0.34149015 -0.56704146 -0.054329094 0.80779374 0.39538857 1.0901691
36 -0.33575526 0.84622544 0.44149017 -0.38563496 -0.63508666 0.97621524 1.0617923 -0.869831
7 -0.22780214 -0.06203837 0.5239574 0.61779964 0.47434813 -0.2576594 0.110333875 1.5838234
48 -0.49075013 0.13945198 0.56270796 -1.4907246 0.12215616 1.2272882 0.9651622 0.61949193
15 -0.78074163 0.07650141 0.8459281 1.0212741 0.051023584 -0.58640474 -0.13730618 0.39150605
11 -0.04725191 0.4153264 0.5185715 -1.0821218 -0.38705212 1.5977427 0.47485262 -0.45843485
10 -1.3213769 0.5269587 0.32294992 0.2157965 -0.36490813 -0.084969535 0.7570138 1.114798
3 0.37717405 0.34659395 0.67675096 1.7496595 0.14524302 -0.35221538 -0.65477735 -0.19202745
47 -0.79546624 0.5741032 0.5016599 -1.1514517 -0.43335932 1.1866708 1.093267 -0.13618742
5 -0.8311397 0.8722213 0.3619631 -0.86062497 -0.8388158 1.0743704 1.290319 -0.24337476
46 -0.6631744 0.5612737 0.7761437 -1.2483368 -0.25460312 1.0652474 0.8666703 -0.49623394
45 -1.0221806 0.20140107 0.77727044 -1.3100889 0.130913 0.72129667 0.41332242 0.8082413
