50 8
23 0.22965848 0.35948646 0.3433424 0.3671177 0.54619336 -0.49053434 -0.8019627 0.4146432
19 0.17009585 0.83696127 0.8176467 0.001652702 -0.03132782 -0.5525419 -1.0227219 0.6162149
43 0.41829088 -0.99124116 0.213392 0.51238036 0.8649119 0.697021 0.7664437 0.30629578
40 0.016063025 1.0437652 0.77756816 0.17047453 -0.24920085 -0.47984302 -1.0848587 0.66710174
24 -0.12294077 0.82309425 0.8231108 0.0824897 -0.05808456 -0.40916067 -0.9774243 0.63559806
26 -0.3066966 -0.2974177 0.83252746 -0.37522164 0.68384033 -0.42504248 -0.32876226 1.0247065
25 0.6577769 0.025992522 -0.0014478633 0.7864795 0.48007795 0.42143515 -0.5306314 -0.23050418
1 0.59708387 -0.61550355 0.003132749 0.67150986 0.92003655 0.84234446 0.48570064 -0.10156578
18 0.0632141 0.9091461 0.8801311 0.17963478 -0.08740905 -0.70245403 -1.2175237 0.52148604
7 -0.0072266967 0.5548828 0.9256356 -0.3094139 0.027845258 -0.5585858 -0.68955094 1.0889612
30 -0.20877732 0.9743286 0.95294213 0.12428827 -0.094626404 -0.64414877 -1.0639321 0.6603205
41 0.6464383 -0.62279826 -0.05858407 0.835291 0.47884616 0.89221126 1.0436385 0.33759478
38 0.3894391 -0.23975107 -0.020070698 1.1439673 0.38484305 0.88898975 0.30456245 -0.22418605
6 0.032431416 0.056642666 0.53230375 -0.19144894 0.39796168 -0.3778452 -0.39009282 1.1351663
42 -0.4749667 0.2816196 1.2261479 0.06351697 0.07350011 0.26313734 -0.31115204 0.17059952
44 0.62769294 -0.07012576 0.43147182 0.03544202 1.0225254 -0.44875792 -0.7375189 0.19485556
48 0.70235634 -0.5872862 -0.11921552 0.028868794 1.1308775 0.04385912 -0.215938 0.6790561
31 0.13429677 0.30013603 0.79109484 -0.14797872 0.41424596 -0.456753 -1.1354058 0.4996818
3 -0.04565233 1.1479173 0.6204605 0.7977578 -0.49904287 0.088376366 -0.8661816 0.056766324
12 0.44058487 0.65936106 0.4021988 0.6886857 0.38828093 -0.52242893 -1.3126081 -0.17980285
2 -0.4337252 0.91959953 1.1688896 -0.1558697 -0.38673133 -0.37751243 -0.5525992 1.0155438
15 -0.39899498 0.934015 1.0491627 0.21224567 -0.4043284 -0.17828707 -0.60489 0.6181964
36 0.08412328 -0.46410516 0.13206737 0.7659008 0.2760252 1.3036251 1.1195406 0.33350793
9 0.21266131 -0.7786571 0.48254392 0.60240644 0.31895176 1.1126815 1.4316851 0.4174556
0 -0.37383795 1.2920502 0.9681164 0.22935249 -0.40159622 -0.38689142 -0.90902 0.6164008
29 0.5683353 0.119135745 0.4294534 -0.00527009 0.9099958 -0.38239136 -1.0582536 0.15122297
4 0.45186952 -0.4627465 0.021301864 0.6950385 0.6433325 1.0818405 1.0560913 0.2180386
13 0.273028 0.39765352 0.40958324 0.030916305 0.74633956 -0.57731897 -0.8970551 0.50989515
39 0.30989456 0.57055503 0.26233396 0.482368 1.0014408 -0.098371096 -1.021558 -0.4253761
16 0.33366486 -0.41822004 0.15851866 -0.103867896 0.63686347 0.5918119 0.33482483 0.85375607
45 0.23496017 -0.47021326 0.6961883 0.069245435 0.7420597 1.0450443 0.33721426 -0.17810431
35 -0.26261285 1.2208761 0.73263204 0.7709734 -0.4844836 0.08600478 -1.0241883 -0.013647655
33 -0.2559327 0.68345124 0.14621982 0.9937392 -0.5121831 0.6227955 -0.20768136 0.41501644
46 -0.36712524 -0.0557976 0.6485751 0.034789275 0.4822261 0.7482017 0.18655373 0.37269068
14 0.22952142 -0.0066187996 -0.010318718 1.0442454 0.047882024 1.3671979 0.55984324 -0.097896874
8 -0.12803072 0.42372015 0.7402847 -0.16837244 0.3259659 -0.81412846 -1.0696965 0.9532967
34 0.97721744 -0.8593837 -0.32567206 0.6661624 1.1456815 0.64640665 -0.13097285 -0.12503998
21 -0.6433365 0.72650737 0.5684071 0.9575905 -0.63437337 0.6745747 -0.25682774 0.20409697
5 -0.15098727 -0.36966667 0.19528803 0.6819561 0.15937386 1.4243379 1.2127239 0.48557746
28 -0.20589258 -0.34517652 0.1988186 0.43381783 0.3697966 1.1270733 1.3155835 0.7917952
32 0.037746936 1.1731527 0.4487519 0.8244787 -0.5627784 -0.14952147 -0.91651696 0.42446467
10 0.123710506 -0.41912717 -0.21417646 0.67554736 0.48864517 0.18924136 0.68790203 1.0751003
11 0.32016507 -0.8027225 -0.1006337 1.0412743 0.44435412 1.7154511 1.0344648 -0.05244691
22 -0.20724502 0.98285425 0.5712679 1.1291208 -0.7687758 0.2653977 -0.86619705 -0.017072402
37 -0.21506314 1.1106594 0.6559638 0.78943366 -0.7110994 -0.4066134 -0.64950514 0.7020406
49 0.26365894 -1.00482 -0.15983377 0.8885726 0.867989 1.6046354 1.1275392 -0.020041613
20 0.3263275 -0.8980661 -0.08636517 0.73678315 0.5466096 1.0831225 1.0678788 0.49388334
27 0.5518521 -1.1463903 0.003988748 0.2082061 1.010969 0.76756775 1.3089732 0.9257089
17 -0.30090284 -0.94001406 0.7949894 -0.106170654 0.38973442 0.91507137 1.2604865 1.0292137
47 0.017598405 -1.0007447 0.6170862 0.6417266 0.45518127 1.4605949 0.823067 -0.22363187
