50 8
39 0.2579617 -0.029402455 0.6112514 0.48464096 0.5771456 0.053155858 0.0127782645 0.33845547
43 -0.4118788 0.2449893 0.7350495 -0.18093227 0.047384184 0.0023690136 0.27506822 0.55543655
23 0.47770923 -0.23076344 0.75547063 0.4402286 0.6146851 0.096424825 -0.38326457 0.106896855
25 0.14096254 0.06649248 0.47462833 0.27401915 0.684919 0.29247907 -0.06244424 0.33464545
26 -0.29791495 0.04802931 0.20044714 0.3175893 0.47972685 -0.2837967 0.49392247 1.321365
24 0.18969943 0.0014536557 0.42618772 0.84263945 0.8601617 -0.14756645 -0.18030937 0.44232127
12 0.39886788 0.09232242 0.45344287 1.2058328 0.80759436 -0.06554784 -0.08982071 0.21590856
6 -0.23272485 0.13149823 0.38027298 0.32672343 0.46119732 -0.005804623 0.40763783 0.80314904
44 0.24694347 -0.3611667 0.5865807 0.93854076 0.75662696 -0.15267631 -0.19157527 0.3845531
30 -0.01640244 0.05504452 0.43020132 1.1153972 0.5649871 -0.38017768 -0.08445406 0.6517322
3 0.19258931 0.13038963 0.81556463 0.37935174 0.47091973 -0.045690123 -0.39857793 0.034751
2 -0.25049034 -0.047162898 0.41415283 0.7465986 0.43374482 -0.35567313 0.26697904 0.9358607
29 0.08101622 0.30756435 0.34411168 0.26389524 0.55851716 0.2662922 0.20512693 0.5719058
0 0.09278372 -0.023131233 0.4553152 0.9454172 0.78978705 -0.32743585 -0.14224571 0.56364846
19 0.17916442 0.18099256 0.5520743 0.55249983 0.66075504 -0.2800683 -0.31164715 0.4710024
45 -0.6155505 -0.22157599 0.8011947 -0.10002208 -0.017739048 -0.21854897 0.024325086 0.7575689
40 0.19811659 -0.20592237 0.3460357 1.1884536 0.7382542 -0.21306662 -0.21115875 0.7248737
31 -0.0017965063 -0.37702292 0.32365108 1.0030155 0.84876174 -0.36358765 -0.036920764 0.8863294
38 0.4156654 0.2658317 1.0129775 0.10092929 0.03226794 1.0499142 -0.15751684 -0.63821965
15 -0.09228982 0.12966554 0.39322492 0.9681428 0.40347996 -0.2207059 -0.17715573 0.7198244
18 0.17491625 -0.18576375 0.41429028 1.271769 0.90425706 -0.3311926 -0.32882276 0.5059646
1 0.2830345 -0.26993322 0.9265794 -0.099053204 0.29057217 1.0752947 -0.45603636 -0.3978116
28 -0.5569605 0.88092965 0.6255477 -0.9579989 -0.2982033 0.8698884 0.42571726 0.516957
16 -0.47600776 0.3600161 0.6768441 -0.94512385 -0.22130843 1.001364 0.28136268 0.52191144
13 0.33472654 0.1217378 0.3932392 0.8367365 0.59856904 0.14536093 -0.250847 0.4646419
42 -0.7102605 -0.22216503 0.3938565 -0.2904893 0.34385014 -0.3994042 0.17999737 1.4288471
33 0.698002 -0.08717883 0.8483097 0.5016901 0.58175707 0.5878831 -0.3285641 -0.3629622
17 -1.0228609 0.53540295 0.98134166 -1.0974655 -0.70226437 0.10929056 0.21366818 0.7849913
48 0.2524347 0.21440348 0.37877133 0.03967184 0.45901927 0.6772898 0.4295626 0.5176182
7 -0.11987464 0.39419472 0.46856806 -0.26985583 -0.019496327 -0.025555456 0.5477048 1.1627451
32 0.33338255 -0.082149036 0.51856595 1.3652172 0.74032927 -0.12375126 -0.22504844 0.20066112
14 -0.2579169 0.5445529 1.1135881 -1.0266583 -0.68711734 1.1815351 -0.13181871 -0.061875366
27 -0.42985693 0.5904444 0.51845044 -1.0630761 -0.29308286 0.9110497 0.70918775 0.8906455
34 0.09885164 0.72496134 1.2454398 -0.9899837 -0.2740881 1.222752 -0.1870039 -0.69862217
36 -0.36311528 0.80350834 1.1996967 -1.1632203 -0.33073425 0.9591415 0.15397124 -0.41622463
35 0.6865898 -0.23904201 0.9748517 1.0758127 0.6675312 -0.166673 -0.70069677 -0.32154185
37 0.2161575 -0.5203383 0.7269268 1.0006928 0.76785266 -0.5094512 -0.56591004 0.35544756
4 -0.3668604 0.86377096 1.1647613 -1.4924724 -0.6589038 1.0806652 0.11589039 -0.022059947
41 0.43867382 0.5719509 0.7742369 -0.06651906 0.13856748 1.5254616 0.14831461 -0.62400293
49 -0.41103593 0.6925125 1.3021443 -1.3557314 -0.6739099 1.0633235 0.10783419 -0.25190204
8 -0.34692273 -0.23696563 0.15216352 0.7407294 0.71951926 -0.5765597 0.16343798 1.4780741
10 -0.9811238 0.5828967 0.4523046 -0.10050102 -0.38739493 -0.14827503 0.661706 1.2673928
20 -0.7948799 0.46398106 0.46151352 -0.9424393 -0.3146672 0.8504448 0.76926214 0.98948
22 0.35863298 -0.48327458 0.75014347 1.2414719 0.77775484 -0.41698804 -0.75718594 0.14216667
21 0.12630318 0.247226 1.1742132 -0.065722786 -0.39139363 1.0635467 -0.52136225 -0.6246985
11 -0.16785336 0.689207 1.4248167 -1.3133622 -0.5621243 1.4015759 -0.5917522 -0.841465
5 -0.6833907 1.0649236 1.3265003 -1.7376547 -1.0320512 1.0108322 0.48134494 0.0069176108
9 -0.31904837 0.9706808 1.4116454 -1.7466884 -0.99169254 1.252489 0.45585144 -0.17247787
46 -1.4500922 1.2156601 1.0389451 -1.654129 -0.9548766 0.46983534 0.6494774 0.6313264
47 -1.1031225 0.6837665 1.07564 -1.5292312 -1.0983657 0.96266395 0.26322666 0.53821635
