50 8
18 0.59538144 -0.5869392 0.16672726 1.8676542 1.4018447 0.60509664 -0.46053094 0.11090826
30 1.4149303 -0.77468324 0.17723204 2.0147822 0.58460015 0.9484911 -1.0016203 0.06460005
14 -1.1773541 2.8218803 -0.728701 -0.21441574 -1.9316369 0.0835531 0.6422003 0.63308024
0 0.087710686 -0.29553905 -0.6408522 -0.018406179 1.7737393 2.1786444 -0.8392 -0.634413
34 -0.2196873 2.3899329 -1.414409 -0.2599615 -2.1320252 -0.48981974 0.39380068 0.51208407
26 0.9022474 -0.768014 1.1443952 -0.3422789 0.614758 -0.6801337 -0.78914046 1.0833007
11 -0.71822804 2.5760121 -1.1847595 -0.48290157 -1.1649277 0.19932702 1.4069643 0.76521665
9 -0.5742598 2.4128277 -0.8118753 -0.5275164 -1.4815884 -0.24507639 1.1261052 1.0533854
4 -0.68615615 1.8278981 -0.08751339 -1.0101098 -0.73179054 -0.86470884 0.8994328 1.2226361
19 0.5250047 -0.047676656 0.39721218 -0.8598013 1.0013198 -0.18874429 -1.2215261 -1.666498
12 0.18945552 -0.6798594 0.5809518 0.4065209 0.7785642 1.4265156 -1.9093335 -0.2654542
27 -0.14170836 0.73200923 0.71285814 -0.9233183 -0.15543936 -1.2663083 0.3891175 1.6388917
15 -0.12129606 0.07974206 0.63385147 -0.75010717 1.9285128 0.6404085 -0.102130786 -0.94360715
40 1.3981436 -0.9463747 0.18922012 1.7020327 0.3296717 0.18676934 -1.2184712 0.4612332
7 0.73006517 -1.1769947 0.65249974 0.5261453 0.03701393 0.7797061 -2.2820742 1.0068579
24 0.028536914 0.1603539 0.061041784 -0.5700192 1.0910366 0.27515197 -1.1109433 -1.7191933
38 -0.119472355 2.0417502 -1.0588591 -0.16257195 -1.7534816 -1.0703928 0.6385477 1.0775493
28 -0.15540157 0.49383354 1.20526 -1.7182015 0.6155501 -1.36013 0.19645892 0.846859
20 -0.28410965 0.9300036 0.6902672 -1.6676614 0.14250779 -1.4318885 0.80087405 1.7475932
13 1.1066511 -1.0130378 0.25667006 1.8888303 0.1588939 1.0328821 -1.7196839 0.8375617
41 -0.24718408 1.6028795 -0.4683303 -0.35495383 -1.3629975 -1.3891565 0.4154157 1.3929154
6 0.3175016 -0.61131763 1.3830369 -1.0733129 1.0641552 -1.23949 -0.13206491 1.8957819
36 -0.14865552 2.0439444 -0.81235874 -0.6341407 -1.4565501 -0.96235746 0.87536013 1.1565378
23 0.3560352 0.17187835 -0.13885802 -1.5066926 1.2925034 -0.004278054 -0.91705763 -1.846881
16 0.7907203 0.6918188 0.8513218 0.07716487 -0.7797927 -1.1646957 -0.3595137 -0.26296335
2 -1.1524544 0.39827138 -0.5658143 0.39455286 1.5841998 2.160202 -0.759152 -0.7970327
43 1.083432 -0.83936214 0.31900445 1.5836043 0.3574671 -0.63182783 -1.397565 0.1387275
1 0.11534629 0.8257634 0.5522013 -1.0115265 0.5161843 -0.91801065 -0.26116988 -1.3334957
29 0.07326299 1.0955234 -0.6840547 0.2635355 -1.1803559 -1.3570788 -0.6613777 -0.09539469
32 0.4801782 -0.43186176 -0.43179312 2.342753 1.2830676 2.1382537 -0.52745676 0.032503612
8 0.96122015 -1.083418 1.1355606 0.6966859 -0.012327442 0.278729 -1.5781732 1.4979002
10 0.08197114 -0.07738896 1.5124154 -1.5302331 0.85007566 -0.74335045 0.17332026 1.7692518
17 -0.015847623 -0.07273561 1.1542804 -0.5787465 1.4988788 -0.51749825 0.27604064 0.6257877
3 -0.5133503 -0.2714149 -0.7865237 -0.5193362 2.0129893 1.8909444 -1.1753653 -0.82188654
37 -0.18228155 0.054241363 -0.71615463 1.0991026 2.2038927 2.118527 0.46454874 -0.21207128
5 -0.6798741 1.6431913 0.12289789 -0.8970901 -0.008730204 0.23536149 1.1723257 0.7304088
33 0.6428646 -0.6083609 -0.28954676 2.8299916 1.413277 1.6674685 -0.5256701 0.050331965
25 0.047540423 2.0676973 -0.6774122 -0.75741684 -1.6881088 -0.514641 0.1260254 -0.21910903
31 1.0796719 -0.20293316 -0.027697304 0.8728397 -1.0256525 -0.6603046 -1.0250279 1.214374
35 0.58561295 -0.09936548 -0.4310697 2.8147109 0.9747086 2.1974604 -0.3024386 -0.30580366
21 -0.51534873 1.2535622 -0.95446324 -0.43832648 -0.6982939 1.4915222 -0.20615648 0.38953596
22 0.16921376 -0.37551707 -0.84013903 1.2899184 1.9509696 1.6588249 -0.30739507 -0.3719497
39 1.1969714 -0.5998285 -0.43250728 1.4333938 1.0088304 -0.3741487 -0.65254617 -0.51057684
42 0.80260617 -0.26530197 0.20259783 1.2523639 1.5059197 0.036371764 -0.06625248 -0.6902601
47 -0.41431668 2.5802543 -1.2237798 0.02732396 -1.7897543 -0.061933707 0.9318885 0.4318248
49 -0.45163622 2.6593964 -1.0541888 -0.106016494 -1.7773715 -0.5355022 1.0668334 0.510495
45 0.5703194 0.65678304 0.36039314 -0.6740442 1.1899767 -0.42559674 0.5652573 -1.1897142
44 1.2879623 -0.17311761 0.27271837 1.8990767 0.33999652 0.29058903 -0.45881864 -0.51323134
46 -0.07444741 1.7149457 -0.07098296 -0.3169031 -1.2530606 -0.815394 0.5247807 0.66882724
48 0.55158895 0.51765627 0.06908561 -0.11231229 0.5455623 -0.8010524 0.087465525 -0.6876887
