50 8
24 -0.41794768 0.07381802 0.59057456 0.9127353 0.27489123 -0.5270038 -0.39311543 0.34749475
26 -0.4648874 0.26812294 0.2771999 0.42703083 0.5059019 -0.60043705 0.093616314 0.9362691
19 0.30377987 0.030086089 -0.13009319 0.6020099 0.45513555 -0.038038354 -0.35762608 0.719379
23 0.1745914 -0.16766773 0.33915487 1.1156236 0.5780652 0.1910849 -0.49668166 -0.271384
39 0.46570155 -0.41768813 0.16879365 1.2035989 0.46934718 -0.0334305 -0.77491426 -0.10469415
4 -0.8142853 0.738831 0.8450022 -0.3481594 0.28844833 0.6020901 0.7613721 1.0378226
1 0.2883422 -0.25419188 0.6504601 0.62694246 0.43435737 0.754002 0.24323297 -0.053029478
43 0.06408587 0.09574474 -0.11710159 -0.25032485 0.72224027 0.8848636 0.0038657042 0.757696
25 0.63473314 -0.2892487 0.18833284 0.56462455 0.42037305 0.85551316 -0.43606415 0.030083165
21 0.5753622 -0.37644237 -0.020882662 0.9764166 0.6775608 0.55733615 -0.86870843 -0.29312894
40 0.6222776 -0.36144924 -0.018940726 1.4739695 0.4426722 0.2355085 -0.7186573 -0.17489499
28 -0.5394732 0.6883069 0.009014954 -0.41352844 0.44952852 0.45659575 0.35963845 1.4938952
37 0.34324604 -0.6975992 0.7655474 1.0387936 0.43856278 -0.7517716 -0.8682478 -0.18665704
45 -0.5928566 0.56134653 0.5717115 0.15306047 0.20865594 -0.53327227 -0.055978872 1.0745708
31 0.33213106 -0.34282076 0.028707966 0.8170101 0.6063125 -0.3939287 -0.96388537 0.23218766
18 0.5148781 -0.5413075 -0.21612583 1.1123619 0.60832524 -0.38895744 -1.0928643 0.20990151
8 0.28551474 -0.01056004 -0.5038336 0.77045643 0.42231494 -0.3853239 -0.6415637 1.00127
6 -0.74676096 0.590808 0.37233132 0.36832386 0.44944182 -0.73952603 0.3179225 1.1422398
33 0.8269964 -0.79867613 0.7036221 0.13253109 0.679345 1.0385617 -0.6969173 -0.55506575
44 0.7043696 -0.90068936 -0.1346849 0.9808288 0.7374662 -0.48233548 -1.1785511 0.056115657
46 -0.42981368 0.5258531 0.8480331 -1.0328681 0.38082695 0.66833425 0.32428437 1.1538092
12 0.587259 -0.41708297 -0.0031953217 1.0803771 0.74645275 -0.37176657 -0.8821561 -0.05515464
48 0.28493604 0.54350054 -0.073651195 0.6208575 0.3509096 0.47038418 0.5618699 0.92858684
13 0.5265855 0.06990831 -0.6488251 0.9865231 0.64088655 -0.34228227 -0.79281217 0.6967349
35 0.48713282 -0.51156366 1.0058805 0.7546028 0.5412135 0.53491586 -0.34988245 -0.7209836
0 -0.36092815 -0.21087092 0.34351894 0.5855443 1.0746005 -1.0718157 -0.846868 0.062031392
3 0.137399 -0.33696276 1.1747465 0.34426403 0.80620694 -0.3677113 -0.85793656 -0.65325993
34 0.42663842 -0.07623251 0.80507326 -0.5627355 0.29000878 1.2663096 0.20464578 0.54257494
17 -0.715884 0.19349124 1.3756275 -0.61885774 0.45119172 -0.012827414 0.45731422 0.66233706
36 -0.29147694 0.53970796 0.9427376 -0.66340977 0.2869534 1.2954075 0.7784605 0.8061368
41 0.121365204 0.501471 0.49294496 0.18491201 0.36077517 1.6208588 0.780253 0.30927333
9 0.23779522 0.3363245 0.7866737 -0.82414854 0.19695596 1.4175442 0.4441219 0.91652316
14 0.48185012 -0.02516007 0.9660614 -0.42750356 0.015914874 1.8621316 0.22139113 0.31483644
42 -0.27874088 -0.35607684 0.16710313 0.013265811 0.7936078 -0.30431095 -0.93630975 0.4698427
16 -0.049821828 0.5229211 0.18476613 -0.8018558 0.2892859 1.375157 0.52478665 1.3740693
22 0.12902488 -1.0291123 1.0423301 -0.25585657 0.58413076 0.4481478 -1.045196 -0.32862702
2 -0.05534771 -0.20128486 1.141043 1.1270386 0.35983956 -0.23979566 -0.19239983 -0.42460182
27 -0.4503001 0.86675453 0.058561187 -0.20670982 0.34748355 0.45231578 0.98172534 1.6410288
30 1.0557375 -0.7942467 0.051867682 0.45589975 0.7744929 -0.08885206 -1.4953494 -0.1354006
29 0.9452377 -0.24494594 -0.6173264 -0.09839961 1.1551322 0.8068344 -0.9190507 0.25748008
49 -0.59361035 0.5818351 1.0148658 -0.8625221 0.25265652 1.3168917 0.6216106 0.8818576
38 -0.23443197 0.56059724 0.105831586 0.39906844 0.19337907 0.47290236 0.6555962 1.1660299
5 -0.6536694 0.7610201 0.894879 -1.169384 0.40303573 0.5717342 0.7875794 1.4437318
10 -0.8036686 0.6344638 0.04567728 0.23046102 0.34123042 -0.46274674 0.5329833 1.6196575
20 -0.79731876 0.6581107 0.63129705 0.26923764 0.051786397 0.38549218 0.79625446 1.1553746
15 -0.6323512 0.42516318 1.2939814 -0.13585512 0.033705074 -0.34401828 0.52231514 0.9969232
32 0.70303303 -0.5903728 0.73231506 0.96441823 0.80479926 0.067669466 -0.89218277 -0.85824305
7 0.47462994 0.17646775 -0.6199171 0.7017491 0.6129164 -0.5182219 -0.65264136 1.026046
47 -0.79407996 -0.0051273955 1.6320277 -0.4919296 0.37414223 1.134414 0.52900004 0.020993594
11 -0.25583467 0.045871437 1.5004698 -1.1706765 0.24978246 1.5288891 0.22785923 0.34827542
