50 8
1 0.18954763 -0.14836015 0.04788611 -0.021531485 0.90200514 0.5244384 -0.14460206 0.9089064
26 -0.53109723 -0.1165119 0.43418026 -0.03812757 0.5541683 0.050905395 0.10219967 1.2591251
43 -0.17598464 -0.2390997 0.102395065 0.26598263 0.64586335 0.8706073 0.6754987 1.0848842
6 -0.2650095 0.38916624 0.22587352 -0.106221154 0.8565801 -0.10145281 -0.11791253 1.1877197
15 -0.5353763 0.30498317 1.177269 -0.12648703 -0.056534875 -0.24689826 0.14823301 0.61710995
29 0.24725388 -0.116342574 0.26301438 0.12379947 0.96521026 0.078205794 -0.3739872 0.62787694
19 -0.32187745 0.36573598 0.38266855 -0.06206655 0.8628811 -0.28957105 -0.17389527 1.0408446
18 -0.15139405 0.5201695 0.6600614 0.012005299 0.56404954 -0.4331827 -1.1216463 0.4555986
23 -0.03392035 0.53453237 0.73412824 0.11783759 0.62782973 -0.5365992 -0.90568125 0.27945328
25 0.44540194 -0.22448206 0.727221 -0.020203598 0.1687829 0.26712555 -0.4816928 0.27420565
12 -0.08788127 0.6523013 0.25060588 0.40411407 1.0367762 -0.21736796 -0.11537504 0.6840653
17 -0.27318388 0.030305611 0.543391 -0.5881837 0.5440178 -0.22851564 -0.1282699 1.3194312
8 -0.072329596 0.3889436 0.13610229 0.0075787753 0.9762782 -0.020085303 -0.5173009 0.90174335
24 -0.31002694 0.3080017 0.53512484 -0.23677 0.65557736 -0.45349154 -0.70284843 1.0234156
16 0.2848403 -0.08006451 0.25144425 -0.0055929786 0.7870752 0.1778531 -0.3875763 0.7332308
40 0.44027925 0.838828 -0.16463034 0.5922083 1.1301066 0.041012056 -0.57834554 0.59874386
30 0.056335885 0.75839 0.8389037 0.2599144 0.56024235 -0.59474427 -0.8751426 0.07544554
39 0.5328927 0.47880945 0.08564918 0.5224088 1.0916699 0.26900604 -0.58972216 0.08302775
2 -0.015558862 0.71022254 0.8319561 0.0678055 0.6137937 -0.7195741 -0.95482963 0.23536085
42 -0.4894678 0.13725251 0.98006773 -0.62084025 0.1841913 -0.5241779 -0.4570999 1.0758169
28 -0.37474436 0.054842256 0.27223992 0.25240964 0.3512133 0.6993363 0.8669999 1.2172221
37 -0.35185522 0.24624874 1.4341353 -0.37901688 -0.10240054 -0.8026742 -0.6117355 0.4600323
21 0.118410245 0.42071924 0.8509752 0.7655306 -0.081021525 0.6465722 0.11762602 -0.27990064
7 -0.2529388 0.9186465 0.30311066 0.15589608 0.83890367 -0.2550483 0.003331528 0.9315812
48 0.35310277 0.1616438 -0.19581674 0.50163674 1.0141431 1.0412049 0.52444476 0.63162404
41 0.45579302 -0.33130845 0.18468268 0.53995377 0.32617515 1.577191 1.0912508 0.4475197
31 0.24109766 0.52713376 -0.0023912014 0.12290682 1.1105144 -0.049690135 -0.69753486 0.73706514
3 0.2767089 0.7251906 0.9572043 0.41799608 0.4992993 -0.7072235 -0.995284 -0.2217758
27 0.5646978 -0.29362568 0.29847988 0.1314729 0.047102235 1.8267434 1.0813243 0.3971253
0 -0.13062875 0.39372692 1.3995062 -0.0023042236 0.13758124 -0.7983499 -0.90990806 -0.11878409
20 -0.45818186 -0.59296066 0.38579425 0.08690119 0.330583 0.3735395 0.2707865 1.4389993
49 0.30706772 -0.8147501 0.48704535 0.17114444 0.11007231 1.3487389 0.79553163 0.53447664
13 0.08380037 0.9303265 0.19534585 0.54284704 0.7157263 0.2899896 -0.016259154 0.4223827
38 1.0252854 -0.14110762 0.61161804 0.88099694 0.18616395 1.4105844 -0.063902974 -0.9471144
45 -0.32822838 0.27835202 1.5470752 -0.6149782 -0.6258473 -0.14045602 -0.24285187 0.34344047
34 1.0715991 -0.61712664 0.75403565 0.29332152 -0.42939696 1.630349 0.28336278 -0.29530331
35 0.5460561 0.42842206 1.653731 0.15910147 -0.399942 -0.25968587 -0.60664546 -0.7646238
10 -0.8106573 -0.23959379 0.47448853 0.18060325 0.083975725 0.4059854 0.691745 1.5968734
46 0.11303939 0.81305754 1.0759816 0.01100371 0.33773038 -0.62138486 -0.89091915 -0.111989826
33 0.39805585 0.12037839 1.7418275 0.5046781 -0.7788521 0.19216925 -0.37449977 -0.92405003
36 -0.20074898 -0.80991215 0.8654204 -0.006511528 -0.3613707 1.1781806 1.0424474 0.84750956
5 0.19744822 -0.55505925 1.1340407 0.020944754 -0.81174225 1.2506664 1.2994627 0.5052397
4 0.62763274 -0.79730153 0.59162647 -0.08505405 -0.335589 1.735536 1.015413 0.524687
32 0.647288 1.1643633 1.0542798 0.49422818 0.20143886 -0.037551988 -0.84200907 -0.97003067
22 0.30888882 -0.2156766 1.8353086 -0.17054819 -0.7684717 -0.21359928 -0.85630506 -0.45539215
14 0.85361725 -0.5473925 1.3297544 0.21807684 -1.0443085 1.7540797 0.46283597 -0.69808114
44 0.82774734 -0.4386364 0.49950543 0.92585856 0.6327042 0.42389312 -0.81151825 -0.4858007
11 0.5775963 -0.87657726 1.5240905 0.23031016 -1.000035 1.3533627 0.21214363 -0.65088737
9 0.78342366 -0.47669414 0.91902274 0.71696156 -0.5573776 1.5870503 0.91432077 -0.332937
47 1.2040132 -0.9899595 0.40498766 0.7125813 0.11847475 1.7155349 0.30108324 -0.32120687
