50 8
18 0.39290258 0.41852394 0.22542192 0.9528221 0.812422 -0.027022034 -0.6165072 0.5064795
25 0.98815167 -0.024415506 1.0221893 0.44523478 -0.28176907 0.1969642 -0.24076891 -0.09267535
22 0.06903503 0.06745263 0.7750106 0.7990794 -0.371581 -0.127038 0.18460618 0.7178119
43 -0.27988803 -0.09561826 0.3198277 -0.43139878 0.9347217 0.8733681 0.61433756 -0.056090113
1 -0.16484332 -0.108976 0.8658915 -0.59269536 0.73922664 0.6396615 0.12062312 -0.380332
27 -0.060664248 -0.16090575 0.6491763 -1.0281162 0.7512645 0.91681415 0.44444323 0.068721816
17 0.008874822 -0.21352585 1.2382978 -1.0450245 0.8933476 0.089930184 -0.3883582 0.12933488
26 -0.37221158 0.14009823 0.30668232 0.6100857 1.3682425 -0.14110038 -0.4605516 0.42869788
45 -0.009351007 -0.18304166 1.1413603 -0.9487018 0.814682 0.5230386 -0.21702413 -0.3654127
6 -0.39748445 -0.13534898 0.07247013 -0.3481659 1.258003 1.11328 0.17030942 0.046029117
16 0.5852769 -0.7794196 1.0207196 -0.6155808 0.5840431 0.37838888 -0.023530023 -0.17131832
19 -0.015927123 0.53032374 0.82838184 1.1186475 -0.47742784 -0.2594173 -0.033869267 0.77718335
23 0.3632733 0.05062895 0.4867134 0.7430589 1.3834553 -0.27743444 -0.6788262 -0.14050956
49 -0.24034522 -0.14466943 1.1962812 -0.9773103 0.2663697 0.41844523 0.42616278 0.047629233
36 0.07747433 -0.42213133 1.086733 -1.033761 -0.06433842 0.85356116 0.6570308 0.021256614
21 0.29998338 -0.050897107 0.52805704 1.6009786 -0.6637037 0.276878 0.17350404 0.34114987
44 -0.1720724 -0.14748867 0.52971107 -0.4316487 1.6489531 0.15372398 -0.45958018 0.15862064
15 0.22521555 0.56359154 1.0948589 0.962199 -0.10108094 -0.5982144 -0.4582987 0.4225017
41 0.36337394 -0.60383725 0.589821 -0.61114794 0.59743774 1.1947708 0.33473307 -0.44803378
20 -0.35402608 -0.54932755 0.66397315 -0.4245538 -0.17835794 0.9714054 1.0202297 0.27218014
31 -0.026118075 0.022198781 0.40668806 -0.30854934 1.7048441 0.11596787 -0.6437266 0.3556653
46 -0.4469989 0.38864744 1.1092612 -0.8554132 1.0135784 -0.10385222 -0.19742829 0.18517087
48 0.13086964 -0.23435089 0.32917348 -0.530662 0.8975881 1.2097409 0.5265333 -0.42778385
29 0.2766909 0.019265993 0.49279296 -0.19478881 1.0380757 0.43234175 -0.043125365 -0.1271488
42 -0.42555395 -0.08279935 1.1463894 -0.6628161 0.9229274 -0.18965709 -0.16899088 0.24381946
34 0.886264 -0.4612662 1.0189844 -0.4709856 -0.2967526 0.7420481 0.27923015 -0.040500216
13 -0.35819668 0.85140824 -0.35478798 1.6837643 0.3511655 0.43201208 0.3736268 0.850271
37 0.4488976 -0.048073128 0.6269647 1.848555 -0.95341057 -0.2707545 0.6468943 0.7291493
38 0.47324517 -0.20317033 0.6528138 -0.031473726 -0.52022606 1.034702 0.91365504 -0.023653744
39 -0.06934509 0.03708241 0.5300557 -0.6490984 1.0985816 0.9526404 -0.112686604 -0.28753534
47 0.44762707 -0.80806756 1.3662504 -0.8948254 0.23261783 0.45365775 0.02246653 -0.33426133
28 -0.50723976 0.19723278 0.29713273 -0.48920727 0.31001475 1.1076261 0.9163076 0.3747522
24 0.16931535 0.06779633 1.1107157 0.3877261 0.97157174 -0.7614779 -0.8633425 0.07992954
14 1.0910454 -0.048634995 1.1907613 0.62969464 -1.3783541 0.45832852 0.18575566 0.15176266
2 0.23195755 0.5360035 0.547559 1.829286 -0.48679644 -0.22650963 0.09005887 0.5668874
9 0.41935393 -0.028399657 1.1343646 -0.5136663 -0.8708264 0.6585763 0.8663962 0.3443527
11 0.60527927 -0.38579035 1.2460133 -0.35750768 -0.9875846 0.67339116 0.59774685 0.16227314
7 -0.13514583 0.8886652 -0.43646148 1.6204478 0.47788522 0.2647584 0.39876184 1.0653999
5 -0.26247543 0.009942532 0.6859189 0.20905109 -0.6527229 0.53243154 1.1812923 0.532772
30 -0.10688099 1.086236 0.20135632 1.7992905 0.71602273 -0.38776454 -0.7755974 0.6296353
40 0.47731185 0.4548769 -0.13658169 0.8352474 1.3502921 0.3168302 -0.21829355 0.06829392
10 -0.51023644 0.7959537 -0.20496805 0.94499505 -0.23887126 0.826657 0.8589881 1.1612111
32 0.14994808 0.56636614 0.15044142 2.0598903 -0.37298727 -0.03980193 0.59597826 0.61598825
4 -0.24097753 0.14568089 0.17808378 0.08691057 -0.6123708 1.3191999 1.1708722 0.72185314
12 0.022429641 0.7899938 -0.13901727 2.0682862 0.7930145 -0.1176569 -0.3223306 0.41810808
33 0.20766565 0.045813847 0.28680634 2.0898492 -0.8072941 0.055120554 0.52770555 0.74804324
35 0.34360301 0.20921993 0.60845244 1.8354435 -0.9219131 -0.3125667 0.39152324 0.9721681
8 -0.61987096 0.17203987 -0.46777806 0.5524846 1.5020535 0.84169036 0.10967087 0.49549207
0 0.32061234 0.4796943 0.6937097 2.0883064 -0.22672077 -0.6463323 -0.362576 0.46603325
3 0.32082483 0.42368075 0.6898157 1.9345744 -0.39851606 -0.54633886 -0.14040868 0.5795971
