50 8
1 -0.49938187 0.38845065 0.26508594 0.5910336 -0.17718694 -0.30246672 0.17750554 -0.94331986
20 -0.48770002 0.4281853 0.14908102 0.7717867 0.10901417 -0.23249812 0.10746253 -0.7508634
8 -0.52902645 0.058752142 0.10768135 1.0090601 0.21244349 -0.9762122 0.44138402 -0.563935
23 -0.4663936 0.13657539 0.13246554 0.9025958 0.32107714 -0.8831775 0.29446095 -0.06719412
6 -0.6987663 0.10854072 0.13601823 0.92511034 0.2173302 -0.6701983 0.41381836 -0.4799932
49 -0.6057864 0.4476345 0.5687955 0.17786123 -0.5123719 -0.15997322 -0.19825493 -1.2308581
34 -0.22426364 0.95022494 0.33544168 0.13351783 -0.52141595 0.323269 -0.49529558 -0.8215362
36 -0.37020546 0.67792046 0.28814217 0.44518015 -0.37154984 -0.117542 -0.071889386 -1.2249855
27 -0.6071948 0.26295984 0.6004461 0.3545469 -0.4295214 -0.31936774 0.27596542 -1.3795741
41 -0.28928715 0.74791336 0.2738651 0.4750157 -0.382724 0.007887593 -0.051443394 -1.4212186
46 -0.411301 0.51090485 0.40767893 0.33109105 -0.49175975 -0.2135797 0.12866607 -1.2239901
43 -0.574836 0.53764886 0.34115544 0.21125475 -0.36442438 -0.5466528 0.10018229 -0.97712004
38 -0.32477304 0.9273133 0.04493199 0.5624589 -0.50968564 0.15253454 -0.13437657 -1.1568872
28 -0.49052244 0.23591428 0.59334713 0.32825068 -0.39712813 -0.4379584 0.3740742 -1.1642847
16 -0.15143079 0.79098773 0.65645856 -0.22215302 -0.61270386 0.1338655 -0.3078258 -0.7398001
31 -0.5608645 0.47269484 0.060825914 0.76664275 -0.2675696 -0.52971005 0.1671758 -1.1140692
4 -0.1933595 0.9962008 0.027039465 0.35013434 -0.98144835 0.19383633 -0.31896996 -0.75901645
42 -0.4183091 -0.16751656 1.0118526 -0.080009386 0.14595051 -0.29406375 1.0698541 0.08860664
29 -0.1936485 0.9998911 0.09193696 0.26935607 -0.9699432 0.19717976 -0.20697828 -0.82873553
45 -0.52649206 0.19422974 0.5448615 0.32575607 -0.016606145 -0.7569631 0.59142905 -1.0131704
40 -0.46391863 1.016534 -0.14346777 0.6913405 -0.47787845 -0.05332971 -0.10755536 -1.4154379
44 -0.46264318 0.15812609 0.5080443 0.4141953 -0.34914133 -0.7711383 0.382207 -1.0121578
39 -0.51055276 1.0289452 -0.11780567 0.6069988 -0.6981067 -0.078897625 -0.32394695 -1.4580268
26 -0.38088083 -0.36760688 0.66992563 0.6451892 0.77220535 -0.93797004 0.72272336 0.80111384
9 -0.29174232 0.8972411 0.44418356 -0.24681619 -0.97074765 0.5012668 -0.65238994 -0.09616066
48 -0.30378714 0.96304274 -0.13214181 0.7294158 -0.72376 -0.057147782 -0.13016246 -1.3453823
47 -0.49994272 0.53701544 0.268753 0.5070498 -0.56245506 -0.4282895 0.16566098 -1.5079827
19 0.05548113 -0.0013427758 0.64309555 0.5572758 0.62060905 -0.061368898 0.29746306 2.0745304
18 0.18314798 -0.10867488 0.90127534 0.2793293 0.5054137 -0.077043325 0.61452234 2.0233467
25 0.45459425 1.1815264 0.10079298 0.21524608 -0.90321386 0.715616 -0.71946514 0.65287477
15 0.08017887 -0.23360506 1.1284978 0.19841346 0.77891874 -0.03619162 0.43046224 2.028564
14 -0.14156926 1.3106192 0.34873533 -0.21938424 -0.7970642 0.72474444 -0.9464644 -0.66562897
0 0.30733716 -0.00235703 1.2907945 -0.21459626 0.35081768 0.4692187 0.2449821 2.466414
11 -0.025863292 1.0084677 0.83115834 -0.6456775 -0.93930995 1.0706601 -0.6806136 -0.020231668
12 0.22838913 -0.0691536 0.35775223 1.1488014 0.85865307 -0.3654452 0.64618194 1.8742863
37 0.7284833 0.7752186 1.1580759 -0.5811617 -0.26829475 1.2101184 -0.45350644 1.5452648
33 0.6175399 0.6007845 1.0665172 -0.38554987 0.2301514 0.5394536 -0.44553572 2.3088148
2 0.51496166 0.37622046 0.6775078 0.4257858 0.7272761 0.52442294 0.247884 2.5473435
13 0.27665928 0.07862097 0.45371237 0.9660569 0.9487407 0.160533 0.40155783 1.8394046
7 -0.17750117 0.13878997 0.3252643 0.7728588 1.0970281 -0.6522592 0.06374699 1.9281496
24 -0.26221427 0.024070434 0.24666907 1.0540286 1.3347155 -0.7858685 0.21409461 1.4795977
30 0.2764735 -0.32130107 1.3858391 -0.15172838 0.17582925 -0.10578393 0.84985155 1.9898504
21 0.4292082 0.77631056 0.50272566 0.33601683 0.4416578 0.96786803 -0.61159784 1.9960393
35 0.39417616 0.327127 1.1686417 -0.37616405 0.2426757 0.15280506 -0.20647638 2.4481115
5 0.39619154 0.5092219 1.0854278 -0.5340301 -0.70105433 1.0873944 0.04290623 1.3445959
3 0.03488319 0.047920752 0.33987176 1.0495093 1.1178453 -0.071760274 0.46278307 2.1104152
10 -0.3421786 0.023081409 0.028022086 1.3261799 1.1737897 -0.7375954 0.44909492 0.7043017
17 -0.6140766 -0.22024877 1.1874628 -0.3157767 -0.25233254 -0.74108076 0.25437912 -0.35149837
32 0.3642597 0.34559566 1.1528727 -0.29766148 0.30201378 0.5067831 -0.114620246 2.2348864
22 0.7113492 0.20525126 1.6131144 -0.59775037 -0.17076686 0.86988187 -0.26173028 1.9130259
