50 8
36 -0.25697988 0.28279868 0.9023352 -0.1392221 0.35478213 0.85651547 0.46430632 -0.28638345
28 -0.26508886 0.5513425 0.8069745 -0.29081422 0.03924965 1.0045733 0.36555824 -0.08801933
27 -0.24856246 0.42226514 0.93414295 -0.36528987 0.22349589 1.2456839 0.5112803 -0.3116911
6 -0.5273126 0.24598022 0.90820503 -0.10282864 0.57528096 0.88603777 0.35416684 -0.3045348
1 -0.574041 0.36825088 0.82529885 -0.06240949 0.7771439 0.64881766 0.44867742 -0.2752103
43 -0.6779306 0.3773033 0.75832814 -0.16671905 0.83935714 0.73880434 0.4319877 -0.15351266
26 -0.8242984 -0.009244702 0.7360605 0.2373006 1.1001463 0.10609908 0.28851932 0.03360682
42 -0.6811956 0.3225471 0.9980977 -0.19647743 0.8221673 0.14887819 0.18038912 -0.038117297
17 -0.41271767 0.12298241 1.0571678 -0.40798417 0.3729143 0.7122219 0.6264826 0.08652032
41 -0.24868453 0.36712506 0.91900915 -0.40733832 0.33348933 1.2555674 0.68743 -0.26519376
18 0.24716492 0.108940296 -0.045650203 1.250545 0.6136491 -0.61154187 -0.4357317 0.35736027
20 0.32879087 -0.03651554 0.57786095 0.025591312 -0.32126915 0.9206947 0.5621384 0.37471265
40 -0.69416815 -0.17612532 0.91196674 0.08778828 1.0966243 -0.0050881244 0.3983422 0.07788728
31 -0.6722431 0.16297054 0.8445164 -0.16329774 1.0443066 0.35398698 0.3075365 -0.016785271
44 -0.50957376 0.36496234 1.0454335 -0.34643555 0.49174368 0.98766893 0.43014082 -0.3104386
23 -0.31334585 0.12015045 0.5563735 0.6079209 1.1062251 -0.3352079 -0.37747473 -0.08419877
45 -0.8457242 0.30863047 1.2314541 -0.40013668 0.8094895 0.60610396 0.5374028 -0.32480708
19 0.4609389 0.26927793 -0.123028435 1.1851631 0.18521582 -0.9457732 -0.66310406 0.8619661
49 0.07790276 0.14356127 0.9125946 -0.44356897 -0.090545475 1.1984649 0.6514546 0.062565036
15 -0.20102035 0.58846563 0.4437582 0.6416326 0.50221086 -0.33712888 -0.39812794 -0.06770626
10 0.6665217 0.28694114 -0.32340494 1.160775 -0.39713106 -0.43276525 -0.3389796 1.0828466
29 0.32222822 0.26539853 0.76266944 -0.5415428 -0.18917042 1.2986891 0.62828857 0.24174486
39 -0.5539607 0.43544665 1.1098725 -0.29637718 0.7735162 0.4028637 0.49094638 -0.3178313
24 -0.054551743 0.25156024 0.2457684 1.0221723 0.72967553 -0.8829559 -0.5574974 0.31107023
47 -0.42733383 0.24058676 0.95724976 -0.42367038 0.3873001 1.2517066 0.7112428 -0.19996573
8 -0.50354064 0.23276834 0.69080216 0.11193821 0.74764836 0.66421247 0.141116 -0.27722415
4 0.52183354 0.48944655 0.6118285 -0.5309058 -0.7223438 1.4254168 0.5278268 0.32104567
38 -0.5131922 0.4925836 0.9696705 -0.38487223 0.5286989 1.1893574 0.47158968 -0.44081184
13 0.5987251 0.6474279 -0.22022851 1.1852449 0.07559135 -0.4921771 -0.9196257 0.4679622
34 0.3119431 -0.14358424 1.1106616 -0.6084738 -0.17501448 1.2728443 0.5714409 0.1281718
16 0.3851057 0.36353394 0.7714686 -0.6346365 -0.14842072 1.4264576 0.5982517 0.10276071
35 1.09114 -0.027470374 -0.2668962 1.3768144 -0.3960195 -0.97775614 -0.5104225 1.3298457
46 -0.66704 0.52891403 0.8777329 -0.1750876 0.91425675 0.51897734 0.3907235 -0.32377043
30 0.05308518 0.3789874 -0.027323248 1.4253018 0.605411 -0.9642638 -0.6808241 0.3415839
5 1.2028677 0.57678896 -0.1647088 0.5707996 -0.91258925 0.021638224 -0.042115595 0.99901533
9 1.1999449 0.7222142 0.34488302 0.017218722 -1.0737628 0.56218463 0.09777993 0.47838205
22 1.1188813 -0.017642943 -0.39964837 1.634301 -0.41790032 -0.98631656 -0.7602073 1.3355738
2 0.7357836 0.07529117 -0.2709834 1.5678539 0.035801418 -1.3474523 -0.6751537 1.1937407
37 1.3073277 -0.012504365 -0.47642812 1.5093817 -0.5821258 -0.6951321 -0.6822514 1.3403258
12 0.45919028 0.34833714 -0.26873887 1.5131814 0.28010854 -1.4081408 -0.80931693 0.9693819
14 1.4422405 0.7708041 -0.07461051 0.35682335 -1.4919702 0.68147504 -0.22636002 0.8582736
7 0.890845 -0.07028827 -0.3055473 1.5615392 -0.053712316 -1.211637 -0.6520824 1.2617522
48 -0.64915127 0.42789945 0.6534466 -0.22305737 0.91629237 0.8458115 0.56793475 -0.10286799
33 1.4999218 -0.17090192 -0.4815237 1.5504133 -0.70427465 -0.53688335 -0.71981174 1.4599514
32 0.94911015 0.3268405 -0.35543075 1.5968572 -0.33113754 -1.2946978 -0.8149628 1.2128214
0 1.0508487 0.114249796 -0.27433634 1.5093695 -0.2992481 -1.2355754 -0.991407 1.3612932
11 1.1457821 0.59557956 0.4130676 -0.155426 -1.4990005 1.3146893 0.20237006 0.4682778
3 0.604527 0.34461743 -0.26215175 1.6092452 0.2317727 -1.5134445 -0.89528924 0.9874836
21 1.15125 0.085586555 -0.56258404 1.6698825 -0.66509503 -0.67176604 -0.81712335 1.27542
25 1.4787495 0.45578444 -0.42223406 0.86544544 -1.0881104 0.23567566 -0.42584077 1.081078
