50 8
6 -0.5685575 0.091905534 0.20815526 0.7238532 -0.24793324 -0.53613186 0.36227256 -0.39916915
43 -0.44322827 0.7043568 0.3967447 0.31496727 -0.91633296 0.1851212 0.6788669 -0.32876852
1 -0.3222183 0.56142914 0.32452807 0.48203263 -0.5847777 -0.25794134 0.6721012 -0.46743822
23 -0.0004843105 0.063686915 0.3965702 0.6179491 0.21652038 -0.766362 0.1781334 0.43433106
19 -0.573163 -0.12802829 0.27110797 0.89492637 0.025712717 -0.5579972 0.19713911 -0.3788549
40 -1.0040944 0.16553342 0.3070999 0.6601558 0.43039662 0.13487335 0.40412137 -0.35414094
49 -0.2121654 0.8714266 0.5689223 0.055417873 -1.0719371 0.11299025 0.693615 -0.013129757
29 -0.52105385 0.5228999 0.5169626 0.2829011 -0.6056952 0.08070904 0.69236004 -0.20656337
39 -0.7486915 0.17596439 0.20500323 0.8928821 0.8659904 0.26373652 -0.37614194 -0.038077675
4 0.17888214 0.833401 0.7684822 0.06315702 -1.0169309 -0.002760527 0.45512393 0.110884845
48 -0.5730446 0.58238786 0.03808657 0.8351133 0.76023567 0.5438224 -0.36327705 -0.10905541
28 -0.18880643 0.9424235 0.7564193 0.041727826 -0.97614014 0.20415902 0.68602204 -0.40638518
24 -0.39974913 -0.4193213 0.19268435 1.0022905 0.499665 -1.1836929 -0.08315074 0.17344101
20 -0.20694025 0.51279634 0.56283474 0.2844953 -1.0920705 -0.5586079 0.5736557 -0.53275377
15 -0.40805703 -0.4293741 0.05643273 1.0058417 -1.0473804 -1.5008217 0.17022006 -0.5116085
8 -0.8621391 -0.5379037 0.02696462 1.2585517 0.5395499 -0.67265654 -0.25458175 -0.22518332
31 -0.70961386 -0.22858474 -0.044046875 1.1003695 0.19756322 -0.84278077 0.15898775 -0.49228802
18 -0.59181523 -0.45420998 0.18578117 1.167382 0.89739364 -0.4595747 -0.37542412 0.43444204
25 0.08604667 1.3123567 0.40622076 -0.12030956 -0.24477707 0.26811367 0.21633069 0.7096814
16 0.24050963 0.8356324 0.58570546 0.121451095 -1.0640457 -0.510405 0.3927441 -0.026809046
27 -0.03699424 1.2203261 0.3573848 0.16814268 -1.0189265 0.6884158 0.12030661 0.079428196
36 -0.021707634 1.1645188 0.5960002 0.08783129 -1.167881 0.32591015 0.66526365 -0.40800354
12 -0.14040466 -0.3418531 0.16481023 1.1330507 1.2193793 -0.45435134 -0.65636694 1.1402593
2 -0.64736426 -0.62327236 0.14787813 1.1747184 1.2362378 -0.5700918 -0.22864103 0.699646
26 -0.9403077 -0.7641096 0.1267393 1.1810492 0.33596575 -1.2802073 0.11596822 -0.3516422
41 -0.33016643 1.3759468 0.5569143 -0.02222494 -0.14654961 1.0868769 0.2830475 0.08763095
44 -0.4604939 0.43663865 0.47822097 0.3442778 -0.32778168 -0.531708 0.6755399 -0.43614763
46 -0.5007534 0.8809261 0.5578806 0.15917432 -0.22960415 0.5248877 0.59345543 -0.17313665
38 -0.2636387 1.3916824 0.5631878 0.011449956 -0.18100347 0.91238886 0.19319177 -0.05547922
34 -0.25781405 1.2002062 0.70038617 0.03231989 -0.5942741 0.70952964 0.5222425 -0.3762662
9 0.24345918 1.3345327 0.33370307 0.02788715 -1.0811732 0.53397965 0.16753489 0.51365155
42 -0.5482692 0.043618694 0.18279028 0.57179594 -1.0661443 -1.3059982 0.56103295 -0.59211797
45 -0.31237853 0.2321425 0.3650865 0.5522855 -1.4621781 -0.8750659 0.68531173 -0.76585644
3 -0.27360433 -0.22207694 0.243756 1.0204132 1.3233397 -0.63937235 -0.46899882 0.7207508
33 0.60401064 1.050591 0.7444897 0.2434231 0.84419966 0.4213111 -0.8925535 0.9778936
14 0.45002204 1.6348127 0.50825995 -0.06848975 -0.28446022 0.9496575 -0.2216888 0.75410795
17 -0.2834623 0.22412778 0.34340563 0.61302906 -1.4014416 -0.9360863 0.1407086 -0.7743241
0 -0.168413 -0.51635695 0.07101759 1.1884264 1.1530597 -0.9853874 -0.46655747 1.0507091
7 -0.75307375 -0.63628846 -0.33290556 1.5851856 0.2040906 -0.6793726 -0.65747577 -0.15259215
11 0.41163778 1.3661592 0.67524195 -0.21048054 -1.1559649 0.039029237 0.44466236 0.35109288
30 -0.5411434 -0.4491392 -0.17822206 1.4282252 1.4496713 -0.38557997 -0.5428023 0.71910477
21 -0.3722479 -0.12289754 0.3376486 0.90117615 1.5016543 -0.18263151 -0.7969285 1.0430021
22 0.8081218 0.35658944 0.6179028 0.67521006 0.41265723 -0.07272299 -1.1552597 1.2764057
13 -0.55027 -0.6743432 0.064623095 1.3479209 1.1771947 -0.48192632 -0.4233176 0.71679455
35 0.2659985 0.5557835 0.5172389 0.63172644 1.2743031 0.6119274 -1.0497539 1.4408121
10 0.4196757 0.26341248 0.12582225 0.6618595 -1.266961 -0.89386207 0.2758276 0.3495295
5 0.6932476 1.039702 0.34266493 0.05014633 -1.590094 -0.3224723 0.11799439 0.85209465
47 -0.1513112 1.3104389 0.54730445 0.17474723 0.14474663 1.3459494 0.08311897 0.20204543
32 0.07087837 -0.071663946 0.29653168 1.1557602 1.9383886 -0.037183378 -1.0035715 1.236236
37 -0.3125048 -0.32997367 0.060281426 1.3104305 1.7908701 0.046336774 -0.69840515 1.2146169
