50 8
43 -0.4751118 0.25893587 0.40198463 -0.18006614 0.9505806 0.30345076 0.39881697 0.18027042
28 -0.65039235 0.50697815 0.4334274 -0.42715052 0.77028644 0.29539457 0.48007768 0.50659084
20 -0.33111617 0.13611661 0.34486848 0.030149754 0.4991711 0.55860794 0.15681136 0.4623099
45 -0.46404305 0.086317234 0.9217158 -0.45908666 0.39584848 0.7445579 0.4604049 -0.121811576
18 0.16024226 -0.03019249 0.2141947 1.2346905 0.4486273 -0.6654026 -0.89402777 0.94510365
16 0.04285184 -0.55976564 0.4642214 0.14352988 0.19869539 0.77881914 0.39578626 0.4527182
13 -0.3243294 0.36869356 -0.114097245 1.020208 0.65007025 -0.38987184 -0.58387476 1.0773015
36 -0.47564036 -0.2198306 0.9738499 -0.56702065 0.45135033 0.95797074 0.7125991 -0.2740283
38 -0.4620774 -0.38068444 0.45597437 -0.44790283 0.92794025 1.0431479 0.83121127 -0.08182076
31 -0.72322047 0.23822051 -0.19366369 -0.074322976 0.89338654 0.1900669 0.27415296 1.2003134
4 -0.3254275 -0.12172275 0.7689289 -0.51026976 0.22257257 1.2282425 0.7546247 0.065851465
40 -0.14752166 -0.17488278 -0.18366323 0.90963274 0.43702444 -0.07047652 -0.26039016 1.2219026
34 -0.59110844 -0.48543188 0.41779003 -0.36336404 0.67680925 1.2123826 0.3510805 0.13186719
6 -0.84222317 0.10183587 0.0492512 -0.2604979 1.0833173 0.15184185 -0.04721049 0.8143906
27 -0.9135574 -0.19269823 0.4151215 -0.8593859 0.9271073 0.81710565 0.5450711 0.39601696
46 -0.49400625 -0.49788684 0.27476174 -0.5117584 1.0567678 0.98195547 0.2996927 0.20643276
41 -0.5567808 -0.43799862 -0.07650599 0.3798003 0.8380221 0.64627516 0.30405423 0.485613
23 0.52645665 0.8568716 1.4743776 0.17193782 -0.059900362 -0.011092833 -0.08939608 -0.35396633
26 -0.51934195 0.33113563 0.4522061 0.52714866 0.50697327 -0.8642461 -0.29388934 0.8895619
39 -0.5792629 -0.45607123 0.20126958 -0.3411606 0.8475996 0.93714595 0.5184257 0.39330733
42 -0.24246088 -0.14589384 1.105416 -0.7720313 0.53034115 0.47945088 0.39118907 -0.09641458
47 -0.39516133 -0.49299046 0.8828396 -0.50778747 0.5661612 1.024803 0.42999956 -0.25602835
1 -0.18023942 0.21658781 1.3170478 -0.5810322 0.120401375 0.9262467 0.4391073 -0.42904115
48 -0.5541111 -0.23098229 -0.2676615 -0.3376567 1.4190754 0.68245023 0.20009688 0.73143935
49 -0.27514535 0.087536566 1.2496285 -0.75052774 0.16520393 1.1421841 0.6687906 -0.37034538
12 -0.23125084 0.8491947 0.5080126 0.89103895 0.47881612 -1.114035 -0.7153095 0.8325398
21 0.37091365 0.28689495 0.9202255 1.4120266 -0.3134072 -0.37051877 -0.9346307 0.26445642
5 0.78743494 0.19698091 1.4039148 -0.0590036 -0.17293353 0.7031626 0.673778 -0.42653796
7 0.2015187 0.66431874 0.3685946 0.9554684 0.52772534 -1.0932947 -0.58631194 0.93436193
14 0.85187966 -0.47345582 0.7330758 0.6069687 -0.029639857 1.6298022 0.007263464 -0.46316049
17 -0.04475956 -0.2421815 1.309404 -0.5126289 0.26744777 -0.45599645 0.05203513 0.34460908
44 -0.5541016 -0.6491215 -0.30796203 -0.12811345 1.0319134 0.49521682 0.43013674 1.1832048
29 -0.18633488 -0.19103241 -0.28199694 0.54760975 0.9621656 0.13886814 -0.0983979 0.977024
24 0.53013146 0.67567843 1.6134775 0.24726747 -0.4576197 0.24143733 -0.12939268 -0.3744859
9 0.35043457 -0.27476946 0.99425596 0.092796214 -0.0097157955 1.0600611 0.7744233 -0.33154926
25 0.91448253 -1.2094122 -0.13968502 1.6403567 0.4355958 0.82139796 -0.18371993 0.3116092
11 0.82650465 -0.585095 1.2468245 0.45068303 -0.293889 1.3592572 0.32139105 -0.7125756
19 0.24709971 1.2820681 1.2580702 0.26282647 -0.0620276 -0.82195747 -0.91045016 0.5297303
8 -0.8249054 0.17692213 -0.7252117 0.50066566 1.2967066 -0.22363757 -0.17931327 1.5481555
10 -0.9915833 1.1203486 0.25049344 -0.16129044 0.7845872 -0.45886356 0.0751156 0.9517522
0 0.7740121 0.63320005 1.2421381 1.5052994 -0.5308373 -1.0066196 -0.79858065 0.39632028
35 0.86415803 0.27816823 0.6604349 1.8219749 -0.44676843 -0.50540787 -0.12772363 0.61768246
2 0.7973906 0.487399 0.93072456 1.4981236 -0.2276692 -1.0278921 -0.66485494 0.6016752
3 0.9961766 0.5046498 1.3021536 0.8743854 -0.380477 -0.6052016 -0.21445936 0.19520004
15 0.3059728 1.2368467 1.4544312 0.3245564 -0.41154122 -0.8183715 -0.43221444 0.43439308
32 0.9367422 0.06629611 0.07382936 1.9068027 0.11379917 -0.7101452 -0.5344771 1.111635
22 1.1508638 -0.8999595 0.97431874 1.606718 -0.38049918 -0.42896622 -0.7345444 0.34445012
37 0.88427657 -1.2204038 0.952585 1.5830193 -0.773265 0.024621138 -0.044318255 0.38145834
30 0.38600415 -0.12245988 -0.19305253 1.9512624 0.4315641 -0.7420971 -0.39484155 1.0800731
33 1.2752458 -0.5937222 0.74895763 2.373606 -0.8380446 0.034277666 0.05290414 0.3082658
