50 8
43 -0.1957914 -0.2803161 0.3596616 -0.2729026 1.3266494 0.49100947 0.8826609 -0.19790308
6 -0.32414496 0.5867626 0.7158336 -0.012324069 0.5052178 0.61010456 0.9218082 -0.44527495
1 -0.22737464 0.7518342 0.798073 0.121111974 0.36845255 0.79719764 0.7365296 -0.6014886
20 -0.06542648 -0.6449102 0.78314215 -0.49516174 -0.48893547 0.60077685 0.036767274 0.36208215
49 -0.2721397 -0.43679625 0.83610874 -0.82387143 -0.054995537 1.3253819 0.530671 -0.4452846
17 -0.3981898 -0.10022671 0.7654106 -0.80766666 0.09496277 0.1683083 0.28830826 0.53555936
33 -0.03715247 -0.5639366 0.5803251 0.57549375 -0.4315314 -0.8657298 -0.39301786 1.5147083
26 -0.66732997 -0.2033506 0.13343887 0.78167236 0.3443333 -0.71940225 0.46941602 1.18214
42 -0.43791336 -0.6253345 0.18243293 -0.4701669 1.4839981 -0.014660861 0.84394276 0.38573813
9 0.4363802 0.2806366 1.358718 -0.15696187 -0.28219834 0.684089 -0.15501115 -0.58423626
45 -0.34442094 -0.6879345 0.5525252 -0.4484027 0.25856936 1.1605586 0.8299978 -0.38889948
10 -0.12936106 0.17076692 0.6395983 0.82145023 -0.08435578 -0.6435648 -0.4530538 1.0528554
23 0.6185194 0.97104454 1.1080393 0.28479818 0.16449125 0.054423634 -0.4637491 0.13882619
11 0.102416106 -1.2184103 0.8515554 -0.12874998 -0.6628021 0.31009677 -0.7418135 0.7058843
19 0.36538243 -0.016145812 0.81256807 0.7478065 -0.23089957 -0.7317217 -0.8357356 1.1848005
12 0.2100177 0.7155891 0.48298213 1.2241575 0.58577424 -0.36509687 -0.05440796 0.5322279
15 -0.2094688 -0.51344854 0.44717556 0.21760593 -0.18136764 -0.89205265 -0.15271014 1.6620902
38 0.099830896 0.4194409 0.86090684 0.5251585 0.18344308 1.1997144 0.35580733 -0.92372036
48 0.08542598 0.060646795 0.6915579 -0.37409657 0.5900221 1.0168706 0.671462 -0.44307715
5 -0.053312585 -0.4906769 0.4697599 -0.08149378 -0.15555058 -0.45099297 -0.038516942 1.4604199
18 -0.31486604 -1.0471662 0.091021486 0.6488224 -0.025101744 -0.22010803 0.13964127 1.226052
39 -0.13726442 0.7402781 0.7445604 0.43769187 0.10665011 1.2679875 1.0067791 -0.89107823
35 -0.06587612 -0.30126104 0.38265827 0.32006648 0.42105192 -0.88111573 -0.04830917 1.421732
40 -0.3281995 0.52235335 0.24569906 0.48319423 0.4518024 1.208113 1.464113 -0.4938083
27 0.116458826 0.6382951 1.1078141 0.11002298 0.14908822 1.1650082 0.44836092 -1.0199227
4 0.23642522 0.57199794 1.1853589 -0.202732 0.25583324 1.1005168 -0.22361143 -0.7282916
16 -0.049453247 -1.5452427 0.31169534 -0.8604199 -0.040263977 0.38307023 0.29931426 1.1628908
31 0.060961865 0.6296004 0.73103005 0.3992198 0.3077487 1.469472 0.46884757 -0.82426494
8 -0.6372046 0.29816473 0.15933062 0.65252686 0.5829174 0.942004 1.1017338 -0.33839312
44 -0.66753584 -0.2554677 0.6986648 -0.37310442 0.85738647 0.04149213 0.6698518 -0.17527495
28 -0.31443602 0.139489 0.63474673 -0.3498288 0.4733108 1.5345157 1.0270318 -0.8354088
3 0.02872179 3.2503995e-05 0.4001252 0.6516312 0.2201961 -0.9398233 -0.21417245 1.5813555
0 -0.06674734 -0.6439204 0.34245917 0.6532166 -0.06920301 -0.76561546 -0.23755823 1.578333
21 -0.010289003 -0.5852916 0.9109015 0.5337165 -0.76260823 -0.21735683 -1.1315134 0.9393049
22 0.047115486 -0.9037998 0.53263456 0.5644402 -0.21728331 -0.71257275 -0.91164684 1.6509019
46 -0.71868825 -0.49550563 1.0265676 -0.90118426 -0.114582255 0.33210245 0.0896139 0.051052324
36 0.06994538 0.6497967 1.0526328 -0.13675664 0.36698958 1.3058923 0.27353814 -0.97482544
37 0.4448474 -0.8837379 0.35368204 0.53461146 -0.119834475 -0.29471582 -0.42470163 1.4341115
14 0.7533986 0.16916454 1.2153492 0.19568485 -0.71651506 1.3008665 -0.85801524 -0.3219785
29 0.58020115 -0.843957 0.67098826 -0.16994156 0.56563264 1.7991439 -0.3460403 -0.683979
41 0.35088512 0.57402754 0.9477145 0.34204027 0.22843923 1.2588522 0.3280937 -0.9325273
7 0.23928948 -0.026205977 0.1674427 1.1472329 0.41935182 -1.0000858 -0.1380086 1.7144163
34 0.49543414 0.5356977 1.1982675 0.4654746 -0.018197287 1.2147019 -0.06906009 -1.0587026
13 0.38373688 0.52456766 0.41296306 1.1640526 0.7292165 0.16071598 -0.5177987 0.4152023
32 -0.31920004 0.15723024 0.2789409 1.0906082 -0.16521367 -1.0635551 0.08016853 1.6700301
30 -0.38998112 -0.4460996 0.40256378 0.50632054 0.63227195 -1.1174358 0.15072465 1.1295918
2 -0.10160986 0.29106823 0.5974463 0.89348453 -0.116033435 -1.3692425 -0.24072684 1.6574484
24 0.045984052 0.23796707 0.7979891 0.37351215 -0.10566633 -0.99907774 -0.6280266 1.4371738
25 0.75711465 -1.5369244 0.5554556 0.048725236 -0.8004038 0.6350871 -1.02017 1.209992
47 -0.27248743 0.09435045 0.42820612 -0.21953169 1.0795201 1.3101823 1.2474387 -0.76597846
