50 8
23 -0.18899775 0.061907794 1.1553106 0.06356872 0.029558517 -0.3858118 -0.7215342 0.08797533
43 -0.65359265 0.4384345 0.3576261 0.41709578 -0.3987212 -0.41270515 0.08323254 -0.80728215
46 -0.53529346 0.5863352 0.60952 0.08289813 -0.36317667 -0.16611701 -0.2731763 -0.614366
24 0.18407653 -0.06456794 1.2657049 0.12065406 0.15404074 -0.39864045 -0.7564697 0.9251961
1 -0.5430261 0.6621832 0.64850944 0.048969105 -0.59190416 -0.20749709 -0.19107956 -1.0572896
15 0.07660504 -0.15808572 1.1623534 0.2877202 0.022857504 -0.5639 -0.4611607 0.70231533
20 -0.12769867 0.054728344 1.3578165 -0.08571753 -0.4460273 -0.6252235 -0.49193466 -0.35996225
19 0.19240084 -0.06768034 0.93596065 0.39683285 0.19572839 -0.27914357 -0.62449104 1.2298658
14 -0.42076212 1.4576061 0.34339136 0.24871649 0.41211778 1.1738443 -0.3393342 0.19593424
30 0.21590456 0.09426482 0.28449243 0.8282717 0.19825181 -0.36386403 -0.09175392 1.4523549
28 -0.63069344 0.6557617 -0.06819616 0.40151018 -0.763458 -0.4007859 -0.11395643 -1.0111318
44 -0.047220685 0.013656092 0.4270479 0.28100488 -0.6200524 -1.0697438 -0.06033711 0.2764957
0 0.2960366 -0.23847726 1.2280022 0.34070766 -0.023828253 -0.5566916 -0.3659833 1.1860632
10 0.08066286 -0.10069833 0.8772418 0.20750372 -0.8024908 -1.2524118 -0.053730957 -0.36216462
25 -0.07091734 0.9802781 0.23957357 0.34041852 0.42261267 0.6363682 -0.37268448 1.2386467
16 -0.23200166 0.7670191 0.5401903 0.04051802 -0.6013818 -0.3062941 -0.05799612 -0.529226
18 0.20114772 -0.061857022 -0.005103155 0.93028784 0.29611728 -0.57270455 -0.18539621 1.9169942
42 -0.37845674 0.060897604 0.3019046 0.21068276 -0.702225 -1.2735671 0.10950027 -0.27291507
12 -0.033269756 0.84009206 0.0190188 0.9449739 0.73797417 0.4722675 0.15029533 1.0037531
27 -0.9392479 0.65120965 -0.023781389 0.47814274 -0.8143108 -0.15646589 0.08589802 -1.1162694
4 -0.65214163 1.2329702 0.5147969 0.080873735 -0.25286436 0.40424547 0.048725296 -0.98305
17 -0.4078013 -0.18535048 0.61800116 0.2871605 -0.8096447 -1.1717788 -0.10102969 -0.61942214
45 -0.16542903 0.028318692 0.91668516 0.264581 -0.6266965 -0.85296667 -0.24119611 -0.83976614
49 -0.6515927 0.7058108 0.905951 -0.041709095 -0.70485306 -0.040575553 -0.3467759 -1.4587604
6 -0.623196 0.4963679 -0.4498728 0.6036149 -0.69374216 -0.6169144 -0.007147656 -0.55646926
41 -0.7537517 1.3345009 -0.41277808 0.5187266 -0.050980456 0.32295406 -0.095909946 -0.9103972
36 -0.78754073 1.1045084 -0.17564079 0.46691427 -0.5284003 0.092354044 0.04045168 -1.2487823
9 -0.8427259 1.6405704 0.07195893 0.13170744 -0.059071068 0.8434767 -0.015350831 -0.8190259
3 0.24936435 0.04866317 1.0753837 0.36244276 0.5888477 -0.17952992 -0.55367255 1.5116128
31 -0.31553268 0.4742238 -1.0928448 1.1291068 -0.23336074 -0.95300955 0.1964006 -0.21077749
7 0.32736778 -0.21287435 0.33508262 0.8321306 0.25978756 -0.6986856 -0.28304303 1.7492969
5 -0.06345841 -0.19559953 1.3563715 0.0024674376 -0.66792333 -0.76498735 -0.28494793 0.05018401
34 -0.6734342 1.3889251 -0.033162 0.40922704 0.09077945 0.6082949 -0.12528802 -0.8400277
21 0.15145585 0.57630605 0.50462633 0.60322493 0.9742778 0.44011757 -0.44730428 1.9506617
22 0.31181598 -0.33540997 1.0843804 0.6754882 0.5068353 -0.4040265 -0.4514188 1.5875847
38 -0.8324019 1.395529 -0.15397383 0.35478407 -0.3334967 0.4578373 -0.025540026 -1.1050181
13 0.24526109 -0.0836026 0.20609543 0.9562989 0.45733267 -0.5027743 -0.09791617 1.8354206
37 0.17353036 -0.025917757 0.8102103 0.4793286 0.48421544 -0.4643272 -0.12599136 1.7418276
2 0.5571763 0.32336986 0.7512896 0.75602525 0.7921672 0.11817138 -0.20380929 2.067525
35 0.62879527 -0.009638281 1.030197 0.4202507 0.49056342 -0.5122849 -0.35144678 1.9811428
26 -0.32842988 0.19683528 -0.80898345 0.9359184 -0.47687063 -1.1283637 -0.040012933 -0.09911234
29 -0.5384123 0.71149343 -0.91452354 0.8236334 -0.30826566 -0.3224027 0.010896964 0.22709063
40 -0.642204 1.0757431 -1.227894 1.0557628 0.35260993 -0.18322395 0.44216222 0.38021377
39 -1.0205708 1.5886825 -0.84503436 0.6269494 -0.02491135 0.5857491 0.025044527 -0.971313
47 -0.95130813 1.6550938 -0.48456416 0.46285906 -0.18386619 0.6357479 -0.13091569 -1.413482
11 -0.6725377 1.1143954 0.99055254 -0.27434498 -0.30707565 0.42131218 -0.45997292 -1.1947603
33 0.394751 0.4159374 0.7972518 0.35611266 0.93790495 -0.07351211 -0.5168589 1.9086477
32 0.5257641 0.21199949 1.0908691 0.50667346 0.82398474 -0.020298209 -0.2482414 2.089088
8 -0.25680602 -0.33600283 -0.6646738 1.1863626 -0.269068 -1.398686 0.17358871 0.75307345
48 -0.73919886 1.6860588 -1.1250309 0.7755764 -0.3280234 0.5270232 -0.10583038 -1.135841
