50 8
39 -0.32010755 0.4887769 0.16125458 0.27641788 0.072979696 -0.0026314205 -0.07604184 0.7217706
43 -0.28939885 0.8409405 0.009273796 0.56100243 -1.108144 -0.051768597 0.015173379 -0.6909982
48 0.51223 0.6794976 0.27625564 0.33624506 -0.21940085 -0.26820117 0.060837418 0.84993577
24 -0.75953573 0.3447371 -0.052163493 0.5332142 0.20138884 -0.56898266 -0.659357 -0.52578115
19 -0.5236317 0.40585834 0.17479889 0.22274834 0.57383794 -0.5469132 -0.7398212 0.14273684
2 -0.6317173 0.1622369 0.46716213 0.30343887 0.884997 -0.2448351 -0.57923514 0.624439
44 0.12933865 0.63356054 -0.029047426 0.48655722 -0.5904197 -0.6048959 -0.15838586 -0.03816861
31 -0.5811332 0.24749763 -0.061330058 0.50375706 0.14364515 -1.0513959 -0.57111484 -0.363284
27 -0.30305445 1.1388931 0.22611198 0.21903484 -1.060319 0.17432408 -0.21462782 -0.81898004
29 -0.34705126 1.031841 0.10748668 0.010729233 -0.5051977 -0.3563611 -0.22567804 -0.39969417
18 -0.39036286 -0.24598682 0.3628639 0.3896319 0.9311622 -0.8174646 -0.52529675 1.2782526
26 0.008659019 0.05478534 0.10838432 0.6267383 -0.2895426 -1.1923138 -0.5933208 -0.009973166
41 0.43393496 0.99248207 0.030716438 0.55048907 -0.8827273 -0.31086668 0.2737392 -0.108072996
6 -0.17258778 0.29978064 -0.15189397 0.68320817 -0.6157368 -1.2512339 -0.3358652 -0.56892467
23 -0.46608445 0.57471395 0.3216088 0.16190901 0.352308 -0.088180624 -0.51881206 0.20507587
16 -0.21814592 1.0995005 0.4784013 0.07033801 -1.0510514 0.13995259 -0.09174407 -0.6010418
28 -0.16689005 0.71514213 -0.041505612 0.7197005 -1.2767444 -0.4009225 -0.07369974 -0.92026746
1 -0.5543025 1.1851386 0.12971029 0.13956134 -0.49361685 0.98728234 -0.086740576 -0.078948736
25 0.36041215 0.7908467 0.32697856 0.13155659 -0.7776492 -0.3391535 -0.06295657 0.45318434
42 -0.62437296 0.5916749 -0.47788006 0.396089 -0.42316046 -1.2303568 -0.48481044 -0.77852184
36 0.14101423 1.0017892 0.16140836 0.6309064 -1.2655427 0.22837757 0.33118 -0.38100097
20 0.3862679 0.96569246 0.34132957 0.24675846 -1.1327302 -0.86305636 -0.10447417 -0.5410728
34 0.14214863 1.3292325 0.31115684 0.45257288 -0.9895308 0.8782594 0.43784454 -0.17825498
38 0.17375022 1.2040923 0.2948004 0.35410827 -1.1436418 0.26486847 0.1568708 -0.3513733
45 -0.23205283 0.9340647 -0.26896706 0.6941735 -1.2831577 -0.15579 -0.11793641 -0.9644919
40 -0.69648725 -0.08340217 0.23721872 0.4143053 1.3614974 -0.52564514 -0.046077233 1.4634279
12 -0.31074163 -0.0097261 0.28032607 0.34735587 1.0864688 -0.59632945 -0.32975742 1.439366
30 -0.5795126 -0.06997827 0.38836384 0.33287326 1.1573292 -0.4163241 -0.3277196 1.3745053
15 -1.0634699 -0.12584324 -0.0626172 0.6456636 -0.39473033 -1.0301044 -0.50156254 -0.6243708
17 -1.5727577 0.4514207 0.035063885 0.33963993 -0.24557096 0.18883473 -0.7586637 -1.0552484
7 -0.29521993 -0.18251446 0.08225929 0.5452302 0.23620929 -1.7081728 -0.702012 0.12047727
13 0.0934022 -0.20673935 0.34451112 0.72661406 0.727326 -0.671538 0.05978974 1.5371784
14 0.17810608 1.3869272 0.558573 -0.007473455 -0.005596259 1.3242446 0.26402572 1.0218035
21 -0.45914513 0.019806752 0.82172805 0.2327035 1.0826589 0.02928855 0.066837564 1.6396015
37 -0.6530051 0.16449867 0.79478675 0.21712482 1.2145376 0.5313696 0.05324796 1.5940514
4 0.5338286 1.2883327 0.5399824 0.53065014 -1.6868105 0.71988 0.80271155 -0.11690201
11 -0.3296572 0.94273186 0.21703766 0.67492086 -1.3494604 0.96267843 0.11247835 -0.6236949
0 -0.9720114 -0.3056223 0.24014309 0.33134022 1.0189966 -0.94041854 -0.9001248 0.64048356
10 0.6306174 0.68926924 -0.0594198 0.9007838 -1.4412073 -1.1963187 0.5838984 -0.49332654
49 -0.4835585 0.7215193 0.3463684 0.73464966 -1.1921637 0.91003865 0.2603962 -0.44758776
8 -0.036182713 -0.26180008 -0.17753653 0.98380595 -0.43287486 -1.7069181 -0.5280323 -0.195908
3 -1.1868746 -0.12197479 0.21883775 0.44821146 1.2428988 0.058177784 -0.7419312 0.6934315
5 -0.6155599 0.54300076 -0.014640043 0.8721848 -1.0760976 1.1610155 0.15270239 -0.05424849
9 0.08153182 1.4361876 0.2930929 0.3154595 -0.8378117 1.2394314 0.47112823 0.18207848
46 -0.8466689 -0.33786055 0.33143583 0.68305385 1.1772407 0.32037723 -0.12192817 1.7981958
22 -0.013218352 -0.16331519 0.7563082 0.6960416 1.3630475 0.13484077 0.15825373 2.135313
33 -0.51855844 -0.15602371 0.7545192 0.5847662 1.3696421 0.86522204 0.37479034 2.347025
32 -0.21210738 -0.16156521 0.77498794 0.6291735 1.3789752 0.3576115 0.4167821 2.377092
35 -0.07810753 -0.15296361 0.9637802 0.5637661 1.3469609 0.45724133 0.2063334 2.274056
47 -0.9242295 0.80184674 -0.104997136 0.8513393 -0.9746813 1.2104528 -0.03813541 -0.7987826
