50 8
39 0.57749397 -0.032152813 0.109990776 0.95878035 0.68833935 -0.09937508 -0.05315365 0.16125637
38 0.68337333 0.16931084 0.23232414 0.6572756 0.097102724 1.4016099 -0.19372104 -0.51057184
42 -0.18834795 -0.2280491 1.1663005 -0.33184794 0.6098159 -0.12227827 -0.7587021 0.20231885
19 -0.029908946 0.10318876 0.36556152 0.94206977 0.5756391 -0.86913353 -0.6888421 0.2556799
1 0.53829384 -0.35352638 0.3862596 0.80369514 0.80056286 0.294277 -0.18317999 -0.6730948
23 0.006531595 -0.05090191 0.5788642 0.98111045 0.56761867 -0.78735745 -0.6788504 -0.44480747
24 -0.14059885 0.05163779 0.518138 0.9795197 0.5353529 -1.0450482 -0.5453413 0.2798007
25 0.6164571 0.41948715 0.19087993 0.78775305 0.061675362 1.0901119 -0.29003805 -0.6105844
26 -0.24473058 -0.342313 0.6994061 0.3867159 0.607216 -0.65199846 0.16733378 1.5821646
37 -0.26589975 -0.2762002 1.0347501 0.3893553 0.5339443 -0.8897321 -0.3258388 0.47300112
13 0.24188578 0.3146799 0.45203787 0.6076587 0.4211248 -0.031348776 0.25954157 0.46783075
12 0.26345924 -0.04186634 0.22016917 1.202996 0.57364887 -0.55230445 -0.33201936 0.004849274
45 0.61953485 0.019689241 0.75684494 0.08529711 0.27849996 0.8389267 0.25298432 0.07679208
43 0.45550826 0.5531514 0.75798595 -0.22197478 0.3090327 1.0722662 0.40585002 0.2843712
6 -0.30898166 0.07530599 1.1134008 -0.20301393 0.6275436 -0.6165093 0.28462297 1.314716
48 0.3502209 0.089978084 0.5430203 0.29077032 0.5906507 0.65178865 0.062056173 -0.13603257
18 0.18857256 0.14945766 0.32773945 0.8498275 0.5701886 -0.8887871 -0.58744425 0.51597875
40 0.22052185 -0.0359968 0.28313154 1.0628979 0.62525594 -1.1077756 0.07702314 1.0223975
15 0.3408142 0.5902598 0.624733 0.30732808 -0.07536282 0.64561313 0.19588244 0.38026902
7 0.12474668 0.1434814 0.39581546 0.53934574 0.27812418 -0.17255408 0.29088682 1.4371523
3 0.108718745 0.079642564 0.009681262 1.4617791 0.30831134 -0.42046463 -0.46247652 0.11381537
31 0.34968224 -0.37852517 0.56609154 0.4430767 0.78990465 -0.63736606 0.0069192406 0.969502
14 0.6088905 0.4090025 0.14702603 0.52630484 0.038453046 1.6271968 -0.3865142 -0.46154058
35 -0.22204848 0.43070847 0.5212985 0.85712326 0.13418053 0.15418017 -1.1389561 -1.0348824
34 0.7300706 0.17935374 0.4429904 0.15434413 0.0015559689 1.9053674 0.04023364 -0.15303119
4 -0.22398748 0.7736034 0.9954171 -0.14669137 -0.33262163 1.5976888 -0.30948916 -0.5345938
2 -0.0015425027 0.08482254 0.53309506 0.9293764 0.599429 -1.3334149 -0.71301484 0.26966947
32 0.029634582 -0.07301766 0.17288622 1.4151137 0.617791 -0.463383 -0.56015366 -0.518896
28 0.16064242 0.949086 0.52533543 0.1268675 -0.112615384 1.3930544 0.36733124 0.33841005
33 -0.17827716 0.003241787 0.15062715 1.5449151 0.24757528 -0.010223371 -0.85982364 -0.8195082
41 0.58134097 0.13776496 -0.076997444 0.9719305 0.3283806 1.3496492 -0.36910716 -0.7167986
30 0.16041408 -0.056828212 0.5613502 0.7545314 0.651795 -1.0794591 -0.5005584 0.36663577
44 0.3493546 -0.44028544 0.51590896 0.4777682 0.9638749 -0.7597345 0.12238844 1.0326633
36 0.26960504 0.5929118 0.43068108 0.31812674 -0.16134323 2.149519 -0.03340793 -0.6247938
0 0.01552673 -0.041777212 0.17216279 1.3534143 0.557458 -0.91313744 -0.73902065 0.06846387
27 -0.2337107 0.7010814 1.2515212 -0.6330232 0.16142184 0.75043994 0.39937627 0.7118128
8 -0.34503612 0.057480328 0.74509555 0.36161563 0.38671115 -0.3961171 0.5026664 1.5122038
16 0.5114007 0.20685615 1.0617906 -0.53972286 0.37294605 1.0171813 0.2938557 0.20034267
46 -0.71879715 0.6393609 0.92899555 0.048156824 0.4419487 -0.5445219 -0.7514716 0.27231526
21 -0.13367455 0.4654514 0.13618915 1.4981052 -0.43919802 0.58215046 -0.18000387 -0.18217729
10 -0.73799676 0.6953739 0.5179547 0.7409506 -0.263869 -0.06141151 0.07576902 1.2800193
5 0.08239553 0.81916016 1.2025791 -0.58842033 -0.1727271 1.1296687 0.32263803 0.6064127
9 0.14683786 0.3645943 1.3126999 -0.38251045 -0.14928155 1.2337295 0.14669913 -0.16515428
22 -0.5524784 -0.11450805 0.7521393 0.630822 0.34505406 -0.33953124 -1.2086409 -0.35422763
17 0.2795211 0.005952361 1.3728423 -1.0342233 0.7944103 0.21440543 -0.07794759 0.73448116
29 0.40881413 0.20999095 1.2273426 -0.8714062 0.62603277 0.29966566 0.29373497 0.9512291
20 -0.2371646 0.48768035 1.0163885 -0.5481785 0.013088076 1.2127633 0.06527119 0.7328704
49 0.28793237 0.29737747 1.1390275 -0.6409012 0.076359004 1.7370322 0.56301075 0.3760507
47 0.19828855 0.42465493 0.37049922 0.92939633 -0.019758835 1.1478598 -0.50672513 -1.2719474
11 0.62991005 0.21765897 0.8796621 -0.40614104 0.066890076 2.1089268 -0.05347379 -0.52051395
