50 8
6 -0.825391 -0.05625285 0.14397673 0.6172048 -0.14433159 -0.5238347 0.28234154 -0.717656
43 -0.79264325 -0.19043607 0.25913858 0.6667346 -0.107135594 -0.8572087 0.22345276 -0.750472
39 -0.2424592 0.6745805 0.606263 0.54578716 0.68134767 -0.41281068 -0.31346327 0.55329764
40 -0.28865656 0.7063061 0.4639384 0.64560205 0.8426928 -0.78168344 -0.010096805 0.4821915
26 -0.7271619 0.08521526 0.21230045 0.7620915 0.33078238 -0.8274917 -0.08992744 -0.49446458
41 0.33591756 0.5285182 0.15097712 0.7364141 -0.54860634 0.7003932 -0.08767726 -0.28122845
19 -0.7043188 -0.0039707525 0.45951667 0.8353971 0.5365038 -0.5938588 -0.31796226 -0.047984194
29 -0.633407 0.5035433 0.1334776 0.4624796 0.12690228 -0.2686373 -0.09498509 -0.12555175
12 -0.71230894 0.13116664 0.52754796 0.8687145 0.78572434 -0.5462265 -0.082266465 0.46734366
15 -1.332021 -0.24820887 0.71552527 0.22199644 0.016109785 -0.56299406 0.31419393 -0.33283687
18 -0.9359873 0.2576045 0.9590618 0.4161873 0.93433595 -0.5990349 -0.23667787 0.56141275
25 0.4341779 1.321367 0.49572697 0.15871005 -0.016487796 0.016807353 -0.07976683 0.4891982
8 -0.97076505 0.12935127 0.5104237 0.501065 0.39879715 -1.0462011 -0.22686148 0.018156063
28 -0.5590816 -0.19567072 0.48279178 0.31702048 -1.0475872 0.29953942 0.4167886 -0.9371086
2 -0.4194452 0.47452947 0.531643 0.7180853 0.88918453 -0.33270383 -0.1196997 0.45335668
13 -0.9170274 0.031263188 0.38675284 0.6224122 0.433227 -1.1238519 0.17589277 -0.23495963
23 0.063813865 0.80190843 0.5781369 0.7341995 0.81435466 -0.7535429 -0.05604896 0.7677268
31 -0.767237 0.16877098 0.442776 0.7959369 0.7739683 -1.0141631 -0.3431361 0.0629758
48 0.43441203 0.6819762 -0.097954355 1.0090709 -0.13430186 -0.45277217 -0.39945012 -0.18712321
4 0.3847079 0.65598804 0.30953243 0.28183618 -1.2018842 1.03364 0.39204937 -0.3750424
14 -0.020159842 0.64183295 -0.056190193 0.41212842 -1.2501823 1.3474096 0.46227854 -0.5150362
24 -0.97212803 0.08282156 0.4820777 0.74115306 0.8683011 -0.9310562 -0.3349537 0.0029423526
45 -0.23026173 0.42008698 0.21841526 0.11826384 -1.1545875 0.59496593 0.36372024 -0.9036141
27 -0.45309675 0.08664879 -0.09793281 0.49246532 -1.2683038 0.6330484 0.4515729 -1.0828545
36 0.35797232 0.83097196 -0.21120578 0.5478101 -1.1517178 0.96767217 0.6828828 -0.45531002
10 -0.33039275 0.02297878 0.3393723 0.41839755 -0.96691203 0.1872845 0.5399677 -0.8031119
17 -0.20531695 -0.15760712 0.16503914 0.5619972 -1.5913441 0.90287036 0.18145904 -1.2494941
30 -0.15349992 0.82554513 0.7366977 0.43909046 0.8253992 -0.9089172 0.114923365 0.5965017
46 -0.659094 0.01951754 0.2817807 0.22113416 -1.2431372 0.68048555 0.29127228 -0.8078822
20 -0.29199636 -0.02067787 0.39252707 0.3387652 -1.1409185 0.287794 -0.0017881598 -0.9521617
34 0.26388237 0.7993082 0.089980625 0.39605686 -0.9149923 1.129669 0.2526046 -0.21274264
38 0.5136493 1.0306448 -0.26173377 0.40834057 -1.3878422 1.0121325 0.2610195 -0.49332324
44 -0.050133817 0.853966 0.69327646 0.3493236 0.44267052 -1.0046134 -0.6481698 0.45921147
16 -0.11419522 0.4524299 0.22140789 0.19477394 -1.0096529 0.34675312 0.43052804 -0.8852062
1 0.46841508 1.0016912 0.018702036 0.7301728 0.055019643 -0.059610937 0.012815306 0.059276693
49 -0.728484 -0.2668142 0.4867602 0.19525667 -1.4589759 1.0415416 0.23071735 -1.0888245
35 0.81744474 1.3466262 0.51684093 0.36928993 -0.0833115 0.41770393 -0.43411386 0.78292644
22 1.0049206 1.2033074 0.66773355 0.3834519 -0.19632626 0.47270548 -0.1929856 0.52634555
0 -1.076093 -0.038382504 1.0947528 0.5641324 1.101928 -0.82297176 -0.21415143 0.59062237
21 -1.0138859 0.31700054 1.0366366 -0.021676082 0.40342462 -0.010334225 -0.2454855 0.39539373
9 0.046204768 0.42853865 0.02209167 0.34108397 -1.6522708 0.96776766 0.4205559 -0.93825793
7 -1.4053812 -0.23585187 0.576093 0.6171597 0.7042024 -1.1159416 -0.3197871 -0.1575595
42 -0.5094555 0.60216767 0.5108361 0.13491857 -0.10011333 -0.54738826 -0.11925426 0.14357075
5 -0.13766009 0.23919001 0.3464771 0.33899832 -1.4416925 1.4355544 0.76948667 -0.5040799
37 -0.13194942 0.851701 1.0559946 0.26616985 0.747667 0.08115438 -0.47533712 1.0761232
32 0.15920076 0.75462556 0.8794175 0.6985713 0.99341065 -0.5710115 -0.08328939 0.860282
33 0.17552774 0.9527859 0.99593204 0.2866907 0.44210696 0.66490847 -0.50800896 1.122299
11 0.20696786 0.57061183 0.5164933 0.12018053 -1.4287205 1.447886 0.16113727 -0.14922746
3 -1.192797 0.3317218 1.1603316 0.28018305 1.4484515 -0.45632645 -0.44042122 0.7550508
47 0.8338937 1.0645223 -0.016563933 0.5886402 -0.90136147 1.0618001 0.31661955 -0.26607388
