50 8
14 0.52099717 0.76149166 0.9113945 0.38431057 -0.7262488 -0.2912848 -0.13114536 0.053214185
10 0.45265502 0.08870489 -0.23609199 1.2905774 -0.32957178 -0.46222863 -0.10793564 0.82453907
9 0.91622734 0.6262504 1.0980841 -0.08769965 -0.588551 0.032758847 0.13290721 -0.6236207
4 -0.13083836 -0.21972136 0.21926107 -0.5166238 0.05797861 1.5560846 0.4530924 -0.13485889
7 0.7685404 0.25210866 0.56647277 0.9645066 0.30563223 -0.87743914 -0.21220174 0.7322335
38 -0.12884842 -0.4081034 0.3165697 -0.5870761 -0.30817407 1.5642853 0.6481576 -0.2316999
34 0.13307315 -0.3493323 0.4514728 -0.45921576 -0.08133835 1.1020802 0.33894712 -0.06433619
43 0.02812445 -0.381833 0.057071924 -0.4259854 -0.01381237 1.5668315 0.6113106 -0.18942511
17 -0.2428608 -0.6576494 -0.38989118 0.020604659 -0.0856331 1.5214841 0.7149316 0.14543308
16 0.06548289 -0.7063936 -0.55433327 0.07680877 0.14851396 1.350191 0.47691664 0.37232855
1 0.3326045 -0.11047713 0.49063188 0.2086043 0.12493005 0.20010062 0.13993691 0.18435036
23 0.7110923 0.62472653 1.0901026 0.5588543 0.27596658 -0.7516481 -0.52369946 0.5199819
27 0.11037732 -0.24822907 0.41288948 -0.72242844 -0.2239791 1.579879 0.6314474 -0.48266903
36 -0.3997492 -0.41631004 -0.21316098 -0.048615802 -0.14045961 1.5271803 0.67267936 0.08783139
18 0.28039548 0.050777286 -0.040436126 1.4261047 0.19391972 -0.5713491 -0.3462947 0.9755152
20 -0.22045228 -0.665464 -0.3321035 0.027976377 -0.19704607 1.358286 0.52792823 0.24978887
26 -0.16742979 -0.87171 -0.4593204 0.6694956 0.22967654 0.599854 0.6156595 0.7251577
19 0.7919847 0.7382956 0.9919704 0.6071273 0.10917768 -0.8703791 -0.4813127 0.71723294
3 0.6359074 0.70027137 0.7589421 0.8952164 -0.022036975 -0.927459 -0.46545246 0.78544253
15 0.60711974 0.64249533 0.5541723 0.9362373 0.096766524 -0.7847908 -0.33446503 0.7582752
25 0.7256469 0.20372318 0.14293273 1.1163336 0.29248586 -0.57303494 -0.40340322 0.75815797
8 -0.42059708 -0.88326025 -0.602524 0.27301466 0.09283102 1.4656949 0.47277847 0.42788935
35 0.61687547 0.6285743 0.8741136 0.9653657 -0.08920389 -1.0910338 -0.14723316 0.72180796
24 0.59876335 0.7156224 0.90034205 1.0601496 0.12175368 -1.1932989 -0.53060704 0.98919165
37 0.59990495 0.5622403 0.6832937 1.1984644 -0.20828262 -1.1525489 -0.2624938 0.88483566
21 0.6903446 0.8171033 1.011411 0.72850466 -0.41896394 -0.8496903 -0.42933482 0.42424652
39 -0.22449265 -0.5586807 -0.21615855 -0.23418629 -0.02856275 1.8478538 0.7725748 -0.14770436
44 -0.2593525 -0.67704546 -0.19855686 -0.08170812 -0.07033444 1.7884068 0.6905897 -0.19881134
28 -0.184161 -0.5481696 -0.3501273 -0.18200871 0.21791437 1.7805887 0.52901584 0.030261569
22 0.38259393 0.49382633 0.673314 1.0934628 0.086094946 -0.9323211 -0.3669958 0.87091994
0 0.4836989 0.4615053 0.59406936 1.2099807 0.1843728 -1.0083089 -0.40651366 0.95088387
32 0.5940695 0.7589518 0.99798167 0.8248425 0.14986937 -1.139352 -0.21064359 0.7849447
45 -0.26282346 -0.6143749 -0.31686175 -0.118745975 0.0074021034 1.9383681 0.74681294 -0.17034002
31 -0.17866084 -0.48868105 -0.500383 0.077393785 -0.18505237 1.8013365 0.8190912 -0.21095116
47 -0.014321519 -0.3561883 0.030271547 -0.58176166 0.02093424 1.9503359 0.80845183 -0.44941846
41 -0.069360346 -0.49184075 -0.1670824 -0.2645522 0.09156534 1.9331685 0.80549973 -0.44474688
2 0.684655 0.97964317 1.3042365 0.7562918 -0.072038844 -1.155114 -0.4404622 0.571534
40 -0.13722983 -0.44781584 -0.13037527 -0.36595687 -0.06982408 1.8507783 0.7953093 -0.31681958
13 0.6642754 0.789971 0.9628469 0.97535557 0.19733644 -1.0499799 -0.50635964 0.73938787
42 -0.20911352 -0.48094535 0.029801909 0.31088823 0.48534146 0.6257996 0.5488833 0.44427234
33 0.65545475 0.8175688 0.7414963 1.1845884 -0.07855206 -1.218237 -0.35811105 0.8345133
5 0.58954597 0.9811783 0.50048774 0.7947817 0.043432306 -0.4313019 -0.1952449 0.29650432
48 0.32993367 0.7198392 0.88747096 -0.088521816 -0.3447496 0.23931669 -0.023459386 -0.12522413
29 0.48862284 0.0059791277 -0.30044803 0.7192428 -0.019962667 0.2542406 -0.18342304 0.5311363
11 -0.15528935 -0.27648667 0.33299023 -0.64557135 -0.44026673 1.7268428 0.5404399 -0.3991574
49 -0.26955223 -0.17453092 0.6178205 -0.47305772 -0.24694364 1.3145437 0.82092947 -0.49997118
6 -0.13704188 -1.0273983 -0.4545315 0.05975757 0.040986635 1.6904769 0.57148534 0.1122199
30 0.5981378 0.55803055 0.35617694 1.4701917 0.11829727 -0.96963 -0.30132443 0.76009107
12 0.5307001 0.97935504 1.1489719 0.8970241 -0.081953704 -1.0441774 -0.4701173 0.5521267
46 -0.14291865 0.40590674 1.1877053 -0.093465194 -0.47037703 0.4432037 0.010870814 -0.40723765
