50 8
1 -0.5121921 -0.068971306 0.46084097 -0.47802287 0.3272453 0.8804145 0.6756203 0.58127755
20 -0.4781633 -0.57974494 0.08349981 -0.10164938 -0.14776772 1.1580212 0.63951707 0.40957054
42 -0.4944876 0.23676924 0.8331879 -0.63626814 0.48875907 0.3318939 0.46161532 0.8400914
43 -0.6685612 0.1562202 0.30080214 -0.5209474 0.03809972 0.87569225 0.8768837 0.65240467
4 -0.39300898 -0.16404617 0.091437966 -0.32142997 0.0075497194 1.0519971 0.64492166 0.56557125
41 -0.2678486 -0.7169189 -0.055539317 -0.14040186 0.11069042 1.3712708 0.6602063 0.38149133
28 -0.8425004 0.1620399 0.19840278 -0.6245746 -0.025857853 1.0266519 0.95092523 0.72388434
19 -0.19966064 0.87351537 0.5899646 0.06887992 0.17176764 -0.12161927 -0.1532965 0.61498225
45 -0.5754994 0.30703703 0.44557688 -0.47782904 0.054516345 0.597671 0.90719974 0.7346635
38 -0.82956576 -0.18286218 -0.02536682 -0.18953365 -0.22441295 1.0560209 1.0980835 0.5521883
36 -0.7461443 -0.04372614 0.22432269 -0.60534084 -0.037399407 1.168201 0.96609104 0.5884145
49 -0.3720291 -0.4781364 0.15766619 -0.43497735 0.083168656 1.2263513 0.660317 0.5497489
27 -0.41483772 -0.3126184 0.3534007 -0.6502195 0.39152768 1.2627436 0.5947754 0.5137064
46 -0.47114924 -0.036592636 0.38262725 -0.2939507 0.0953394 0.9023104 0.3673056 0.4650861
17 -0.6459845 0.25890714 0.706993 -0.85227954 0.3397214 0.65722084 0.64897996 0.84506345
26 -0.62020177 0.53298086 0.5608769 -0.07219392 0.0047442648 0.12141301 0.8095104 0.59459674
47 -0.74492073 0.105869785 0.6662169 -0.8216969 0.47397447 0.9757284 0.64962506 0.59575504
15 -0.3289368 1.229014 0.91663784 0.18564674 0.098475315 -0.34469724 -0.1742526 0.41472957
34 0.72795737 -1.2289839 -0.27728727 0.33794925 0.15333085 1.2813777 -0.20669581 0.3231054
44 -0.7675944 -0.024039952 0.4816962 -0.522567 0.10503551 0.90242404 1.0456176 0.5214043
16 -0.31720498 -0.1593206 0.10733211 -0.2554783 -0.013999425 1.0828966 0.30893275 0.5251003
48 -0.29361042 0.13656709 0.38014722 -0.27248865 0.12125285 0.47680542 0.5372356 0.6448582
23 0.76054 0.60163856 0.6038558 1.3159834 0.29960185 -0.6882431 -1.0812389 0.24141204
10 -0.7827943 0.6200855 0.49952865 -0.24692747 -0.03918732 0.039083432 0.6586521 0.87679505
13 0.67180336 0.31812477 0.40007716 1.162115 0.48149902 -0.4295084 -0.61675787 0.22364147
6 -0.7426113 0.21594147 0.68804944 -0.6147344 0.31634632 0.5914181 0.6979685 0.7276984
40 0.69706154 1.1392603 0.3013063 1.565659 -0.29152668 -0.88830346 -0.6006536 0.18805338
39 -0.7184328 -0.064974315 -0.14928947 0.2473271 -0.55888927 0.7534796 1.0661753 0.4632326
25 1.2284796 -0.91215837 -0.22938737 1.2120152 0.11922203 0.5976258 -0.74694514 0.08673713
8 -0.69041294 0.42161745 0.6206128 0.08239451 0.09363303 -0.08766661 0.6112628 0.63380235
31 -0.8734302 0.7441803 0.37218145 -0.2548092 -0.32448298 0.22581582 0.92286533 0.79096746
7 0.86022544 1.1300395 0.5827043 1.3445652 -0.031092571 -1.0662595 -0.68004596 0.32258233
11 -0.16564365 -0.766967 -0.013889089 -0.27165663 0.024437275 1.7337294 0.2416462 0.22284476
18 0.8728865 0.6283098 0.28627208 1.7005224 -0.063846916 -0.7777994 -0.80662763 0.19789416
9 -0.15347724 -0.9175332 -0.11504854 -0.26425588 -0.25104132 1.703196 0.65406877 0.37036675
21 1.2139378 0.31513014 0.19676822 2.0456347 0.032962654 -0.60271007 -1.4410533 -0.008013462
5 -0.28619778 -0.08815084 0.22782762 -0.62890244 0.07925756 1.1951785 0.6042584 0.60329646
14 1.0365666 -0.84912735 -0.5435965 1.3914677 -0.17065018 1.1123197 -0.890041 -0.21524166
29 1.0068344 -0.6489212 -0.24439116 1.0007348 0.31872135 0.6347702 -0.64152175 0.117313504
32 1.415001 0.010881915 -0.06577122 2.2972116 -0.15830964 -0.31556714 -1.2876382 -0.19529061
3 1.1445113 0.77514976 0.41833815 1.5907823 0.04592561 -0.8451097 -1.1349071 0.25869492
12 0.9203407 0.7322714 0.41755965 1.8606625 0.13240859 -0.9372296 -1.2279626 0.13911524
24 -0.20615587 1.0010532 0.5031621 0.7867698 -0.08840652 -0.6258361 -0.50028425 0.49699008
37 1.4102437 -0.22897942 -0.18213879 2.361674 -0.27764967 -0.21524486 -1.1974037 -0.18004408
30 1.0350885 0.9616151 0.3734677 1.8432088 -0.3128407 -0.9744451 -0.833646 0.13401343
22 1.5498288 0.0022301604 0.015270793 2.1816938 -0.1335553 -0.4874207 -1.3709724 0.006224754
33 1.2456741 0.19846042 -0.111183025 2.226435 -0.24928321 -0.36993635 -1.2105333 -0.05632211
2 1.0878729 0.7259712 0.59992826 1.837676 0.20344374 -1.0410689 -1.4205947 0.14164719
0 1.1054436 0.8873039 0.64584064 1.8439697 0.42313242 -1.1045314 -1.4098451 0.11611678
35 1.2447718 0.30652893 0.13945681 2.083592 -0.20738187 -0.7145797 -1.1568811 0.1304445
