50 8
1 -0.14783925 -0.25358626 0.96266925 -0.1486995 0.7866529 0.683644 -0.050655752 0.029095493
46 -0.25980356 0.09241607 0.84874934 -0.0021270085 0.19382313 1.0790005 0.4864915 -0.4776
40 -0.030834125 0.28288728 -0.041487772 0.6726478 1.2454929 -0.08376013 -0.5571013 0.7349637
28 -0.3405142 0.53621763 0.53046626 0.0028695737 0.11402739 1.1612202 0.8200064 -0.22476603
43 -0.5828147 0.39967978 0.06163908 0.16866004 0.5890527 1.3389095 0.8520501 -0.047358714
38 0.005530507 -0.109288245 0.88200706 0.12123752 0.059002854 0.93627155 0.4962963 -0.56275076
6 -0.6470562 0.2846511 0.15266001 0.26299986 0.89939576 0.9319311 0.055316333 0.11636234
42 -0.29039365 -0.05776956 1.0563556 -0.21311937 1.1492151 0.28083768 -0.3352209 0.40788507
31 -0.62780166 0.3375728 0.1805366 0.13424556 1.0048103 1.0587897 -0.13371071 0.15197702
41 -0.18512858 0.29444647 0.9003942 -0.13967417 0.5778722 1.0777315 0.48718262 -0.6080841
49 -0.114448786 -0.2768504 1.2002031 -0.24130014 0.037044957 1.1130891 0.8079904 -0.45186907
27 -0.08865203 -0.027369745 0.46071982 0.03469626 0.3258251 1.3857918 1.0018138 -0.30277085
26 -0.7533634 0.30874518 -0.0052068057 0.4995983 1.1383258 0.21440205 -0.035320226 0.83314186
45 -0.31980342 0.085536584 0.7648881 -0.1137664 0.8857786 1.0093468 0.13113974 -0.2256152
39 -0.42247856 0.17436583 0.5441321 0.040366393 0.8886171 0.9985702 0.2576678 -0.25600335
36 -0.13311544 0.19656098 0.92919254 0.0031522368 -0.20556839 0.91896266 1.10757 -0.3586915
8 -0.8483851 0.6036588 -0.2505543 0.4306009 0.88355666 0.851058 0.020742657 0.5026686
4 -0.0149412565 0.23329258 1.0006005 -0.03093943 -0.49279457 0.96732813 0.7166186 -0.3560593
18 0.17241964 0.17491455 -0.07504664 1.1690074 0.610288 -0.5586243 -0.98118144 0.8784973
29 0.35518658 0.2056095 1.375265 0.15166572 -0.14476837 0.15504056 -0.02019206 -0.5227916
44 -0.24088675 0.06420069 0.22107503 0.2775501 1.0354645 0.9286719 0.21056375 -0.16091068
16 0.08225202 -0.12522127 1.1263146 -0.20420173 -0.024435207 1.1435975 0.7561879 -0.54031044
7 -0.15239227 0.27778363 -0.5996365 1.2844979 0.3376106 -0.44851902 -0.26808125 1.4954529
34 0.62973773 -0.15717076 0.94210565 0.12446775 -0.6523445 1.0443234 0.80570406 -0.63359594
20 -0.1666008 -0.2509275 0.539445 0.21827327 -0.4054141 1.1076907 1.4053102 -0.22037387
17 -0.27413702 -0.4172408 0.8728674 -0.13905352 0.7942408 0.5404835 0.5614234 0.36846736
21 0.3856511 -0.07783348 0.083485425 1.4720095 -0.8297132 -0.8493013 -0.6676392 1.1753024
47 -0.20378868 -0.025317647 0.73269117 -0.03029611 0.059452225 1.2102075 0.91533273 -0.34186882
48 -0.2923275 0.09415669 0.50121665 -0.09117548 0.65635735 1.3084369 0.4292092 -0.11609503
23 0.48189646 -0.058871903 0.71157897 0.45931402 1.409047 -0.3609442 -0.6748478 0.2465745
19 -0.044227112 0.68100506 0.007863533 1.1317421 0.23856476 -0.88019556 -1.2732631 1.3452805
12 0.18811357 0.41252354 -0.3882654 1.5289104 -0.18302381 -0.72580105 -0.68207365 1.237096
9 0.8687446 -0.41347748 0.88740015 0.44795313 -1.4222912 0.62571496 0.6960789 -0.26640907
11 0.99993116 -0.27016 0.9705019 0.6496728 -1.5384845 0.4367438 0.26630217 -0.44888902
25 1.0947261 -0.42861643 0.6850481 0.68500483 -0.840674 0.5112436 0.24512094 -0.4892646
3 0.89745617 0.052099533 0.5801108 1.25481 -0.46292737 -1.0962806 -1.0640142 0.77778906
5 0.370532 -0.02336025 0.43581715 0.40375787 -1.3816592 1.0224222 0.9554593 -0.033671115
15 -0.28839636 0.74473757 0.5742878 0.66377383 0.4799089 -0.8979342 -0.9964812 1.1465269
22 0.8889177 0.34376338 0.107687056 1.5415945 -1.1824267 -0.91756797 -0.23703137 0.86537164
30 0.5858379 0.45350406 -0.43024805 1.5829828 0.08585186 -0.8178877 -0.9694191 1.1883283
14 1.145744 -0.08884287 0.6819664 0.82976866 -1.4387499 0.2389539 0.4088484 -0.2398348
37 1.0836095 -0.3706089 0.7171714 1.2271025 -0.79134226 -1.1255839 -0.6166634 0.84809697
33 0.9490231 -0.0930481 0.019658923 1.5467719 -1.4589682 -0.32819086 0.2556419 0.31963462
2 0.5254351 0.25923792 0.47652158 1.4316761 -0.40710235 -1.2549101 -1.1901574 0.8931938
32 0.7162891 0.4938179 -0.20959377 1.8133106 -1.3760054 -0.70263064 -0.23554967 0.6961884
10 -0.14909053 -0.061585847 -1.1137244 1.4840783 -0.24559344 0.4505739 0.1550324 1.1024126
24 0.24546348 0.33334222 0.6773055 0.91728115 0.4160403 -1.1864532 -1.4802933 1.1275172
35 1.1059173 0.21209247 0.42252466 1.2628297 -1.6196061 -0.3427481 0.11270624 0.1271627
13 -0.32812658 0.55223817 -1.1599694 1.4386668 0.29881343 0.09341111 0.046036493 1.2953601
0 0.004260012 0.13350856 0.25228763 1.1458695 0.6058593 -1.1011789 -1.6737273 1.3676043
