50 8
39 -0.27813032 -0.06992206 0.42129236 0.082989305 0.8810904 0.16752996 -0.38642478 0.24901514
31 -0.5752978 -0.25087413 0.70555985 -0.24646589 1.1318448 0.044151902 -0.6327841 0.02598976
19 0.26713896 0.2612932 0.62556154 0.45031267 0.25120264 -0.43337706 -0.76837355 0.45393252
43 -0.53180265 0.10210591 0.34608412 -0.3541605 1.1094208 1.238974 0.4802275 -0.08150582
46 -0.70507395 0.21164073 0.95031476 -0.46405655 0.2266839 0.6817106 0.65241486 0.26794907
29 -0.16565825 -0.26304412 0.30272833 0.06854823 1.3015277 1.0866048 -0.10878416 -0.53729194
12 0.87503606 0.15731911 0.43009126 1.2780818 0.19717339 -0.3181683 -0.63755894 -0.07495276
30 0.62509173 0.34587508 0.27395415 1.1038005 0.5848378 -0.4975912 -1.0385962 -0.05463993
24 0.27871478 0.3296264 0.563251 0.5790673 0.47937673 -0.37168136 -1.0174963 0.11092106
6 -0.46287236 -0.1572626 0.7270274 0.01980925 0.92103046 -0.27363658 -0.44061464 0.08841071
28 -0.93249905 0.34748155 0.5796799 -0.53749275 0.44291285 0.5353475 0.7686129 0.8523978
45 -0.8053443 0.24839158 1.1747055 -0.68477863 0.18446587 0.8613187 0.6029833 0.05835403
26 -0.420542 -0.22672184 0.6941564 0.3675515 0.5376956 -0.7094387 -0.605378 0.5315093
41 -0.7705786 0.21056956 0.4703172 -0.36441895 0.8328551 1.2921011 0.8973392 -0.083029605
42 -0.71912605 0.029389918 0.9313308 -0.50895524 0.72000426 -0.12566662 -0.23581152 0.46424732
18 0.43656233 -0.046829473 0.386908 1.0955449 0.4966355 -0.6415697 -1.1974821 0.1817509
21 0.8761419 0.031057293 0.08796692 1.446814 0.3153303 -0.34435716 -0.9623412 0.23500669
47 -0.5321102 0.31974077 1.1928161 -0.6000758 -0.05326954 0.15676375 0.3679754 0.6702098
44 -0.39920458 -0.4858634 0.47951493 -0.08781629 1.402941 0.32599854 -0.4420339 -0.13789308
40 0.20384443 -0.08703635 0.34659135 0.601186 1.0958599 -0.11826029 -0.8341064 -0.22902995
27 -0.8886418 0.19886595 0.48897612 -0.758319 1.1465968 0.9607307 0.57693857 0.29205334
1 0.0060313023 -0.16988294 0.46761012 0.60144687 1.1025052 -0.36511546 -1.0048374 -0.24247345
0 0.1788754 0.14828977 0.82632524 0.5580858 0.0049416632 -0.75897586 -0.9868577 0.5293359
7 0.57437694 0.15812594 0.21618773 1.3027055 0.07243361 -1.1006563 -0.9199197 1.0341659
34 -0.44097376 0.18252991 0.8327677 -0.4561391 0.5106957 1.4082309 0.983965 -0.24342516
23 0.17033926 -0.015715547 0.82344407 0.22048178 0.8830322 -0.5243643 -1.0564647 -0.0922726
17 -0.84942216 0.15448657 0.704787 -0.5720354 0.11224711 0.583048 0.97339684 1.1515325
48 0.33934167 0.058410853 -0.05368679 0.9859459 0.85540926 0.2086453 -0.5593128 -0.059870616
13 0.84102476 0.08346562 -0.036866274 1.5199487 0.46362025 -0.6678697 -1.2180676 0.5140169
22 0.9752281 0.33856317 0.70174915 1.3730736 -0.6335867 -0.5848431 -0.40407285 0.44094616
8 0.07683861 0.115352094 0.1467118 0.7411724 0.6632604 -0.5320175 -0.8660948 0.5874596
38 -0.5462044 0.29205298 0.73320866 -0.36081773 0.6873708 1.4873359 0.88616055 -0.460078
36 -0.75379425 0.47919664 0.8518513 -0.410464 0.20225874 1.1113471 1.1557932 0.07732784
25 0.43815255 0.57124436 0.31280452 0.45595586 -0.08003596 1.4491571 0.8986735 0.010518818
16 -0.42703414 0.14351797 0.8012888 -0.37143904 0.3430242 1.2423694 1.0236595 0.025427869
37 0.92935395 0.14620033 0.43461868 1.6162677 -0.74105966 -0.67574495 -0.35173303 0.9226164
15 -0.2724981 0.33825225 1.1031886 0.21773134 -0.4576767 -0.95870715 -0.26847762 1.1054975
4 -0.290713 0.45384368 0.34619328 -0.01383978 -0.17616616 1.6128942 1.3988513 0.65838224
20 -0.80316186 -0.12222458 0.5093347 -0.084789395 0.2652183 1.2729237 1.2340958 0.40797365
14 0.540396 0.7543174 -0.25848845 0.8989581 -0.24596485 1.7329808 1.0281733 0.39198282
2 0.90625286 0.33721933 0.7426588 1.3873215 -0.6466082 -0.6323181 -0.80119383 0.36425465
3 1.0182798 0.30053094 0.19078057 1.5713254 0.054080326 -0.646479 -1.1406704 0.34462428
49 -0.65468 0.11381229 1.0335306 -0.3082948 -0.060968313 1.4828572 1.2886405 -0.087796636
9 -0.46729594 0.20144549 0.73750323 -0.038002677 -0.11696416 1.65569 1.5123739 0.04621303
11 0.038108606 0.3719804 0.5556686 0.42442393 -0.851413 1.4223659 1.2725387 0.62898827
35 1.2203528 0.21910149 0.47066674 1.6314411 -0.2649278 -0.25486928 -0.60109407 -0.0667907
5 -0.21756251 0.5608563 0.44388306 -0.008315993 -0.5882666 0.37339032 1.0240756 1.7362195
33 1.0023291 0.6550829 -0.209383 1.9345771 -0.8336862 0.4046504 0.44589156 0.71277404
10 -0.41684687 0.3229239 -0.22847067 0.91806704 -0.12405454 -0.37427673 0.1318461 1.7111725
32 1.3166335 0.36454967 0.1511258 2.0377035 -0.28103793 0.054221828 -0.50563896 -0.27742413
