50 8
1 0.09653412 0.01954389 0.9112625 -0.46123007 0.28969914 0.80794275 0.08630937 -0.23759885
20 -0.26245016 -0.058689676 0.43522847 -0.07173415 0.6870617 0.7239662 0.25870433 0.14974856
23 -0.04630126 0.16888 0.42004758 0.17929749 0.6251873 -0.10823816 -0.40247494 0.55920655
28 -0.36993256 0.31304297 0.9307658 -0.51234263 0.10634123 0.9969489 0.40508524 -0.37756428
6 -0.6288247 -0.11515725 0.22162664 0.045966215 0.9330061 0.84200186 0.33928487 0.21217157
36 -0.43061903 0.08008616 1.1129922 -0.52241784 0.10906181 1.039839 0.31820542 -0.68257177
29 -0.19119346 0.035128497 0.10909667 0.5953481 1.1751015 0.10011862 -0.697163 0.48919383
26 -0.8425159 -0.123359464 0.12189397 0.29391915 0.71148825 0.526022 0.7931952 0.48351353
49 0.013602179 0.09040552 1.1570405 -0.5545085 -0.3440118 0.9355823 0.20497783 -0.35177562
46 -0.6092838 0.4325059 0.8823997 -0.3355823 -0.01866409 0.95567137 0.21731642 -0.37452003
44 -0.25191334 -0.31803256 0.48859665 0.0046668747 0.6221259 1.0562634 0.37034717 -0.147378
41 -0.48597112 -0.100142136 0.75255436 -0.29305315 0.71088994 1.2292072 0.23705508 -0.6354363
16 0.18254286 0.027720544 0.78198004 -0.47231814 0.102103956 0.8697256 0.15672986 0.09863757
14 0.5744372 0.16290705 0.8995165 0.15874402 -0.6189782 -0.0626591 -0.51844686 0.5429646
27 -0.5243125 0.17726877 0.7810871 -0.6506138 0.7271292 1.1295462 0.32192993 -0.4385879
18 -0.12979327 -0.03864289 0.09623348 1.3772664 0.7051305 -1.0898417 -0.32270387 1.1860018
42 -0.66821367 -0.07927638 0.5818792 -0.24193637 0.5420382 0.81290776 0.40449622 -0.08471874
13 -0.33505458 -0.06776925 0.033548616 1.1567894 1.0771483 -0.36325037 -0.44516307 0.5884388
24 0.14372349 0.22536369 0.49537206 0.81936234 -0.0792596 -0.73882973 -0.7136295 0.9586952
34 -0.043418825 -0.078169845 1.0683644 -0.55167377 0.00031440402 1.0154525 0.37922314 -0.45355642
43 -0.56652415 -0.1493451 0.5047129 -0.100615524 0.85743284 1.1471106 0.6044558 -0.35265988
40 -0.62590927 -0.09283827 -0.03253863 0.4350986 0.846364 0.77201325 0.4956596 0.5321071
38 -0.45055363 0.22985554 0.84980285 -0.4974218 0.24255383 1.3676382 0.79003686 -0.5352476
19 0.4296876 0.16759087 0.5597066 0.8400028 -0.05561471 -0.9481511 -1.0369104 1.1197985
45 -0.44795388 0.22128263 1.0080309 -0.49578133 -0.19618379 0.9092058 0.44556805 -0.31124657
31 -0.7127455 -0.083599925 0.09150469 0.28163838 0.8867541 0.95552886 0.5212926 0.2436152
47 -0.24861449 0.10632201 0.99758804 -0.4077525 -0.2738758 1.2139683 0.5500926 -0.47000164
39 -0.13459216 0.10474023 0.7907348 -0.5161666 0.606754 1.0149465 0.69042164 -0.36198518
48 -0.22631332 0.17548437 0.59598017 -0.6503252 0.56033176 1.3690367 0.592867 -0.050499152
4 -0.0640228 0.038198613 1.2179949 -0.71746564 -0.53082985 0.9916199 -0.09008481 -0.29159012
10 0.024148304 0.22399847 0.1038983 0.79080635 0.7079908 -0.51542723 -0.49713913 1.1075974
17 -0.703231 -0.03628777 1.042973 -0.62772644 -0.16025874 0.8483038 0.4080377 -0.2659858
5 0.85026014 0.3548931 1.0875125 0.08941913 -1.0789949 -0.45878023 0.34264302 0.7779961
15 0.4740011 0.24978298 0.9456442 0.9486106 -1.062395 -1.1101494 -0.6253141 1.0349648
11 0.42671874 0.063617356 1.3022705 -0.24424453 -0.904629 0.7830438 0.28249276 -0.37633958
8 -0.65713954 -0.45312154 -0.17536841 0.7745108 1.1317451 0.6166253 0.13622311 0.52398676
9 0.53237605 0.13966878 1.4238774 -0.54689246 -1.2151845 0.7410043 0.3930271 -0.1878716
7 0.061871924 0.1445144 -0.08740578 1.3505917 0.8815531 -1.1656348 -0.42413932 1.5505546
2 0.3640699 -0.16308022 0.07799348 1.4532158 0.31399533 -1.2370663 -0.5282168 1.6022744
37 0.49320397 -0.4006716 0.6813152 1.4170907 -0.17836787 -1.572232 -0.8540123 1.1677881
12 -0.2069148 0.2513704 0.028279787 1.0465977 1.2305385 -0.89487296 -0.5646948 0.962086
21 0.4190664 0.21389407 0.49940172 1.29966 -0.46180588 -1.4017102 -1.0370314 1.5769724
3 0.59172535 0.073513746 0.33206034 1.3305967 -0.01017655 -1.2274985 -0.65513486 1.534569
25 0.79731655 0.09581333 0.5562263 0.12978923 0.19316621 0.21185715 -0.083342694 0.5671577
22 0.6048531 -0.18875767 1.0262656 1.1190242 -0.7233427 -1.5155925 -0.89289474 0.9941504
33 0.6539797 0.04710813 0.98153305 1.3127698 -1.2394203 -1.5156833 -0.52466697 1.1910684
0 0.27949253 -0.043198064 0.5010468 1.4756918 -0.54358864 -1.3384421 -1.1321284 1.5283111
32 0.15289883 -0.07741327 0.53625566 1.4812843 -0.35222387 -1.6211452 -0.75086397 1.4689362
30 -0.19669731 0.17976853 0.15420753 1.7184476 0.45121625 -0.85291934 0.40661237 0.6520453
35 0.6526198 -0.078625105 0.7978647 1.4436898 -0.6687449 -1.7008083 -0.7315393 1.265288
