50 8
1 -0.3958954 0.09061311 0.65942097 0.41521227 -0.029877588 0.6782665 -0.12103712 -0.5257346
49 -0.6281401 0.2738365 0.6353436 -0.019398877 -0.0014460335 0.22813405 -0.37575343 -1.1041459
20 -0.3884269 0.6478595 0.5907658 0.1309476 -0.31206602 0.3814753 -0.5444025 -1.1373658
46 -0.5191807 -0.50948703 0.72097105 0.3096039 0.43762067 -0.4185957 0.18067548 0.56913894
10 -0.045028638 0.010864974 0.7108485 0.37795132 0.35461292 0.32105124 0.32115343 1.1563952
6 -0.49944988 0.6705161 0.17027085 0.2270623 -0.09298209 -0.36115265 -0.3728116 -0.9234429
8 -0.5034717 1.0084006 -0.042273723 0.2374789 -0.19851312 -0.51653755 -0.6385764 -1.2220237
16 -0.42935288 0.76795 0.5065892 0.07440644 -0.3014086 -0.027921004 -0.34713164 -1.4032229
42 -0.6961463 0.51087093 0.059078366 -0.04515497 0.4354387 -0.8782092 -0.1681768 -0.8608889
41 -0.5380663 0.40334824 0.6204278 0.18775235 -0.15640171 0.36330363 -0.44548905 -1.4875054
45 -0.5249354 0.6054675 0.25011948 0.15232599 0.1359303 -0.4100798 -0.34891638 -1.3465835
34 -0.32757592 0.93741924 0.17885 0.5014511 -0.31659427 0.3313552 -0.6241968 -1.2899358
28 -0.73561716 0.3493947 0.44184908 -0.04014217 0.076647796 -0.5347077 -0.3514285 -1.3811879
18 -0.45470506 -0.25694647 0.24010447 0.26396194 0.87912285 -0.86971563 0.16181982 1.2619959
4 -0.48605308 0.4709254 0.6602667 0.08230438 -0.08107971 -0.12627032 -0.3537658 -1.4723685
48 -0.6621833 0.7579861 -0.04233761 0.4513313 -0.055182178 -0.3758695 -0.5661744 -1.410877
26 -0.6358827 0.30638918 0.108448595 0.16413562 0.520878 -1.1864091 -0.33321163 -0.9941746
43 -0.7627547 0.38466772 0.26406685 -0.0064708847 0.37792614 -0.6011412 -0.123682864 -1.331801
36 -0.7044772 0.6221991 0.24713619 0.23167007 -0.054770947 -0.067794405 -0.36820456 -1.5406846
37 0.13856052 0.42920467 0.5749454 0.3997666 0.1808981 0.47353643 0.19663423 1.8670346
21 -0.03265093 0.09097509 0.5921542 0.36770317 0.53015935 0.2392844 0.35216236 2.0413423
44 -0.7566593 0.55557036 -0.038973656 0.35150135 0.095424935 -0.9176086 -0.6992111 -1.4049249
5 0.11321647 0.17079231 0.8724156 0.49792904 -0.013254804 0.7580423 0.3781919 1.3686225
17 -0.57986903 -0.08554908 1.0087302 -0.060450077 -0.14712083 0.2309523 -0.17342535 -0.67850304
24 -0.013548312 -0.1709135 0.652674 0.28953388 0.7335846 0.20396623 0.2667428 1.956731
15 -0.3363333 -0.45285538 0.5869486 0.2520995 0.7409123 -0.95922154 0.26153377 1.1977165
38 -0.85208684 0.46636203 0.32905063 0.047859173 0.17206955 -0.049941473 -0.5177598 -1.7685878
22 0.079598956 0.15599903 0.5529151 0.4739057 0.39136353 0.3551599 0.0951265 1.6714549
14 0.13624537 0.8896128 0.46660253 0.26932603 -0.30882314 1.027043 -0.06646006 0.97808915
23 -0.04197103 0.13151291 0.51150084 0.26869535 0.62646365 -0.055623554 0.40169495 1.8115888
40 -0.71691 0.6237455 -0.08306143 -0.12060142 0.51312566 -1.1615123 -0.25892133 -0.88670367
39 -0.88717973 0.7178761 0.03334735 0.12759823 0.0068069976 -0.43703192 -0.65838635 -1.7937632
9 -0.31874037 0.60074574 0.54534376 0.17959608 -0.28883657 1.0917636 -0.049159057 -0.306362
31 -0.8183523 0.45593432 0.17732361 0.26701015 0.09839612 -0.42115405 -0.5216074 -1.7333944
3 0.072492145 0.22078952 0.47228897 0.48276585 0.56009704 0.13445778 0.40561745 2.2070918
32 0.18275072 0.124628976 0.6814382 0.52808756 0.32979795 0.2642451 0.38562447 1.958413
13 -0.13290206 0.14289112 0.038758017 0.76055455 0.6784318 -0.092354804 0.27616033 1.6592386
27 -0.8249237 0.30490032 0.28942245 0.19373661 0.16343053 -0.297378 -0.5091633 -1.7533476
30 -0.08629189 -0.15273325 0.26064843 0.6318516 0.8585419 -0.9176496 0.33455494 1.5951439
29 -0.100487724 0.6212151 0.35694692 0.55275357 -0.24923569 1.1048868 0.032075956 0.8223267
7 -0.027762195 0.114262305 0.37630382 0.42399323 0.65240526 -0.4881592 0.3943363 2.0008526
19 -0.13368468 0.03735419 0.34066623 0.44156122 0.6814446 -0.20342664 0.40724233 2.012753
33 0.109873556 0.03933519 0.5844761 0.3053197 0.71784645 -0.23063019 0.30789527 2.0746613
25 -0.23887317 1.171044 -0.047672786 0.19011997 -0.15873799 0.5422084 -0.3291551 -0.10476008
0 0.0007210276 -0.22705215 0.6520063 0.2478439 0.9103657 -0.39396703 0.39467794 2.160014
12 -0.038464185 -0.08848371 0.40340737 0.59624285 0.74804425 -0.30163166 0.4183772 2.0807679
2 0.021604082 -0.25378376 0.6870904 0.44601294 0.8275031 -0.15628697 0.49766168 2.3970828
47 -0.90412635 0.57780415 -0.09561974 0.44815806 0.087178566 -0.024435688 -0.5322481 -1.685466
35 -0.07678483 -0.045559995 0.5532065 0.22887304 0.77931005 -0.42351064 0.55205935 2.3697095
11 -0.07354966 0.73745495 0.84173733 0.2023188 -0.64868736 1.4192127 -0.39665854 -0.5439598
