50 8
36 0.1591788 -0.83114684 0.7808184 0.04536106 0.3105482 0.6211615 1.1199169 -0.48683336
1 0.4069409 -0.82775986 0.8272 -0.20962524 0.32557327 0.50172734 0.9914044 -0.27277178
23 0.84608644 0.27403346 0.72502285 -0.0048175813 0.45358208 -0.057453733 -1.0297493 0.3621493
43 0.53105795 -0.1374049 0.4978825 -0.2788103 0.35013703 0.48573264 0.6677251 0.5199444
34 0.29722044 -0.88626856 0.74116564 0.25424412 0.14236258 0.55440634 0.54216105 -0.5370407
41 0.18435192 -0.51122457 0.5567022 -0.26272902 0.7399882 0.4457411 0.5561523 0.3048442
14 0.30503824 -0.4250974 1.0092176 -0.13879293 0.09159968 0.70061177 0.81153446 -0.61201787
11 0.245177 -0.7364554 0.96872944 -0.5482496 0.27373943 0.8316979 1.1885821 -0.31215206
35 -0.011586259 -0.85560054 0.76353127 0.8730385 0.01318139 0.11479138 0.6827227 -0.6058287
10 0.21366899 -0.038958378 0.7687783 -0.3544371 0.009370204 0.5569619 1.0991402 0.4316491
8 0.17965244 0.8672223 0.16485475 0.6549272 0.18616791 0.09479835 -1.129813 1.3902875
49 0.25098974 -0.61489284 1.0182965 -0.30725592 0.18371862 0.5248417 1.2305608 -0.316136
28 0.07209779 -0.24587308 0.66298753 -0.52974784 0.38900667 0.60101575 1.1567818 0.58950937
24 -0.18231004 0.6244964 0.3113517 0.693594 0.20512699 0.16825238 -1.1914989 1.0863358
18 -0.0618199 0.5460069 -0.041473772 1.6022722 -0.0041213045 0.08321241 -1.1240852 0.869122
27 0.54205066 0.01044214 0.66799265 -0.73145384 0.5015211 0.32338032 0.8097087 0.8765412
4 0.35061076 -0.59234107 1.2857138 -0.83503586 0.47334874 0.5850065 0.8435393 -0.44025797
30 -0.08591933 0.38243473 0.2553141 1.6024717 -0.14755437 0.096256405 -0.92686236 0.1853659
22 -0.0916409 -0.966071 0.72446465 0.7381275 -0.08128418 0.26750216 1.0299125 -0.5104896
38 0.5331267 -0.39735365 0.7820555 -0.44761637 0.48702958 0.46845785 0.5883339 0.07427004
46 0.1873875 -0.3654575 1.1268002 -0.3001557 0.1448535 0.59110045 0.9822559 -0.44686672
25 0.4546542 -0.4774153 0.7843123 0.07781036 0.6356344 0.2529404 -0.5794898 -0.32144856
9 0.8200974 -0.6390653 0.9316005 -0.5488712 0.2327484 0.5839386 1.3244954 -0.26291096
39 0.028871084 -0.4137373 0.50229865 1.3454704 -0.083220445 0.37374172 -0.03404434 -0.73360574
40 0.5084079 0.5701591 -0.18580422 1.6567713 -0.027791478 0.038656726 -1.100714 0.7012065
33 -0.13059166 -0.8728189 0.5868914 0.8376719 0.086355925 0.39622864 0.7610094 -0.5148459
20 -0.16359079 -0.42035013 0.8007308 -0.74868006 0.80236226 0.5191919 0.7274915 0.5443576
37 0.3272647 -0.32816204 0.62267494 1.0352093 -0.58125263 0.20223211 0.6199417 -0.27206862
29 0.30466434 0.5557342 0.3904609 -0.11874095 0.70817816 0.2131485 -1.3651978 1.194281
5 0.6683175 -0.40023482 0.7306568 -0.09852968 -0.0416621 0.49474442 1.3496025 -0.08705822
42 -0.44369227 -0.7536394 0.671706 0.5486527 0.2937818 0.43739498 0.075149216 -0.2653026
47 0.07731284 -0.68664896 0.9352212 -0.026720168 0.29022664 0.6093846 0.8681298 -0.5683131
26 -0.06687667 0.680344 -0.0013914937 0.13799365 0.21415296 0.35684592 -0.17950687 1.882621
17 0.5195879 -0.20833538 0.8716264 -0.84292287 0.34292793 0.46277392 0.9959617 0.5195623
32 -0.57075363 -0.5533924 0.47420132 1.6564044 -0.10344799 0.36828217 -0.28631237 -0.66360646
16 0.29479212 0.024315843 0.603541 -0.8557637 1.069124 0.41904858 -0.4020731 0.9568985
13 0.22616482 0.41163108 -0.15694821 1.3555275 0.003535625 0.052722048 -0.8080922 1.0500236
6 0.19903937 0.4196001 0.49844325 -0.60027605 0.3647316 0.50281286 -0.20739658 1.2976128
7 0.118205905 1.0290502 -0.14861614 1.0842904 -0.26714334 0.03675005 -0.65244937 1.9273256
21 0.2641865 0.5275149 -0.049665295 2.0283768 -0.44311434 0.0047059944 -1.5212668 0.6946249
19 0.27364972 0.8010029 0.21657456 0.8100278 0.26085213 -0.19634485 -1.4060973 1.3208706
12 0.2267393 0.8684992 0.04638731 1.5062119 -0.081773266 -0.16892758 -1.3182825 1.1045482
2 0.15182813 0.8436465 0.16841839 1.0326015 0.4215906 -0.32100752 -1.9028181 1.4070032
48 -0.16133586 0.7530527 0.31630537 0.18798357 -0.07803068 0.61742926 0.33252707 1.0970829
44 -0.28110904 -0.96527576 0.32759893 1.7966467 0.2395224 0.01680864 -0.4490887 -0.6670662
31 0.008641384 0.42298043 0.0327576 1.6002097 -0.084955625 -0.21187201 -1.5135332 1.1226958
0 0.04816955 1.1233324 -0.06224324 1.5916445 0.067180075 -0.17284432 -1.4714613 1.3564286
45 -0.30181652 -0.32948068 0.6987401 0.93175614 -0.19017567 0.6804537 0.37282512 -0.67000973
15 -0.032194424 1.3741322 0.30977398 1.1410652 -0.10423335 0.11174511 -1.4078141 1.1550367
3 0.47803098 1.5412351 0.1676386 1.4603643 -0.07125794 -0.30513763 -1.4074273 1.1200348
