50 8
43 -0.35875526 0.18834682 0.8928822 0.2162547 0.44845107 -0.22640339 -0.025231747 0.110437766
40 -0.5538687 -0.2958547 0.4173826 0.07086931 0.43614078 -0.16789599 -0.4887697 1.0040177
39 -0.91052103 0.3387243 0.6939985 -0.058442213 0.2784355 -0.117403485 0.059994224 0.8819213
42 -0.6003222 -0.48559374 0.8061286 -0.50937444 0.6953473 -0.13350096 0.28007555 0.5797592
24 -0.5537984 0.2875199 0.5534215 0.8131004 -0.14152502 -0.3294908 -0.32013437 0.9107708
34 -0.3412761 0.80446035 0.8666031 -0.18281949 0.24784893 0.19710879 0.08762149 0.65631413
36 -0.2744646 0.6077046 0.9470395 -0.2567669 0.6166583 0.50951236 0.33265394 0.14842153
28 -0.7153592 0.674455 1.0444939 0.07659976 0.33191454 0.21830349 0.28184566 0.19098236
41 0.40916818 0.2200597 0.90116256 -0.22824049 0.9840662 0.614692 0.45340037 -0.34666476
23 -0.19653542 0.75878084 0.4696811 0.27355173 0.39119765 0.2897261 -0.4355876 0.6575857
1 0.08701023 0.21518034 0.8979063 -0.054332323 0.9591277 0.61449236 0.055129018 -0.34887457
27 -0.15513034 0.57345194 1.0401312 -0.054434992 0.3295511 0.37397644 0.8215037 0.13362609
45 -0.29868272 -0.12334499 1.239054 -0.094175294 0.33430696 -0.04082038 0.33739185 0.014605665
38 0.09140219 0.085572846 1.0187316 -0.41665968 0.7328147 0.58628356 0.2600282 0.0043164515
31 -0.66209894 -0.6227669 0.6203226 -0.41574913 0.83445483 -0.07634524 -0.804901 0.7457013
14 1.0102341 0.41955444 0.19623569 0.77232176 0.17479396 0.29627302 0.648925 0.49992815
2 -0.7397382 0.54479104 0.94857985 0.44505924 -0.298658 -0.33811572 0.12625158 0.80149996
6 0.13389532 -0.15564491 0.5585718 -0.4392083 1.3241844 0.6029907 -0.22882457 0.03131388
12 -0.919051 0.21482296 0.57133883 0.37106752 0.26488063 -0.15953207 -0.4677976 0.84521276
13 0.63927567 -0.23542593 -0.45778656 0.98828876 0.74544054 -0.18363261 -0.6909815 0.81528896
20 1.0617305 -0.11681665 0.094333105 0.029755834 1.1113222 0.8663764 0.16429378 0.2460918
48 0.3151279 -0.4327531 0.4508243 -0.5257456 1.1745895 0.48200932 -0.5509257 0.3784115
49 0.004514367 0.66475356 0.9882111 -0.12168612 0.2279326 0.41191128 0.99050325 0.30129254
19 0.24532712 0.90447956 0.073172174 0.9617585 -0.021461107 -0.15816914 -0.36003286 1.0015866
0 -0.5366364 -0.468238 0.21736535 1.1334581 0.10042193 -1.1055379 -0.7081725 0.91605353
21 -0.008390001 0.794535 0.3863238 1.4995254 -0.4291422 -0.30955932 -0.021048667 0.7308939
29 0.60859007 -0.24670663 -0.2572935 0.15795463 1.3899715 0.31983408 -0.70424396 0.42156786
26 -0.5242598 -0.76947284 0.7207094 -0.09905157 0.83990043 -0.5511973 -0.54837966 0.34201643
15 -1.0808008 0.05659323 0.97541445 0.51147914 -0.11276179 -0.40456337 0.5412542 0.5771938
9 0.49711087 1.0696638 0.64628446 0.16108607 0.024817552 0.4455268 0.9085303 0.64663273
7 -0.9065932 -0.3871966 0.16653626 0.45184973 0.28923264 -0.67124367 -0.48180735 1.3154106
46 -0.8129679 -0.10311202 1.4357919 -0.6626653 0.7224994 -0.08182663 0.03921113 -0.05390815
4 0.6136872 0.28017178 0.8720188 -0.12092347 0.65977573 0.63332725 1.042412 -0.17402898
17 -0.11350998 -0.20983651 1.4942701 -0.29284889 0.35769954 -0.09112788 0.90206015 -0.23614302
10 0.2860332 0.69915277 -0.1378057 0.5952565 0.45666996 0.3157097 0.7536161 0.86476684
47 0.1757484 0.41831514 1.1864421 -0.16743173 0.6213053 0.8322207 1.2036452 -0.35646677
16 0.87484074 -0.79907846 0.45664048 -0.49921 1.4502614 0.5732751 0.054012842 -0.10235659
25 1.7701936 -0.45612028 -0.27928254 1.0031637 0.78804195 -0.1962692 -0.41838732 0.2525503
8 0.25533375 -1.2060611 0.33419743 -0.006333177 1.1769168 0.08967441 -1.0456289 0.31408653
33 0.6297796 0.16804357 -0.5291321 1.9421474 -0.08270932 -0.77035207 0.7846192 0.99125177
5 0.82910186 0.27774972 0.7493494 -0.020034363 0.15103655 0.030319836 1.663832 0.35995582
3 -0.3068662 1.0785863 -0.008192673 1.5323894 -0.5098173 -0.9425376 -0.30565327 1.4483
32 0.33559933 -0.09114021 -0.44567585 1.678874 -0.072315864 -1.3175739 -0.37077132 1.3252705
18 0.9031126 -1.4198334 -0.271053 1.1756321 1.0502053 -0.89867204 -1.5362763 0.3424423
11 1.9962343 0.28159928 0.43247637 0.29077733 0.64063066 0.22326222 1.5135206 -0.25836504
30 0.27021465 -0.6297661 0.18903588 1.1994358 0.43753654 -0.9843059 -1.1709629 0.41208932
44 0.7433964 -1.6447462 0.18076022 -0.054738864 1.5965884 -0.16062242 -1.1426351 0.02011145
35 0.47590062 -0.5286861 -0.21939237 1.6107711 -0.38299152 -1.4888177 -0.04577996 1.424894
37 1.3241067 -0.31972423 -0.4306494 2.0375395 -0.2534287 -0.8633884 0.01588547 1.047747
22 1.5450269 -0.8449149 -0.46510604 1.8484151 0.2735326 -1.1844583 0.042191163 0.5869927
