50 8
23 -0.045466814 0.5918992 0.086260624 0.53982514 -0.1488683 -0.33672065 -0.7991481 -0.5139616
1 -0.13318342 0.8432112 -0.07866739 0.59052396 -0.4126758 -0.07968306 -0.6781508 -0.34131828
29 -0.113326766 0.6870436 0.15236497 0.68088275 -0.79732144 -0.31028053 -0.15617695 -0.0850936
27 -0.5016618 -0.19011389 -0.06432481 1.1575729 -0.44557625 -0.055361 -0.11962978 -0.92838967
38 -0.45380747 0.6831757 -0.020231605 0.8395496 -0.8889036 -0.057501286 0.14241697 -0.70364785
28 -0.49943718 -0.11402701 0.07165111 0.9932181 -0.32602024 -0.30412474 -0.033744376 -0.9852808
34 -0.38890827 0.7090173 0.15631048 0.7097482 -0.68258274 0.522996 -0.13008003 -0.5545205
41 -0.10435676 0.5969327 -0.17311446 1.1296647 -0.61232966 -0.39201105 0.20666187 -0.37366262
36 -0.29531443 0.4578654 0.21275428 0.9041187 -0.8417619 0.0027281109 0.15723176 -0.48890382
9 -0.24694972 0.8014014 0.20575029 0.5874676 -0.89003956 -0.22360794 0.071727745 -0.17630988
31 -0.17788005 0.27304378 -0.18467918 1.1863539 -0.65856755 -0.39281473 -0.07681015 -0.7591222
16 -0.44143158 0.6863042 0.753431 -0.08618508 -0.73260427 0.57545274 -0.76766473 0.060414743
17 -0.8212604 -0.25029883 0.6201388 -0.085498765 0.5700439 0.23603198 -0.9818571 -0.08661749
20 -0.08051504 0.8037537 -0.12804346 0.77383626 -0.6025096 -0.43248767 -0.4284115 -0.5843829
4 -0.13374877 0.8452037 0.068380676 0.7363353 -1.0338397 -0.18905365 -0.27650166 -0.44086966
6 -0.13508685 0.18875015 -0.1709483 1.1954513 -0.28444874 -0.81125355 0.19675574 -0.44677025
48 -0.18798825 0.18118109 -0.16276567 1.2729303 -0.4780544 -0.46476138 0.17784348 -0.80454886
13 0.03857806 0.116374895 0.2571948 1.0600277 0.18287642 -0.9644813 1.076774 0.8298891
39 -0.39030755 -0.06032934 -0.32140103 1.2507669 -0.3287115 -0.4936023 -0.09860907 -0.8366757
10 0.07466809 0.13947122 -0.29921773 1.1517203 0.23758696 -0.7438541 -0.30297816 -0.41497573
26 -0.20785142 -0.17866553 0.033948343 0.6507301 0.537004 -1.1945969 -0.70699584 -0.5662511
40 -0.5184433 0.4978116 0.1941137 0.8401284 -0.59429604 0.1067239 0.5273536 -0.54143435
49 -1.0988811 -0.32866785 0.82249206 0.2743203 -0.6388165 1.299452 -0.7060723 -1.091268
8 0.16142687 0.16921191 -0.29272062 1.2564507 -0.45429045 -0.8870713 -0.56089395 -0.6377282
21 -0.7600216 0.7031874 0.90422755 -0.6725217 0.42825133 0.50965524 -0.7192701 0.84879345
43 -1.0684314 -0.44880876 0.27841485 0.8088819 0.4151224 0.1382979 0.8013091 -0.59976965
45 -0.38838682 0.34388602 -0.012114682 0.90689737 -0.72221094 0.18468277 -0.54145294 -1.149387
19 -0.2488866 -0.1146673 0.8068303 -0.24087597 1.1467133 -0.3262764 -1.2380446 0.9586021
14 0.07674849 1.5042291 0.16811611 0.37220433 -0.82163614 0.35119605 -0.38834152 0.41820195
18 -0.4558773 0.05714606 1.2148025 -0.37534407 1.1284685 -0.021044565 -0.3907411 1.6833721
44 -0.16863653 0.25807723 -0.02430449 1.0808511 -0.89317876 -0.15952204 -0.33987865 -0.7489902
5 -0.6321581 0.18225871 0.99289334 -0.50574505 1.0806428 0.44114432 -0.8884775 1.176486
47 -1.096222 -0.51453114 0.5208383 0.65459794 -0.4975206 0.6845414 0.011363135 -0.8850969
3 -0.3626612 -0.27309248 0.782539 -0.0330704 1.9308736 -0.79716253 -0.34347537 1.0653888
12 0.02430801 -0.43301335 0.055933833 1.269914 0.53032154 -0.81223464 0.3365321 0.495911
24 -0.5279945 -0.40607846 0.3748041 0.0009184762 1.4869268 -0.8029923 -1.0852313 0.002300796
42 -1.2179877 -0.05811238 0.7324078 -0.49471477 1.0562167 0.24905291 -0.48173493 0.49280572
2 -0.4950194 -0.5002785 1.0026358 0.22697143 1.9570978 -0.35526273 0.49866438 1.4622176
46 -1.1375052 -0.7651831 0.48011723 0.23205125 1.0967185 0.22301948 -0.26161304 0.15204476
25 0.2962643 1.504363 0.37742484 0.47982424 -1.1729596 0.2918934 -0.026921941 1.0976617
22 -0.35372275 0.9423174 1.0823253 -0.5238865 0.9606973 0.3699586 -0.13372375 1.8873174
0 -0.8194683 -0.5018201 1.2912639 -0.28090486 1.6262013 0.22145823 -0.23403107 1.396548
37 -0.6136987 0.7931541 1.4577223 -0.6931401 0.4448247 0.66482955 0.08550163 1.6944423
11 -0.57290745 1.0673169 0.78766537 -0.22218949 -1.3297542 1.0138083 -0.7137038 0.361763
15 -0.6444459 -0.23051687 1.3149151 -0.41488892 1.5929933 0.16088355 -0.37152785 1.7203056
35 -0.56042266 -0.4087592 1.4850523 -0.21616682 1.6030195 0.21502417 0.08032597 1.7783825
7 -0.5300633 -0.3032573 0.33053884 0.15111816 1.634021 -1.1542358 -0.19048834 0.6129267
33 -0.3660099 0.80793536 1.0406319 -0.4477082 1.5914158 -0.7572579 0.6673339 2.1379113
30 -0.53484 0.057893284 1.2433928 -0.07846167 1.8275741 -0.241322 0.86469126 1.949977
32 -0.5411074 -0.15846594 1.0531263 0.22875783 1.522063 -0.34511438 1.3533571 2.272026
