50 8
43 -0.9006706 0.37991372 0.48965803 0.37185243 -0.62377524 0.14973032 0.36332652 -0.6386259
1 -0.66426843 0.6295929 0.132581 0.36407113 -0.5202989 0.6090815 0.30301073 -0.5081176
15 -0.68168706 0.08326313 0.79236877 0.6442655 -0.30237943 -1.0278665 -0.00933077 -0.76226294
23 -0.44504407 0.7569975 0.4048594 -0.08093633 0.15943451 -0.2348351 0.015747588 0.3500177
16 -0.7747284 0.5989059 0.25950828 0.25662246 -0.77398384 0.30019125 0.4640391 -0.33658752
14 -0.59394723 0.52662414 -0.20577896 0.3238486 -0.5218192 1.4171181 -0.33142442 0.33211562
28 -0.72283757 0.21100068 0.35547835 0.6034627 -1.0073222 0.440836 0.082869746 -0.45358452
39 0.052468818 0.7067597 -0.070815355 0.2662498 0.36428317 0.53634876 -0.4874087 1.2023598
42 -0.72715014 0.17726319 0.60016775 0.5081979 -0.50179833 -0.87183046 -0.14475812 -0.63753057
25 -0.031860642 0.8326903 -0.45634073 0.38789704 -0.06670755 0.9076923 -0.5016312 0.7999308
24 0.29710507 0.9220606 0.3147306 0.21287183 1.2155285 -0.25803223 -0.5087532 0.3972534
46 -0.9944014 0.3231356 0.2872945 0.47045305 -0.9228667 0.31359592 0.33583635 -0.461055
27 -1.1155301 0.33374885 0.22616972 0.44918135 -0.88719165 0.5315207 0.38322946 -0.5228085
19 0.15881792 0.6796565 0.5715566 0.3508722 1.1630319 -0.33009818 -0.502978 -0.15283406
34 -0.8936625 0.53872657 -0.16585624 0.19625427 -0.8153321 1.5805407 0.015598547 0.22179437
13 0.570096 0.5290763 0.25969562 0.59712183 0.3772302 -0.14101796 -0.69661474 1.4776973
40 0.12806962 0.8784003 0.6219586 0.2440742 0.83568025 -0.777034 0.06826146 -0.15735707
31 -0.15842067 0.5945149 0.21556468 0.513645 0.3935628 -0.7447469 -0.41393775 -0.18098404
2 0.39575 0.7670094 0.588503 0.5372188 0.94525045 -0.6597647 -0.054142978 -0.0445266
45 -0.85411006 0.2776591 0.16360213 0.7539372 -1.1762323 0.46289778 0.42656937 -0.5967385
18 0.4099798 0.5267502 0.60086775 0.42568532 1.2055733 -0.67615837 -0.91235656 0.7823435
3 0.35951644 1.0684273 0.08732484 -0.0018563916 0.89107317 0.4631916 -0.3700005 1.3420826
0 0.5522816 0.63506013 0.6206816 0.47731817 1.0878193 -0.80442196 -0.68877256 0.36246154
30 0.78500676 0.7138749 0.47903866 0.7324001 1.051749 -0.58096796 -0.46148342 0.52518445
7 0.15993454 0.6536281 0.59769255 0.5014076 0.583542 -1.2286751 -0.3459448 -0.4012958
20 -1.0902122 0.16340983 0.36532375 0.45964673 -0.95200175 0.587211 0.15600067 -0.45691913
49 -1.1323735 0.21992026 0.2409993 0.45508856 -0.95417684 0.7212459 0.20621671 -0.42738345
17 -1.1074128 -0.0834768 0.81863034 0.5623104 -0.6756725 -0.7748764 -0.29313737 -1.307506
38 -0.6437413 0.81723934 -0.3613655 0.1104842 -0.6627562 1.3721741 -0.03435463 0.4148183
26 -0.46418062 0.2676869 0.7814288 0.52673775 -0.08452828 -1.1019768 -0.06399437 -0.6768891
12 0.26809213 1.1105977 -0.05916934 0.14263552 0.50107205 0.2527449 -0.06692375 1.0893342
6 -0.486699 0.21591814 0.6217266 0.6727503 -0.21058282 -0.95241827 -0.081557415 -0.8421587
36 -0.9953344 0.5161142 0.057488244 0.4904982 -1.0974165 0.7615636 0.4191172 -0.75170547
29 -0.13339083 0.74634105 0.40410966 0.4556092 0.2651163 -1.0439643 0.068440855 -0.7962889
48 0.12220192 0.5938922 0.21790639 0.4615166 0.16569626 -0.3596101 -0.547106 0.20728256
4 -1.0791106 0.052901756 0.36698478 0.58748686 -1.2446556 0.783233 0.27007312 -0.04596189
41 -1.0457743 0.49554816 0.03381896 0.09514381 -0.77984893 1.0948355 0.14820808 0.30977845
21 0.4734232 1.1008894 0.20114782 0.12959278 1.1024702 -0.16665918 -0.27231547 1.0713093
11 -1.1214619 0.15914758 0.3079946 0.53496164 -1.3695478 0.9503566 0.39195397 -0.41884655
47 -1.1385026 0.32861286 0.08933903 0.64086354 -1.2789121 0.9422071 0.42321572 -0.7796866
5 -1.0441396 -0.05685415 0.40386444 0.7251249 -1.4798211 0.23505387 0.0063777966 -0.6793391
8 0.5033059 0.39601606 0.73230916 0.9052426 0.5212599 -1.6135565 -0.46173856 -0.18889862
9 -1.1612467 0.47278446 -0.081915915 0.38558608 -1.509605 1.3309126 0.42825228 -0.29943493
35 0.6442811 0.6977391 0.18326485 0.35548916 0.93352026 0.4123071 -1.0169114 1.8992548
22 0.58614814 0.7510872 0.07676036 0.40572298 1.2314466 0.40934852 -0.9140941 1.4692264
33 0.6151797 0.7960346 0.5094408 0.20831677 1.240369 0.23807174 -0.6067597 1.6489309
32 0.6175747 0.6637461 0.31589144 0.42143014 1.3276938 0.20473763 -0.9954341 1.5591737
10 0.32393923 0.55127126 0.6489608 0.8740803 0.023040269 -0.62381965 0.17774062 -0.85721314
37 0.8407636 0.6187101 0.65904087 0.44818574 1.1936778 -0.46510583 -1.0277619 1.3705825
44 0.62142473 0.6328376 0.2855206 0.33258772 0.78348136 0.20460652 -1.178169 1.3533
