50 8
23 0.358976 -0.04040274 0.09867139 0.88847643 0.5233454 -0.27493447 -0.5940718 0.30695033
19 0.45539418 0.6172683 0.54248 0.95081633 0.45538667 -0.43300912 -0.15577114 -0.22858986
18 0.1306363 0.12260259 0.04064347 1.2297124 0.56700283 -0.7979186 -0.82535374 0.5372531
40 0.4602258 -0.5392663 -0.16324551 1.1806341 0.6680306 -0.15666172 -0.480225 0.0711393
41 0.6116118 -0.51852536 0.27860978 -0.5475928 0.94311655 1.2509642 0.057874534 -0.46480548
30 0.43595383 -0.040816125 -0.08409784 1.3555679 0.4892538 -0.5456447 -0.8631019 0.4797224
39 0.40178424 -0.5333119 0.1096482 1.2789773 0.32097128 0.35008842 0.05419384 -0.09411115
13 0.2216127 -0.1337275 0.22377123 0.7497188 0.5497056 -0.89719266 -0.49880752 0.5428258
28 -0.22751747 0.029689737 1.0785998 -1.049301 0.3974191 0.74583066 0.37852743 0.41459322
26 -0.24863449 0.32948387 0.17320757 0.5208379 0.4444803 0.28270882 -0.6374982 0.7914175
27 0.41920045 0.044578835 0.9893402 -0.80414295 0.27886876 1.3497493 0.76315767 -0.07369901
17 0.018355696 0.5020659 0.83350295 0.14146867 0.030969838 1.0800359 1.0546464 0.26926148
43 0.26441768 0.12593974 1.0650951 -1.3133012 0.60718256 1.0412776 0.54643565 -0.14493404
10 -0.9160094 0.7159155 0.9125863 0.36994052 -0.077215604 0.12638472 0.4569697 1.172403
20 0.008316483 -0.21977535 0.94922066 -1.0193101 0.19006039 0.77477366 0.3932043 0.7726362
24 0.43377087 0.70684975 0.2335334 1.4908463 0.20268178 -0.4297108 0.1494597 0.3689499
31 -0.9516646 0.33571798 0.50266904 0.5055218 0.30592158 0.12778074 -0.6194596 0.8839495
25 0.43393046 -0.30589047 -0.14559242 0.28962347 0.6263507 0.4231573 -1.110895 0.54848474
7 -0.16165948 0.72285396 0.21963957 1.0796362 0.19336441 0.21025525 -0.16956803 0.755924
1 0.25990573 0.08961554 0.2925425 0.79314005 0.6089938 -0.76826805 -0.80545366 0.16591938
33 1.2491221 -0.9485946 0.042548634 1.1292288 0.6978283 -0.85584325 0.20433022 -0.40345857
12 0.17175269 0.5429799 0.60817677 0.6961819 0.4757106 -0.03421525 0.40567014 -0.24239534
2 0.68159336 -0.13629457 0.093873285 1.7370796 0.5078519 -0.119576275 0.33735988 -0.51880634
16 -0.0041183545 -0.1630136 0.87000805 -0.8500305 0.30461308 1.3032169 0.24770749 0.30965856
21 1.1670973 -0.9916081 -0.008975773 1.2901628 0.6042643 -0.5825588 -0.17500633 -0.4064166
14 0.799175 -0.8209541 1.1708229 -1.6467156 0.61590344 0.7956898 0.67662036 -0.29558396
15 -0.57063514 0.58454573 0.77432376 1.0176102 -0.14534357 -0.0038882399 0.4012728 0.75869983
6 -0.7756537 0.46638137 0.7184178 0.017659815 0.6531549 0.4320868 -0.47816724 0.091696784
8 -0.79810184 0.24297418 0.21884547 0.62468827 0.3685672 0.04952613 -1.1123389 1.1367186
42 -0.67269325 0.030977396 0.23937882 0.5925563 0.6374488 -0.49494848 -0.97924 0.787649
32 0.5770605 -0.05997652 0.067690074 1.2820083 0.57191455 -1.1408988 -0.46377772 0.34967783
36 0.20769626 -0.58383775 1.3551986 -1.4740205 0.497535 0.2988969 0.9885566 -0.041957803
9 0.24223308 -0.24502836 1.5026689 -1.6859993 0.34032694 1.1112795 0.93175375 -0.039295416
4 0.1750852 -0.076677874 1.4080747 -1.5521553 0.3683343 1.3208803 1.1811974 -0.030003646
49 0.33723825 -0.78239125 1.0780048 -1.2244176 0.43691817 1.4505239 1.0351831 -0.22383697
45 -0.79882455 0.7922653 0.43909213 0.26187772 0.56718093 0.39849386 -0.8570768 0.56863993
29 -0.91200525 0.25261682 0.14807947 0.27526513 0.87987804 0.40855828 -1.212794 0.52943796
35 0.70909816 -0.8671498 0.83017 -0.02440265 0.5082693 -1.3924646 0.614271 0.01700822
0 0.84817326 -0.16908284 0.0427778 1.5375947 0.55986017 -0.70744276 0.24352273 -0.15230577
38 -0.29672563 0.25053486 1.5294772 -1.5166467 0.22678287 0.64023983 0.7072555 0.58191854
47 0.8080391 -0.48666093 0.96205217 -1.1523482 0.47846076 1.6621605 1.0986258 -0.43936485
34 0.21770903 -0.4592567 1.3794796 -1.7825869 0.42570758 1.308743 1.0761757 0.04860121
5 0.48865798 -0.06884047 1.4297167 -1.5304248 0.1859059 0.52978915 1.1962405 0.3921863
3 0.9137482 0.14002547 0.17364521 1.714056 0.38362855 -1.161289 0.27720988 0.093660176
44 -0.66748583 0.2573745 0.026385821 0.7211741 0.82295823 0.062868625 -1.6109973 0.48821303
46 -0.0065998062 -0.6277724 1.4285597 -1.5825814 0.4419739 0.8567958 0.9628414 0.0519275
11 0.52198297 -0.7333735 1.3477614 -2.0467877 0.38654527 0.9298581 0.8604388 0.3290088
22 0.59373015 -0.8503988 -0.26532102 0.98277205 0.9634089 -1.229534 -1.1934807 0.45374742
37 1.1338526 -0.73419327 0.10917349 1.1041653 0.7562962 -1.6440519 -0.47505468 -0.09882764
48 1.4002067 -0.92698306 0.09947123 0.0986092 1.1288166 0.4414403 0.51169723 -1.1705886
