50 8
17 -0.5017533 0.11485368 0.65116954 0.42324257 -0.99867034 -0.09416142 0.14652143 -0.8676676
43 -0.1716125 0.81155175 -0.35127607 0.83424324 -0.49366736 -0.38496035 -0.13996814 -0.85647583
42 -0.6842419 -0.105434306 0.27362427 0.897437 -0.41575867 -0.58709055 0.123531416 -0.12731877
28 -0.46080068 -0.013019477 0.62643653 0.6332976 -1.027874 0.04009481 0.39963832 -0.87645304
48 0.18409953 1.4665284 0.26775032 -0.29998332 -0.4438657 0.86738944 0.19844665 -0.14223105
26 -0.09296077 0.5366455 0.3541198 0.42480707 0.2431914 -0.5329716 -0.94456035 0.78662497
36 -0.4182253 0.31925395 -0.11907497 0.91939193 -0.8436259 0.17379871 0.39556754 -0.70318943
30 0.09788906 0.89107084 0.10746976 0.5370864 0.72209495 -0.6981674 -1.0289321 1.0635023
6 -0.34876907 0.28900462 -0.34870172 1.1582831 -0.4492404 -0.6414923 -0.029476183 -0.3125806
18 -0.013732967 0.60176575 0.064499035 0.60263675 0.5004273 -0.34596407 -0.29737502 1.4401846
1 -0.36573347 0.32984853 0.30752385 0.68890417 -0.9694183 0.38784367 0.86533487 -0.92409015
5 -0.42122924 0.17664443 0.8005428 0.25102356 -1.0255295 0.31072572 0.52457273 -0.6299345
13 -0.05357862 0.6774001 -4.5136494e-06 0.5646168 0.37743384 -0.59711206 -0.45689562 1.2893131
24 -0.7898246 -0.30920613 1.0453066 0.43480396 0.0820167 0.10560227 0.14874989 0.6725059
4 -0.39768875 0.36370185 0.6336727 0.3618791 -1.3046383 0.14137976 0.4981295 -1.4173045
25 0.13496076 1.1250578 0.6394599 -0.39274472 0.33085227 0.45880687 -0.45551914 1.2827178
12 -0.25409988 -0.0466284 0.14784832 1.1402417 0.37089905 -0.96580607 -0.33399516 1.2059712
16 0.12926625 0.9648599 0.8810599 -0.2168651 -0.35221115 0.495255 0.28619608 -0.2242221
8 -0.04509382 0.75246346 -0.07305513 0.6795405 0.7327524 -0.71179855 -0.944115 1.3699126
22 0.10794127 0.9255907 0.23966219 0.27025276 0.557011 -0.07953664 -0.6182513 1.2436075
19 -0.8503395 -0.6804829 1.1483303 0.7338837 -0.19459519 0.07736558 0.33835474 0.27314523
49 -0.67260855 0.02035011 0.92693955 0.24747252 -1.1388105 0.79514706 0.6941779 -0.8126852
20 -0.53178513 -0.1155568 0.83170164 0.5923435 -0.9235922 0.30384284 0.48131987 -0.8148058
39 -0.12380376 0.8142474 -0.20227873 0.7466923 0.35093436 -0.74370706 -0.96058106 0.35234207
3 -0.29068765 0.12592615 0.6851024 0.57096094 0.61797595 -0.2323293 -0.42593512 1.4996719
31 -0.16590331 0.33411607 -0.41039062 1.319479 -0.23519656 -0.9592719 -0.3714693 -0.21455105
2 -0.030340502 0.5885012 0.25175905 0.68469024 0.96027887 -0.25850552 -0.09522662 1.7674879
29 -0.2236727 0.9727571 0.31097513 -0.30927098 -0.4075894 1.0600092 0.16939856 0.76205885
44 -0.087128215 0.9326106 -0.29407302 0.61328965 0.0705279 -0.435601 -1.0755327 0.105906576
40 0.005166861 0.7896499 -0.08871696 0.7369515 0.44464028 -0.6844432 -0.49690628 0.62755203
34 -0.24465086 0.8971105 0.49389026 0.040242504 -0.86549944 0.91203195 0.37655747 -1.1198553
46 -0.15001984 0.45295224 0.1231861 0.7023451 -0.20898558 -1.0063121 -0.46105438 -0.059110712
23 -0.8724667 -0.48523632 0.34876788 1.1354036 -0.6888765 -0.38343653 0.7075303 -0.35316664
9 -0.16759875 1.0444462 0.39685777 -0.23681895 -1.1014876 0.961074 0.480948 -0.68516433
27 -0.7449475 -0.036521424 0.7157739 0.5679429 -0.9142785 0.5476674 0.27308425 -1.1525773
7 -0.16837218 0.22464007 0.13985646 0.8112919 0.4034084 -0.6184824 -0.37609306 1.5252624
11 -0.5781316 0.35689837 0.86187184 0.01953539 -1.1256665 1.1239868 0.49540117 -0.8967054
14 -0.18824846 1.0675564 0.80772513 -0.490317 -0.57994205 1.1632652 0.32845432 -0.33273545
45 -0.5992502 0.31484926 0.044678155 0.82367814 -1.0715785 -0.23678187 0.2966866 -1.3917091
38 -0.4215172 0.5284773 0.20434107 0.6120379 -1.2471919 0.12336535 0.4623836 -1.6288707
21 -0.018670568 0.6448987 0.7770758 0.01253265 0.70804346 0.36927 -0.43059906 1.8125159
10 -0.094861716 -0.12402698 0.1982623 1.2318332 -0.5236239 -0.4536177 0.8681835 0.09163685
35 0.062599905 0.9571701 0.5386483 -0.2711851 0.3223318 0.7180178 -0.41084954 1.6991777
47 0.09334421 1.3933288 0.22094524 -0.15954208 -0.3188343 0.2221723 -0.54149723 -0.5267389
15 -0.76383597 -0.7745023 1.5603093 0.5826113 -0.38558674 -0.02772445 0.9671487 0.18855797
33 0.18060392 1.1497502 0.40472052 -0.21452715 0.45341948 0.4946136 -0.43729436 1.6437582
41 -0.2578846 1.0764925 0.1355157 0.11107044 -0.9367297 0.28259647 0.103222996 -1.2405493
32 -0.025018284 0.9645462 0.09063556 0.35629717 1.0140002 -0.15667725 -0.7191445 1.9146714
0 -0.38269043 -0.39623615 0.7159536 1.1148553 0.66027135 -0.76281387 -0.12668744 1.4455719
37 0.13959886 1.1733308 0.8541476 -0.54136866 0.63048416 0.6675615 -1.077626 1.5914776
