50 8
23 0.17186217 0.0679503 0.19486873 0.28844726 0.50337195 0.2743321 -0.3298593 0.46439046
43 -0.096622705 0.41334704 0.65928084 -0.17423761 0.74639773 0.48888695 -0.24700058 0.24495715
1 -0.06688862 0.10436851 0.8019654 -0.35697505 0.6402733 0.5866913 -0.13355711 0.2882932
39 0.5268219 -0.09179874 0.13905239 0.63760567 0.36316264 0.33938316 -0.20204969 -0.11805621
27 0.118415065 0.40395364 0.7504244 -0.5749834 0.9243816 0.8451273 -0.17688291 0.17707205
20 -0.3374649 0.3739491 0.83037305 -0.37817556 0.7174025 0.59486306 -0.1419664 0.4617702
29 0.006925373 0.23611642 0.3275119 -0.095301926 0.8361466 0.62318116 -0.6103264 0.30961168
36 -0.07189146 0.17241926 0.9756869 -0.6826347 0.6831105 0.9270815 -0.15251319 0.22029206
45 -0.03428208 0.35584477 0.73149043 -0.34281608 0.5582404 0.8619611 -0.1177385 0.33151445
49 -0.08706447 -0.051699888 1.3740364 -0.59615314 0.28651503 0.8357141 0.3762843 -0.048119754
24 8.460067e-05 0.32837296 0.17134336 0.46401915 0.25966093 0.17360388 -0.34114316 0.80816805
19 0.062062576 0.7275607 -0.23444739 0.5973331 0.65623283 -0.013579747 -0.62931716 1.0457187
17 -0.19213757 0.3262569 0.7655135 -0.42384133 0.9041094 0.43653223 -0.042533 0.45095268
28 -0.2860346 0.17800982 0.97316915 -0.43406606 0.658764 0.5885833 0.0047756955 0.27658764
16 0.1415281 0.20868018 0.78436327 -0.5937583 0.76259935 1.0261685 -0.090745054 0.16515681
42 -0.2643755 0.24074933 0.4883659 -0.13635589 0.65901864 0.42896774 -0.30257446 0.772415
44 0.25359145 -0.08767375 0.15862988 0.40368545 0.64245087 0.2684205 -0.30498368 0.10240468
38 0.20459716 -0.083497524 1.128177 -0.5364176 0.39335263 1.0568161 0.14530593 -0.20400307
26 0.19044016 0.51186675 -0.27570763 0.7449753 0.54280245 -0.009058891 -0.22615352 0.96042377
4 -0.31328374 0.33314767 1.3167341 -0.6959259 0.47472152 0.85526043 0.12718405 0.1631534
6 -0.028231516 0.59394073 0.34257418 -0.12937169 0.82263815 0.5826313 -0.3271132 0.63658696
14 -0.03836669 -0.13074268 1.3159 -0.5828416 0.2013539 1.0383476 0.28098646 -0.13065962
15 -0.35214773 0.97790396 0.4297317 0.20826638 0.37248215 0.42467624 0.052088313 0.96401703
9 0.05396654 0.020639729 1.4376811 -0.74597853 0.23813617 1.2382866 0.12664579 -0.23742345
41 0.2251611 -0.3406753 1.0526043 -0.59806335 0.68731683 0.9719216 0.10638244 -0.38106945
34 0.09432016 -0.21673907 1.1866765 -0.5876166 0.24497098 0.981614 0.1935232 -0.0054568658
10 -0.328588 0.6071162 0.5760208 0.08377428 0.45630246 0.3636221 0.1703168 0.7260085
25 0.2864459 -0.029218772 1.0163445 -0.45852733 0.4621672 0.8226269 -0.006206545 -0.16965601
40 0.69562095 -0.20280637 -0.6571829 2.11912 -0.28661478 -0.7980407 -0.23501733 0.6698322
5 0.027341738 0.013316652 1.1429378 -0.4176584 0.3579189 0.56164765 0.22772032 0.038580496
12 0.4352323 -0.18315579 -0.43154284 2.143702 -0.031521555 -1.2998523 -0.29006076 0.48161
30 0.7177939 -0.35358196 -0.39021373 2.1591768 -0.15427613 -1.0181586 -0.5906484 -0.013382347
13 0.46331668 0.27695337 -0.73526824 1.6251291 0.38227254 -0.54822487 -1.0839418 0.65583324
31 0.70819217 -0.00986228 -0.752542 1.5750548 0.11670928 -0.37600404 -0.16227081 0.93509763
8 -0.033182323 0.6696115 -0.4605914 1.3412421 0.6078802 -0.699195 -0.3381073 1.1116307
21 0.51530033 -0.6295833 -0.4020891 2.5321805 -0.5146401 -1.1682649 0.2691839 0.3272176
18 0.88461846 -0.8955309 -0.59716386 2.4816375 -0.42385858 -1.1207869 -0.4022853 0.26023835
7 0.38706952 0.16401869 -0.7095327 1.6995877 0.26434776 -0.85456026 0.12777685 1.2099116
47 0.09621371 -1.2241706 1.4945991 -0.092556275 -0.18166381 0.49064726 0.1701798 -0.890482
2 0.8035446 -0.7858685 -0.17629002 2.401465 -0.54830325 -1.059118 0.21403371 -0.3308698
46 0.019728402 -1.1674277 1.8043779 -0.16340184 -0.20184927 0.21557732 0.6340149 -0.93654215
11 0.064305216 -0.85626125 1.5162861 -0.2730612 -0.1608767 0.730349 -0.10766865 -0.7969428
48 0.39177585 -0.124722764 0.64552045 -0.38633952 0.71701044 0.99959356 -0.16763751 -0.13418855
0 0.6677491 -0.7472512 -0.41781038 2.4625823 -0.40817845 -1.2999889 -0.11782622 0.21202925
3 0.5998253 -0.22237541 -0.19783369 2.5411937 -0.39858222 -1.6115814 0.10187218 0.18060502
32 0.9157757 -1.4368922 -0.1296919 2.7109013 -0.8984399 -1.2605518 0.5931098 -0.26333964
33 0.90807736 -1.3667101 0.04220007 2.5861278 -1.100754 -1.0707848 0.93283033 -0.3225757
22 0.7147692 -1.9095366 0.7601656 1.5465232 -1.0784469 -0.6860784 0.31714854 -0.7201533
37 0.75708556 -1.4896673 -0.01722621 2.6606941 -1.088473 -1.3676721 0.6826378 0.006373991
35 0.97989684 -1.509936 0.23008777 2.5999446 -1.4210294 -1.1973126 0.8495275 -0.20908163
