50 8
1 -0.09941711 0.6310881 0.10967497 0.5936438 -0.47551173 -0.3551614 0.29746646 -0.8582928
26 -0.56829894 0.16604471 0.3523631 0.5394869 0.4628272 -0.9495804 -0.16744556 -0.4816026
6 -0.43254608 0.3545578 -0.056514155 0.64930004 -0.06985339 -0.81905985 0.24594797 -0.7201341
43 -0.40971836 0.49219432 0.4098884 0.50205046 -0.7880358 -0.23779368 0.09473507 -0.9940384
41 -0.26694125 0.6836397 -0.10679491 0.67348266 -0.8418416 -0.40271196 0.31692505 -1.2237247
36 -0.12059475 0.6029421 0.4352182 0.44687805 -1.1353006 -0.21284342 0.10656756 -0.9124674
42 -0.67847383 0.4470308 0.3110884 -0.07605681 0.18535009 -0.84100866 0.26487663 -0.09972383
18 -0.348297 0.46784204 0.115358494 0.44186527 1.0462748 -0.39645225 -0.14591931 1.3034706
19 -0.16164954 0.44981077 0.16733582 0.5289606 0.8107969 -0.21999529 -0.20770214 1.4559908
39 -0.4869024 0.32416072 0.19786248 0.31437796 0.48098174 -1.1273688 -0.33587363 -0.21006782
28 -0.16483869 0.49174842 0.27765986 0.69896436 -0.9931996 -0.44001707 0.010148776 -1.2562921
31 -0.2729352 0.24325652 -0.2260213 0.76135105 1.0070047 -1.3702945 -0.45314738 0.025983276
40 -0.47451562 0.424353 -0.02552328 0.34714925 0.5361034 -1.140114 -0.028557496 -0.44622883
23 -0.27780095 0.4145083 0.22699007 0.49016926 1.0714924 -0.30341113 -0.11907589 1.4192271
17 -0.40818658 0.39010945 0.58488333 0.37599772 -0.9720273 -0.5109969 0.01696112 -1.1566435
46 -0.19602641 0.5372057 -0.021419011 0.56328297 -0.6508973 -0.45447215 0.084522456 -0.40419886
38 -0.036152434 0.76024926 -0.22187781 0.64839745 -0.76766753 -0.35733488 -0.012992307 -0.6468553
27 -0.44443572 0.5275381 0.26166406 0.5053459 -1.1300855 -0.2690401 0.21692479 -1.0740772
16 -0.05078501 0.6338169 0.64584595 0.1434419 -1.0672146 -0.11872441 0.32511273 -0.41711104
8 -0.2707871 0.39341253 -0.5226037 0.7451048 0.62353414 -1.2589674 -0.028432237 -0.19169508
9 -0.05237521 0.8297034 0.7217727 0.11377256 -1.4077224 0.66371495 0.77333325 -0.056667205
4 -0.17897093 0.63963 0.46757835 0.4122118 -1.6189612 0.32669526 0.6749342 -0.51145506
14 0.09913541 1.0986458 0.4378883 0.06392251 -1.0820875 0.81819385 0.57435215 0.4352482
5 -0.27275223 0.73469293 0.86822885 -0.08050239 -0.9868107 0.36409843 0.4784454 -0.0384341
12 -0.28731975 0.49801263 0.0022016265 0.5152323 1.2854788 -0.5273792 -0.08324824 1.2576425
48 0.117533326 0.91371495 0.14630647 0.3636947 -1.4357647 -0.091468416 0.029088637 -0.7720823
30 -0.16162512 0.50593746 0.1236432 0.68440264 1.4090899 -0.13702948 0.061075073 1.4384176
7 -0.45287275 0.15399535 0.29235995 0.49625617 0.8131048 -0.87320673 -0.35346085 0.5591325
24 -0.2497097 0.61726147 0.12461788 0.361808 1.2482456 -0.28885293 -0.20707887 1.6507187
29 -0.43105707 0.5644298 0.1852188 0.15746471 -0.5876141 -0.39451644 0.4723481 -0.15222679
22 -0.054929532 0.45730746 0.9619241 0.33143502 0.75990486 0.46715957 0.29770702 1.7237104
2 -0.19413207 0.63996816 0.28919658 0.15931551 1.12214 -0.29059798 0.12130525 1.3985144
49 -0.10851062 0.62076855 0.6264294 0.65806055 -0.95622814 0.02444011 -0.52798384 -1.0900166
45 -0.3864181 0.52934706 0.098142184 0.5396501 -0.271638 -0.94768995 -0.119986765 -1.5522511
25 0.37124854 1.0570773 0.5585767 -0.015214569 -0.40635815 0.6395241 0.1469983 1.2795067
21 0.023197003 0.8319726 0.44360054 0.018834678 0.24001282 0.4007864 0.20481569 1.9433073
0 -0.26164988 0.5679684 0.5223745 0.06700681 1.1223117 -0.6053752 -0.29875758 0.7037083
20 -0.40903512 0.3574444 0.39610523 0.5570626 -1.1105825 -0.20462108 0.3118019 -0.7220067
3 -0.28924274 0.54122233 0.100960724 0.4504447 1.8613627 -0.47525895 0.032653753 1.3797051
33 0.31273976 1.016927 0.83937925 -0.20379367 0.14807436 0.61178726 -0.02720689 1.9440542
34 0.18823954 0.8917456 0.7481715 0.50719976 -1.0035853 0.9566453 0.3778143 -0.1099942
11 -0.23213506 0.9427484 0.77781314 -0.107217945 -1.2894689 0.5265203 0.38465658 -0.15971404
15 -0.6093703 0.079366654 0.6559034 0.18344623 0.709945 -1.0178508 0.0085211685 0.11219338
13 -0.43044627 0.22265199 -0.0077327727 0.7863529 1.0134743 -0.51484793 0.38102922 0.75216055
10 -0.39558005 0.50513995 0.12469366 0.343033 -0.70998883 -0.5832452 0.297716 -0.59524995
35 0.04267404 0.56175625 1.0386933 0.012444082 0.39912412 0.25047022 0.14246501 1.6836498
44 -0.07594345 0.45636764 -0.42244312 0.86089313 -0.14246036 -1.2501851 -0.669685 -0.6960477
47 -0.14506085 0.68462795 0.6145751 0.5053713 -1.023476 0.13069391 -0.0660766 -1.0859832
32 -0.042290468 0.72739387 0.41498038 0.19120727 0.75750417 0.3140322 0.12338909 2.0917823
37 0.12489746 0.63225454 1.0202903 0.16802354 0.7399987 0.6439375 0.21113591 2.1945484
