50 8
23 -0.03966894 0.48255545 0.70056707 0.43506885 0.6052869 0.18972194 -0.4696511 -0.26742885
1 -0.42328086 0.0026211522 0.98122483 -0.4990503 0.5240359 0.73091334 0.68685424 -0.36584687
38 -0.49085757 -0.6563548 0.92069113 -0.52541065 0.17352581 0.8420593 0.9531024 -0.057757247
29 0.42648488 0.23000114 0.2829225 1.0935707 0.17260885 -0.41809642 -0.61085165 0.51663154
44 -0.50113803 -0.24876374 0.7438028 -0.17472073 0.6408135 0.81150705 0.42520726 -0.34077233
16 -0.13125148 -0.54848105 0.8065716 -0.42881465 0.33508077 0.7339399 0.6163318 0.05938766
13 0.15726335 0.52952534 -0.19823286 1.3771076 0.6834044 -0.47184587 -0.92688376 0.7051647
6 -0.74026674 0.01854027 0.6778803 -0.067001596 0.48169604 0.873785 0.63869065 -0.37653646
36 -0.4535452 -0.3734421 0.90416354 -0.4833792 0.29222637 0.74449337 0.998485 -0.14110899
37 0.25442326 -0.12207367 -0.13312453 1.2475551 -0.12029937 -0.6888596 -0.5432992 1.2744642
43 -0.54420483 -0.07091002 0.880533 -0.5016902 0.4911518 0.7825074 0.71319675 -0.21960013
17 -0.6111717 -0.373264 0.7602527 -0.6906121 0.69206804 0.79865813 0.74551255 -0.03719125
45 -0.7235053 -0.13254464 0.8400815 -0.46887085 0.5507944 0.9966153 0.9027655 -0.34832257
39 -0.75205326 0.03188316 1.0289031 -0.5772194 0.5998392 0.9114633 0.7688317 -0.55372614
27 -0.57833034 -0.17725305 0.79751754 -0.752884 0.324672 0.8043458 1.0435919 0.13630848
14 0.61875176 -0.14374 0.42464408 0.7476895 -0.6857347 -0.6802137 -0.17984226 1.2131629
47 -0.3035198 -0.2822977 1.1678534 -0.78387797 0.054947004 0.6509313 0.89384377 -0.08762068
15 -0.07529632 0.99117815 0.25510204 1.1545564 0.5775101 -0.09610805 -0.84387076 -0.020455845
26 -1.0049648 0.26439634 0.29224345 0.2850257 0.87199116 0.91031945 0.49303356 -0.4197667
25 0.7441047 -0.29224268 0.5236357 0.68089116 -0.2932238 -0.5116091 -0.41409925 0.85470724
49 -0.24516787 -0.33146724 1.0266534 -0.57650477 0.02630936 0.30710006 0.5109489 0.19587994
40 -0.91043276 0.4867309 0.07658667 0.42644015 0.95387167 0.9692693 0.4362324 -0.2632946
41 -0.47764513 -0.39385697 0.8905515 -0.52679914 0.56360054 0.80873 0.8116818 -0.24864216
42 -0.75209713 -0.18635665 0.8169385 -0.4461416 0.85250074 0.8531379 0.437076 -0.41507182
21 0.57350874 -0.27776405 0.27878276 0.9726456 -0.34205577 -0.7884737 -0.61736566 1.2190793
24 0.35012627 0.29063436 0.375822 0.96848637 0.17748338 -0.71749437 -1.0590209 0.73904854
18 0.004298725 0.5924524 -0.040511318 1.4290862 0.5792587 -0.38641217 -0.89915544 0.4253648
28 -0.62753797 -0.18178768 0.8218953 -0.6606121 0.2624099 0.8307942 0.96588737 0.053923402
4 -0.0855925 -0.5174461 1.0958812 -0.7500057 -0.46428597 0.3541095 0.96566975 0.48092008
33 0.55910605 -0.18039165 0.19785045 1.0268713 -0.46384454 -0.6373082 -0.18259612 1.1802316
34 0.19823505 -0.5041708 1.1876812 -0.7128799 -0.112885565 0.24896175 0.24326183 0.29751217
10 0.040332448 0.2737662 0.027563317 1.0761769 -0.059657633 -0.40801474 -0.4192445 0.89061695
9 0.7065079 -0.47997892 0.9131674 -0.0801927 -0.7602229 -0.44098943 0.26088464 1.0422051
22 0.41807905 -0.022519648 0.025727756 1.3244126 -0.100879855 -0.75048375 -0.7052506 1.1319798
20 -0.17461765 -0.40505138 0.27617016 0.04601314 0.054473005 0.044661645 0.516194 0.7682244
8 -0.8398696 0.26261798 -0.063616306 0.6434608 1.0992391 0.8296538 -0.053960606 -0.22100927
32 0.5713443 -0.12826733 0.0110719 1.3085196 -0.20788752 -0.6940479 -0.68080854 1.2941031
19 0.5949786 0.35094225 0.48418292 0.9492623 -0.13120359 -0.78036994 -1.0357866 0.9644615
35 0.5163336 0.28828418 0.1544231 1.2125167 -0.0604796 -0.9225978 -0.8757747 1.1684382
48 -0.46250805 -0.094765216 1.0676883 -0.7848111 0.4442127 0.9629927 0.9899498 -0.24381739
31 -0.9423956 0.14229852 0.68126166 -0.38116413 0.85808146 1.1512355 0.75792074 -0.49346963
46 -0.593734 -0.1734403 1.0791537 -0.82300204 0.42940587 0.86177105 0.9377007 -0.23767483
12 0.20457678 0.6311632 -0.0045853807 1.4318281 0.48786154 -0.6232643 -1.0265628 0.639943
0 0.3027198 0.16184266 -0.093049295 1.3894246 0.121483035 -0.60630304 -0.9574945 1.1090577
11 0.5282402 -0.52359354 1.2243632 -0.6063685 -0.8160549 -0.09112696 0.4429206 0.79317707
7 0.37737566 0.5231691 -0.20233776 1.4378232 0.076872036 -0.80738723 -0.64744544 1.256071
3 0.5358038 0.50669 0.15760407 1.4893678 0.03199731 -0.8415171 -1.0001041 0.93592924
5 0.35444605 -0.2551413 0.20649967 0.23581558 -0.75661325 -0.28904873 0.94584554 1.5154731
2 0.43938947 0.50452363 0.07656329 1.5767097 0.06585386 -0.7825738 -1.129227 0.9446872
30 -0.30674577 0.4988156 0.555035 0.63603073 0.41300187 0.42654732 -0.06346401 -0.3853722
