50 8
34 -0.08618222 1.1219765 -1.0690253 -0.60843605 0.53289384 -0.98374104 -0.437084 0.4492176
14 0.042961434 1.329754 -0.67961234 -0.09205719 0.5917152 -1.2781558 0.069811076 -0.119443595
4 0.99312717 1.5400289 -0.47294176 0.105595976 -0.40739787 -1.3619368 -0.2450057 -0.13108318
25 0.3371388 0.5734749 -1.1880403 0.20562266 0.9259336 -1.317291 -0.3352938 -0.5746048
18 1.8007419 -2.2516332 -0.029588647 0.42513657 1.4285911 0.3438689 0.08967338 -0.33010453
2 -0.53073084 0.84064305 -0.7720043 -0.030740753 1.5226138 1.1063606 -0.6559924 -0.606458
12 -0.707547 -0.22424829 0.11940479 1.0599403 0.8059059 0.9299012 -1.3209064 0.7047281
30 1.8141176 -2.095312 0.2982571 0.20557275 1.0588353 0.31375328 0.17751248 0.15204225
6 -0.43856657 -1.3420383 1.6581892 0.3008944 0.24819493 -0.47210637 -0.656469 1.4800047
41 0.47112337 1.3919299 -1.0168544 -0.0694215 0.0060283127 -0.17961012 -0.35616234 1.3176982
11 0.64966875 1.5532058 0.56224597 -1.2647531 -0.41975647 -1.3245968 0.15775266 -0.14935838
7 -0.17550825 -1.6290444 1.1637336 0.59631956 0.3648582 0.69581276 -0.96143067 2.056122
16 -0.32695952 -0.67148596 0.5243364 -0.15695322 1.0229824 -1.999107 -0.056095585 -0.3343172
13 0.36403117 -1.245902 0.60303336 1.2209836 0.055488497 0.8250653 -1.311342 1.764953
36 1.0480747 1.8422061 -0.79273885 -0.55345213 -0.07543042 -0.7331469 0.1326544 0.08230543
0 -0.3132716 0.13406216 0.60731703 0.22574185 1.367579 1.8115997 -1.0519377 -1.636911
38 0.7547746 1.0878304 -0.5514908 0.17364515 -0.024103377 -0.11958628 -0.30735826 0.53154665
23 -0.004990465 0.5996302 -1.1099942 0.0033236872 1.0323287 0.084283106 -0.6608261 -0.144896
9 -0.53610945 0.84493047 1.3283635 -0.635446 0.17494275 -1.4747154 0.680819 1.22493
20 0.49750313 0.24225134 0.32135695 1.1213588 -0.43537524 -1.6653993 -0.7590852 0.16784112
31 0.17143169 -1.1021247 0.34399882 0.027931057 0.8170955 1.4410894 -1.0811625 0.7645753
28 1.1966815 0.62883526 0.47543827 0.838133 -0.8518234 -1.2814317 -0.8766202 -0.57737666
8 1.3490354 -1.8439511 0.30556926 0.96442825 0.39812136 0.52284193 -0.8969397 0.5529518
29 -0.111200616 -0.43004346 -0.4962179 0.32239574 1.5282984 -1.7968786 -0.045236003 -0.999472
10 1.0892563 0.6217503 0.8129517 2.0461023 -1.0091594 -0.4575779 -1.0266645 0.030398462
40 0.55404055 -1.0193459 -0.17865957 -0.056235008 0.9734311 1.3911378 -0.9995646 0.34863803
26 -0.52147084 -0.6941764 2.0949705 -0.47111684 0.4131927 -1.0133294 -0.18925641 0.072593905
15 -0.0738721 -0.13894917 0.7851564 1.000679 1.2501184 1.7494792 -1.053038 -1.5309775
27 -0.7253917 0.29335544 1.6582875 -0.2912974 -0.0022418895 -0.7648381 0.10411956 1.8057066
24 -0.31507736 0.28849083 -0.19900905 0.22703972 1.0708216 -0.22357251 -1.0670829 -1.4684532
39 0.5863257 -0.12257789 -0.096841924 -0.8677794 0.8222794 1.4839257 -0.5563971 0.14574134
5 -0.33715954 0.83898735 2.3978372 -1.42419 -0.38257626 -0.8116549 0.3348894 0.7254354
43 0.02738425 -0.33693585 1.6892022 0.3480221 -0.024977375 0.22352147 -0.1756737 1.3405248
17 -0.56310874 -1.1381097 2.0063062 -0.6591254 0.63461727 -0.79932696 -0.21938252 0.26286948
19 -0.5584149 0.09137049 -0.34127456 0.35387442 1.1655302 -0.37141475 -0.2518679 0.48100874
21 -0.3490023 1.2009225 0.32117274 0.18232223 0.11961865 0.98411995 -0.40933815 1.4210017
1 0.741802 0.6008807 0.404936 -0.89664656 0.58927137 0.5795993 -0.13009284 -1.0449628
35 1.2847126 1.1692898 -0.27094707 -0.42147297 0.17618322 0.59847116 0.552259 0.66918355
33 0.7363923 1.5034542 -0.78571445 0.346326 0.24731368 -0.09559766 0.24884908 0.7108669
45 1.0408494 0.47613078 0.8188898 -0.2668608 0.093755156 -1.3931776 0.04280143 -1.5270673
22 1.9214137 -0.8533551 -0.7546088 -0.18571518 1.4716449 0.6582764 0.48378906 -0.7164526
37 2.1637113 -2.1030285 0.084830664 -0.41290095 1.350595 0.17800614 0.16596726 -1.0943106
3 -0.083291024 0.41490743 -0.073201224 -0.37312987 0.9475883 1.8382789 -1.4831542 -1.1758355
32 0.3125894 1.1360487 -0.31499875 0.9357315 0.38308167 1.3231577 -0.030977827 1.4967309
49 -0.12052568 0.96840364 1.4883119 -1.3420702 -0.38327923 -1.5241977 -0.040077027 0.2783045
44 2.0077324 -1.1819358 -0.33011878 0.099710025 0.9658755 -0.8612634 0.3801566 -1.0211488
46 -0.37134123 -0.7025306 2.1191306 -0.76029426 0.2689307 -1.389743 -0.03884398 0.22870266
48 0.050164357 1.3559693 -0.50320184 -0.4286873 0.5121568 -0.5871995 0.35079086 0.8960731
47 -0.15456185 1.5690459 0.27915388 -0.7109544 0.28309342 0.1762317 0.57883346 1.6141475
42 2.1772723 -1.0261947 -0.03428386 0.35244963 0.97947615 -0.5150347 0.5981957 -1.3240594
