50 8
42 -0.76413924 0.0044850064 0.6725596 0.030659258 -0.05677319 0.57079595 -0.67280316 -0.7058685
28 -0.56219566 0.058308087 0.12625827 0.122634254 -0.004739998 0.9987135 -0.7645815 -0.7074067
43 -0.92801994 -0.17154165 0.12684757 -0.22390777 -0.22254741 0.8463905 -1.2167114 -0.3705855
29 -0.5107844 0.61616147 0.8065818 -0.39919463 0.68932885 -0.028202228 0.27809837 -0.31884325
41 -0.66590476 -0.026102634 0.030185662 0.00019929228 -0.19313829 1.0928662 -0.83950454 -0.5800785
6 -0.037223555 -0.19584799 1.125416 -0.04708479 0.18731043 0.36554518 0.25909874 -1.2398455
1 -0.8857873 -0.0077719735 -0.41114342 -0.07261201 0.15191473 0.761786 -1.139391 -0.34271872
39 -0.0845218 0.20952067 0.9316266 -0.31926063 0.95122725 0.023282962 0.15727393 -0.41306612
27 -0.8658715 -0.25662163 0.09149081 -0.15305082 -0.18391886 0.8329705 -1.0453359 -0.41958436
18 -0.10744089 -0.30103323 0.6996717 -0.69302857 0.90107256 -0.2607679 1.6688881 0.18235055
40 -0.25169435 0.031855166 1.0978261 -0.6661408 0.59818107 -0.16503857 0.51843756 -0.42090333
23 -0.26881558 0.35621232 0.41449356 -0.6005647 1.1503386 -0.22537184 0.3757496 -0.013270615
16 -0.91292864 -0.05369971 -0.31906736 -0.39989945 -0.035844512 0.74519867 -0.95471656 -0.13943087
0 -0.2217366 -0.44737217 0.4638577 -0.62148666 0.5667766 0.036990274 1.3764911 0.1382293
24 -0.7017608 0.06817695 0.8025012 -0.38340896 0.47631803 0.053607844 0.3415077 0.17910632
49 -1.0340309 -0.20123985 -0.22998075 -0.11688512 -0.11227737 0.658234 -1.01878 -0.43034637
44 -0.47512433 0.2630965 0.69263476 -0.24687552 0.5045431 0.32865593 -0.3278798 -0.4051787
31 -0.009014677 -0.047771093 1.30307 -0.06457043 0.3744094 0.3256836 0.13113843 -1.1420199
13 0.09940397 -0.78960115 0.41377178 -0.48178968 0.9777107 0.003388027 1.0023199 0.0135916
46 -1.150779 -0.09366205 -0.09182154 0.19648902 -0.5126467 0.81632537 -0.4878048 -0.64150655
38 -0.65425265 -0.029594587 -0.50443774 -0.29479688 0.5536196 0.5101365 -1.0492889 -0.24379468
25 -0.31201854 -0.5813365 -0.73247063 -0.47630534 1.0457877 0.19002227 0.43962803 0.5943595
17 -1.0543416 0.42585346 0.34869277 0.1754975 -0.21741278 0.74952394 -0.6116265 -0.64684355
20 -0.4778612 -0.01246358 -0.12094274 0.31891125 0.14502348 1.0222576 -0.8332371 -0.843537
34 -0.89255923 -0.21134067 -0.71175766 -0.20035408 0.45696872 0.66226596 -1.0414859 0.21906759
48 -0.17946057 0.24472459 0.7472625 -0.12826963 0.6617331 0.28099376 -0.16710283 -0.74151295
45 -0.89388216 -0.1714821 0.3095156 -0.2459996 -0.17669255 0.78065985 -1.0989528 -0.35457325
19 -0.02739286 -0.2482533 0.32997096 -0.6490706 1.0470804 -0.20169988 1.1863005 0.00643761
26 -0.0016426842 -0.4432762 1.209458 -0.05103479 0.05098903 0.44238177 0.34289002 -1.246856
4 -0.663975 -0.42431432 -1.3198447 0.31805953 0.2995666 1.2475346 -0.7490787 -0.010462299
2 -0.47142112 -0.27587694 0.09012301 -0.70563525 1.0850888 -0.40415254 1.3979123 0.6063928
36 -0.7766227 -0.16679837 -0.87227154 0.15988216 -0.04669842 1.235446 -1.3355397 -0.54256386
21 0.016505634 -0.5509345 -0.03095612 -0.59248084 1.2279096 -0.25562227 1.776377 0.33246326
7 0.1080595 -0.0014401289 1.0557334 0.07449204 0.63159865 -0.0014231944 1.0483464 -1.2601827
5 -0.640253 -0.5309011 -1.1015643 0.2943272 -0.04917302 1.4500564 -0.7152469 -0.19917499
15 -0.62505925 0.0031531912 0.73775625 -0.518511 -0.050491996 0.20149472 0.9320235 -0.24831656
9 -0.71843886 -0.3695265 -1.5779097 0.0960287 0.39193657 1.3017079 -0.47291285 0.57482713
30 -0.22647561 -0.13729209 0.3239974 -0.42171606 0.7106802 0.19403447 1.7828048 0.41749108
14 -0.87842494 -0.009807374 -1.5414245 -0.3717529 0.82611203 0.62052184 0.49881732 1.3176919
3 -0.07609333 0.19358468 1.555347 -0.5133149 0.9353368 -0.3693622 0.8299815 -0.5213993
8 -0.14702767 -0.5582765 1.2209451 -0.31277192 0.35140356 -0.06237337 0.6934168 -0.78819066
11 -1.0073559 -0.22049811 -0.79368633 0.027876977 -0.27198115 1.1409377 -1.3383251 -0.5154073
47 -1.0330932 0.15836447 -0.66156954 -0.0056035677 -0.09250996 1.2747622 -1.4874231 -0.109947674
12 -0.14213952 0.2139281 1.1245013 -0.5189152 1.0876437 -0.46871066 1.2254419 -0.28534257
35 -0.4810285 -0.19207531 -1.7277675 -0.40030724 1.216542 0.2644053 1.4925137 1.0048664
10 -0.42135015 -0.7360319 0.3757494 0.4521232 -0.5224269 0.94595516 0.38210404 -1.2252842
33 -0.56056213 -0.39558485 -1.614287 -0.46668273 0.9440855 0.24721073 2.0316525 1.0862589
32 0.20346653 -0.70251584 -1.2691422 -0.43747032 1.2722533 0.40499234 2.0755908 0.7049445
37 -0.2892049 -0.38303393 -1.5103803 -0.37431392 1.3627857 0.024861649 2.025522 0.8446812
22 -0.032265276 -0.20280218 -1.4919505 -0.5196272 1.5061994 0.123615876 1.9115846 0.78293663
