50 8
43 -0.3712545 -0.07556377 0.35591972 -0.0047813044 0.98017913 0.41570568 -0.4564217 0.18308328
42 -0.8062934 0.3940466 -0.13311608 0.05376186 0.65229833 0.63490343 -0.3073651 0.5879331
39 -0.7930114 0.4813259 -0.2276487 0.33200523 0.74202186 1.0028863 -0.21918924 0.3116812
18 0.2824157 -0.14121164 -0.64182794 1.6516247 0.9148913 -0.44104105 -0.37442347 -0.043340486
28 -0.77016604 1.0839502 0.369811 -0.32931465 0.5004849 -0.25892085 0.11059282 0.9455322
27 -0.3504683 0.55174536 0.5606618 -0.76775 0.4290315 0.84207696 0.15165702 0.97857434
1 -0.22948557 0.40039983 1.1191809 -0.8118213 0.5075407 0.037339088 0.15538418 0.8323789
17 -0.48778585 0.449763 0.2539685 -0.063281655 1.2301675 -0.15600468 -0.05306138 0.23239934
40 -0.5078854 0.21129064 -0.8321205 1.127017 0.7361408 0.8591828 -0.2693055 0.18345504
34 0.270106 -0.37237555 0.7711932 -0.67899126 0.6902929 0.87982905 -0.12494143 0.61454713
49 -0.14046603 -0.044086557 1.0618061 -0.73119235 0.732498 -0.20276807 -0.14265329 0.6918805
23 -0.35347527 0.6308583 0.3550739 0.22836447 1.4910727 -0.29705507 -0.13328819 -0.18145251
24 -0.4809145 0.42404053 0.660077 -0.1367764 1.2538356 -0.3663986 -0.33654073 0.107809655
31 -0.74639344 0.7914225 -0.8039401 0.62499946 0.59209317 0.85875577 -0.15423098 0.5336893
12 -0.05244457 0.16332796 -0.22893088 1.1563581 1.0956686 -0.6400605 -0.37213486 -0.054037303
7 -0.32087886 0.4646587 -0.4058789 1.0692304 1.2945433 -0.5163157 -0.25174275 -0.12460895
41 -0.613164 0.36778563 0.7102942 -0.5159845 0.26901832 1.078575 0.16835706 0.8280565
36 -0.3518727 0.57233953 0.6946078 -0.5350618 0.38520306 0.4763892 0.3688153 0.8863086
16 0.5621987 0.014606058 0.4519902 -0.16662253 0.3313419 0.6714112 0.2642708 0.7721726
26 -1.0416906 0.20915501 -0.7645872 1.0901247 0.48823804 0.6115566 -0.14931577 0.40007865
21 0.70584226 -0.7700673 0.16338627 1.0840234 0.6074886 -0.9231653 -0.521052 0.27648222
45 -0.5400646 0.3267453 0.34572893 -0.07633349 0.09944064 1.5887579 0.14407754 0.6934335
19 0.009744053 0.26756608 0.24980313 0.07016457 1.5339999 -0.5212304 -0.386362 -0.014311801
38 0.13358225 -0.26677787 1.3303111 -0.85532594 -0.124953106 1.2744855 0.31990007 1.0369111
2 0.6316348 -0.54795325 0.2100365 1.1355318 1.1278596 -1.0676534 -0.46852648 -0.14712027
3 0.79315484 -0.13538927 0.513912 0.4075939 0.99005574 -1.4481452 -0.36276534 0.34109068
30 0.25678623 -0.52278125 -0.7211468 2.345552 0.1556241 -0.21494995 -0.25412318 0.16831638
15 0.35358584 0.32734343 0.47737643 0.52224547 1.3361423 -1.4794616 -0.10795893 0.04719982
20 -0.14999034 0.15303151 0.6136983 -0.120099716 -0.92479557 0.4888898 0.53072786 1.6838362
48 -0.111252494 0.268675 0.54777366 -0.6350551 0.5044408 0.69583786 0.012725207 0.8222466
25 1.0373261 -1.3367169 0.006944965 1.4101812 -0.94515395 0.49848396 -0.2421131 1.0086621
10 -0.55177724 1.2059134 -0.2554145 0.6379955 -0.28026557 -0.8744507 0.0994198 1.3093976
9 1.0116794 -0.23758885 1.2514884 -0.5441409 -0.45958674 0.06436263 0.19589448 1.3612758
0 0.8629879 -0.5645701 -0.20967327 1.4791769 1.1072954 -1.2680777 -0.3811742 -0.05177236
4 -0.09201044 0.13647605 1.2382419 -0.43013144 -0.49091607 0.46465746 0.20647934 1.2286241
29 0.053984586 -0.45857716 0.16823737 1.0009722 -0.06746027 0.22045495 -0.60883135 0.47189644
46 0.035240147 0.12520324 1.4577366 -1.196432 0.24697073 0.36243328 -0.15783873 1.0513229
14 1.2386109 -0.23407038 1.0943924 -0.43240505 -0.3393764 0.17665114 0.07987313 1.2674755
5 0.9333384 -0.042543925 1.0314227 -0.5736589 -0.0052210107 -0.71324396 0.3389746 1.3675485
11 0.4314146 -0.3777863 1.3380564 -0.67914116 -0.23976924 0.2249998 0.14066209 1.2373191
13 -0.057637528 -0.14542262 -0.650808 2.0707788 0.025494909 0.20987223 0.093888015 0.255216
6 -1.3262036 0.81227034 0.07037424 0.08653544 0.032322075 1.0879325 0.0687906 0.84209865
37 1.2981817 -1.3533335 0.51448315 1.409865 -0.40161374 -0.95307165 -0.023088248 0.80459803
47 0.04859848 -0.39555737 0.889442 -0.59400344 0.58389026 1.5937148 -0.03398463 0.42234552
44 -0.07967437 -0.40022126 -0.8099964 1.7900779 -0.15641189 1.5577625 -0.055482455 0.30107436
22 0.797077 -1.4129908 0.3486528 1.6075087 -0.065282226 -1.378143 -0.2924607 0.58759165
8 -1.0280386 0.48896858 -0.9662624 1.520287 -0.15348874 0.9619837 0.051756557 0.6561766
35 0.68828106 -0.81497306 -0.15614013 2.0200737 -0.08102887 -0.69581115 0.06600645 0.4364385
33 0.88423556 -0.80695724 -0.33274117 2.1711242 0.3576098 -0.9372317 -0.2784101 0.115587726
32 0.8502608 -1.0624818 -0.45946848 2.708336 0.11630299 -0.5254002 0.01541305 -0.020269364
