50 8
20 -0.5823662 -0.22173142 0.87261003 0.20108454 -0.4499616 0.26169503 0.31612453 0.29064658
19 -0.33751523 -0.04871051 0.8347542 0.03258735 0.42574358 -0.2557775 -0.41562513 0.7044992
29 0.033774674 -0.012162609 0.62487286 0.4654142 0.59353685 -0.2550033 -0.40828744 0.8130685
15 -0.31691974 0.25191095 0.7906286 0.12712742 0.53993106 -0.5589781 -0.22559604 0.77814376
18 -0.12525885 -0.019467324 0.6436452 0.30260068 0.5994789 -0.33642069 -0.3489514 0.927557
24 -0.29981834 -0.060808852 0.84317297 -0.050192915 0.59400195 -0.41705137 -0.3370819 0.86897874
43 -0.025108034 0.67782265 0.17013581 0.590734 0.3731562 0.8048003 0.4361933 -0.1409103
6 -0.056426104 0.16645794 0.623562 0.22584376 0.71889067 -0.23950194 -0.3091322 0.72330827
26 -0.07060163 -0.18723327 0.6523714 0.18969509 0.7493492 -0.1626067 -0.25492433 0.741727
0 -0.5608212 -0.026898466 0.91765213 -0.016527291 0.35541436 -0.44171116 -0.32278317 0.7606651
10 -0.5411684 -0.01030844 0.7735394 0.22779979 -0.26542684 0.062160075 0.18301477 0.5185232
17 -0.17134933 -0.17926256 0.8178898 0.032030974 -0.1227982 0.5725548 0.09162327 0.211921
23 0.32592034 0.3704586 0.5178208 0.38364717 0.84122 0.0052394327 -0.29739836 0.37282485
8 -0.41074276 -0.00347085 0.8454578 0.10458 0.5088712 -0.5500822 -0.41218773 0.8335443
25 -0.04431933 -0.31213212 0.8763261 0.1043113 0.18168992 0.13061397 -0.31857735 0.51450175
45 -0.4912493 -0.60842067 1.2501495 -0.07079889 -0.5043245 0.15057957 -0.107701436 0.2592471
22 -0.39017174 -0.30403763 1.127949 0.023904566 0.110837646 -0.31402555 -0.34624678 0.35563904
35 -0.07866058 -0.028818725 0.91924244 0.16916592 0.4829405 -0.35987207 -0.3180675 0.4636441
13 -0.25592557 0.4824681 0.5857465 0.0804972 0.9841969 -0.40911594 -0.33000058 0.6383026
12 0.029785799 0.36012208 0.5600867 0.393008 1.0775621 -0.44983402 -0.5206102 0.57781637
37 -0.3966693 -0.46000856 1.1921239 -0.08147099 0.09037113 -0.5587128 -0.21046242 0.7767367
7 0.07209561 0.32822064 0.5243551 0.107173465 1.0820082 -0.21698365 -0.18128581 0.70497507
42 -0.71593773 -0.5684731 1.2121848 -0.41883415 -0.23790038 -0.0077917804 -0.15761788 0.6173894
21 -0.018845335 0.5211574 0.3447479 0.43675697 1.2045034 -0.094231196 -0.60660166 0.4482601
30 -0.29709852 0.091969095 0.8133375 0.59977263 0.46181136 -0.7069541 -0.354092 0.49294752
32 -0.28773928 0.07447103 0.80917627 0.26992485 0.7334238 -0.525299 -0.56344134 0.5130145
46 -0.86108494 0.14693974 0.96524525 -0.32391012 -0.36375484 0.18727247 -0.014870397 0.51707125
40 0.5489494 0.64235944 -0.019790588 0.87003213 1.219226 0.34688154 -0.23653984 0.39805725
2 0.11248517 0.12799309 0.5183588 0.38652354 0.8264587 0.03758411 -0.34891176 0.35632583
16 0.051903926 -0.46480918 0.770625 0.32578078 -0.39233994 0.71565896 0.09620136 0.359057
27 0.06412484 0.6235462 0.21327874 0.5298467 -0.009973382 1.2934366 0.9901508 -0.4340775
1 0.3413252 0.57776105 0.28453326 0.7012938 0.33973616 1.2095172 0.6642632 -0.8464398
44 -0.3444819 -0.29132771 0.960361 0.025278136 0.58846915 -0.540499 -0.47405452 0.75258434
33 -0.10396416 0.43503445 0.26739666 0.5579774 0.76331913 0.47162318 0.33119327 -0.28376827
49 0.019169169 0.49042282 0.3205452 0.7766049 -0.5666399 1.4301049 1.3171633 -0.64336574
14 0.6469413 0.4482832 0.33831987 0.8718866 -0.33471152 1.7084687 1.05656 -0.8806044
28 -0.417092 0.49312404 0.2686063 0.28210446 -0.16095449 1.2716429 1.0353045 -0.29220125
3 -0.15656736 0.17573409 0.46102688 0.37274703 1.1165541 -0.49371633 -0.38418132 0.8489447
36 0.27427652 0.31320304 0.43885982 0.71204585 -0.30446318 1.4394283 1.0624589 -0.88197535
48 -0.14896369 0.047274664 0.7081627 -0.19981325 0.63843197 0.09519344 -0.31196767 0.6635486
31 0.58030355 0.895587 -0.03458204 0.51587856 1.5380105 0.32823408 -0.28894266 0.49394673
9 -0.11038245 0.22815724 0.69493264 0.51798415 -0.98478675 1.4432058 1.3922644 -0.8306986
4 -0.15776998 0.19121733 0.70838857 0.286092 -0.92937523 1.6156391 1.1745164 -0.7673938
5 -0.51454467 -0.034506135 0.9092001 0.23247698 -1.0438831 1.0097991 0.746268 -0.4337644
41 0.4012519 0.60142165 0.029526535 0.96420866 0.15620673 1.7503283 1.0974426 -0.931171
11 -0.21317057 -0.055981927 0.90294886 0.4028404 -1.0287327 1.4523581 0.81294155 -0.9184552
38 0.10191774 0.6799776 0.34304658 0.5614773 -0.5806541 1.9026433 1.4216132 -1.0343597
34 0.5488055 0.5352235 0.2766008 0.83459324 -0.3706221 2.018009 1.206544 -1.1020578
39 0.6480521 1.272712 -0.2725451 1.2782004 0.7837352 1.5198139 0.86314154 -1.0546669
47 0.18502943 0.4631565 0.119407475 1.0732484 -0.7226806 2.2462227 1.5222139 -1.1473464
