50 8
1 0.30671895 1.0305845 -0.24911422 0.6249865 -0.49581838 0.5941173 -0.21641548 -0.007501078
43 -0.19670872 -0.26513958 0.6386442 0.62720805 -0.86406314 -0.6944978 0.9881448 0.1820479
45 0.024369963 0.42921954 0.08682245 0.6293324 -0.77741426 -0.024569457 -0.35742766 -1.000316
42 0.013345562 0.32097378 -0.09881723 0.62843436 -1.2346588 -0.36164185 -0.2385906 -0.2872674
28 -0.066046074 -0.0081511205 0.51817006 0.45172164 -1.1574568 -0.6330724 0.12064357 -0.94966495
46 -0.1622471 -0.05511079 0.60221165 0.39359117 -1.0744517 -0.532151 0.54095733 -0.4202229
40 -0.8405626 0.11808414 0.9348176 0.29962862 0.751522 -0.7571625 0.37859416 1.1549761
41 0.1630347 0.89900607 -0.18734266 0.46250936 -0.7470458 0.023497479 -0.6370028 -1.0484209
20 -0.00275265 0.5537024 0.018826758 0.6236193 -0.8561295 0.2008949 -0.47421104 -0.97647166
22 -0.35072654 0.9689601 0.17112565 0.6634224 0.8092486 1.0710387 -0.17007351 0.007311977
4 0.14901336 0.9477612 -0.19156176 0.5991413 -0.668556 0.5981494 -0.1683641 -0.9593957
31 -0.6686304 -0.26333773 0.7235726 0.4104918 -0.22687252 -1.4448119 -0.22004358 0.5350069
16 0.31901267 1.1766841 -0.1405975 0.32371783 -0.5858073 0.55055094 -0.2941535 -0.79870903
27 0.008118944 0.39659336 0.08117926 0.65228385 -1.0514959 0.024878312 -0.4339045 -1.2015673
14 0.29860696 1.3654796 -0.1584929 0.20441492 -0.56468254 0.8609669 -0.40182287 -0.19008137
18 -0.82779497 -0.19767179 0.9222538 0.6264209 0.62137085 -0.7938609 0.5253373 1.354762
48 0.1419419 0.84694743 -0.018622791 0.589436 -0.4320456 0.5997076 -0.21591839 -1.105957
36 0.24837328 0.94668144 -0.41904375 0.6901618 -1.1360531 0.8822933 -0.287461 -0.29021972
25 0.27571008 1.2597928 0.03725001 0.058438655 -0.51358277 0.447137 -0.44951624 0.42826045
17 -0.0072814636 0.34896165 0.100054376 0.75727016 -0.91065246 0.048564285 -0.39101893 -1.1613219
15 -0.42996624 0.082285464 0.7295561 0.49995238 0.13885114 -0.31234494 1.1538917 -0.75729
6 -0.28752866 0.1274524 0.23874927 0.52274853 -0.63064337 -0.7998851 0.09425347 -0.4292894
49 0.13035466 0.77860045 0.09457721 0.46094945 -0.8844594 0.596375 -0.10061784 -1.0057166
29 0.14686301 0.8575828 -0.29727864 0.3540708 -0.83869505 -0.29662257 -0.13809226 -0.29591736
10 -0.06299721 0.023487745 0.43156025 0.4251589 -0.86005664 -0.8986783 0.9511341 -0.44560248
19 -0.81702125 -0.038791902 1.0999982 0.21463616 0.88812536 -1.512786 0.48302928 0.10646193
38 0.13648464 1.3365068 -0.20916878 0.32796857 -0.2829256 0.8239067 -0.6232099 -0.53986216
47 0.14291301 0.9488899 -0.14013655 0.5310831 -0.60653085 0.63902694 -0.35364297 -0.5726832
23 -0.6521448 1.0753381 0.47849113 -0.08862388 1.0754067 0.16794503 0.3954002 0.5452133
34 0.33180538 1.5289812 -0.20736079 0.28033808 -0.43175012 1.1551418 -0.642645 -0.6848641
26 -0.39956036 -0.10536172 0.66120046 0.22079897 -0.502816 -1.5384382 -0.04965932 0.33219644
35 -0.3579289 1.0688411 0.45785695 0.20544292 0.8695663 0.7062722 -0.28622648 1.2862742
11 0.19333164 1.2775818 -0.05869779 0.2829421 -0.67007184 1.3398751 -0.3907222 0.030654434
24 -0.8248862 0.54931635 0.73305535 0.014989434 1.2408842 -1.0776349 0.42465523 0.4630983
39 -0.60914034 0.340816 0.57850385 0.16761038 0.21736288 -0.84775966 -0.324996 1.5296038
8 -0.2812278 -0.22690588 0.5362453 0.5566264 -0.4515746 -1.7524693 0.307118 0.351459
9 0.21721677 1.193142 0.009477439 0.090063095 -1.0725186 1.0268079 -0.062113892 -0.5345628
12 -0.76955557 -0.101777256 1.0419208 0.42670608 0.78316224 -1.3076732 0.5133597 0.87261677
13 -0.8621735 -0.56396013 1.0159206 0.70902455 0.12011826 -1.0318058 0.79329884 0.5298908
5 0.10103212 0.59149677 -0.06207486 0.64293915 -1.0210797 0.42251942 -0.2595214 -0.77190214
7 -1.0141637 -0.30717212 1.1129152 0.49047554 0.82675624 -1.2345262 0.58545583 0.5481159
30 -0.6675092 -0.2524327 0.7537407 0.7279058 0.18819627 -0.8731003 0.43252438 1.7125739
33 -0.051526163 0.91995025 0.17182782 0.43030727 0.1934982 0.547842 -0.7493817 1.157466
44 -0.548427 0.04646362 0.6437966 0.5008771 -0.029384868 -0.565288 -0.36908823 1.8456842
21 -0.9833491 0.1457513 1.2329724 0.20652287 1.086722 -0.40983716 0.5935575 1.1855553
2 -0.7017181 0.94574904 0.9869495 -0.21766755 1.4578123 0.22140206 1.5058924 0.4622706
0 -0.8792497 0.24605192 1.4030004 0.1314855 1.3962212 -0.5318194 0.75564826 1.1957468
37 -0.71250254 0.73499244 0.8917167 0.093065724 1.0500344 0.38959718 -0.3517261 1.9510489
32 -0.6855349 -0.08757996 0.9477852 0.5234197 0.40950233 -0.6903423 0.5885466 2.1279151
3 -1.0701213 0.59346473 1.3978637 -0.14542249 1.7980742 -0.06500122 1.5444146 0.661824
