50 8
19 -0.52512866 0.5113886 -0.8150409 -0.6579747 1.652362 1.349345 0.25379288 -1.4803427
3 -0.47522312 0.35279706 -0.96936584 -1.0047255 1.3151488 1.716343 -0.5614138 -1.2821239
27 -0.065847866 -0.22543442 1.1324995 0.018382438 -0.41246194 -2.2396052 -1.0425792 1.220644
24 -0.68208075 0.31611323 -0.36395583 -0.9970912 1.5271776 1.7231029 -0.028282784 -1.172548
28 0.14784291 -0.4196021 1.0745863 -0.3067536 -0.5647197 -2.1144042 -1.0150963 0.81097347
15 -0.22274053 0.4279987 -0.60190225 -0.9715792 0.99771196 1.9629953 -0.41852745 -1.4266083
41 0.32603392 0.12773402 0.35291624 0.070721805 -0.54586893 -2.491284 -0.98921347 1.0410404
36 -0.15225974 0.49173397 0.46086755 -0.40935427 -0.5935139 -2.599218 -0.84167206 1.0651046
23 -0.7470703 0.68145525 -0.76954097 -1.0272213 1.5393049 1.4928389 -0.02529301 -0.8978127
0 0.05780336 0.20189004 -0.8089617 -0.9109428 0.8581094 1.6471318 -0.32066417 -1.9778137
31 0.12099274 -0.86259216 1.3993887 -0.47773293 -0.38796893 -2.076148 -1.0910431 1.0784783
34 -0.0865156 0.85810846 -0.3910665 -0.2763554 -0.49938866 -2.2537656 -1.067666 1.1879554
21 0.07829825 0.9724783 -1.2101381 -0.4614478 0.7601586 1.5914962 -0.40868345 -1.0618167
17 0.40119278 -0.60447145 1.9379148 -0.12405341 -0.33130535 -1.378334 -0.01963283 0.3536331
6 0.6389663 -1.5611267 2.0765367 -0.08157014 0.23617622 -1.039225 -0.40824762 1.0542471
32 1.357034 0.901069 -1.4489802 0.20311841 0.0822806 1.4114649 -0.49359086 -1.5808572
2 -0.6737307 0.17157371 -0.5897846 -1.1933023 0.8815617 1.5101528 -0.69677263 -1.6916105
33 1.5587231 0.977528 -1.4469439 0.4200802 0.2228435 1.5529718 -0.27633813 -1.4114076
37 1.6411626 0.632875 -1.34592 0.40337998 0.622236 1.6538328 -0.06904955 -1.2431515
26 0.87153876 -1.2747376 1.4511173 0.051951688 -0.37342948 -1.3011401 -1.0127616 0.8582935
22 1.5327442 0.83721626 -1.2549745 0.70579076 0.33386624 1.7097756 -0.2871492 -1.3408247
38 -0.045369413 0.6767879 -0.27764395 0.034673765 -0.75220346 -2.5306275 -1.3239574 0.70366275
4 0.23857398 0.8211314 0.49271116 0.6847559 0.02925692 -1.6598935 -0.1155324 1.3019677
14 0.15699047 2.283718 -0.9677426 0.91301966 0.7006341 -0.09897095 0.6782414 0.28376043
13 0.7418424 0.31922394 -1.1402361 0.15481131 1.0658183 1.9217739 -0.53027606 -1.1227667
40 -0.005490436 -0.5535064 0.60605615 -0.8056966 -0.6150829 -1.8709325 -1.2784783 0.34302709
35 1.5409298 0.85810053 -1.5846903 0.31569567 0.37963513 1.7595944 -0.29711607 -1.5082753
42 0.49644926 -0.93154144 2.2487395 -0.13348678 -0.8019436 -1.5145744 -0.50058943 -0.12577464
43 0.053543456 -0.50281286 1.6048121 -0.75821775 -0.78163016 -2.085657 -0.6249403 -0.06773778
39 0.32656208 -0.8236294 1.0163175 -0.8135396 -0.99634933 -1.8359098 -1.179167 -0.3088327
16 0.37227288 -0.012574357 1.8927522 0.5187217 -0.4713587 -1.479425 0.12002059 0.31471857
18 1.4467906 -0.43292248 -0.6157291 0.05814146 0.30738255 1.7186217 -0.8222402 -1.1307379
7 -0.64435816 -0.42482105 -0.21736217 -1.1623125 1.7675296 1.9412982 -0.3888564 -1.0344371
9 0.07394312 2.0647178 -0.51239157 0.3691991 0.3940887 -1.080807 0.81178355 1.0536216
12 -0.9229605 0.032256026 -0.67528385 -1.1310918 0.99133474 0.7525917 -0.9754328 -0.78897786
1 -0.9169808 1.4396224 0.32927936 0.002202687 1.2816662 0.88373005 0.6077272 0.24293639
10 -0.48512784 -0.11648266 0.75453645 -0.13421538 2.1176424 1.5857233 0.49297842 0.62024325
30 1.3866507 -1.0307196 -0.21500324 -0.55400854 -0.25700548 0.96809465 -1.0989753 -1.004964
8 1.0005542 -1.971915 1.2371376 -0.07543098 0.70363927 0.5440146 -0.89466166 0.6958586
20 -0.15198837 1.0397031 0.23946524 0.8484646 1.9211057 0.6865409 1.1731691 0.8413303
5 -0.49665028 1.6471623 0.32980022 0.20062625 0.95599943 0.35029876 1.2022651 -0.052849077
29 0.7258484 1.6376529 -0.6475074 1.5084077 0.9779647 0.59240377 0.7422658 0.01867888
48 0.1518952 -0.4654428 1.380049 -0.2201485 -0.4261615 -2.1022198 -0.6624141 0.90686625
25 1.8206639 1.2943916 -1.1103151 1.4392987 0.079936676 0.25698087 0.24220672 -0.04569381
11 0.34428632 2.406252 -0.4669585 0.87369114 0.6011064 -0.24214032 1.2290453 0.7995606
45 0.31583577 -0.60053444 1.5449536 -0.109648325 -0.3201567 -1.9621572 -0.63699186 0.86531687
49 -0.1199596 -0.11618877 1.9571157 -0.40371946 -0.7383437 -1.7723864 -0.16313641 -0.13787384
46 0.26727632 -1.141545 2.1018987 -0.6762942 -0.48256418 -0.6976435 -0.3666352 -0.60050046
44 0.538671 -0.02028394 0.96430224 0.2820955 -0.69634193 -2.0375464 -0.65297073 0.5737862
47 0.18662454 -0.45239055 2.2023036 -0.85720235 -0.99771214 -1.1559968 0.13218768 -1.0178906
