50 8
19 -0.25255215 -0.2232566 0.14389095 0.5877299 -0.5107587 -0.9375394 0.16658826 -0.36245126
43 -0.45222926 -0.36072603 -0.0057326006 0.73257715 -0.42725816 -0.8108933 -0.058339648 -0.6229685
24 -0.7070193 0.12638326 0.067644365 0.4410999 0.26215667 -0.7078023 -0.2755791 0.19325674
39 -0.16167723 0.18171257 0.15069325 0.3252505 -0.7639122 -0.7606143 -0.015179994 0.007779263
10 -0.67592794 -0.28615382 0.057910975 1.0528685 0.5247257 -0.56065494 0.1766808 -0.35591918
1 -0.365182 0.21766144 -0.38629752 0.90106606 -1.2339752 0.17290507 -0.57437927 -0.40776548
25 -0.37353244 0.16675965 -0.3605175 1.1189808 0.038645312 -0.23783106 -0.16262437 -0.15867363
41 -0.45274654 -0.009590665 0.123921566 0.7237527 0.06557266 -0.7279034 -0.12428322 -0.4373457
44 -0.017355127 -0.031271484 -0.21381333 0.5541609 -0.6117868 -1.1453463 -0.07768662 -0.35656825
49 -0.43852794 -0.05751728 -0.062374957 0.77006143 -1.2253654 0.028228516 -0.3838061 -0.45146334
13 -0.5014325 -0.5540309 0.44928914 0.71293426 0.39320523 -1.0098526 0.49794626 0.007043722
28 -0.5940575 -0.77396303 -0.11564134 1.0043608 -0.15614274 -0.83801764 -0.12142509 -0.80149525
26 -0.220605 -0.4428611 0.6468145 0.20245858 -0.37766066 -1.3454448 0.2808551 -0.08602503
15 -0.03794705 0.026869131 0.42076412 0.015211171 -1.2199885 -0.97360677 0.035719458 0.16152935
42 -0.1962931 0.22345486 -0.31954715 0.5694491 -0.9542642 -0.7684599 -0.0013374453 -0.55172944
6 -0.47979268 -0.79664975 0.67418104 0.24896553 -0.23184475 -1.3593473 0.09081308 -0.21010217
38 -0.38334718 0.40225405 -0.3256611 1.254769 -0.24429348 0.1095814 -0.4208057 -0.7483205
40 -0.12650937 0.3425651 0.5316155 0.0027687203 0.032126263 -1.2251385 0.4736074 0.89890796
36 -0.5472993 0.31710047 -0.36794662 1.3508375 -0.6329506 0.46443662 -0.48455226 -0.9923142
23 0.038876113 1.0950922 0.17417231 0.23492186 -1.1025194 0.02061426 -0.39331654 0.5338563
12 -0.14068253 0.5329251 0.586772 0.3053857 0.5199695 -0.6247585 0.23110692 1.4811827
29 -0.008102992 0.38063943 0.25423923 0.007228108 -1.3362108 -0.6183297 0.008960923 0.6413371
31 0.18404076 0.11850422 0.19650465 0.10707966 -0.755459 -1.419262 0.19924425 0.13587101
7 -0.3412511 -0.35081 0.6510816 0.18410257 0.4425062 -1.3786697 0.24576235 0.72696966
2 -0.16659473 0.70521027 0.8958259 0.078145124 -0.049864803 -0.23241524 0.07192021 1.5225813
18 -0.28161067 0.32885265 0.88543683 -0.37358457 -0.33452874 -1.0920252 0.34493575 1.3528478
46 -0.43254572 0.07130477 0.49561068 0.3299561 -0.75669324 -0.4951693 -0.19573478 -0.43486857
20 -0.55094296 -0.6736458 -0.013848313 1.027816 -0.024208723 -0.9864185 -0.08234547 -1.2407541
27 -0.8493867 -0.37679842 0.11584617 0.8379002 -0.18849601 -0.40199408 -0.3013884 -0.8505256
8 -0.2549541 -0.55009794 0.20312625 0.36182493 -0.19429198 -1.5582405 -0.06394893 -0.29983208
0 -0.23189764 0.3056889 0.93249506 -0.008839812 0.34250823 -0.8297668 0.3791625 1.5817012
3 0.021657534 1.1254143 0.7035517 -0.0005034765 -0.563494 -0.033315606 0.13221353 1.6149276
9 -0.6647276 0.6583203 0.24278906 1.3222821 0.554198 0.6423464 0.016014077 -0.2579384
14 -0.5249746 1.1823198 0.08292692 1.0901315 0.44181567 0.9988799 -0.60539067 0.8340863
34 -0.078225024 0.8654632 -0.23140606 0.7020985 -1.3354853 0.4259489 -0.6012768 0.099778906
21 -0.7743894 0.26959532 0.5815749 1.0231405 1.3403931 -0.074216895 -0.121190906 0.17618275
45 -0.23666869 0.46326163 -0.8746932 0.86049694 -1.1503599 -0.31532228 -0.4046541 -0.59574085
4 -0.73581773 -0.028818432 0.31070337 1.2670338 0.9193509 -0.13548283 0.054618765 -0.4830926
17 -0.48617545 0.18169191 0.8565964 -0.18531679 -1.0214633 -0.23121455 -0.6675044 0.60778445
47 -0.20777988 0.73462135 -0.6540749 0.81301063 -1.383141 0.18487743 -0.54560477 -0.27973676
16 0.11928173 1.1769959 0.7480751 -0.24638107 -1.1614983 -0.25194585 -0.23155317 0.94515723
32 -0.38536647 0.85476214 1.1229823 0.7079811 1.6040081 0.14271316 -0.05322787 1.5495733
30 -0.030890796 0.5068359 1.1870798 -0.15295352 0.43566215 -0.9806726 0.45262975 1.7977141
37 -0.30415857 1.0018317 1.0338609 0.5230196 0.31698266 0.73638827 -0.034361627 1.7598748
22 -0.3192741 0.82166857 1.1032555 0.7649165 1.27477 0.2816669 0.01600169 1.3298602
33 -0.25284582 0.68341017 1.2983736 0.50847477 1.540616 -0.36097816 0.21457098 1.4040294
48 -0.31389537 -0.6374127 0.14774089 0.82510746 -0.097882636 -1.3689349 0.17326409 -1.2716526
35 -0.510752 0.52256453 1.0326645 0.9649371 1.8080641 -0.0716922 0.2933104 0.91799194
5 -0.40228203 0.47977567 -0.27614334 1.4805405 -0.34126458 0.74371326 -0.57757604 -0.61467546
11 -0.25686175 1.1071947 -0.23408972 0.85595304 -1.0471673 1.2394528 -1.2396317 0.85973954
