50 8
36 -0.59089696 0.88702476 0.14164159 0.31656832 -0.4640842 -0.063435756 -0.16239516 -1.0926305
9 -0.038772546 0.35889763 0.68123156 0.12393537 0.07496768 0.21485531 -0.1279596 1.2455204
20 0.000562986 1.3083583 0.7513799 -0.38779667 -0.23007406 -0.32905716 -0.48888305 0.5245279
14 -0.10210829 -0.10373117 0.44953978 0.6344189 0.2932857 0.39097282 -0.13255984 1.1420801
41 -0.4749856 1.1031424 0.33525985 0.043488488 -0.6815229 -0.47890002 0.038928278 -1.1577326
16 -0.39541718 0.8276465 0.409179 0.12568699 -0.88173187 -0.500821 0.020696096 -1.0259668
15 -0.3436752 -0.6824668 0.45739162 0.6362744 0.9212058 0.29461825 0.28090233 1.1785731
27 -0.82848054 0.7866282 0.038457356 0.37236768 -0.57278323 -0.2543249 -0.26634756 -1.5313301
28 -0.389253 1.1975583 0.3872166 0.10896503 -0.9224351 -0.4453556 -0.05409216 -1.248847
38 -0.2557622 1.1468555 0.4706545 0.045789387 -0.9319215 -0.541045 -0.013857524 -0.8806812
1 -0.63319 0.97678244 -0.010160957 0.54690796 -0.6218084 -0.28297347 -0.09876262 -1.4567335
43 -0.6995992 0.9525986 0.27036345 -0.025959628 -0.9489498 -0.5396475 0.25162813 -1.2047503
33 0.110709004 -0.24164492 0.9058716 0.23373714 0.8973393 0.081216335 0.34002647 2.017036
5 0.013977953 -0.33312747 0.4824727 0.83451563 0.8594698 0.4989792 -0.13440314 1.3895788
42 -0.8401982 0.16601512 -0.07492978 0.49840552 -0.40804386 -0.43299413 0.15535505 -0.9009603
30 -0.55409193 -0.76500314 0.3727786 0.4854363 1.0043867 0.119506605 0.62251204 0.69569784
10 0.19537468 0.11139222 0.76000065 0.39998856 0.76180446 0.37510705 0.20626892 1.684171
37 0.026714917 -0.40375966 0.9343926 0.15549746 0.72619706 0.05499029 0.4385156 1.8846023
39 -0.9041592 0.7501695 -0.071252026 0.42283097 -0.6927661 -0.4268175 0.037136532 -1.6775677
17 -0.8838367 0.07871842 0.09306908 0.44862854 -0.25179443 -0.49512136 -0.016371932 -1.5048499
18 -0.36350012 -0.48231936 0.66359115 0.18665378 0.91140217 0.19655484 0.5332947 1.2797078
23 -0.75832564 -1.2821368 0.2057078 0.85380423 0.51771766 -0.005350946 0.27638552 0.22584184
34 -0.29804954 1.0101038 0.26867762 0.45550916 -1.0185941 -0.25677884 -0.36752617 -1.0156294
22 0.10671848 -0.25900137 0.90712726 0.32180178 0.8511457 0.25930536 0.28873914 1.8577454
40 -1.0234779 0.6057349 0.11683245 0.12528992 -0.53889924 -0.5319462 0.1307613 -1.7149917
31 -0.95685595 0.061494548 -0.12944452 0.45549756 -0.3595169 -0.81807745 0.0009384597 -1.2911413
45 -0.5605818 1.1509162 0.30957228 0.0011680832 -1.053676 -0.6655576 0.00078497606 -1.2319925
0 -0.09402979 -0.6289394 0.6586098 0.6352072 1.1221304 0.30301034 0.13103648 1.7754021
7 -0.06981533 -0.6049989 0.66437197 0.60279447 1.0139328 0.3755356 0.36503217 1.7826039
32 -0.06337605 -0.43808377 0.7249713 0.38643914 0.7339317 0.15673912 0.47788763 1.7310863
24 -0.4567708 -0.857517 0.2973971 0.9062412 1.358748 0.50963783 -0.034303147 1.3142259
21 -0.17160644 -0.5911468 0.6253015 0.6113285 1.1622865 0.3343926 -0.17934355 1.7774767
46 -0.5532247 -0.6123062 0.15510076 0.9164723 -0.04880031 0.09683014 -0.10318247 -0.10785214
19 -0.2856969 -0.62646085 0.5360959 0.69560176 1.2000725 0.5890023 -0.121758096 1.6221099
13 -0.115448214 -0.5216007 0.7349348 0.32514623 0.69315594 0.23696789 0.7160333 1.8416567
25 0.10732389 1.4209306 0.5457885 0.008485148 -0.65012807 -0.10568878 -0.74884635 0.33880177
49 -0.85875934 0.24240199 0.029032473 0.646003 -0.5867014 -0.26873922 -0.5127713 -1.4803358
11 -0.2267185 0.59392357 0.48505124 0.2334366 -0.556373 0.0031151432 -0.6469424 0.1341881
29 -0.37330434 1.5235977 0.2874922 0.028119532 -1.187847 -0.47578773 -0.24219267 -0.8056969
3 -0.3179513 -0.6786392 0.41395417 0.8016592 1.1444445 0.50837183 -0.07610891 1.494956
6 -0.7449274 0.7376425 0.20826392 0.06025004 -0.8563847 -0.6848215 0.16885611 -1.3764749
4 0.06339929 1.2562414 0.51363426 0.13130887 -1.2897539 -0.5485541 -0.4721944 -0.13397972
35 -0.038698226 -0.23873606 0.78220564 0.2608699 0.88059145 0.32435498 0.083399564 1.90085
12 -0.19633506 -0.721665 0.631778 0.6759259 1.2352397 0.36426058 0.040044587 1.8640703
2 -0.27341953 -0.6688516 0.44729465 0.7927572 1.2529405 0.44225207 0.15931076 1.583827
26 -0.7990274 -0.24428894 0.44256723 -0.08669383 0.7585243 -0.10250923 -0.05772532 0.23016268
8 -0.68602705 0.41677737 0.22515084 0.014074212 -0.43133828 -0.7752222 0.12985188 -0.7300345
47 -1.0042974 -0.14307629 -0.22967722 0.87808347 -0.43534857 -0.22107404 -0.11114602 -1.3921181
44 -0.30722415 1.3551247 0.34814182 -0.009402795 -1.1159745 -0.6250874 -0.08155878 -0.9081075
48 -0.8771641 -0.43444008 -0.37177086 1.2339433 -0.6095085 -0.48395443 -0.010270172 -1.4171567
