50 8
43 0.026428074 -0.060446568 0.40958288 -0.587382 0.6638535 0.8988241 0.24870174 0.37583768
1 0.11338304 -0.14025436 0.2930677 -0.16267064 0.19586247 1.1253921 0.36047107 0.2999927
23 0.30398795 0.5247185 0.38807154 0.93183374 -0.10602234 -0.15670428 -0.7724474 0.020865833
25 0.23148836 0.3798136 0.25511548 0.69822365 0.31860673 -0.12846243 -0.50604564 0.16858089
42 -0.26309407 -0.008741318 0.35568637 -0.016605485 0.59688765 0.4508728 -0.058066197 0.3333186
24 0.3046814 0.6104387 0.27910003 1.1903484 -0.12970239 -0.4652124 -0.68854815 0.2840051
12 0.034357045 0.412459 0.64852107 1.186749 -0.116701886 -0.69745755 -0.81353647 0.15792188
40 -0.15544355 0.8104672 0.09130407 1.1670817 -0.25879875 -0.15735891 -0.9422533 0.28331742
19 0.17294207 0.60734856 0.6556042 1.2243768 -0.1605959 -0.90817064 -0.6926022 0.23334204
20 -0.47297943 -0.10554933 0.33986995 -0.6849959 0.8509215 1.0454834 0.37081307 0.6084714
18 -0.18050434 0.54506105 0.241493 1.0685756 0.33530232 -0.52186704 -1.01869 0.30684274
39 -0.31189805 0.5044022 -0.021161117 -0.004191448 0.71867746 0.73966706 -0.35775498 0.16716224
28 -0.23696986 0.05825445 0.28395694 -0.79495704 0.49458778 1.4244494 0.5579578 0.5177526
6 -0.5700875 0.2156542 0.5700236 -0.0066112243 0.9822527 -0.05934742 -0.4099467 0.17222819
27 -0.2142436 -0.10101693 0.39865687 -0.76297444 0.8279546 1.1349486 0.49675062 0.38335645
8 -0.4490424 0.35589704 0.2652785 0.3544718 1.1330742 -0.32628715 -0.60778826 0.28157663
15 0.37433925 0.64598215 0.6434699 1.3871334 -0.54335564 -0.79686743 -0.42084733 0.30510864
48 -0.09191443 -0.041283622 0.09129361 -0.49667162 0.26933828 1.5349176 0.3956091 0.53992647
38 -0.19205588 -0.17649388 0.32898444 -0.68170726 0.5284035 1.6090789 0.5881062 0.22452196
16 0.05881994 -0.14289102 0.31202257 -0.65591455 0.48692462 1.393464 0.5072692 0.47823578
29 -0.63877386 0.3392861 0.26188096 -0.16409157 1.3490508 -0.0018389308 -0.4263871 0.41332555
26 -0.76473296 0.28408977 0.4748136 -0.074084125 1.1559565 -0.26575115 -0.3366337 0.43755752
17 0.117572695 -0.2347065 0.5186321 -0.7093556 0.45288628 1.2795708 0.66159 0.3167015
31 -0.57945466 0.5595147 0.281081 0.7220588 0.62293977 -0.6289181 -0.82818997 0.6311253
13 0.08821572 0.7198098 0.4386362 1.3693643 -0.016495401 -0.92984444 -1.0164154 0.2835903
44 -0.3090944 0.040923357 0.4659995 0.099168316 1.3313187 -0.29591474 -0.27379343 0.25511503
10 -0.696442 0.24877751 0.44872582 -0.15771392 1.0120744 0.019577514 -0.2535569 0.39364
46 -0.42154977 0.3822059 0.22661345 -0.5632784 0.67583334 0.8788489 -0.12063563 0.34396717
30 0.47005796 0.5777956 0.4803461 1.5330051 -0.7326725 -0.39305604 -0.7485793 0.025503865
7 -0.17146973 0.46997327 0.37265635 0.64054304 0.5987648 -0.6393587 -0.46383527 0.48565456
4 0.17627677 -0.20065275 0.6327459 -0.9360852 0.2405386 1.6611156 1.0573764 0.20605731
36 0.27793586 -0.30937454 0.82693416 -0.95697564 0.36625743 1.4756869 1.1502268 0.1539902
47 0.2569661 -0.42103118 0.6814095 -0.94396317 0.30608404 1.7179986 1.1646731 0.23436823
41 0.27067402 -0.30856812 0.5236165 -0.57984436 0.43534198 1.538363 0.8730173 0.03626581
49 0.22187959 -0.48506767 0.73916686 -0.96584857 0.32180512 1.6787038 1.2588681 0.25369716
45 -0.47677994 0.019748429 0.43513003 -0.54653144 0.62911195 0.9347584 0.08097709 0.23457849
2 0.38903263 0.5411498 0.73376775 1.7144493 -0.40305385 -0.9464331 -0.8899713 -0.1049314
0 0.5469839 0.38810357 0.6949521 1.9762241 -0.8733512 -0.6438001 -0.86190635 -0.22406386
5 0.68736726 -0.46239427 0.76977426 -0.64225554 -0.020847073 1.5766832 1.2949164 0.1445937
9 0.6717298 -0.6247434 0.9713812 -0.7819041 0.06525304 1.5339922 1.3298565 0.003155877
34 0.5351243 -0.5041314 0.6580578 -0.8673675 0.26025525 1.7645568 1.0796137 0.1377788
35 0.96414495 0.30053264 0.76636654 1.8864626 -1.2631205 -0.5668842 -0.47795996 -0.007263181
14 1.1409851 -0.29105383 0.518765 0.062337276 -1.0950097 1.8724045 0.9241888 -0.0905059
3 1.0146699 0.411393 0.61832345 1.7409896 -1.1556467 -0.3667645 -0.5632956 -0.10315514
33 0.81636673 0.19050513 0.6644985 2.0906394 -1.0406327 -0.49564493 -0.46047956 -0.16503185
11 0.57712156 -0.5252684 0.7446111 -0.85779274 -0.13091415 2.0854104 1.1139425 0.041266393
22 0.469019 0.35962942 0.5918407 1.9830532 -0.99951935 -0.5392928 -0.7918498 -0.0039638053
32 0.54430276 0.524691 0.69109374 1.9183342 -0.8236967 -0.81009644 -0.7711067 -0.02500343
37 0.6648752 0.3777448 0.5856901 2.0757976 -1.0575354 -0.7611593 -0.67676985 0.16858739
21 1.059065 0.011499635 0.6897868 1.7752448 -1.8883362 0.33204275 -0.5800562 -0.24429996
