50 8
6 -0.5026194 0.27733684 0.30288005 0.017006492 1.0395101 1.080691 0.35038385 -0.27937764
40 -0.5121068 0.14454828 0.250048 0.43909293 0.6068342 0.73059756 -0.049455587 -0.22991663
26 -0.69896966 0.09270657 0.20374332 0.30171186 0.95029753 0.48820865 0.1060943 0.039486095
43 -0.3111621 0.30103558 0.22067066 -0.030518187 0.88224196 1.0505172 0.5752369 0.044156224
28 -0.1562738 0.32090604 0.17215055 -0.09058105 0.91570836 1.2121549 0.4803997 -0.012401942
17 0.06626308 0.11689568 0.7027972 -0.25865012 0.3357837 0.86583084 0.46164298 0.2920303
39 -0.09917648 0.07423084 0.44110093 0.4239372 0.65107393 0.51388484 -0.29988524 -0.4128777
23 0.035961278 -0.09663636 0.7074081 -0.0024711413 0.8941294 0.8509689 -0.17247862 -0.5171661
1 0.25533336 0.082918204 0.577709 -0.15606417 0.660649 1.1985368 0.4307483 -0.12029298
29 -0.16420461 0.22190599 0.16360892 0.26941487 0.99811727 0.4941124 0.07007858 -0.07019105
31 -0.24750695 0.17834699 0.29681128 -0.080369756 1.0567641 1.1217717 0.18229283 -0.20383824
27 0.32043394 0.07570708 0.3878156 -0.32605717 0.72053415 1.5718037 0.7723876 0.09525444
36 0.4100666 0.22669163 0.70215005 -0.21685967 0.041129526 1.1638067 0.79703784 0.19013499
49 0.1572006 0.16905345 0.49569905 -0.25735453 0.53450054 1.3522763 0.75581646 0.06125293
19 0.21904992 0.33155027 -0.062290236 0.9145925 0.68080634 -1.1670514 -1.1080111 0.6977645
48 0.5386202 -0.01813203 0.2690016 -0.2104434 0.87327373 1.4572818 0.5591333 0.019670771
16 -0.028183054 0.18588358 0.63258135 -0.06621182 -0.08056143 1.3392613 0.7281535 0.11145752
44 0.3078502 0.061141994 0.50698453 -0.124307975 0.63748014 1.1932027 0.29948062 -0.17087069
45 0.20495176 -0.00222219 0.61087865 -0.25060406 0.7591307 1.5419968 0.56335175 -0.28016752
42 0.04968104 0.18204695 0.55142283 -0.14505571 0.8203048 1.2026012 0.55297923 -0.29862833
41 0.6398554 0.12469746 0.4292042 -0.18939479 0.86562645 1.2808145 0.49707916 -0.21775308
38 0.54060835 0.008219857 0.73229665 -0.13638414 0.24185891 1.4435279 0.45949933 -0.275981
34 0.8005979 -0.038603067 0.7010691 -0.14532328 -0.18087174 1.3718573 0.57665646 0.14342229
46 -0.7062681 0.4725035 0.5615637 0.19870833 0.8105256 -0.025116138 -0.15838449 -0.0264598
24 0.4891162 0.2844524 0.1948788 0.9656927 -0.10474743 -1.1681471 -1.1906394 0.7817595
47 0.113977216 -0.020963512 0.6893236 -0.25198948 0.3056561 1.4949691 0.69918424 -0.0070430147
18 0.32907233 0.2552531 -0.18307269 1.1250725 0.35405567 -1.2388855 -1.2240075 0.8558177
4 0.32544217 0.4827379 0.6370005 -0.15319848 -0.72759575 1.4624211 1.2459931 0.4753648
20 -0.9458527 0.23094308 0.35687873 0.056810383 0.56819856 0.9811662 0.7558723 0.23526053
25 1.1772717 0.07814199 0.33122823 0.61833346 -0.85890687 -0.015744459 -0.63118464 0.6378864
8 -0.6157045 0.18706004 -0.2039546 0.6944539 1.4697789 -0.30692145 -0.5222716 0.12443628
12 0.19304028 0.20665938 -0.09445325 0.8203252 0.8684551 -0.75168353 -0.857231 0.34223136
9 0.06812668 0.30631036 0.8285762 -0.18818694 -0.2765037 1.4454504 1.1540458 0.09280648
13 0.63627946 0.41929644 -0.1100529 1.1767154 0.15716353 -1.3636392 -1.2942446 0.69403297
5 0.64791244 0.8147961 0.19330515 0.31005454 -0.6418857 -0.04554843 0.66483635 0.98731583
21 -0.29513478 0.2804899 0.19587888 1.4657408 -0.99875987 -1.2250855 -1.1999494 1.0117915
30 0.24599747 0.4900857 0.15499906 1.1882752 0.28480032 -1.7444214 -1.190884 0.6785864
7 -0.69310236 0.31881043 -0.28676817 0.7860042 1.1414194 -0.8077895 -0.3680389 0.7614812
0 -0.055297226 0.37604323 0.12953763 1.3513107 -0.38016668 -1.6216196 -1.2509263 1.0766147
2 0.0019309466 0.43560603 0.32501718 1.43019 -0.4747517 -1.7043563 -1.445312 0.8697085
10 -1.0977919 0.4675216 -0.31453377 0.72383374 0.8556842 -0.029886534 0.2901911 0.570434
14 1.5146813 0.46883693 0.6013606 0.70800436 -1.6615607 -0.49922556 -0.56809115 0.9360987
15 -0.2573154 0.92950547 0.016648617 1.1822103 -0.043135665 -1.6232874 -0.6983959 0.94752103
32 0.100401245 0.22835138 0.32150683 1.5436703 -0.75994205 -1.5809655 -1.5101111 0.8518117
3 0.008668465 0.4674554 0.27535462 1.4835131 -0.6702803 -1.7500887 -1.4067619 0.9664605
33 0.39869043 0.21465656 0.346385 1.6929473 -1.0293072 -1.6442828 -1.5762745 0.8623113
35 0.3071196 0.33692205 0.5391688 1.4718007 -1.1116819 -1.797749 -1.4872835 0.9679317
22 0.1967766 0.4326112 0.59194845 1.3954374 -1.3259296 -1.5733109 -1.166918 1.0831211
37 0.7134117 0.17152135 0.47104427 1.5045079 -1.1668336 -1.5890037 -1.4610924 1.1207869
11 0.48286045 0.33213955 0.9669729 -0.15104376 -1.3901168 1.7837517 1.0229114 0.310765
