50 8
1 0.48434561 0.23099807 0.35736254 0.8275548 0.2919396 1.1052353 0.12747823 -0.2842821
2 0.14239614 0.69466203 0.40029532 0.6717369 0.08971043 0.1504971 -0.3881153 0.19042432
28 -0.5335624 0.9459691 -0.076976165 0.20419006 -0.3586368 0.38742977 -0.3535465 0.7215842
43 -0.40742326 -0.23826188 0.41534364 0.5309939 0.122422814 0.1379606 1.0066551 1.0410761
25 0.5979909 0.7971287 0.48740706 0.22975558 0.4179941 0.33512148 -1.1042376 0.032250077
26 -0.7128138 -0.34079617 0.6087095 0.4548185 0.37045553 -0.5923796 -0.40708417 1.1693954
23 0.37809733 0.52694106 0.70210713 0.5056609 0.38332042 0.29571268 -1.1566975 -0.2410218
24 0.5262262 0.59730655 0.65934455 0.43189788 0.38636935 0.30179504 -1.1223648 -0.17975232
40 0.43573058 -0.13996325 0.063997656 1.5458264 0.3159613 0.18851678 -0.16541232 0.45769602
19 0.12605025 0.2834606 0.9918798 0.4196957 0.28327373 -0.5694938 -0.91503 0.38606352
21 0.03564363 0.35852864 0.006737088 1.1378767 0.21321462 0.5457995 -0.7184421 0.07840331
33 0.36988625 0.26164502 0.4197611 0.8717013 0.09080715 1.0804995 -0.56086266 -0.46631217
15 -0.2360718 0.14037995 0.86659265 -0.22973478 0.26994404 -0.21336713 -0.627361 0.7240265
4 -0.119575 0.8916855 0.7385642 -0.62478626 -0.3538302 1.0381645 -0.14219077 0.035316657
20 -0.43692812 0.9616516 0.48425314 -0.57956445 -0.3402256 0.9316221 -0.5554177 0.14982261
29 -0.36518618 0.04198103 0.22210625 0.90280694 0.3781513 0.19917206 0.022524426 0.48006985
14 0.035247903 0.98957276 0.20590876 -0.14543356 -0.6163544 1.4542097 -0.17577444 0.005439227
0 -0.3515534 -0.22159722 0.46144027 0.6924049 0.7543668 -0.70174974 -0.72356 1.0522745
39 0.28673214 -0.49385402 0.6087235 1.3824768 0.60010344 -0.25969493 0.33944142 0.5739335
18 -0.19925174 -0.24522182 0.49826777 0.75191665 0.49086824 -0.7228846 -0.731445 1.128596
34 0.31277537 0.40267405 0.10467994 0.31346115 0.07801448 1.640006 0.49816537 -0.01919424
45 -0.6835318 0.08513738 1.5181582 -0.54963267 0.15569331 -0.48264524 -0.6003758 0.48459992
27 0.091162056 0.9616839 0.27218875 -0.5327567 -0.15054147 1.2369647 0.9302473 0.5014865
16 0.2056946 0.65305966 0.73162746 -0.69670075 -0.15786855 1.3524861 -0.22915518 -0.04835428
36 0.28700638 0.40588352 0.83644205 -0.19706778 -0.22240347 1.4449304 -0.07428599 -0.38659486
35 0.017428529 -0.21898332 1.0415723 0.92234266 0.088163875 -0.4042318 -0.09575792 0.36537084
37 0.004608244 -0.42055473 1.14 0.5656584 0.545022 -0.858745 -0.357104 0.829798
38 0.41457355 1.0467039 0.3016564 0.5103184 -0.3328644 1.2931973 0.53036076 -0.3218658
12 -0.13196057 0.8596858 -0.1660941 1.1354574 -0.03596263 -0.015096257 -0.9514796 0.45345175
46 -0.037129067 0.9701266 0.19615163 -0.34581995 -0.23083258 1.6043608 0.46089134 0.064951345
41 0.361541 0.27970457 0.22497095 0.6555796 0.14326964 1.5724846 0.95999676 -0.17145753
32 0.41044053 -0.4879956 0.80792636 1.5998437 0.34742853 -0.038520012 -0.25482 -0.029186983
17 -0.7740201 0.09822249 0.74791694 -1.159536 -0.052033346 0.48527583 0.80766696 1.2953662
3 0.5026341 1.069473 0.51876116 0.0031031382 0.3270699 0.20489606 -1.6824133 -0.011788261
11 0.17105211 0.6497029 0.8142471 -0.4814749 -0.36837167 1.6361091 -0.20338294 -0.45869178
22 0.051447764 -0.7167301 1.7419077 0.34439376 0.55932784 -0.6681431 -0.7781659 0.21801826
31 -0.26291752 -0.7749341 0.76572055 0.60484475 0.70130694 -0.73498535 0.43010792 1.4696697
5 -0.59628826 0.82546043 0.44797355 -0.78059685 -0.28527096 1.1028587 0.9782757 0.58889115
7 -0.89398915 0.25974095 -0.36550388 0.33727416 -0.15632854 -0.045327 0.42625082 1.7769108
49 0.03609392 0.28282177 0.5060223 -0.31913066 0.06254017 1.5915892 1.0592487 0.15515888
42 -0.8688862 -0.69519687 0.94831926 0.120893836 0.6881935 -0.6822643 -0.06760222 1.2858189
44 -0.44258657 -0.99927515 1.5334653 0.092383906 0.6538385 -0.7297687 -0.26607782 0.86854655
9 0.14993958 0.46188223 0.65601516 -0.56951195 -0.42933822 1.8248113 1.0396041 0.046508063
13 -0.17305283 0.32458657 -0.35757387 1.4339716 0.2848624 -0.10850965 -0.3899616 0.88617307
30 -0.42810255 -0.64063454 0.9651599 1.0174476 0.40753207 -0.9091983 0.5571707 1.1099435
8 -0.81648815 0.029491078 0.338097 0.5495621 0.12163688 -0.93928576 0.368176 1.7091266
10 -1.1356001 0.54858965 0.30549482 -0.53974134 -0.5906523 0.28177586 -0.070902064 1.166408
47 -0.041346505 -0.091920905 0.4201138 0.40974084 -0.0072046267 0.98259807 1.7130638 0.6158661
48 0.70705295 -0.1725285 -0.0055975206 1.3178549 0.53155565 1.1064341 1.1389754 0.22824061
6 -0.63499737 0.5479591 0.749735 -0.9534855 -0.008894456 0.33376878 -0.090815 0.8696436
