50 8
38 0.49371675 1.386816 0.33244246 0.17064442 -0.3665533 -1.7510005 -0.051362064 0.6187642
36 0.39100996 1.6501697 0.19315317 -0.11905774 -0.29574192 -2.163607 -0.14269555 0.18209602
27 0.51380605 0.8161271 0.9718095 0.058591675 -0.020491745 -1.6364193 -0.38159716 0.7687952
41 0.18009464 1.2116535 0.7093721 -0.06419204 -0.012866344 -1.8854848 -0.34413716 0.4345973
28 0.51093584 0.47343603 0.37941357 -0.62236166 0.22187862 -1.6319712 -0.685231 1.2292271
1 0.3610006 1.0553261 0.7178342 -0.34307298 -0.08933212 -1.7423309 -0.4636398 0.11663131
34 -0.08926149 2.043084 -0.021593466 0.4368779 -0.6143249 -1.803352 0.041289877 0.4482754
0 0.029002389 -0.4026832 -1.0785149 -0.37061167 0.63606197 2.521822 -0.50376 -1.5155053
43 0.23289587 1.1439762 1.0664878 -0.6838433 0.37712437 -1.6042371 -0.23616062 -0.22676419
18 0.408659 -0.8253636 -0.891761 1.0878369 -0.07529496 2.4318774 -0.7866248 -0.5622346
33 0.11017228 -0.29481634 -1.5437675 1.692584 -0.70393085 2.7066998 -0.76276034 -1.1798227
3 -0.5585162 -0.4085059 -1.0813646 0.06537864 0.6515232 2.3434312 -0.91168106 -1.1544219
21 0.011829001 -0.54124707 -1.5147164 0.92597646 -0.14660548 2.541228 -0.8890305 -1.1793681
15 -0.6597567 -0.028096538 -0.11440704 -0.89245915 1.0352552 1.8989505 -0.49661604 -0.9570586
2 0.12716936 -0.7333666 -0.6617783 -0.30748105 0.4246905 2.236413 -0.95118105 -1.2717321
37 0.45192838 -0.26479465 -1.2406864 1.0080682 -0.63467795 2.6203709 -0.49303028 -1.3732119
32 0.1276827 -0.49549058 -1.3766342 1.4934739 -0.42544368 2.849541 -0.7534652 -1.1030858
19 -0.2822847 -0.48125848 -0.9434519 -0.96247745 1.0338466 1.5724784 -0.9912594 -1.2715312
7 0.37437677 -1.3192075 -0.8247295 0.3490378 0.5232237 2.3610883 -1.16779 -0.62985307
31 1.5918975 0.0906186 1.5512077 0.40790838 -0.19151987 -1.8477931 -0.37948644 0.08983773
22 0.38464776 -0.27360168 -1.440486 1.2632362 -0.6777601 2.7429836 -0.5456379 -1.5805905
30 0.6761264 -0.5732404 -0.94731736 0.7156233 -0.45413893 2.7309527 -0.48542467 -1.0762953
40 0.9374488 0.19487637 0.7981637 0.20908862 -0.13993676 -1.8684527 -0.8367028 -0.27808002
42 0.060402926 0.895575 0.977583 -1.2219142 0.70338625 -1.2600484 -0.31141007 -0.34459534
39 1.2334329 0.555213 1.146507 0.077885844 -0.13974227 -2.1045966 -0.40377536 -0.15715864
6 1.6462475 -0.7960025 1.2368904 0.08828572 0.46553954 -0.69212663 -0.43796527 1.6717615
45 0.47336602 1.0695153 1.0278208 -0.37578362 0.13918395 -1.8593233 -0.29748765 0.055512168
49 0.06624811 1.7285664 0.578923 -0.5678739 0.17175832 -1.3731157 0.23308246 0.23068815
4 0.11881634 1.2411264 -0.2176365 0.51081944 -0.29337162 -0.9403756 -0.00021935953 1.8789655
35 0.2538622 -0.16615744 -1.544227 1.4237508 -0.85844725 2.9545166 -0.4494066 -1.1069618
24 -0.52615476 -0.19139911 -0.23228161 -1.5464985 1.4799387 0.49054667 -1.0151596 -1.4163393
23 0.0724123 -0.14579436 0.3025043 -1.4237158 1.2851725 -0.18779255 -0.7631613 -0.95242333
11 -1.0965137 2.8447444 -0.6882622 0.13927162 0.073916934 -0.06443711 1.1656494 0.910055
17 0.17808433 0.8091449 0.9163624 -1.1913809 1.088528 -0.4798498 0.23668164 0.7205585
12 -0.37312114 -0.48836154 -1.497863 0.48157504 0.16641077 1.5074309 -1.3775008 -1.3672605
13 0.19876166 -0.7436177 -1.5769714 1.3349838 0.0704706 2.102678 -0.92458385 -0.9134486
10 1.3024129 -1.6044838 0.3078673 -0.098494545 0.5080094 0.97479373 -0.8405235 1.5725259
9 -0.20047873 2.3778884 0.009555519 0.23143508 0.010568967 -0.6179847 1.1387429 0.97225904
14 -0.8128696 2.10832 -0.834452 1.4149057 -0.63216895 0.011883111 0.52399355 0.74397856
8 1.703048 -1.8038691 1.023093 0.39760634 0.108340696 0.5614758 -1.0114186 1.3155911
25 -0.22324689 0.74737966 -1.4694055 1.593765 -0.6366289 1.4382181 0.06428728 0.426264
26 1.0624424 -0.84381336 1.0932012 -0.3922374 0.81786215 0.18359697 -0.39296195 1.0023756
20 0.8488567 -0.74528426 0.7770586 0.4074931 0.7487353 -0.5159306 -0.6431202 2.3618238
44 1.202383 0.31610987 1.0897387 0.314641 -0.33979607 -1.8166741 -0.56943274 0.21822686
16 -0.24358435 1.5025334 0.8017582 1.1237605 0.18113078 0.14850551 0.9778055 1.4163849
5 -0.8426187 1.5924141 0.55485976 -0.5069009 0.8152248 0.7943206 0.7767804 0.45935348
29 0.97756344 0.07532574 0.3042265 1.1066116 -0.349329 -0.09782242 0.039145682 0.7483451
48 0.35894093 1.2111896 0.5333201 -0.021169698 -0.07316006 -1.9005486 -0.2342711 0.08787284
47 -0.58977115 2.2683172 0.43753475 -0.81033355 0.5300236 -0.95282024 0.6300197 0.31755772
46 -0.74137104 2.010376 0.5309838 -0.8259936 0.6846079 -0.8164696 0.42474 0.026310446
