50 8
1 0.15210642 0.6094547 0.022574145 0.9121479 0.06773253 0.12381824 0.63375825 -0.19184628
43 -0.03307097 0.9236491 0.6482751 0.2030297 -0.8910626 0.54454315 0.17114776 -0.41738886
26 -0.60930395 -0.19503914 0.29507333 0.7711652 0.28021336 -1.0957338 -0.19063544 0.2532079
19 -0.70728534 0.06891314 0.20452495 0.6424664 -0.031642977 -0.54567426 0.17988639 0.24532638
25 0.31784943 1.2280544 0.6396221 0.09054001 -0.20119101 0.37696898 -0.17882095 0.086088195
48 0.49623534 1.0287812 0.47999597 0.28966424 -0.38517386 0.08502098 -0.29473165 -0.033224363
36 0.1578401 1.0017245 0.5229978 0.29154006 -1.1617634 0.64942485 0.040069 -0.3357388
38 0.18814556 1.2606429 0.29742712 0.31314912 0.14987162 0.39694193 -0.28392294 0.08634636
28 -0.014312221 -0.0082023395 0.67153734 0.5756305 -1.2946637 -0.43573403 0.3336974 -0.5521603
24 -0.7143617 0.21375568 -0.296547 0.945178 0.93653995 -0.9047802 -0.01705753 0.27026498
15 -0.16552751 -0.1670039 0.31312504 0.86335 0.22525652 -1.0337212 0.5589891 0.10565117
12 -0.6391719 0.6273317 0.0026585774 0.698967 1.1983986 0.025545333 -0.19959946 1.1750114
41 0.65767443 1.1214854 0.24972378 0.44691777 0.011959991 -0.07295431 -0.3060276 -0.14589375
17 -0.44255704 0.09144301 0.6865778 0.32378834 -1.0077202 -0.49648693 0.32080838 -0.57602274
31 -0.55009377 0.16530526 0.084821746 0.81219673 1.0378425 -0.8749518 -0.009257031 0.4099776
49 -0.10327538 0.7339236 0.7910334 0.18967271 -1.4094223 0.5145531 0.000326215 -0.5147755
39 -0.32418102 0.8754556 0.0834846 0.64595693 1.1256422 0.1706202 -0.2882121 0.92798716
44 -0.09765706 0.8904475 0.7475781 0.068769105 0.55369055 -0.07947594 -0.6082076 0.61864316
22 0.2962219 1.0515949 0.768376 0.32433015 -0.04378533 0.67407256 -0.23407686 0.12569736
23 -0.24465097 0.557144 0.35071003 0.50036865 0.98059016 -0.44863644 -0.20641513 0.7709588
8 -0.4374909 -0.09032491 0.005645021 0.8184511 0.8445273 -1.6163317 0.2083911 0.21107695
2 -0.29131508 0.5479553 -0.0075317402 0.8575858 1.3093485 -0.36035293 -0.13637966 0.680876
45 0.13688476 0.55491114 1.083395 0.021517858 -0.7292696 -0.20870817 0.12322125 -0.5667582
42 -0.47897735 -0.2624936 0.58532584 0.46974206 -0.4406105 -1.1713969 0.51235604 -0.15660281
16 0.21100798 0.7986894 0.6014091 0.08083584 -1.1900574 -0.23219219 0.12814328 -0.6094917
40 -0.6228203 0.4864795 0.1872309 0.53833365 1.494946 -0.6621658 -0.10955342 0.8264699
6 -0.445609 -0.45138922 0.11543179 1.1137587 -0.27959093 -1.0909091 0.5335687 -0.4265481
20 0.24159335 0.3357079 0.8233938 0.38119388 -1.2076367 -0.17717038 0.2891813 -0.7347268
34 0.29177195 1.3521403 0.80038655 0.023115683 -0.62056404 0.8896916 -0.27648982 -0.03496415
4 0.5335632 1.0678456 0.69419163 0.22743821 -1.5085785 0.6606653 0.16940325 -0.302545
14 0.121038295 1.1883092 0.6200421 0.20764528 -1.0364618 1.0564352 0.09405794 -0.04011767
13 -0.5140204 -0.016132828 0.2312057 0.8525734 0.6507053 -0.6791099 0.5314169 0.44458225
11 0.21504849 1.1704203 0.61185956 0.35684708 -1.2826874 1.2857565 -0.35721788 0.054761566
29 -0.72934043 0.26931337 0.57313424 0.24136417 -0.4084673 -0.31999326 -0.41728944 0.3540015
18 -0.9687831 0.058795623 0.11153632 0.6990947 1.3606653 -1.1136998 0.07802392 0.5892833
7 -0.6953508 -0.050430443 -0.15529893 0.73823625 -0.28251648 -1.3506981 0.041591655 -0.3599585
35 0.32891673 1.6040996 0.5123112 0.08397657 0.0972179 0.8864681 -0.45146853 0.3859014
27 -0.3502929 0.030855278 0.21132085 0.90498257 -1.3238908 0.017303793 0.3378515 -0.49850097
21 -1.0107384 0.62209517 -0.2322535 0.7374368 0.8743018 0.11373215 -0.26248866 0.9742341
30 -0.8200985 0.16866621 0.16282363 0.7581573 1.5528405 -0.87931687 -0.05053381 0.53192776
32 -0.24263982 1.4174436 0.3700288 0.12824506 0.03626499 0.98584616 -0.37438595 0.6073995
0 -0.7603177 -0.30162653 -0.08845917 1.0276998 1.0141348 -1.4961115 0.36502028 0.29046082
9 -0.09006145 0.9065111 0.5240067 0.27979732 -1.5866274 0.7082984 0.1704515 -0.5165282
3 -0.4881692 0.24254628 0.21002723 0.65498334 1.4820971 -1.129872 0.08246465 0.4626463
46 -0.119271874 -0.30339918 0.39267737 0.7737 -1.3604672 -1.0738214 0.59999573 -0.87450266
33 0.25513735 1.7272507 0.41587266 0.17286931 -0.26587653 1.3147875 -0.53063124 0.2693695
10 -0.34252498 -0.36513805 0.02020772 1.0751269 -0.88568664 -1.0300577 0.88542885 -0.86466765
5 0.038993917 0.21777204 0.88465464 0.41306463 -1.6357763 0.20726107 0.5038142 -0.3636469
47 0.12661536 1.3027045 0.50613844 0.35500365 -0.85140544 1.3547142 -0.10879179 -0.14562185
37 -0.710001 -0.20766874 0.32357597 0.9254845 1.4231794 -0.97536623 0.5597536 0.6759804
