50 8
19 -0.23793969 -0.015276676 0.8017843 -0.018747093 0.4004814 0.081101425 -0.30563304 0.794921
29 0.045804545 0.084334195 0.5435563 0.25330818 0.572934 0.4168496 0.0033033434 0.31643578
23 0.55582434 -0.19541147 0.90263265 0.6623528 0.69094115 0.23436357 -0.3506374 -0.15441507
24 -0.27381817 -0.06625792 0.7828984 0.20106162 0.5542132 -0.023995718 -0.16930921 0.75563633
45 -0.7409191 -0.025014436 1.1449057 -0.57317287 -0.015108729 0.13192339 -0.042822324 0.17208467
43 -1.0360951 0.6931486 0.44286197 -0.5048616 -0.25413173 0.8005 0.43489745 0.14299847
12 0.3791941 0.6274236 0.44595125 0.9095001 0.43197098 0.42049482 -0.0462034 0.013016383
35 0.33390954 -0.0063625085 0.98889375 0.12992592 -0.07965977 0.7336 -0.15764475 -0.74629945
33 0.41453698 -0.39112383 0.8834994 0.82135415 0.6906854 0.1588359 -0.12269334 -0.036819853
28 -0.914682 0.35229686 0.407785 -0.4391829 -0.0720395 0.75641215 0.5192404 0.42779386
8 0.23290628 0.49157214 0.47651646 0.80249476 0.6895013 0.12910013 -0.259197 0.5923936
2 0.5196769 -0.083246924 0.8382066 0.8211529 0.94134086 0.109985754 -0.36579698 -0.19367191
18 0.28727758 -0.013375323 0.5185033 0.97289664 1.1718445 -0.08811582 -0.35143238 0.9144702
15 -0.29368222 -0.015060441 0.6930468 0.6058901 0.73475206 -0.23906854 -0.064275295 0.9297096
30 0.29657876 0.16957968 0.63042724 0.9478837 0.89069736 0.01817642 -0.5052287 0.45983475
0 0.027058704 0.097981445 0.61050904 0.74846333 1.1012962 -0.1495966 -0.39128417 0.7920252
25 0.81973416 0.25805223 0.48898143 0.8034112 0.5952168 0.7590943 -0.1413139 -0.45512605
44 0.50500506 -0.4415907 0.83836913 1.1350617 0.71844727 0.0808502 -0.19925621 0.16552623
39 0.8715642 -0.13430357 0.81158686 0.85877365 0.848263 0.18368405 -0.22366142 0.04337507
20 -0.90852004 7.464172e-05 0.6854972 -0.60012794 -0.06696085 0.5970711 0.3971461 0.4502139
21 -0.11829511 -0.24802186 1.0837169 0.19621298 -0.08539139 0.47567922 -0.056543637 -0.51944405
17 -0.890209 -0.15551741 0.82820654 -0.7884769 0.18003799 0.25448245 0.15320379 0.8553266
16 -0.1236776 0.019862136 0.6082792 -0.32985827 0.43087524 0.691767 -0.071752176 0.14023584
22 0.42957842 -0.08965497 0.72165716 0.72627217 0.54836416 0.37265235 -0.060679067 -0.044606376
13 0.30762586 0.7552647 0.26761442 0.6835673 0.81776524 0.16115738 -0.105204 0.91586685
1 0.10485332 -0.14090051 1.0269418 -0.025586797 0.61090404 0.3585649 -0.46665284 -0.47361538
31 0.5571801 0.28828248 0.5453452 1.1118002 0.522899 0.17961027 -0.20549133 0.5392466
49 -1.1200973 -0.016745046 0.7247616 -0.42928168 -0.14531808 0.5493408 0.39673638 0.22301854
3 0.83881634 -0.14983036 0.85378385 1.0239146 0.9331577 0.04540773 -0.23333117 0.018772615
42 -0.23582527 -0.12080545 0.9613964 0.05445467 0.7192903 -0.21357946 -0.29034254 0.7014738
38 0.7134182 0.43406135 0.67220384 0.8056991 -0.04336355 0.9140032 0.064092524 -0.96358496
46 -1.2503612 0.1806259 0.8497427 -1.1394267 -0.24098358 0.78921705 0.23226203 -0.1750604
34 -0.068946175 0.5162517 0.7268069 -0.48954052 -0.8626692 1.2743006 0.45031655 -0.64407265
6 -0.6872013 0.10560145 0.3778501 -0.2140837 0.47586444 0.25019684 0.38529724 1.3150992
48 0.4481035 0.20691042 0.49480286 -0.23008062 0.10276052 1.133789 0.47024018 -0.41238138
7 -0.21260749 0.5719643 0.31123003 0.38676837 0.46764138 -0.14625156 0.6526775 1.7150489
14 -0.38931385 0.35626295 0.79762703 -0.3911536 -0.8418563 1.2689248 0.37600648 -0.91870266
32 1.130564 0.08641927 0.603093 1.2325923 0.7563364 0.4103298 0.0061577586 -0.17915058
26 -0.88818514 0.26322207 0.3464365 -0.026254598 0.3934287 0.039287623 0.45564827 1.5617013
40 1.0839769 0.48772267 0.32919174 1.5213246 0.7140125 0.36652583 -0.36770082 0.48384425
4 -0.4168212 0.841161 0.77753943 -0.7587306 -1.037139 1.3378521 0.27021316 -0.9006497
5 -1.525772 0.56063294 0.47944033 -0.8187939 -0.4802107 0.7830197 0.77703625 0.3845542
37 0.66267073 -0.72668314 1.1543816 1.011298 0.98782945 -0.2638085 -0.2666149 0.17424877
36 -0.70115745 0.772704 0.66777354 -0.9789573 -0.81673104 1.2610708 0.6864682 -0.6166841
9 -0.8380599 0.51822484 0.7266768 -0.9152124 -0.7230923 1.098077 0.4842193 -0.35601383
41 -0.029890042 1.255115 -0.025411556 0.58728546 -0.38058397 1.0731875 0.62547547 0.055693608
27 -1.1597503 0.88990134 0.32433337 -1.0118843 -0.31018415 0.72813827 0.56663364 0.9636292
10 -1.1759894 0.5787822 0.018307071 -0.17030326 -0.1461447 0.6616266 0.8194691 1.3935713
47 -0.85426766 0.25035965 0.55852646 -0.5390484 -1.0597821 1.6008016 0.6948294 -0.67114013
11 -0.75174916 0.15709513 0.76014745 -0.6398459 -0.8800543 1.4047911 0.6898265 -0.94276637
