50 8
29 -0.2727675 0.69548875 0.87073666 0.28870362 0.17048407 0.047841344 -0.26984835 0.014475705
1 0.17393933 0.3166731 0.16974576 0.43068525 -0.70723736 -0.076263845 0.26619878 -1.2233459
43 -0.3718957 0.07473563 -0.21355173 0.25558653 -0.5374417 -0.8035873 0.88291514 -0.47311842
40 -0.18689759 0.6550426 0.48193702 0.42664307 0.53053164 -0.70074105 -0.17584716 0.7627899
42 -0.10430566 0.2970094 -0.15895437 -0.020755317 -0.6979866 -0.9882247 0.5975907 -0.7721045
39 -0.19746412 0.6089768 0.329902 0.45470262 0.67646915 -1.004076 -0.26565439 0.57387656
8 0.03151819 0.31949022 -0.15955655 0.35205495 0.22823776 -1.5180843 0.0694863 -0.12706567
31 -0.038321383 0.38905522 -0.16063608 0.63491255 0.7508675 -1.5350695 -0.06921995 0.27174506
44 -0.03948293 0.783467 0.876637 0.17619875 0.35901466 -0.5044953 -0.29491654 0.73000276
18 0.0010967738 0.83056957 0.43839934 0.33420894 0.91610587 -1.1204967 -0.077111125 0.92855746
2 -0.14236861 0.9649739 0.82656825 0.36198404 0.992845 -0.46079016 -0.18066093 0.82246804
28 -0.026541082 -0.1256347 -0.025405081 0.00828473 -1.3201163 -0.90869284 0.79084283 -1.1697378
16 0.19861403 0.34153366 0.20851706 0.29827037 -0.74424255 -0.16916485 0.33405155 -1.2426553
19 -0.1661608 0.8408999 0.82916623 0.22857644 0.75230324 -0.6139442 -0.36193433 0.66423655
41 0.1654931 0.38709593 0.22245102 0.16866471 -0.47369 -0.5870787 0.33787966 -0.7558825
26 -0.060730997 0.31780592 -0.13890412 0.47704712 0.43191734 -1.5917146 -0.01760527 0.06508903
6 0.034942232 0.038331296 -0.37572053 0.32248837 -0.8603483 -1.0953691 0.44605964 -0.7245878
15 -0.03129741 0.70605963 0.20976241 0.5513417 0.90639746 -0.9612668 -0.12624966 0.42122647
25 0.11772755 0.7214913 0.4964351 0.42291954 -0.01743853 -0.01472317 -0.43902686 -0.69160646
4 -0.24137752 0.020285472 0.32745898 0.39970586 -1.6211141 0.39075968 0.37187356 -1.1731298
36 -0.17826618 0.024922408 0.23179995 0.5841958 -1.2877561 0.37096518 0.46171844 -1.2859436
49 -0.30478743 -0.10149891 0.2684075 0.45195818 -1.350842 0.043979418 0.3532326 -1.2170421
24 -0.32464552 0.7291888 0.63851523 0.27030393 0.80877537 -0.6713472 -0.33446863 0.04322805
17 -0.312661 -0.1084489 0.030710323 0.46407056 -1.5544848 0.08442382 0.5124772 -1.3359756
20 -0.047615614 0.073029995 -0.17968825 0.20578288 -1.2582746 -0.62173784 0.3289163 -1.4332515
14 -0.6061882 0.452763 0.452255 0.4279904 -1.330431 1.1300299 0.49865744 -0.6760285
23 -0.4029293 0.8345944 0.9527247 0.08846755 0.7124787 -0.57054657 -0.55046844 0.4470317
38 -0.20852554 -0.013841963 0.03762105 0.43335342 -1.3124701 -0.19340205 0.16966079 -1.2142079
46 -0.4236191 0.018647496 0.30002546 0.51611435 -1.2724773 0.47383472 0.41980046 -1.4008439
12 -0.038053486 0.9122293 0.4040526 0.5019035 0.9751046 -0.9465292 -0.30152863 1.3313386
45 -0.14265527 0.3035135 -0.13408862 0.075017944 -0.8615759 -0.5154459 0.8587037 -0.7960503
30 0.043834087 0.8062008 0.26435563 0.5280591 0.7790828 -0.8013167 -0.03474047 0.7463669
0 0.02069695 1.2624567 0.9376088 0.32172307 1.0874789 -0.32475683 -0.189953 1.3663694
27 -0.4431952 -0.01983632 0.27352682 0.5813631 -1.4724967 0.5841929 0.39373735 -1.429907
37 -0.13294415 0.9865997 0.7695851 0.87423503 0.689129 0.32122454 -0.34835863 1.2817466
32 0.030288441 0.60390043 -0.007783733 0.55954856 0.4900501 -1.0896494 0.2371645 1.0912722
21 -0.6681768 0.9418734 0.9706676 0.7596228 0.5091005 0.6929681 -0.16404161 1.5445637
48 0.35327303 0.5857326 0.02372457 0.30756712 -0.066682726 -1.1182648 0.13460247 0.47138745
7 0.21259117 0.690356 0.009797836 0.6160376 0.19637091 -1.0466006 -0.1445551 1.3208692
34 0.027222805 0.5778668 0.39939845 0.71684223 -0.4960226 0.78750294 -0.120009966 -1.43913
33 -0.9830461 0.8209942 0.7947487 0.6728438 0.104063116 0.68899995 -0.1629382 1.5884783
11 -0.64391977 0.5385788 0.6675936 0.2646649 -1.2005357 1.1075546 0.51450074 -0.20735419
13 -0.009871884 -0.077241026 -0.22121945 0.63206685 0.023644892 -1.5170909 0.47805512 0.30785426
47 -0.58427966 0.026429886 0.12721038 0.71213853 -1.193687 0.61649925 0.34616938 -1.3334204
3 -0.016974643 1.2489004 0.5943172 0.6327111 1.2198648 -0.19109823 0.0388673 1.2345704
9 -0.6850012 0.6089609 0.5902181 0.44329676 -1.2244486 1.4361556 0.54366046 -0.3049426
22 -0.57751435 0.52445257 0.7071724 1.2393992 0.3481725 0.905301 -0.35530946 0.32127607
10 -0.022283984 0.1500162 -0.5273182 0.65646034 -0.92794454 -0.33208138 1.1579936 -0.27675223
5 -0.4054427 0.14716733 0.17526443 0.67916805 -1.7397115 0.83818495 0.38111627 -0.5449221
35 -0.8923113 0.6394229 0.84087944 0.595057 0.1393688 0.24422939 -0.0744848 1.7711219
