50 8
19 0.35121742 0.3400878 0.07967885 0.66433245 0.2615195 -0.7851999 -0.3607219 1.0110146
1 0.32884967 -0.18326847 1.1043015 -0.1836948 0.3590916 0.7981061 0.21495467 -0.36905056
28 -0.87269163 0.21419372 0.4734022 -0.17244056 0.60048306 0.62049294 -0.29045936 0.73642725
18 -0.0033515648 -0.04865569 -0.15885882 1.2103827 0.64945525 -0.4496599 -0.7718946 0.58988506
49 0.16947283 0.07380432 1.0798175 -0.15470375 0.55666107 0.79336095 0.27547684 -0.5026489
42 -0.67928076 0.21764621 0.7422089 -0.3594556 0.98255575 0.6076493 -0.43292686 -0.00066496123
40 -0.35561356 0.60599047 0.3712503 0.92982775 0.81793183 0.84645104 -0.103017524 -0.3992503
43 -0.6297236 0.3132699 0.8142402 -0.6279063 0.99674594 1.0197182 0.04256551 0.012839001
17 -0.288294 0.8453818 0.6725605 -0.62512946 0.93735284 -0.008466917 0.094377145 0.41317153
41 0.23350707 -0.44712603 1.165944 -0.074026704 0.6018272 1.2588903 0.3654343 -0.79340863
45 -0.66628176 -0.3051531 0.8189549 -0.2840703 0.69888586 1.4284581 0.07297397 -0.008449172
16 0.02278281 -0.12443755 0.78780735 -0.62341154 0.28506786 0.13618341 0.038804684 0.7190173
24 0.6900795 1.0110297 0.23161209 0.6436732 0.20191237 -1.0151287 -0.49084973 0.8057991
21 0.4817478 0.15672196 0.21518709 0.76228416 -0.15354842 -1.4721417 -0.63273156 1.3823627
36 0.19352819 -0.62535405 0.97947323 -0.20674212 0.5657726 1.1231418 0.54888344 -0.33742183
26 -1.0494049 0.28523684 0.056565356 0.6038121 0.41556317 0.1498293 -0.13144453 1.1756649
33 0.85826695 -0.3620868 0.077231444 1.486299 -0.1597565 -0.9273688 -0.16166905 0.81608444
22 0.8192412 -0.33595836 0.21321587 0.67111045 0.25568584 -1.1161752 -0.49493775 0.80430704
27 -0.17382224 -0.14680341 1.2234048 -0.8844124 0.6352951 1.3479645 0.57588613 -0.18206745
4 -0.029509973 -0.4047244 1.2364442 -0.9758684 0.015054982 0.8288552 0.84328586 0.61488056
38 -0.14352845 -0.15843911 0.6849099 0.3422659 0.7172112 1.7419428 0.58860415 -0.530104
46 -0.61618453 0.45051664 0.96053535 -0.51677734 0.8096193 1.1037912 0.24939284 -0.06787939
31 -0.9836258 0.53525287 0.31312343 0.5795301 0.85415596 1.0338328 -0.35968435 0.079120755
25 0.8152961 -1.0163176 0.6304393 0.015066256 0.15682667 0.5430093 -0.09530478 0.21810795
7 0.13913652 0.60724163 -0.27510503 0.8099463 0.34188753 -1.0202177 -0.16499627 1.5725099
10 -0.032539733 0.1603184 0.033698898 0.7962952 -0.07644878 -0.55445147 -0.07732095 1.4291649
32 1.1003883 -0.40897843 0.15468119 1.271811 0.004207244 -1.2180448 -0.43220183 0.6360912
35 1.0862592 -0.54564875 0.4274846 0.89118207 -0.14078508 -1.3921536 -0.017186405 0.7863555
15 -0.418049 1.4331441 0.31390604 0.76800853 0.641529 -0.29301068 -0.317019 0.31557608
29 0.89765155 -0.96102476 0.34289277 0.28942138 0.011217986 -0.10247915 0.43798167 0.8340866
23 0.38714525 1.4758408 0.32312724 1.1489232 0.50959355 -0.40828368 -0.34151164 -0.12838393
8 -0.6472636 -0.2572741 -0.006801962 1.1369017 0.4209548 0.9283555 -0.14746578 0.47000015
9 1.6005932 -0.7254343 0.9771231 0.002498894 -0.37408677 -0.15059692 0.31663826 0.26927415
0 -0.073991336 0.98191124 -0.13716567 1.1411716 0.44295636 -0.82807237 -0.38427567 0.9621059
34 0.40741247 -0.97630435 1.2634182 -0.43913427 0.33645406 1.1729206 0.19940278 -0.4659867
13 0.13701925 0.20216268 -0.12611873 0.8578103 0.19474497 -0.6008969 -0.24011353 1.2676227
37 1.1803786 -0.7716905 0.5845829 0.53135365 -0.21220131 -1.0826005 -0.07446162 0.7283252
11 1.0454181 -1.1364954 0.9576045 -0.33983135 -0.16592969 0.52546793 -0.2138754 0.31412834
5 1.3210058 -0.66487175 0.687744 -0.0703506 -0.2892246 -0.8505124 0.34672895 0.99799466
6 -0.6960636 -0.63274616 0.90727246 -0.15661041 -0.098271176 0.6403728 -0.12242687 0.72729766
39 -0.012828094 0.23877804 0.90534836 0.46679214 1.039877 1.3988762 -0.20121235 -1.2804252
14 1.4875492 -0.9672006 0.8059975 0.117894076 -0.102611884 -0.32399422 0.0658914 0.24239786
30 0.08369784 -0.3731699 0.3854649 0.9226511 0.067237735 -0.2628403 -0.40304208 0.47517696
44 -0.8194027 0.25908753 0.6243373 0.19839631 1.1906347 0.8237252 -0.28082934 -0.38932526
20 0.30841032 -1.4278003 0.9774419 -0.3835283 -0.36120042 0.6481166 0.76612866 0.85301566
12 -0.51529396 1.016024 -0.35045972 1.6185634 0.47183803 -0.709171 -0.6058843 1.0078536
2 0.44263348 0.96140057 0.13347004 0.90384144 0.47274426 -1.2654412 -0.6240327 0.6004023
47 -0.12626266 0.15772289 1.0782855 0.15582655 0.7275433 1.6451485 0.46126795 -0.94193304
3 0.8357085 0.49177042 0.096303426 1.058897 0.14049017 -1.4268389 -0.61123306 0.8584982
48 0.42646396 0.08273454 0.38946593 0.20583749 1.0539193 1.4123541 0.13863245 -0.54589987
