50 8
28 -0.40983155 0.5278781 0.23697372 0.667463 -0.52883697 -0.5622107 0.22873457 -0.5780655
23 -0.43632942 0.034075554 0.5807349 0.632179 0.20902528 -0.20732592 -0.34847277 0.7256847
1 -0.22140923 0.4424782 -0.10823339 0.8058655 -0.705072 0.13604753 -0.30652878 -0.7820994
20 -0.42100173 0.50596154 0.43407178 0.5499208 -0.5668901 -0.56502104 -0.36770707 -0.35739022
27 -0.48678866 0.4601171 0.13819572 0.74826026 -0.82577306 -0.1602456 -0.13281372 -0.95583904
45 -0.347646 0.57827324 0.10656228 0.8316372 -0.9750502 -0.60152924 -0.26966786 -1.0423062
44 -0.49901608 0.7474632 -0.24930876 0.48520282 0.10628176 -0.7729041 0.328355 -0.22619697
10 -0.5191299 0.1402727 -0.03738661 0.91144186 0.3440439 -0.60173994 0.213317 0.09093884
18 -0.40996122 0.31677708 0.17740528 0.3440675 1.2791597 0.12970895 -0.015498598 1.2112277
38 -0.33701828 0.56082314 0.19312377 0.6528256 -1.0916449 -0.06162822 -0.4319707 -0.84609884
43 -0.58615786 0.6909735 -0.3032218 0.6157119 -0.3787603 -0.6260714 0.4393354 -0.6979654
40 -0.42052197 0.6895126 -0.45341572 0.34084544 1.2951834 0.126848 0.37384832 0.1540528
25 0.47843528 0.9770409 0.07517588 -0.042858146 0.20446263 0.7498879 0.03099047 1.1661692
31 -0.43743017 0.56687915 -0.4236427 0.71108925 0.4917796 -0.8349488 0.44556275 -0.105673015
29 -0.2472363 0.7618264 -0.46809492 0.5782266 0.40835044 -1.045993 0.2700645 0.30910802
4 -0.20934165 0.6507538 0.45754796 0.5323615 -1.2906625 -0.03477599 -0.18112849 -0.82514495
36 -0.37237558 0.684458 0.048652124 0.6586762 -1.1556156 -0.16935663 0.12107868 -1.0366105
17 -0.5300902 0.21160981 0.29867938 1.0235261 -0.952846 -0.54054207 -0.33545431 -1.0373709
6 -0.73399574 0.39851218 -0.20191589 0.8256676 0.007885462 -0.8028505 0.38790968 -0.5653337
8 -0.3078522 0.29089528 -0.38921148 0.8280644 1.3247682 -0.6192287 0.090058446 0.7319844
13 -0.054937065 0.62694615 -0.10742962 0.20759071 1.1576648 0.5815562 0.37508833 1.1786972
24 -0.33429444 0.25364226 0.2642066 0.25591776 1.2733204 0.7586396 -0.23738542 1.2965757
15 -0.6782936 -0.09712206 0.36377645 0.6807441 0.56449366 0.023851054 -0.18183103 0.7637065
34 -0.035345882 0.7835366 0.20135441 0.45722654 -1.2771096 0.2533842 -0.028923739 -0.78156424
19 -0.19468802 0.29422855 0.3632444 0.276907 1.2265894 0.59349215 -0.42046052 1.483027
42 -0.7592245 0.067623295 0.26979676 0.7309597 0.053433333 -0.42867294 -0.040588796 0.0875517
41 -0.60951173 0.86809504 -0.40444288 0.48028818 -0.15867724 -0.53287 0.8427229 -0.80974317
0 -0.15726751 0.39635244 0.40831813 0.16197708 1.4417001 0.75632924 -0.13931207 1.492714
30 0.042766623 0.62752867 -0.18610543 0.3145568 1.3883207 0.7138606 0.28439945 0.9388837
46 -0.37966177 0.15085438 0.71641475 0.72992826 -1.1572671 0.1520553 -0.40967518 -0.3400702
26 -0.57495964 0.67090946 -0.28570956 0.6342772 0.6350295 -1.2666543 0.07942583 -0.16854362
7 -0.25300267 0.38847253 -0.13558973 0.4307172 1.3375064 0.07373546 -0.2809203 1.1808047
16 -0.1057251 0.7729618 0.29567757 0.49734667 -1.0061327 -0.31571308 0.00017010067 -0.5787226
12 -0.12054955 0.451549 -0.17631613 0.32022485 1.4527752 0.34127742 0.10459302 1.6405178
14 0.39312774 0.7373807 0.60211337 -0.015588867 -0.9558559 1.3920622 -0.3302936 0.5366736
11 -0.17705148 0.461167 0.7267823 0.33379003 -1.7442278 0.620748 -0.43123278 -0.018381322
21 0.094912425 0.49885333 0.4950648 0.0567404 1.1576972 0.8809682 -0.40524614 1.6542906
39 -0.79531133 0.73512995 -0.48576623 0.60815245 -0.33314928 -0.34196293 0.6007005 -1.1156751
5 -0.03673328 0.34992808 0.6823452 0.7064508 -1.627149 0.31962463 -0.41876572 -0.44640362
47 -0.20164005 0.4926793 0.1525465 0.78493726 -1.2486736 0.20013185 -0.11786021 -0.9921367
2 0.2382057 0.5591652 0.33426464 0.07993828 1.352564 1.4422469 0.16972168 1.7645738
3 0.3208747 0.750441 0.52227986 -0.17658766 0.88905406 1.4605709 -0.31907725 1.5920528
33 0.19484438 0.6508136 0.43683785 -0.12909228 1.4195335 1.3831462 0.034320973 1.920999
37 0.42463544 0.68489075 0.47805747 -0.037787072 0.94452584 1.5894918 -0.015520086 1.4190547
49 -0.4271985 0.46788716 0.49657243 0.6356931 -1.5102862 0.46169564 -0.07277874 -1.1493987
32 0.34628087 0.6412256 0.21289118 -0.03008076 1.3342451 1.5324705 0.015003567 1.912527
9 -0.175453 0.6913772 0.7447937 0.27985662 -1.9937866 0.9546178 0.33363858 -0.7050207
48 0.28977314 1.099406 -0.32691056 0.53025365 -1.0703622 0.26293424 0.13209085 -1.0465839
22 0.4261071 0.38537845 -0.09733691 0.4344241 1.2851268 1.3643504 -0.28132087 1.5574788
35 0.27988538 0.6886242 0.34671953 -0.12561701 0.76122826 1.810469 -0.45669413 1.3916293
