50 8
23 0.019283134 1.3098379 0.3208744 0.3084149 0.14508924 0.3849995 -0.29174516 0.259101
1 0.090285376 0.83907944 -0.022534035 0.48039296 -0.94616103 0.074782796 0.044235803 -1.1960655
24 -0.34688914 1.2058332 0.45880425 -0.39008173 -0.3126053 -0.26998347 -0.57132244 -0.3193972
12 -0.5087349 0.6102708 0.610533 -0.08870598 0.16985138 -0.18635803 0.6022395 0.7779166
19 -0.7435696 0.5031556 0.5755879 0.52177507 0.6226141 0.16310988 -0.26418263 0.36484274
39 0.076917924 1.2042898 0.2865522 0.58863795 0.16882478 0.44662932 -0.48030874 0.32913157
25 0.16586511 1.2258661 0.5802722 -0.09661553 -0.17070527 0.13886198 0.075010076 0.4456133
40 -0.44042292 0.5652685 0.5509264 0.7296568 0.47650874 0.49485546 -0.35491353 0.10988001
18 -0.7871255 0.6184108 0.26027447 0.7500979 0.6906317 0.10108314 -0.3004038 0.7845028
6 -0.68855697 0.2260925 0.37422496 0.5762292 0.2091435 -0.7875211 0.015373029 -0.4236663
29 -0.39475074 0.87586397 0.10041895 0.31784284 -0.21840574 -0.81508094 -0.48611596 -0.24221343
28 -0.41073543 -0.3499802 0.46583068 0.33719063 -1.3801577 -0.45859537 0.5453479 -0.8872886
41 -0.19546628 0.8371816 -0.15907003 0.9571632 -0.28127366 -0.11862198 -0.68994755 -0.714624
27 -0.12433834 1.028007 -0.04798208 0.35515916 -0.5771618 -0.11955407 -0.32545048 -0.97163564
44 -0.62697023 0.560634 0.0793659 0.688271 -0.08774332 -0.8727942 -0.8745199 -0.67440283
3 -0.3680527 0.6996439 0.9713592 -0.4185466 -0.14122035 0.24696153 0.23667718 0.75788057
2 -0.6949379 0.5625726 0.67078 0.40945497 0.8464254 -0.076674595 0.15832373 1.0524776
16 0.18526565 0.8811562 0.1750024 -0.03444687 -1.2551341 -0.019004459 0.25632408 -1.0914487
26 -1.1345026 -0.24260962 0.43897426 0.36206403 -0.2035932 -0.95690864 -0.012881864 -0.20463204
35 0.10403734 0.82343113 0.9707627 0.014060491 0.123615764 0.5562827 0.44569844 0.93976945
13 -0.7708837 0.029747277 0.61109227 0.6532524 0.51865107 -0.11169425 0.5484964 0.8216143
33 -0.07918387 0.8146178 0.9139175 0.04489945 0.39993498 0.35634357 0.48443192 1.1092834
43 -0.20039277 0.025601523 -0.05503606 1.1515691 -0.70547 -0.19634369 0.33868936 -0.88466734
30 -0.65053076 0.69600785 0.20751438 1.1140206 1.0241009 -0.11252799 -0.46465787 0.5943211
49 0.1037372 0.2617732 0.22885719 0.58092487 -1.6033192 0.40242356 0.03651641 -1.3287345
7 -1.0795542 -0.23061539 0.4173781 0.562704 0.23566729 -0.8981171 0.58814704 0.5571167
38 0.75681186 0.75407344 0.52029073 0.3911788 -1.2033093 0.4351135 0.39394423 -0.6750299
15 -1.0065335 -0.3135844 0.91881615 0.03739966 0.13728705 -0.17099409 1.1105485 0.98012847
31 -0.63284296 -0.12483527 0.09768333 1.3929942 0.08471886 -0.9353744 -0.23362064 -0.34397858
36 -0.06741552 0.17656161 0.18057501 0.24745555 -1.7541194 -0.030272568 0.52467585 -1.0478085
14 -0.054788582 0.6820135 0.62192667 -0.5428482 -1.1974295 0.8799115 0.9052587 -0.04749349
4 0.21427652 0.32773823 0.62588096 -0.06041993 -1.4746132 0.53141636 0.86724937 -0.6404819
42 -1.0065148 -0.14863615 0.101690196 0.23533826 -0.8562096 -0.7083098 0.44482797 -0.6629403
20 0.10675114 0.67672145 0.8796108 -0.5485281 -1.0598391 -0.34872657 0.36406788 -0.63787043
0 -0.8723574 0.43121776 0.8871225 0.28466848 0.91476446 0.3346928 0.17809741 1.4120443
34 0.52896965 1.3317683 -0.005884104 0.42547208 -0.9566573 0.48132545 -0.09532063 -1.1737148
45 -0.3835909 -0.1313879 0.8338274 -0.47280836 -1.4640561 -0.34191775 0.95955753 -0.75805575
21 -0.32026806 0.92476815 1.2213492 -0.24707584 0.70715255 0.6451161 0.20945355 1.4759219
10 -0.75508875 -0.61462593 0.7617388 0.2500355 -0.6245467 0.21694998 1.391559 0.19592488
9 0.27788204 0.65686464 0.6473961 -0.44203418 -1.617315 0.69461197 0.8717441 -0.30593193
8 -1.1462754 -0.3294713 0.30659297 1.0796366 0.6248942 -1.5484332 -0.0037535408 0.1904069
32 -0.34737104 1.09711 0.8096548 0.0108712595 0.7759462 0.61564195 0.18456015 1.5309049
48 0.095973484 1.3159252 -0.6447948 1.4436681 -0.18980965 -0.36660114 -1.2431383 -0.66290987
17 -0.4248515 -0.81685 1.1997404 -0.29881507 -1.9240401 -0.0151988035 1.1447581 -0.687953
37 -0.40610737 0.1111783 1.3306177 0.27975383 0.6092285 0.8646467 0.8085592 1.6681345
22 -0.1506679 0.7259679 0.8630134 0.75327903 0.96653837 0.84536654 0.1269087 1.6281751
47 -0.4079896 -0.5126697 -0.08176094 1.2899243 -1.4172071 0.17073461 0.42869312 -1.0915933
46 -0.20186165 0.4758066 -0.25300804 1.6091179 -0.08406397 -0.15629447 -0.7656889 -0.33420616
5 -0.4814834 -0.9331715 0.8880414 0.012851945 -1.9753063 0.25035936 1.4106048 -0.4745404
11 0.18094301 -0.092708215 0.46887675 0.2131538 -2.417228 0.6916444 0.6924624 -1.0771918
