50 8
20 0.031235978 -0.39058852 0.7997267 -0.3942015 -0.7013705 0.2383104 -0.035992697 0.7756343
24 -0.02256339 0.38376722 0.7470519 -0.23918043 0.8207634 0.28746596 -0.028691545 -0.06326899
19 -0.060501434 0.4028284 0.7088571 0.06723291 1.0400426 0.3387058 0.07604327 -0.21980019
17 -0.020848619 0.08075136 0.87833035 -0.6786446 0.794715 0.50186986 0.1081984 -0.10332469
15 -0.07927382 0.33708286 0.50212 0.23764813 0.6825929 0.095894225 -0.0736733 0.26640892
49 -0.34875262 0.068259284 1.1072847 -0.86725783 0.20484674 0.59669524 0.19397895 -0.18521066
1 -0.2615945 0.20870642 0.9858245 -0.5988644 0.76076454 0.60425013 0.3142054 -0.34252414
23 -0.09949964 0.25790888 0.5390798 0.17395864 1.4632732 0.42958733 -0.0443674 -0.3308507
34 -0.18845995 -0.1464527 1.0861847 -0.852415 0.24748178 0.6209375 0.13370414 -0.13941312
40 -0.31299946 0.41770163 0.22674973 0.43038318 1.6283458 0.56273943 0.0799146 -0.19099429
45 -0.29137 0.44234282 0.52897614 0.15652162 0.7186724 0.28400216 0.019991316 0.06587477
28 -0.5290923 0.023027578 0.9447938 -1.0114228 0.137887 0.6128416 0.24262644 0.03205091
46 -0.4132246 0.21466799 1.1003337 -0.8127828 0.59403616 0.52104884 0.27389082 -0.35583413
38 -0.4522886 -0.10282803 1.1154351 -0.5797808 -0.06827306 0.6398464 0.35579786 -0.14781709
27 -0.20511264 0.18820937 1.127297 -0.8067771 0.402405 0.45700005 0.36142117 -0.12548974
3 0.03496549 0.013190564 0.043889772 1.0367728 -0.25321507 -0.19826548 -0.5798091 1.2117121
36 -0.55529344 0.19610448 1.0396223 -0.8142474 0.2908176 0.55072415 0.13231558 -0.22024596
43 -0.18472026 0.13451277 0.79231685 -0.23061894 1.1473709 0.4413924 0.22051454 -0.35031036
26 -0.31354544 0.101356916 0.009586225 0.8239034 1.0194993 0.2569426 -0.1230984 0.40503365
39 -0.26606777 0.4534051 0.6212511 0.12107254 1.2320174 0.31838292 0.09393808 -0.249785
18 0.23143527 0.01676338 0.050276693 1.5214986 0.027565278 -0.3283265 -0.59091747 1.0962443
5 0.16559593 -0.22881427 1.1376162 -0.7806186 -0.9779017 0.40187383 0.16913965 0.60138583
14 0.27806032 -0.11826998 0.883638 -0.11238659 -1.4534742 -0.050598018 -0.4334116 1.15719
31 -0.5525106 0.16212732 0.05407489 0.57885396 1.4622933 0.58638793 -0.09424185 -0.05240864
42 -0.28693524 0.11217538 0.41780576 0.09636358 1.180945 0.3824468 0.041225262 -0.0011429385
29 -0.20706192 0.13201693 -0.1286553 1.1259451 0.81283325 0.03855607 -0.49826542 0.6714745
41 -0.058305975 0.25073856 1.262729 -0.70643765 0.64289117 0.48075083 0.38896713 -0.39868024
10 0.011111732 -0.22480175 -0.008737603 0.84875506 -0.59517884 -0.13151155 -0.6224084 1.4994012
4 0.21794604 -0.13548975 1.2054371 -0.56829274 -1.3469557 0.28802145 -0.07995147 0.6494496
47 -0.42167377 0.07216208 1.0179678 -0.4887119 0.9820062 0.7676401 0.4999535 -0.5997358
11 -0.4318128 -0.09820843 0.93616694 -1.0597769 -0.29041556 0.78719014 -0.03984869 0.105719775
0 -0.04790035 -0.34408602 -0.048701752 1.4463416 -0.7381871 -0.1044256 -0.8422103 1.4021237
48 -0.3424649 0.15196663 1.1452909 -0.8932327 0.64144146 0.69628894 0.35843998 -0.41531178
6 -0.31162274 0.061254397 -0.06909071 0.7117864 1.1878558 0.34348413 -0.15783484 0.37028924
44 -0.14301768 0.09667591 -0.015818655 0.8955924 1.6331182 0.3513813 -0.1860041 0.06328391
2 -0.10068244 -0.09588144 0.15760507 0.8769327 -0.89093935 -0.10714228 -0.7137089 1.35702
7 0.38174117 -0.19457942 -0.074419454 1.5726726 -0.14863041 -0.30227143 -0.56200653 1.4445256
35 -0.10952487 -0.4498544 0.42181492 0.5673778 -1.6136831 -0.31232715 -0.5977443 1.6651813
30 0.018320242 -0.0081292605 -0.062258635 1.7138941 0.110248126 -0.48138568 -0.5507524 1.1890445
37 -0.17023301 -0.51246303 0.28486708 0.8493007 -1.4948039 -0.27053788 -0.6804188 1.6636466
16 -0.25336146 -0.014206472 0.8287043 -1.1824237 0.47532094 0.6832531 0.21164587 0.135572
13 0.2092181 0.040829398 -0.17704369 1.4867504 -0.6276304 -0.2593124 -0.72585106 1.664913
12 -0.33473596 -0.0304247 0.28474936 0.70716566 0.05676237 -0.042468417 -0.3408559 0.6543206
21 -0.25809267 -0.4426377 0.20255506 0.93463534 -1.3634163 -0.007819593 -0.8315298 1.5170287
25 0.52022797 -0.022834798 0.4646992 0.6825824 -1.2272835 -0.30770165 -0.8418738 1.494545
33 -0.121261686 -0.6340821 0.21718223 0.61631376 -1.5178179 0.04305859 -0.7381834 1.641881
9 -0.036894895 -0.25207657 1.3259897 -0.85702026 -1.0144254 0.5914827 0.14560612 0.1993575
22 -0.24241176 -0.6407306 0.2047912 0.81043255 -1.6037676 -0.09675207 -0.93351173 1.613843
8 -0.10652497 -0.07472867 -0.26112178 1.6660172 0.7709952 0.009634405 -0.5899558 0.76797897
32 -0.0868074 -0.27565476 -0.054563507 1.5927066 -0.9607427 -0.28051504 -0.8291413 1.5821619
