50 8
43 -0.59660083 0.5993892 0.39635026 0.30953008 0.15819742 -0.37474522 0.2582471 -0.80351996
40 -0.592554 0.6523977 0.009029053 0.42940545 0.6938121 -0.2660291 -0.12704302 -0.7401108
28 -0.35148618 0.6190124 0.53877574 0.17962497 -0.40626216 -0.382687 -0.4262725 -0.72817135
17 -0.54536825 0.5368654 0.83370054 0.04824747 -0.2837394 -0.20821337 -0.0013752712 -0.71077406
1 -0.18245415 0.85401934 -0.088357545 0.5637154 -0.1039767 -0.47608182 -0.0034497767 -1.1362472
23 -0.4289899 0.6848766 -0.1416334 0.57911986 0.14768417 -0.6311066 -0.08876481 -0.9358297
20 -0.42897847 0.40874696 0.76146966 0.1969734 -0.74677134 -0.37473217 -0.38063732 -0.559641
42 -0.6683521 0.62518734 0.21313266 0.3401893 -0.016422579 -0.41450343 0.23173697 -0.88488483
34 -0.36528686 0.54132456 0.7860182 0.12277269 -1.3201617 -0.26894096 -0.3159959 -0.78675395
38 -0.45027715 0.63467234 0.769313 0.033765253 -1.1098409 -0.47868958 -0.20114021 -1.0247923
49 -0.6659831 0.58164215 0.844281 0.08931952 -0.88299006 -0.11589012 -0.44629315 -1.1041596
19 -0.19276057 0.4273609 0.18561013 0.42777357 1.2781813 0.56897134 -0.12184794 1.0074805
41 -0.49712524 0.6718542 0.44546777 0.2904356 -0.8811129 -0.30421513 -0.4552913 -1.0597501
26 -0.41509485 0.73239446 -0.14654656 0.56770515 0.009173376 -0.757544 -0.37461343 -1.0364685
24 -0.379169 0.33191344 0.20858817 0.43098307 1.3476938 0.39436206 0.06414435 0.889107
36 -0.6088206 0.6966351 0.32471356 0.3949589 -0.86637414 -0.37919876 -0.42050293 -1.3106614
27 -0.64362943 0.62333065 0.44047508 0.22956929 -0.7776577 -0.35771084 -0.60575867 -1.0336069
16 -0.34332618 0.64140195 0.7053618 0.06217019 -1.0907339 -0.3245755 -0.26644397 -0.8079442
45 -0.646766 0.7030589 0.329869 0.39833903 -0.7858741 -0.2733107 -0.45459437 -1.2701555
18 -0.023773415 0.57982993 -0.5124108 0.82974035 1.6901237 0.48305002 0.14959419 1.0060979
39 -0.65883577 0.58291584 -0.19605681 0.8027146 -0.42359787 -0.58156544 -0.26833147 -1.0999188
25 0.53879184 0.68658316 -0.0531153 0.04204839 -0.99774307 -0.19877698 -0.40699962 1.2904662
47 -0.4234646 0.6689011 0.21372828 0.32645214 -1.1743937 -0.64464074 -0.37545234 -0.92102814
31 -0.35003546 0.7855329 -0.29640543 0.6510506 -0.18364109 -0.8215207 -0.11947452 -1.1565418
10 0.37878138 0.35149115 0.23537138 0.38172036 0.54710275 0.39992577 0.3755831 1.8897762
44 -0.3289447 0.7542709 -0.026509462 0.6119909 -0.5058972 -0.73211896 -0.12371003 -1.3757956
6 -0.68005985 0.70120895 -0.032680575 0.6847111 -0.101710744 -0.6875862 -0.18709323 -1.4626116
12 0.54901135 0.65106493 -0.45887178 0.7028452 0.89772236 0.0567983 0.40940562 1.3534058
29 -0.48739433 0.6369802 -0.12376287 0.7226383 -0.6719693 -0.9515567 -0.17823236 -1.2723892
46 -0.19586872 0.35544693 1.0788192 -0.061727114 -0.9050697 -0.2111863 0.26454338 0.07306608
15 -0.2845724 0.24285087 0.019156432 0.7484636 1.4178516 0.45872566 0.2760313 1.0218805
22 0.5164726 0.41003534 0.29602367 0.32287323 0.5968839 0.38571507 0.25132754 2.0281432
0 0.12764992 0.43250763 0.21656758 0.36589053 1.3883593 0.6481481 0.32161668 1.7223691
37 0.45673287 0.40268233 0.4398737 0.17911339 0.74820924 0.5453125 0.35710105 2.2036552
14 0.42594063 0.28141293 0.698552 -0.028908921 -0.36781335 0.6499783 -0.11906561 2.157882
9 0.18479845 0.25329393 0.8763728 -0.15403973 -0.895841 0.5849543 -0.13331571 1.8507118
2 0.5570259 0.5633466 0.003914304 0.3963985 0.9728876 0.32438174 0.6296209 1.8582116
33 0.38134897 0.4148387 0.2953382 0.13993707 0.6506464 0.5261862 0.18470809 2.3300812
8 -0.1801891 0.8012368 -0.68814164 0.77576375 0.49538657 -0.260835 -0.71053314 -0.37397516
5 0.58259445 0.34892014 0.741002 0.1446342 -0.358121 0.23243271 0.77719223 1.473708
7 0.39143863 0.5091952 -0.24681696 0.61162806 1.2420266 0.4058564 0.4293685 2.047149
32 0.3736221 0.39362594 0.28665972 0.39141697 0.9665323 0.50566983 0.5889109 2.1891537
48 -0.39565322 0.7354933 -0.1867148 0.56954014 -0.9736989 -0.63305265 -0.5195223 -0.9714496
35 0.39181268 0.46663916 0.31051105 0.1396659 0.99283546 0.45413736 0.55711687 2.2319994
21 0.5065582 0.37036175 0.17316432 0.36552945 0.7066213 0.4659351 0.27278075 2.259892
13 0.58643764 0.45584914 -0.2459349 0.7379411 0.82226044 0.26742253 0.7979809 1.9537084
3 0.3113504 0.5376504 0.009934343 0.4018976 1.1075728 0.59825575 0.37276784 1.6456624
30 -0.03569076 0.54302245 0.015849026 0.5686772 1.6369479 0.47869542 0.4799553 0.91029656
4 -0.16959092 0.27388638 1.1985861 -0.23408577 -1.6832908 -0.089012675 -0.08210666 0.47328675
11 0.01736081 0.17902908 1.064884 -0.06945564 -1.6112202 0.03302626 -0.16686575 0.8487228
