50 8
1 -0.5237728 0.9252014 -0.27758488 0.25242352 -0.44386372 0.603361 -0.3827396 -0.5010545
28 -0.73447806 0.59868217 -0.07278312 0.35215783 -0.5356596 -0.49418104 -0.107532136 -0.9231734
4 -0.5430224 0.720628 -0.19453974 0.40957937 -0.528727 0.24863005 0.028815407 -0.50187737
9 -0.41609243 0.85701936 -0.09200944 0.1856044 -0.33092698 0.41274145 0.50512797 -0.0034958245
21 -0.2859129 0.74788475 -0.34556502 0.57879573 -0.12566677 0.25580364 0.6894836 0.52305603
41 -0.7522113 0.85127467 -0.5342939 0.47567976 -0.38116902 -0.08410614 -0.119658336 -1.0874349
27 -0.913948 0.4089981 -0.2297083 0.6082214 -0.5558942 -0.64252347 -0.15596975 -1.100299
34 -0.80372375 0.7751885 -0.5090333 0.56644547 0.1063145 0.24684073 0.032946866 -0.9336134
38 -0.59208894 0.7752609 -0.6201979 0.76937205 -0.23840687 -0.6164477 0.08026996 -1.0138681
8 -0.048033472 0.7194944 -0.17902097 0.633401 -0.11797714 -1.0620303 0.34175667 -0.19975635
16 -0.572378 0.31134295 1.0403224 -0.10431084 -0.4239556 0.27250218 -0.54301775 -0.5063591
46 -0.77311754 0.3745125 0.26572657 0.35034138 -0.6025247 -0.78079164 -0.38453355 -1.0570902
19 -0.03212138 0.4161309 0.7656953 0.38790658 0.21493423 1.0730926 0.22709605 1.5433093
36 -0.699222 0.7561098 -0.25868374 0.445102 -0.2599719 -0.10203788 -0.23761328 -1.1837196
14 -0.44379404 1.0891069 -0.5188042 0.27676526 -0.2400859 1.2942727 0.30768284 0.23864353
24 0.01639433 0.65092796 0.447871 0.36248857 0.3106141 1.0899136 0.013009542 1.444586
29 -0.4256828 0.7986828 -0.5747029 0.5110206 -0.3863874 0.30943102 0.41311398 0.52558
43 -0.8041546 0.32744417 0.27044472 0.4231109 -0.14164595 -1.2971148 -0.24033381 -1.4268804
48 -0.4533075 0.91099036 -0.5362624 0.5961485 -0.31411853 -0.37946367 0.32000273 -0.91001505
42 -0.31722212 0.49851298 0.8430135 0.024056988 0.17921512 -1.2805457 -0.44913012 -0.9790193
6 -0.6937499 0.42776862 0.035091866 0.5141631 -0.6446996 -1.1887867 -0.29246378 -1.1355512
39 -0.8588077 0.81000566 -0.66753215 0.6538053 -0.28088474 -0.5883501 -0.19379418 -1.4304447
20 -0.20347384 1.023998 -0.5494196 0.4554366 -0.51375943 0.31397623 0.08789609 0.20481704
49 -1.0208685 0.52305734 -0.19410087 0.45585278 -0.5189708 0.2948706 -0.15616305 -1.0566576
12 0.24004394 0.3823099 0.16342022 0.8701161 0.34633538 -0.97798395 0.805214 1.1499138
11 -0.38258892 0.7083965 0.31512287 0.13645205 -0.050921436 1.578649 -0.2817092 0.55386525
15 0.0038518817 -0.10859125 1.6048511 0.30134323 0.6498338 -0.1276403 -0.1445544 1.3734281
23 -0.15279694 0.67938644 -0.19291149 0.6520484 0.0562195 0.9590141 0.6473484 1.2581528
5 -0.32939377 0.18616097 1.073041 0.09922485 0.05090337 0.41462293 -0.076431505 0.7012177
31 -0.589007 0.62057626 0.053139474 0.42792824 -0.07492407 -1.0555533 -0.13295048 -1.247372
13 0.022090169 0.4675419 0.117041305 0.75600284 0.2823023 0.43996486 0.67220634 1.3658502
10 0.3125836 0.6797653 0.27762938 0.48660022 -0.20451783 -0.48846436 0.5947403 0.8773453
37 -0.05637434 0.33694005 1.0624285 0.23162852 0.49275434 1.2537427 0.039217155 1.4365771
40 -0.57840896 0.8033276 0.07800355 0.22792351 -0.10824952 -1.1184121 0.2046164 -1.4897318
25 -0.09094155 0.9076463 0.29902992 0.13332911 0.24753869 1.3644136 -0.4657674 0.7506536
47 -0.7827007 0.65275747 -0.018174116 0.44007552 -0.26216707 -0.89903694 -0.44650108 -1.8240445
18 0.27735007 0.10786272 1.2439328 0.40031388 0.5631826 -0.5376568 -0.15625674 1.5536295
26 -0.18531366 0.013822529 1.474667 0.059624884 -0.17638834 -1.0751798 -0.7890963 -0.24258174
7 0.1990417 0.31041738 0.6121197 0.5675638 -0.09586836 -0.05089857 0.36295933 1.5136107
44 -0.17145836 1.0725648 -0.3402557 0.51686585 -0.035671003 -0.96507245 -0.3602076 -1.2969888
32 0.027610183 0.3406956 1.4231453 0.06516245 0.8307001 0.8983562 -0.1484995 1.4749749
33 0.022941552 0.40886733 1.3144963 0.065713696 0.71721846 0.95271754 -0.38386458 1.4398174
45 -0.5421434 0.6101827 0.2513382 0.33443433 -0.19109875 -1.4322897 -0.27906707 -1.5755243
0 0.012214223 -0.028746717 1.8280783 0.040912252 0.5160484 0.3304934 -0.1796542 1.4236459
2 -0.09401378 0.16919637 0.5465998 0.6923696 0.78563786 0.1821058 0.5758674 1.400419
3 0.2573646 0.6168528 0.5960232 0.4512077 0.7552908 0.6214163 0.43403175 1.7542332
30 0.3457204 0.061117485 1.7758348 0.19465178 1.0643286 -0.5618017 -0.44406152 1.1568911
17 -0.81329554 -0.24426027 1.2927234 0.10694743 -0.4797754 -0.8021236 -0.92686623 -0.7113785
22 0.01461656 -0.059146862 1.9495212 0.101218686 0.8530883 0.76266384 -1.1055712 1.3415611
35 0.034820434 -0.11899474 2.0481493 -0.117230475 0.22079165 0.39819005 -0.5011301 1.7034888
