50 8
40 -0.117351376 0.2927671 0.20983335 0.15760957 0.12262215 0.04184016 0.035648465 1.2167817
19 -0.11884909 0.060229395 1.1184347 0.12427331 0.92766404 0.02948134 -0.446212 0.701686
43 -0.42864975 0.6455911 -0.14770882 -0.51040214 0.35369706 0.23041937 0.6008634 0.7426952
16 -0.109642 0.12153319 0.18591705 -0.6286549 0.6516201 0.26012802 0.42475423 0.97173744
39 -0.278447 0.1374141 0.6333279 -0.03682971 0.63934463 0.3080257 -0.09428918 0.6093249
26 -0.35060534 0.17090939 -0.12158098 -0.1136575 0.6667795 -0.10459645 0.2606099 1.4526035
6 -0.48163667 0.117734745 -0.16276854 -0.6323018 0.68115306 -0.10925461 0.30034256 1.5131772
15 -0.37445018 0.13506302 0.37980172 -0.2717587 0.5852769 -0.038260005 -0.07867043 1.106987
31 -0.13051249 -0.0045245527 0.68287605 0.16861698 0.689824 -0.15507735 -0.51593703 1.392384
24 -0.19879606 0.2047972 0.7068623 0.15981378 0.8363061 0.0033730085 -0.60083675 1.0952225
18 -0.23173073 -0.19082202 1.1907569 0.6576166 0.44868812 -0.2649061 -0.7424619 1.1103834
2 0.13951166 0.17986172 0.9285929 0.425607 0.38979012 -0.27602142 -0.43285885 1.2458189
23 -0.015380713 0.33683246 1.0206299 0.21182898 0.33413556 0.2471136 -0.210158 0.36262944
42 -0.4629986 -0.28396028 0.71095437 -0.39959002 0.82575804 -0.12371164 -0.12148778 1.0239372
1 0.15902124 0.4406562 0.79207015 -0.24730954 0.8454025 0.6905272 0.38200948 -0.0505372
49 -0.5360681 0.09095012 0.5558084 -0.095619686 -0.4394519 1.0881947 0.7643185 -0.5126948
28 -0.86512244 0.56824166 -0.5467269 -0.7994098 -0.22470692 0.4086548 0.9337743 0.65011257
0 -0.42039886 -0.09565403 0.52664226 0.12536915 0.5047305 -0.2706136 -0.42992365 1.4586601
8 -0.38068247 0.20434423 -0.0606343 0.35462072 0.44832164 -0.3551505 -0.12001577 1.8865045
10 -0.73172885 0.6162244 -0.39419508 0.19180138 -0.26028204 -0.13944605 0.47550237 1.2132707
29 -0.25180453 0.22855529 0.547231 -0.19922894 0.5831495 0.24340507 0.25416782 0.5076866
17 -0.3824738 0.23415335 -0.10112893 -0.5989041 0.60184056 0.25911847 0.38778347 1.0727477
36 -0.64188236 0.77118814 0.039842833 -0.7033316 -0.07758042 0.9028837 1.0905776 -0.46804774
20 -0.7772298 0.16776991 -0.24475482 -0.87562764 0.14536913 0.29289722 0.8078263 0.7619582
44 -0.20448624 -0.29505152 1.6565254 0.45193967 0.13935697 0.04947839 -0.45502037 0.27561057
41 -0.21059866 0.68291324 0.103078865 0.02452484 -0.30237925 1.1083167 1.0931485 -0.37597072
13 -0.45468196 0.3112956 0.50006014 1.0005934 0.07723239 -0.29940948 -0.39370906 1.2552104
34 -0.113120906 0.32348558 0.352647 -0.4322027 -0.17119744 1.1023445 0.9585478 -0.2862924
35 -0.34024835 -0.15272236 1.6262279 0.82460064 -0.7360696 0.25581926 -0.3696525 -0.05049036
27 -0.5910429 1.1339519 -0.57024235 -0.70561874 0.023903484 0.6497668 1.1491342 0.1826973
25 0.12525815 0.2825452 1.053713 -0.06275213 0.36594614 1.0263339 0.35986155 -0.52059335
48 -0.4941257 0.77047825 -0.3632753 -0.62181216 0.21872449 0.48008263 0.89381766 0.5175335
4 -0.73973227 0.77153474 -0.13012463 -0.7073656 -0.41010377 0.83440614 1.226155 -0.30984107
14 -0.17742833 0.26029938 1.2863548 0.2522451 -1.151039 1.3223231 0.51548994 -1.1272842
30 -0.541303 -0.08306258 1.0956265 1.0055168 0.08558732 -0.18534893 -0.6732722 0.84510416
45 -0.02402458 -0.055788178 1.040782 -0.44372457 -0.112698734 1.1200187 0.54592735 -0.5153969
46 -0.39553294 1.0629184 -0.34288484 -0.2901755 -0.063146174 0.15828829 0.707805 0.76042616
9 -0.019457284 0.62306905 0.44229472 -0.14260629 -1.5009253 0.9796369 1.2778401 -0.48511022
3 0.17174253 0.18776959 1.6773267 1.1118928 0.15054245 -0.039458163 -0.79216295 0.49486628
38 -0.46442658 0.84214854 0.049418103 0.18984292 -0.6510373 1.0590017 1.2210042 -0.56475246
12 -0.10218703 0.17011446 0.6863478 0.98464847 0.36176574 0.07670722 -0.41061294 1.0303403
7 -0.12133815 -0.10111704 0.45862454 0.2402649 0.10897116 -0.36070693 -0.17428493 1.6665233
47 -0.14348999 0.47752884 0.07917604 -0.029976528 -0.7082012 1.1636072 1.3773227 -0.35509202
11 -0.26677796 0.19619283 1.1981605 -0.20363195 -1.0305538 1.2143812 0.5777878 -1.0318563
22 -0.19201314 -0.69092196 1.7962823 0.75481105 -0.12000336 0.24355312 -0.58375764 0.32728696
21 -0.40484086 0.35960272 0.9007412 0.6751982 -1.2286066 0.8106167 0.09363243 -0.3049955
37 -0.2747008 -0.28307953 1.5775204 0.5559434 -0.9345362 0.4781032 -0.06566043 -0.1828833
32 -0.1998226 0.10961967 1.6485893 0.9176509 -0.68567437 0.53488594 0.012981736 -0.5673462
5 -0.49702093 0.53198856 -0.09815578 -0.46449947 -0.8976404 0.7789554 1.2116065 -0.021642705
33 -0.27779394 -0.32286954 1.6611474 1.6951076 -0.8868357 0.660437 -0.4955001 -0.15293022
