50 8
43 0.2301684 0.20516549 0.54505104 0.85309404 -0.5078161 -0.38721392 -0.15045466 -0.6856135
19 -0.76250523 -0.38492465 1.0187545 0.51275355 -0.15562125 -0.17442168 0.34041807 0.7101325
1 0.05385279 0.003931225 0.5227574 0.789474 -0.57326007 -0.5799487 -0.24834062 -0.2861779
18 -0.21346308 -0.42255524 0.8291828 1.3574022 0.6204633 0.2896571 -0.043689054 0.21608794
16 0.067318566 0.77712655 0.39504057 0.04156428 -1.312307 -0.65038335 -0.2516715 -0.5211373
28 0.21129349 0.5420971 0.17636195 0.48823076 -1.2383553 -0.90150154 -0.26970574 -0.66827196
24 -0.93532735 -0.34530511 0.6913048 0.66655874 -0.23236878 -0.3389071 0.19452874 0.4707167
31 -0.2459697 0.23346439 -0.09544118 1.3357977 0.22818565 -0.6345328 -0.5122883 -0.6465709
26 -0.5735327 -0.76467264 0.8285087 1.2360737 -0.3630363 -0.74500424 -0.5961223 -0.6142319
42 0.027019355 -0.5618245 0.92842734 1.0992393 -0.60960513 -0.57901555 -0.3858347 -0.7293876
15 -0.085002325 -0.4498945 1.270027 0.64533436 -0.15354778 0.15449116 0.27333766 0.5074397
44 0.25580844 -0.31890818 0.74430597 1.1802112 -0.4656724 -0.13103321 -0.6390155 -0.57454884
10 -0.81257415 -0.22711284 0.5692691 0.5768425 -0.56669164 -0.6791741 -0.18573406 0.23399694
45 -0.042772677 -0.41077513 0.96037495 0.6095628 -1.0183424 -0.5456368 -0.34996235 -0.16442516
23 -0.5985668 0.6809616 0.11517209 0.6609174 0.81875086 -0.15957361 0.5372034 0.695729
20 -0.13063407 0.4271083 0.63920796 -0.14003758 -1.626519 -0.74720913 -0.3997838 -0.109305374
6 -0.35695097 -0.26523396 0.2752239 1.2141395 -0.86256534 -0.61818224 -0.3062658 -0.77860045
46 -0.057887986 -0.30445808 0.9570028 0.39525682 -1.3214916 -0.5791299 -0.14006579 -0.042725652
40 0.15414195 1.3850046 -0.15519452 0.8141642 1.0846355 0.13335088 0.13608134 -0.06164528
36 0.4732675 1.119908 -0.27439433 0.53756374 -1.1994123 -0.3033466 -0.38357368 -0.5723969
25 0.924396 0.9343168 0.19079602 0.57292444 -0.77596635 -0.15184157 -0.584427 -0.50956964
14 -0.3593834 1.4331816 0.3982547 -0.6587945 -0.2010429 -0.14950866 0.13235772 1.0135821
8 0.33465323 0.5989598 -0.49179074 1.2995145 -0.21204744 -0.5310378 -0.49272436 -0.41818932
12 -1.0466175 -0.13867217 0.5373342 0.8086181 1.0024252 -0.46459338 0.6780097 1.1391995
7 -0.5285029 -0.29765305 0.8278736 0.858812 0.74104327 -0.62716967 0.089644015 0.46855888
27 -0.85731965 1.2003679 -0.42589444 0.040639933 -0.81835264 -0.8282472 -0.67412454 0.042995162
34 0.1951794 1.7285423 -0.3074371 -0.04548665 -0.852818 -0.17005502 -0.08933578 -0.06955656
29 -0.17832795 0.42519456 -0.33414924 0.9130703 -0.8850667 -0.84868824 -0.4181801 -0.41672078
30 0.11201109 0.29715258 0.36946368 1.4499911 1.068691 0.71330297 0.41601008 0.17264757
49 -0.40978122 0.05886324 0.9585779 0.01392939 -1.6182486 -0.47075856 -0.26292002 -0.3128032
17 -0.42827472 -0.47710624 1.0549861 0.44399568 -1.3480963 -0.23767833 -0.22516268 -0.005098186
0 -0.5641501 0.0069416044 1.4662132 0.12022525 0.6455619 0.41859025 0.23950338 1.2330024
22 0.29929897 0.15824394 1.0894041 0.5045627 0.3399007 0.6226069 0.15603903 0.85737413
2 -0.32217678 1.3959001 0.5097628 -0.19738998 0.9505219 0.39812493 0.499506 1.2780669
4 0.043477673 1.3126574 0.526236 -0.7167567 -1.139091 -0.08403591 0.06591404 0.7031713
41 0.6853789 2.044218 -0.5720106 0.24560207 -0.43352556 -0.21129158 -0.2099447 -0.45890462
39 0.39535397 1.0170149 -0.5681027 1.3035976 0.07904754 -0.3617482 -0.20037541 -0.7847216
9 -0.27837163 1.2088419 0.74358785 -0.7937792 -0.9865128 -0.077731505 0.59440714 0.7064188
38 0.64061975 1.9746932 -0.4571252 0.12119212 -0.45009825 -0.122741066 0.086187206 -0.09756603
35 -0.7330049 0.28738853 0.8149652 0.4793366 1.368032 0.32512316 0.50050825 1.5435284
32 -0.53399396 0.37583482 0.8169959 0.38907006 0.8946206 0.72876775 0.20448503 1.5502015
3 -0.7492878 0.18096934 0.78129816 0.623958 1.0748875 0.26587987 0.4945553 1.0638319
13 -0.7711724 0.016649956 0.3156297 1.2132726 1.2005078 -0.3818946 0.3874043 0.39124832
11 0.5155291 1.2505103 0.52784646 -0.5414218 -1.7536756 0.17205913 -0.5221089 0.3054619
5 0.09810702 0.06370445 0.6700493 0.24281603 -1.3682871 -0.0006799202 0.058886226 0.66939944
33 -0.44852427 0.947401 0.74365854 -0.05135042 1.0746117 0.55018586 0.19861545 1.6310459
21 -0.9926737 0.38525212 0.692551 0.27606204 1.0669504 0.04734206 0.33678487 1.3610862
47 0.7718281 2.4034767 -0.56302375 0.24915732 0.022506097 0.6110648 -0.28493336 -0.08208455
37 0.83107954 0.507265 1.0539323 0.8110644 1.0442075 1.1161863 1.0196778 0.65888864
48 0.808246 1.5882235 -0.9367963 1.3152452 0.4273656 0.08683278 -0.07480517 -0.44748533
