50 8
43 -0.19808006 0.01626818 0.78131616 -0.1954022 0.5990909 0.591433 0.7911169 0.0033959285
25 0.66614336 -0.29824948 0.2233319 0.14058658 0.54108685 -0.15249038 -0.8349052 0.38257632
1 0.056282297 0.017725362 0.8998964 -0.33919746 0.46336076 0.76143914 0.87541693 -0.29186696
34 0.8384108 -0.08359419 0.48696706 0.18602139 0.37977165 0.7195406 -0.035942 -0.48348966
19 -0.025027277 0.13291445 1.0598989 -1.2714173 0.3222386 -0.25338352 -0.38003945 0.22411269
16 0.32954702 0.032110043 0.92332983 -0.82790005 0.31879094 0.30254102 -0.098743714 -0.25567722
24 0.08755443 0.13047193 0.9896861 -0.913863 0.27536473 -0.23692656 -0.7251669 0.05820787
4 0.3192651 0.25954458 1.0543698 -0.68533134 0.20634888 0.76448834 0.5934287 -0.24616785
29 0.57364166 -0.58518326 0.0143296635 1.2736458 0.7060414 -0.18681446 -0.3963624 0.18592724
17 -0.32070038 0.13960646 1.0717548 -1.1505587 0.48610535 0.10107491 0.40480557 0.2386481
20 0.06100842 0.22056417 0.8987546 0.042064752 0.25931767 0.95561504 1.1421468 0.086074
36 0.5140037 0.20077157 0.96019816 -0.91785294 0.35117766 0.68489397 0.29903013 -0.4515542
27 0.03413869 0.30506814 0.9559631 -0.30568054 0.35592252 0.7846036 0.9201609 -0.021910159
26 -0.75538695 -0.5416267 0.4620997 0.49341765 0.8646629 -0.5190225 0.44541124 0.92562187
28 0.12524514 0.4302812 1.0659924 -0.72394633 0.27410272 0.99023044 0.7192984 -0.1936358
39 -0.19837916 0.22180076 0.6532441 0.62857985 0.5910576 0.66536874 0.7184732 -0.052506708
38 0.75756335 0.36938986 0.77611417 0.6115245 0.11153375 1.2615012 0.6799029 -0.5998294
31 -0.45135325 -0.15805627 0.44881886 0.59356815 0.80047226 0.43160313 0.62500113 0.34990594
23 0.06935333 -0.1728602 0.77219 -0.68258953 0.57983285 -0.036350694 -0.19608855 -0.14368103
6 -0.5401718 0.021500722 0.7961757 0.44343835 0.5046245 0.5969432 1.202558 0.35545558
40 0.2750724 -0.50454175 0.07728307 1.4615625 0.5616127 0.040667273 0.24806741 0.76021767
2 -0.19560468 -0.76377225 0.43729183 0.37783906 0.7205352 -0.9322609 -0.71046597 0.40685603
12 0.27215534 -0.45961502 0.1309249 0.88040024 0.7187324 -0.9903916 -1.1879162 0.7035204
9 0.7318854 0.3651916 1.0015596 -0.34179047 0.10228755 0.88721156 0.48734522 -0.58105665
48 0.14432417 0.09020596 0.8821584 -0.28501126 0.40924007 0.6499999 0.26766998 -0.5240067
49 0.4010746 0.26160538 1.0036076 -1.4064807 0.4412008 0.666895 -0.04167357 -0.53458405
13 0.35746917 -0.17387918 0.025671262 1.6007092 0.46576616 0.10880902 0.061785255 1.0048362
45 -0.59720135 0.34882197 1.3142751 -1.0784779 0.3686196 0.22736722 0.56055176 0.12406632
41 0.58031934 0.262054 0.84290576 0.18834265 0.2665966 1.0595127 0.88500637 -0.6249676
0 -0.021629063 -0.6019601 0.23921363 0.56836736 0.70138776 -1.2202497 -1.5628551 0.85181105
46 -0.18555646 0.12190134 0.4657167 0.42265034 0.80771124 0.12893753 -0.2606602 -0.06915461
42 -0.29099315 -0.70095754 0.548342 -0.8247949 0.8242843 -0.75051904 -0.7495396 0.5964254
5 0.3963223 0.524381 1.1151539 -1.1914108 0.15336187 0.59779483 0.32767898 -0.040611617
11 0.703759 0.4228988 1.0896227 -1.2388365 0.0989863 0.799766 -0.21255888 -0.5818816
18 0.3085071 -0.7834833 -0.13079162 1.6860398 0.6949811 -0.94870836 -1.0349705 1.1556739
7 0.42838883 -0.43973216 0.07482471 1.5405045 0.45359325 -0.88086724 -0.69203347 1.2222711
3 0.6563651 -0.6206412 0.06992909 0.7983197 0.6058776 -0.9497658 -1.5267006 0.6318613
21 1.1021582 -0.6419185 0.09472747 0.8872764 0.28341246 -0.7106111 -1.6185256 0.5401174
47 0.50741845 0.23692502 1.025097 -0.21118717 0.19244891 1.1196946 0.5350269 -0.93364495
33 0.875895 -0.6850347 0.17230043 0.63517106 0.47969618 -1.1242788 -1.757232 0.49347824
14 1.5125173 0.55417293 0.5390527 0.24338113 -0.11150764 0.5257841 -1.3088903 -0.34536326
30 0.2647844 -0.65017223 0.05691981 1.1583875 0.66894704 -1.2316073 -1.5009115 0.92786443
44 -0.5070687 -0.04811318 0.5607643 0.967005 0.6756789 0.5200679 1.0046322 0.28254426
15 -0.30722415 -0.12803455 1.0785451 -1.2729206 0.31398928 -0.727206 -0.9225607 0.46687007
10 -0.4297114 0.55017185 0.780786 0.24935593 0.39433256 0.5384392 0.9993546 0.8991241
8 -0.25053102 -0.5280167 0.10603505 1.8003372 0.7143641 0.024285693 0.68161213 1.052847
35 0.84740406 -0.6992386 0.20203584 0.4205521 0.4259277 -1.1843244 -1.8388397 0.60865366
22 1.0363603 -0.5505755 0.07785518 1.4149606 0.21592978 -0.9091962 -1.6323733 0.729824
32 0.9794849 -0.6343763 -0.1798684 1.8126504 0.51986414 -1.0221697 -1.5056146 0.9672781
37 0.9896427 -0.5710435 0.005243127 1.5668458 0.2717772 -0.9415644 -1.2411895 1.0098506
