50 8
1 -0.700534 0.55549043 0.23425402 -0.30905727 0.2629612 0.92221034 0.6314615 -0.17295982
28 -0.9231149 0.6442892 0.07073116 -0.1867213 0.04031993 0.8931506 0.12373318 0.1914997
49 -0.6526613 -0.069158025 0.9370182 -0.6395285 -0.44366005 0.5611436 0.2921769 -0.08247395
4 -0.70887524 0.7745862 0.6165393 -0.59091365 -0.16602665 0.54410946 0.3531575 -0.12636133
14 0.26513305 1.0964633 0.4121196 0.41849434 -0.2957775 0.56846195 0.85020655 0.19350542
19 -0.239372 -0.12110406 1.2526067 -0.0283873 0.30635428 -0.60057443 -0.9664499 0.56137866
23 -0.7849601 -0.3408915 0.9050791 -0.2353633 0.39183757 -0.26884025 -0.6752257 0.53019696
46 -0.8798459 0.25084645 0.90373456 -0.60670924 -0.066072576 -0.11636692 -0.15847589 0.30680755
42 -1.2234246 -0.36782473 0.3177463 -0.6554923 0.43125936 0.69579047 0.2140228 0.33737323
8 -0.961732 -0.7140679 0.174681 0.110086165 0.79617167 0.8384764 0.044778727 0.03785582
17 -0.9399185 -0.10983849 0.60262835 -0.56200624 -0.13108349 0.218445 0.18114275 0.6815925
27 -0.26753852 0.77263695 0.25946885 -0.04189525 -0.44826007 1.1191124 1.0599186 -0.017677704
15 -0.52277136 -0.5495403 1.2853376 -0.20172887 0.48841316 -0.6921455 -0.946043 0.5933063
9 0.8729298 0.7057943 1.0918149 0.43964797 -0.46259823 -0.025495082 0.5973094 0.35373977
38 -0.002456008 0.80129683 0.16010201 0.18944862 0.07310073 1.5182148 1.1017878 -0.65418804
12 0.2533785 1.222585 0.20916873 1.0965676 0.08885499 0.23420994 0.35865566 0.32891047
13 1.0779654 0.7960127 0.2933532 1.5901337 0.6901041 0.42871505 0.5573609 0.024889348
34 0.28784108 0.89189583 0.054900087 0.46422395 -0.16959447 1.4212167 1.0901479 -0.17054042
6 -0.5117427 0.6395547 0.53355545 -0.25248685 0.11412397 0.91505057 0.65010905 -0.6851652
43 -0.9644421 0.66089535 0.21311422 -0.52428436 0.4812203 1.03293 0.60203624 -0.53447074
5 -0.8243947 0.23994555 1.1577562 -0.68446064 -0.46293852 -0.5168487 -0.22224574 0.76229316
3 -0.010820171 -0.36902693 0.8668722 0.64132357 0.5748578 -0.6862284 -0.81510645 1.2313007
0 0.010522727 -0.36216506 0.71990246 0.87465227 0.51197207 -0.44212216 -0.93845 1.1900073
36 -0.28717503 0.9382487 0.26423106 -0.11239641 -0.121897586 1.2557316 0.89367276 -0.45654747
45 -0.8697328 -0.28782117 0.68390495 -0.49086446 0.87123966 0.6145653 -0.08307242 -0.6132647
26 -1.1343501 -0.52548534 0.1715556 0.105387226 0.59905946 0.23278241 -0.2187082 0.8877988
20 -0.95553786 -0.4698016 1.0880296 -0.8715489 -0.21442243 0.1756891 0.3373286 0.09946457
21 0.5112082 -0.036905564 0.73706454 1.1085612 -0.3582594 -0.08491266 -0.42645583 1.2342445
24 -0.33344755 0.18332599 1.0144675 0.033626918 -0.7483002 -0.3008212 -0.667183 1.0404184
30 0.16485053 -0.47901714 0.7917436 1.2011234 0.9429322 -0.5727414 -0.99060774 0.84497565
11 -0.31915045 -0.6759559 1.360535 -0.46402884 -0.57583344 0.21898675 -0.678894 0.31158084
31 -0.660909 0.62377006 -0.11993982 0.0028429579 0.61475873 1.3820628 0.85317373 -0.5010292
16 -0.5175111 -1.1595995 1.1644342 -0.32633257 0.50604576 0.10016166 -0.5723921 0.12803271
41 -0.37032515 1.121303 -0.17514639 0.35078263 0.40254655 1.4118029 0.9720602 -0.55175227
10 -0.54266715 0.2827106 0.67128193 0.26918054 -0.34814817 -0.5125127 -0.27190912 1.3205446
39 -0.8039777 1.0597534 -0.26375183 -0.0805078 0.48685968 1.4561845 1.0761298 -0.5363218
2 0.020125706 0.21382654 0.34889337 0.9365198 -0.2468609 -0.08047027 -0.44181216 1.5518256
25 0.31303307 -1.2229164 1.1222785 0.44479257 1.1164391 -0.0875884 -0.73730844 0.30564478
18 0.101674184 -1.0719322 0.5409331 1.2086508 1.1903151 0.01055387 -1.13732 0.7739789
48 0.22774385 1.4161142 -0.18898755 0.70462555 0.13988574 1.644446 1.2975762 -0.6290271
7 0.29992652 -0.20883389 0.48062864 1.2805995 0.95326954 -0.5870365 -0.5616189 1.3900928
29 1.0333285 0.39701328 1.2457153 0.47267935 0.037561744 0.09662385 0.47143826 -0.29723623
37 0.92604274 -0.7526093 1.3617997 1.2562242 0.4739728 -0.6870196 -0.5826344 0.7341848
44 -0.28330567 0.05215895 0.12767914 0.28667554 1.2588755 1.1890417 0.5007866 -0.85359377
32 1.2070425 0.29577368 0.6890516 1.8106025 0.2705995 -0.16840652 -0.4736542 0.90822583
33 1.4731302 0.07437185 0.8987626 1.753559 0.2578273 0.04358008 -0.40835753 0.36038184
47 -0.7579094 1.1217283 -0.06433498 -0.16786848 -0.16909437 1.5096861 0.8961885 -0.48408705
22 1.0749137 -0.81633234 1.2559242 1.1512173 0.50521344 -0.32957336 -0.6025171 0.7380385
40 -0.17982817 1.5422766 -0.37307283 0.50677836 0.1677559 1.7854127 1.2705414 -0.61835676
35 1.017466 -0.11162906 0.8238615 1.7698264 0.38653398 -0.40101174 -0.68343073 1.1076459
