50 8
25 0.28947034 0.9028845 0.39776307 0.2315574 -0.3068887 -0.038021725 0.1887595 0.8603161
24 -0.48732364 0.8409217 0.5376405 0.04472646 -0.17826688 0.19182263 0.0050729234 0.43097308
19 0.31155583 0.3014912 0.844195 -0.2608172 -0.53133124 -1.323041 -0.3235477 0.84210086
28 -0.8914724 0.105258584 -0.04434647 1.3092518 0.03799488 0.052567687 -0.39665815 -0.6493082
43 -1.1985878 0.103405304 -0.23319863 1.3484917 -0.37481093 0.074384905 -0.14941163 -0.8572457
6 -0.56633335 0.012362569 -0.26080468 0.963043 -0.027763246 -0.98751974 -0.5960605 -0.3186901
26 -0.62188 -0.047743943 -0.061268844 0.8320874 -0.17223085 -1.0624548 -0.79305685 -0.472411
1 -0.5347114 0.7525193 0.23064165 0.94548017 -0.14325276 0.88624585 0.40460536 0.0212183
13 0.07790045 -0.078525335 -0.219446 1.1834016 0.262458 -1.2357059 -0.36057362 0.12510101
20 -0.43382084 0.30029845 0.17441252 0.8306289 -0.93324226 -0.9006586 0.008149427 -0.9681402
4 -0.4897709 0.7284316 0.24435683 0.6328767 -1.1100105 0.068160184 0.67721486 -0.38354713
8 0.23031531 0.3232772 -0.06799217 0.66416556 -0.42653903 -1.4218307 -0.4348852 -0.032568183
42 -0.18970579 0.66306907 0.2999248 0.31419602 -1.105916 -0.8259191 0.12675476 -0.3872513
23 0.1989637 0.69346523 0.75427777 0.014389363 0.36799678 -0.16215712 -0.004842779 1.1596296
34 -0.46072587 0.5177349 0.3466922 0.8839834 0.4814676 0.86125296 0.15111303 0.56588894
41 -0.7348156 0.5926037 -0.005795102 1.0493596 0.5368923 0.36177206 0.03151753 -0.22014242
29 -0.25298882 0.4359426 -0.0110947415 0.63556737 -0.25711545 -0.34954196 0.10206841 0.43698493
48 -0.090440996 0.6110884 -0.17929238 1.1016718 0.8748526 -0.12088412 -0.30433437 0.17014734
36 -0.9285148 0.78683656 0.2247484 0.8017332 -0.5109028 0.6437279 0.4355531 -0.49950787
12 0.33242312 0.18173194 0.3290118 0.44280174 0.7076213 -1.0556473 -0.3263442 1.0679501
16 -0.08434944 0.95492995 0.77559775 0.22665834 -0.9329009 0.13839592 0.6076092 -0.13499938
18 0.28566465 0.47360346 0.7782248 -0.046219192 0.110238686 -1.096922 -0.27313828 0.67787415
40 -0.5739619 0.21044546 0.09495219 0.87811625 1.2849578 -0.43229783 -0.6032466 0.15274318
39 -0.52689403 0.03424768 -0.2482279 1.4356538 0.37953708 -0.34258932 -0.5791956 -0.41469687
31 -0.36455467 0.20571004 0.10663583 0.9800307 0.39259106 -0.33502072 -0.4935949 -0.05737688
27 -1.0905228 -0.0049156393 0.12652265 1.3333529 0.16789144 0.39392516 -0.25777465 -0.5799241
46 -0.5744608 0.547125 0.83769804 0.10018798 -1.4652128 0.0920757 0.3227856 -0.18926586
37 0.74780816 0.2518482 0.9609173 -0.0006673003 0.05309535 -1.2671908 -0.00029362633 1.1760961
15 0.018978715 0.38008276 0.61942756 0.03131752 -0.28944373 -0.7990159 -0.24229938 0.65793496
7 -0.54836047 -0.12003054 -0.11935596 0.65250576 0.25581506 -1.3575865 -0.84860206 0.059439745
44 0.11538368 0.76337117 0.4051358 0.21038036 -0.83608 -1.0087415 -0.07758679 -0.31547448
30 0.3775172 0.15462966 0.7278482 0.023206439 -0.21116273 -1.3785433 -0.44332227 0.76633114
21 -0.2620929 0.7412376 1.222797 -0.33980474 0.8151627 0.66422546 -0.16497071 1.5934876
2 0.53330374 0.16744913 0.59434515 0.13251951 0.84909415 -0.9662103 -0.6241906 1.7419918
0 0.39193857 0.22573572 0.5665351 0.022416215 0.37066197 -0.6243011 -0.25754684 1.9463509
38 -0.84069973 0.4236059 -0.37281516 1.2457988 0.18339105 0.13334034 -0.3219931 -0.4518783
3 0.27942213 0.79238164 0.7044813 -0.04566182 0.532535 0.16328676 -0.23280084 1.5911548
14 -0.46156114 0.95315915 0.9862386 0.20487608 0.14234751 1.3729621 0.4620796 0.878925
35 0.6293186 0.6137503 0.67282563 -0.2139611 0.52495146 -1.1546621 -0.4395849 1.4041501
33 0.54441696 0.65883213 0.65401244 -0.14094467 0.7713582 -0.497901 -0.19433458 1.9373437
11 -0.8098023 0.91071725 1.0639282 0.0060976306 -0.4200814 1.5024645 0.44800478 0.70152956
49 -0.9962523 0.32346526 0.14880514 1.2695013 0.32918775 1.4545784 -0.041034803 0.25077358
10 -0.502233 0.16451184 -0.119832374 1.0241921 -0.66748565 -0.8669976 -0.031563453 -0.6793303
5 -1.0835811 0.21731079 0.3743596 0.7032558 -0.80073845 0.8412135 0.086149 0.10209982
45 -0.42665872 0.9265528 0.5510278 0.3202072 -0.74382895 0.22783355 0.6131392 -0.12304764
47 -0.8982515 0.30410796 -0.16181535 1.348203 0.09147901 0.7762584 -0.061752304 -0.11685073
32 0.5284497 0.49306414 0.7622612 -0.12103557 0.93254656 -0.59797466 -0.4681979 1.872316
17 -1.0695293 -0.18754573 0.56434315 0.51107013 -0.72828704 -0.7876063 -0.29576543 -0.6741132
9 -1.2213848 0.88771266 0.37454498 0.19373792 -0.82918864 0.968688 0.6701191 0.1798483
22 0.7525046 0.21464363 0.9642572 -0.1805533 0.039426204 -1.4952496 -0.5739451 1.1449121
