50 8
23 0.017583527 0.17957929 0.32463685 0.42175522 -0.06476326 -0.44663185 0.05954054 -0.2675291
1 -0.29764992 0.70177335 0.22421004 0.19957781 -0.363241 0.06828169 0.48272884 -0.60284364
4 -0.5155919 0.5512101 0.24344751 0.3341286 -0.6755325 -0.022272984 0.59115005 -0.65765345
16 -0.101995684 0.3929968 0.13706616 0.016482914 -0.4408866 -0.2949897 0.38679576 -0.8891837
26 0.37737247 -0.35516497 0.5484706 0.12548515 0.35221076 -0.9467298 -1.0846828 -0.13465007
36 -0.5320161 0.18673036 -0.2432046 0.32289064 -0.8059572 -0.49974513 0.5599446 -1.2325332
17 -0.033098858 0.29284003 0.4902297 0.16684861 -0.019670637 -0.10675135 -0.17986259 -0.5388856
43 -0.28258288 -0.22056206 -0.27190408 0.13137595 -0.40430635 -1.1396031 0.22832848 -1.1821105
15 0.59453106 0.3982164 0.8208106 0.35707512 0.760891 -0.2222634 -1.2110314 0.725514
19 0.73219305 0.5742752 0.789663 0.47624558 0.6416363 -0.0014045316 -1.1315207 0.8563127
45 -0.17399062 0.12627152 -0.21318266 0.274249 -0.4577971 -0.54940706 0.27595782 -1.084437
49 -0.7038828 0.68656594 0.08708728 0.14651747 -0.6523996 0.062771186 0.759323 -1.1342614
20 -0.5943192 0.3133667 -0.54366416 0.25639892 -0.7512616 -0.56993383 0.5253697 -1.2485373
38 -0.6240307 0.24459359 -0.43302497 0.1474159 -0.7913156 -0.6808978 0.4742105 -1.3749326
34 -0.6611965 0.511629 -0.16560046 0.32815492 -0.68543315 -0.18644616 0.72064966 -1.0736818
31 -0.46208102 0.011995172 -0.47121996 0.2020948 -0.68470496 -0.85768 0.31334075 -1.3809118
28 -0.5646473 0.25016132 -0.13463376 0.14870363 -0.8639308 -0.49862835 0.6927844 -1.3537207
42 -0.24107102 0.13677637 -0.4983001 0.20650123 -0.6221755 -0.7219909 0.21892743 -1.1734153
21 0.33744782 0.6802358 0.928423 0.47238407 0.6332964 0.027235223 -0.9223528 0.98945606
44 -0.7375709 0.28025 -0.22962621 0.2561046 -0.82577664 -0.45340076 0.68154675 -1.3425244
6 -0.6629269 0.22989267 -0.34368798 0.23183057 -0.8709817 -0.5283987 0.6493826 -1.3527026
10 0.8173508 0.49937642 0.111265235 0.28565514 0.7354082 -0.46794617 -1.1453189 0.45185828
39 -0.57721996 0.31719524 -0.45656827 0.19025554 -0.7495292 -0.59665954 0.56827956 -1.3439376
24 0.86248076 0.5101411 0.5710532 0.546806 0.9643672 -0.36446482 -1.159308 0.86942315
46 0.5327844 0.14779381 0.9063146 0.35161942 0.5000756 -0.26597738 -1.0296409 0.46697134
27 -0.7712821 0.13046871 -0.3031845 0.1929438 -1.0203227 -0.549206 0.71680915 -1.5869675
41 -0.83811057 0.5602465 -0.2362469 0.12307541 -0.8864793 -0.20434323 0.9157154 -1.5103348
7 0.9785842 0.35211378 0.36452815 0.46691504 0.7852798 -0.540261 -1.4738346 0.8913224
40 -0.69203794 0.123827405 -0.3638348 -0.057575587 -0.6957164 -0.8907158 0.6820269 -1.7244953
48 -0.63276505 0.28290722 -0.6481363 0.14086406 -0.86837715 -0.6447693 0.6065751 -1.4924138
2 0.72489965 0.21249735 0.66056216 0.5638688 0.6306176 -0.52597064 -1.1237793 0.84011596
29 -0.6273017 1.011263 -0.12765402 0.2545541 -0.8266296 0.14793031 0.9072951 -0.7521107
32 0.80095136 0.64717656 0.98005813 0.5437569 0.91750926 -0.11804246 -1.1743319 1.1588491
0 0.980326 0.39714056 0.6826562 0.42466557 0.92226326 -0.37723753 -1.5054493 0.9182332
3 0.82322145 0.7199858 0.72121555 0.34679434 0.9430048 -0.13203736 -1.180092 0.9515444
33 0.79297626 0.68169296 1.192778 0.35851297 0.90269876 -0.07006271 -1.199163 1.1359651
9 -0.6247513 1.3297534 0.04171834 0.029487345 -0.35557884 0.30348134 1.1318841 -0.8090632
13 0.70943487 -0.12298313 0.28010154 0.5519157 0.59268063 -1.004367 -1.0934825 0.5641443
11 -0.041727357 1.1555699 0.5614705 0.31256825 0.025410676 0.63072896 -0.20572828 0.3501767
5 0.55534786 0.8184836 0.9311179 0.7156084 0.488059 0.16876295 -0.6123868 1.1696664
35 0.9261977 0.58575076 0.92543733 0.5205283 0.99000275 -0.11933836 -1.3065974 1.0950075
8 -0.00788071 -0.47903866 -0.24048959 0.09824753 -0.30023617 -1.419795 -0.1718785 -1.0118573
37 0.5760089 0.79738593 1.2642407 0.5508543 0.73407465 0.25905165 -1.0952675 1.29997
14 0.03242074 1.2976605 0.44381174 0.38695422 0.3121594 0.6454908 -0.20142311 0.48685998
22 0.7725155 0.63946676 0.9840046 0.66823715 0.83164454 0.10015802 -1.2804533 1.1582484
25 0.46687558 1.1407641 1.0019133 0.23292619 0.43258098 0.3931634 -0.92648774 1.0660506
12 0.68483543 -0.0933097 0.4888269 0.66147906 0.5771471 -0.90346086 -1.3697579 0.9272615
47 -0.88675034 0.4699521 -0.42398736 0.36635488 -1.0596701 -0.35318702 1.0465956 -1.4599984
30 1.0742618 0.45013607 0.9163544 0.49106786 0.99561554 -0.26330635 -1.4903071 1.1290592
18 0.68532085 0.2079753 0.89568543 0.53891295 0.538434 -0.43772048 -1.4798114 1.1319733
