50 8
43 -0.29813012 0.15478596 0.52626044 -0.55910605 0.96673375 0.48137254 -0.20149577 -0.25946465
23 0.359181 -0.21773894 0.5847244 0.027665699 0.71776146 -0.066750646 -0.7539585 0.13334914
1 -0.5487844 -0.20431817 0.7537293 -0.8636662 0.1267689 0.8489016 0.26137435 0.050908983
42 -0.54905665 0.07795675 0.626813 -0.57470804 0.79322565 0.5095096 -0.12093781 -0.37538552
24 0.4193845 0.06880061 0.63082176 0.54980826 0.44095576 -0.16635025 -0.6616153 0.21023928
28 -0.6572198 0.52589124 0.4883985 -0.9546191 0.43111095 0.26789287 -0.051706705 0.69692475
39 -0.009675547 -0.30534682 0.72521555 0.25693592 0.73802394 0.45529875 0.03048164 -0.5642204
26 -0.72844934 0.4150485 0.51116407 -0.3937365 1.1163535 0.4370442 -0.19380516 -0.5542903
31 -0.041846942 0.08404322 0.521639 0.2535351 1.0869794 0.63612247 -0.53372973 -0.85013056
36 -0.54119515 -0.17679602 0.7996805 -1.0889637 0.13929462 0.9420697 0.56827235 0.03933121
17 -0.7039442 -0.31906065 0.65900934 -1.0195222 0.6083159 0.6609616 0.24495025 0.08087822
20 -0.705317 0.005161783 0.6033635 -0.97797143 0.12498123 0.3444787 0.22243871 0.8166254
40 0.3539563 0.40633324 0.49384233 1.8941109 0.48674822 0.2382223 -0.33648074 -0.20998703
6 -0.4339957 0.06963954 0.6408887 -0.5166555 0.8092941 0.60582966 -0.27423948 -0.53808427
15 -0.3395791 0.7108125 0.4963023 0.64498824 0.8279131 -0.14714015 -0.52923745 -0.18327583
41 -0.40950623 -0.270275 0.78609025 -0.9195114 0.14573576 0.95699114 0.19851498 -0.12429093
18 0.26303256 0.18545614 0.5908916 1.3652393 0.6461513 -0.1729255 -0.7735906 -0.27991706
27 -0.32392272 0.0578451 0.8112892 -1.158696 -0.056747258 0.35808888 0.5989857 0.78720826
25 -0.33041394 0.27363548 0.6824255 0.0053618234 0.608701 0.6496731 -0.19175634 -0.68525285
19 0.4514349 0.525648 0.5979174 0.8745108 0.9059322 -0.44231212 -0.70243835 -0.1387752
8 -0.13467883 0.50767833 0.49255264 0.7098928 1.1138743 0.3280252 -0.38404903 -0.77246565
16 -0.76486427 -0.16159333 0.62754136 -1.4863307 0.4129128 0.50357115 0.1943553 0.5829755
10 0.24655163 0.29139283 0.3182538 1.1264222 0.19112317 -0.5292846 -0.68578506 1.3098632
46 -0.5600157 0.17781237 0.8541312 -1.0321642 0.2436173 0.91447496 0.063138984 -0.46754447
4 -0.6182954 -0.0038183823 0.7813711 -1.4998901 -0.05168296 0.6999699 0.3818821 0.60603654
0 0.3922365 0.29775155 0.5092077 2.1513965 0.7354183 -0.5239768 -0.76952904 0.03144571
35 0.4930353 0.073860325 0.5162113 1.5903668 -0.18659839 -0.28062224 -0.22930409 1.1414521
38 -0.31469205 -0.11788112 0.8464896 -1.0228951 -0.44733715 0.95328367 0.6404222 0.5266056
21 0.28511798 0.30958766 0.5014007 1.5793138 -0.5315218 -0.27209908 -0.42260963 1.3107642
29 0.09876736 -0.1957945 0.73510885 0.1952759 -0.60176635 -0.35122743 0.31782833 1.6309985
14 0.26715446 -0.3240933 0.9331838 -0.66500866 -1.2141706 0.25340018 0.6325407 1.716294
49 -0.38592204 -0.4247885 0.78730536 -1.2197589 -0.50089425 0.80850786 0.46352574 0.97669214
13 0.62237924 0.02795441 0.63505185 1.5995332 0.4414927 -0.3128332 -0.45871356 0.21604404
7 0.38563687 0.52833766 0.44820413 1.2475721 0.8022547 -0.4840787 -0.4013388 0.38889822
11 -0.18854137 -0.044555955 0.81852525 -0.95889723 -0.8069569 0.33065513 0.45586163 1.4816842
9 0.45370275 -0.7562779 0.92051935 -0.6997145 -0.7018385 -0.21383046 0.5412004 1.7326391
30 0.20945293 0.3738111 0.8811254 1.4723257 0.20701994 0.24468811 -0.2559429 -0.8078694
32 0.45064655 0.24041174 0.62202245 1.9449198 -0.12301075 -0.2953299 -0.48658758 0.58019847
5 -0.859964 0.63883734 0.5137019 -1.0722576 -0.051417433 0.19983464 0.110426225 1.1848611
45 -0.6573007 0.22826454 0.84210455 -0.7173324 0.47116214 0.47532904 0.14125106 -0.4574966
34 -0.022049591 -0.47369364 0.87052584 -1.2001177 -0.59868795 0.4625603 0.6935908 1.2896622
22 0.54249376 -0.47252196 0.83125776 1.5602763 -0.74241114 -0.31435424 -0.1667783 1.0700387
48 -0.15040879 -0.5201634 0.8592954 -0.5145724 -0.7967886 0.89392835 0.49218157 0.68821514
2 0.7445111 0.59679097 0.6190798 2.0584357 0.18195875 -0.621023 -0.52725863 0.63680845
44 -0.26408777 -0.16391532 0.6798581 -0.23830368 1.2806122 0.73255706 -0.43541577 -1.2631483
12 0.7136961 0.5491565 0.55557585 1.8616933 0.8268339 -0.8337407 -0.7453429 0.2231151
3 0.8665571 0.299239 0.6219331 1.9108793 0.0830666 -0.821016 -0.56565833 1.0581256
33 0.66849184 -0.2189804 0.66047615 1.8740174 -0.41387865 -0.571469 -0.39951044 1.3995519
37 0.73242223 -0.39503983 0.7780922 1.543626 -0.33451492 -0.72904575 -0.25934327 1.1734575
47 -0.16887745 -0.2698272 1.000075 -0.8360861 0.33316588 1.5234381 0.47445074 -1.2446152
