50 8
24 -0.8747636 0.26590577 0.04669473 0.6423692 0.8409743 0.22318153 -0.39702055 0.34159404
49 -0.43240607 0.06814087 0.42319715 0.51155365 -0.9523745 0.020689646 0.34655786 -0.64583296
23 -0.32280988 0.9669491 0.22016774 0.2462946 0.18767771 0.038624756 0.00483791 0.9145259
44 -0.46376172 -0.015405865 0.24470958 0.85040516 -0.15733558 -0.5973153 -0.4179997 -0.45876142
39 -0.7748132 -0.028648047 -0.037145875 0.8133213 0.26180595 -0.47437364 -0.39089924 -0.5985375
29 -0.60345286 0.47985023 -0.16141444 0.627372 0.3488744 -0.6451471 -0.49270222 0.19250742
19 -0.70380217 0.14891522 0.043253116 0.87843955 0.8031602 0.03855208 -0.22223286 0.56945306
45 -0.32849082 0.1722965 0.07311398 0.7174121 -0.7320467 -0.21869574 0.21933743 -1.0048547
36 -0.10156975 0.7423522 0.36831507 0.16740948 -1.3501191 0.32036898 0.47829136 -0.904785
43 -0.38591522 0.3012439 0.19774236 0.43182927 -1.108817 -0.39284828 0.285095 -1.1023368
6 -0.7861879 -0.14004418 -0.1735795 0.904368 -0.1299828 -0.81253326 -0.23098333 -0.57132167
42 -0.6752095 0.034732834 0.06237651 0.5769632 -0.80417466 -0.2656644 0.26006165 -0.6283617
17 -0.768641 -0.28437105 0.42167032 0.5891095 -0.7162052 -0.3069794 0.13146111 -0.9479609
16 0.0956446 0.671283 0.73729175 0.22119692 -1.0186203 0.06760832 0.4708203 -0.7375776
28 -0.35402986 -0.13467838 0.3689226 0.7705594 -1.1427802 -0.36508307 0.20076622 -1.2833375
31 -0.69392675 -0.28400788 -0.09644004 1.0892011 0.009458489 -0.9115665 -0.20254952 -0.4597859
46 -0.65052885 0.015155329 0.20947212 0.46491256 -1.1388823 -0.15717478 0.48736414 -0.15723048
34 0.01962115 1.0904263 0.6345104 0.020065667 -0.47622347 0.6543123 0.082634464 -0.17291152
20 -0.37809902 -0.0025546567 0.10350401 0.80035764 -0.90290654 -0.7407634 -0.11169541 -1.0854899
1 -0.21098246 0.45032287 0.06591743 0.5943526 -0.567355 0.038235474 0.20107225 -1.0067179
4 0.06435814 0.94086516 0.591686 0.04982946 -1.2972578 0.6204791 0.7082291 -0.14930375
27 -0.52467537 0.009671226 0.21958822 0.52458 -1.2985091 -0.14796889 0.11857941 -1.1190671
18 -0.8874742 0.23116195 -0.10881825 0.8096458 1.1211183 -0.07038226 -0.33497182 0.78343135
15 -0.7805646 -0.5793906 0.15514867 1.0608228 -0.2863186 -0.8566321 0.24806006 -0.8958392
0 -0.8107803 0.10172474 0.08187608 0.9691748 1.5489837 0.17169474 -0.3497111 0.79857975
26 -0.675367 -0.25067532 0.04171439 0.8362376 -0.69935936 -0.4638577 -0.04150445 -1.5511653
7 -0.91517687 -0.228419 -0.28427824 1.1304199 0.714384 -0.9774021 -0.47468564 -0.038693003
48 -0.1555298 0.39416718 -0.09551365 0.8643097 -0.28591293 -0.67388743 -0.40404555 -0.85679454
8 -0.8461074 -0.31019354 -0.20830178 1.129411 0.20177816 -1.188713 -0.49121812 -0.29767624
3 -0.34389824 1.2456816 0.30812466 0.1774204 0.9885445 0.24064283 -0.113874085 1.4510713
12 -0.36233938 0.68701386 0.047858167 0.74547076 1.1104401 -0.1620066 -0.1695178 0.9502949
40 -0.7212486 0.44247472 0.26108903 0.61642087 1.4493906 -0.12681489 -0.4741984 0.3389115
11 -0.0185152 1.2915766 0.9220941 -0.2246298 -0.5733455 1.3406538 0.4525244 0.6392195
38 -0.17152365 1.5628186 0.41992533 -0.06669282 0.5856334 0.7196225 -0.08167039 1.1439389
10 -0.39254943 -0.14492443 0.18757355 0.8976439 -0.66652995 -0.6924673 0.03509054 -1.3266784
2 -0.43445614 0.88401175 0.26087832 0.60829616 1.5081662 0.38807288 -0.23281725 1.402239
21 -0.14037415 1.250766 0.8108728 -0.022534393 0.269692 0.8166211 0.02276647 1.2308248
5 -0.04668872 0.2907465 0.51578945 0.4591872 -1.5780536 0.22138587 0.8756819 -0.88727397
41 0.1814487 1.0273788 0.43219355 0.12849674 -1.1853085 0.18975456 0.67875355 -0.41025725
35 -0.07669143 1.1092577 0.61514676 0.30248195 0.5446017 0.8180143 0.08510391 1.3443025
33 -0.32242137 1.3158749 0.5531028 0.14486028 0.99691796 0.8797205 0.07999105 1.9381944
22 -0.14096735 1.1301775 0.6816579 0.31445146 1.0443711 0.8485196 -0.017257584 1.5152205
14 0.047841385 1.5946515 0.6457361 -0.19617802 -0.15102147 1.2611493 0.23479639 0.6922565
25 0.19292521 1.7153983 0.66438866 -0.25649917 -0.15598188 0.7243944 -0.0775808 0.6151053
30 -0.69124997 0.39808995 -0.30486414 0.96003324 1.4763403 -0.68667305 -0.1282375 0.5885024
13 -1.0219036 -0.5115062 -0.32264945 1.144004 0.055729736 -0.97361404 -0.20071118 -0.36496615
32 -0.27637392 1.1880304 0.39309114 0.32992414 1.0354736 0.80143905 0.25872374 1.8447571
37 -0.5292426 0.812835 0.6000419 0.4278465 1.3448726 0.46727568 -0.21204117 1.6886898
9 -0.10687766 1.0355217 0.68692964 -0.20652048 -1.2219311 1.2725527 1.1613114 -0.009362329
47 -0.18738088 0.60522336 0.46883664 0.06713594 -1.796804 0.69649833 0.8170824 -1.202672
