50 8
43 -0.188411 0.41097617 0.30873168 0.62609565 -0.47663245 -0.21888088 0.3191995 -0.45421803
19 -0.5479771 -0.047308687 0.1776352 0.6953551 -0.76282966 -1.0067364 -0.21095343 -0.27741742
23 -0.46133485 1.0334545 -0.09771074 0.17572506 0.0028702859 -0.4132859 -0.05268633 0.087896354
1 -0.029073592 1.1553526 0.20149572 0.46617568 0.029073838 0.80398667 0.49216154 0.18905047
18 -0.7743873 -0.22556354 0.09749089 0.86181325 -0.28687823 -1.2485785 -0.41752788 0.23691271
46 -0.2757074 0.39967486 -0.051357325 0.5311613 -1.1374236 -0.5082981 0.08586489 -0.8214742
24 -0.5866397 0.15274718 0.17248619 0.6253528 -0.31002697 -0.91473943 -0.28210434 0.06912492
36 -0.07752951 0.77131695 0.20458144 0.4917857 -1.0212783 0.9022018 0.5627414 -0.32997394
48 -0.14513351 1.2770112 -0.8369284 0.7188892 0.3559299 0.22850008 0.1879508 -0.22581498
22 -0.6852464 0.09536254 1.228296 0.4863443 -0.1175838 0.4042052 -0.101957716 -0.20773432
6 -0.4504424 0.33737263 -0.4321558 0.73929846 -0.42904112 -1.101639 -0.1640719 -0.375804
17 -0.28900984 0.69972414 0.03189123 0.31391004 -0.9049319 -0.43946338 0.01659616 -0.8884031
4 -0.09174094 0.97567374 0.7663489 0.3492282 -0.42481935 1.3253428 0.502573 -0.0686952
39 -0.7229366 0.879421 -0.29186872 0.62633586 1.3230419 -0.462655 -0.17693302 0.38963577
40 -0.77499485 0.65944844 -0.31734297 0.593747 0.7588053 -0.60438985 -0.13887408 0.4484279
16 -0.021297663 1.1227994 -0.22280553 0.21724994 -0.87966335 -0.02762238 0.4463454 -0.7845227
26 -0.58733493 -0.12183092 -0.005626493 0.8265961 -0.71680653 -1.2312022 -0.5451879 -0.45431012
15 -0.48807505 -0.373726 0.28844243 0.90909857 -0.8203178 -1.0560547 -0.17714044 0.1219399
31 -0.4918076 0.4065622 -0.4016762 0.7793623 0.55941164 -1.58188 -0.18470241 0.16308025
10 -0.32588997 -0.25690395 0.67783105 0.6442908 -1.2747092 -1.0512375 -0.16999364 -0.2641238
12 -0.42756712 0.28835526 0.34149507 0.7057184 0.67833036 -1.0228944 0.012062265 0.87986964
25 -0.28303185 0.632116 0.40189144 0.18738565 -0.7027823 -0.48578158 0.052898042 0.061011717
45 -0.30095032 0.017060239 0.7664722 0.5453345 -1.4658281 -0.0020502405 -0.18483144 -0.3365891
28 -0.20084977 -0.080759846 0.36792532 0.74600834 -1.11527 -0.94250983 -0.103300795 -0.38903496
2 -0.39288568 0.5172219 -0.45052245 0.7062471 0.07596264 -1.2794704 -0.19724157 0.39616942
29 -0.6397656 0.8587688 -1.0854329 0.60441154 0.28220043 -0.9443804 0.07020461 0.12119385
41 -0.37103066 1.3924822 -0.17045516 0.42609763 0.9028077 0.60708714 0.32244176 0.327773
38 -0.44077846 1.4216189 -0.16593173 0.41105324 1.0726733 0.568707 0.33351055 0.087082244
49 -0.33420503 0.51700675 0.5568288 0.5636365 -0.7628233 1.0299013 0.3144522 -0.57685393
42 -0.41712606 0.12467417 0.75236046 0.27826157 -1.4577811 -0.53262675 -0.18008895 -0.35952407
44 -0.3717234 -0.0915595 1.0658013 0.33332813 -1.7205069 -0.48855075 -0.29646662 -0.42488822
13 -0.32926273 -0.32531446 0.5964922 1.1693305 0.14183386 -0.6264022 -0.106295384 0.45940202
0 -0.56197953 -0.37721872 0.0028280423 1.0310223 -0.33917344 -1.6850834 -0.3918325 0.42470163
20 -0.3245533 -0.10197589 0.8089375 0.52942544 -1.2577636 -0.5789873 -0.053997148 -0.15764794
27 -0.485437 1.1250929 -0.776541 0.86847275 1.0254418 0.32790685 0.2292428 -0.024928773
37 -0.43408152 -0.23319946 1.7938833 0.5178435 -0.5380597 0.1613323 -0.027327294 -0.040169593
21 -0.29338384 0.75232404 0.8964738 0.529207 0.9928463 0.5570761 0.5372863 0.9408174
11 -0.20899236 0.6816555 1.0097513 0.2504747 -1.1027155 1.365749 0.35064003 0.17316204
14 -0.2111372 1.2775946 0.64295465 0.17075633 0.062455926 1.229273 0.2610115 0.41096622
9 0.0069205537 1.6060314 0.14795394 0.22836633 -0.07211036 1.3563567 0.5361737 -0.15113433
35 -0.3202172 1.0442777 0.13915855 0.67674696 1.0672892 0.63774323 0.4523079 0.8135875
7 -0.621914 -0.19641915 0.19255261 0.9598725 -0.15652658 -1.1564914 -0.5810253 -0.18125522
33 -0.38102916 0.8477631 1.1534727 0.2574266 0.21963254 1.1858715 0.40346023 0.56026
34 -0.018720841 1.6566355 0.014650466 0.43000197 1.0519403 0.91082734 0.65167195 0.34852642
3 -0.90836453 -0.08510552 0.9863324 0.62493896 0.706488 -0.6438872 -0.28266504 0.29646653
32 -0.27535495 0.9296757 0.94321936 0.57416886 1.0727414 1.1935639 0.6040432 0.7114982
5 0.27289155 0.3037844 1.1183233 0.6255429 -1.3630202 0.92623657 0.66093624 -0.032972656
30 -0.073019266 0.97894704 -0.25401887 0.6911506 0.78350973 -0.58819175 0.2416388 0.33450848
8 -0.46842217 -0.20389654 0.25261888 0.833878 -0.5666468 -1.4295053 -0.25350633 -0.21396856
47 -0.082753435 1.5614613 -0.48533532 0.7948623 1.315492 0.8742377 0.60458195 0.015395048
