50 8
23 -0.095685475 0.5211255 0.6126218 0.48440573 0.36527365 -0.27269903 -0.36519268 0.70743877
43 -0.58370966 0.38107577 -0.12922154 -0.26946452 0.7556004 0.43154874 1.1285276 0.73468053
28 -0.43739745 0.25177708 0.085504785 -0.57686377 -0.1530715 1.1917763 0.52022684 0.41144308
15 -0.5355516 -0.23469941 0.39952266 -0.15319173 -0.248817 -0.1534637 -0.44486204 1.2409134
31 -0.22311382 0.65048176 0.0077707996 0.65669966 0.70583385 0.11630183 0.75591695 0.53905964
1 -0.7046871 0.08492902 -0.067011826 -0.5371813 -0.21674912 1.0934622 0.8567263 0.5115655
18 0.56403494 -0.02318487 0.5158822 0.5761006 0.7398785 -0.43390173 -0.6140998 1.1727943
19 0.30394223 0.2185146 0.7277398 0.5408153 0.43863535 -0.23885511 -0.54372 0.75585335
42 -0.46628505 -0.32244855 0.22408845 -0.41850343 0.68193436 -0.06324303 0.32289457 1.2253975
45 -0.746523 -0.4188426 0.29875097 -0.8277257 0.097040504 0.06928348 0.09117423 1.3035756
39 -0.007497579 0.91592234 0.17057095 0.9094186 0.28702104 0.34054455 1.1495174 0.0016399318
40 0.04706241 0.8859866 0.09005357 0.9153368 0.50354 0.091182336 0.93454564 0.2953663
8 -0.30796728 0.4182591 -0.11275202 0.20241062 1.0795068 0.035263907 0.60771775 0.9575779
26 -0.49411193 -0.27293083 0.14269769 -0.5205348 0.21574171 0.031360697 0.1894067 1.3108759
6 -0.8552491 0.080713354 0.1021666 -0.3566641 0.8347166 -0.05855283 0.62561023 1.0663795
29 -0.6873585 0.067820035 -0.117614515 -0.41265383 0.76288396 0.62060326 0.90090555 0.81168365
4 -0.7122883 -0.07050349 0.18558016 -0.92508125 -0.66429645 0.9853961 0.23596683 0.7509767
27 -0.25215062 0.5744495 -0.21677446 -0.8476111 -0.08963617 1.3314185 1.2657489 0.37037227
30 0.06741924 0.3294165 0.43533748 0.82260275 0.5060971 -0.34673372 -0.58102024 0.95396024
13 -0.12279693 0.5739988 -0.0049690106 0.79325336 0.92862785 -0.2715726 0.075288005 1.0008324
38 -0.08629317 0.7347647 0.11803956 -0.09886319 0.041140832 1.2464228 1.3278577 -0.16870086
2 0.8106481 0.27843997 1.0568411 1.1538986 0.37880138 -0.36852452 -0.6126505 0.41844323
14 0.6723079 0.45575884 0.95585597 0.48647964 -1.5311989 1.0016979 -0.23610693 -0.31227934
49 -0.48243716 0.051911503 0.32628867 -0.6237387 -0.7833044 1.2960256 1.0199099 0.093918785
22 0.34528205 -0.14407402 1.2372823 0.5132788 -1.0893426 0.042830013 -0.7486601 0.37716788
20 -1.0066682 -0.37970078 0.075465225 -1.1052523 -0.67201966 0.89094365 0.20025055 1.0511677
0 0.20864007 -0.2022359 0.85185516 0.6383823 0.1945586 -0.62181467 -0.96457 1.1212221
12 1.0069981 0.33653778 1.1179557 1.2825505 0.26019117 -0.1610832 -0.53013325 0.1536347
7 0.34066176 0.27420968 0.315478 0.8191036 0.8553573 -0.7802972 -0.42710683 1.3303785
41 0.20260704 0.6198967 0.31703934 0.14252645 -0.098149255 1.325108 1.2915299 -0.4270884
10 -1.2146082 0.1444399 -0.13240851 -0.27347964 -0.047612816 0.093073115 0.25493014 1.2801185
44 -0.13758491 -0.33934194 0.11842292 -0.06509268 0.91831976 0.18159603 0.6540697 0.9683316
9 0.36305314 0.17790078 0.89008 -0.49527073 -1.6577842 1.4064206 0.28708622 -0.28007033
17 -0.54508597 -0.52875406 0.415481 -1.2584119 -0.70097494 0.7539272 -0.12689789 1.0228164
25 -0.1614891 -0.2822496 0.3076722 -0.91693074 -0.49251813 0.8078668 -0.016573366 0.87861365
21 0.4343682 0.06848316 1.3649902 1.1252841 -0.6211873 -0.24141276 -1.1386033 0.3340037
3 0.7530615 0.2938476 1.0423597 1.3534167 0.612929 -0.7460182 -0.790965 0.6659112
32 0.81373066 0.21964332 1.3039948 1.1368121 -0.79711187 -0.19536981 -0.6637083 0.14239341
48 -0.032389272 0.7603979 -0.09195535 -0.2921957 0.36653396 0.94347924 1.3544428 0.21362196
24 0.89162695 0.36252317 1.0671632 1.5433577 0.6100603 -0.56742877 -0.56022847 0.4184747
11 0.1516807 -0.43990818 0.95176405 -0.5138904 -1.4346558 1.1144092 -0.654513 0.30158678
46 0.061476164 1.29843 0.46321818 0.438862 -0.3783134 0.62433225 0.69654393 -0.2716395
34 0.2581799 0.3609904 0.54927534 -0.13103124 -0.19279899 1.4678947 1.5946995 -0.57651466
16 -1.0049042 -0.4845546 0.0023508891 -1.5152018 -1.068959 1.115126 0.15589148 1.1276028
37 0.51959926 -0.2669639 1.5355005 0.9618416 -0.7673553 -0.4964115 -1.0318589 0.47454247
35 0.64638484 -0.14315003 1.4571483 0.9741073 -0.95414937 -0.38431025 -1.2963275 0.5405752
5 0.21088432 -0.60348314 1.0745174 -0.8652591 -1.669928 0.90011495 -0.61253846 0.48946577
36 0.07285539 0.6580188 0.38270846 0.011531102 -0.2692506 1.4932615 1.3815843 -0.54505
33 0.67025065 -0.26978034 1.4713776 1.1942585 -0.8563672 -0.07723703 -1.248936 0.30934313
47 0.69677585 0.49398836 1.0550102 0.5514795 -0.5438864 1.8086585 1.0430465 -1.2834551
