50 8
23 -0.12498143 0.103743166 0.47456074 0.17927915 0.046748713 -0.62943506 -0.4974697 -0.5180821
27 -0.31061625 0.38217148 0.66217655 0.4448371 -1.0378526 0.1959879 0.053883288 -0.617818
6 -0.060963124 -0.1586158 0.0794765 0.7477642 0.04953742 -0.7873981 -0.64765203 -0.9622763
16 -0.28972077 0.8017962 0.99099696 -0.07496601 -0.8440449 0.5575306 0.35372943 -0.96005833
19 -0.235241 -0.07668367 0.3030457 0.471094 0.4687902 -0.6081534 -1.1488607 -0.14175193
45 -0.33072722 0.505608 0.73773307 0.20829064 -0.7398107 0.35792553 -0.07817452 -1.1286529
18 -0.31197914 -0.4112975 0.050638553 0.84365815 0.1896327 -1.389436 -0.7001439 0.32709053
20 0.5479287 1.2856262 0.7080777 -0.029697882 0.123190515 0.40983748 -0.36076152 -0.17250524
1 -0.5370629 0.36407557 0.70859563 0.22722222 -1.2213789 0.27573436 0.054856073 -1.2621143
28 0.22976157 0.3618779 0.8307598 0.017810265 -0.7669048 0.033563096 -0.091213666 -1.4875584
24 0.43706775 0.6336204 -0.03266982 0.60930365 1.0770116 -0.81526 -0.6188267 0.28717813
43 -1.0361879 -0.30231938 0.6719121 0.115110084 -1.012449 -0.73669845 0.21499233 -0.9860348
26 -0.5793208 -0.46769565 0.39679414 0.4470289 -0.3135137 -0.90012544 -0.2753845 -1.1513741
40 -0.79477763 -0.24113391 0.19687183 0.44246396 -0.16292493 -1.3843259 0.09657102 0.122543015
2 0.3350262 0.26340085 0.07115787 0.66999054 1.0904183 -1.3715522 -0.2538748 0.7527072
35 0.31911469 1.1453209 0.66083944 0.18833044 1.0526029 0.09276541 -0.36250553 0.9194323
29 -0.76496506 -0.019269397 0.3505827 0.5706249 -0.710508 -0.53329974 -0.037118565 -0.33018532
4 -0.051972374 1.3228525 1.0240126 0.011874823 -0.44125438 0.7204438 0.47602364 0.2124237
31 -0.829735 -0.6604962 0.22770771 0.66833055 -0.06139074 -1.1961769 -0.2823809 -0.9171782
33 0.120512374 0.789611 0.6760615 0.17832562 1.4191684 -0.24818958 -0.3072465 0.73777664
15 0.11853311 -0.2075782 0.35219407 0.45248616 0.13598171 -0.74760234 -0.8269302 -0.9540251
34 0.24128672 1.2753294 0.51779896 0.12674843 -0.4597953 0.46600822 0.071884245 -0.5881164
49 -0.17499655 0.87646437 1.1212878 -0.020898947 -0.7539158 0.8114971 0.29960507 -1.0244004
25 0.06462216 1.1921214 0.82767826 -0.024870705 0.2376074 0.35129988 -0.41836372 0.9142502
46 -0.4381669 0.74112844 0.6589655 0.16749322 -0.17764279 0.062536925 -0.20460701 0.570648
39 -0.6834463 -0.26304728 0.2097677 0.51113784 -0.9050982 -0.97557473 -0.048123937 -0.8008297
9 -0.2565303 1.3780879 1.1584122 -0.07775068 -0.77696663 1.063746 0.54034555 -0.04541531
42 -0.82470137 -0.4471984 0.46770346 0.2481878 -0.3679353 -0.8720862 -0.34868604 -1.1953846
5 -0.005785237 0.78326505 0.6672868 0.39175597 -1.1168331 0.36257002 0.16079877 -0.34151924
37 -0.27309477 0.5511854 0.8149987 0.41758138 0.5855687 -0.37800694 0.35944048 1.3289517
7 0.35911256 -0.034240324 -0.15175588 0.6557983 0.79623777 -1.485408 -0.9462558 -0.08989736
47 -0.36302018 0.6956787 0.70019174 0.34091213 -1.1920172 0.56730086 0.31837887 -1.1385214
17 -0.67816746 -0.09575946 0.4470833 0.3173515 -0.9988137 -0.43540758 -0.20540115 -1.2133409
0 0.34082296 0.0267635 -0.114684 0.7278853 0.63339067 -1.5142318 -1.0622987 0.688495
38 0.42546234 1.7237045 0.93598616 -0.108481705 -0.51473683 1.1211451 -0.061722584 -0.18611771
30 -0.90710133 -0.6924816 0.019099789 1.1346408 -0.1247626 -1.442197 -0.17070945 0.3033323
14 0.62069 1.6383461 0.85666436 0.06010472 0.13433552 0.6946741 -0.21887024 0.9387573
8 -0.7195619 -0.20651628 0.1380482 0.65784264 -0.2755309 -1.3638065 0.15382095 0.21305275
36 -0.10829721 1.3979025 0.9351175 0.09948009 -0.45044562 0.9867895 0.4334557 -0.3588397
13 0.14791498 -0.20843308 0.09406724 0.7683734 1.0141728 -1.5365798 -0.5101682 0.52187514
10 0.6428082 0.5664255 0.36031163 0.6625836 1.2549751 -0.50023544 -0.64808947 0.7306187
11 0.17593929 1.533906 1.145979 0.018509796 -0.3792334 1.3361349 0.11938192 -0.11679675
41 -0.16008873 1.3673335 1.0819644 0.00094881054 -0.71592826 0.7247789 1.1912023 -0.11044391
3 0.9200314 0.6076419 0.38441604 0.16241157 1.5821252 -0.69081324 -1.0021416 -0.079139724
21 0.37021264 0.42584762 0.33776608 0.6666953 1.7784886 -0.9426264 -0.5490597 1.2021176
12 0.96202546 0.54646647 0.00018600098 0.60966676 1.5323073 -0.97619647 -0.9487411 0.11107585
22 -0.5738063 0.50332594 0.85225135 0.36907896 1.2809654 -0.19613475 0.11335741 1.2714484
44 -0.8046123 -0.59634155 -0.0181249 0.8712179 -0.8428886 -1.4217563 -0.36346975 -0.24064857
32 -0.96243167 -0.2160102 0.00980923 1.1371866 0.18824404 -1.2341733 0.10994097 1.1864552
48 0.32753026 0.7664891 -0.05669265 0.75219774 -1.2068236 -0.85410464 0.6926097 0.16478077
